0.353317
0.353171
0.352801
0.352692
0.350089
0.352559
0.352461
0.352550
0.352606
0.352606
0.352638
0.352623
0.345048
0.340267
0.337842
0.338263
0.334978
0.336989
0.336858
0.337165
0.335214
0.335153
0.335168
0.335164
0.335160
0.335106
0.332686
0.332920
0.331503
0.327099
0.312916
0.300499
0.271099
0.243405
0.099074
0.046917
0.045469
0.044602
0.038690
0.038627
0.046710
0.049145
0.047850
0.047290
0.046794
0.045882
0.046762
0.045910
0.034764
0.046029
0.046041
0.045550
0.045593
0.045792
0.045725
0.045878
0.044595
0.042837
0.041832
0.041002
0.039708
0.039646
0.038524
0.037365
0.037302
0.035708
0.036042
0.035405
0.035549
0.035066
0.034932
0.032433
0.032840
0.032124
0.031989
0.030989
0.031093
0.030190
0.030724
0.029211
0.028623
0.025652
0.026369
0.027562
0.027104
0.026836
0.026439
0.025614
0.024986
0.024830
0.024381
0.023250
0.023298
0.021712
0.020801
0.023022
0.024117
0.024385
0.024893
0.022002
0.023659
0.022168
0.022873
0.021503
0.019895
0.019455
0.020010
0.019776
0.020168
0.020140
0.019134
0.018376
0.018259
0.018236
0.018023
0.018184
0.018600
0.017413
0.016932
0.016558
0.016489
0.016482
0.016392
0.016499
0.015664
0.016086
0.015472
0.015058
0.014519
0.014198
0.014017
0.013858
0.013719
0.013565
0.013160
0.013419
0.013531
0.013279
0.012265
0.012158
0.011635
0.010645
0.009814
0.006181
0.002527
0.001932
0.001364
0.001124
0.001001
0.000620
0.000528
0.000177
0.000063
0.000050
0.000020
0.000017
0.000000
0.000009
0.000016
0.000031
0.000046
0.000063
0.000085
0.000108
0.000139
0.000171
0.000212
0.000263
0.000293
0.000379
0.000392
0.000456
0.000502
0.000539
0.000566
0.000590
0.000609
0.000648
0.000685
0.000718
0.000761
0.000791
0.000816
0.000829
0.000840
0.000871
0.000874
0.000930
0.000901
0.000914
0.000971
0.064838
0.067739
0.065535
0.064704
0.067880
0.066951
0.067713
0.067575
0.067270
0.067215
0.067821
0.066946
0.067516
0.067165
0.066865
0.067475
0.067944
0.066359
0.067198
0.068031
0.067305
0.068155
0.067162
0.067639
0.067032
0.066894
0.066315
0.066057
0.066138
0.064338
0.066196
0.066841
0.066752
0.067117
0.066575
0.066685
0.066914
0.067775
0.067939
0.066884
0.067048
0.063161
0.062357
0.062942
0.063072
0.062728
0.062720
0.063145
0.062436
0.065469
0.065384
0.065977
0.065349
0.066291
0.065267
0.066688
0.067221
0.063424
0.063870
0.062921
0.067033
0.067919
0.067888
0.068244
0.067532
0.065131
0.065421
0.062267
0.060991
0.064987
0.064076
0.064428
0.065206
0.067082
0.063489
0.062006
0.062996
0.058342
0.062879
0.063790
0.064288
0.063258
0.063411
0.064690
0.064972
0.064927
0.064615
0.063893
0.064399
0.064390
0.063259
0.061769
0.061355
0.062738
0.064073
0.062737
0.069633
0.070385
0.070367
0.071630
0.072151
0.073525
0.074021
0.073778
0.074569
0.073912
0.074186
0.075485
0.075311
0.073999
0.074413
0.074447
0.073759
0.073619
0.072845
0.073913
0.073544
0.073827
0.073502
0.073992
0.073833
0.074489
0.074316
0.074027
0.074166
0.074330
0.074439
0.074043
0.074659
0.074699
0.074754
0.074803
0.074893
0.054837
0.050248
0.056705
0.056874
0.057325
0.058092
0.059256
0.059665
0.058468
0.057889
0.057542
0.057619
0.059418
0.058142
0.047188
0.047329
0.062037
0.061306
0.060301
0.062691
0.060703
0.061359
0.060333
0.062268
0.062587
0.062083
0.061291
0.064127
0.062627
0.064026
0.059830
0.063396
0.062864
0.063561
0.063365
0.063453
0.062454
0.058635
0.058346
0.060975
0.056967
0.059806
0.059320
0.060692
0.061064
0.059935
0.060149
0.060569
0.072162
0.069469
0.067000
0.068192
0.064422
0.062840
0.062676
0.061030
0.063622
0.063547
0.061816
0.064482
0.063982
0.063480
0.064860
0.068208
0.066946
0.067774
0.067525
0.065821
0.065725
0.066427
0.067444
0.066493
0.068136
0.065513
0.067341
0.066629
0.067597
0.082653
0.081907
0.068455
0.069982
0.070027
0.069181
0.069535
0.070073
0.071990
0.071253
0.071798
0.073452
0.074546
0.064782
0.073222
0.072080
0.072567
0.075377
0.075517
0.075236
0.066547
0.065258
0.064218
0.065171
0.063409
0.066525
0.067730
0.072532
0.069441
0.068274
0.070387
0.075169
0.076560
0.078730
0.076256
0.077885
0.073017
0.072214
0.072240
0.073783
0.074378
0.074613
0.073792
0.074528
0.074240
0.042917
0.046595
0.058264
0.059531
0.054262
0.053014
0.049139
0.063624
0.064395
0.063580
0.067555
0.064499
0.066437
0.065621
0.065360
0.066727
0.066367
0.066209
0.068822
0.068020
0.066528
0.068386
0.069728
0.067658
0.066912
0.067762
0.064262
0.067699
0.058490
0.059115
0.059919
0.058576
0.061315
0.063180
0.058860
0.059857
0.060682
0.061780
0.061015
0.060270
0.060093
0.059609
0.059998
0.061319
0.055806
0.056521
0.058259
0.055214
0.055529
0.056117
0.056088
0.055679
0.055231
0.054713
0.053171
0.062061
0.056474
0.055632
0.055179
0.055531
0.056410
0.055973
0.056084
0.054257
0.054978
0.054485
0.051932
0.054257
0.054580
0.059199
0.060592
0.054126
0.061873
0.051978
0.054957
0.056039
0.054794
0.055768
0.053306
0.053596
0.051434
0.052286
0.050523
0.047696
0.046798
0.047415
0.049562
0.049739
0.048329
0.048562
0.057178
0.047730
0.062911
0.063060
0.064653
0.064984
0.065606
0.060080
0.059663
0.060065
0.060840
0.059896
0.063097
0.059217
0.067061
0.067276
0.067445
0.065756
0.065245
0.065501
0.058988
0.058034
0.058481
0.053035
0.052908
0.053033
0.052482
0.053551
0.051800
0.051806
0.052089
0.052477
0.052176
0.054275
0.052448
0.052952
0.053022
0.052051
0.056667
0.067790
0.067026
0.064996
0.063217
0.063905
0.064797
0.064380
0.062859
0.062792
0.062415
0.061614
0.063486
0.062727
0.050426
0.051693
0.050483
0.050321
0.049100
0.053346
0.050232
0.054162
0.052251
0.057053
0.055849
0.053411
0.053622
0.055281
0.056459
0.058414
0.056972
0.059237
0.057143
0.058221
0.058843
0.058162
0.059336
0.056699
0.056161
0.052680
0.055526
0.059457
0.056960
0.056002
0.055893
0.055382
0.054585
0.057061
0.056930
0.055241
0.056797
0.057751
0.036567
0.034480
0.033482
0.032958
0.034836
0.033656
0.035173
0.035180
0.034415
0.033886
0.033117
0.034180
0.035681
0.035674
0.034993
0.036898
0.036693
0.038410
0.037747
0.037230
0.036516
0.036005
0.036046
0.037255
0.037457
0.038030
0.038934
0.035623
0.037766
0.035268
0.034305
0.036054
0.034835
0.034913
0.035080
0.032989
0.040653
0.035772
0.038548
0.037262
0.033989
0.039670
0.039732
0.038397
0.031781
0.031542
0.032117
0.031950
0.033384
0.030934
0.035033
0.032556
0.031184
0.031344
0.031725
0.033107
0.033018
0.039226
0.033338
0.038228
0.038720
0.035368
0.044435
0.045273
0.045136
0.045102
0.045705
0.045208
0.045101
0.045174
0.045629
0.045340
0.045043
0.060100
0.061366
0.062746
0.062355
0.049368
0.050083
0.058442
0.058348
0.057391
0.061889
0.060163
0.058881
0.059583
0.058650
0.057904
0.058038
0.058208
0.060107
0.059333
0.058681
0.058686
0.059639
0.060276
0.060404
0.060321
0.061926
0.061328
0.061846
0.060527
0.059330
0.059018
0.059088
0.056485
0.055699
0.056049
0.057093
0.056629
0.046910
0.050896
0.051310
0.051980
0.051246
0.051766
0.042528
0.045835
0.041573
0.054318
0.054384
0.055085
0.055979
0.052469
0.053328
0.050038
0.048334
0.048716
0.048852
0.049520
0.049468
0.048810
0.048372
0.049655
0.052013
0.051949
0.052946
0.053429
0.050527
0.053990
0.070368
0.070702
0.071251
0.071272
0.071498
0.072529
0.071915
0.072081
0.072559
0.072183
0.071968
0.072625
0.072572
0.072448
0.075086
0.074500
0.074853
0.075543
0.075362
0.075302
0.074655
0.074934
0.074054
0.074057
0.074152
0.074411
0.076109
0.075823
0.077191
0.076166
0.075235
0.076742
0.075469
0.075169
0.075376
0.073151
0.074956
0.073551
0.067502
0.063284
0.056340
0.059940
0.059739
0.059493
0.070355
0.069467
0.068551
0.068503
0.070957
0.069162
0.068847
0.067118
0.069603
0.072394
0.079512
0.076388
0.075052
0.070923
0.070957
0.071105
0.070238
0.070611
0.072928
0.070806
0.072647
0.071269
0.071173
0.072014
0.074352
0.071809
0.073203
0.071245
0.070910
0.071138
0.071141
0.068465
0.071129
0.069748
0.071662
0.056718
0.070120
0.072920
0.059764
0.070125
0.069368
0.065720
0.070176
0.071064
0.069726
0.069356
0.071605
0.069299
0.069606
0.069728
0.068237
0.069063
0.068855
0.069255
0.069452
0.070112
0.069492
0.070596
0.070338
0.071178
0.070699
0.073117
0.055428
0.054944
0.056378
0.056511
0.056701
0.055439
0.055012
0.055872
0.054041
0.059408
0.055616
0.055912
0.057707
0.056075
0.056867
0.054851
0.055225
0.055951
0.056333
0.055849
0.056181
0.056098
0.056290
0.056114
0.054684
0.054885
0.054731
0.054594
0.056430
0.055779
0.056176
0.054985
0.056028
0.053897
0.056358
0.056194
0.055972
0.053519
0.081999
0.080768
0.076752
0.080000
0.082888
0.081355
0.071589
0.072739
0.072792
0.072782
0.071489
0.068516
0.069218
0.071062
0.066940
0.065220
0.061986
0.079010
0.084689
0.084407
0.071201
0.070406
0.067648
0.067258
0.063895
0.061570
0.061012
0.060961
0.054857
0.053393
0.058082
0.057059
0.055221
0.054284
0.059445
0.064462
0.067791
0.068863
0.059579
0.055105
0.055764
0.076328
0.080368
0.080238
0.075304
0.063446
0.064250
0.089681
0.089458
0.073725
0.074357
0.089833
0.088515
0.082420
0.077532
0.079889
0.082075
0.075143
0.063725
0.067837
0.077240
0.075742
0.065957
0.070573
0.067915
0.067588
0.066659
0.063380
0.066963
0.067546
0.066179
0.073709
0.072451
0.064942
0.069812
0.066366
0.070183
0.070618
0.068527
0.065681
0.065394
0.066173
0.065153
0.064112
0.063930
0.082315
0.082757
0.081767
0.081270
0.081518
0.079887
0.070002
0.064213
0.087418
0.086735
0.086867
0.109581
0.105182
0.089576
0.089936
0.086024
0.091893
0.077708
0.074886
0.083381
0.079596
0.069973
0.077364
0.076366
0.080182
0.084491
0.087468
0.085046
0.077467
0.081979
0.084135
0.086445
0.086453
0.085467
0.088759
0.061114
0.082312
0.082491
0.084370
0.094059
0.086463
0.087420
0.089676
0.093651
0.098831
0.098708
0.099541
0.099492
0.099201
0.099906
0.068162
0.071505
0.071260
0.074131
0.072038
0.076136
0.072807
0.075795
0.073925
0.071389
0.073689
0.067930
0.068924
0.071926
0.079782
0.068119
0.071074
0.073516
0.069715
0.069066
0.079542
0.075846
0.078484
0.076766
0.076263
0.075799
0.078600
0.079173
0.074180
0.076570
0.080172
0.084845
0.071891
0.072965
0.078136
0.071290
0.075660
0.073837
0.078459
0.076252
0.073613
0.075667
0.077580
0.079688
0.075832
0.075259
0.074618
0.073051
0.075625
0.072714
0.075328
0.073424
0.072102
0.074682
0.074769
0.073113
0.072906
0.073433
0.074789
0.074315
0.070160
0.069461
0.072711
0.068798
0.073514
0.071710
0.072100
0.073387
0.073381
0.072623
0.073333
0.070238
0.071845
0.102429
0.103688
0.092463
0.096455
0.096898
0.097693
0.100078
0.099637
0.099126
0.095504
0.100302
0.098969
0.097884
0.098262
0.098237
0.099752
0.094850
0.086768
0.095223
0.087597
0.088031
0.094532
0.092564
0.085097
0.086833
0.086721
0.088248
0.088371
0.099372
0.090464
0.100288
0.099824
0.099154
0.099660
0.086821
0.084087
0.096833
0.094480
0.098394
0.100209
0.095170
0.095439
0.095564
0.097116
0.084344
0.086224
0.084450
0.085632
0.057326
0.052175
0.082457
0.080905
0.087713
0.096929
0.096875
0.099868
0.100971
0.100226
0.098848
0.095751
0.095116
0.095966
0.098465
0.097662
0.104343
0.103591
0.108808
0.109594
0.096037
0.097007
0.097495
0.096945
0.093011
0.099929
0.093413
0.095747
0.095752
0.095128
0.094201
0.091992
0.088370
0.098472
0.090104
0.090700
0.088568
0.095486
0.089083
0.095930
0.095655
0.110747
0.105051
0.104460
0.103371
0.106524
0.103612
0.103233
0.102752
0.107214
0.111564
0.110758
0.109195
0.117569
0.109681
0.116376
0.111558
0.111098
0.112539
0.108589
0.108220
0.110982
0.110909
0.110637
0.114189
0.110496
0.122531
0.119454
0.117396
0.071382
0.068836
0.066416
0.075802
0.075311
0.074773
0.080841
0.079180
0.080568
0.068374
0.081494
0.082740
0.079649
0.063404
0.073210
0.074454
0.085468
0.075179
0.063067
0.076291
0.076598
0.063995
0.073367
0.074517
0.076631
0.076900
0.075093
0.075165
0.083567
0.080961
0.073294
0.100200
0.073615
0.068794
0.077485
0.081825
0.076333
0.078363
0.075691
0.075693
0.074860
0.074273
0.188439
0.189312
0.189897
0.188690
0.188495
0.185962
0.186216
0.187185
0.186089
0.188376
0.185530
0.188671
0.187348
0.188206
0.187920
0.186712
0.185246
0.184475
0.190345
0.189689
0.191702
0.189301
0.192052
0.191268
0.190465
0.189342
0.191274
0.189343
0.191820
0.191502
0.189425
0.191435
0.087578
0.088062
0.082223
0.087878
0.086660
0.083655
0.087028
0.088042
0.085143
0.085131
0.085430
0.085455
0.085994
0.088446
0.083820
0.082550
0.088237
0.087014
0.086710
0.085582
0.086045
0.086254
0.086402
0.085227
0.080657
0.085747
0.086868
0.088490
0.087694
0.087615
0.086780
0.088456
0.086619
0.085366
0.085111
0.087382
0.086987
0.087138
0.089064
0.082637
0.088356
0.089759
0.064787
0.064862
0.067120
0.067130
0.066501
0.066589
0.067598
0.067491
0.066940
0.065882
0.068183
0.066841
0.067200
0.067413
0.067082
0.066170
0.068088
0.070070
0.067388
0.066375
0.069207
0.066575
0.067083
0.068536
0.069486
0.067943
0.069465
0.068057
0.071265
0.068428
0.067625
0.071252
0.075367
0.072174
0.070504
0.070768
0.069919
0.069359
0.068773
0.069368
0.068911
0.069262
0.069406
0.069301
0.069616
0.069760
0.069501
0.069399
0.068967
0.069308
0.068615
0.068664
0.067555
0.065270
0.063107
0.065187
0.065616
0.065922
0.065698
0.069699
0.067388
0.068176
0.085391
0.068548
0.066306
0.068600
0.067828
0.068737
0.066477
0.067931
0.067346
0.068418
0.067724
0.067920
0.067967
0.066090
0.065977
0.068021
0.066342
0.069325
0.069352
0.068733
0.065684
0.065841
0.066873
0.067411
0.067122
0.088880
0.080784
0.079860
0.078800
0.083262
0.075229
0.069957
0.056986
0.054128
0.075015
0.076394
0.067926
0.080210
0.074242
0.065460
0.069284
0.070752
0.071246
0.067357
0.067896
0.071642
0.069126
0.068533
0.069247
0.070062
0.072637
0.072185
0.071679
0.072368
0.072083
0.072941
0.073962
0.073717
0.074477
0.076155
0.075369
0.067786
0.067994
0.058188
0.061465
0.058279
0.069864
0.076339
0.076504
0.077086
0.075750
0.074171
0.075342
0.075065
0.077811
0.074571
0.076741
0.075172
0.083610
0.083480
0.083617
0.085219
0.082536
0.077435
0.075668
0.076096
0.077165
0.086463
0.085778
0.076418
0.082217
0.078067
0.082124
0.079135
0.077952
0.077661
0.077784
0.079774
0.079381
0.082724
0.081437
0.076900
0.077150
0.077533
0.084553
0.082023
0.096958
0.087261
0.080584
0.074914
0.090424
0.084318
0.091731
0.095901
0.095458
0.091164
0.093301
0.094963
0.101554
0.100716
0.100687
0.098208
0.085571
0.083028
0.099055
0.081979
0.099500
0.098268
0.096543
0.080725
0.080410
0.085176
0.079309
0.081251
0.083272
0.093663
0.100740
0.094498
0.094695
0.098846
0.097741
0.102509
0.104705
0.085834
0.096417
0.091728
0.091562
0.088622
0.087369
0.088547
0.088579
0.084819
0.085258
0.082920
0.083038
0.089124
0.088846
0.091056
0.087284
0.087459
0.104098
0.102134
0.102916
0.073109
0.070160
0.075692
0.072323
0.069046
0.077820
0.074987
0.069172
0.072958
0.079950
0.080971
0.080543
0.077735
0.074867
0.070858
0.068641
0.068384
0.077696
0.076155
0.078902
0.081071
0.081745
0.079203
0.078947
0.078254
0.081932
0.081848
0.082750
0.083114
0.082239
0.075883
0.080510
0.080573
0.077890
0.078003
0.073305
0.078833
0.071623
0.071163
0.067081
0.073205
0.069025
0.069513
0.077274
0.077213
0.076229
0.079917
0.084205
0.075646
0.082858
0.084640
0.080109
0.084988
0.080555
0.077554
0.062459
0.067866
0.071702
0.073035
0.066781
0.085615
0.082113
0.079516
0.074078
0.078947
0.091288
0.078007
0.078761
0.073116
0.076637
0.080059
0.091732
0.089357
0.082853
0.072666
0.071006
0.075358
0.076266
0.075249
0.073013
0.076200
0.077685
0.079593
0.080621
0.084689
0.071085
0.070891
0.071883
0.068166
0.068082
0.068162
0.074811
0.079032
0.078058
0.078194
0.079071
0.078030
0.079006
0.077755
0.081312
0.081300
0.078111
0.078274
0.078580
0.079081
0.063790
0.061472
0.060070
0.059962
0.054677
0.062999
0.064378
0.067212
0.066280
0.062588
0.070587
0.077740
0.071541
0.068287
0.066711
0.069877
0.067345
0.069329
0.071955
0.072046
0.075028
0.076315
0.077923
0.073929
0.074325
0.075934
0.075346
0.076420
0.076907
0.077479
0.077944
0.076495
0.075373
0.076701
0.075890
0.076020
0.076374
0.075817
0.077424
0.076553
0.078810
0.076615
0.076099
0.075474
0.075027
0.074806
0.078784
0.075232
0.074546
0.075231
0.077577
0.073947
0.073986
0.074547
0.074442
0.074744
0.074980
0.075005
0.074549
0.075092
0.075168
0.073815
0.073865
0.075472
0.073077
0.077567
0.075030
0.064521
0.065055
0.063481
0.064434
0.064973
0.065990
0.065576
0.064829
0.065551
0.062865
0.060570
0.060264
0.063599
0.059757
0.060271
0.060824
0.058462
0.058028
0.059921
0.065323
0.064491
0.064526
0.065796
0.067172
0.066313
0.065978
0.064359
0.069953
0.070899
0.065278
0.061291
0.065151
0.065875
0.066498
0.066930
0.064899
0.066898
0.066099
0.065359
0.066334
0.065988
0.066546
0.066283
0.066597
0.070891
0.064632
0.067050
0.065382
0.064409
0.066206
0.067654
0.064721
0.064586
0.065882
0.069786
0.068759
0.066136
0.068343
0.070563
0.064732
0.067437
0.066042
0.065840
0.064750
0.061106
0.064790
0.064579
0.062642
0.061838
0.064323
0.064545
0.065226
0.068416
0.063248
0.067341
0.063983
0.059526
0.061133
0.061660
0.063150
0.067850
0.064316
0.068154
0.066950
0.066386
0.068074
0.064473
0.067399
0.069241
0.068794
0.060386
0.057798
0.058624
0.057990
0.058934
0.059858
0.060480
0.055356
0.059171
0.047292
0.069818
0.061183
0.084521
0.080815
0.084025
0.076500
0.075072
0.061000
0.064964
0.060092
0.060561
0.061067
0.061552
0.063575
0.059637
0.059741
0.060120
0.061363
0.062501
0.061085
0.060431
0.057486
0.056955
0.062311
0.057905
0.061832
0.061626
0.061080
0.061438
0.058353
0.059376
0.058058
0.059132
0.058242
0.055820
0.061057
0.055955
0.060972
0.056506
0.049230
0.055716
0.060372
0.059313
0.062396
0.058993
0.061376
0.059522
0.061921
0.061995
0.060399
0.061757
0.060275
0.060046
0.059789
0.060020
0.062800
0.060707
0.060479
0.062323
0.062158
0.061209
0.061161
0.061571
0.065326
0.061792
0.061538
0.062193
0.062463
0.062004
0.061300
0.052719
0.052828
0.060948
0.061809
0.061286
0.062342
0.061721
0.063056
0.062940
0.057320
0.056725
0.056634
0.056404
0.058000
0.057808
0.057177
0.054321
0.055042
0.054604
0.056631
0.053855
0.054659
0.055705
0.054618
0.061248
0.060650
0.061331
0.061534
0.060843
0.060924
0.060081
0.062358
0.061921
0.062711
0.062695
0.060696
0.062357
0.061820
0.062601
0.063566
0.063851
0.065274
0.065222
0.064766
0.065072
0.065241
0.065693
0.066302
0.068103
0.066916
0.067200
0.069203
0.067980
0.066840
0.065811
0.065845
0.064606
0.064394
0.064186
0.065977
0.067167
0.066465
0.066623
0.067843
0.064070
0.065268
0.067280
0.066392
0.065913
0.062777
0.065375
0.065431
0.064812
0.065042
0.063969
0.064513
0.064604
0.062305
0.061647
0.061471
0.066713
0.066092
0.068250
0.066212
0.066073
0.065478
0.066200
0.065379
0.064935
0.066838
0.067063
0.066335
0.066588
0.067897
0.066051
0.065573
0.064440
0.065283
0.060596
0.064158
0.066963
0.066490
0.055824
0.058792
0.058247
0.057351
0.057334
0.058565
0.058108
0.063330
0.064185
0.062773
0.061866
0.065473
0.064987
0.064010
0.064760
0.063871
0.055264
0.063045
0.063690
0.064753
0.063158
0.060333
0.059545
0.059998
0.060014
0.071364
0.071413
0.072524
0.072211
0.071482
0.064228
0.062897
0.060495
0.062107
0.064797
0.064316
0.064420
0.063845
0.065346
0.064360
0.065085
0.065494
0.066754
0.065747
0.065937
0.066378
0.066115
0.063095
0.065839
0.064461
0.065716
0.065155
0.061583
0.064233
0.061854
0.064173
0.062568
0.061968
0.063506
0.063538
0.063678
0.063376
0.075363
0.058996
0.059339
0.067903
0.067660
0.076535
0.076894
0.063042
0.063209
0.064797
0.063828
0.062494
0.062735
0.061298
0.061718
0.063589
0.063846
0.064826
0.064686
0.063698
0.064720
0.102507
0.102708
0.101884
0.098074
0.103143
0.098819
0.087148
0.087679
0.087806
0.081188
0.082039
0.082188
0.082228
0.080698
0.082841
0.079745
0.084068
0.080107
0.081123
0.078681
0.085273
0.081776
0.088388
0.088388
0.091827
0.092443
0.093869
0.096448
0.091922
0.092946
0.092562
0.090726
0.095121
0.096474
0.098578
0.089598
0.092083
0.093209
0.093797
0.094984
0.098705
0.096249
0.092884
0.099171
0.089135
0.092082
0.094894
0.077881
0.077336
0.077194
0.077334
0.077850
0.077137
0.078724
0.081177
0.077370
0.075730
0.077423
0.083421
0.080804
0.075135
0.076800
0.072860
0.072372
0.071867
0.074814
0.073771
0.075321
0.068834
0.069868
0.073248
0.073741
0.073288
0.066932
0.068919
0.071101
0.068465
0.070674
0.071877
0.072319
0.071528
0.072523
0.075438
0.068948
0.068774
0.068019
0.067662
0.066688
0.065315
0.087310
0.087252
0.087923
0.085177
0.091218
0.090154
0.089440
0.082189
0.086933
0.081552
0.083435
0.085045
0.090716
0.089713
0.093591
0.087224
0.085986
0.088038
0.092072
0.091124
0.092291
0.092719
0.090048
0.093268
0.092048
0.091969
0.091126
0.088915
0.090005
0.088405
0.090306
0.084041
0.084546
0.090279
0.087750
0.094686
0.084860
0.092841
0.092424
0.093906
0.083585
0.081485
0.087520
0.092781
0.086584
0.089015
0.092370
0.088709
0.088701
0.091422
0.092145
0.097244
0.094421
0.090907
0.095050
0.095318
0.086039
0.085975
0.086858
0.085949
0.091911
0.091639
0.094593
0.094269
0.084598
0.097513
0.085455
0.091180
0.103516
0.088406
0.103118
0.101715
0.091660
0.092205
0.102557
0.101726
0.089944
0.088197
0.090121
0.089837
0.090902
0.091810
0.089030
0.089010
0.088047
0.096304
0.087106
0.089289
0.089832
0.087516
0.041318
0.042152
0.045551
0.049361
0.050091
0.051271
0.051365
0.047463
0.054229
0.048069
0.056647
0.067372
0.064984
0.068149
0.071629
0.076485
0.071194
0.077616
0.072711
0.079594
0.080951
0.080208
0.079965
0.084148
0.079939
0.080331
0.080816
0.072615
0.084088
0.077171
0.070225
0.070494
0.070281
0.070121
0.080732
0.072006
0.073639
0.074093
0.073271
0.073818
0.073762
0.072898
0.071617
0.071811
0.069130
0.072121
0.070316
0.077370
0.077068
0.075357
0.077106
0.077263
0.075250
0.076629
0.071216
0.072852
0.073732
0.073296
0.074178
0.074768
0.074222
0.074105
0.073309
0.073351
0.073314
0.074234
0.074418
0.074209
0.074085
0.076177
0.076220
0.076329
0.075974
0.075704
0.076499
0.076051
0.070695
0.080586
0.081212
0.080704
0.080510
0.080626
0.080533
0.080657
0.079087
0.078485
0.079452
0.071557
0.071594
0.072505
0.072207
0.072557
0.072161
0.072532
0.071550
0.071385
0.076712
0.076835
0.075750
0.075584
0.071403
0.071337
0.075947
0.076013
0.079414
0.076519
0.080834
0.041130
0.042262
0.040432
0.040326
0.041164
0.041757
0.041350
0.041906
0.043278
0.041476
0.041323
0.041001
0.041072
0.041647
0.042315
0.041398
0.040996
0.041698
0.040640
0.048154
0.044055
0.041916
0.041976
0.043045
0.041815
0.040185
0.041562
0.048294
0.040167
0.041385
0.040852
0.042388
0.042974
0.039914
0.040939
0.040938
0.041228
0.041277
0.042112
0.042825
0.076310
0.075745
0.067769
0.068222
0.069157
0.071458
0.071471
0.064811
0.056032
0.059973
0.063269
0.055451
0.060146
0.070945
0.067556
0.065210
0.063045
0.067839
0.069416
0.069180
0.067863
0.068251
0.071655
0.070991
0.077194
0.077068
0.078191
0.076341
0.077870
0.076794
0.077892
0.075105
0.080581
0.072957
0.078120
0.074490
0.069514
0.068783
0.074451
0.065192
0.068314
0.067815
0.073135
0.065873
0.072117
0.068902
0.068230
0.069456
0.066884
0.070693
0.067779
0.068621
0.069672
0.066584
0.067703
0.067578
0.068065
0.067861
0.068832
0.068313
0.067402
0.068231
0.075565
0.071654
0.066923
0.065604
0.064349
0.067779
0.063505
0.063612
0.067567
0.064744
0.065333
0.067694
0.063876
0.067908
0.067763
0.068374
0.066436
0.065358
0.065779
0.065971
0.066210
0.063203
0.066020
0.064570
0.062976
0.065193
0.066022
0.062225
0.062263
0.064488
0.063329
0.063510
0.064990
0.066390
0.067543
0.068557
0.067375
0.071607
0.043446
0.044678
0.042512
0.041576
0.041860
0.044475
0.044270
0.045625
0.046071
0.046024
0.045149
0.042847
0.043755
0.047894
0.044001
0.044507
0.045301
0.043998
0.041484
0.043439
0.041964
0.043985
0.044399
0.044029
0.043714
0.044960
0.044812
0.044644
0.044836
0.043482
0.041636
0.043482
0.045988
0.045640
0.046711
0.045719
0.044330
0.045582
0.042958
0.045159
0.044916
0.044942
0.043436
0.043899
0.045136
0.043037
0.043825
0.044352
0.044089
0.044319
0.039743
0.044044
0.045312
0.043550
0.045679
0.045940
0.045478
0.044510
0.047608
0.044903
0.044191
0.043051
0.071131
0.071797
0.070001
0.069896
0.068163
0.071166
0.072449
0.067832
0.070111
0.075433
0.071238
0.073073
0.069295
0.076012
0.069109
0.074101
0.065476
0.068131
0.063644
0.069483
0.067434
0.067917
0.066533
0.062684
0.072572
0.065291
0.068843
0.066986
0.071646
0.078310
0.077570
0.071603
0.071114
0.070174
0.071885
0.070956
0.070292
0.069937
0.067246
0.079634
0.074893
0.077946
0.076688
0.075469
0.071969
0.075637
0.075946
0.070198
0.069527
0.070645
0.070785
0.071802
0.069652
0.070279
0.070046
0.070288
0.071236
0.071206
0.071601
0.071615
0.073749
0.072760
0.070355
0.071571
0.070278
0.070445
0.071141
0.070876
0.071475
0.071617
0.071098
0.071403
0.071350
0.071378
0.071111
0.070219
0.077443
0.077824
0.076243
0.070866
0.069453
0.069426
0.069539
0.067692
0.070900
0.072103
0.072281
0.068061
0.070716
0.054643
0.055511
0.055530
0.054282
0.055451
0.055436
0.055571
0.054627
0.053305
0.052409
0.053149
0.052653
0.051184
0.052671
0.053721
0.052968
0.054176
0.056450
0.056416
0.048373
0.062707
0.067241
0.053271
0.053493
0.050688
0.048959
0.067085
0.065641
0.063804
0.062201
0.059671
0.056140
0.059662
0.057512
0.054920
0.053498
0.051896
0.052809
0.051013
0.049708
0.048805
0.048707
0.048493
0.049021
0.048916
0.047164
0.048111
0.047292
0.046746
0.047556
0.048266
0.052237
0.051794
0.050628
0.051810
0.053075
0.053795
0.061969
0.076118
0.076017
0.055817
0.050257
0.052398
0.049576
0.050286
0.047532
0.061743
0.063695
0.064028
0.060927
0.063785
0.059517
0.057208
0.052264
0.053462
0.054145
0.052115
0.048355
0.049351
0.047796
0.047847
0.046771
0.047772
0.048497
0.048383
0.047386
0.046852
0.049455
0.038080
0.040628
0.044194
0.042970
0.040163
0.039388
0.032860
0.035857
0.036295
0.038577
0.042243
0.042030
0.042800
0.045262
0.042842
0.043198
0.040523
0.041139
0.046380
0.048011
0.048609
0.042497
0.042905
0.047124
0.048107
0.046149
0.044468
0.043868
0.042951
0.042093
0.043176
0.041598
0.043027
0.043499
0.043530
0.046325
0.044659
0.045525
0.049477
0.051161
0.044692
0.044704
0.046252
0.041760
0.042294
0.037146
0.039183
0.038912
0.039114
0.037924
0.036837
0.045264
0.047034
0.040650
0.037270
0.035916
0.041955
0.038522
0.036595
0.036982
0.037268
0.036988
0.038556
0.036227
0.042749
0.047281
0.046908
0.063361
0.063613
0.059134
0.060938
0.063836
0.064727
0.064380
0.064675
0.066705
0.067420
0.067254
0.067327
0.066358
0.066216
0.066611
0.067249
0.068107
0.067480
0.065358
0.065638
0.065838
0.066308
0.067705
0.067840
0.068876
0.068706
0.067265
0.068147
0.068075
0.067913
0.067666
0.067457
0.068028
0.061716
0.068699
0.065402
0.061622
0.066345
0.054805
0.047308
0.054751
0.045162
0.053658
0.044829
0.046049
0.053194
0.056205
0.053499
0.054776
0.055089
0.058215
0.057425
0.057107
0.046226
0.050188
0.051320
0.060162
0.057157
0.057490
0.058020
0.058446
0.058629
0.059044
0.059976
0.059615
0.051951
0.060939
0.060018
0.060192
0.050533
0.050352
0.050916
0.051256
0.048013
0.050159
0.051219
0.052008
0.054852
0.055881
0.055672
0.055198
0.051752
0.050966
0.051512
0.049859
0.047271
0.048964
0.049595
0.049567
0.049400
0.048926
0.048064
0.049500
0.047119
0.048145
0.049407
0.049026
0.078933
0.048080
0.045802
0.046514
0.046565
0.046201
0.046766
0.046677
0.047661
0.048588
0.049012
0.049531
0.050418
0.048680
0.049281
0.049663
0.049834
0.051366
0.051193
0.051041
0.049841
0.050213
0.049127
0.047815
0.046174
0.046746
0.047010
0.047338
0.047353
0.046720
0.047690
0.046620
0.046566
0.047688
0.047400
0.047427
0.050110
0.042015
0.041632
0.049549
0.049330
0.049258
0.049230
0.049385
0.043536
0.043182
0.053449
0.043567
0.054050
0.043064
0.042940
0.043567
0.043856
0.043531
0.043401
0.042171
0.040163
0.039406
0.060863
0.041474
0.042006
0.040412
0.042605
0.042152
0.042964
0.043211
0.043251
0.042879
0.045059
0.044918
0.044173
0.044752
0.044064
0.059569
0.059398
0.058984
0.059027
0.044292
0.043834
0.044484
0.041729
0.245414
0.245414
0.245414
0.245414
0.245414
0.245414
0.245414
0.245414
0.245414
0.245414
0.245414
0.245414
0.245414
0.245414
0.245414
0.245414
0.245414
0.245414
0.245414
