0.231250
0.232304
0.229944
0.231136
0.228719
0.228628
0.215628
0.211682
0.207001
0.204381
0.204799
0.196353
0.201999
0.197088
0.200699
0.207135
0.201562
0.197951
0.198158
0.186546
0.184413
0.182462
0.178622
0.178510
0.180638
0.177042
0.175396
0.171698
0.183067
0.189171
0.179684
0.188155
0.188817
0.189151
0.192631
0.193385
0.194448
0.202798
0.202051
0.203479
0.199327
0.190826
0.196406
0.197648
0.198495
0.201553
0.202816
0.199772
0.215793
0.212831
0.215964
0.209983
0.207505
0.184678
0.182008
0.178342
0.174374
0.178213
0.176904
0.183016
0.188414
0.209096
0.193930
0.194946
0.215363
0.207409
0.228832
0.223243
0.245850
0.228386
0.265051
0.263506
0.274885
0.286725
0.306915
0.306555
0.322559
0.326156
0.334094
0.323506
0.345754
0.348915
0.342764
0.333637
0.336407
0.333507
0.348443
0.339367
0.345017
0.336619
0.355873
0.340049
0.359790
0.352536
0.360139
0.360298
0.360149
0.358673
0.361014
0.357792
0.356906
0.353258
0.367453
0.366697
0.369625
0.370982
0.370119
0.372150
0.372071
0.373674
0.370594
0.374394
0.360101
0.377567
0.365128
0.366541
0.367611
0.360893
0.362924
0.368921
0.377533
0.365997
0.365781
0.365367
0.365084
0.373741
0.375468
0.373805
0.371339
0.376668
0.353574
0.336342
0.347279
0.326211
0.332321
0.301406
0.300427
0.298961
0.285098
0.278802
0.264377
0.274931
0.235666
0.215430
0.212845
0.214394
0.220049
0.170240
0.174485
0.154891
0.166530
0.175134
0.173229
0.166980
0.168905
0.168330
0.163045
0.170575
0.169366
0.165258
0.166043
0.181253
0.181520
0.163926
0.161664
0.160656
0.170302
0.184775
0.185165
0.184338
0.183580
0.185623
0.184862
0.185522
0.184701
0.185184
0.186405
0.180798
0.180791
0.180863
0.167363
0.166861
0.165597
0.163371
0.171646
0.178450
0.181269
0.178424
0.179085
0.180058
0.174146
0.165422
0.167352
0.167973
0.168041
0.165840
0.171198
0.169195
0.163119
0.163572
0.164197
0.166743
0.170841
0.170126
0.166198
0.192084
0.185639
0.176116
0.177943
0.202169
0.216343
0.214202
0.215285
0.213867
0.214128
0.215318
0.214283
0.213125
0.213215
0.213205
0.213337
0.216823
0.216203
0.211707
0.211757
0.210772
0.210777
0.209146
0.211464
0.209442
0.209907
0.212763
0.208367
0.209752
0.209344
0.210614
0.210690
0.207929
0.209176
0.207506
0.206982
0.210098
0.208968
0.209181
0.209240
0.209867
0.209992
0.209646
0.209069
0.208239
0.209763
0.209235
0.203024
0.199430
0.206589
0.196842
0.194812
0.194797
0.207353
0.195463
0.187698
0.189116
0.188830
0.185766
0.187839
0.186219
0.185178
0.188374
0.190825
0.190382
0.201681
0.201914
0.202704
0.203301
0.200796
0.206196
0.205298
0.202656
0.202947
0.206756
0.204842
0.205352
0.203842
0.202412
0.201670
0.193371
0.202645
0.207386
0.201911
0.209630
0.208356
0.208796
0.209012
0.209020
0.208214
0.208454
0.209356
0.210285
0.210229
0.209200
0.207920
0.207982
0.193643
0.197691
0.198154
0.195091
0.196043
0.195141
0.196174
0.195778
0.196193
0.205623
0.198057
0.198665
0.190914
0.200781
0.198607
0.203235
0.198101
0.198177
0.197496
0.206108
0.207415
0.206779
0.207384
0.207124
0.206712
0.207016
0.205980
0.205345
0.207660
0.206347
0.207424
0.207765
0.207944
0.207291
0.208204
0.207789
0.206214
0.207233
0.207709
0.207375
0.207402
0.207372
0.206564
0.206024
0.207381
0.207109
0.206834
0.207031
0.208145
0.206823
0.208739
0.206912
0.196409
0.206894
0.207915
0.206967
0.206947
0.207049
0.197097
0.196040
0.193720
0.205504
0.193724
0.207547
0.207635
0.207020
0.203861
0.205028
0.186965
0.203344
0.197834
0.197107
0.174845
0.167670
0.165553
0.166426
0.166031
0.164408
0.158890
0.174632
0.159049
0.160324
0.159180
0.174988
0.173797
0.159196
0.159564
0.170476
0.158603
0.162523
0.162985
0.162000
0.163579
0.159511
0.163597
0.159892
0.163229
0.161774
0.162791
0.158019
0.168267
0.165045
0.177503
0.163268
0.159832
0.158818
0.156428
0.156863
0.156941
0.156319
0.156421
0.157665
0.157318
0.156636
0.157146
0.157045
0.166281
0.157107
0.156365
0.155550
0.155697
0.156599
0.156958
0.156590
0.166695
0.157065
0.166760
0.156810
0.169326
0.167913
0.157356
0.167782
0.167630
0.176254
0.177283
0.176174
0.178061
0.176363
0.177265
0.176844
0.177778
0.176946
0.177283
0.177454
0.176507
0.174857
0.158408
0.176305
0.176571
0.158618
0.158450
0.157852
0.158479
0.174386
0.174182
0.174753
0.175246
0.175163
0.174580
0.174069
0.174083
0.174416
0.176296
0.176505
0.175360
0.177126
0.159075
0.158519
0.158367
0.168192
0.177383
0.176563
0.176296
0.158967
0.176400
0.176250
0.176985
0.175979
0.156099
0.157061
0.157791
0.157595
0.157674
0.157516
0.157040
0.157682
0.157138
0.157105
0.158101
0.157192
0.157515
0.158089
0.174419
0.172834
0.158295
0.174410
0.173573
0.174093
0.175088
0.174005
0.172482
0.172547
0.156852
0.175721
0.157413
0.157818
0.158410
0.157945
0.158303
0.157061
0.174429
0.156953
0.176554
0.175535
0.175697
0.176555
0.176785
0.158442
0.157666
0.158885
0.157597
0.157857
0.156813
0.158100
0.159064
0.158493
0.158853
0.175734
0.173719
0.175794
0.174556
0.158403
0.158098
0.173538
0.171273
0.157159
0.173967
0.163383
0.168626
0.168197
0.174770
0.169034
0.169100
0.169836
0.158211
0.166988
0.167685
0.175081
0.174569
0.174418
0.161973
0.175721
0.155469
0.155864
0.155437
0.155389
0.149498
0.149545
0.149266
0.140117
0.133427
0.124732
0.116535
0.110749
0.104836
0.134541
0.128381
0.092266
0.120793
0.117408
0.114408
0.114419
0.111736
0.110947
0.117539
0.114774
0.116142
0.118605
0.118211
0.116518
0.116598
0.120755
0.114242
0.109862
0.110939
0.112043
0.113395
0.119248
0.119296
0.117974
0.114232
0.116145
0.122226
0.122945
0.118637
0.120372
0.115704
0.120798
0.111792
0.112857
0.113789
0.112901
0.114225
0.115870
0.117986
0.119544
0.119343
0.119569
0.122555
0.116729
0.118149
0.118491
0.116983
0.117889
0.118268
0.117315
0.116160
0.118323
0.118780
0.116320
0.115512
0.116330
0.112857
0.115441
0.115082
0.114958
0.115115
0.115310
0.117878
0.112678
0.113352
0.114353
0.123895
0.121714
0.114989
0.113776
0.117748
0.111835
0.124130
0.111677
0.110782
0.126531
0.116233
0.116306
0.112166
0.112706
0.113027
0.113991
0.115145
0.115750
0.115874
0.115058
0.115628
0.115140
0.116776
0.115773
0.117557
0.116850
0.120650
0.114026
0.114053
0.114723
0.114043
0.114220
0.114691
0.114412
0.103659
0.114880
0.117322
0.113693
0.110320
0.110134
0.110024
0.110020
0.109985
0.111458
0.122263
0.111272
0.111201
0.114461
0.113258
0.114052
0.116406
0.115610
0.120916
0.119967
0.124027
0.019121
0.019178
0.019314
0.019359
0.018934
0.018933
0.018647
0.018468
0.018483
0.018339
0.018165
0.017906
0.017526
0.016960
0.016982
0.017113
0.016574
0.016675
0.016711
0.016459
0.016507
0.016132
0.015966
0.016185
0.015692
0.015909
0.015729
0.015002
0.014986
0.014939
0.015076
0.015121
0.015080
0.015170
0.014784
0.014807
0.014571
0.014424
0.014286
0.014323
0.014239
0.014131
0.014351
0.014331
0.014496
0.014353
0.014208
0.013872
0.013613
0.013911
0.013609
0.013819
0.013980
0.013830
0.014239
0.014126
0.014123
0.014147
0.014084
0.014061
0.014031
0.013881
0.013965
0.014093
0.014092
0.014170
0.014318
0.014166
0.014202
0.014272
0.014227
0.014270
0.014142
0.014170
0.014160
0.014168
0.013983
0.014009
0.014080
0.014072
0.013929
0.014253
0.014234
0.013890
0.013861
0.013734
0.013709
0.013640
0.013560
0.013234
0.013261
0.013490
0.013525
0.013747
0.014042
0.014124
0.014501
0.014927
0.015174
0.015622
0.015803
0.016162
0.016544
0.016605
0.016456
0.016080
0.015884
0.015698
0.015517
0.015419
0.015344
0.015103
0.015348
0.015379
0.015577
0.015849
0.016352
0.016198
0.016363
0.016466
0.016644
0.016964
0.016675
0.016055
0.015553
0.015383
0.015196
0.014899
0.014418
0.014079
0.013915
0.013844
0.013711
0.013649
0.013543
0.013458
0.013386
0.013384
0.013368
0.013337
0.013313
0.013025
0.013077
0.013079
0.013104
0.013171
0.013234
0.013362
0.013458
0.013523
0.013600
0.013917
0.013846
0.014081
0.014057
0.013839
0.014146
0.013958
0.013976
0.013944
0.013933
0.013898
0.013765
0.013826
0.013995
0.014888
0.016779
0.019374
0.022602
0.026860
0.032577
0.038489
0.045709
0.052840
0.062230
0.071962
0.082706
0.092385
0.104301
0.115950
0.113843
0.117353
0.120921
0.131199
0.139183
0.136877
0.142153
0.135191
0.133493
0.135601
0.140425
0.136503
0.139487
0.140484
0.136875
0.148332
0.141880
0.140941
0.151207
0.148710
0.149577
0.160580
0.149634
0.160654
0.162434
0.165457
0.164901
0.166294
0.164418
0.163599
0.161269
0.163106
0.165588
0.163693
0.162042
0.157841
0.157745
0.162168
0.159766
0.160540
0.161548
0.159816
0.138383
0.136629
0.140872
0.147803
0.148302
0.154662
0.150053
0.152165
0.148925
0.151909
0.151728
0.147813
0.149738
0.147392
0.173774
0.172834
0.170368
0.173072
0.171931
0.172954
0.172918
0.180036
0.179326
0.180381
0.178628
0.174208
0.173718
0.185185
0.187756
0.186000
0.185176
0.187260
0.167461
0.173462
0.167190
0.179887
0.173073
0.171323
0.172914
0.178448
0.162744
0.162512
0.161393
0.162353
0.151867
0.152828
0.147317
0.145968
0.146375
0.147054
0.149768
0.143426
0.160080
0.174630
0.172836
0.173510
0.167989
0.163658
0.170094
0.186966
0.169122
0.182212
0.175747
0.185203
0.183003
0.180219
0.177877
0.182459
0.187434
0.185693
0.173904
0.185017
0.111620
0.131158
0.120859
0.114310
0.194948
0.197600
0.127157
0.127605
0.127242
0.129719
0.125826
0.125980
0.128061
0.185612
0.128717
0.136721
0.145950
0.150428
0.149781
0.150654
0.138160
0.136697
0.136774
0.136481
0.144407
0.145749
0.145041
0.147413
0.148405
0.136919
0.141708
0.141841
0.145347
0.159483
0.158146
0.152471
0.144286
0.143835
0.142548
0.143035
0.145990
0.111149
0.110983
0.112004
0.112334
0.112852
0.111629
0.112497
0.111417
0.110824
0.106141
0.107087
0.106009
0.106428
0.106061
0.106164
0.105868
0.105852
0.106625
0.111745
0.112585
0.111134
0.110054
0.111134
0.109880
0.110077
0.109904
0.109138
0.104995
0.109866
0.108030
0.107065
0.106497
0.105565
0.109588
0.108448
0.108633
0.108768
0.108038
0.109830
0.109096
0.109452
0.109495
0.108258
0.109206
0.103098
0.109911
0.109610
0.110789
0.108963
0.110836
0.109683
0.110581
0.110036
0.109656
0.110174
0.109885
0.109794
0.110264
0.109861
0.113386
0.111809
0.111885
0.111581
0.113223
0.111897
0.110897
0.112649
0.112097
0.109891
0.110851
0.111643
0.111692
0.110296
0.110044
0.109409
0.110214
0.108727
0.109268
0.109096
0.109627
0.111864
0.110482
0.109762
0.111356
0.113349
0.111848
0.111465
0.111786
0.111220
0.111169
0.110760
0.112288
0.112170
0.111818
0.111449
0.112413
0.112352
0.114690
0.113620
0.113692
0.112038
0.110754
0.112436
0.111295
0.111618
0.114594
0.114519
0.112025
0.113703
0.114484
0.112182
0.113510
0.112585
0.113075
0.112561
0.111530
0.110147
0.111903
0.110451
0.112574
0.111373
0.110022
0.110424
0.108555
0.109669
0.108424
0.108836
0.108376
0.110771
0.112927
0.116638
0.108184
0.109660
0.116241
0.116918
0.118761
0.118057
0.117588
0.117728
0.117199
0.118608
0.117720
0.118171
0.118216
0.122487
0.121004
0.123566
0.120338
0.120460
0.121047
0.120404
0.119202
0.115582
0.120539
0.121451
0.120635
0.120813
0.120857
0.120953
0.120307
0.121907
0.121394
0.122906
0.120857
0.122868
0.121804
0.120756
0.121046
0.117621
0.128817
0.132324
0.120160
0.117269
0.117513
0.121661
0.120282
0.121067
0.121039
0.122319
0.122432
0.122309
0.122271
0.121889
0.122787
0.122063
0.121628
0.121785
0.122842
0.106724
0.106422
0.107418
0.105448
0.106201
0.107690
0.105207
0.105008
0.110816
0.110963
0.110669
0.110361
0.107882
0.116581
0.118445
0.106456
0.108124
0.110388
0.111228
0.111617
0.110863
0.111401
0.118820
0.119601
0.115469
0.109116
0.116316
0.119000
0.121523
0.120751
0.116507
0.110921
0.118628
0.119877
0.118134
0.113728
0.107638
0.108703
0.110026
0.109704
0.118273
0.115517
0.117433
0.119305
0.120869
0.119685
0.118730
0.118863
0.120707
0.119253
0.121949
0.122613
0.122829
0.120636
0.121143
0.124347
0.121330
0.120388
0.122806
0.121870
0.122077
0.122403
0.122784
0.121830
0.122462
0.123223
0.123808
0.123142
0.123372
0.123391
0.123267
0.123359
0.125500
0.122558
0.125707
0.125911
0.126856
0.124269
0.125137
0.125329
0.127928
0.126819
0.126952
0.124792
0.127186
0.125214
0.124515
0.126299
0.122024
0.126596
0.127087
0.125766
0.125383
0.126259
0.125951
0.127275
0.126664
0.127450
0.127558
0.127816
0.127667
0.127265
0.125980
0.127444
0.127458
0.127753
0.124342
0.122701
0.124502
0.123525
0.123270
0.123868
0.123947
0.121436
0.124633
0.126697
0.126942
0.126898
0.125329
0.126461
0.122156
0.121788
0.122634
0.127080
0.126006
0.118449
0.111554
0.118457
0.120934
0.119988
0.122459
0.122059
0.122824
0.118895
0.113367
0.116812
0.119457
0.127167
0.119930
0.122196
0.120282
0.120642
0.119750
0.116816
0.119283
0.120921
0.113982
0.119930
0.114652
0.113570
0.116159
0.112897
0.113131
0.113722
0.116651
0.116672
0.114261
0.113210
0.114007
0.115071
0.116169
0.115501
0.126504
0.123668
0.119739
0.119398
0.121323
0.120964
0.124862
0.124491
0.125593
0.114515
0.122843
0.115674
0.115400
0.114981
0.116970
0.115737
0.116929
0.116469
0.116433
0.115663
0.117983
0.122955
0.118827
0.118952
0.117872
0.118851
0.119244
0.119394
0.121273
0.118568
0.121130
0.124324
0.121202
0.121861
0.121274
0.122903
0.120708
0.124390
0.127100
0.120999
0.122604
0.118974
0.123713
0.118414
0.120945
0.126776
0.128380
0.125643
0.120145
0.127502
0.133541
0.144756
0.140079
0.146661
0.142809
0.143289
0.137639
0.139051
0.128241
0.127270
0.123065
0.125682
0.125267
0.126907
0.131602
0.124773
0.130143
0.128943
0.129428
0.130734
0.128827
0.126450
0.125708
0.123781
0.124813
0.121910
0.124044
0.125581
0.122670
0.120392
0.120522
0.121361
0.119600
0.119619
0.123985
0.121913
0.119960
0.125489
0.126950
0.125336
0.120343
0.121466
0.120563
0.120141
0.122351
0.122680
0.119408
0.123972
0.123772
0.123257
0.128784
0.127934
0.126498
0.123473
0.128772
0.125945
0.125463
0.125950
0.120389
0.123827
0.123667
0.123621
0.126594
0.121563
0.121343
0.124252
0.125245
0.124079
0.134826
0.133643
0.137215
0.137153
0.146312
0.140460
0.140170
0.138690
0.142340
0.133489
0.136217
0.139640
0.141362
0.135908
0.140125
0.154269
0.152353
0.163191
0.153041
0.155222
0.152517
0.156678
0.143198
0.151249
0.151915
0.157331
0.142399
0.144967
0.155915
0.144370
0.147191
0.144637
0.145246
0.144620
0.143192
0.144645
0.144557
0.146560
0.139652
0.136703
0.132344
0.131145
0.134321
0.135250
0.135729
0.147770
0.145841
0.149072
0.146793
0.147046
0.148336
0.148086
0.148122
0.148551
0.148691
0.150006
0.149178
0.148624
0.149305
0.148692
0.148051
0.147738
0.139910
0.134325
0.130704
0.119918
0.115288
0.109644
0.104385
0.101366
0.093097
0.089633
0.085572
0.082378
0.081724
0.079766
0.077752
0.076915
0.076410
0.080734
0.082046
0.087738
0.087866
0.088102
0.088801
0.088545
0.089150
0.088798
0.089266
0.089680
0.089470
0.088852
0.089163
0.089572
0.090888
0.090215
0.091215
0.091591
0.091267
0.091698
0.093181
0.092993
0.093874
0.093132
0.093115
0.094271
0.091755
0.093274
0.093255
0.093657
0.093248
0.093672
0.094684
0.093306
0.093197
0.094457
0.093192
0.093837
0.091055
0.093826
0.091732
0.093955
0.094163
0.092540
0.092359
0.092188
0.091872
0.095395
0.094726
0.094791
0.094881
0.093934
0.094506
0.095096
0.094131
0.094007
0.094822
0.093757
0.094635
0.094538
0.095685
0.093987
0.093728
0.095503
0.094756
0.094911
0.094826
0.094527
0.094641
0.094612
0.094947
0.095120
0.091945
0.090494
0.090265
0.089198
0.089615
0.095313
0.095236
0.095584
0.094717
0.095258
0.095157
0.095311
0.095530
0.095422
0.095479
0.095321
0.095181
0.095655
0.096243
0.096332
0.096405
0.095057
0.095561
0.094705
0.095487
0.096201
0.096662
0.096434
0.096249
0.096649
0.096359
0.096087
0.096236
0.096181
0.096094
0.095806
0.096440
0.095952
0.096037
0.095080
0.096409
0.096317
0.096789
0.136754
0.138016
0.137961
0.137896
0.138531
0.138395
0.138237
0.140559
0.141928
0.140674
0.141945
0.141586
0.140758
0.140618
0.140711
0.140763
0.141554
0.141172
0.141739
0.141207
0.140709
0.142761
0.139737
0.139967
0.141086
0.138833
0.139713
0.138029
0.138208
0.137374
0.137392
0.142841
0.125297
0.125929
0.123163
0.138443
0.139384
0.137291
0.140304
0.141461
0.140484
0.142510
0.106078
0.116650
0.111808
0.113026
0.114512
0.114601
0.114102
0.113687
0.110964
0.111613
0.116371
0.111996
0.146632
0.133147
0.133325
0.133793
0.134573
0.133848
0.135492
0.135856
0.135997
0.135515
0.135004
0.120870
0.121733
0.122008
0.157985
0.156107
0.158002
0.158645
0.158657
0.161853
0.162789
0.167759
0.164915
0.166481
0.171214
0.172180
0.173905
0.171034
0.171812
0.176645
0.171776
0.171361
0.172071
0.171387
0.172923
0.173621
0.166504
0.167236
0.179261
0.182956
0.183466
0.182267
0.177996
0.178514
0.178976
0.181525
0.180911
0.179939
0.182642
0.182293
0.183072
0.181905
0.181457
0.179529
0.180497
0.180363
0.181824
0.179973
0.181749
0.177577
0.178400
0.177354
0.179056
0.178096
0.177081
0.177880
0.177363
0.178059
0.178439
0.177042
0.178222
0.178035
0.177354
0.176749
0.177263
0.176885
0.176836
0.177084
0.176841
0.177092
0.177324
0.177329
0.177139
0.177855
0.178937
0.177442
0.177654
0.178157
0.178874
0.178746
0.178682
0.257391
0.258078
0.259036
0.258961
0.259140
0.256519
0.260553
0.260184
0.258854
0.259247
0.258339
0.259321
0.259537
0.259728
0.262026
0.262489
0.259152
0.260080
0.258391
0.245744
0.245330
0.244297
0.242885
0.266127
0.257713
0.256807
0.259699
0.263277
0.263677
0.263481
0.267796
0.267406
0.265070
0.264278
0.261075
0.264060
0.248848
0.263686
0.247677
0.247070
0.244504
0.248087
0.248999
0.249909
0.250295
0.249538
0.247380
0.248079
0.248343
0.244320
0.250680
0.248490
0.249881
0.246982
0.249202
0.249480
0.249580
0.248622
0.249290
0.250736
0.253498
0.243479
0.252200
0.247035
0.249995
0.251488
0.248230
0.253451
0.258840
0.272157
0.275255
0.271531
0.264711
0.264831
0.264441
0.266658
0.267857
0.264428
0.266795
0.270370
0.267465
0.269225
0.273630
0.270717
0.272496
0.271507
0.271586
0.272709
0.266749
0.271548
0.269396
0.272077
0.274761
0.272407
0.272442
0.273432
0.271582
0.270316
0.271593
0.269612
0.271961
0.265796
0.268502
0.267098
0.271237
0.272245
0.264017
0.264658
0.276189
0.276930
0.275500
0.267194
0.268813
0.269117
0.269119
0.270086
0.265823
0.264749
0.265818
0.266379
0.266190
0.263074
0.264276
0.267448
0.266957
0.271027
0.278631
0.265486
0.271461
0.278595
0.268531
0.271741
0.270223
0.270561
0.271768
0.270542
0.275614
0.272103
0.284601
0.281633
0.276538
0.280584
0.283544
0.272649
0.283948
0.271653
0.280414
0.281911
0.280517
0.283068
0.275183
0.274169
0.271573
0.271897
0.270249
0.271697
0.272346
0.274221
0.270265
0.267744
0.266810
0.267605
0.270793
0.266429
0.265762
0.263247
0.263212
0.264192
0.268939
0.264418
0.259724
0.257446
0.256283
0.256985
0.251081
0.248119
0.252170
0.251965
0.252142
0.250156
0.252266
0.252434
0.252690
0.254271
0.251854
0.248739
0.250158
0.249381
0.249723
0.247936
0.248807
0.246201
0.243366
0.253034
0.242530
0.244728
0.243979
0.245090
0.242211
0.244058
0.235910
0.229459
0.217245
0.215739
0.211488
0.208170
0.205416
0.203682
0.206229
0.195603
0.198330
0.198434
0.197263
0.199559
0.213684
0.212482
0.212969
0.221880
0.226145
0.232506
0.234829
0.228786
0.226106
0.225937
0.227880
0.228444
0.229543
0.232400
0.232071
0.228954
0.232642
0.231355
0.234112
0.231226
0.224609
0.239486
0.238551
0.230747
0.226002
0.229710
0.227942
0.223104
0.225754
0.232425
0.223401
0.223570
0.221481
0.224255
0.230487
0.225546
0.221019
0.227734
0.220556
0.221252
0.218728
0.227789
0.224564
0.232591
0.219993
0.229549
0.228418
0.232325
0.230387
0.227734
0.217640
0.224197
0.231650
0.233017
0.213980
0.225093
0.225365
0.224718
0.224060
0.216076
0.218380
0.215503
0.209645
0.226056
0.226342
0.217134
0.212355
0.216580
0.226247
0.227686
0.222910
0.226529
0.224266
0.216301
0.211006
0.208026
0.213786
0.211870
0.209457
0.211405
0.212601
0.210477
0.209439
0.211519
0.211695
0.215537
0.217582
0.215932
0.196530
0.214180
0.227335
0.199508
0.207085
0.212280
0.218124
0.226878
0.226121
0.210403
0.208186
0.190506
0.183261
0.176975
0.172623
0.169212
0.199203
0.191552
0.174440
0.175586
0.175616
0.179529
0.180946
0.184824
0.190763
0.196291
0.208474
0.216465
0.226614
0.224238
0.220493
0.222831
0.222254
0.211931
0.219697
0.216845
0.220207
0.221054
0.219535
0.220916
0.220577
0.225026
0.227192
0.260999
0.264058
0.253095
0.251828
0.254846
0.254427
0.256098
0.258291
0.257286
0.259014
0.257771
0.261704
0.259841
0.256646
0.257979
0.260545
0.259280
0.264479
0.264844
0.255475
0.255899
0.265442
0.260675
0.254843
0.255720
0.255013
0.257970
0.270266
0.270549
0.273461
0.271866
0.273476
0.273969
0.279703
0.268852
0.265370
0.270951
0.263150
0.266910
0.263630
0.262582
0.264820
0.264914
0.263322
0.261906
0.267956
0.267845
0.271638
0.271601
0.272060
0.268111
0.270451
0.270803
0.276628
0.275015
0.275066
0.278158
0.267201
0.273595
0.273119
0.276862
0.274219
0.271810
0.276048
0.273225
0.270986
0.275873
0.275216
0.273255
0.268607
0.267602
0.272038
0.272906
0.275018
0.271763
0.268716
0.271020
0.266009
0.264905
0.262363
0.260790
0.257538
0.260556
0.266734
0.256043
0.252439
0.258848
0.260946
0.261907
0.259658
0.259427
0.258472
0.258335
0.260570
0.257552
0.255968
0.260485
0.255710
0.260370
0.256883
0.256713
0.255994
0.255634
0.257294
0.256691
0.257200
0.256552
0.257089
0.256040
0.269563
0.257694
0.271073
0.269318
0.271424
0.182555
0.149749
0.149707
0.149556
0.149670
0.181964
0.183760
0.185920
0.182852
0.184353
0.184131
0.183405
0.180290
0.179998
0.179964
0.182103
0.181210
0.180942
0.166598
0.168140
0.161205
0.168239
0.169284
0.171874
0.171497
0.164450
0.173857
0.173324
0.161689
0.179013
0.179295
0.181121
0.182047
0.176707
0.142522
0.139505
0.141073
0.165365
0.169899
0.152154
0.128762
0.176052
0.177486
0.175871
0.175069
0.169977
0.169652
0.181960
0.180580
0.178615
0.178906
0.176020
0.177277
0.176688
0.146579
0.145451
0.177872
0.178765
0.181727
0.182188
0.179420
0.184217
0.184510
0.181644
0.183330
0.182217
0.185400
0.184672
0.184735
0.185137
0.184168
0.183997
0.181517
0.183808
0.179594
0.180805
0.178532
0.177294
0.155075
0.181351
0.180796
0.150536
0.181717
0.155833
0.185926
0.185683
0.185184
0.174865
0.174357
0.181280
0.180480
0.175038
0.147631
0.148328
0.164793
0.165257
0.162724
0.166428
0.165445
0.176018
0.165376
0.168554
0.165814
0.180553
0.179471
0.180572
0.178631
0.185027
0.184338
0.181552
0.183143
0.179742
0.180225
0.178782
0.176339
0.179526
0.180331
0.181276
0.181723
0.183401
0.185665
0.184674
0.152380
0.152358
0.152911
0.153806
0.154118
0.154099
0.154163
0.152327
0.152167
0.155260
0.153977
0.152189
0.156253
0.159136
0.149396
0.149639
0.156215
0.155241
0.150427
0.152190
0.152536
0.150418
0.152395
0.150380
0.151042
0.155939
0.155956
0.148710
0.148905
0.149320
0.148131
0.145439
0.145547
0.144102
0.142455
0.142871
0.143820
0.146205
0.144456
0.144847
0.143902
0.151622
0.151544
0.151288
0.149035
0.146638
0.146932
0.145197
0.139304
0.161804
0.164331
0.160382
0.160712
0.136933
0.140485
0.132236
0.131316
0.130380
0.131077
0.129142
0.128382
0.129020
0.128392
0.128670
0.127404
0.126881
0.138389
0.152745
0.151985
0.125767
0.150558
0.135708
0.135577
0.136086
0.135861
0.135857
0.135175
0.137382
0.135370
0.133272
0.133561
0.132916
0.134919
0.126532
0.127475
0.124083
0.126043
0.128138
0.127951
0.127755
0.132220
0.127678
0.127387
0.126040
0.127295
0.125376
0.126892
0.126129
0.126267
0.124822
0.126441
0.124993
0.125774
0.124417
0.123048
0.124440
0.122874
0.123377
0.142783
0.141507
0.143343
0.144651
0.145067
0.141011
0.140772
0.128339
0.140909
0.139391
0.134329
0.139963
0.141166
0.140000
0.139017
0.137470
0.139327
0.138959
0.138709
0.138405
0.138410
0.140468
0.136852
0.135343
0.133104
0.132902
0.134664
0.132718
0.134538
0.135739
0.134847
0.137720
0.136731
0.135094
0.134773
0.136626
0.137750
0.145452
0.136774
0.142550
0.133685
0.123744
0.116894
0.110879
0.109297
0.109044
0.108630
0.110421
0.113734
0.118334
0.123509
0.126795
0.135513
0.146522
0.156328
0.170548
0.184325
0.192961
0.193909
0.195633
0.191619
0.184286
0.185109
0.188015
0.192207
0.187359
0.187169
0.188514
0.192240
0.191382
0.190654
0.190563
0.193216
0.191889
0.191686
0.192477
0.190738
0.193277
0.195714
0.189062
0.187967
0.190345
0.191104
0.186586
0.186158
0.188899
0.189903
0.180265
0.178981
0.177938
0.180415
0.180631
0.180282
0.180105
0.183825
0.183926
0.185091
0.185426
0.185387
0.187295
0.187213
0.187209
0.187849
0.182234
0.182226
0.181806
0.181408
0.181849
0.181254
0.181928
0.182520
0.182060
0.180104
0.179562
0.177674
0.180041
0.179870
0.181647
0.181730
0.179813
0.181212
0.181083
0.181647
0.183313
0.183687
0.183490
0.180835
0.181750
0.181886
0.186172
0.181746
0.183852
0.182518
0.185940
0.182067
0.182301
0.184513
0.182058
0.184636
0.183765
0.184326
0.182490
0.182903
0.181504
0.182192
0.182452
0.181857
0.186511
0.184231
0.183520
0.183253
0.184814
0.182481
0.183455
0.185129
0.185149
0.186222
0.187431
0.187174
0.183040
0.187214
0.186457
0.186979
0.189707
0.187125
0.191284
0.192955
0.193001
0.196013
0.195987
0.194882
0.192778
0.195398
0.193594
0.193993
0.196641
0.193090
0.191547
0.190807
0.191151
0.191738
0.191091
0.189866
0.189628
0.191173
0.192670
0.192110
0.192105
0.191423
0.193126
0.193751
0.193423
0.192294
0.193919
0.192302
0.193694
0.194942
0.194974
0.198826
0.195304
0.195105
0.195514
0.196479
0.197297
0.195892
0.197617
0.197372
0.198705
0.199210
0.197142
0.194037
0.192338
0.191256
0.192881
0.191251
0.191264
0.190450
0.193932
0.194053
0.196057
0.192797
0.192966
0.197649
0.195409
0.196504
0.197909
0.196998
0.196245
0.194426
0.195287
0.194877
0.195528
0.193439
0.197101
0.195665
0.194063
0.193935
0.195610
0.195045
0.195869
0.194717
0.195223
0.199184
0.196244
0.193732
0.195376
0.201892
0.197874
0.196892
0.199232
0.198095
0.194851
0.196253
0.196097
0.195767
0.196279
0.204541
0.205574
0.205005
0.203430
0.201776
0.201512
0.200222
0.202954
0.199842
0.200667
0.203658
0.198657
0.202492
0.202580
0.200141
0.200013
0.201585
0.200716
0.201433
0.198048
0.198025
0.198769
0.200005
0.194082
0.195232
0.201984
0.205421
0.195101
0.204975
0.191912
0.191019
0.192654
0.195297
0.192706
0.200384
0.198878
0.197343
0.192515
0.192620
0.182130
0.168865
0.155460
0.143344
0.123837
0.108986
0.094595
0.082718
0.068866
0.058551
0.047692
0.039578
0.031472
0.025505
0.018638
0.013935
0.009347
0.006835
0.004897
0.004040
0.003277
0.002791
0.002401
0.002000
0.001671
0.001179
0.000396
0.000000
0.000274
0.000782
0.002713
0.004525
0.005188
0.005254
0.005400
0.005578
0.005516
0.005552
0.005495
0.005617
0.005703
0.005877
0.006311
0.006457
0.006438
0.006299
0.006470
0.006888
0.007096
0.007628
0.007890
0.007794
0.007701
0.007642
0.007801
0.007820
0.007840
0.007715
0.007884
0.007821
0.008000
0.008017
0.008120
0.008329
0.008234
0.008513
0.008469
0.008502
0.008650
0.008966
0.008887
0.008962
0.009052
0.009176
0.009322
0.009439
0.009572
0.009564
0.009869
0.010038
0.010246
0.010477
0.010929
0.010806
0.010779
0.010621
0.010458
0.010310
0.010383
0.010410
0.010684
0.010923
0.010791
0.010645
0.010631
0.010507
0.010675
0.010780
0.010922
0.011042
0.011326
0.011230
0.011320
0.011382
0.011437
0.011535
0.011574
0.011646
0.011661
0.011770
0.011567
0.013420
0.017739
0.021652
0.022469
0.025461
0.031864
0.034601
0.041663
0.049213
0.056384
0.066549
0.077336
0.088819
0.099848
0.120430
0.145240
0.166609
0.168729
0.177356
0.179215
0.185538
0.186852
0.187187
0.193407
0.196601
0.194056
0.191672
0.189786
0.197327
0.197653
0.201644
0.207216
0.218876
0.217039
0.208281
0.211161
0.210082
0.213277
0.227152
0.251936
0.308191
0.348993
0.368123
0.376269
0.381048
0.382096
0.382317
0.382195
0.382204
0.382069
0.382990
0.383007
