0.245417
0.245417
0.245417
0.245417
0.245417
0.245417
0.245417
0.245417
0.245417
0.245417
0.245417
0.245417
0.245417
0.245417
0.245417
0.245417
0.245417
0.245417
0.245417
0.245417
0.245417
0.245417
0.245417
0.245417
0.245417
0.245417
0.245417
0.245417
0.245417
0.245417
0.245417
0.245417
0.245417
0.245417
0.240236
0.211890
0.195492
0.149721
0.125823
0.102434
0.088142
0.075807
0.070695
0.067134
0.075493
0.097043
0.102309
0.106966
0.110276
0.111182
0.110981
0.112275
0.114817
0.108085
0.111740
0.113265
0.104367
0.100759
0.107628
0.108877
0.106555
0.108137
0.108294
0.101340
0.104231
0.104272
0.105270
0.106310
0.104565
0.105815
0.106141
0.110621
0.108852
0.105558
0.106828
0.107301
0.104656
0.111240
0.109929
0.111899
0.111408
0.113200
0.116862
0.116496
0.114718
0.117878
0.115947
0.116393
0.105454
0.106695
0.104779
0.108707
0.108197
0.102873
0.101583
0.108249
0.108813
0.104882
0.105966
0.100900
0.106595
0.107434
0.101575
0.100829
0.099944
0.103554
0.102028
0.102003
0.099852
0.102126
0.100448
0.102496
0.100174
0.099862
0.099256
0.099100
0.101169
0.098387
0.099938
0.103420
0.101782
0.099688
0.097208
0.094668
0.095909
0.096730
0.098454
0.098622
0.100975
0.098386
0.098070
0.098580
0.099237
0.103231
0.101468
0.099683
0.099951
0.094925
0.095889
0.094300
0.097749
0.095361
0.095242
0.095225
0.095465
0.095641
0.095289
0.095045
0.093539
0.093474
0.189156
0.191021
0.191130
0.185262
0.190962
0.191239
0.184654
0.188087
0.188552
0.183839
0.187164
0.186356
0.187154
0.183000
0.169676
0.178296
0.177824
0.182484
0.180060
0.178473
0.177245
0.177264
0.178145
0.178877
0.179415
0.179380
0.178800
0.181069
0.179565
0.170430
0.179371
0.172512
0.180550
0.180476
0.183102
0.185042
0.175550
0.178441
0.179177
0.177865
0.176926
0.178143
0.174658
0.174490
0.176158
0.175552
0.174484
0.174939
0.174861
0.174963
0.174170
0.174763
0.176197
0.173661
0.173917
0.175060
0.169531
0.170211
0.175146
0.175716
0.176605
0.175926
0.176315
0.177125
0.172836
0.173815
0.172744
0.177432
0.176834
0.176515
0.180424
0.176982
0.179183
0.178876
0.179735
0.178595
0.179439
0.179050
0.180548
0.179724
0.176120
0.180064
0.178830
0.174367
0.174839
0.174329
0.174721
0.173525
0.174535
0.173244
0.170320
0.172955
0.175688
0.176731
0.172391
0.174137
0.172973
0.169804
0.169153
0.173173
0.172206
0.171647
0.174436
0.178583
0.172574
0.188853
0.167065
0.161970
0.160657
0.168920
0.151958
0.165940
0.159732
0.164632
0.156746
0.144125
0.130351
0.147552
0.146602
0.156924
0.159125
0.147818
0.139668
0.131165
0.192784
0.132398
0.182638
0.181060
0.180765
0.183087
0.182744
0.192079
0.182112
0.182382
0.181236
0.177592
0.181303
0.179933
0.130393
0.183560
0.131152
0.136206
0.131156
0.148953
0.127482
0.112370
0.112908
0.122297
0.126070
0.125155
0.126449
0.129004
0.123603
0.121777
0.122910
0.122476
0.115314
0.124965
0.126607
0.124490
0.123209
0.127192
0.112487
0.120971
0.114240
0.134025
0.118527
0.120924
0.108960
0.104812
0.101666
0.111547
0.096094
0.105963
0.098562
0.104157
0.102490
0.093745
0.095931
0.107179
0.106899
0.110495
0.105684
0.097357
0.086257
0.108135
0.107273
0.112217
0.126521
0.117145
0.123250
0.120844
0.123073
0.113202
0.110645
0.110594
0.112479
0.108436
0.112723
0.112570
0.110998
0.109893
0.106877
0.108678
0.106429
0.107871
0.107523
0.106377
0.104888
0.103648
0.124449
0.110387
0.107081
0.107313
0.107869
0.103403
0.101954
0.102887
0.104098
0.105668
0.105039
0.104167
0.104551
0.101949
0.101510
0.103569
0.102610
0.103330
0.101029
0.103554
0.102122
0.101798
0.103228
0.110183
0.111757
0.107477
0.107830
0.107984
0.102396
0.102925
0.111911
0.128169
0.126831
0.126639
0.117626
0.123397
0.125071
0.124951
0.124719
0.123866
0.114952
0.116007
0.117165
0.118986
0.123134
0.118990
0.119308
0.118128
0.117655
0.120126
0.119223
0.121596
0.120671
0.120717
0.120385
0.120976
0.143263
0.141974
0.141963
0.142407
0.134644
0.142577
0.141599
0.128325
0.132324
0.136577
0.145101
0.150616
0.150489
0.152381
0.151964
0.152197
0.139202
0.147221
0.142817
0.139319
0.147847
0.145459
0.149601
0.134838
0.135355
0.145907
0.134157
0.132890
0.130752
0.132933
0.131219
0.133691
0.141002
0.138170
0.139984
0.132802
0.136502
0.139956
0.139507
0.134584
0.136209
0.138046
0.138644
0.137306
0.133698
0.133255
0.138490
0.140996
0.141621
0.142454
0.134091
0.131904
0.151141
0.147088
0.125205
0.125125
0.123748
0.122020
0.131226
0.132027
0.125776
0.129897
0.128628
0.129781
0.127872
0.124083
0.136572
0.137564
0.124847
0.131896
0.130498
0.129659
0.134098
0.129780
0.139021
0.127512
0.128141
0.136046
0.135891
0.124737
0.136595
0.137703
0.125691
0.134212
0.136285
0.125056
0.130252
0.123857
0.140289
0.139628
0.143325
0.140934
0.142631
0.148415
0.141540
0.133601
0.129037
0.116069
0.138476
0.118840
0.123409
0.123291
0.122851
0.120848
0.119413
0.119248
0.118134
0.130910
0.130532
0.129889
0.130107
0.129890
0.129846
0.132207
0.129855
0.131737
0.132519
0.131380
0.133847
0.130663
0.135273
0.128718
0.129014
0.134813
0.131187
0.134041
0.134238
0.135335
0.134880
0.134448
0.135718
0.129956
0.131146
0.132421
0.132550
0.131331
0.132402
0.113180
0.109267
0.107025
0.111331
0.106250
0.104103
0.110308
0.111835
0.111153
0.116315
0.111196
0.114143
0.117247
0.112102
0.116147
0.116511
0.121815
0.123420
0.120872
0.103721
0.115268
0.106722
0.111224
0.109575
0.104329
0.110864
0.122330
0.116993
0.122649
0.103171
0.095979
0.103120
0.108337
0.108808
0.108695
0.103340
0.106366
0.119218
0.096253
0.102045
0.096820
0.098378
0.103130
0.090234
0.103050
0.102599
0.100006
0.102960
0.108623
0.088072
0.086713
0.087145
0.093091
0.089886
0.081849
0.076596
0.078120
0.082531
0.078922
0.113165
0.088215
0.084880
0.093336
0.089705
0.100894
0.116268
0.149782
0.155397
0.149015
0.105034
0.094803
0.067519
0.070962
0.072837
0.071795
0.093451
0.099448
0.081823
0.107223
0.105557
0.103001
0.104831
0.085138
0.101971
0.062181
0.073674
0.062846
0.069682
0.072061
0.103378
0.105485
0.076861
0.093352
0.117380
0.118844
0.113789
0.114209
0.107453
0.083113
0.108824
0.079974
0.080334
0.077800
0.087658
0.085552
0.088226
0.082601
0.104887
0.076507
0.084633
0.118235
0.098058
0.106333
0.108853
0.088779
0.078730
0.085566
0.084196
0.074102
0.077711
0.077696
0.095648
0.088146
0.082881
0.088064
0.084814
0.072881
0.107388
0.103503
0.100973
0.099606
0.104969
0.100027
0.099034
0.108854
0.110679
0.086904
0.086870
0.093936
0.087765
0.069776
0.087795
0.078804
0.081660
0.074868
0.081599
0.088254
0.076506
0.082173
0.080712
0.094344
0.094485
0.094277
0.093991
0.091985
0.092273
0.086491
0.074245
0.084014
0.075617
0.083287
0.075826
0.076106
0.085536
0.086498
0.086853
0.080410
0.086011
0.084601
0.085098
0.080382
0.080122
0.085872
0.086759
0.080581
0.086010
0.086238
0.085355
0.085633
0.085386
0.086332
0.147304
0.140138
0.140394
0.139278
0.139891
0.138976
0.137909
0.145249
0.138976
0.146437
0.145945
0.146349
0.146040
0.145327
0.146524
0.147185
0.115871
0.134013
0.131457
0.149042
0.129946
0.138397
0.143133
0.141768
0.135793
0.134893
0.134908
0.135950
0.135328
0.136460
0.140960
0.143652
0.136752
0.137772
0.131572
0.137845
0.140994
0.146692
0.145997
0.145863
0.146927
0.140507
0.139484
0.145698
0.146746
0.147527
0.146177
0.146165
0.143863
0.144628
0.144688
0.138479
0.156570
0.154093
0.145174
0.145555
0.144934
0.144011
0.143908
0.140984
0.140010
0.140935
0.144638
0.144590
0.144746
0.138928
0.142247
0.145003
0.137648
0.141364
0.145135
0.140183
0.141969
0.144730
0.136474
0.136148
0.130083
0.136136
0.133975
0.137205
0.137760
0.136004
0.135341
0.131065
0.136728
0.135921
0.143933
0.135459
0.136968
0.143780
0.138012
0.140419
0.143969
0.135904
0.142432
0.143715
0.146449
0.143919
0.145782
0.144761
0.142126
0.140371
0.137847
0.136589
0.134992
0.136563
0.136385
0.139570
0.133975
0.131898
0.140029
0.137244
0.135730
0.135023
0.136411
0.052027
0.052724
0.052767
0.053549
0.054244
0.053040
0.043220
0.049358
0.044645
0.045166
0.045095
0.044968
0.047786
0.050695
0.059929
0.054023
0.054613
0.053139
0.054058
0.051152
0.045617
0.045796
0.046381
0.042763
0.042832
0.050528
0.050734
0.048390
0.049412
0.046290
0.048440
0.047569
0.050117
0.044970
0.046197
0.046779
0.050369
0.049271
0.049354
0.049336
0.043976
0.049081
0.049099
0.046278
0.045976
0.045781
0.044734
0.043183
0.042381
0.040614
0.040014
0.037331
0.035535
0.035441
0.034804
0.034270
0.032773
0.032433
0.032314
0.032266
0.032236
0.031798
0.031503
0.031358
0.030944
0.030077
0.029581
0.029083
0.028774
0.028396
0.027988
0.027594
0.027360
0.027164
0.027065
0.026730
0.026448
0.026262
0.025942
0.025619
0.025405
0.025210
0.025130
0.024761
0.024395
0.024353
0.024019
0.023733
0.023560
0.023271
0.023237
0.023027
0.023162
0.023096
0.022344
0.022565
0.022001
0.020973
0.020864
0.020559
0.019984
0.019997
0.019062
0.018356
0.018312
0.017120
0.016800
0.015035
0.013814
0.012696
0.012006
0.010900
0.010676
0.008975
0.008834
0.007182
0.006909
0.006657
0.005817
0.005525
0.005641
0.004569
0.004036
0.003921
0.004063
0.003025
0.002185
0.001821
0.001585
0.001566
0.001725
0.001821
0.001946
0.001713
0.002094
0.001086
0.000749
0.000653
0.000580
0.000519
0.000462
0.000395
0.000371
0.000349
0.000325
0.000297
0.000276
0.000266
0.000250
0.000237
0.000214
0.000186
0.000176
0.000173
0.000168
0.000161
0.000151
0.000150
0.000149
0.000150
0.000147
0.000145
0.000145
0.000144
0.000138
0.135759
0.136165
0.135602
0.133401
0.135767
0.132785
0.132861
0.133639
0.131872
0.141569
0.141765
0.141439
0.142432
0.141352
0.143028
0.131377
0.131176
0.144009
0.130351
0.131862
0.131145
0.131185
0.131641
0.131324
0.131019
0.134928
0.131594
0.152962
0.143807
0.143542
0.145164
0.145124
0.145374
0.140604
0.142815
0.145389
0.051583
0.055407
0.051209
0.050743
0.050331
0.050070
0.051689
0.055889
0.053724
0.056765
0.061839
0.056136
0.058083
0.057841
0.060671
0.064277
0.061868
0.062766
0.065183
0.062992
0.064198
0.063954
0.059737
0.057709
0.058083
0.060127
0.058482
0.055984
0.056978
0.057077
0.056448
0.054132
0.052298
0.052821
0.050553
0.049732
0.050662
0.049910
0.050485
0.048876
0.048255
0.048489
0.047913
0.049497
0.049306
0.057552
0.057552
0.056879
0.054040
0.060479
0.062758
0.059580
0.062175
0.065039
0.058253
0.060053
0.061119
0.063247
0.065375
0.061795
0.064596
0.065663
0.064218
0.065193
0.067156
0.064965
0.065082
0.065426
0.064459
0.062836
0.059533
0.058184
0.061739
0.061789
0.063907
0.064683
0.064431
0.052761
0.066923
0.065464
0.065830
0.064796
0.064636
0.064321
0.063128
0.063609
0.063426
0.062868
0.061777
0.065645
0.063466
0.062922
0.061151
0.066852
0.064026
0.064467
0.064652
0.064562
0.050772
0.051591
0.051992
0.066403
0.051828
0.050473
0.051920
0.052549
0.052533
0.065625
0.150459
0.154432
0.114537
0.159540
0.161151
0.155776
0.160659
0.154628
0.117418
0.126190
0.155828
0.117740
0.121270
0.116267
0.116995
0.118739
0.111176
0.106927
0.126491
0.116937
0.125161
0.121733
0.117004
0.117230
0.115668
0.131867
0.123441
0.122081
0.120130
0.133214
0.121854
0.100851
0.106369
0.107396
0.104307
0.102782
0.103615
0.104799
0.110772
0.103398
0.103928
0.104681
0.109977
0.104046
0.104719
0.104666
0.110236
0.108428
0.108569
0.105022
0.103738
0.110660
0.106671
0.109852
0.109523
0.110826
0.109539
0.109438
0.101319
0.100130
0.102567
0.103853
0.101961
0.101499
0.102486
0.100137
0.101464
0.100525
0.101907
0.100491
0.100505
0.099045
0.100639
0.102477
0.103874
0.103809
0.102731
0.103359
0.104496
0.105317
0.103127
0.105004
0.103505
0.104223
0.103350
0.102450
0.102072
0.101569
0.097936
0.101863
0.102099
0.100809
0.100501
0.095328
0.094654
0.094031
0.100009
0.098680
0.099260
0.098851
0.099551
0.101476
0.099599
0.095198
0.093838
0.092915
0.099781
0.119237
0.120206
0.119076
0.119163
0.119274
0.118795
0.118669
0.117973
0.117327
0.118532
0.117735
0.119193
0.119495
0.117887
0.120972
0.119720
0.122225
0.120911
0.117453
0.118322
0.117986
0.118439
0.119864
0.121449
0.123311
0.120431
0.120789
0.123243
0.123841
0.124895
0.129164
0.128792
0.130048
0.130219
0.131508
0.132324
0.141897
0.135486
0.134836
0.129753
0.134112
0.138932
0.141432
0.132323
0.132756
0.132879
0.136874
0.136776
0.133516
0.131263
0.136860
0.133003
0.130990
0.140192
0.142899
0.141722
0.139805
0.141965
0.133016
0.131789
0.133498
0.131193
0.129874
0.130238
0.130666
0.130251
0.132950
0.136536
0.131604
0.130940
0.129285
0.128348
0.128123
0.126658
0.124684
0.128907
0.131043
0.117058
0.115478
0.112947
0.137809
0.141295
0.141956
0.136840
0.137937
0.140613
0.139353
0.139335
0.138888
0.139135
0.138851
0.139651
0.139782
0.140317
0.140574
0.139859
0.140944
0.138462
0.140427
0.140665
0.141552
0.142370
0.142903
0.141527
0.142873
0.144945
0.145380
0.141076
0.141917
0.142281
0.142162
0.145043
0.143698
0.145152
0.135410
0.139108
0.137263
0.137552
0.139005
0.137879
0.120945
0.136027
0.136565
0.131208
0.131224
0.131709
0.132438
0.136185
0.138578
0.141873
0.138143
0.133717
0.133337
0.132702
0.139922
0.135205
0.135059
0.135593
0.132123
0.135196
0.136835
0.140364
0.139078
0.136907
0.141207
0.139489
0.141581
0.144840
0.143323
0.107437
0.108955
0.116583
0.115614
0.139259
0.134498
0.135961
0.137293
0.137746
0.137438
0.136415
0.136144
0.136033
0.137604
0.138076
0.136781
0.136599
0.111380
0.124756
0.125208
0.125992
0.131587
0.131240
0.133406
0.142470
0.132123
0.139755
0.136762
0.136866
0.137596
0.131636
0.135758
0.135670
0.138066
0.132134
0.139470
0.133579
0.131894
0.131770
0.131177
0.132613
0.136174
0.129724
0.130403
0.131164
0.132373
0.129914
0.129250
0.134410
0.135790
0.136262
0.096877
0.097637
0.096264
0.089310
0.086563
0.082077
0.063077
0.079716
0.082265
0.077549
0.074144
0.084095
0.076057
0.076768
0.076256
0.077545
0.076955
0.084124
0.077475
0.077569
0.074694
0.078593
0.081645
0.078336
0.077829
0.079325
0.079923
0.079667
0.079717
0.078616
0.078185
0.078306
0.084014
0.079792
0.077979
0.077486
0.084697
0.082376
0.080686
0.081372
0.080561
0.079732
0.084230
0.077147
0.084993
0.092491
0.074885
0.075946
0.076314
0.072843
0.076945
0.077532
0.076218
0.074264
0.076931
0.079000
0.076745
0.077149
0.077937
0.076353
0.071372
0.076816
0.071245
0.069522
0.070289
0.072376
0.072537
0.120271
0.120011
0.122523
0.123830
0.120047
0.115351
0.114390
0.119322
0.110234
0.117468
0.113847
0.109575
0.121707
0.115773
0.119559
0.094509
0.115579
0.093852
0.117289
0.117172
0.120437
0.116366
0.117197
0.115957
0.116389
0.115527
0.121100
0.132132
0.132193
0.134356
0.123296
0.127358
0.131602
0.130206
0.129703
0.136641
0.135557
0.134952
0.117800
0.125222
0.125375
0.126830
0.134686
0.126004
0.128392
0.073721
0.070995
0.072738
0.071775
0.073409
0.077621
0.074477
0.073985
0.074223
0.076104
0.075851
0.075482
0.077381
0.077128
0.080018
0.085593
0.079893
0.074330
0.081214
0.077172
0.079893
0.082900
0.083550
0.082226
0.082547
0.081514
0.082533
0.082899
0.083381
0.082685
0.078941
0.087113
0.089284
0.091631
0.093277
0.084107
0.083136
0.082294
0.078575
0.080413
0.074778
0.075014
0.092774
0.091600
0.086997
0.088106
0.090406
0.094776
0.090652
0.094050
0.091800
0.087115
0.087497
0.080902
0.089318
0.091165
0.088599
0.088458
0.082380
0.087686
0.091579
0.088285
0.088051
0.086950
0.086968
0.086288
0.086418
0.090986
0.086747
0.088167
0.087789
0.087968
0.087098
0.087419
0.089385
0.090435
0.088672
0.086032
0.089394
0.085624
0.085224
0.084414
0.094151
0.094932
0.092297
0.090793
0.111555
0.102784
0.091258
0.103401
0.102167
0.085432
0.110586
0.109516
0.092126
0.082832
0.102377
0.102203
0.091179
0.088623
0.086652
0.089897
0.109836
0.093224
0.085807
0.088417
0.081657
0.082831
0.077892
0.081179
0.079678
0.087775
0.078362
0.080750
0.097265
0.080114
0.098700
0.093689
0.089663
0.089062
0.087545
0.088099
0.086567
0.090261
0.090762
0.086609
0.073793
0.073366
0.071629
0.077849
0.077150
0.077744
0.077342
0.078551
0.078331
0.078509
0.079247
0.083009
0.083745
0.084932
0.083493
0.096498
0.099082
0.100685
0.098410
0.083620
0.082589
0.080940
0.082633
0.083543
0.083992
0.098723
0.087844
0.100522
0.067001
0.063694
0.063170
0.058603
0.059797
0.057730
0.059098
0.059047
0.058850
0.059054
0.059560
0.065916
0.064982
0.066274
0.065044
0.065816
0.065950
0.067175
0.087199
0.140162
0.101581
0.101779
0.103041
0.085347
0.086240
0.099451
0.137758
0.104549
0.096242
0.096641
0.098414
0.081238
0.081522
0.105079
0.085859
0.086817
0.088526
0.089218
0.089278
0.088931
0.097978
0.097670
0.094218
0.095979
0.096133
0.083798
0.093291
0.098441
0.089647
0.088941
0.089190
0.090930
0.086666
0.088159
0.088516
0.088847
0.089693
0.092439
0.091355
0.090857
0.091833
0.091655
0.090549
0.094924
0.094434
0.094991
0.095318
0.094809
0.094943
0.094920
0.095347
0.094168
0.093808
0.093893
0.088437
0.089123
0.090443
0.090137
0.088632
0.090131
0.091583
0.092915
0.095969
0.095427
0.095883
0.095511
0.096133
0.096677
0.097857
0.098175
0.099503
0.101574
0.102699
0.104749
0.104410
0.105617
0.108918
0.107175
0.107446
0.108054
0.106995
0.107211
0.111269
0.111085
0.110044
0.113105
0.112860
0.110919
0.111594
0.110493
0.116881
0.120729
0.111494
0.112365
0.116874
0.117586
0.086488
0.083971
0.084565
0.079193
0.073285
0.075578
0.074874
0.077164
0.078419
0.075579
0.073691
0.075018
0.072850
0.074904
0.073230
0.082650
0.074541
0.078671
0.068130
0.069894
0.069645
0.071668
0.067669
0.090925
0.096263
0.081291
0.084669
0.087717
0.090178
0.096646
0.101479
0.080078
0.088450
0.093754
0.074668
0.070615
0.064056
0.074956
0.075377
0.054302
0.053542
0.051859
0.046896
0.054418
0.055099
0.046861
0.045972
0.045686
0.045610
0.045634
0.047352
0.043105
0.047958
0.042195
0.043818
0.043006
0.045643
0.047506
0.048913
0.049595
0.053784
0.043831
0.043536
0.044224
0.056407
0.044027
0.060538
0.046624
0.058434
0.044867
0.047116
0.044826
0.063465
0.067378
0.069455
0.067313
0.065281
0.076909
0.076200
0.077905
0.075028
0.074677
0.075998
0.077125
0.074566
0.075694
0.075127
0.079507
0.078666
0.061060
0.058869
0.059928
0.059235
0.065081
0.063175
0.068175
0.066389
0.066005
0.062503
0.063961
0.065963
0.067361
0.067086
0.069821
0.069623
0.067513
0.067482
0.069079
0.071063
0.070481
0.069619
0.064507
0.067071
0.067344
0.068592
0.070084
0.072253
0.077495
0.074334
0.076683
0.077433
0.073739
0.069554
0.074243
0.072741
0.073511
0.072246
0.072204
0.072251
0.068652
0.068657
0.074489
0.068118
0.094364
0.097932
0.099556
0.097640
0.098310
0.098487
0.098953
0.100091
0.099063
0.140179
0.140469
0.141440
0.152779
0.139490
0.138987
0.140551
0.143765
0.145381
0.147631
0.144885
0.144501
0.143823
0.140929
0.136325
0.133539
0.133258
0.139799
0.142239
0.143988
0.143543
0.142603
0.142203
0.141591
0.143151
0.142377
0.143095
0.142815
0.142728
0.142175
0.141229
0.141433
0.139993
0.140462
0.141135
0.140624
0.140547
0.140197
0.140171
0.130045
0.128458
0.131030
0.130904
0.130253
0.130264
0.134481
0.130079
0.127813
0.133898
0.134513
0.028756
0.028085
0.027553
0.027089
0.026748
0.026212
0.025795
0.025306
0.024837
0.024330
0.023960
0.023525
0.023145
0.022959
0.023059
0.022196
0.021502
0.020899
0.019743
0.019013
0.018169
0.016537
0.015133
0.012465
0.010844
0.008944
0.007591
0.007607
0.005835
0.005592
0.003985
0.004100
0.002995
0.002107
0.001386
0.001560
0.001823
0.001108
0.000636
0.000504
0.000409
0.000318
0.000246
0.000221
0.000192
0.000173
0.000115
0.000102
0.000091
0.000085
0.000072
0.000067
0.000059
0.000055
0.000015
0.000012
0.000004
0.000000
0.000009
0.000070
0.000075
0.000081
0.000088
0.000096
0.000120
0.000141
0.000169
0.000196
0.004427
0.011108
0.018978
0.013701
0.035654
0.024862
0.034914
0.043082
0.063816
0.065564
0.098101
0.098339
0.098292
0.098296
0.098328
0.098446
0.099253
0.099216
0.098330
0.099358
0.099741
0.100510
0.099156
0.098405
0.098962
0.098991
0.098571
0.098963
0.098865
0.098592
0.098932
0.098941
0.098634
0.098934
0.098836
0.098953
0.098653
0.098645
0.095453
0.098624
0.098630
0.099152
0.098385
0.098443
0.098294
0.098075
0.098409
0.098174
0.098580
0.098050
0.098303
0.093046
0.092639
0.093069
0.092614
0.093105
0.093189
0.093525
0.093326
0.093269
0.093264
0.093225
0.093225
0.093255
0.093235
0.093156
0.093187
0.093315
0.093205
0.093137
0.093137
0.093216
0.093215
0.092813
0.093233
0.093231
0.093232
0.093645
0.089976
0.090062
0.090004
0.092307
0.090497
0.090702
0.093667
0.092545
0.093498
0.094236
0.093634
0.094366
0.095595
0.095615
0.092906
0.090234
0.090713
0.090486
0.090415
0.090463
0.093807
0.090697
0.093331
0.090541
0.090358
0.090442
0.090341
0.094986
0.097203
0.097598
0.098636
0.098635
0.098636
0.098170
0.098207
0.098191
0.098202
0.098163
0.098409
0.098171
0.098191
0.098211
0.098286
0.098286
0.098370
0.098155
0.098532
0.098759
0.098732
0.098634
0.098348
0.098314
0.098356
0.098475
0.098728
0.098845
0.095725
0.098969
0.095613
0.095085
0.096114
0.095753
0.095744
0.095586
0.095549
0.094885
0.095411
0.245417
0.245417
0.245417
0.245417
0.245417
0.245417
0.245417
0.245417
0.245417
0.245417
0.245417
0.245417
0.245417
0.245417
0.245417
0.245417
0.245417
0.245417
0.245417
0.245417
0.245417
0.245417
0.245417
0.245417
0.245417
0.245417
