0.122342
0.121669
0.121643
0.121275
0.121170
0.121336
0.121794
0.121783
0.121925
0.121032
0.120750
0.120361
0.120227
0.120652
0.121376
0.120731
0.118271
0.118472
0.112786
0.110072
0.111448
0.110602
0.110726
0.113818
0.110306
0.108733
0.103551
0.104324
0.101285
0.099203
0.103968
0.101556
0.101650
0.105316
0.096424
0.096878
0.097771
0.102245
0.109123
0.110622
0.111720
0.111641
0.112294
0.124662
0.144082
0.144356
0.144923
0.145121
0.146008
0.142455
0.136833
0.136771
0.136956
0.139087
0.140082
0.142838
0.141313
0.141169
0.140837
0.141755
0.143467
0.143857
0.143286
0.144452
0.143819
0.147019
0.148710
0.148977
0.147542
0.146734
0.146864
0.141035
0.141077
0.147007
0.138200
0.139376
0.142165
0.143891
0.145399
0.144713
0.144999
0.145344
0.145094
0.144896
0.144785
0.146122
0.146450
0.146479
0.145815
0.146844
0.146250
0.146470
0.146715
0.146341
0.147025
0.146936
0.146534
0.146312
0.143638
0.146329
0.143150
0.142647
0.141920
0.141982
0.142594
0.142608
0.142985
0.143055
0.143266
0.143791
0.145678
0.143709
0.143832
0.144575
0.142023
0.142040
0.142046
0.144092
0.141900
0.142016
0.141829
0.134874
0.135034
0.132593
0.125371
0.158053
0.182472
0.186694
0.214129
0.247032
0.270650
0.266898
0.266110
0.257087
0.239978
0.240070
0.241255
0.241554
0.241353
0.242039
0.241454
0.238427
0.238270
0.238273
0.238247
0.238225
0.236804
0.238332
0.237285
0.236933
0.237431
0.236594
0.236697
0.236692
0.237080
0.237366
0.237379
0.237387
0.237290
0.237148
0.238575
0.238038
0.237718
0.237976
0.236926
0.238106
0.236068
0.236334
0.238552
0.239042
0.238734
0.244004
0.242971
0.245326
0.247809
0.245170
0.238827
0.238623
0.238459
0.237713
0.237877
0.245775
0.245143
0.240833
0.240581
0.240303
0.240739
0.240455
0.240596
0.241196
0.240288
0.240622
0.249121
0.246622
0.216988
0.182915
0.115101
0.125749
0.133571
0.137932
0.131100
0.120545
0.120160
0.128137
0.119030
0.115132
0.115318
0.111824
0.117261
0.107173
0.107236
0.108511
0.108285
0.108598
0.108847
0.108605
0.109148
0.107120
0.107169
0.106949
0.106062
0.107030
0.107212
0.107241
0.108639
0.107423
0.108999
0.108505
0.109273
0.107576
0.107415
0.107044
0.106774
0.108055
0.108302
0.108599
0.108421
0.108504
0.108407
0.108732
0.109268
0.109150
0.109269
0.108677
0.103699
0.106815
0.106806
0.107869
0.104071
0.108686
0.108914
0.108517
0.107330
0.104163
0.108530
0.108818
0.104620
0.109161
0.108935
0.109148
0.108793
0.109234
0.109226
0.109727
0.107294
0.107516
0.107628
0.109134
0.110150
0.108683
0.109633
0.109356
0.109142
0.107847
0.109340
0.109224
0.108392
0.108367
0.109181
0.109566
0.112558
0.108611
0.104309
0.108990
0.132798
0.145892
0.145135
0.140852
0.131483
0.123578
0.121212
0.130788
0.133482
0.124343
0.125065
0.112803
0.094411
0.102300
0.126242
0.127961
0.123031
0.123083
0.123945
0.126729
0.126574
0.126484
0.125925
0.125626
0.125059
0.126453
0.124973
0.125977
0.126953
0.125950
0.126787
0.125662
0.126662
0.126453
0.126777
0.125778
0.126711
0.126094
0.125819
0.126020
0.125803
0.125583
0.126572
0.126802
0.126816
0.126918
0.126855
0.125872
0.125955
0.127145
0.125684
0.126708
0.125773
0.126916
0.125076
0.125859
0.125809
0.125049
0.126454
0.126584
0.126711
0.126796
0.126645
0.126804
0.126620
0.126693
0.126696
0.126794
0.126674
0.126755
0.126653
0.125239
0.126706
0.126915
0.126790
0.125661
0.126783
0.126790
0.126791
0.126773
0.126687
0.126406
0.126474
0.126659
0.126702
0.123914
0.126653
0.126620
0.126528
0.126671
0.126408
0.126423
0.126811
0.126649
0.126590
0.126572
0.124111
0.124433
0.126720
0.126704
0.126852
0.126787
0.125097
0.126947
0.125191
0.125016
0.124143
0.124403
0.124681
0.124540
0.124568
0.124742
0.126731
0.126627
0.126496
0.124913
0.126209
0.126032
0.126026
0.126114
0.126676
0.126707
0.126635
0.126939
0.126656
0.126840
0.126979
0.125670
0.127142
0.125892
0.126220
0.126992
0.126569
0.126915
0.126862
0.126912
0.124791
0.125790
0.127153
0.125796
0.126920
0.126919
0.125598
0.126994
0.127048
0.125774
0.126822
0.126011
0.126162
0.125889
0.126020
0.125978
0.126837
0.125811
0.125829
0.125789
0.127367
0.127255
0.126942
0.127002
0.127110
0.127495
0.127030
0.126268
0.125474
0.126675
0.126832
0.126594
0.127007
0.127436
0.126854
0.126967
0.126644
0.129173
0.128798
0.129136
0.128878
0.128891
0.128952
0.126719
0.129085
0.128902
0.129275
0.128977
0.127480
0.129310
0.129417
0.127266
0.128195
0.128644
0.127392
0.128503
0.130076
0.129980
0.126241
0.129785
0.128774
0.129307
0.129585
0.129571
0.129422
0.129369
0.129924
0.130018
0.129933
0.130098
0.129687
0.130156
0.130151
0.129549
0.130541
0.130370
0.129953
0.131011
0.131013
0.130225
0.131045
0.130709
0.130997
0.130986
0.130900
0.130996
0.130901
0.130745
0.131025
0.130133
0.129849
0.130848
0.130898
0.130064
0.130813
0.129529
0.130822
0.129658
0.130828
0.130829
0.130907
0.130882
0.130508
0.129353
0.130910
0.130855
0.129968
0.129348
0.129372
0.127692
0.130598
0.130595
0.130095
0.129115
0.129196
0.130105
0.129163
0.128901
0.129715
0.128975
0.128509
0.128654
0.128139
0.129096
0.126695
0.128192
0.129391
0.127805
0.127819
0.128258
0.128044
0.127408
0.128261
0.128279
0.127801
0.127957
0.128409
0.127833
0.128255
0.128174
0.128049
0.128616
0.127194
0.127089
0.127409
0.128575
0.128314
0.128391
0.128447
0.127667
0.128382
0.128259
0.133040
0.120066
0.121047
0.113467
0.127664
0.131804
0.143823
0.144074
0.142363
0.130428
0.124579
0.121439
0.128844
0.137240
0.131348
0.117512
0.120020
0.101999
0.103860
0.105867
0.107436
0.107223
0.107345
0.107706
0.108371
0.108094
0.108415
0.108866
0.106421
0.108639
0.108877
0.108838
0.107946
0.108460
0.109002
0.108429
0.108946
0.109074
0.108295
0.107506
0.106877
0.107854
0.105255
0.106924
0.106834
0.106664
0.107095
0.104928
0.106988
0.104924
0.106663
0.107086
0.107000
0.107143
0.106947
0.106367
0.106198
0.107325
0.106927
0.106380
0.106039
0.106170
0.106239
0.106465
0.107183
0.107549
0.106331
0.106809
0.106842
0.102169
0.109025
0.108819
0.107051
0.108843
0.108771
0.109161
0.107577
0.106559
0.106569
0.105877
0.102788
0.102920
0.104224
0.104546
0.105206
0.104614
0.106011
0.102931
0.102921
0.101261
0.105028
0.103670
0.101937
0.102433
0.102666
0.105048
0.102041
0.101865
0.104920
0.105099
0.104953
0.105465
0.105455
0.107481
0.107537
0.107664
0.106966
0.106707
0.107091
0.107718
0.108999
0.105910
0.103335
0.106594
0.105791
0.105639
0.106783
0.106169
0.106434
0.106235
0.105519
0.105513
0.105038
0.105385
0.106201
0.105553
0.103753
0.104218
0.102601
0.107322
0.105767
0.106237
0.103980
0.105249
0.105882
0.105851
0.105791
0.107958
0.106029
0.108037
0.107342
0.106638
0.106878
0.107834
0.105738
0.105640
0.107640
0.105857
0.106428
0.105887
0.107953
0.106026
0.105347
0.105494
0.105712
0.105767
0.105963
0.103726
0.108710
0.109069
0.107198
0.109009
0.109203
0.108616
0.108885
0.108927
0.109480
0.109433
0.103850
0.104038
0.106989
0.108733
0.108453
0.109156
0.109320
0.107281
0.107437
0.108601
0.102937
0.106694
0.106814
0.103874
0.106145
0.107684
0.107593
0.107903
0.105742
0.106227
0.105458
0.105979
0.106406
0.107085
0.105668
0.106848
0.106905
0.105294
0.107173
0.108501
0.109198
0.108856
0.107987
0.105390
0.104676
0.108121
0.108160
0.107691
0.108768
0.107365
0.103983
0.104776
0.102782
0.103416
0.103695
0.106380
0.109078
0.105350
0.107801
0.108012
0.106331
0.107824
0.108835
0.109205
0.103570
0.106786
0.105801
0.110359
0.109424
0.109449
0.108871
0.110053
0.108019
0.109127
0.109288
0.108749
0.108986
0.104214
0.107580
0.108436
0.104287
0.104641
0.107105
0.106833
0.108652
0.107482
0.108708
0.108954
0.108971
0.106377
0.104200
0.107893
0.108447
0.107696
0.108098
0.107265
0.108082
0.107557
0.107997
0.108072
0.106849
0.108122
0.107875
0.107732
0.108390
0.108215
0.107765
0.107564
0.108180
0.107367
0.106782
0.109356
0.109343
0.109669
0.109463
0.109032
0.109405
0.108839
0.108207
0.107482
0.107721
0.107596
0.107996
0.108090
0.108013
0.107813
0.108143
0.106960
0.105430
0.105959
0.105226
0.104909
0.104735
0.104825
0.107523
0.107746
0.107455
0.107441
0.107410
0.108026
0.108251
0.108442
0.107959
0.106862
0.106657
0.109150
0.108190
0.108411
0.108403
0.108212
0.107793
0.108043
0.108122
0.108235
0.108606
0.104632
0.107976
0.107868
0.108326
0.109149
0.108203
0.105190
0.105030
0.109502
0.109297
0.108477
0.109370
0.109634
0.103968
0.104065
0.108973
0.109234
0.108011
0.108088
0.109337
0.109205
0.108824
0.105336
0.107237
0.105372
0.104488
0.103318
0.108292
0.108444
0.108044
0.108024
0.108396
0.109458
0.109153
0.109160
0.109224
0.106937
0.110143
0.110540
0.107069
0.108640
0.110385
0.107461
0.109605
0.110384
0.109758
0.108864
0.108759
0.106940
0.108552
0.109015
0.108276
0.109461
0.108287
0.109171
0.108622
0.108156
0.107707
0.108046
0.108173
0.109024
0.109112
0.107550
0.108019
0.108869
0.108029
0.108402
0.107675
0.108304
0.108541
0.108615
0.108585
0.107863
0.107151
0.108642
0.106071
0.106031
0.108343
0.108895
0.106961
0.107885
0.107647
0.107433
0.107741
0.107817
0.107247
0.107809
0.107822
0.107870
0.107775
0.107723
0.108206
0.108115
0.108309
0.108303
0.108395
0.108515
0.109873
0.109854
0.110442
0.110362
0.109346
0.109402
0.107714
0.108969
0.108053
0.106718
0.107460
0.107938
0.107946
0.107876
0.108043
0.107308
0.108109
0.107909
0.108076
0.107661
0.108535
0.110779
0.108229
0.108145
0.108063
0.107831
0.107841
0.108080
0.108343
0.108073
0.107510
0.107744
0.108278
0.108651
0.109123
0.110127
0.108329
0.109108
0.108380
0.107489
0.107080
0.107298
0.107205
0.107605
0.107563
0.108086
0.107125
0.107289
0.107397
0.104340
0.107425
0.103913
0.103755
0.107562
0.105686
0.107166
0.106469
0.107803
0.107945
0.110350
0.109979
0.109903
0.109665
0.109575
0.109573
0.109444
0.109890
0.110394
0.107588
0.107184
0.107017
0.105821
0.106885
0.107594
0.108381
0.107695
0.107724
0.107361
0.109906
0.110026
0.109461
0.109099
0.107651
0.107111
0.107876
0.109646
0.108053
0.109855
0.107954
0.104099
0.104641
0.109510
0.104875
0.106200
0.109082
0.108767
0.104993
0.106110
0.109129
0.109326
0.108782
0.107297
0.106995
0.107431
0.108681
0.108965
0.104813
0.107517
0.107895
0.107650
0.106585
0.106753
0.106703
0.107403
0.107998
0.107645
0.107633
0.107697
0.106871
0.104881
0.105707
0.105356
0.105411
0.105735
0.105592
0.105710
0.104850
0.105516
0.105966
0.103716
0.106647
0.105503
0.106000
0.104508
0.105955
0.103120
0.103096
0.102181
0.104318
0.104729
0.104269
0.104651
0.104268
0.104363
0.104713
0.105106
0.105095
0.105272
0.105473
0.104939
0.105255
0.105047
0.105197
0.105420
0.104907
0.105260
0.104970
0.104003
0.105086
0.105676
0.105774
0.105614
0.105757
0.105540
0.106755
0.106884
0.107191
0.105310
0.105271
0.104852
0.105019
0.104534
0.105966
0.104805
0.105077
0.105391
0.104488
0.104855
0.105110
0.105161
0.105362
0.106185
0.105875
0.106135
0.106157
0.105693
0.105778
0.105401
0.105535
0.106020
0.105709
0.105582
0.106615
0.106017
0.106389
0.105973
0.106019
0.105029
0.105126
0.105260
0.105929
0.106742
0.106300
0.105770
0.109048
0.107808
0.105658
0.106037
0.105829
0.105691
0.106445
0.105423
0.105556
0.109650
0.108547
0.107928
0.107369
0.108012
0.105866
0.107878
0.108384
0.108204
0.109400
0.106605
0.106740
0.105592
0.105655
0.105438
0.105664
0.105833
0.106907
0.105902
0.106053
0.104952
0.104917
0.106438
0.105904
0.105962
0.106212
0.107281
0.106607
0.106730
0.106101
0.105010
0.106528
0.106919
0.107246
0.107205
0.107495
0.107108
0.104148
0.107432
0.107309
0.108314
0.108411
0.108322
0.105665
0.105830
0.105681
0.106067
0.106214
0.106274
0.106585
0.106629
0.106664
0.106272
0.106337
0.105678
0.109412
0.106364
0.109339
0.109484
0.107091
0.109305
0.109532
0.108615
0.107815
0.109304
0.107878
0.107057
0.108887
0.106889
0.104216
0.108312
0.106709
0.111520
0.110889
0.107719
0.106090
0.106592
0.106535
0.108011
0.106815
0.107117
0.103516
0.105998
0.106397
0.105721
0.106443
0.103294
0.106254
0.106420
0.106397
0.105855
0.105411
0.105072
0.105231
0.105253
0.105313
0.106247
0.105227
0.103998
0.105593
0.105840
0.106216
0.106659
0.106436
0.107414
0.105004
0.106227
0.105288
0.105657
0.105150
0.106359
0.104866
0.107292
0.105403
0.105516
0.105911
0.105607
0.105402
0.105477
0.105846
0.104079
0.103902
0.105261
0.105365
0.105433
0.104801
0.105157
0.105038
0.104268
0.105225
0.105853
0.105813
0.105189
0.105199
0.105119
0.104614
0.106242
0.105723
0.105682
0.106346
0.106660
0.106152
0.106863
0.105850
0.107589
0.107128
0.107028
0.107246
0.108126
0.106668
0.106607
0.107614
0.107366
0.108311
0.108406
0.107995
0.108440
0.106049
0.105972
0.106181
0.107859
0.107774
0.107649
0.106679
0.105589
0.106074
0.105963
0.106425
0.106461
0.106324
0.108031
0.106378
0.105249
0.106094
0.106198
0.105360
0.106710
0.106851
0.106029
0.106515
0.105240
0.106925
0.106977
0.105332
0.105610
0.105951
0.104412
0.106683
0.106838
0.106035
0.105441
0.104945
0.106705
0.106132
0.106445
0.106096
0.103610
0.107131
0.106006
0.105973
0.105628
0.106025
0.105464
0.105802
0.106943
0.106515
0.106486
0.106919
0.109576
0.109573
0.110073
0.110451
0.109620
0.107261
0.109635
0.109419
0.109975
0.110073
0.105705
0.107712
0.107813
0.107649
0.108241
0.107830
0.107675
0.107546
0.107607
0.107888
0.106945
0.105497
0.105286
0.106600
0.107880
0.106988
0.107190
0.107097
0.107412
0.107243
0.107310
0.108347
0.106875
0.107057
0.107872
0.104411
0.106678
0.106585
0.109173
0.107917
0.105679
0.105802
0.106519
0.106610
0.106161
0.106042
0.103741
0.108247
0.108015
0.106878
0.106787
0.105708
0.105074
0.104586
0.107397
0.105870
0.108468
0.108149
0.106407
0.107137
0.105392
0.106624
0.106735
0.106958
0.108035
0.105510
0.107002
0.107305
0.106332
0.106463
0.107174
0.107534
0.107855
0.106810
0.107240
0.107177
0.107667
0.107116
0.105148
0.106668
0.107126
0.105014
0.105001
0.102769
0.108087
0.105892
0.106752
0.105308
0.106424
0.105263
0.105543
0.105084
0.107605
0.106989
0.106938
0.106489
0.104701
0.105978
0.105075
0.105135
0.106427
0.104880
0.107189
0.107505
0.107203
0.106936
0.107619
0.108036
0.107185
0.107063
0.107765
0.107697
0.108488
0.109044
0.108586
0.108646
0.106914
0.105287
0.108189
0.107923
0.107254
0.108945
0.108649
0.108053
0.108070
0.108471
0.108521
0.108166
0.107303
0.106540
0.106380
0.106909
0.105132
0.105675
0.105133
0.105665
0.105581
0.105707
0.105683
0.105799
0.105797
0.104982
0.106474
0.109130
0.106408
0.103861
0.105220
0.105524
0.109557
0.107739
0.107790
0.108033
0.108080
0.108302
0.108021
0.108435
0.109548
0.109474
0.109813
0.108537
0.108391
0.106271
0.106526
0.108740
0.109014
0.108815
0.109121
0.109307
0.108560
0.108387
0.108603
0.108483
0.109289
0.109814
0.108926
0.108944
0.109357
0.108908
0.109145
0.109292
0.108869
0.107658
0.109401
0.107147
0.105421
0.099710
0.087908
0.091500
0.145153
0.135420
0.140028
0.124644
0.117804
0.117888
0.148673
0.148487
0.117998
0.103534
0.122730
0.141049
0.141200
0.142048
0.142108
0.142156
0.142306
0.141826
0.141684
0.141986
0.143833
0.143910
0.143461
0.144532
0.145124
0.144345
0.145257
0.147364
0.150258
0.150699
0.152243
0.153327
0.154757
0.157675
0.155466
0.155902
0.159388
0.157792
0.158254
0.156036
0.152825
0.152764
0.156049
0.154593
0.154443
0.155229
0.154492
0.154481
0.152504
0.152315
0.152402
0.152623
0.152062
0.152119
0.153030
0.154723
0.154094
0.154652
0.153698
0.153939
0.153917
0.153379
0.153266
0.153357
0.153652
0.153662
0.153549
0.153584
0.153527
0.152750
0.152940
0.152827
0.153572
0.153552
0.155263
0.153156
0.153320
0.152700
0.154305
0.153349
0.154838
0.155037
0.152763
0.154145
0.152208
0.151102
0.150525
0.153046
0.152922
0.150354
0.149427
0.149846
0.147500
0.145286
0.145284
0.146575
0.145346
0.148311
0.148289
0.150544
0.149486
0.150584
0.151083
0.150534
0.148800
0.146854
0.149586
0.145785
0.146993
0.148035
0.142933
0.143535
0.155196
0.155265
0.154060
0.152547
0.152992
0.155840
0.154245
0.153193
0.155427
0.155022
0.154484
0.155113
0.156616
0.154122
0.154306
0.157646
0.159717
0.155414
0.163066
0.163475
0.163833
0.168848
0.170024
0.164993
0.167915
0.166027
0.169998
0.167726
0.170079
0.168146
0.166547
0.165770
0.165680
0.166065
0.167253
0.164559
0.164226
0.164910
0.165744
0.166026
0.164659
0.164434
0.158983
0.159626
0.160800
0.157767
0.156935
0.157780
0.156098
0.155798
0.152872
0.152480
0.154033
0.150370
0.149775
0.146460
0.143411
0.139068
0.138598
0.138929
0.133820
0.134299
0.135257
0.133952
0.135609
0.138986
0.140061
0.140849
0.139083
0.139544
0.135231
0.136315
0.133622
0.132387
0.133151
0.132654
0.133017
0.133026
0.134748
0.133317
0.134166
0.134385
0.133923
0.134126
0.133133
0.130847
0.130550
0.142367
0.142788
0.142392
0.144129
0.142989
0.141723
0.142463
0.143545
0.139535
0.138193
0.138308
0.138464
0.138252
0.138327
0.137904
0.137829
0.136924
0.137902
0.136264
0.136064
0.136319
0.134974
0.136137
0.136525
0.137586
0.136956
0.137625
0.136585
0.137155
0.134430
0.135817
0.133458
0.135661
0.134866
0.133488
0.133671
0.133106
0.133328
0.132903
0.132573
0.131965
0.131181
0.132358
0.131853
0.129797
0.130242
0.130218
0.131055
0.131711
0.132265
0.132898
0.132723
0.131160
0.130696
0.129358
0.131110
0.129454
0.129686
0.126349
0.127446
0.127139
0.124793
0.123993
0.120477
0.118569
0.118789
0.118073
0.117780
0.116798
0.115777
0.114514
0.113970
0.113945
0.113201
0.112839
0.114467
0.113064
0.112887
0.110635
0.108781
0.112399
0.112124
0.111243
0.111171
0.111849
0.110836
0.108629
0.108474
0.109076
0.107938
0.110557
0.110010
0.110619
0.110448
0.108024
0.107488
0.107371
0.107324
0.105984
0.106083
0.105659
0.104528
0.104705
0.104046
0.106793
0.106696
0.106366
0.106907
0.106217
0.106717
0.106157
0.106056
0.107010
0.109106
0.111572
0.110772
0.110074
0.109892
0.112731
0.112410
0.113050
0.113305
0.114098
0.112206
0.109519
0.108868
0.109536
0.107920
0.102893
0.103679
0.107804
0.107236
0.108010
0.104538
0.106085
0.102560
0.102832
0.101930
0.101849
0.100658
0.102908
0.100865
0.097670
0.097573
0.097328
0.096463
0.097231
0.097296
0.100103
0.100829
0.101332
0.101184
0.101301
0.099057
0.100244
0.100429
0.098378
0.098355
0.097988
0.098216
0.095856
0.093302
0.093259
0.095197
0.093785
0.094554
0.094078
0.094975
0.095424
0.093909
0.092861
0.093570
0.093613
0.091097
0.092188
0.092203
0.090332
0.090328
0.090174
0.088290
0.089244
0.089683
0.089405
0.088103
0.089925
0.089172
0.087473
0.088317
0.094112
0.097333
0.101070
0.100251
0.099731
0.098749
0.097186
0.095477
0.090531
0.089757
0.086706
0.086702
0.088239
0.087412
0.087566
0.087608
0.087246
0.087631
0.087503
0.087252
0.087094
0.087441
0.086065
0.087709
0.087731
0.088300
0.088302
0.088550
0.088464
0.088154
0.088437
0.088280
0.088554
0.088821
0.087963
0.088025
0.086916
0.086902
0.087554
0.087206
0.085642
0.079433
0.077193
0.074932
0.075178
0.074736
0.075334
0.076650
0.076019
0.075581
0.075984
0.077295
0.076196
0.081636
0.082059
0.087232
0.076563
0.076877
0.082478
0.082664
0.085950
0.079809
0.082777
0.081547
0.081579
0.079465
0.076679
0.077110
0.086333
0.086286
0.085612
0.084397
0.084365
0.085725
0.085805
0.084345
0.084879
0.085629
0.084768
0.084730
0.085158
0.085271
0.079568
0.086304
0.086139
0.085350
0.087078
0.088407
0.087444
0.087818
0.086816
0.086533
0.086260
0.086851
0.086818
0.087233
0.086881
0.086930
0.085861
0.086066
0.085887
0.086040
0.086747
0.086130
0.086119
0.084195
0.084726
0.084268
0.084906
0.085227
0.083197
0.083136
0.082816
0.083210
0.082859
0.083464
0.081814
0.082756
0.083680
0.081694
0.103740
0.104275
0.103493
0.103296
0.103477
0.103718
0.103340
0.103777
0.103403
0.103357
0.103698
0.103436
0.103549
0.102056
0.102038
0.102835
0.102691
0.102886
0.103563
0.103276
0.103177
0.103342
0.102385
0.111288
0.111569
0.115714
0.113986
0.114669
0.114620
0.114683
0.104440
0.101529
0.101044
0.093398
0.093462
0.091562
0.092476
0.091589
0.092059
0.092151
0.093199
0.091867
0.092139
0.091989
0.092073
0.092435
0.093403
0.093215
0.092971
0.093123
0.093238
0.092490
0.094004
0.096652
0.096392
0.100708
0.100438
0.100241
0.099455
0.099628
0.099457
0.098794
0.098307
0.098544
0.098680
0.097154
0.097418
0.096694
0.096458
0.096820
0.096883
0.095654
0.094936
0.095658
0.095711
0.094507
0.094603
0.095712
0.095403
0.095485
0.094650
0.092174
0.094944
0.095302
0.095657
0.094240
0.094280
0.092003
0.094774
0.094371
0.095452
0.093947
0.094560
0.091749
0.092158
0.090330
0.090635
0.090933
0.091662
0.091669
0.092984
0.093095
0.093434
0.092901
0.093395
0.092777
0.092036
0.092473
0.092633
0.092846
0.092974
0.092630
0.093870
0.094647
0.094661
0.094023
0.088739
0.088816
0.088214
0.088668
0.089117
0.089162
0.089108
0.089339
0.089344
0.087867
0.088124
0.088358
0.087995
0.088026
0.085976
0.085352
0.078307
0.076394
0.076018
0.077552
0.077410
0.084909
0.085731
0.085741
0.085695
0.084358
0.084440
0.083668
0.083673
0.083283
0.088673
0.087879
0.082187
0.082176
0.081757
0.081958
0.082143
0.082457
0.082460
0.082251
0.082159
0.083536
0.084028
0.084224
0.085696
0.085971
0.089568
0.091278
0.091367
0.094792
0.097369
0.100600
0.101447
0.100047
0.098628
0.098334
0.099233
0.088566
0.083545
0.087751
0.110873
0.134598
0.134570
0.147443
0.117115
0.121207
0.128509
0.120175
0.114261
0.113966
0.111849
0.113066
0.104495
0.104861
0.105138
0.104073
0.103957
0.103623
0.102589
0.102971
0.102419
0.102779
0.102663
0.103298
0.103293
0.103614
0.104172
0.105001
0.104769
0.102505
0.101874
0.101530
0.101771
0.103834
0.105389
0.103769
0.103266
0.101535
0.101396
0.101094
0.104150
0.104004
0.104658
0.105161
0.104931
0.104974
0.104609
0.103961
0.104748
0.104925
0.104333
0.104523
0.104726
0.104266
0.104316
0.104272
0.104207
0.101675
0.101266
0.101539
0.101929
0.101873
0.102154
0.102377
0.105658
0.105379
0.106254
0.105623
0.105864
0.106031
0.105702
0.105909
0.106088
0.105967
0.106718
0.105991
0.106009
0.105638
0.105163
0.105842
0.105680
0.105361
0.106359
0.105606
0.106719
0.106593
0.106971
0.107042
0.106611
0.106887
0.104940
0.104236
0.103317
0.103529
0.104487
0.106036
0.106646
0.106337
0.107430
0.105468
0.104566
0.106925
0.107008
0.107041
0.107523
0.107803
0.108183
0.106830
0.106354
0.106463
0.106944
0.107390
0.106997
0.105224
0.105806
0.106233
0.106758
0.106744
0.107009
0.105651
0.105517
0.105485
0.106700
0.107098
0.106870
0.106605
0.106627
0.105641
0.104952
0.105269
0.107302
0.105457
0.105156
0.104955
0.104867
0.107150
0.107084
0.107158
0.106466
0.107756
0.107305
0.107182
0.106923
0.106969
0.105749
0.107942
0.107096
0.107652
0.107534
0.105020
0.106026
0.107952
0.108325
0.108106
0.108358
0.107572
0.107328
0.106903
0.107186
0.107010
0.107714
0.107471
0.107182
0.106843
0.107086
0.106395
0.107166
0.107232
0.106659
0.106930
0.106729
0.107030
0.107078
0.105928
0.107146
0.106906
0.106645
0.106485
0.107347
0.106943
0.104759
0.107393
0.106896
0.106180
0.105549
0.105871
0.105610
0.105889
0.106228
0.106082
0.105835
0.105975
0.104296
0.104201
0.105988
0.106499
0.106380
0.106512
0.106169
0.106240
0.106692
0.106324
0.105581
0.106600
0.106360
0.106180
0.106834
0.106644
0.107036
0.106849
0.105711
0.106209
0.106162
0.106433
0.107052
0.107118
0.106204
0.106981
0.106740
0.106759
0.106523
0.107027
0.106584
0.106878
0.106109
0.106983
0.106238
0.106811
0.105860
0.106791
0.107073
0.107095
0.107099
0.105875
0.106766
0.106448
0.107436
0.107397
0.106540
0.106359
0.106232
0.105720
0.105932
0.107045
0.106562
0.106439
0.106714
0.106426
0.106660
0.106498
0.105683
0.106096
0.105963
0.106466
0.103754
0.103131
0.106160
0.106642
0.106937
0.104968
0.106870
0.106939
0.106593
0.106321
0.103878
0.107020
0.107050
0.106914
0.107300
0.107680
0.107157
0.107629
0.106378
0.106171
0.106756
0.106697
0.106705
0.106937
0.106637
0.106763
0.107079
0.103720
0.107074
0.106957
0.107110
0.104753
0.106736
0.106623
0.106998
0.107280
0.107548
0.107179
0.107073
0.107176
0.107153
0.107770
0.107449
0.107420
0.107069
0.107091
0.104672
0.103794
0.106804
0.106442
0.106567
0.106902
0.103597
0.104471
0.104521
0.104360
0.104889
0.106403
0.106611
0.106330
0.105836
0.105687
0.106571
0.106987
0.106652
0.106798
0.107224
0.106989
0.106926
0.106805
0.107154
0.107042
0.106012
0.106047
0.106076
0.106201
0.107241
0.106596
0.105767
0.105858
0.104902
0.105197
0.104513
0.106684
0.104469
0.104863
0.105408
0.104318
0.104728
0.104722
0.103545
0.104185
0.103967
0.106863
0.106652
0.104136
0.107814
0.108014
0.108134
0.108521
0.105999
0.104221
0.103364
0.106368
0.107090
0.106332
0.103884
0.106272
0.106031
0.106552
0.106261
0.106099
0.106226
0.107096
0.106689
0.107361
0.107792
0.106980
0.106050
0.106970
0.106244
0.106109
0.106897
0.107177
0.105921
0.106270
0.105837
0.105298
0.106933
0.106766
0.107004
0.107301
0.107410
0.107888
0.107419
0.107221
0.105637
0.105973
0.107045
0.106467
0.106568
0.107523
0.107377
0.105471
0.106679
0.105922
0.106495
0.106436
0.106474
0.106594
0.106106
0.105844
0.103027
0.105701
0.106318
0.106704
0.107511
0.106543
0.106772
0.105985
0.105815
0.106527
0.106449
0.106477
0.106611
0.106455
0.106335
0.105951
0.105964
0.106727
0.106582
0.106572
0.106802
0.106867
0.106022
0.107223
0.106495
0.106674
0.106038
0.107430
0.106164
0.106956
0.107858
0.106769
0.106985
0.106868
0.107431
0.107746
0.107302
0.106783
0.105247
0.105828
0.107215
0.106808
0.106568
0.107331
0.106928
0.105883
0.104949
0.107213
0.106349
0.106302
0.108412
0.107895
0.108159
0.106949
0.105732
0.107122
0.107476
0.106975
0.106805
0.108332
0.107074
0.107420
0.107929
0.107187
0.107472
0.107310
0.106467
0.107157
0.107184
0.107410
0.106256
0.106621
0.106513
0.106368
0.107053
0.106317
0.106636
0.105483
0.106946
0.106654
0.106258
0.106654
0.106902
0.107212
0.106131
0.106900
0.106861
0.106333
0.106225
0.105776
0.106623
0.106038
0.106061
0.105356
0.105910
0.106529
0.105636
0.106241
0.105811
0.106235
0.106318
0.105951
0.106780
0.106006
0.106067
0.105919
0.106173
0.106661
0.106330
0.106293
0.106341
0.106558
0.106450
0.106879
0.106094
0.106170
0.105928
0.107497
0.107031
0.107620
0.106622
0.107083
0.105916
0.106204
0.106154
0.106487
0.105327
0.106467
0.106394
0.106367
0.106253
0.106893
0.106657
0.105801
0.106752
0.105841
0.106423
0.106556
0.105255
0.104932
0.105286
0.105616
0.105696
0.104355
0.105628
0.105773
0.105710
0.104578
0.104887
0.105221
0.106666
0.106345
0.106005
0.105425
0.105034
0.105628
0.105575
0.105111
0.105481
0.105174
0.106441
0.103805
0.102557
0.103608
0.104885
0.105360
0.105929
0.103719
0.102810
0.105478
0.105481
0.105607
0.105406
0.106116
0.105618
0.106304
0.105900
0.105754
0.105761
0.105635
0.106629
0.106678
0.105297
0.105681
0.104555
0.103640
0.105858
0.105512
0.104544
0.105935
0.105388
0.101929
0.104864
0.105546
0.106891
0.107239
0.107383
0.102552
0.103620
0.106497
0.102976
0.101324
0.107129
0.106697
0.104832
0.105543
0.104104
0.106915
0.106058
0.106278
0.104352
0.105013
0.103041
0.101965
0.105883
0.105963
0.105370
0.106187
0.105970
0.106767
0.106522
0.106037
0.105334
0.106359
0.107555
0.105454
0.105563
0.105721
0.105490
0.105332
0.106524
0.106148
0.105372
0.105819
0.107098
0.105932
0.106726
0.106311
0.106496
0.106637
0.105555
0.105788
0.105900
0.105475
0.106310
0.104637
0.103500
0.106902
0.105160
0.106033
0.106590
0.103508
0.103391
0.104044
0.103334
0.103377
0.102884
0.103214
0.103526
0.103158
0.103149
0.103209
0.103793
0.103113
0.103374
0.103740
0.103392
0.103143
0.103171
0.101625
0.096038
0.100090
0.104587
0.144040
0.140560
0.146718
0.124450
0.119217
0.126566
0.116687
0.106993
0.118038
0.091876
0.084578
0.065871
0.074140
0.074462
0.074237
0.073682
0.073393
0.073991
0.072908
0.077290
0.075511
0.075518
0.076216
0.076158
0.076232
0.075002
0.074447
0.078646
0.074859
0.075531
0.074696
0.075607
0.077430
0.077445
0.076857
0.076730
0.074157
0.074940
0.075025
0.073469
0.073801
0.073496
0.072465
0.072456
0.072433
0.072325
0.072233
0.073269
0.073549
0.074194
0.073651
0.074694
0.074766
0.074780
0.074598
0.074866
0.075126
0.074481
0.075116
0.074493
0.074382
0.074801
0.073006
0.078929
0.079434
0.078698
0.078667
0.079345
0.079438
0.079112
0.078667
0.078731
0.078570
0.078682
0.078614
0.078748
0.078800
0.078334
0.078377
0.078297
0.078512
0.078120
0.079004
0.079586
0.079326
0.079836
0.081113
0.080883
0.077689
0.077622
0.076767
0.076507
0.077021
0.076699
0.076627
0.076451
0.076413
0.076891
0.077119
0.077388
0.077682
0.078342
0.078392
0.078479
0.078176
0.078122
0.077994
0.077968
0.078227
0.077558
0.078442
0.078231
0.077599
0.077187
0.077731
0.077633
0.078047
0.078136
0.078189
0.078770
0.099195
0.099116
0.099217
0.098282
0.098459
0.097434
0.096993
0.097668
0.097396
0.095820
0.097553
0.097220
0.096612
0.096797
0.096695
0.096901
0.096238
0.096694
0.096907
0.090698
0.090306
0.091020
0.087762
0.088832
0.087765
0.088363
0.088547
0.089000
0.089005
0.090704
0.090099
0.092670
0.092318
0.091206
0.090961
0.091654
0.092134
0.093136
0.092388
0.091443
0.092457
0.092817
0.085351
0.085254
0.091570
0.085543
0.084520
0.089699
0.084705
0.085894
0.090054
0.085296
0.089971
0.090101
0.090013
0.086976
0.086654
0.086436
0.087021
0.086488
0.091713
0.091242
0.086582
0.090012
0.089696
0.090524
0.090854
0.090977
0.091421
0.091458
0.091160
0.092039
0.091412
0.092719
0.092983
0.093244
0.092801
0.092240
0.094039
0.092930
0.093125
0.094484
0.091886
0.092854
0.091676
0.091761
0.092467
0.091961
0.092146
0.087011
0.086498
0.087109
0.087393
0.087356
0.087172
0.087692
0.087383
0.087728
0.087544
0.087331
0.087755
0.088247
0.088301
0.087947
0.088270
0.088340
0.089868
0.092434
0.093241
0.092608
0.092654
0.093032
0.093183
0.092586
0.091439
0.092307
0.091861
0.091955
0.089178
0.091084
0.072125
0.074267
0.074163
0.074667
0.074199
0.074388
0.074558
0.069636
0.070348
0.074279
0.074207
0.069176
0.068856
0.068683
0.069031
0.068718
0.069162
0.070248
0.069365
0.069506
0.069795
0.069805
0.069703
0.069580
0.069713
0.069528
0.069909
0.069587
0.069739
0.068690
0.068708
0.068599
0.068756
0.068733
0.069682
0.069047
0.069221
0.069484
0.069083
0.069314
0.069673
0.068641
0.070056
0.069810
0.069863
0.068146
0.068007
0.067941
0.067653
0.067994
0.067769
0.067176
0.069132
0.069379
0.069563
0.069219
0.067544
0.067216
0.067189
0.068105
0.067934
0.067139
0.067253
0.066888
0.066179
0.066786
0.065655
0.065745
0.065807
0.065118
0.066271
0.065323
0.065221
0.065605
0.065112
0.065257
0.065789
0.066146
0.065885
0.066718
0.066223
0.066388
0.065748
0.067441
0.066731
0.066373
0.066236
0.067271
0.066569
0.070553
0.068183
0.068633
0.067869
0.068538
0.068176
0.069902
0.070689
0.070692
0.069934
0.069850
0.070026
0.070347
0.070356
0.070581
0.070958
0.071510
0.070144
0.070127
0.070193
0.071182
0.070914
0.070826
0.070816
0.071498
0.070445
0.070235
0.069774
0.070197
0.070371
0.072980
0.082065
0.081164
0.080573
0.080160
0.080738
0.081500
0.078945
0.079007
0.079206
0.079452
0.079756
0.085360
0.086164
0.085022
0.085934
0.087870
0.089564
0.087466
0.088050
0.086441
0.083033
0.084132
0.086552
0.082687
0.082438
0.085486
0.085617
0.084640
0.081149
0.084884
0.088892
0.088627
0.087415
0.085528
0.086869
0.085403
0.084068
0.083054
0.085146
0.085508
0.085102
0.084118
0.085339
0.084177
0.084718
0.083994
0.084911
0.084820
0.084129
0.084181
0.082902
0.085561
0.084016
0.084403
0.084376
0.084550
0.084386
0.083895
0.084856
0.084224
0.084898
0.084543
0.084594
0.085515
0.085286
0.085178
0.085734
0.085651
0.085892
0.086880
0.085387
0.086387
0.085583
0.085438
0.085022
0.085134
0.085085
0.085140
0.085817
0.085393
0.085063
0.085358
0.085575
0.085698
0.084289
0.084916
0.084553
0.085238
0.085402
0.085315
0.085617
0.085651
0.084869
0.085136
0.085071
0.085884
0.085817
0.084546
0.086040
0.086291
0.086312
0.086694
0.086072
0.086134
0.086424
0.088166
0.088462
0.088675
0.089785
0.088638
0.088646
0.088714
0.089461
0.089771
0.088881
0.089091
0.088684
0.087924
0.088280
0.088051
0.005999
0.005562
0.005860
0.006121
0.006127
0.006036
0.006365
0.005957
0.005749
0.005521
0.005470
0.005530
0.005512
0.006049
0.005775
0.005737
0.005368
0.005184
0.004984
0.005273
0.005717
0.005641
0.005496
0.005280
0.005208
0.005183
0.005183
0.005033
0.005180
0.004529
0.004289
0.003384
0.003513
0.003533
0.003666
0.004087
0.004000
0.003487
0.003089
0.002996
0.002941
0.003014
0.003025
0.003257
0.002897
0.002758
0.002479
0.002075
0.001891
0.001807
0.001829
0.001565
0.001362
0.001286
0.001373
0.001536
0.001626
0.001308
0.000917
0.000414
0.000111
0.000000
0.000109
0.000398
0.000835
0.001535
0.001918
0.001870
0.001719
0.001702
0.001735
0.001979
0.002225
0.002554
0.002673
0.002821
0.003179
0.003371
0.003559
0.003670
0.003800
0.003590
0.003607
0.004239
0.004340
0.004628
0.005125
0.005495
0.005534
0.005743
0.005975
0.005957
0.005939
0.006033
0.006940
0.007651
0.007903
0.008127
0.007945
0.008045
0.008778
0.009798
0.010089
0.010681
0.010336
0.010276
0.010360
0.010382
0.010538
0.010297
0.010343
0.010364
0.010549
0.010582
0.010800
0.011019
0.011125
0.011109
0.011225
0.011029
0.072090
0.071332
0.071578
0.070604
0.070136
0.071957
0.071184
0.070796
0.071426
0.073551
0.073350
0.074876
0.075300
0.074100
0.074866
0.075053
0.075088
0.074304
0.074829
0.073418
0.073875
0.074363
0.074597
0.075136
0.074000
0.073812
0.073521
0.072352
0.072386
0.072789
0.074291
0.072012
0.073318
0.073991
0.074220
0.074754
0.075495
0.075525
0.077958
0.084698
0.079753
0.079767
0.086507
0.095818
0.096549
0.098874
0.098385
0.096243
0.097156
0.092989
0.092835
0.093637
0.093788
0.094583
0.100001
0.100405
0.100499
0.101359
0.100162
0.100945
0.100901
0.101087
0.099932
0.100582
0.103379
0.103893
0.108352
0.099847
0.103770
0.102303
0.104099
0.104096
0.103752
0.103196
0.096930
0.097429
0.097989
0.097675
0.097611
0.097987
0.097604
0.099305
0.098564
0.098175
0.096640
0.096135
0.096322
0.096128
0.096059
0.095575
0.094668
0.095422
0.095182
0.095656
0.096002
0.095725
0.098669
0.098541
0.095108
0.094798
0.094856
0.096076
0.097006
0.097376
0.107634
0.101368
0.104267
0.101622
0.109000
0.105693
0.106290
0.112360
0.113690
0.108913
0.106528
0.106613
0.107408
0.106682
0.106955
0.106343
0.069922
0.068976
0.068891
0.069071
0.069015
0.068893
0.069542
0.070660
0.070890
0.070634
0.071209
0.070207
0.069991
0.070398
0.069706
0.069366
0.070328
0.069452
0.069540
0.069238
0.068445
0.068484
0.069292
0.068919
0.069066
0.069662
0.069752
0.070046
0.070295
0.070092
0.069467
0.070120
0.070748
0.070578
0.070720
0.071158
0.070720
0.070244
0.070494
0.070847
0.071438
0.070790
0.069841
0.069889
0.068965
0.068529
0.067968
0.068675
0.067803
0.068307
0.068280
0.068881
0.068003
0.068290
0.068410
0.068970
0.068916
0.068314
0.068565
0.070629
0.069264
0.068950
0.069203
0.069880
0.069342
0.069949
0.070082
0.070128
0.069999
0.070895
0.070517
0.070661
0.070666
0.070676
0.070665
0.070867
0.071488
0.071449
0.071161
0.071287
0.071774
0.071824
0.071161
0.071458
0.071574
0.071519
0.073825
0.072412
0.074669
0.075617
0.075718
0.074729
0.075708
0.075490
0.075991
0.075669
0.076662
0.076067
0.073726
0.071370
0.079110
0.085118
0.139917
0.132082
0.137228
0.124705
0.118866
0.119916
0.122167
0.125935
0.122978
0.104969
0.110333
0.097730
0.105313
0.106921
0.106465
0.106508
0.106543
0.103796
0.107114
0.102848
0.102550
0.106071
0.106660
0.102827
0.103495
0.103210
0.102759
0.102573
0.102335
0.102222
0.102066
0.102054
0.102454
0.102607
0.102648
0.102492
0.102498
0.103288
0.103305
0.103544
0.103331
0.103187
0.103682
0.103680
0.102916
0.102658
0.102903
0.103519
0.103146
0.103437
0.103622
0.103850
0.103654
0.102766
0.103763
0.102358
0.103434
0.103340
0.103518
0.103079
0.102761
0.102504
0.102928
0.103467
0.103333
0.102801
0.103557
0.103166
0.103656
0.103570
0.104667
0.103860
0.103959
0.103754
0.104499
0.103373
0.103559
0.105951
0.103542
0.103916
0.102547
0.103545
0.104208
0.103973
0.103939
0.103302
0.103821
0.103681
0.103635
0.103723
0.104100
0.103640
0.103374
0.103689
0.104082
0.104140
0.103508
0.103239
0.103014
0.103740
0.103716
0.103593
0.102678
0.103010
0.103709
0.103573
0.103576
0.104416
0.103961
0.103942
0.104447
0.103420
0.103517
0.103520
0.104206
0.104023
0.103265
0.103073
0.104126
0.102395
0.104196
0.104279
0.104070
0.104474
0.103878
0.103737
0.104078
0.104037
0.104390
0.103994
0.104646
0.104317
0.104399
0.104354
0.104466
0.104547
0.104191
0.104557
0.104835
0.104199
0.104202
0.103997
0.104649
0.105401
0.104732
0.104578
0.103197
0.104624
0.104206
0.104607
0.104729
0.104715
0.104783
0.104673
0.104182
0.105458
0.105018
0.107232
0.103240
0.103810
0.108346
0.106821
0.107794
0.108519
0.107575
0.107673
0.108110
0.107711
0.107374
0.107218
0.106988
0.107010
0.107002
0.107292
0.107189
0.105728
0.107043
0.104471
0.107191
0.107969
0.108041
0.105408
0.106855
0.107147
0.103246
0.102995
0.103891
0.107259
0.107051
0.103047
0.106403
0.106301
0.102847
0.102591
0.106476
0.102714
0.103154
0.102936
0.103162
0.103363
0.103823
0.103319
0.103402
0.103487
0.103596
0.107508
0.107482
0.107644
0.106039
0.106037
0.107998
0.107180
0.106510
0.103185
0.103702
0.104167
0.107831
0.106993
0.106983
0.107238
0.107430
0.107039
0.106424
0.106573
0.106443
0.107197
0.106766
0.106262
0.106334
0.106805
0.107225
0.106766
0.107436
0.107216
0.107027
0.106408
0.106198
0.106799
0.106952
0.107668
0.107792
0.107026
0.106955
0.106882
0.106948
0.106983
0.106211
0.106395
0.106194
0.107094
0.106713
0.106809
0.106403
0.106467
0.106516
0.105402
0.105804
0.105925
0.106584
0.106729
0.106407
0.106845
0.106777
0.106535
0.105863
0.106773
0.106015
0.106153
0.106925
0.106930
0.105963
0.106155
0.106087
0.104323
0.103164
0.106105
0.106278
0.106840
0.107240
0.107083
0.107210
0.106043
0.106670
0.103346
0.103499
0.103456
0.103963
0.103391
0.103156
0.104093
0.103835
0.103465
0.104146
0.103119
0.103650
0.103283
0.103250
0.102804
0.103491
0.104013
0.103461
0.102805
0.103209
0.103356
0.103856
0.103715
0.103269
0.103795
0.103689
0.104069
0.104245
0.104502
0.103140
0.103967
0.104276
0.103190
0.103756
0.104077
0.104722
0.103349
0.103515
0.103730
0.104439
0.103947
0.104145
0.105836
0.104366
0.106241
0.106151
0.106437
0.106765
0.106520
0.106646
0.107000
0.106299
0.106348
0.106311
0.106675
0.106233
0.106765
0.107174
0.106737
0.106651
0.107093
0.106832
0.106928
0.106778
0.106767
0.106723
0.106900
0.106823
0.107209
0.107107
0.107059
0.107242
0.106867
0.107762
0.107493
0.107035
0.107185
0.107221
0.107361
0.107069
0.107613
0.107940
0.107914
0.108348
0.108341
0.108517
0.108252
0.108278
0.107945
0.107929
0.107783
0.107348
0.106957
0.107687
0.107036
0.106222
0.106929
0.106800
0.107584
0.107901
0.104426
0.107892
0.107888
0.107288
0.107239
0.107429
0.107395
0.108029
0.107771
0.108484
0.107885
0.108000
0.108239
0.107934
0.107885
0.108186
0.107393
0.107916
0.107436
0.108053
0.107720
0.108303
0.104941
0.105435
0.103910
0.104909
0.105479
0.103886
0.104973
0.103893
0.104954
0.105273
0.105081
0.104718
0.105525
0.103858
0.104521
0.104482
0.103494
0.103697
0.104555
0.104223
0.105287
0.105085
0.105043
0.104101
0.105206
0.106576
0.105271
0.105601
0.105752
0.105170
0.105565
0.104982
0.105389
0.104871
0.093980
0.096264
0.096256
0.100464
0.101531
0.101935
0.103566
0.106152
0.105146
0.104622
0.104020
0.116305
0.131266
0.134093
0.125144
0.125272
0.124904
0.124882
0.125949
0.126162
0.127925
0.129120
0.128179
0.129837
0.129424
0.129034
0.129899
0.129773
0.129589
0.133386
0.133540
0.133903
0.132601
0.132977
0.132309
0.132341
0.131037
0.131454
0.132015
0.124523
0.122923
0.124851
0.129802
0.127906
0.127640
0.126727
0.126101
0.127020
0.127179
0.126536
0.127540
0.127853
0.127526
0.126607
0.127064
0.127638
0.122929
0.114086
0.111980
0.118318
0.128444
0.147115
0.173208
0.207061
0.245365
0.285260
0.305678
0.305678
0.305678
0.136103
0.136903
0.136898
0.138074
0.137071
0.137626
0.136254
0.136430
0.137337
0.136808
0.136406
0.136924
0.136818
0.136667
0.137739
0.137914
0.140777
0.140564
0.141283
0.140615
0.140538
0.140286
0.140724
0.140205
0.140529
0.141417
0.141014
0.140610
0.140371
0.140612
0.140897
0.136896
0.140278
0.140525
0.137434
0.136684
0.140498
0.137179
0.136444
0.136525
0.137871
0.138368
0.137212
0.135737
0.137336
0.135809
0.136734
0.137744
0.138039
0.137907
0.137622
0.137598
0.135733
0.136632
0.136540
0.137360
0.138593
0.135279
0.137153
0.137306
0.136483
0.133240
0.134142
0.137538
0.136298
0.136521
0.137264
0.137031
0.138693
0.140006
0.137644
0.137828
0.136880
0.137293
0.135821
0.138203
0.138888
0.140546
0.136670
0.139447
0.140111
0.139025
0.136951
0.136341
0.136038
0.135996
0.136018
0.136460
0.139658
0.136982
0.137269
0.138022
0.135683
0.136497
0.136862
0.138719
0.137385
0.138929
0.136457
0.137076
0.139103
0.136657
0.136491
0.136507
0.137569
0.136554
0.139480
0.137409
0.138085
0.135495
