0.119436
0.113007
0.108373
0.105620
0.102698
0.105239
0.099605
0.091106
0.097070
0.106567
0.105380
0.104665
0.105428
0.106003
0.105555
0.104610
0.108099
0.104057
0.107897
0.107324
0.109917
0.102236
0.107370
0.105350
0.106481
0.098335
0.102916
0.101915
0.098571
0.101979
0.115998
0.136396
0.109865
0.136034
0.138512
0.103241
0.109910
0.139790
0.113062
0.120827
0.132197
0.123673
0.132631
0.127842
0.126233
0.134299
0.136538
0.131570
0.127875
0.126637
0.195428
0.181450
0.179856
0.176662
0.179511
0.183371
0.188354
0.185243
0.183991
0.182298
0.181217
0.174063
0.173983
0.172720
0.172430
0.170099
0.165915
0.164943
0.160706
0.164639
0.165826
0.165365
0.164362
0.167909
0.164723
0.168391
0.166107
0.175641
0.164318
0.130661
0.168226
0.170247
0.179324
0.167560
0.165796
0.172874
0.169441
0.168891
0.190271
0.171730
0.180894
0.164487
0.163520
0.159044
0.163352
0.132320
0.131529
0.128397
0.149353
0.149237
0.147944
0.146892
0.146029
0.118239
0.118565
0.117005
0.117713
0.118288
0.119530
0.119603
0.120011
0.119498
0.117477
0.118320
0.118471
0.117971
0.117528
0.119802
0.119348
0.118971
0.118977
0.119755
0.119931
0.118054
0.117406
0.119574
0.116448
0.118816
0.118502
0.117493
0.116517
0.116168
0.115816
0.117007
0.116512
0.118454
0.117232
0.117979
0.118870
0.118575
0.118816
0.116646
0.118658
0.118663
0.118048
0.118038
0.116675
0.117918
0.118333
0.118622
0.117749
0.120806
0.119991
0.119063
0.118318
0.118850
0.118783
0.116929
0.116258
0.118726
0.119353
0.120165
0.117158
0.116999
0.116905
0.119706
0.119366
0.119965
0.121696
0.119612
0.119503
0.118355
0.223873
0.223852
0.223809
0.225170
0.219149
0.213249
0.205222
0.206121
0.223956
0.222816
0.204046
0.201528
0.219629
0.208158
0.208755
0.210351
0.212864
0.213689
0.212263
0.210692
0.213335
0.211869
0.209531
0.209295
0.210135
0.209435
0.209916
0.209946
0.207434
0.208640
0.210058
0.208429
0.209786
0.208654
0.208281
0.208177
0.208549
0.209219
0.208671
0.209448
0.210807
0.210320
0.209658
0.209878
0.208801
0.209349
0.211088
0.208482
0.085279
0.084990
0.086480
0.086505
0.090660
0.088609
0.088122
0.089651
0.089789
0.090793
0.090959
0.091566
0.089880
0.093895
0.093131
0.095417
0.093215
0.101539
0.100111
0.144357
0.153193
0.153331
0.153079
0.154263
0.154704
0.154317
0.154202
0.154952
0.155298
0.155182
0.154701
0.150948
0.155256
0.154767
0.151184
0.150719
0.152228
0.152040
0.152146
0.152144
0.154948
0.154037
0.160279
0.129987
0.128010
0.126432
0.125523
0.127260
0.129707
0.131720
0.131037
0.132288
0.135073
0.138251
0.138032
0.137934
0.135803
0.135552
0.135633
0.136301
0.137012
0.136569
0.130874
0.131650
0.132780
0.130515
0.129577
0.128461
0.128974
0.125907
0.126525
0.129263
0.129967
0.103755
0.101444
0.101019
0.101428
0.102638
0.092842
0.092654
0.093993
0.094735
0.094765
0.094585
0.095025
0.096849
0.096476
0.096306
0.095743
0.094185
0.093014
0.093857
0.093048
0.092954
0.094104
0.094501
0.094378
0.100653
0.104071
0.103651
0.101659
0.100945
0.103533
0.102019
0.101699
0.102076
0.103511
0.102066
0.101382
0.101975
0.102227
0.101877
0.101301
0.099704
0.100077
0.100904
0.100004
0.100951
0.100553
0.099878
0.108569
0.108544
0.108555
0.109124
0.108536
0.108553
0.108734
0.108700
0.108741
0.108665
0.108739
0.109163
0.108525
0.108623
0.108714
0.109044
0.108586
0.108520
0.108442
0.108741
0.108800
0.108845
0.109271
0.109485
0.108790
0.108541
0.109305
0.110154
0.109430
0.132425
0.120130
0.123981
0.124250
0.110490
0.103886
0.106589
0.101951
0.122331
0.117571
0.119145
0.120620
0.116418
0.109538
0.120386
0.109470
0.117843
0.117054
0.115560
0.111658
0.101261
0.101410
0.112381
0.118855
0.110889
0.114079
0.114533
0.124320
0.108874
0.115317
0.119446
0.118310
0.118937
0.117842
0.114488
0.115589
0.115334
0.125415
0.122351
0.114394
0.117432
0.110111
0.110767
0.114691
0.112688
0.119129
0.112832
0.116809
0.114747
0.115216
0.114660
0.110580
0.115861
0.112976
0.120977
0.125345
0.112682
0.111894
0.102500
0.124276
0.123910
0.081176
0.080121
0.079010
0.077356
0.079017
0.079631
0.079462
0.078475
0.076684
0.079349
0.082774
0.080146
0.082594
0.082305
0.078060
0.078359
0.078328
0.082921
0.079172
0.079842
0.078220
0.077219
0.082166
0.079980
0.079839
0.081185
0.082364
0.082586
0.080851
0.079137
0.077734
0.081028
0.077216
0.077254
0.079229
0.078849
0.077791
0.078714
0.078953
0.081992
0.007229
0.007444
0.007021
0.006740
0.007324
0.007081
0.006793
0.006832
0.006154
0.005107
0.005019
0.004962
0.004904
0.004280
0.004146
0.004115
0.003756
0.002868
0.002068
0.002424
0.002144
0.002132
0.002416
0.002797
0.002561
0.002681
0.002214
0.001834
0.000672
0.000170
0.000117
0.000281
0.000286
0.000277
0.000191
0.000338
0.000892
0.000582
0.000000
0.000522
0.001092
0.001098
0.001522
0.002185
0.002504
0.003209
0.004911
0.005321
0.006045
0.005789
0.005295
0.071671
0.071215
0.071184
0.070707
0.071423
0.067335
0.070437
0.065895
0.065632
0.066167
0.065048
0.065268
0.064999
0.065687
0.065647
0.064185
0.064499
0.065258
0.065336
0.063822
0.064350
0.065481
0.065202
0.065393
0.065278
0.064569
0.069332
0.068781
0.070611
0.071319
0.070013
0.070773
0.068164
0.071075
0.071309
0.071986
0.072853
0.074252
0.073968
0.074677
0.075012
0.076955
0.076092
0.076561
0.074729
0.073802
0.073864
0.076227
0.078934
0.077077
0.074413
0.073986
0.073680
0.073673
0.072761
0.070450
0.071577
0.072925
0.069180
0.070728
0.073822
0.070984
0.070985
0.070801
0.070528
0.073141
0.070282
0.070119
0.071353
0.069875
0.069251
0.069703
0.069436
0.069300
0.070421
0.069340
0.070126
0.069770
0.069624
0.069647
0.069493
0.074812
0.092318
0.094195
0.094199
0.088885
0.093417
0.093551
0.093501
0.097197
0.099258
0.098884
0.098627
0.099079
0.101042
0.096627
0.099908
0.096674
0.094817
0.098898
0.099142
0.098024
0.094971
0.098380
0.098628
0.098032
0.098724
0.098504
0.097950
0.129316
0.130896
0.130765
0.139414
0.131610
0.134918
0.133673
0.131771
0.130328
0.135080
0.132256
0.132241
0.139281
0.141235
0.134617
0.136441
0.134792
0.138226
0.129842
0.135285
0.139083
0.136870
0.137285
0.138784
0.137575
0.141009
0.141335
0.141246
0.142192
0.142518
0.142499
0.142331
0.135715
0.134405
0.133987
0.136832
0.134139
0.134787
0.134837
0.141701
0.144642
0.137228
0.139707
0.131608
0.134159
0.133722
0.133732
0.140502
0.132429
0.132462
0.132354
0.131520
0.134360
0.134773
0.127213
0.125670
0.111274
0.112150
0.115653
0.131619
0.128947
0.131362
0.129117
0.130924
0.132947
0.117658
0.117988
0.119414
0.117695
0.116631
0.116808
0.128332
0.130443
0.136539
0.140331
0.142175
0.142862
0.140321
0.139410
0.138545
0.139864
0.139204
0.137670
0.138868
0.140063
0.140882
0.142378
0.140851
0.139483
0.139473
0.127165
0.125918
0.124678
0.122256
0.122320
0.122511
0.123720
0.124070
0.126322
0.124692
0.124289
0.125598
0.124659
0.125274
0.125738
0.126284
0.134698
0.134333
0.135164
0.137873
0.136880
0.136943
0.137546
0.136033
0.139457
0.134984
0.138469
0.135383
0.137822
0.139065
0.140790
0.141359
0.140454
0.130004
0.129445
0.128410
0.128656
0.127854
0.130648
0.139258
0.131816
0.142644
0.130904
0.133434
0.132576
0.134432
0.136187
0.136535
0.136289
0.131997
0.146020
0.133229
0.140218
0.127070
0.142169
0.132430
0.131867
0.134842
0.129475
0.131851
0.396624
0.383773
0.246173
0.148155
0.146896
0.146173
0.136374
0.135948
0.140771
0.145364
0.157706
0.154974
0.150004
0.125924
0.146598
0.205122
0.200649
0.233205
0.237427
0.234499
0.237252
0.236061
0.237506
0.235699
0.235757
0.236875
0.237054
0.235152
0.239733
0.235327
0.235026
0.236259
0.234161
0.235149
0.234762
0.234850
0.227032
0.239289
0.256221
0.256050
0.256154
0.255587
0.257068
0.237227
0.256871
0.258029
0.253080
0.252759
0.255798
0.239590
0.250620
0.251537
0.248686
0.251047
0.251266
0.245473
0.253310
0.252673
0.248375
0.245583
0.250693
0.250155
0.250665
0.244107
0.244643
0.215154
0.242704
0.239109
0.240520
0.239793
0.238045
0.239055
0.237991
0.240101
0.240513
0.240371
0.240862
0.236723
0.241027
0.241200
0.237999
0.236760
0.238149
0.235846
0.236887
0.237883
0.236358
0.236400
0.236854
0.235588
0.242931
0.168421
0.163280
0.185115
0.198703
0.226017
0.230746
0.222006
0.220605
0.221623
0.219391
0.226607
0.236823
0.241342
0.238071
0.244811
0.252621
0.224754
0.227534
0.222097
0.219254
0.258194
0.222106
0.219992
0.257505
0.245652
0.230443
0.226624
0.241526
0.245200
0.253546
0.258554
0.244157
0.244062
0.248335
0.245410
0.250065
0.249014
0.247263
0.248535
0.247165
0.246809
0.246551
0.246609
0.246483
0.246981
0.154241
0.144064
0.142651
0.141845
0.139557
0.141996
0.147008
0.146358
0.143192
0.136256
0.147875
0.132411
0.135912
0.141434
0.130153
0.128475
0.125789
0.133436
0.132086
0.133946
0.142119
0.140551
0.128280
0.129860
0.129371
0.127198
0.131708
0.131631
0.128662
0.127544
0.140939
0.133649
0.141955
0.150944
0.150444
0.149522
0.148163
0.146050
0.147942
0.147311
0.149410
0.150425
0.156772
0.156052
0.157565
0.158049
0.159088
0.158331
0.156157
0.156451
0.158448
0.156074
0.156128
0.155762
0.155049
0.150262
0.155921
0.143571
0.140475
0.144695
0.141378
0.141154
0.140624
0.142280
0.143183
0.142056
0.138115
0.141638
0.142583
0.139361
0.141066
0.140002
0.143351
0.143618
0.164953
0.175272
0.160144
0.164146
0.169791
0.166604
0.165050
0.154474
0.149471
0.150680
0.149209
0.145823
0.148547
0.152705
0.152783
0.155622
0.155968
0.151660
0.152349
0.155202
0.148633
0.150680
0.147214
0.149281
0.094587
0.089474
0.092182
0.094283
0.094461
0.094949
0.091745
0.091147
0.094087
0.092386
0.094879
0.095076
0.100190
0.097929
0.097823
0.097791
0.098565
0.098080
0.098464
0.100388
0.123216
0.121530
0.119914
0.121006
0.121002
0.121268
0.117204
0.118041
0.118446
0.120570
0.121794
0.120668
0.121140
0.121284
0.120671
0.124193
0.127956
0.127285
0.127594
0.126005
0.125783
0.128811
0.110702
0.108825
0.127770
0.109079
0.112501
0.112201
0.111403
0.112451
0.114238
0.115564
0.116255
0.116926
0.116727
0.115756
0.115342
0.115026
0.113904
0.114001
0.114035
0.112936
0.113154
0.114113
0.116646
0.115451
0.113459
0.118061
0.118332
0.116641
0.115077
0.115886
0.114591
0.106282
0.120786
0.123212
0.120414
0.123822
0.120252
0.120219
0.118488
0.128333
0.127150
0.126785
0.121361
0.112497
0.103169
0.107636
0.108515
0.114847
0.116051
0.115713
0.116127
0.108621
0.107629
0.109247
0.101332
0.109490
0.110068
0.108403
0.109705
0.108996
0.109659
0.109356
0.114650
0.116246
0.112233
0.111936
0.111000
0.111456
0.113441
0.107992
0.122692
0.113045
0.113971
0.120873
0.118473
0.134195
0.134342
0.133287
0.121620
0.122426
0.119134
0.067702
0.070660
0.069026
0.070219
0.066589
0.066973
0.068998
0.069250
0.068273
0.068061
0.067068
0.067229
0.067359
0.067972
0.067274
0.067156
0.067512
0.067965
0.067969
0.068532
0.069293
0.067650
0.069202
0.068985
0.069659
0.067338
0.067691
0.067615
0.069301
0.069732
0.069801
0.068511
0.068553
0.066091
0.068043
0.065960
0.074176
0.073666
0.072550
0.072906
0.078006
0.082110
0.083598
0.081700
0.083168
0.085411
0.083691
0.084116
0.087068
0.087570
0.089702
0.090347
0.082715
0.089695
0.089610
0.087376
0.084138
0.082218
0.086717
0.086579
0.086732
0.087618
0.089934
0.087546
0.087788
0.088537
0.091145
0.090960
0.092264
0.088275
0.088226
0.091838
0.091399
0.085013
0.084955
0.085398
0.083839
0.084573
0.084479
0.084395
0.084587
0.083753
0.083387
0.083766
0.085295
0.086407
0.083216
0.082467
0.083766
0.083081
0.082044
0.082717
0.081947
0.080922
0.081222
0.080815
0.080041
0.085660
0.083372
0.083176
0.080891
0.081923
0.081808
0.082731
0.081755
0.084495
0.081415
0.081130
0.082014
0.081845
0.081677
0.080535
0.080359
0.080951
0.081202
0.080458
0.080705
0.080849
0.080038
0.080497
0.081043
0.080127
0.082122
0.080496
0.081230
0.080879
0.080264
0.079783
0.079700
0.079584
0.079810
0.079079
0.113632
0.107394
0.111926
0.114249
0.109472
0.112168
0.108157
0.115045
0.112612
0.113780
0.112287
0.111457
0.113646
0.112737
0.111279
0.109827
0.114685
0.112731
0.118180
0.116792
0.123418
0.117605
0.121115
0.120418
0.123304
0.121603
0.120536
0.120446
0.118335
0.113641
0.119990
0.121624
0.122474
0.123215
0.125371
0.124849
0.122593
0.126306
0.126320
0.122307
0.123395
0.121207
0.123943
0.124466
0.124744
0.123790
0.118453
0.120974
0.121628
0.121261
0.116217
0.120605
0.118740
0.124667
0.125034
0.117178
0.116211
0.115142
0.114896
0.120782
0.118480
0.120616
0.123709
0.122525
0.123831
0.124127
0.121692
0.121503
0.120679
0.119504
0.121083
0.122224
0.122089
0.121072
0.127047
0.124512
0.124885
0.120124
0.120635
0.121621
0.123041
0.125395
0.118559
0.123556
0.124659
0.123037
0.119476
0.117834
0.116864
0.118207
0.116883
0.122633
0.120070
0.116682
0.119180
0.117449
0.118160
0.124504
0.124372
0.123295
0.123998
0.123478
0.124842
0.120970
0.123889
0.120663
0.120824
0.119891
0.118858
0.119030
0.121062
0.119134
0.120084
0.120105
0.121920
0.121185
0.120640
0.124053
0.124049
0.121481
0.121343
0.121757
0.122266
0.122130
0.121799
0.121844
0.121317
0.121537
0.121446
0.121121
0.121065
0.121335
0.121382
0.120727
0.123988
0.123918
0.121052
0.121174
0.120820
0.120138
0.120526
0.121138
0.120752
0.174958
0.175777
0.173356
0.183215
0.174750
0.184935
0.183712
0.179090
0.173538
0.171894
0.171702
0.169568
0.172595
0.174229
0.173427
0.172922
0.171330
0.174616
0.176239
0.176217
0.176668
0.174021
0.170979
0.170699
0.169250
0.171367
0.172941
0.174320
0.173595
0.174619
0.171637
0.174318
0.172817
0.168417
0.167595
0.167070
0.164323
0.165245
0.163903
0.171582
0.165862
0.171027
0.171566
0.168992
0.165892
0.169895
0.165397
0.168699
0.167683
0.162955
0.162304
0.159463
0.165028
0.165267
0.168680
0.168239
0.168356
0.169024
0.169879
0.168192
0.165110
0.166261
0.166434
0.166357
0.166698
0.163823
0.163987
0.164125
0.165999
0.163777
0.165558
0.165133
0.164249
0.164105
0.163320
0.164650
0.163965
0.162656
0.163845
0.163096
0.162006
0.163580
0.161448
0.160768
0.160032
0.161268
0.161704
0.162184
0.161564
0.161542
0.160032
0.161073
0.161337
0.161283
0.160043
0.160167
0.156981
0.159165
0.159290
0.160500
0.159674
0.159201
0.160010
0.159018
0.165644
0.166777
0.166137
0.167456
0.165024
0.166743
0.167190
0.166302
0.161549
0.163130
0.164811
0.163444
0.166045
0.167118
0.165751
0.163769
0.093127
0.089282
0.088377
0.093659
0.091851
0.097360
0.092595
0.099904
0.089770
0.090757
0.090044
0.095773
0.091546
0.093658
0.096846
0.097070
0.095431
0.096664
0.097403
0.095749
0.095428
0.091732
0.093219
0.093578
0.091628
0.092849
0.091950
0.093893
0.093723
0.093516
0.095229
0.097332
0.096773
0.099553
0.097192
0.098235
0.096220
0.097364
0.097110
0.097753
0.096848
0.098300
0.096648
0.092032
0.104547
0.101425
0.094899
0.101712
0.097509
0.094398
0.092490
0.096624
0.094393
0.094774
0.097027
0.096342
0.097872
0.095039
0.094732
0.097475
0.150885
0.151339
0.149857
0.141379
0.140266
0.141444
0.141296
0.140795
0.145664
0.147449
0.148320
0.148279
0.148666
0.149866
0.148651
0.165518
0.155531
0.163030
0.164165
0.165262
0.164717
0.154517
0.153732
0.180293
0.148151
0.177552
0.153972
0.174388
0.154094
0.143497
0.143459
0.141216
0.136232
0.133271
0.128891
0.137343
0.195013
0.171271
0.196258
0.231250
0.257880
0.277798
0.285449
0.290668
0.310274
0.290944
0.292976
0.219334
0.221332
0.227820
0.223222
0.226242
0.228400
0.225384
0.226572
0.227697
0.224670
0.227395
0.225688
0.226146
0.223925
0.226833
0.217240
0.231350
0.237293
0.238474
0.236108
0.230640
0.228137
0.223569
0.260112
0.228324
0.229433
0.232697
0.230700
0.262291
0.231098
0.234780
0.234674
0.101589
0.098813
0.098611
0.103920
0.101192
0.104579
0.103923
0.104544
0.098333
0.104501
0.097386
0.100987
0.102752
0.101355
0.100309
0.102572
0.103169
0.100767
0.097233
0.098805
0.089643
0.095309
0.095604
0.095332
0.099292
0.096201
0.095068
0.091268
0.092539
0.094584
0.097732
0.101715
0.105064
0.104634
0.097404
0.095205
0.096472
0.096839
0.096800
0.095435
0.097786
0.098259
0.096612
0.097007
0.099600
0.097918
0.099001
0.098292
0.090397
0.089548
0.091907
0.088320
0.094308
0.091241
0.097811
0.098738
0.098381
0.095163
0.096276
0.096054
0.095519
0.090192
0.090251
0.092270
0.098335
0.092739
0.090557
0.091529
0.093164
0.093036
0.091021
0.090500
0.092605
0.092197
0.107519
0.107055
0.103225
0.091851
0.093460
0.091757
0.092987
0.105047
0.105854
0.106040
0.092420
0.092229
0.092021
0.093588
0.092840
0.092989
0.090834
0.092615
0.154354
0.155215
0.153824
0.154251
0.154441
0.156675
0.156132
0.156704
0.155264
0.156873
0.156927
0.156264
0.158579
0.155592
0.156588
0.155911
0.155400
0.156572
0.158550
0.159679
0.159218
0.159631
0.156604
0.159208
0.158690
0.157083
0.157840
0.157458
0.155887
0.156935
0.158301
0.157934
0.160627
0.158299
0.159563
0.159414
0.158602
0.159938
0.154287
0.155658
0.155345
0.153556
0.153401
0.154368
0.153731
0.154945
0.155302
0.155062
0.155952
0.155233
0.155833
0.156027
0.155140
0.151586
0.154819
0.154726
0.156761
0.156599
0.157185
0.162951
0.154623
0.154511
0.162401
0.157953
0.161396
0.163624
0.151199
0.153775
0.151784
0.157194
0.159539
0.163148
0.163568
0.161662
0.160965
0.168373
0.163118
0.168594
0.162768
0.162348
0.162667
0.161924
0.163992
0.156124
0.155203
0.154940
0.157919
0.160880
0.160378
0.158337
0.159961
0.156059
0.157762
0.161019
0.160811
0.158726
0.155163
0.157359
0.157621
0.161150
0.160777
0.160627
0.158307
0.152159
0.171955
0.172613
0.171418
0.170661
0.170193
0.174039
0.174194
0.173954
0.173774
0.170840
0.140694
0.141072
0.140668
0.142763
0.140894
0.141197
0.141187
0.139286
0.139891
0.139874
0.140212
0.139308
0.139434
0.139559
0.138826
0.139683
0.140799
0.140139
0.139437
0.139480
0.140719
0.140997
0.140244
0.141170
0.140004
0.141590
0.140829
0.141226
0.141622
0.141773
0.140724
0.141349
0.140803
0.140526
0.137722
0.141974
0.140975
0.142890
0.138015
0.142209
0.142334
0.140917
0.143922
0.143451
0.146415
0.146095
0.145223
0.150291
0.145135
0.146339
0.151456
0.140310
0.147841
0.142018
0.145650
0.141855
0.141317
0.143159
0.156145
0.145752
0.153242
0.152985
0.154796
0.152658
0.154409
0.154434
0.151580
0.153180
0.152936
0.154204
0.152655
0.152577
0.153165
0.154268
0.153626
0.151193
0.152063
0.155770
0.155193
0.151481
0.151306
0.152746
0.153691
0.151945
0.155000
0.156871
0.156486
0.157759
0.156986
0.157605
0.156341
0.153125
0.155309
0.154575
0.154599
0.158701
0.158292
0.157436
0.158024
0.158740
0.431598
0.429314
0.432117
0.430629
0.431596
0.430479
0.431832
0.434811
0.454646
0.431077
0.408052
0.430918
0.445542
0.526464
0.516082
0.456666
0.543027
0.523948
0.534283
0.528837
0.520298
0.529452
0.525327
0.542208
0.559911
0.547365
0.495409
0.493448
0.490272
0.490069
0.484101
0.484022
0.480955
0.484874
0.488202
0.480140
0.484519
0.489374
0.512212
0.511930
0.512840
0.512974
0.512549
0.512912
0.512804
0.512850
0.512907
0.259993
0.260300
0.260263
0.260306
0.260127
0.260807
0.260829
0.260794
0.260905
0.260282
0.260291
0.260291
0.260302
0.260305
0.260305
0.260305
0.260304
0.260304
0.260304
0.260304
0.260304
0.260304
0.260304
0.260304
0.260304
0.260304
0.260304
0.260304
0.260304
0.260222
0.260304
0.260222
0.260304
0.260304
0.097453
0.098739
0.098545
0.099800
0.099650
0.099321
0.099606
0.100759
0.099714
0.097283
0.100816
0.101352
0.095667
0.099554
0.101061
0.100733
0.098020
0.097654
0.100501
0.100434
0.100091
0.093789
0.096031
0.096858
0.099810
0.103234
0.100922
0.094049
0.095456
0.099918
0.097784
0.094867
0.095158
0.095108
0.094197
0.095383
0.095797
0.096649
0.098569
0.097346
0.097275
0.096571
0.098888
0.097851
0.098967
0.098824
0.098247
0.098872
0.097246
0.098192
0.094210
0.090630
0.112038
0.111992
0.111507
0.108112
0.108816
0.106195
0.085297
0.096851
0.098875
0.095002
0.099811
0.099180
0.098778
0.098637
0.099533
0.100535
0.098810
0.098393
0.099803
0.098128
0.099366
0.099505
0.099952
0.100269
0.099898
0.099747
0.100895
0.099589
0.098569
0.098634
0.099027
0.097267
0.096873
0.097308
0.097071
0.097380
0.097187
0.096712
0.099357
0.097900
0.097819
0.097905
0.098309
0.099078
0.099714
0.099602
0.099631
0.099769
0.099860
0.099258
0.098991
0.098869
0.098165
0.098649
0.089604
0.092108
0.092688
0.095375
0.093827
0.090538
0.094010
0.094626
0.097559
0.097361
0.095225
0.095876
0.094671
0.093637
0.096866
0.095811
0.093734
0.093984
0.093926
0.094674
0.095726
0.094525
0.093310
0.094247
0.093615
0.090425
0.093690
0.092746
0.089312
0.087712
0.087792
0.091955
0.090139
0.089102
0.089708
0.090237
0.088908
0.088521
0.088829
0.087396
0.088242
0.088093
0.089229
0.086315
0.088994
0.088035
0.087365
0.089036
0.091665
0.090311
0.090438
0.090450
0.090671
0.151163
0.150468
0.133163
0.135892
0.135263
0.134685
0.148745
0.137525
0.139584
0.143855
0.138619
0.140104
0.139771
0.140731
0.150854
0.153067
0.150718
0.152419
0.151539
0.151601
0.151050
0.149799
0.152201
0.149885
0.151588
0.150358
0.150582
0.149763
0.146264
0.145653
0.144964
0.146201
0.146826
0.146857
0.147398
0.147667
0.145126
0.148424
0.148723
0.147241
0.146724
0.147344
0.148013
0.148076
0.147938
0.147712
0.148711
0.148852
0.082820
0.101671
0.085321
0.088151
0.091723
0.085173
0.084417
0.091102
0.099660
0.094305
0.099693
0.097865
0.102312
0.097329
0.100117
0.101095
0.098382
0.103234
0.096702
0.113708
0.098233
0.093031
0.094530
0.108437
0.107756
0.096810
0.089014
0.107866
0.090381
0.106399
0.092563
0.094369
0.104336
0.099869
0.095737
0.095786
0.098009
0.100901
0.105076
0.104717
0.100190
0.100386
0.102717
0.102087
0.103517
0.101748
0.101868
0.101701
0.104181
0.104220
0.104968
0.101722
0.103575
0.103775
0.103242
0.104055
0.103651
0.104668
0.103767
0.104587
0.104233
0.103925
0.103193
0.103208
0.103960
0.103286
0.103609
0.103503
0.099000
0.098574
0.097477
0.097214
0.097375
0.097472
0.097524
0.097010
0.097230
0.096886
0.096815
0.096927
0.098129
0.097279
0.097066
0.096922
0.096859
0.097413
0.098590
0.098952
0.096973
0.096069
0.096408
0.096121
0.095596
0.094942
0.095153
0.094780
0.095251
0.094778
0.094828
0.118027
0.122188
0.119283
0.119370
0.123359
0.121906
0.118387
0.118272
0.115068
0.115547
0.115694
0.116183
0.121197
0.123130
0.123226
0.121554
0.121863
0.122249
0.117969
0.117467
0.114873
0.116102
0.119681
0.123158
0.124465
0.121632
0.120811
0.120753
0.119772
0.121604
0.119518
0.120435
0.117703
0.115945
0.111766
0.119005
0.120602
0.120519
0.123439
0.123983
0.121527
0.122330
0.120801
0.119658
0.119250
0.116222
0.116313
0.119981
0.122887
0.124802
0.120881
0.123115
0.124975
0.123648
0.119663
0.119040
0.118268
0.119998
0.117566
0.123530
0.124597
0.124348
0.123388
0.125665
0.125794
0.121609
0.118119
0.119292
0.120014
0.117857
0.119501
0.122229
0.124382
0.122786
0.124386
0.123764
0.166631
0.167023
0.162602
0.162519
0.159458
0.158821
0.161461
0.162121
0.151849
0.151560
0.153812
0.153170
0.148887
0.150252
0.154564
0.157831
0.156071
0.154879
0.158018
0.159019
0.159667
0.156730
0.157763
0.155097
0.155796
0.153148
0.154818
0.153144
0.151423
0.150734
0.148429
0.150677
0.151087
0.152184
0.159415
0.159587
0.159935
0.160572
0.161197
0.161477
0.159159
0.161858
0.161816
0.161286
0.161609
0.161474
0.162698
0.162164
0.162748
0.161962
0.162245
0.164012
0.161583
0.164071
0.163125
0.164596
0.164382
0.162324
0.163714
0.165644
0.164973
0.161913
0.163831
0.165324
0.162986
0.165718
0.163359
0.162851
0.163448
0.162855
0.164538
0.164378
0.164814
0.163423
0.162735
0.163016
0.162388
0.163597
0.160739
0.162743
0.162279
0.160557
0.161783
0.159111
0.156786
0.157703
0.156750
0.156474
0.156728
0.157105
0.152651
0.155754
0.154411
0.154200
0.153762
0.153932
0.147287
0.155728
0.147462
0.149409
0.155326
0.153445
0.149172
0.153899
0.148520
0.148393
0.150329
0.148856
0.147716
0.148188
0.147130
0.089713
0.083396
0.089369
0.088465
0.089939
0.087008
0.087614
0.087951
0.088732
0.087565
0.088199
0.087485
0.087855
0.087069
0.089249
0.087711
0.086172
0.082400
0.090041
0.089600
0.088526
0.088138
0.088491
0.094013
0.093170
0.092677
0.095809
0.096392
0.098318
0.090348
0.091935
0.090761
0.091562
0.089836
0.090055
0.089352
0.097796
0.090659
0.090690
0.088645
0.090158
0.097448
0.097973
0.100713
0.103039
0.096583
0.102767
0.106544
0.105250
0.102211
0.105745
0.104758
0.102905
0.103103
0.098166
0.091503
0.078814
0.083390
0.080446
0.080972
0.078000
0.081938
0.084592
0.085065
0.089085
0.087827
0.083007
0.083222
0.083061
0.088217
0.081458
0.086970
0.086753
0.088819
0.091202
0.095883
0.084985
0.104035
0.104171
0.089939
0.091668
0.091115
0.088027
0.091602
0.089899
0.088482
0.088234
0.088578
0.088375
0.088076
0.088314
0.088603
0.087358
0.088153
0.088257
0.088521
0.086751
0.087016
0.086791
0.086118
0.086907
0.088137
0.086913
0.089212
0.086661
0.084812
0.085989
0.083608
0.088108
0.088347
0.087836
0.081653
0.084429
0.083603
0.084671
0.086755
0.088953
0.088650
0.088180
0.086573
0.086966
0.087164
0.088124
0.088314
0.087167
0.082123
0.081935
0.084477
0.085918
0.087447
0.088782
0.096864
0.096293
0.099544
0.099139
0.096170
0.096286
0.096055
0.095711
0.097023
0.096426
0.095868
0.095380
0.091812
0.090872
0.095292
0.097008
0.098085
0.096244
0.091109
0.094061
0.091762
0.092795
0.094593
0.095956
0.094379
0.095848
0.095028
0.094367
0.096235
0.092049
0.087290
0.088760
0.086669
0.077146
0.087022
0.088140
0.067185
0.087258
0.075974
0.071847
0.085624
0.089774
0.088216
0.068400
0.091222
0.092093
0.069211
0.077633
0.106011
0.105976
0.107360
0.106081
0.102238
0.102419
0.105235
0.101104
0.098204
0.101277
0.103489
0.102564
0.103455
0.103407
0.089809
0.093772
0.091866
0.094109
0.092882
0.098166
0.099932
0.105972
0.104506
0.103815
0.101404
0.100135
0.099421
0.102435
0.104160
0.103237
0.149264
0.149640
0.148056
0.149573
0.154004
0.149147
0.150140
0.149269
0.150648
0.156832
0.146810
0.145534
0.105161
0.105119
0.109481
0.126672
0.131395
0.147547
0.155003
0.145582
0.148629
0.148661
0.146216
0.136952
0.136645
0.140098
0.136570
0.140310
0.144233
0.144413
0.146073
0.148629
0.145295
0.153869
0.154112
0.146350
0.137305
0.127683
0.121399
0.125971
0.123227
0.127451
0.144219
0.154358
0.147830
0.144944
0.146713
0.150061
0.154690
0.156465
0.164665
0.164605
0.167711
0.164151
0.154391
0.164045
0.138698
0.141715
0.155292
0.163356
0.163522
0.166460
0.166115
0.165017
0.164905
0.170868
0.155041
0.146272
0.160734
0.152867
0.152023
0.148611
0.148131
0.146177
0.144927
0.143145
0.140373
0.080896
0.139972
0.145559
0.145837
0.102035
0.151540
0.145126
0.146594
0.143710
0.142914
0.145535
0.151040
0.148955
0.148157
0.148580
0.149613
0.152157
0.154869
0.154083
0.151138
0.149472
0.148594
0.141237
0.149658
0.151001
0.157826
0.149759
0.144319
0.151844
0.154288
0.153087
0.148835
0.153613
0.145979
0.140562
0.153097
0.145652
0.148927
0.149745
0.144325
0.144287
0.147962
0.146331
0.147540
0.144676
0.142551
0.136549
0.133574
0.135721
0.139790
0.137822
0.138147
0.142499
0.146466
0.145348
0.149671
0.144468
0.093281
0.081067
0.091797
0.079063
0.081446
0.079473
0.091211
0.098644
0.081077
0.099112
0.096588
0.083317
0.081760
0.079356
0.080674
0.083367
0.081606
0.097694
0.082340
0.082414
0.099061
0.083192
0.083095
0.087451
0.090414
0.082609
0.084356
0.086977
0.079925
0.078000
0.080725
0.085914
0.088152
0.081578
0.081758
0.078705
0.075835
0.077076
0.077987
0.078954
0.077643
0.072984
0.077141
0.087124
0.086442
0.087190
0.088394
0.088958
0.089609
0.090780
0.090707
0.080122
0.077872
0.076082
0.073853
0.070322
0.067814
0.066963
0.067282
0.067004
0.066675
0.065985
0.069434
0.063702
0.066077
0.070510
0.079959
0.066347
0.064955
0.064896
0.063683
0.076750
0.062259
0.056703
0.062051
0.066785
0.069206
0.068456
0.104263
0.091851
0.103307
0.100536
0.100040
0.102532
0.101785
0.101638
0.101381
0.090482
0.101381
0.103597
0.102093
0.102761
0.099935
0.106358
0.105894
0.103233
0.103520
0.104630
0.103651
0.103689
0.103156
0.103327
0.102356
0.103911
0.103217
0.087412
0.103664
0.103140
0.105940
0.100535
0.144223
0.145764
0.155273
0.138710
0.138740
0.137400
0.139544
0.156983
0.148233
0.144977
0.143497
0.142810
0.150168
0.149181
0.148642
0.151838
0.134792
0.141144
0.141208
0.140156
0.141081
0.148864
0.149024
0.147220
0.147402
0.146051
0.118130
0.135777
0.136837
0.135471
0.140258
0.148131
0.149346
0.122386
0.125623
0.158117
0.103198
0.099718
0.098256
0.098113
0.099628
0.097365
0.097183
0.096992
0.099388
0.095956
0.095966
0.096837
0.096821
0.097150
0.097426
0.097265
0.097522
0.097846
0.100342
0.099279
0.099993
0.099821
0.103808
0.105148
0.102161
0.102374
0.102343
0.102169
0.104576
0.103375
0.104689
0.102943
0.103569
0.101727
0.100906
0.113826
0.103706
0.104826
0.104992
0.110902
0.106623
0.107015
0.112579
0.110962
0.107284
0.113086
0.098177
0.105799
0.106845
0.110755
0.112162
0.106670
0.111704
0.109557
0.111341
0.109094
0.109990
0.109232
0.109374
0.110627
0.108833
0.119702
0.111642
0.115587
0.112257
0.104486
0.106183
0.103934
0.110546
0.106897
0.108138
0.111879
0.105308
0.104887
0.104758
0.105052
0.113005
0.116045
0.114501
0.107219
0.113804
0.117016
0.111503
0.116401
0.116392
0.102599
0.103591
0.107981
0.107690
0.106644
0.107307
0.105598
0.107942
0.106068
0.107296
0.105737
0.105706
0.106934
0.106637
0.107482
0.107006
0.102667
0.105437
0.108156
0.107876
0.107803
0.105626
0.113621
0.116591
0.108454
0.110519
0.116035
0.105362
0.104373
0.104112
0.104393
0.115161
0.111433
0.109332
0.111024
0.110707
0.109745
0.108657
0.106122
0.103347
0.113549
0.115086
0.110787
0.116621
0.109995
0.104787
0.102148
0.101843
0.100882
0.103179
0.102362
0.111843
0.084203
0.083238
0.083258
0.082954
0.083293
0.083393
0.084910
0.085310
0.082731
0.082927
0.086012
0.085351
0.083722
0.084796
0.085288
0.085356
0.085334
0.084337
0.084444
0.085046
0.084611
0.084674
0.083544
0.084820
0.084883
0.084838
0.084540
0.084599
0.123098
0.124288
0.126615
0.125770
0.126617
0.113089
0.105773
0.105671
0.108322
0.107762
0.100592
0.104314
0.117799
0.116434
0.115590
0.115290
0.114673
0.114293
0.115738
0.116334
0.115983
0.115716
0.113502
0.114873
0.115363
0.114199
0.114497
0.120237
0.119858
0.114660
0.118408
0.118181
0.117631
0.117831
0.110855
0.111046
0.102944
0.099911
0.112680
0.119919
0.119976
0.118620
0.111110
0.110466
0.109281
0.109918
0.109575
0.108124
0.106426
0.103056
0.091042
0.093407
0.088345
0.085139
0.081629
0.087435
0.076658
0.076547
0.076811
0.084201
0.084528
0.084718
0.090461
0.101624
0.099095
0.099372
0.102456
0.102831
0.104784
0.120793
0.118008
0.106811
0.107226
0.108215
0.108748
0.112044
0.113169
0.110166
0.108044
0.109506
0.109974
0.109189
0.107298
0.107713
0.112223
0.106307
0.106817
0.108161
0.106518
0.103981
0.108291
0.108895
0.106155
0.110215
0.108525
0.109827
0.107979
0.107074
0.111796
0.113776
0.120990
0.119449
0.119067
0.120524
0.119395
0.118972
0.119928
0.115997
0.101042
0.100480
0.100744
0.111102
0.112991
0.111692
0.114861
0.116340
0.115619
0.116330
0.115271
0.114742
0.112637
0.116701
0.116182
0.116734
0.115768
0.115425
0.117411
0.118327
0.122001
0.117514
0.113595
0.111453
0.119633
0.118576
0.119430
0.119958
0.118866
0.116665
0.113638
0.126166
0.124504
0.124992
0.124179
0.124152
0.122825
0.124569
0.124311
0.124581
0.123948
0.125527
0.122765
0.121352
0.122333
0.124634
0.122404
0.121275
0.122177
0.122682
0.122839
0.122210
0.121891
0.122787
0.123653
0.126627
0.125184
0.121999
0.129525
0.121817
0.119927
0.117663
0.121663
0.121205
0.118981
0.121360
0.118580
0.113480
0.112816
0.113493
0.114702
0.113265
0.112517
0.113340
0.111915
0.112499
0.109849
0.108182
0.113237
0.119293
0.111815
0.108502
0.107867
0.107417
0.106590
0.107391
0.108744
0.100703
0.105412
0.104074
0.105623
0.104003
0.104952
0.108336
0.109639
0.114113
0.106893
0.102893
0.102329
0.119062
0.116389
0.112647
0.111715
0.112003
0.109813
0.109814
0.111789
0.111893
0.111801
0.119255
0.113923
0.114280
0.110782
0.122954
0.124934
0.122103
0.127115
0.121101
0.126499
0.128446
0.121809
0.123387
0.127061
0.122813
0.127017
0.149255
0.150330
0.153751
0.155249
0.152134
0.152838
0.153521
0.158508
0.135496
0.131915
0.137416
0.137630
0.136269
0.137313
0.138315
0.137998
0.132445
0.134135
0.132492
0.133622
0.134033
0.133527
0.132389
0.132632
0.130684
0.130514
0.130633
0.130656
0.133705
0.135263
0.132805
0.133489
0.137220
0.133562
0.136262
0.130489
0.129226
0.132957
0.135745
0.131676
0.130358
0.134114
0.136108
0.138958
0.081496
0.081505
0.081554
0.080509
0.081783
0.080447
0.080259
0.080396
0.081385
0.081707
0.085175
0.081545
0.081354
0.081276
0.081362
0.085879
0.084546
0.085630
0.085713
0.085663
0.085106
0.085053
0.084783
0.083299
0.082589
0.082957
0.085932
0.083993
0.081039
0.081142
0.080774
0.081313
0.081428
0.080643
0.081827
0.081353
0.081029
0.081285
0.081322
0.137751
0.135664
0.134694
0.135604
0.138712
0.135837
0.134803
0.136181
0.135063
0.132219
0.136417
0.139317
0.138117
0.140076
0.140135
0.139836
0.140070
0.139817
0.139456
0.140528
0.139616
0.129669
0.130701
0.129198
0.139273
0.138817
0.131573
0.131686
0.138070
0.132690
0.132499
0.136918
0.136051
0.134706
0.138581
0.138116
0.135792
0.136905
0.133733
0.125387
0.134563
0.124954
0.126268
0.127713
0.129010
0.124944
0.129436
0.127014
0.127803
0.125033
0.128528
0.126989
0.128248
0.126952
0.128535
0.127628
0.128324
0.126841
0.125978
0.128450
0.127940
0.127247
0.132571
0.134341
0.132320
0.134612
0.129129
0.129381
0.127579
0.127426
0.128017
0.126372
0.131393
0.130298
0.129335
0.174258
0.132735
0.149793
0.139762
0.156067
0.177129
0.188072
0.194427
0.176194
0.222761
0.216614
0.242282
0.260608
0.263849
0.270780
0.269751
0.270442
0.270748
0.268111
0.270229
0.268908
0.269620
0.270323
0.269472
0.269516
0.269496
0.269957
0.270057
0.270037
0.269814
0.269624
0.269598
0.270024
0.269860
0.269878
0.270070
0.270594
0.270517
0.271786
0.198409
0.210060
0.184290
0.162616
0.157648
0.161919
0.161243
0.157986
0.157061
0.157301
0.157344
0.179357
0.174457
0.179630
0.152383
0.164418
0.175405
0.152497
0.180196
0.180014
0.180609
0.179962
0.180632
0.180455
0.179780
0.180476
0.179850
0.180550
0.152609
0.152493
0.152733
0.171760
0.180435
0.181411
0.152636
0.180136
0.152675
0.152992
0.153071
0.151855
0.152505
0.152703
0.152690
0.152099
0.152185
0.152646
0.152187
0.152007
0.152010
0.152461
0.152449
0.152187
0.180853
0.164252
0.180827
0.152081
0.152409
0.152200
0.151842
0.172088
0.179859
0.160850
0.179563
0.180041
0.161437
0.180905
0.180333
0.180183
0.179857
0.179837
0.172055
0.179852
0.179210
0.172166
0.172266
0.178557
0.177641
0.179892
0.173885
0.181092
0.172846
0.180837
0.174295
0.182861
0.180849
0.179692
0.173942
0.180869
0.180590
0.178914
0.167622
0.178756
0.180824
0.180748
0.180998
0.179064
0.191793
0.206514
0.195650
0.194638
0.192344
0.192116
0.222597
0.232141
0.261758
0.214795
0.214893
0.204102
0.200392
0.200997
0.200406
0.200247
0.204022
0.203987
0.204544
0.203804
0.200440
0.200918
0.200502
0.200782
0.201551
0.200903
0.201222
0.201170
0.200519
0.201443
0.200382
0.200343
0.200389
0.201843
0.200328
0.200230
0.200807
0.200525
0.200157
0.200274
0.200182
0.200184
0.199857
0.200231
0.202172
0.201112
0.201377
0.200174
0.200342
0.200064
0.199863
0.200179
0.201194
0.201300
0.452003
0.453893
0.452726
0.456078
0.449519
0.450074
0.450406
0.432468
0.430603
0.430825
0.408681
0.404732
0.406613
0.407407
0.397045
0.401409
0.395924
0.395020
0.394561
0.396876
0.393831
0.385335
0.381917
0.353273
0.348278
0.348201
0.323205
0.319550
0.179890
0.181704
0.179631
0.181136
0.182801
0.185683
0.187164
0.184814
0.179638
0.184863
0.186625
0.187670
0.192331
0.189585
0.190012
0.185967
0.184170
0.200074
0.192915
0.195217
0.154014
0.183956
0.191510
0.155586
0.154013
0.128225
0.136603
0.137969
0.139462
0.142898
0.135008
0.145631
0.147022
0.146941
0.145751
0.134972
0.133235
0.136957
0.134024
0.132869
0.134364
0.132338
0.132885
0.133204
0.136343
0.132975
0.132430
0.135457
0.134019
0.135429
0.128841
0.131581
0.130268
0.131447
0.132611
0.128788
0.129147
0.131813
0.131748
0.133290
0.133742
0.131332
0.129103
0.131167
0.125509
0.129198
0.126702
0.129528
0.127225
0.128290
0.127507
0.128834
0.125568
0.126828
0.129275
0.130123
0.129544
0.131174
0.126695
0.139016
0.134734
0.139952
0.139921
0.140744
0.240123
0.246968
0.253345
0.253271
0.252289
0.248206
0.246636
0.249319
0.253806
0.246862
0.251484
0.247244
0.248887
0.245825
0.249890
0.246856
0.247616
0.249742
0.251152
0.246054
0.249331
0.251385
0.250446
0.255745
0.255110
0.250187
0.252328
0.254000
0.252733
0.250131
0.252504
0.255727
0.254463
0.251803
0.253644
0.254871
0.256031
0.254283
0.254242
0.251526
0.254798
0.238763
0.250115
0.244666
0.244902
0.245108
0.246564
0.244507
0.247727
0.246263
0.245894
0.243741
0.242391
0.251201
0.245813
0.240351
0.239681
0.242053
0.242573
0.243259
0.238365
0.243932
0.249182
0.241240
0.240397
0.240405
0.241312
0.242864
0.242966
0.242193
0.244396
0.243493
0.240737
0.240713
0.239052
0.239052
0.239304
0.236605
0.237704
0.239602
0.240734
0.241154
0.239676
0.239578
0.239540
0.234286
0.078018
0.082224
0.081183
0.078519
0.076636
0.076849
0.077136
0.076164
0.076781
0.078549
0.078778
0.077679
0.077991
0.077180
0.078929
0.080155
0.078851
0.078847
0.077883
0.080240
0.077390
0.079424
0.079268
0.079658
0.081425
0.075045
0.085233
0.079349
0.079451
0.078315
0.079583
0.081542
0.082272
0.082001
0.081718
0.081396
0.080999
0.078920
0.082655
0.080460
0.079908
0.081229
0.078607
0.086150
0.085777
0.084479
0.083638
0.082677
0.084216
0.082012
0.080398
0.079804
0.081430
0.080119
0.080217
0.080183
0.079842
0.079093
0.080143
0.080926
0.088193
0.085073
0.082187
0.075712
0.080252
0.083932
0.082559
0.082197
0.082469
0.082677
0.081790
0.083484
0.083324
0.083539
0.082245
0.075881
0.080105
0.074312
0.080214
0.083258
0.082940
0.079484
0.079689
0.078303
0.080092
0.081082
0.081816
0.081580
0.081378
0.079380
0.082409
0.081979
0.082623
0.082312
0.082069
0.082547
0.080794
0.081048
0.080723
0.080552
0.079933
0.081124
0.082174
0.081861
0.081341
0.082306
0.081287
0.083491
0.085425
0.081180
0.097323
0.097219
0.097826
0.097598
0.097989
0.097795
0.097794
0.097332
0.097578
0.097477
0.097582
0.097657
0.097655
0.097685
0.098094
0.098124
0.098069
0.098415
0.097742
0.095833
0.104540
0.096134
0.096038
0.095913
0.097253
0.103028
0.104576
0.104234
0.096771
0.099387
0.099564
0.096836
0.103658
0.103036
0.102894
0.102135
0.102097
0.101002
0.103531
0.103923
0.106469
0.105123
0.107104
0.105191
0.105329
0.104117
0.104399
0.104542
0.101222
0.101049
0.100828
0.100919
0.100811
0.100485
0.096654
0.096767
0.103951
0.096458
0.096227
0.096633
0.100964
0.098556
0.092288
0.091060
0.094286
0.091989
0.094272
0.091756
0.091345
0.092598
0.092671
0.093143
0.092775
0.092249
0.092928
0.092739
0.092275
0.094858
0.091699
0.092085
0.092935
0.100916
0.086459
0.085612
0.087498
0.085859
0.086068
0.090838
0.090230
0.090818
0.090392
0.089380
0.089339
0.089269
0.088847
0.091860
0.091994
0.089631
0.095067
0.094978
0.094289
0.088979
0.095375
0.092191
0.096273
0.088766
0.090596
0.090249
0.090817
0.090930
0.092853
0.092213
0.089757
0.090285
0.089221
0.089716
0.085712
0.093291
0.090141
0.090977
0.090448
0.089362
0.089335
0.091142
0.088983
0.088470
0.086320
0.089549
0.085232
0.085437
0.084333
0.084759
0.088109
0.089045
0.086716
0.087006
0.089431
0.091836
0.091059
0.090465
0.089739
0.086492
0.086713
0.089455
0.088917
0.090637
0.089499
0.089594
0.089563
0.093811
0.094993
0.095286
0.095154
0.097741
0.104478
0.101238
0.100064
0.099820
0.102974
0.104076
0.102281
0.106243
0.107931
0.102986
0.106845
0.104246
0.104512
0.105118
0.108657
0.103017
0.109429
0.106963
0.108940
0.109084
0.107255
0.101679
0.104750
0.104749
0.102490
0.103861
0.106131
0.105024
0.107207
0.104283
0.102530
0.102711
0.099127
0.101461
0.100999
0.096883
0.099499
0.098779
0.098216
0.097044
0.107733
0.098526
0.096462
0.100578
0.102383
0.098963
0.126887
0.126724
0.124811
0.117436
0.119685
0.127099
0.104680
0.124928
0.108639
0.121213
0.120688
0.126288
0.122472
0.123107
0.123054
0.120001
0.126329
0.121300
0.126810
0.129238
0.129512
0.130246
0.132949
0.130420
0.120631
0.120519
0.130334
0.128955
0.130691
0.132400
0.118747
0.122649
0.123691
0.133360
0.131619
0.125876
0.138458
0.138949
0.139713
0.142373
0.139908
0.149959
0.151517
0.145589
0.156411
0.130437
0.131891
0.130282
0.124932
0.127008
0.147553
0.168023
0.159422
0.137606
0.138487
0.139951
0.139253
0.142330
0.143750
0.136857
0.136837
0.139979
0.136354
0.157379
0.142030
0.105130
0.107398
0.122756
0.112187
0.139667
0.140452
0.138760
0.131392
0.128633
0.122241
0.125908
0.127043
0.119288
0.139855
0.131438
0.137258
0.137851
0.138089
0.134510
0.121693
0.121523
0.121422
0.124182
0.127338
0.129368
0.125510
0.130631
0.127275
0.137166
0.135356
0.136561
0.134016
0.130453
0.133148
0.128520
0.131767
0.133906
0.144749
0.140886
0.130747
0.114438
0.118186
0.107988
0.100770
0.099279
0.102563
0.097074
0.100731
0.103724
0.102392
0.099277
0.107998
0.108450
0.115960
0.101968
0.095547
0.101618
0.116704
0.083754
0.086797
0.080592
0.087366
0.089434
0.078825
0.078176
0.078065
0.083886
0.085540
0.077209
0.078043
0.075203
0.074720
0.075846
0.078328
0.073094
0.072576
0.078440
0.071510
0.070661
0.080383
0.079750
0.079662
0.079829
0.083769
0.083246
0.083304
0.083432
0.081431
0.168960
0.167313
0.166935
0.132876
0.133839
0.138325
0.144440
0.144414
0.133018
0.142895
0.155417
0.128218
0.139630
0.141082
0.145944
0.148609
0.158174
0.162447
0.163333
0.152384
0.167280
0.152236
0.152613
0.167233
0.167015
0.160743
0.161678
0.189329
0.187312
0.184573
0.198122
0.199171
0.199137
0.196869
0.184252
0.183904
0.163440
0.083108
0.084070
0.083204
0.082012
0.080885
0.082452
0.082661
0.081852
0.083164
0.082223
0.082256
0.082186
0.082324
0.083615
0.083162
0.083084
0.082158
0.079136
0.079240
0.079530
0.078568
0.082821
0.082553
0.082939
0.079108
0.078803
0.079951
0.085970
0.077359
0.084918
0.083535
0.083152
0.082179
0.082839
0.082750
0.084430
0.083101
0.073162
0.085876
0.073368
0.076357
0.083716
0.083004
0.073804
0.076761
0.120311
0.117635
0.122168
0.118167
0.120162
0.123452
0.125304
0.125223
0.124995
0.125164
0.124068
0.124702
0.118339
0.112222
0.111871
0.112469
0.113197
0.120138
0.112584
0.113423
0.113832
0.120326
0.121076
0.112719
0.123656
0.124276
0.122915
0.124787
0.125735
0.126534
0.125551
0.125602
0.126024
0.124459
0.126897
0.125941
0.126818
0.126592
0.126477
0.126268
0.123363
0.123071
0.123353
0.124471
0.123654
0.123600
0.124979
0.124387
0.125809
0.124658
0.125463
0.124827
0.125986
0.123294
0.124626
0.125954
0.126068
0.125052
0.126239
0.126492
0.125491
0.125299
0.125418
0.123628
0.124756
0.125008
0.126333
0.117795
0.125410
0.125790
0.125279
0.125292
0.124148
0.124104
0.124794
0.124160
0.124854
0.124737
0.123986
0.123748
0.123951
0.124672
0.124093
0.125220
0.124531
0.122236
0.122348
0.122532
0.121998
0.122070
0.122120
0.121238
0.121339
0.116108
0.116006
0.115987
0.116117
0.117080
0.125741
0.118473
0.118663
0.121540
0.122029
0.118310
0.116989
0.126246
0.117429
0.125430
0.117538
0.118273
0.119369
0.117840
0.118381
0.117110
0.119962
0.119206
0.119470
0.120583
0.117442
0.118233
0.119818
0.126195
0.116696
0.117893
0.124243
0.119587
0.125053
0.118514
0.118515
0.121453
0.121461
0.120279
0.120436
0.122933
0.122864
0.191007
0.186962
0.182266
0.180993
0.180458
0.183544
0.185518
0.183615
0.179399
0.178671
0.178310
0.180374
0.182362
0.182754
0.178307
0.180010
0.175331
0.177828
0.179164
0.180454
0.183671
0.183396
0.179586
0.182567
0.183634
0.181000
0.181091
0.180013
0.178110
0.177716
0.179828
0.180839
0.180274
0.179499
0.079016
0.078254
0.079281
0.078317
0.079712
0.082516
0.083098
0.085296
0.083577
0.075318
0.078421
0.072725
0.079420
0.083729
0.081489
0.082604
0.089460
0.085294
0.082775
0.092268
0.102708
0.097962
0.128867
0.110899
0.131622
0.120856
0.102320
0.126238
0.113929
0.120963
0.119964
0.125976
0.114842
0.118853
0.115052
0.122525
0.116126
0.125533
0.128047
0.143154
0.152868
0.118488
0.135498
0.129969
0.057512
0.079344
0.093794
0.076217
0.079906
0.075431
0.074027
0.072643
0.066514
0.066225
0.075760
0.081241
0.080380
0.076482
0.073491
0.069590
0.074041
0.084690
0.080216
0.092401
0.083835
0.104427
0.103979
0.104935
0.104811
0.105733
0.104061
0.105607
0.107477
0.105535
0.103462
0.103724
0.109848
0.108923
0.104765
0.105595
0.106825
0.107176
0.103397
0.103270
0.100898
0.099439
0.099090
0.103484
0.097534
0.103926
0.102102
0.107099
0.099728
0.097459
0.095201
0.105643
0.107354
0.106740
0.102225
0.101457
0.101343
0.100828
0.098474
0.100881
0.182864
0.184669
0.168172
0.164938
0.167174
0.155882
0.153268
0.154829
0.159780
0.156974
0.158058
0.155757
0.158532
0.157497
0.157141
0.157447
0.157136
0.154616
0.163201
0.157733
0.158570
0.154624
0.144627
0.137015
0.158461
0.153767
0.139015
0.142865
0.143626
0.138156
0.133815
0.131978
0.135206
0.135683
0.142142
0.145289
0.146948
0.144633
0.152356
0.135825
0.131470
0.150294
0.129538
0.146212
0.134052
0.144459
0.147215
0.129034
0.128862
0.138660
0.139301
0.136546
0.136275
0.136604
0.142690
0.139055
0.139330
0.131023
0.130403
0.141453
0.133536
0.149654
0.125416
0.126640
0.126416
0.153390
0.152348
0.146046
0.155012
0.153182
0.154027
0.157903
0.144963
0.143100
0.138615
0.130740
0.128261
0.147837
0.143394
0.135885
0.143443
0.128983
0.135048
0.134531
0.135988
0.148042
0.139329
0.137859
0.136966
0.139837
0.140509
0.143514
0.140753
0.135794
0.140042
0.150125
0.141127
0.139535
0.148255
0.152229
0.147163
0.132785
0.132482
0.133110
0.131974
0.133803
0.133811
0.134828
0.135902
0.134359
0.131700
0.132796
0.129992
0.130288
0.132145
0.130277
0.129721
0.134781
0.134473
0.133698
0.134094
0.133574
0.132816
0.133292
0.132070
0.133653
0.129328
0.129951
0.129824
0.130691
0.129928
0.130394
0.131007
0.130948
0.131159
0.131619
0.132560
0.133147
0.133079
0.132797
0.133039
0.132105
0.132179
0.131577
0.134392
0.136502
0.134926
0.134776
0.133738
0.129526
0.137089
0.132686
0.132163
0.129941
0.129951
0.127256
0.130007
0.126880
0.128110
0.125663
0.126696
0.125986
0.125209
0.124707
0.122696
0.126011
0.125282
0.124529
0.124536
0.125439
0.126300
0.125816
0.125840
0.127325
0.124984
0.128998
0.127053
0.126514
0.129636
0.128692
0.122823
0.123716
0.121293
0.124897
0.125442
0.128734
0.127081
0.125533
0.127486
0.124481
0.125273
0.124170
0.124301
0.124362
0.127125
0.126772
0.175280
0.173254
0.174985
0.174988
0.174530
0.174363
0.174344
0.174371
0.175079
0.174571
0.174391
0.174493
0.174634
0.174089
0.174479
0.174477
0.175294
0.175961
0.175858
0.175526
0.175781
0.175789
0.175503
0.175439
0.174390
0.171545
0.171256
0.171269
0.171237
0.171006
0.171075
0.169728
0.169751
0.172174
0.170773
0.170641
0.169750
0.170072
0.171841
0.170422
0.180295
0.178753
0.179914
0.177217
0.175715
0.175891
0.173252
0.172499
0.169204
0.168795
0.162912
0.161115
0.170646
0.163357
0.169702
0.169971
0.163944
0.169436
0.169482
0.170424
0.170661
0.171873
0.175765
0.173638
0.176582
0.181247
0.182594
0.184351
0.184274
0.187507
0.190430
0.185390
0.183450
0.184035
0.178563
0.178789
0.179527
0.179670
0.179229
0.181915
0.181503
0.178343
0.181625
0.178538
0.177961
0.178188
0.178992
0.178196
0.135888
0.138753
0.135608
0.136061
0.135351
0.136823
0.134755
0.133575
0.133004
0.134184
0.134264
0.130507
0.132041
0.132540
0.133162
0.132242
0.133777
0.135925
0.132618
0.134952
0.133294
0.136162
0.135254
0.140124
0.139293
0.137220
0.143860
0.151263
0.161218
0.174620
0.179219
0.185751
0.178985
0.178985
0.178986
0.178986
0.178986
0.178986
0.179033
0.179033
0.174144
0.163768
0.158782
0.153416
0.152900
0.154551
0.158720
0.166983
0.155440
0.166882
0.166858
0.163398
0.156744
0.167906
0.168860
0.173017
0.164202
0.197425
0.173020
0.189431
0.180814
0.183676
0.184502
0.181321
0.181321
0.181321
0.181321
0.181319
0.178363
0.178363
0.178363
0.178363
0.178362
0.191249
0.171029
0.155513
0.130931
0.118291
0.110218
0.111040
0.099132
0.102565
0.108379
0.099912
0.100644
0.108165
0.109689
0.102498
0.116783
0.122218
0.123339
0.137650
0.137621
0.108544
0.097550
0.102761
0.095705
0.085450
0.087153
0.084370
0.084376
0.071866
0.086827
0.108851
0.113291
0.096797
0.104693
0.108822
0.117975
0.128865
0.138217
0.148703
0.156178
0.159607
0.159714
0.160029
0.151812
0.157565
0.157291
0.152872
0.155304
0.156332
0.153029
0.153081
0.153623
0.150710
0.141109
0.147369
0.147034
0.145678
0.145075
0.146464
0.139968
0.138627
0.137934
0.141324
0.140480
0.139016
0.135884
0.141719
0.133861
0.132864
0.134192
0.134311
0.140337
0.140450
0.139430
0.138756
0.138776
0.137178
0.131267
0.131427
0.135027
0.145713
0.140287
0.149674
0.152725
0.173132
0.167280
0.162833
0.176632
0.169471
0.154233
0.164759
0.158176
0.153951
0.151360
0.151609
0.138289
0.168670
0.161101
0.173182
0.173785
0.160796
0.174559
0.163954
0.171296
0.162559
0.169826
0.160712
0.159850
0.158722
0.139566
0.139927
0.142621
0.163759
0.165973
0.160473
0.163708
0.174576
0.177104
0.176750
0.169102
0.162500
0.157552
0.159858
0.178360
0.178360
0.135927
0.136043
0.124086
0.120305
0.120453
0.123439
0.173527
0.173541
0.173539
0.173539
0.170219
0.170218
0.170218
0.170218
0.172029
0.172038
0.172028
0.172038
0.169009
0.169007
0.169008
0.115911
0.126841
0.110212
0.110579
0.170943
0.170997
0.171001
0.170998
0.170993
0.170997
0.170998
0.170996
0.170993
0.170997
0.170998
0.170996
0.170993
0.170997
0.170998
0.170996
0.170993
0.170998
0.170993
0.170160
0.170125
0.170125
0.170124
0.170124
0.170191
0.170191
0.170191
0.170191
0.170190
0.170191
0.170190
0.170190
0.170191
0.170191
0.170191
0.170190
0.170187
0.148493
0.150187
0.176977
0.177009
0.177002
0.177721
0.177002
0.176202
0.176201
0.176140
0.176288
0.176201
0.176288
0.176140
0.176289
0.176201
0.176201
0.176140
0.176201
0.176201
0.176201
0.176140
0.176201
0.176201
0.175850
0.169197
0.178364
0.177241
0.176943
0.173763
0.176614
0.176656
0.176666
0.176716
0.176595
0.176595
0.175476
0.173181
0.176649
0.176650
0.178676
0.179765
0.178453
0.181564
0.184706
0.184534
0.184401
0.184399
0.184706
0.182643
0.180403
0.180403
0.177554
0.173652
0.175073
0.175432
0.174279
0.173750
0.173944
0.173774
0.174244
0.173022
0.171960
0.171885
0.173119
0.171045
0.171232
0.171738
0.170667
0.173114
0.174425
0.174386
0.174808
0.176657
0.176530
0.174734
0.175223
0.176346
0.178344
0.179148
0.175504
0.175571
0.176447
0.176734
0.178447
0.175691
0.176846
0.176496
0.172972
0.170821
0.170252
0.171982
0.170882
0.170536
0.171715
0.170777
0.171949
0.171628
0.172021
0.173292
0.173097
0.173200
0.171603
0.169975
0.169769
0.170606
0.170543
0.170543
0.170365
0.169558
0.170425
0.171670
0.170687
0.171381
0.171296
0.171106
0.171072
0.171072
0.171074
0.171183
0.171192
0.171231
0.170887
0.189375
