0.033617
0.033748
0.033898
0.035191
0.034624
0.035267
0.035272
0.034272
0.033482
0.033528
0.034762
0.032328
0.033843
0.033741
0.033639
0.033931
0.033967
0.032615
0.033303
0.032757
0.033884
0.033581
0.033743
0.033759
0.033392
0.033048
0.034712
0.033473
0.033861
0.033777
0.037882
0.036317
0.035276
0.034090
0.034227
0.034022
0.035608
0.034906
0.034164
0.035414
0.035848
0.034799
0.035250
0.035544
0.035375
0.033199
0.034555
0.033603
0.033680
0.033927
0.034929
0.035085
0.035336
0.032761
0.032864
0.032895
0.033753
0.033897
0.034815
0.034582
0.034720
0.034428
0.033129
0.032746
0.032796
0.034301
0.034141
0.032591
0.034832
0.034699
0.034242
0.033168
0.032904
0.034252
0.034624
0.032596
0.034218
0.032591
0.034682
0.034521
0.032939
0.033042
0.032859
0.034285
0.032786
0.031542
0.031467
0.033657
0.033478
0.033232
0.031616
0.032205
0.031443
0.031122
0.031124
0.030729
0.030408
0.029689
0.030826
0.031087
0.031144
0.031062
0.030891
0.030666
0.030703
0.030748
0.031221
0.031162
0.030595
0.030651
0.030819
0.030659
0.030869
0.030780
0.031074
0.032152
0.031538
0.030953
0.032669
0.030677
0.031263
0.033859
0.035360
0.034768
0.034611
0.034586
0.036584
0.036880
0.037022
0.037258
0.036870
0.036923
0.037018
0.037335
0.037116
0.034048
0.031012
0.032522
0.032766
0.033051
0.033952
0.036240
0.033836
0.035705
0.035375
0.031521
0.032064
0.031636
0.031855
0.031395
0.034683
0.034379
0.033175
0.032474
0.032501
0.033769
0.035161
0.033882
0.035478
0.035302
0.033349
0.032179
0.032311
0.032266
0.035778
0.033335
0.033511
0.032413
0.034132
0.034337
0.034322
0.036374
0.036486
0.036428
0.036687
0.037010
0.036841
0.037281
0.036070
0.036079
0.037352
0.037101
0.031316
0.036614
0.036846
0.036382
0.033109
0.036537
0.037339
0.037273
0.037036
0.036033
0.032181
0.034553
0.033317
0.036132
0.033683
0.243543
0.264282
0.235453
0.255890
0.221009
0.229506
0.208816
0.190825
0.195550
0.163384
0.154131
0.176156
0.191334
0.199482
0.191209
0.191703
0.189464
0.188388
0.189205
0.191201
0.179814
0.179173
0.180874
0.181876
0.179541
0.181497
0.179174
0.173542
0.181540
0.177534
0.175427
0.178016
0.177481
0.177790
0.177696
0.179214
0.175615
0.179199
0.198706
0.202070
0.181584
0.178871
0.203085
0.198042
0.197691
0.204500
0.205015
0.203444
0.204082
0.204246
0.197814
0.196844
0.204407
0.197655
0.204570
0.204610
0.206153
0.199378
0.204750
0.198808
0.203275
0.203258
0.206094
0.208887
0.210842
0.189383
0.200748
0.207105
0.202277
0.205236
0.181300
0.181196
0.185337
0.180156
0.184700
0.178112
0.185685
0.184244
0.184229
0.180288
0.179653
0.180936
0.180643
0.180236
0.184200
0.178605
0.201055
0.181029
0.180704
0.186218
0.180558
0.182330
0.183573
0.189478
0.187710
0.186233
0.180320
0.187076
0.198175
0.195277
0.196939
0.199144
0.197113
0.191222
0.191588
0.192233
0.197941
0.183095
0.196970
0.185563
0.185872
0.177956
0.193209
0.193417
0.192966
0.194502
0.194679
0.194349
0.194472
0.195391
0.195500
0.194012
0.188047
0.187603
0.188833
0.186877
0.191119
0.189791
0.188586
0.188864
0.194064
0.188166
0.182281
0.184614
0.179198
0.178012
0.204003
0.203520
0.197611
0.192498
0.189496
0.193103
0.192090
0.189387
0.191249
0.190483
0.192540
0.195617
0.188093
0.191104
0.191862
0.191080
0.191800
0.195158
0.195989
0.199759
0.198792
0.196811
0.195287
0.196493
0.199519
0.198495
0.198979
0.188760
0.198129
0.199650
0.200103
0.198559
0.197670
0.199902
0.199600
0.201802
0.199895
0.198943
0.199628
0.200273
0.199914
0.199602
0.199217
0.199103
0.197560
0.200115
0.199471
0.199004
0.191605
0.196306
0.187889
0.190089
0.188542
0.189219
0.189778
0.182921
0.187413
0.255335
0.253374
0.254206
0.254441
0.249039
0.259849
0.256942
0.254433
0.243040
0.248154
0.261371
0.253255
0.251698
0.251454
0.249010
0.247190
0.249313
0.245714
0.248260
0.246452
0.244649
0.245066
0.259508
0.250174
0.250659
0.247875
0.245950
0.247849
0.248930
0.248898
0.262415
0.262924
0.262188
0.260315
0.260603
0.257118
0.263522
0.235153
0.234549
0.235601
0.238612
0.062026
0.062361
0.062179
0.062131
0.062261
0.062654
0.062328
0.062167
0.061929
0.062089
0.062211
0.062691
0.063155
0.063663
0.062543
0.063496
0.063254
0.062710
0.063303
0.063585
0.063137
0.061988
0.062496
0.062556
0.062856
0.063156
0.063521
0.062696
0.062888
0.062402
0.062706
0.062768
0.062446
0.061829
0.062507
0.062681
0.063902
0.062430
0.062504
0.062594
0.062679
0.062999
0.062173
0.062812
0.061780
0.062777
0.062833
0.063427
0.063096
0.062111
0.062410
0.063187
0.062832
0.062849
0.062772
0.062594
0.062775
0.062661
0.062431
0.062610
0.062650
0.061958
0.063023
0.062711
0.062280
0.063286
0.062071
0.062425
0.062987
0.062830
0.062531
0.062752
0.061945
0.062843
0.062753
0.062317
0.062460
0.062467
0.063020
0.062933
0.063033
0.062487
0.063735
0.063695
0.063652
0.063312
0.063643
0.062772
0.062866
0.062920
0.063145
0.062601
0.062624
0.062638
0.062581
0.063113
0.062911
0.062597
0.062364
0.062214
0.062974
0.063341
0.063122
0.062704
0.062574
0.062595
0.062587
0.062699
0.062860
0.062251
0.062147
0.062828
0.062387
0.062230
0.062196
0.063195
0.062159
0.063013
0.063134
0.062368
0.062505
0.062866
0.062802
0.062821
0.062742
0.061598
0.063074
0.063220
0.063031
0.062588
0.062937
0.062544
0.062330
0.063433
0.062739
0.062603
0.062876
0.062928
0.062892
0.062279
0.063287
0.062692
0.063269
0.063568
0.062986
0.062706
0.062491
0.062136
0.062432
0.062338
0.062410
0.062902
0.062624
0.061997
0.062734
0.062601
0.062748
0.062280
0.062261
0.062884
0.062577
0.040526
0.039123
0.039345
0.037306
0.038271
0.037653
0.036539
0.037116
0.041916
0.042666
0.042968
0.042819
0.043352
0.043056
0.042813
0.041491
0.041781
0.042413
0.037078
0.041494
0.042619
0.041081
0.042355
0.042968
0.038266
0.039994
0.040005
0.039864
0.041491
0.050378
0.042711
0.042799
0.044338
0.044762
0.044324
0.042567
0.042169
0.041436
0.041396
0.041415
0.042429
0.042706
0.051906
0.043352
0.040838
0.046660
0.047905
0.050919
0.035845
0.036422
0.037446
0.036933
0.038903
0.038926
0.038546
0.036991
0.038080
0.035623
0.033775
0.034287
0.032327
0.032250
0.032725
0.035195
0.031629
0.028986
0.031511
0.032452
0.031474
0.032882
0.033945
0.034728
0.030369
0.027558
0.031164
0.032840
0.035723
0.035782
0.038562
0.028967
0.030649
0.030742
0.026128
0.028118
0.032594
0.028722
0.028085
0.031734
0.031173
0.031452
0.031853
0.030613
0.091118
0.092104
0.092630
0.084997
0.085541
0.082863
0.081403
0.080132
0.082739
0.082798
0.116855
0.139007
0.124111
0.123518
0.123542
0.084032
0.125284
0.124715
0.257959
0.255682
0.258035
0.251840
0.244110
0.243249
0.207909
0.226966
0.187228
0.165179
0.162953
0.159514
0.159840
0.159483
0.158188
0.159312
0.159617
0.156264
0.161087
0.146898
0.162623
0.139313
0.154416
0.149840
0.157629
0.152579
0.151620
0.161429
0.162443
0.162738
0.160727
0.158240
0.158018
0.159505
0.155595
0.155077
0.157090
0.158159
0.158608
0.157743
0.158827
0.156934
0.167598
0.170926
0.171133
0.170727
0.188298
0.176407
0.172959
0.172387
0.170310
0.172039
0.152254
0.153586
0.157057
0.153419
0.157049
0.157978
0.172303
0.178191
0.177403
0.180151
0.164042
0.163538
0.168917
0.167520
0.177611
0.179852
0.178143
0.178609
0.184713
0.182247
0.181910
0.184571
0.178868
0.178093
0.178296
0.177238
0.182167
0.181378
0.183303
0.183421
0.181778
0.187066
0.181510
0.183688
0.181623
0.180852
0.180480
0.180542
0.182313
0.170532
0.143304
0.143690
0.142901
0.153358
0.153756
0.153436
0.149508
0.157275
0.149752
0.147283
0.148558
0.142560
0.158939
0.149830
0.159347
0.158565
0.160033
0.158511
0.157868
0.154889
0.157484
0.181637
0.175268
0.179015
0.173112
0.175934
0.192773
0.174354
0.180807
0.180733
0.194232
0.191554
0.188942
0.189426
0.167971
0.186971
0.185029
0.167889
0.151026
0.037684
0.037759
0.039147
0.038871
0.038105
0.038336
0.038440
0.037900
0.038815
0.037691
0.036307
0.037923
0.038067
0.035443
0.036625
0.038083
0.035823
0.036414
0.038085
0.037955
0.049617
0.037761
0.060438
0.061832
0.060516
0.060612
0.061269
0.060744
0.060459
0.059617
0.059709
0.060329
0.055287
0.056168
0.055360
0.056874
0.057306
0.057644
0.057428
0.057577
0.059195
0.059789
0.060088
0.058809
0.059926
0.064832
0.059602
0.063414
0.064177
0.064784
0.064638
0.057797
0.065839
0.065813
0.065411
0.057365
0.065972
0.058605
0.059398
0.055481
0.056772
0.055175
0.063105
0.052031
0.055775
0.055665
0.056800
0.054909
0.054805
0.055992
0.056162
0.055949
0.053216
0.056556
0.053003
0.056602
0.055869
0.055241
0.052138
0.056138
0.053746
0.052080
0.052045
0.056639
0.055626
0.056539
0.056192
0.057503
0.057903
0.063440
0.063781
0.062800
0.064518
0.057205
0.060229
0.065476
0.065533
0.061261
0.060187
0.058414
0.059905
0.060110
0.058431
0.059215
0.072634
0.074518
0.061265
0.073658
0.073545
0.060042
0.071081
0.070421
0.057646
0.056593
0.059389
0.055446
0.072363
0.062257
0.063857
0.071896
0.062588
0.074218
0.055947
0.063593
0.062304
0.063196
0.062636
0.063609
0.063582
0.060878
0.061590
0.062105
0.063281
0.063279
0.065876
0.062317
0.062902
0.063764
0.063828
0.064096
0.062124
0.041801
0.043167
0.042965
0.043030
0.041038
0.046727
0.039451
0.042758
0.043656
0.041711
0.038579
0.040734
0.040792
0.040842
0.040386
0.039175
0.040783
0.042903
0.042410
0.046277
0.055651
0.045843
0.045872
0.047826
0.055166
0.047144
0.048257
0.048018
0.053673
0.046680
0.047576
0.047340
0.047680
0.046670
0.047552
0.047709
0.047082
0.047397
0.047147
0.047872
0.047658
0.047120
0.047049
0.047484
0.047507
0.048107
0.048173
0.048312
0.048167
0.048383
0.048219
0.048064
0.048135
0.047913
0.047994
0.048121
0.047893
0.047886
0.048088
0.048148
0.047953
0.048022
0.047374
0.048357
0.048057
0.046317
0.048255
0.043079
0.047785
0.047990
0.047088
0.048319
0.048393
0.048199
0.048292
0.047703
0.047451
0.047391
0.047020
0.047014
0.046979
0.047022
0.046633
0.047010
0.046451
0.046135
0.046563
0.046570
0.046149
0.046643
0.047677
0.049842
0.046698
0.049045
0.048780
0.049072
0.048221
0.047885
0.049609
0.048993
0.046716
0.045795
0.045736
0.046183
0.046282
0.047720
0.047895
0.046264
0.046016
0.044955
0.045313
0.045427
0.045885
0.045948
0.046235
0.046338
0.046793
0.047194
0.047492
0.047235
0.045272
0.048808
0.049192
0.048947
0.049098
0.049211
0.049116
0.049027
0.049239
0.049236
0.045454
0.049141
0.049030
0.049251
0.045558
0.046290
0.048890
0.049064
0.045189
0.048087
0.045761
0.045657
0.045298
0.045324
0.045490
0.045363
0.048053
0.048451
0.045506
0.049160
0.044773
0.044962
0.045143
0.045109
0.045212
0.045411
0.045095
0.045500
0.045353
0.045662
0.045767
0.049640
0.045659
0.045601
0.052423
0.047719
0.052357
0.050807
0.051060
0.050117
0.051339
0.050999
0.051110
0.050527
0.051080
0.050435
0.051107
0.050605
0.053022
0.053049
0.052086
0.051669
0.052794
0.052574
0.052590
0.052964
0.053356
0.053040
0.052903
0.052890
0.052969
0.052219
0.051744
0.052486
0.052787
0.052900
0.051632
0.249493
0.251614
0.254855
0.248825
0.240937
0.230541
0.191776
0.210110
0.208421
0.172330
0.169315
0.168823
0.171575
0.171164
0.167983
0.164634
0.165453
0.164682
0.168250
0.168643
0.168310
0.172009
0.169999
0.169670
0.170988
0.171313
0.170918
0.171187
0.182000
0.181628
0.153645
0.184557
0.183520
0.170919
0.171439
0.180222
0.182757
0.160461
0.183482
0.153734
0.154203
0.179921
0.183904
0.184113
0.154655
0.157736
0.151804
0.175958
0.158701
0.174833
0.175068
0.176472
0.175893
0.177820
0.182918
0.179317
0.180797
0.181255
0.174568
0.172518
0.174005
0.173621
0.173877
0.172838
0.171509
0.172991
0.172100
0.171517
0.172064
0.171850
0.166611
0.173115
0.174271
0.174002
0.182126
0.168698
0.177648
0.178054
0.177629
0.177359
0.173804
0.167238
0.168018
0.179781
0.178402
0.173244
0.172512
0.180709
0.176402
0.171938
0.171858
0.178098
0.185014
0.176585
0.175403
0.178892
0.173533
0.176117
0.172249
0.172627
0.054769
0.055963
0.054305
0.054863
0.053069
0.051411
0.052591
0.052439
0.051923
0.052503
0.054053
0.055126
0.053074
0.053377
0.053238
0.055755
0.059027
0.058655
0.059659
0.062518
0.062170
0.062448
0.064865
0.062384
0.064993
0.065450
0.062565
0.061269
0.061280
0.062555
0.060080
0.062935
0.059910
0.060137
0.065567
0.048976
0.058540
0.067834
0.066937
0.063709
0.066872
0.062627
0.073190
0.072991
0.075207
0.092518
0.095406
0.056998
0.061629
0.101111
0.096651
0.108369
0.105753
0.104752
0.096597
0.106312
0.106919
0.111324
0.111368
0.115001
0.121555
0.118220
0.119128
0.117968
0.122018
0.120630
0.108250
0.102269
0.100429
0.083310
0.095645
0.088461
0.086905
0.093550
0.097708
0.089497
0.092028
0.102358
0.094966
0.083778
0.111108
0.090099
0.083000
0.090414
0.099803
0.100485
0.082873
0.094043
0.094843
0.085088
0.094093
0.101098
0.110081
0.111958
0.090787
0.093817
0.087960
0.106035
0.101235
0.100837
0.103977
0.080342
0.082041
0.079418
0.078374
0.064127
0.081866
0.060344
0.062367
0.062099
0.059239
0.061485
0.056434
0.057230
0.056149
0.060133
0.061138
0.058465
0.057157
0.060055
0.060407
0.060037
0.061115
0.060613
0.059644
0.060019
0.060312
0.060861
0.058396
0.061126
0.062937
0.058401
0.057181
0.056689
0.062058
0.067889
0.058511
0.074194
0.061843
0.068048
0.054020
0.058718
0.060473
0.054453
0.061681
0.061693
0.060853
0.065865
0.058074
0.075613
0.061233
0.064666
0.072342
0.077985
0.090549
0.097653
0.093383
0.106666
0.092593
0.089754
0.062173
0.081832
0.098940
0.095828
0.092352
0.085850
0.082015
0.058242
0.056154
0.052667
0.048692
0.047455
0.042309
0.041905
0.040360
0.066491
0.079537
0.081666
0.081873
0.080339
0.075290
0.077641
0.068448
0.068277
0.068226
0.064012
0.063779
0.063966
0.063987
0.080700
0.047528
0.056919
0.054008
0.053642
0.056400
0.054197
0.056314
0.046175
0.046222
0.069028
0.105223
0.092816
0.069242
0.068585
0.069766
0.047144
0.051100
0.075702
0.075346
0.052745
0.076436
0.076537
0.097136
0.101189
0.101277
0.102305
0.108232
0.108643
0.107199
0.110618
0.108402
0.059132
0.086646
0.085216
0.048871
0.048758
0.049325
0.049384
0.049057
0.048498
0.073482
0.050137
0.049645
0.049450
0.074616
0.090844
0.104386
0.120950
0.120248
0.120642
0.122743
0.143584
0.145146
0.128383
0.122441
0.144933
0.122263
0.138752
0.135233
0.193002
0.131647
0.087289
0.083990
0.087008
0.087512
0.084155
0.083667
0.085135
0.082093
0.087095
0.085046
0.081594
0.081413
0.120234
0.090312
0.088054
0.085598
0.085315
0.084657
0.080751
0.100769
0.125720
0.125665
0.090528
0.128096
0.085769
0.120830
0.122388
0.120046
0.117641
0.125391
0.089183
0.090152
0.091389
0.104186
0.113730
0.097984
0.091679
0.091906
0.092838
0.091304
0.112395
0.111659
0.113611
0.118428
0.117166
0.113670
0.113123
0.113385
0.114042
0.115753
0.117338
0.116281
0.113464
0.106181
0.110711
0.111272
0.109874
0.115937
0.114569
0.108418
0.108002
0.109476
0.112794
0.106865
0.113979
0.109421
0.112319
0.116498
0.120798
0.116606
0.113937
0.111795
0.114165
0.115197
0.113927
0.111645
0.111655
0.114037
0.108104
0.103099
0.105270
0.105075
0.115802
0.112067
0.109863
0.114255
0.114018
0.108502
0.103158
0.113908
0.104996
0.104749
0.112622
0.113347
0.109603
0.106662
0.108138
0.110795
0.113057
0.078703
0.068871
0.053666
0.053581
0.057735
0.062963
0.060567
0.058711
0.048806
0.061133
0.096016
0.100506
0.264218
0.282970
0.206585
0.088009
0.075913
0.091849
0.072688
0.093541
0.098254
0.088583
0.088503
0.102681
0.082666
0.113390
0.111723
0.106353
0.088984
0.130918
0.120409
0.119799
0.104735
0.105061
0.108659
0.146885
0.147317
0.157565
0.160206
0.137220
0.155279
0.156775
0.130837
0.145237
0.131429
0.118522
0.129259
0.116991
0.119868
0.112881
0.114273
0.114895
0.131383
0.111802
0.113736
0.112225
0.112049
0.113047
0.110482
0.110032
0.110420
0.109364
0.128760
0.127929
0.142735
0.148882
0.130601
0.123645
0.136400
0.148510
0.149304
0.149198
0.138785
0.137235
0.135020
0.136081
0.136261
0.132682
0.131732
0.129421
0.086631
0.086989
0.094473
0.090649
0.088990
0.094301
0.091751
0.084019
0.079067
0.081913
0.082013
0.084522
0.080339
0.085359
0.083114
0.091753
0.084067
0.085605
0.091137
0.096072
0.092419
0.092804
0.081008
0.085887
0.081846
0.084970
0.085413
0.089701
0.088862
0.084436
0.087997
0.089533
0.082613
0.089451
0.088885
0.089481
0.089025
0.086630
0.085965
0.089497
0.085036
0.087567
0.089366
0.081654
0.083705
0.087943
0.087602
0.087153
0.087685
0.088609
0.088893
0.089275
0.266069
0.266915
0.244301
0.264124
0.254122
0.254434
0.256160
0.255036
0.258101
0.254430
0.257332
0.256596
0.256039
0.256511
0.256496
0.257997
0.257377
0.256601
0.256327
0.255886
0.255761
0.256068
0.256832
0.257147
0.260793
0.260213
0.258415
0.257343
0.256216
0.254027
0.253083
0.254969
0.271580
0.272687
0.256614
0.272575
0.273234
0.259394
0.258379
0.258369
0.257319
0.257429
0.257200
0.258960
0.259237
0.258864
0.269441
0.273171
0.272443
0.283199
0.281801
0.275149
0.272282
0.228067
0.209991
0.249332
0.243767
0.212869
0.169898
0.164679
0.165258
0.178376
0.177238
0.174791
0.175803
0.174703
0.168675
0.174566
0.176878
0.177626
0.174736
0.227109
0.227841
0.231845
0.178145
0.179893
0.209892
0.230615
0.228694
0.227091
0.228110
0.233746
0.232562
0.211757
0.232562
0.231326
0.231002
0.232045
0.174175
0.174045
0.173810
0.173293
0.171568
0.227317
0.229357
0.232247
0.162952
0.166060
0.163844
0.163745
0.163163
0.163263
0.163927
0.164795
0.167284
0.165837
0.178681
0.167589
0.155214
0.163505
0.164915
0.164583
0.162566
0.151999
0.153149
0.153874
0.162334
0.171080
0.150905
0.156639
0.162037
0.173647
0.167078
0.170687
0.162664
0.208034
0.155264
0.157801
0.157382
0.156813
0.159321
0.169455
0.169084
0.169747
0.167837
0.168180
0.156456
0.158325
0.156904
0.227085
0.158567
0.158734
0.158231
0.158284
0.156533
0.167036
0.173287
0.171063
0.170761
0.226474
0.171827
0.172164
0.161861
0.161936
0.165591
0.163275
0.164164
0.163533
0.163625
0.162743
0.159903
0.156444
0.157312
0.156797
0.158079
0.158448
0.156082
0.156638
0.155227
0.164019
0.156691
0.157212
0.153751
0.154768
0.162253
0.172277
0.170531
0.185573
0.185020
0.177994
0.197181
0.206044
0.175197
0.223565
0.224781
0.225561
0.171586
0.167796
0.169307
0.175359
0.160239
0.163791
0.161024
0.160759
0.159706
0.156721
0.156183
0.150233
0.151229
0.149913
0.151111
0.164007
0.155634
0.163359
0.163369
0.163770
0.164870
0.164851
0.164019
0.164771
0.162025
0.164841
0.168308
0.167512
0.165304
0.169751
0.170014
0.172278
0.169613
0.172077
0.167214
0.167263
0.169502
0.171598
0.172448
0.174499
0.174467
0.172636
0.170726
0.171676
0.168420
0.169360
0.166022
0.170402
0.170159
0.168788
0.168503
0.173163
0.169572
0.174949
0.172772
0.170502
0.171287
0.171405
0.174000
0.174733
0.198579
0.197070
0.196293
0.227533
0.195548
0.193603
0.194054
0.194314
0.192930
0.192757
0.193017
0.195239
0.187172
0.182931
0.173955
0.232248
0.235125
0.238458
0.236997
0.237443
0.199175
0.195789
0.197387
0.197695
0.195806
0.197904
0.197239
0.237256
0.234598
0.243315
0.242339
0.237181
0.235903
0.241089
0.209527
0.212807
0.210398
0.203809
0.195203
0.201490
0.167288
0.187255
0.208106
0.222142
0.183249
0.221680
0.233239
0.160660
0.160786
0.175101
0.171151
0.153068
0.161928
0.154906
0.150004
0.151837
0.153917
0.161034
0.158878
0.160320
0.161574
0.157354
0.163403
0.163931
0.165221
0.161333
0.166474
0.167956
0.165712
0.170222
0.170244
0.167618
0.170491
0.165443
0.165495
0.169689
0.172189
0.178251
0.170128
0.171232
0.171513
0.172793
0.174098
0.171776
0.174153
0.174159
0.174815
0.176403
0.174129
0.174095
0.152484
0.152273
0.151773
0.152380
0.150477
0.181971
0.145599
0.157324
0.148499
0.150504
0.148441
0.150074
0.152066
0.154259
0.149676
0.149284
0.155824
0.155677
0.152649
0.151915
0.145269
0.144211
0.143134
0.146791
0.147924
0.144229
0.144581
0.143985
0.155532
0.143200
0.155137
0.154225
0.161755
0.159395
0.159576
0.159965
0.157517
0.233500
0.233587
0.233601
0.182617
0.232532
0.232951
0.232677
0.186165
0.188779
0.187681
0.187286
0.186617
0.185750
0.185540
0.233421
0.190049
0.185051
0.188211
0.185581
0.184824
0.186212
0.184999
0.186783
0.186369
0.190805
0.232539
0.232816
0.231176
0.233526
0.177333
0.184711
0.231128
0.186102
0.186008
0.184875
0.187011
0.208273
0.210398
0.196019
0.232975
0.233609
0.233944
0.233444
0.194442
0.233215
0.207400
0.001376
0.001380
0.001420
0.001444
0.001383
0.001396
0.001406
0.001420
0.001435
0.001416
0.001425
0.001436
0.001449
0.001474
0.001482
0.001509
0.001378
0.000578
0.000604
0.000618
0.000615
0.000621
0.000587
0.000533
0.000517
0.000515
0.000508
0.000499
0.000491
0.000481
0.000472
0.000478
0.000461
0.000446
0.000436
0.000428
0.000421
0.000418
0.000406
0.000391
0.000381
0.000356
0.000314
0.000378
0.000785
0.000781
0.000973
0.001115
0.001248
0.001321
0.001313
0.001277
0.001216
0.001124
0.000809
0.000805
0.000201
0.000072
0.000039
0.000019
0.000016
0.000005
0.000000
0.000009
0.000025
0.000031
0.000043
0.000041
0.000031
0.000040
0.000040
0.000072
0.000101
0.000116
0.000113
0.000114
0.000123
0.000134
0.000164
0.000187
0.000184
0.000194
0.000211
0.000243
0.000277
0.000290
0.000341
0.000374
0.000391
0.000440
0.000442
0.000495
0.000537
0.000477
0.000819
0.000822
0.001278
0.001402
0.001558
0.001856
0.001858
0.001970
0.002097
0.001981
0.001873
0.001871
0.001860
0.001789
0.001799
0.001817
0.001817
0.001826
0.001823
0.001830
0.001833
0.001820
0.001790
0.001769
0.001741
0.001616
0.001597
0.001494
0.001278
0.001124
0.000723
0.000703
0.000577
0.000592
0.000566
0.000543
0.000529
0.000491
0.000489
0.000495
0.000478
0.000479
0.000636
0.001357
0.001746
0.002164
0.002176
0.002429
0.002681
0.002710
0.002543
0.002614
0.002454
0.002419
0.002270
0.002182
0.002104
0.002192
0.001763
0.001010
0.000807
0.000811
0.000903
0.001034
0.001206
0.001336
0.001356
0.001458
0.001588
0.001572
0.001714
0.001719
0.002171
0.002495
0.002706
0.002810
0.002792
0.002788
0.002780
0.002671
0.002616
0.002645
0.002895
0.003171
0.003444
0.003603
0.003605
0.003642
0.003641
0.002898
0.003657
0.003657
0.003562
0.002737
0.002265
0.002160
0.002160
0.002262
0.002444
0.002696
0.002952
0.002944
0.002809
0.002644
0.002503
0.002299
0.002304
0.002040
0.001814
0.001683
0.001538
0.001544
0.001456
0.001387
0.001337
0.001307
0.001312
0.001317
0.001383
0.001390
0.001480
0.001433
0.001539
0.001749
0.001818
0.001867
0.001864
0.001839
0.001867
0.001883
0.001819
0.001810
0.001865
0.001899
0.001921
0.001909
0.001916
0.002008
0.001997
0.001992
0.001915
0.001896
0.001989
0.001982
0.001985
0.001905
0.001900
0.001878
0.001804
0.001739
0.001661
0.001640
0.001639
0.001574
0.001535
0.001514
0.001524
0.001526
0.001564
0.001617
0.001763
0.001783
0.001836
0.001872
0.001726
0.001662
0.001676
0.001683
0.001742
0.001773
0.001722
0.001713
0.001625
0.001632
0.001648
0.001824
0.001816
0.001810
0.001782
0.001667
0.001587
0.001648
0.001509
0.001479
0.001447
0.001426
0.001447
0.001407
0.001376
0.001343
0.001451
0.001509
0.001481
0.001414
0.001399
0.001273
0.001276
0.001214
0.001206
0.001184
0.001132
0.001125
0.001154
0.001154
0.001131
0.001110
0.001139
0.001118
0.001097
0.001104
0.001079
0.001084
0.001054
0.001044
0.001030
0.001010
0.001012
0.001002
0.000995
0.001030
0.001048
0.001125
0.001118
0.001128
0.001051
0.001033
0.001028
0.001175
0.001288
0.116952
0.117635
0.117153
0.117396
0.117794
0.118187
0.122969
0.110792
0.110978
0.122261
0.119490
0.117351
0.113373
0.113534
0.112848
0.112994
0.119955
0.229288
0.228720
0.231091
0.222138
0.219407
0.210246
0.244485
0.166770
0.221900
0.187175
0.146300
0.156774
0.151307
0.147464
0.162170
0.149746
0.153959
0.149344
0.155993
0.150734
0.151741
0.148251
0.153556
0.158193
0.152439
0.150332
0.153742
0.152224
0.153052
0.152201
0.153417
0.148862
0.156711
0.155235
0.153397
0.151873
0.148132
0.152546
0.149451
0.151977
0.148966
0.164768
0.161567
0.157443
0.168126
0.163871
0.159424
0.153440
0.174123
0.162725
0.152548
0.150405
0.163155
0.166825
0.164252
0.162402
0.148917
0.151984
0.169135
0.169139
0.175980
0.174346
0.144113
0.169909
0.151594
0.151440
0.146033
0.142904
0.146756
0.147871
0.156397
0.152708
0.145602
0.168593
0.147464
0.160619
0.156255
0.149158
0.150999
0.165308
0.145884
0.149485
0.147223
0.153010
0.146671
0.150564
0.151179
0.151732
0.160364
0.180006
0.163609
0.162381
0.190124
0.167826
0.160249
0.164856
0.164678
0.162458
0.175334
0.189561
0.192621
0.198377
0.192047
0.200363
0.175863
0.175229
0.194634
0.200417
0.173744
0.171009
0.168666
0.164893
0.172326
0.166885
0.165568
0.167614
0.185791
0.168347
0.168467
0.168122
0.169942
0.171501
0.171622
0.170600
0.170762
0.176656
0.195974
0.196883
0.188331
0.192057
0.156883
0.178493
0.202683
0.202637
0.198531
0.203833
0.155539
0.157028
0.156192
0.196187
0.191930
0.194912
0.196892
0.199014
0.196577
0.193765
0.196048
0.194997
0.199131
0.193496
0.194355
0.195127
0.165265
0.165549
0.195836
0.170461
0.192004
0.192199
0.189137
0.192131
0.193836
0.188476
0.187865
0.181235
0.190504
0.184459
0.193279
0.183384
0.177279
0.176081
0.171018
0.173493
0.182507
0.189021
0.192291
0.195543
0.188335
0.179981
0.195176
0.176326
0.171391
0.176614
0.180576
0.184800
0.187322
0.194326
0.186237
0.185327
0.188141
0.188817
0.192512
0.195926
0.188378
0.191930
0.155543
0.184197
0.157672
0.157307
0.171035
0.170108
0.176373
0.183319
0.195860
0.155351
0.193361
0.157495
0.177540
0.166819
0.156142
0.233170
0.228139
0.212136
0.209717
0.200618
0.206078
0.203617
0.194360
0.199828
0.198542
0.198637
0.197056
0.193731
0.230085
0.229769
0.228633
0.228313
0.196913
0.198551
0.224765
0.225140
0.246946
0.223067
0.224698
0.212751
0.224634
0.214572
0.223921
0.212163
0.211810
0.195233
0.189881
0.191813
0.187517
0.181001
0.180023
0.202268
0.208564
0.211365
0.210692
0.210208
0.207653
0.209946
0.207692
0.206098
0.214634
0.197450
0.203023
0.204975
0.210945
0.216421
0.204614
0.198393
0.204125
0.199231
0.200452
0.199383
0.199252
0.199029
0.195869
0.200964
0.200058
0.203278
0.199241
0.199427
0.203401
0.203479
0.200887
0.200660
0.196028
0.182935
0.191917
0.193571
0.202505
0.191295
0.191924
0.192462
0.192486
0.196542
0.197008
0.196006
0.189945
0.190480
0.185681
0.193742
0.190699
0.189591
0.190534
0.187397
0.185867
0.191449
0.188199
0.191608
0.196521
0.198124
0.189415
0.185927
0.186023
0.187531
0.187566
0.189221
0.188418
0.188516
0.190275
0.188436
0.192143
0.188559
0.190495
0.192675
0.187679
0.181670
0.179879
0.205864
0.207324
0.205844
0.188549
0.184149
0.170129
0.168068
0.163854
0.169767
0.171177
0.210701
0.212048
0.208696
0.208279
0.207757
0.210192
0.206382
0.207281
0.207463
0.207078
0.210225
0.172031
0.167437
0.169566
0.166785
0.166488
0.167661
0.167210
0.161035
0.193789
0.189736
0.191323
0.192737
0.205257
0.207606
0.204764
0.169674
0.167447
0.178921
0.180452
0.177826
0.178465
0.177995
0.178330
0.181354
0.164665
0.186063
0.187872
0.188587
0.188576
0.205592
0.188185
0.184588
0.196757
0.197454
0.197215
0.198635
0.088068
0.087955
0.084542
0.088547
0.086941
0.090031
0.088636
0.085801
0.085307
0.091506
0.091372
0.087616
0.091138
0.092061
0.086509
0.084497
0.086242
0.083325
0.086609
0.087323
0.081664
0.076071
0.083783
0.082007
0.076074
0.075062
0.074500
0.075912
0.087486
0.089405
0.089775
0.088618
0.086432
0.088212
0.088488
0.088343
0.088953
0.087031
0.087380
0.073171
0.072416
0.077955
0.078162
0.076479
0.077952
0.079162
0.071298
0.079022
0.078996
0.078526
0.079250
0.078656
0.079097
0.078587
0.079607
0.079409
0.078954
0.079914
0.079254
0.080147
0.079556
0.079864
0.079882
0.078428
0.078367
0.079367
0.078065
0.137209
0.142791
0.135519
0.112628
0.111510
0.110771
0.109956
0.111142
0.110393
0.108485
0.116781
0.117097
0.108280
0.106587
0.098586
0.102413
0.101646
0.099126
0.102149
0.103656
0.101466
0.104922
0.101433
0.141455
0.118380
0.117696
0.123551
0.123804
0.107462
0.119250
0.104299
0.108011
0.111838
0.112579
0.112169
0.112372
0.111177
0.121659
0.108528
0.111671
0.117323
0.138139
0.123674
0.142085
0.141449
0.126929
0.132266
0.127959
0.144423
0.150625
0.146921
0.144577
0.126567
0.135663
0.145143
0.138824
0.139817
0.106948
0.105051
0.118434
0.113684
0.109665
0.109557
0.115470
0.116565
0.108407
0.111284
0.109514
0.120391
0.111870
0.114325
0.115059
0.132920
0.112332
0.115284
0.115433
0.115847
0.115639
0.109035
0.104034
0.093240
0.099172
0.116188
0.115354
0.121345
0.131287
0.129576
0.116968
0.122721
0.107007
0.129457
0.128718
0.122489
0.131897
0.118478
0.134623
0.122990
0.149065
0.110194
0.111150
0.141305
0.132782
0.111611
0.138836
0.116798
0.107920
0.104992
0.142585
0.129471
0.123041
0.124320
0.121346
0.121870
0.146726
0.125153
0.144682
0.145378
0.146529
0.152712
0.156089
0.153582
0.152448
0.143613
0.130328
0.137462
0.148205
0.148362
0.135194
0.142585
0.134086
0.129717
0.129437
0.126911
0.128096
0.128148
0.128131
0.127926
0.132194
0.132300
0.128376
0.143282
0.142321
0.143810
0.147919
0.151965
0.151328
0.143512
0.132158
0.130766
0.130263
0.130331
0.140143
0.147416
0.149304
0.137153
0.137051
0.134770
0.143400
0.145068
0.143937
0.143851
0.143202
0.136871
0.130944
0.149680
0.138994
0.150656
0.153050
0.137490
0.135531
0.134414
0.137741
0.134066
0.137427
0.135040
0.133089
0.138181
0.138908
0.136203
0.133613
0.131519
0.130765
0.135177
0.137846
0.134239
0.136184
0.134220
0.132930
0.135190
0.133961
0.130558
0.131000
0.130709
0.126823
0.127722
0.131656
0.127230
0.129811
0.130821
0.127534
0.132457
0.131695
0.134208
0.128846
0.130580
0.131496
0.132252
0.124993
0.132003
0.132563
0.132200
0.133229
0.134053
0.129834
0.132732
0.132688
0.133534
0.128698
0.127571
0.129934
0.130992
0.131584
0.133656
0.145795
0.108886
0.122745
0.119202
0.112589
0.114672
0.112076
0.112566
0.113073
0.112815
0.121774
0.119848
0.128719
0.128542
0.138272
0.125138
0.142387
0.138770
0.140399
0.126854
0.085670
0.085531
0.083905
0.083107
0.083370
0.084653
0.085173
0.082378
0.083688
0.087167
0.082579
0.081795
0.084331
0.084728
0.097081
0.096812
0.097872
0.092966
0.093237
0.095266
0.092056
0.095381
0.086595
0.096508
0.098454
0.097893
0.095837
0.076336
0.079112
0.076911
0.074876
0.075864
0.076927
0.077380
0.078362
0.074690
0.074925
0.072037
0.075155
0.076503
0.075476
0.072156
0.074989
0.075983
0.077260
0.076313
0.076129
0.078524
0.075770
0.079650
0.085386
0.092422
0.092592
0.092371
0.097795
0.098805
0.100818
0.097495
0.093482
0.094003
0.090571
0.087399
0.087421
0.087871
0.077699
0.092125
0.079392
0.083022
0.081001
0.080796
0.092679
0.085807
0.085757
0.080464
0.085713
0.081884
0.077308
0.077112
0.092742
0.076275
0.097062
0.076509
0.074443
0.075089
0.079068
0.075760
0.080366
0.081122
0.081767
0.082326
0.079261
0.079498
0.078740
0.078943
0.078126
0.078103
0.077300
0.079188
0.079780
0.078831
0.073840
0.078480
0.077288
0.076590
0.076087
0.089838
0.091165
0.090121
0.075690
0.091798
0.075807
0.073756
0.076326
0.076171
0.073068
0.075218
0.093319
0.091195
0.086473
0.086937
0.093159
0.092182
0.093187
0.092761
0.092468
0.091529
0.052183
0.052270
0.066716
0.080574
0.085030
0.085025
0.085077
0.085084
