0.233773
0.223956
0.247517
0.247211
0.246755
0.223923
0.219595
0.232634
0.231908
0.245442
0.241377
0.220419
0.223412
0.223467
0.219640
0.216509
0.220247
0.216743
0.218309
0.214631
0.214207
0.211709
0.211479
0.212086
0.213703
0.213702
0.211528
0.214247
0.212543
0.212314
0.211921
0.211535
0.211532
0.211962
0.214010
0.221093
0.214597
0.219887
0.219873
0.219950
0.205591
0.204304
0.206963
0.206788
0.214709
0.208118
0.216890
0.219673
0.217775
0.217801
0.217498
0.210213
0.210157
0.211722
0.211679
0.195462
0.197271
0.196163
0.194426
0.200845
0.220623
0.220279
0.219918
0.219399
0.219115
0.219035
0.220169
0.220530
0.220004
0.222839
0.221208
0.221691
0.221869
0.222638
0.222922
0.222717
0.213801
0.211585
0.212456
0.222537
0.232386
0.229584
0.230498
0.194038
0.195977
0.204822
0.208850
0.207484
0.208183
0.210866
0.204238
0.203939
0.210792
0.210329
0.206603
0.231047
0.237292
0.228356
0.226561
0.195015
0.189781
0.176386
0.162428
0.162516
0.163441
0.163672
0.161980
0.178860
0.179981
0.183785
0.184067
0.179462
0.178505
0.178412
0.177689
0.176564
0.181539
0.187715
0.185451
0.187788
0.178141
0.177454
0.178543
0.178646
0.177712
0.178352
0.180289
0.189787
0.178288
0.190425
0.186525
0.189607
0.179182
0.178387
0.174602
0.176254
0.178423
0.178050
0.175746
0.174750
0.176479
0.174057
0.174122
0.173527
0.174099
0.174489
0.174368
0.175368
0.175634
0.171848
0.174029
0.172777
0.171789
0.171950
0.172226
0.172073
0.171685
0.172113
0.169949
0.171580
0.172467
0.172681
0.170634
0.171073
0.171200
0.173819
0.177469
0.173157
0.174194
0.177613
0.176942
0.168044
0.153647
0.152741
0.121473
0.097267
0.097839
0.114540
0.117397
0.113029
0.097233
0.095768
0.071199
0.071246
0.070108
0.064869
0.059632
0.064579
0.061566
0.063752
0.056719
0.057105
0.058937
0.059350
0.050397
0.052833
0.054190
0.054462
0.054763
0.052384
0.054000
0.055857
0.043996
0.043485
0.046249
0.051806
0.051302
0.058231
0.057117
0.057489
0.058689
0.066878
0.080609
0.081207
0.077018
0.072967
0.064016
0.056363
0.056406
0.061455
0.062078
0.066455
0.068847
0.068678
0.058654
0.046067
0.049451
0.049028
0.049008
0.046249
0.045786
0.044489
0.043479
0.043470
0.050471
0.051997
0.050180
0.049454
0.049227
0.042177
0.040969
0.046464
0.049556
0.050154
0.065903
0.054189
0.052446
0.050687
0.051395
0.046143
0.043461
0.045986
0.061111
0.062003
0.063578
0.066239
0.065821
0.073252
0.073128
0.076113
0.081079
0.076684
0.077839
0.077836
0.082082
0.081486
0.080285
0.081096
0.080949
0.082061
0.082335
0.089890
0.084455
0.084344
0.085412
0.086643
0.078820
0.080352
0.081408
0.081163
0.083151
0.079040
0.084917
0.080846
0.076686
0.095044
0.091717
0.110293
0.110247
0.111651
0.174424
0.195807
0.231422
0.231480
0.204739
0.210246
0.208340
0.215289
0.212143
0.206383
0.213847
0.214796
0.213699
0.213374
0.208210
0.204895
0.207644
0.206903
0.205903
0.200679
0.221863
0.213191
0.193486
0.212241
0.194526
0.192726
0.193123
0.234601
0.233083
0.217136
0.215978
0.213231
0.207197
0.206962
0.212191
0.207613
0.207763
0.218939
0.219744
0.211767
0.214498
0.211697
0.214988
0.214399
0.208690
0.211705
0.224064
0.215393
0.215841
0.213827
0.229151
0.231229
0.213905
0.214382
0.229243
0.213357
0.214121
0.210308
0.210750
0.216884
0.214567
0.210414
0.209906
0.211539
0.215579
0.208933
0.206698
0.211336
0.210832
0.211383
0.210426
0.222187
0.223790
0.201899
0.240117
0.227027
0.217141
0.223593
0.222740
0.231541
0.230221
0.229810
0.236032
0.235708
0.228848
0.232600
0.207940
0.194158
0.193098
0.216528
0.222182
0.221851
0.222381
0.222641
0.223299
0.229438
0.229262
0.235102
0.236294
0.231903
0.230810
0.232213
0.231319
0.237872
0.239029
0.233881
0.227906
0.208479
0.208573
0.210762
0.207717
0.208820
0.214332
0.215327
0.217777
0.213598
0.223870
0.177850
0.178967
0.191760
0.224023
0.234652
0.218659
0.222918
0.214749
0.198908
0.230354
0.203258
0.206708
0.202819
0.202159
0.219578
0.228706
0.227034
0.181065
0.236041
0.233071
0.217501
0.217611
0.235729
0.212908
0.211768
0.210646
0.211006
0.236579
0.235591
0.236783
0.238796
0.234838
0.250795
0.241007
0.215987
0.221250
0.221629
0.233815
0.235716
0.224320
0.217850
0.217029
0.179386
0.196624
0.210087
0.205707
0.219008
0.227085
0.200069
0.206004
0.200426
0.208870
0.219863
0.205027
0.228576
0.213531
0.214465
0.215509
0.166473
0.169276
0.161407
0.160876
0.157660
0.173978
0.175693
0.215716
0.215787
0.217591
0.238452
0.251892
0.215513
0.217510
0.214049
0.225598
0.200450
0.241529
0.242748
0.215986
0.199264
0.202876
0.209725
0.209722
0.235741
0.237551
0.212009
0.217166
0.217722
0.206692
0.209293
0.213190
0.210525
0.160793
0.166083
0.173959
0.226247
0.223921
0.229236
0.207353
0.240016
0.223691
0.210755
0.208787
0.201361
0.204742
0.255968
0.210414
0.210505
0.241785
0.235828
0.233304
0.232167
0.231337
0.234723
0.226240
0.214396
0.221777
0.222617
0.203901
0.210689
0.199246
0.224319
0.223609
0.203503
0.222919
0.237129
0.225726
0.224856
0.243655
0.222713
0.205026
0.216688
0.217010
0.212158
0.174716
0.206059
0.207548
0.207610
0.205840
0.233557
0.225654
0.215011
0.215697
0.214200
0.193398
0.204641
0.203320
0.199801
0.188984
0.228172
0.228166
0.235170
0.249108
0.210468
0.210110
0.206224
0.198496
0.197355
0.182504
0.182987
0.200293
0.198114
0.198479
0.189396
0.188592
0.190561
0.190902
0.190197
0.189365
0.184845
0.181040
0.209797
0.188315
0.211586
0.184815
0.202253
0.192182
0.192359
0.190758
0.196157
0.181119
0.178732
0.177829
0.177464
0.178059
0.180990
0.180556
0.173898
0.180208
0.183504
0.187027
0.189404
0.189105
0.192845
0.190239
0.186304
0.186049
0.186125
0.186467
0.186757
0.188237
0.189882
0.189991
0.184545
0.186718
0.188348
0.180995
0.181269
0.183826
0.186692
0.186134
0.187732
0.184486
0.186860
0.183818
0.188459
0.186371
0.187169
0.180894
0.182178
0.181020
0.179160
0.179800
0.184337
0.203524
0.160115
0.171595
0.171337
0.149937
0.144278
0.141747
0.129306
0.129542
0.132633
0.128792
0.140043
0.143202
0.143356
0.119745
0.135132
0.116399
0.115774
0.113199
0.124729
0.138592
0.137181
0.148617
0.149517
0.147542
0.149443
0.377362
0.165708
0.165133
0.158461
0.150677
0.156045
0.154064
0.153251
0.152968
0.153000
0.152977
0.152756
0.154614
0.155037
0.153040
0.151217
0.151217
0.151217
0.151217
0.151217
0.151217
0.151217
0.151217
0.151217
0.150436
0.155337
0.153255
0.151973
0.148762
0.145310
0.158111
0.177400
0.176990
0.188362
0.182854
0.178738
0.173458
0.167683
0.177642
0.175305
0.168113
0.166850
0.167499
0.165589
0.167700
0.167902
0.168537
0.168132
0.174711
0.198777
0.225188
0.139669
0.140301
0.134233
0.138915
0.121625
0.134690
0.134478
0.134985
0.129632
0.134252
0.133301
0.133464
0.156963
0.145094
0.145997
0.186584
0.188899
0.185033
0.179315
0.182694
0.166695
0.166778
0.181706
0.172814
0.185584
0.186417
0.184033
0.189291
0.191051
0.196865
0.185093
0.179874
0.185391
0.187684
0.186920
0.181831
0.181064
0.178411
0.172350
0.173172
0.173686
0.173825
0.183019
0.160357
0.163505
0.202714
0.202710
0.153551
0.161216
0.186132
0.155021
0.152607
0.155861
0.148448
0.140800
0.139639
0.142507
0.142473
0.144140
0.134089
0.148214
0.149935
0.142343
0.140307
0.139053
0.138182
0.137897
0.140436
0.137906
0.138227
0.166723
0.167229
0.146365
0.146271
0.151417
0.200572
0.173607
0.208907
0.156105
0.147428
0.168726
0.169852
0.168597
0.167339
0.167579
0.167365
0.167307
0.149316
0.149549
0.187324
0.173401
0.174571
0.171782
0.171097
0.170051
0.147182
0.144477
0.143295
0.144390
0.144338
0.148168
0.147445
0.149439
0.160644
0.160463
0.152106
0.155009
0.158146
0.153701
0.154770
0.156631
0.157028
0.156191
0.151272
0.149801
0.156884
0.158935
0.150140
0.139188
0.139930
0.147788
0.147221
0.138646
0.124145
0.122400
0.096755
0.096186
0.100678
0.097567
0.098272
0.093707
0.099374
0.095714
0.096309
0.095713
0.094235
0.091684
0.093349
0.096454
0.095555
0.095171
0.095029
0.096063
0.096176
0.096911
0.097253
0.096774
0.121304
0.119415
0.106915
0.113356
0.111658
0.114254
0.123937
0.096437
0.090718
0.091019
0.086344
0.089997
0.086100
0.086208
0.086136
0.085272
0.082988
0.081463
0.075716
0.076633
0.081414
0.087856
0.088134
0.087251
0.090846
0.090421
0.087806
0.086898
0.085621
0.085585
0.085464
0.083346
0.081279
0.079295
0.078214
0.081750
0.080292
0.079627
0.075605
0.078138
0.079875
0.081186
0.081041
0.081105
0.080668
0.079385
0.076752
0.081337
0.076797
0.079272
0.082424
0.079473
0.081847
0.086429
0.085717
0.083002
0.083337
0.087859
0.087070
0.086344
0.081793
0.074658
0.074926
0.079414
0.079915
0.081012
0.081467
0.080814
0.078424
0.078978
0.075934
0.081357
0.082064
0.084815
0.081225
0.080446
0.080797
0.080753
0.079975
0.079911
0.081131
0.082076
0.082703
0.103328
0.099287
0.095129
0.093286
0.099789
0.093590
0.093350
0.094394
0.097561
0.096402
0.086958
0.086877
0.085740
0.084780
0.084677
0.084479
0.085276
0.084614
0.092918
0.091777
0.088965
0.089208
0.090358
0.090399
0.091575
0.093360
0.095631
0.092150
0.093457
0.094910
0.094478
0.093961
0.089130
0.087501
0.109680
0.110165
0.110113
0.102028
0.096016
0.091431
0.096289
0.097662
0.100569
0.121240
0.098338
0.101648
0.099348
0.099898
0.102564
0.104324
0.108603
0.108292
0.110574
0.109299
0.103315
0.099228
0.103355
0.102364
0.100048
0.098340
0.098280
0.099811
0.099875
0.106872
0.101050
0.103711
0.102271
0.108128
0.107400
0.106984
0.103690
0.102644
0.105936
0.105035
0.098596
0.098573
0.098701
0.096980
0.098522
0.097655
0.111404
0.111318
0.112694
0.106773
0.125674
0.133450
0.129749
0.104902
0.098390
0.104879
0.100974
0.102090
0.097702
0.123345
0.097551
0.099419
0.099592
0.123356
0.115032
0.100957
0.104306
0.103060
0.095551
0.102106
0.109085
0.102694
0.097745
0.101326
0.100197
0.097534
0.101412
0.098369
0.102930
0.098874
0.097808
0.101975
0.101934
0.102330
0.099281
0.098656
0.101945
0.096898
0.096104
0.096158
0.094436
0.108938
0.109359
0.093745
0.106347
0.093012
0.093806
0.093800
0.093414
0.093175
0.092900
0.095931
0.095997
0.093517
0.095041
0.093608
0.094083
0.094438
0.093569
0.096379
0.094065
0.098948
0.094592
0.095503
0.098624
0.098032
0.092486
0.094663
0.091785
0.096258
0.100444
0.095376
0.097066
0.095802
0.101899
0.095028
0.086471
0.089389
0.093784
0.089808
0.090673
0.114564
0.114570
0.115055
0.117438
0.117728
0.117418
0.116851
0.117679
0.118555
0.112759
0.113875
0.114353
0.123934
0.123766
0.123669
0.123898
0.122516
0.122748
0.123601
0.123184
0.122876
0.120813
0.116054
0.122361
0.106484
0.100305
0.121757
0.120843
0.118699
0.119662
0.119997
0.121889
0.119825
0.121783
0.117717
0.119560
0.119587
0.120507
0.115955
0.115057
0.111488
0.114544
0.114801
0.118023
0.116422
0.116787
0.121835
0.123912
0.096879
0.101616
0.112035
0.106167
0.104799
0.107330
0.107461
0.126425
0.126406
0.137260
0.139351
0.155173
0.155719
0.155486
0.125522
0.124990
0.135604
0.143263
0.142819
0.146634
0.135885
0.130061
0.141102
0.141609
0.141828
0.147160
0.144003
0.148000
0.146721
0.147552
0.137516
0.138595
0.148240
0.148022
0.137809
0.137912
0.137375
0.137988
0.137743
0.135531
0.134854
0.137549
0.141831
0.135547
0.135240
0.138015
0.138507
0.137803
0.137024
0.138615
0.141764
0.149745
0.144055
0.144627
0.149265
0.143471
0.144528
0.146806
0.146548
0.142198
0.149124
0.146814
0.145882
0.144753
0.144370
0.145127
0.134477
0.143230
0.143012
0.146437
0.141858
0.139893
0.154904
0.151121
0.150891
0.156428
0.111104
0.117283
0.156911
0.115114
0.165345
0.156432
0.157434
0.156026
0.160099
0.164518
0.160567
0.156096
0.154322
0.166028
0.144873
0.144494
0.151438
0.150395
0.150286
0.145109
0.148008
0.160928
0.161211
0.150758
0.144826
0.138753
0.141076
0.141619
0.146006
0.148126
0.142464
0.150315
0.149689
0.148468
0.149004
0.144275
0.135699
0.143201
0.144956
0.129970
0.135128
0.143444
0.145072
0.137687
0.134644
0.141191
0.144800
0.143184
0.148839
0.141433
0.143772
0.141629
0.141722
0.149224
0.153458
0.157044
0.149256
0.151884
0.151370
0.144960
0.149549
0.138070
0.130949
0.147825
0.140465
0.136635
0.135693
0.136183
0.142275
0.140040
0.136671
0.139693
0.135719
0.136942
0.137336
0.138362
0.143171
0.150352
0.144133
0.144076
0.149592
0.147365
0.142790
0.139374
0.139834
0.140299
0.140712
0.142613
0.143382
0.143968
0.147083
0.144833
0.145336
0.145931
0.142593
0.146799
0.149330
0.149681
0.148770
0.147730
0.147714
0.144828
0.144860
0.145533
0.146067
0.147227
0.148475
0.146405
0.148758
0.149808
0.145996
0.142409
0.142960
0.143946
0.172019
0.138956
0.145386
0.146015
0.128631
0.127837
0.131528
0.129810
0.130097
0.128915
0.129208
0.128697
0.128002
0.127073
0.131414
0.130140
0.126239
0.126524
0.124644
0.130549
0.115201
0.118858
0.118486
0.118615
0.120824
0.110408
0.120129
0.121363
0.118690
0.118746
0.120848
0.120431
0.120707
0.120415
0.120291
0.120014
0.121053
0.120969
0.120613
0.124625
0.124068
0.122981
0.124132
0.123616
0.123169
0.121762
0.121957
0.121718
0.121437
0.121073
0.120991
0.123683
0.128681
0.128510
0.123839
0.124792
0.125052
0.126687
0.126766
0.125985
0.126076
0.125245
0.125448
0.125930
0.125152
0.123191
0.126006
0.123550
0.123426
0.124116
0.123001
0.121946
0.122521
0.122925
0.123191
0.126723
0.124943
0.127645
0.126517
0.126768
0.123235
0.125173
0.125059
0.125098
0.121666
0.121164
0.118328
0.121744
0.122608
0.120367
0.120757
0.120569
0.118076
0.117947
0.119331
0.123542
0.126729
0.127319
0.126957
0.126090
0.123320
0.117950
0.117882
0.118325
0.119291
0.125380
0.124220
0.124325
0.120838
0.127629
0.127938
0.136797
0.093111
0.099539
0.099221
0.094828
0.094231
0.093389
0.093284
0.094214
0.094352
0.093508
0.099181
0.094225
0.094132
0.095781
0.094263
0.094299
0.093488
0.091790
0.094890
0.092169
0.092904
0.094097
0.097778
0.094134
0.093625
0.093977
0.098019
0.092917
0.098858
0.099631
0.098461
0.098079
0.098233
0.098391
0.098224
0.095084
0.094432
0.098054
0.093430
0.093806
0.094157
0.094493
0.094517
0.094507
0.094134
0.094184
0.094286
0.095115
0.094313
0.094263
0.094798
0.094307
0.094393
0.099350
0.096828
0.094448
0.094268
0.093874
0.096038
0.100088
0.096480
0.096376
0.096705
0.096957
0.095729
0.096854
0.097278
0.095407
0.095373
0.095798
0.095820
0.095608
0.094835
0.096305
0.095487
0.095155
0.095250
0.095592
0.097010
0.094936
0.093636
0.093431
0.094062
0.094223
0.095762
0.153083
0.153376
0.172626
0.173618
0.174717
0.173350
0.176565
0.183575
0.183961
0.178208
0.183451
0.183618
0.181391
0.145960
0.163046
0.146017
0.145960
0.147066
0.167684
0.163019
0.177163
0.165211
0.176365
0.162600
0.167188
0.160402
0.160815
0.159818
0.161976
0.135382
0.140849
0.140827
0.144350
0.145047
0.159333
0.166201
0.166214
0.171308
0.169148
0.166346
0.157484
0.156659
0.157629
0.161824
0.167513
0.143897
0.145497
0.161551
0.159427
0.147939
0.145260
0.146377
0.161089
0.162090
0.161508
0.162221
0.163261
0.162643
0.142274
0.137793
0.142791
0.142586
0.143410
0.142542
0.142871
0.138679
0.137523
0.142697
0.139323
0.140241
0.093276
0.092947
0.093691
0.092258
0.093839
0.095514
0.092825
0.094752
0.096320
0.096514
0.093151
0.093370
0.097667
0.099224
0.097866
0.095061
0.094514
0.098913
0.096256
0.096743
0.096784
0.095854
0.098694
0.098577
0.098909
0.097828
0.098612
0.098130
0.097645
0.098659
0.093555
0.093725
0.096643
0.093468
0.097953
0.096307
0.095156
0.091469
0.091967
0.092615
0.092371
0.091882
0.091637
0.095638
0.095575
0.103421
0.096232
0.096466
0.094548
0.094757
0.093427
0.094195
0.096773
0.096882
0.092809
0.093949
0.095383
0.092751
0.097280
0.095185
0.096023
0.095269
0.106601
0.109514
0.110647
0.119589
0.119219
0.115905
0.116769
0.117384
0.111200
0.111285
0.111037
0.111238
0.110049
0.110205
0.111342
0.109766
0.111127
0.112773
0.112030
0.109057
0.108881
0.108241
0.114095
0.115084
0.118488
0.123953
0.097192
0.101461
0.128037
0.127655
0.112009
0.101520
0.098742
0.098555
0.099058
0.099405
0.101518
0.098300
0.103207
0.103199
0.100548
0.100061
0.099821
0.096631
0.096927
0.095928
0.101129
0.097743
0.096344
0.096727
0.097587
0.099554
0.100030
0.097178
0.111851
0.098106
0.098101
0.096986
0.097393
0.097734
0.099458
0.097954
0.099415
0.101744
0.098704
0.110454
0.098117
0.098797
0.102561
0.098651
0.110715
0.100678
0.100386
0.100494
0.101034
0.100735
0.100383
0.097619
0.105490
0.106625
0.096261
0.097976
0.095756
0.107948
0.107726
0.109010
0.108821
0.101605
0.104327
0.104453
0.104373
0.097310
0.099459
0.097535
0.098219
0.098692
0.108698
0.098652
0.095456
0.094577
0.094309
0.096582
0.094645
0.096374
0.096055
0.094963
0.112674
0.110571
0.111386
0.113163
0.099258
0.097886
0.094540
0.099254
0.099279
0.099481
0.095723
0.093692
0.093959
0.096619
0.095016
0.099005
0.098369
0.097947
0.097837
0.094500
0.099266
0.098244
0.099582
0.097795
0.098531
0.099541
0.094595
0.095676
0.095791
0.096487
0.097840
0.098588
0.097765
0.098847
0.098948
0.099371
0.099242
0.097398
0.097814
0.100072
0.098089
0.098704
0.098158
0.097871
0.097121
0.097658
0.098316
0.098446
0.099956
0.100187
0.100124
0.097442
0.098619
0.098185
0.098509
0.097647
0.099449
0.099210
0.098887
0.097863
0.096442
0.108144
0.098143
0.098113
0.098227
0.098152
0.098639
0.100075
0.099926
0.100196
0.098641
0.099955
0.113213
0.112725
0.116986
0.117421
0.117678
0.116875
0.115944
0.112947
0.098450
0.118492
0.130514
0.130405
0.101189
0.129359
0.131186
0.130887
0.131114
0.127547
0.119863
0.106388
0.111828
0.111826
0.107260
0.105164
0.135314
0.130501
0.130822
0.108920
0.115205
0.108978
0.121676
0.122600
0.118840
0.096200
0.131953
0.132091
0.134971
0.120082
0.124300
0.130455
0.119997
0.119451
0.119894
0.117521
0.131506
0.130911
0.130708
0.130544
0.133658
0.132148
0.128699
0.129166
0.128544
0.132437
0.154496
0.138922
0.138384
0.145659
0.152576
0.111586
0.104773
0.104708
0.097354
0.101970
0.116421
0.113713
0.113547
0.106781
0.098259
0.094392
0.101261
0.103350
0.107644
0.110668
0.112106
0.112035
0.112409
0.112260
0.108218
0.105983
0.091991
0.094413
0.094733
0.093436
0.099335
0.099293
0.094596
0.094469
0.096750
0.096663
0.097512
0.097496
0.096411
0.096569
0.096053
0.094567
0.096586
0.097287
0.099895
0.104590
0.099528
0.097512
0.097623
0.095007
0.097620
0.096542
0.098083
0.098809
0.094850
0.095245
0.094063
0.093867
0.093474
0.094048
0.093307
0.093530
0.093425
0.095572
0.095361
0.094262
0.095094
0.094575
0.094012
0.105499
0.104966
0.131427
0.143450
0.127419
0.115198
0.095940
0.097925
0.097565
0.099288
0.091621
0.129934
0.120623
0.118581
0.131229
0.097912
0.096941
0.113957
0.113766
0.101595
0.110400
0.112287
0.104344
0.112303
0.109879
0.114583
0.112943
0.109549
0.110734
0.100142
0.106199
0.102004
0.101542
0.101952
0.101513
0.101326
0.103178
0.102569
0.102795
0.102867
0.105001
0.105871
0.104442
0.104940
0.116694
0.117112
0.102617
0.118023
0.118402
0.104767
0.106280
0.109482
0.111003
0.107918
0.105786
0.101257
0.111971
0.111407
0.111808
0.095751
0.098276
0.094178
0.094585
0.095005
0.094568
0.094456
0.093033
0.093878
0.094561
0.094174
0.095286
0.094285
0.093775
0.093107
0.093830
0.094271
0.094586
0.094947
0.094501
0.094593
0.094588
0.094466
0.094199
0.094494
0.094285
0.094047
0.090875
0.089675
0.089719
0.090394
0.086863
0.090013
0.092276
0.091061
0.089759
0.089799
0.089316
0.089117
0.092321
0.092448
0.091856
0.091952
0.092079
0.091988
0.089670
0.092213
0.092471
0.092129
0.092261
0.091632
0.091404
0.091329
0.091839
0.091486
0.088511
0.091239
0.090536
0.093284
0.093642
0.095253
0.093788
0.095015
0.126958
0.127151
0.122215
0.095130
0.094503
0.093474
0.095584
0.103050
0.100124
0.103606
0.103795
0.088910
0.088969
0.104341
0.104224
0.107929
0.108273
0.108605
0.101084
0.097566
0.096184
0.096461
0.092374
0.091677
0.090658
0.086643
0.086250
0.093774
0.093823
0.089326
0.092273
0.091336
0.086193
0.085851
0.084683
0.080900
0.080802
0.080997
0.078794
0.081443
0.080840
0.083650
0.084247
0.088969
0.086687
0.089407
0.093723
0.093556
0.093790
0.092462
0.094892
0.095955
0.099728
0.098913
0.098422
0.095480
0.093750
0.097684
0.096476
0.093668
0.096235
0.096815
0.096276
0.096578
0.096635
0.095132
0.098053
0.096831
0.097072
0.094159
0.093857
0.094578
0.093289
0.093959
0.097426
0.097846
0.095872
0.097690
0.096925
0.097175
0.094616
0.095245
0.096726
0.098702
0.098698
0.113255
0.111604
0.122202
0.099698
0.101312
0.097805
0.097294
0.097397
0.100846
0.095789
0.094482
0.095448
0.094129
0.099991
0.097911
0.094788
0.094083
0.095151
0.098524
0.097685
0.097085
0.097425
0.097229
0.096845
0.096918
0.097593
0.094882
0.098583
0.097774
0.098075
0.098777
0.100495
0.096342
0.099312
0.097700
0.096335
0.096025
0.098890
0.097010
0.096133
0.097864
0.097256
0.099443
0.098224
0.099362
0.100541
0.096532
0.096888
0.097804
0.154063
0.158352
0.157576
0.147200
0.152757
0.146743
0.144588
0.144895
0.145642
0.131706
0.138222
0.134399
0.134764
0.132286
0.122774
0.136733
0.137398
0.137532
0.139653
0.142855
0.147329
0.142612
0.142638
0.139027
0.147013
0.148363
0.147534
0.147688
0.138544
0.145141
0.135238
0.141112
0.141836
0.138248
0.137582
0.139819
0.136038
0.136183
0.134326
0.136966
0.137292
0.141522
0.141393
0.135801
0.126233
0.121575
0.120795
0.119903
0.121144
0.117487
0.118759
0.121856
0.121857
0.119443
0.118264
0.119886
0.117480
0.116411
0.119381
0.119349
0.120255
0.118622
0.117871
0.114623
0.105396
0.114622
0.112491
0.111928
0.116193
0.113361
0.106548
0.099298
0.100797
0.097219
0.096645
0.138140
0.147665
0.147122
0.125005
0.127894
0.124941
0.129116
0.128767
0.129398
0.126917
0.124964
0.120647
0.120791
0.120034
0.121062
0.121744
0.113975
0.114109
0.127101
0.114372
0.118799
0.119634
0.119298
0.122951
0.121291
0.122977
0.123840
0.124189
0.112535
0.093355
0.095109
0.095586
0.095147
0.092847
0.092450
0.093413
0.092583
0.091634
0.093274
0.094766
0.097772
0.097995
0.098221
0.097911
0.098028
0.116863
0.107764
0.110173
0.095784
0.096073
0.092569
0.095222
0.094903
0.096349
0.094314
0.095185
0.091068
0.091052
0.097546
0.097678
0.098275
0.112697
0.113082
0.113265
0.115842
0.116049
0.114169
0.116234
0.119220
0.115889
0.115508
0.105182
0.104568
0.103240
0.116407
0.117571
0.107105
0.106265
0.114392
0.114409
0.102817
0.104863
0.105101
0.119026
0.095692
0.097842
0.094267
0.093975
0.087012
0.095973
0.093661
0.092484
0.096694
0.094435
0.096264
0.099125
0.099031
0.098025
0.094744
0.095521
0.096013
0.097689
0.098466
0.099213
0.093708
0.093071
0.093393
0.093246
0.092557
0.089874
0.101353
0.092722
0.092965
0.093704
0.095414
0.099442
0.089779
0.099515
0.101532
0.102010
0.096487
0.096100
0.090727
0.083724
0.094962
0.092366
0.088869
0.089962
0.094118
0.095360
0.091204
0.088129
0.095201
0.091725
0.092532
0.095729
0.096747
0.098441
0.092594
0.091200
0.090732
0.092263
0.092817
0.086453
0.096329
0.101467
0.099697
0.100519
0.099901
0.099776
0.098566
0.097342
0.099900
0.100072
0.097165
0.099758
0.098916
0.095385
0.095597
0.096546
0.099343
0.134597
0.133898
0.114808
0.125129
0.121244
0.113934
0.113242
0.116323
0.111655
0.110445
0.122868
0.122592
0.124092
0.125914
0.119540
0.122290
0.122295
0.123373
0.121970
0.123788
0.124735
0.120632
0.124109
0.123307
0.123753
0.124900
0.124929
0.122429
0.124199
0.120585
0.119595
0.119753
0.121008
0.124642
0.124303
0.122697
0.124827
0.124014
0.120160
0.119899
0.118759
0.118864
0.117549
0.121003
0.120782
0.120680
0.121018
0.120274
0.120041
0.123166
0.123368
0.122407
0.121870
0.120788
0.121990
0.120475
0.119832
0.116982
0.119491
0.136385
0.136533
0.135995
0.131704
0.132731
0.133596
0.123793
0.123941
0.129670
0.133642
0.131624
0.115270
0.114535
0.114355
0.114714
0.107885
0.123959
0.100744
0.116061
0.127169
0.125256
0.124840
0.125358
0.124067
0.130963
0.102780
0.107595
0.106920
0.120215
0.114482
0.113691
0.107606
0.107846
0.110847
0.113860
0.111061
0.114077
0.114030
0.114274
0.116231
0.115974
0.117003
0.116796
0.116372
0.116531
0.104171
0.105082
0.094543
0.094183
0.098446
0.099126
0.107468
0.107772
0.096859
0.096022
0.094758
0.093471
0.092030
0.092182
0.092579
0.090731
0.100283
0.101342
0.097478
0.098476
0.100078
0.098662
0.098957
0.098844
0.099181
0.099000
0.095621
0.095710
0.095797
0.114392
0.105406
0.108278
0.107939
0.117748
0.108357
0.114982
0.112081
0.113023
0.113227
0.113491
0.113395
0.113041
0.113372
0.111748
0.110265
0.112069
0.117603
0.117297
0.116103
0.112092
0.112812
0.113346
0.113427
0.113196
0.113304
0.113482
0.112795
0.112908
0.113034
0.113403
0.106776
0.112532
0.112391
0.112955
0.112262
0.105168
0.095258
0.092104
0.098571
0.101896
0.098190
0.099156
0.100305
0.098444
0.099505
0.101565
0.100632
0.098728
0.091516
0.092166
0.102223
0.100533
0.106656
0.097796
0.106092
0.093416
0.095409
0.093496
0.094279
0.099774
0.101733
0.094033
0.094769
0.096153
0.099805
0.093700
0.105926
0.105808
0.103304
0.105438
0.107078
0.101679
0.105413
0.105235
0.105699
0.097110
0.098978
0.098401
0.113268
0.108282
0.109743
0.110771
0.111274
0.107697
0.108922
0.107164
0.110457
0.110143
0.110600
0.110766
0.111708
0.111244
0.111405
0.107385
0.107458
0.103655
0.101571
0.101610
0.098113
0.096123
0.093684
0.094614
0.100525
0.100503
0.096521
0.091302
0.098115
0.096266
0.107671
0.104556
0.104800
0.100258
0.100168
0.098130
0.098008
0.098323
0.097284
0.103892
0.102832
0.091575
0.092924
0.103005
0.104067
0.093476
0.091854
0.094426
0.096518
0.098666
0.143367
0.140934
0.127739
0.138822
0.138851
0.125717
0.133252
0.116130
0.109880
0.110643
0.102726
0.101746
0.104352
0.109847
0.109981
0.103335
0.097820
0.101189
0.098346
0.099280
0.098641
0.100083
0.100378
0.100304
0.100222
0.106252
0.107583
0.098774
0.108277
0.108797
0.101010
0.103813
0.106551
0.104175
0.101301
0.103760
0.100439
0.102901
0.101747
0.104125
0.106291
0.104967
0.101104
0.101396
0.101495
0.100374
0.101150
0.098911
0.120477
0.121144
0.120064
0.112817
0.100446
0.098511
0.103138
0.092706
0.102435
0.099745
0.101354
0.102959
0.092558
0.096214
0.092767
0.097841
0.096460
0.118129
0.115499
0.094388
0.083920
0.084576
0.096566
0.093305
0.100479
0.120608
0.118946
0.082622
0.108699
0.117309
0.095404
0.094504
0.095269
0.086478
0.096209
0.092008
0.092092
0.089573
0.097038
0.088684
0.090988
0.090808
0.117473
0.089353
0.096400
0.127261
0.112264
0.112353
0.117323
0.122372
0.127244
0.123013
0.124305
0.122421
0.119727
0.120060
0.118604
0.119362
0.117124
0.117446
0.117414
0.117107
0.119767
0.119184
0.121173
0.121533
0.121905
0.118684
0.120004
0.108099
0.114945
0.104033
0.104839
0.122731
0.115730
0.125808
0.115329
0.112113
0.124813
0.122449
0.120165
0.120381
0.119584
0.097316
0.095924
0.095270
0.092156
0.095385
0.094562
0.114970
0.094143
0.100111
0.106599
0.104253
0.099066
0.097948
0.097930
0.095493
0.108548
0.112579
0.111941
0.116106
0.105015
0.109237
0.115036
0.124317
0.108987
0.105292
0.121477
0.124366
0.125792
0.126053
0.123754
0.124611
0.123682
0.117998
0.117973
0.127088
0.120090
0.120218
0.125163
0.124108
0.124512
0.126104
0.123504
0.122566
0.122566
0.123777
0.131307
0.124374
0.115340
0.114124
0.114490
0.106984
0.100030
0.089684
0.089748
0.107603
0.120757
0.123726
0.121147
0.125843
0.110013
0.111197
0.110579
0.111458
0.114278
0.113355
0.113639
0.119204
0.112564
0.113256
0.114967
0.122513
0.118127
0.122169
0.116667
0.107743
0.115515
0.126771
0.105961
0.107124
0.111785
0.113082
0.118005
0.121604
0.120401
0.117385
0.117193
0.124908
0.124935
0.124454
0.119109
0.123493
0.124160
0.124330
0.122149
0.117802
0.120352
0.120133
0.113753
0.123324
0.119407
0.120048
0.119927
0.117650
0.119976
0.119559
0.111705
0.112142
0.122869
0.122278
0.118099
0.117156
0.115915
0.110868
0.112184
0.112449
0.111860
0.114390
0.111427
0.111175
0.112906
0.110973
0.111738
0.109698
0.111578
0.110525
0.123631
0.123464
0.123767
0.124337
0.111686
0.124956
0.124038
0.122604
0.122719
0.120886
0.123264
0.119113
0.124452
0.118443
0.124930
0.129651
0.119189
0.121260
0.112004
0.112430
0.112787
0.113336
0.113226
0.111695
0.086312
0.082697
0.083554
0.084716
0.084507
0.083999
0.083163
0.085177
0.083029
0.084388
0.083118
0.083122
0.082728
0.084506
0.084230
0.084304
0.083533
0.083129
0.085255
0.083588
0.083315
0.082923
0.082826
0.083774
0.083406
0.083165
0.082939
0.083150
0.083828
0.083071
0.084024
0.083435
0.083843
0.084567
0.083453
0.081969
0.084229
0.080550
0.081394
0.081627
0.081573
0.081730
0.083420
0.083143
0.084602
0.081140
0.082387
0.081970
0.081341
0.082253
0.082642
0.084981
0.083217
0.081562
0.082089
0.081337
0.078645
0.078803
0.080966
0.081907
0.082066
0.081642
0.086195
0.083791
0.083544
0.089778
0.089769
0.090078
0.090038
0.088966
0.088929
0.085284
0.082219
0.083793
0.083229
0.086448
0.092945
0.093369
0.091695
0.086518
0.092769
0.091025
0.093365
0.096135
0.096854
0.116264
0.116901
0.116902
0.116904
0.116722
0.124558
0.125533
0.133078
0.134006
0.134074
0.134737
0.132906
0.133454
0.102531
0.102033
0.105212
0.101543
0.098609
0.101941
0.101852
0.099747
0.098278
0.097980
0.100988
0.100801
0.106510
0.101586
0.099699
0.125368
0.125615
0.125271
0.127050
0.127147
0.097868
0.097666
0.100007
0.098387
0.128148
0.128917
0.092988
0.093125
0.092498
0.093535
0.092774
0.091994
0.092690
0.092505
0.091525
0.089958
0.090134
0.092093
0.092250
0.116614
0.094482
0.095049
0.093007
0.095687
0.096229
0.088751
0.089092
0.087816
0.086490
0.089783
0.090208
0.090194
0.092337
0.090794
0.086686
0.096078
0.095194
0.093784
0.092028
0.117785
0.091902
0.091684
0.092229
0.113746
0.123394
0.092455
0.091418
0.093126
0.092122
0.092807
0.093744
0.093499
0.091968
0.093320
0.091215
0.089932
0.089280
0.088218
0.085698
0.080900
0.088771
0.088935
0.088709
0.089658
0.089257
0.088837
0.089317
0.089198
0.089741
0.089745
0.089517
0.088872
0.088642
0.084894
0.080376
0.079921
0.080360
0.080980
0.079559
0.079646
0.080178
0.080278
0.078396
0.080796
0.083129
0.082116
0.082028
0.081926
0.081708
0.081706
0.082442
0.082423
0.084972
0.087370
0.088835
0.086008
0.086917
0.087027
0.089458
0.113663
0.123714
0.124080
0.123368
0.133441
0.124387
0.123363
0.131628
0.118622
0.118259
0.129177
0.127885
0.127663
0.121869
0.123380
0.132573
0.125244
0.125339
0.127761
0.128378
0.128754
0.118229
0.129649
0.119936
0.120424
0.127965
0.120405
0.120580
0.116639
0.111621
0.114471
0.113463
0.113357
0.119786
0.120727
0.120553
0.127186
0.119686
0.120359
0.126233
0.125946
0.121265
0.120800
0.120986
0.125573
0.126072
0.126799
0.126725
0.126561
0.125692
0.125210
0.125602
0.125251
0.125199
0.125105
0.125085
0.125344
0.124169
0.119354
0.119595
0.120503
0.118327
0.123456
0.125627
0.123953
0.124666
0.125470
0.127520
0.123054
0.123317
0.121633
0.117589
0.118220
0.121892
0.120246
0.119058
0.108307
0.107705
0.117541
0.111617
0.108744
0.078561
0.079510
0.079329
0.089940
0.088751
0.088204
0.088085
0.086225
0.087603
0.088331
0.086913
0.083843
0.084521
0.091829
0.092307
0.114530
0.112171
0.129146
0.128280
0.130042
0.097798
0.100254
0.100140
0.098129
0.100996
0.099992
0.098836
0.100500
0.097841
0.098016
0.096409
0.096739
0.101067
0.106636
0.097906
0.092853
0.094758
0.090657
0.083962
0.086535
0.084692
0.085423
0.084158
0.079480
0.084205
0.079285
0.079044
0.088045
0.081484
0.082285
0.095594
0.089949
0.085156
0.086399
0.079551
0.088778
0.086483
0.086228
0.086530
0.099967
0.110814
0.110357
0.121096
0.121873
0.116622
0.105551
0.105761
0.092336
0.114427
0.117412
0.124811
0.124281
0.113546
0.086134
0.082400
0.083170
0.082642
0.081592
0.081100
0.075647
0.088823
0.089059
0.093603
0.098633
0.090905
0.096070
0.095186
0.086987
0.084844
0.087641
0.089079
0.088287
0.091796
0.076282
0.076239
0.073683
0.073803
0.074275
0.073680
0.071904
0.073428
0.071733
0.073894
0.072829
0.071697
0.116951
0.116341
0.117242
0.116497
0.116775
0.117926
0.118533
0.116099
0.117684
0.116206
0.119060
0.119696
0.090241
0.102519
0.073522
0.073101
0.073236
0.073071
0.071208
0.076714
0.082572
0.083594
0.124832
0.122674
0.123875
0.125100
0.119386
0.117396
0.109654
0.122957
0.111761
0.089276
0.125657
0.089438
0.089323
0.088654
0.088988
0.088584
0.126201
0.127297
0.126210
0.125948
0.120281
0.088540
0.088905
0.089182
0.088791
0.122336
0.122706
0.122010
0.124519
0.124568
0.124737
0.118267
0.116484
0.117222
0.117222
0.118138
0.119007
0.117996
0.118633
0.119018
0.118346
0.118834
0.119820
0.118073
0.118596
0.117695
0.119086
0.119088
0.117480
0.117457
0.128107
0.117150
0.117865
0.125351
0.116367
0.111206
0.121113
0.118284
0.119673
0.121513
0.126835
0.118704
0.120242
0.124914
0.126319
0.125777
0.124055
0.113568
0.120105
0.120147
0.122012
0.119996
0.121218
0.126348
0.125650
0.125578
0.117752
0.119921
0.119008
0.117915
0.118940
0.120039
0.126528
0.120059
0.120455
0.118838
0.119338
0.118230
0.117248
0.117543
0.084961
0.116233
0.119052
0.116780
0.116655
0.117321
0.083367
0.083972
0.115413
0.115805
0.116309
0.119807
0.119360
0.119222
0.120766
0.122008
0.119451
0.121091
0.118498
0.117998
0.117510
0.116468
0.117315
0.118404
0.118450
0.118051
0.117493
0.117483
0.118472
0.118987
0.117625
0.117517
0.122311
0.089096
0.088839
0.120787
0.086795
0.089764
0.094273
0.093790
0.093510
0.094000
0.093509
0.118360
0.118900
0.125446
0.124064
0.120452
0.118460
0.119350
0.118895
0.121296
0.118282
0.127635
0.128693
0.123878
0.124821
0.123856
0.122803
0.122830
0.129147
0.123397
0.124735
0.129728
0.128240
0.123991
0.124334
0.124748
0.124222
0.125240
0.124685
0.121982
0.123222
0.122779
0.123491
0.124563
0.124230
0.126198
0.134301
0.133117
0.138747
0.155197
0.145426
0.142539
0.142796
0.128405
0.137633
0.157721
0.157736
0.159470
0.159073
0.160672
0.162848
0.156533
0.155426
0.128528
0.122931
0.111762
0.119810
0.120896
0.116553
0.105909
0.124639
0.131871
0.143037
0.144421
0.163084
0.143777
0.153928
0.155492
0.114659
0.125675
0.123257
0.120043
0.126445
0.140716
0.158336
0.162458
0.160892
0.160866
0.131767
0.123281
0.117327
0.119470
0.118830
0.153415
0.145601
0.161428
0.156072
0.156371
0.133758
0.145007
0.133774
0.121323
0.121661
0.138396
0.111623
0.163096
0.140127
0.140248
0.138121
0.116356
0.111911
0.123882
0.123833
0.131324
0.108728
0.110678
0.124199
0.122564
0.139622
0.137976
0.120530
0.125066
0.121870
0.128775
0.109474
0.108609
0.154554
0.138350
0.139382
0.121047
0.136945
0.120836
0.126162
0.153760
0.131454
0.135229
0.143967
0.145246
0.136623
0.141766
0.135250
0.134979
0.140948
0.147142
0.140639
0.100745
0.107956
0.108244
0.105185
0.139247
0.136841
0.139794
0.139627
0.133457
0.134703
0.138174
0.100456
0.099696
0.140239
0.100430
0.142186
0.140134
0.139511
0.138654
0.127045
0.132408
0.134994
0.135660
0.122901
0.139457
0.102260
0.136455
0.142889
0.125328
0.122258
0.126632
0.128172
0.128134
0.129458
0.099603
0.132288
0.122044
0.121423
0.128936
0.126921
0.121198
0.116688
0.115262
0.126672
0.125948
0.119926
0.129811
0.118809
0.119497
0.119637
0.121268
0.122834
0.120295
0.121174
0.121844
0.123573
0.122238
0.121915
0.117604
0.116733
0.119255
0.121861
0.123179
0.122886
0.122988
0.121361
0.119486
0.118937
0.115905
0.116400
0.118371
0.113896
0.113654
0.116288
0.117936
0.121781
0.121255
0.121245
0.117237
0.115835
0.116417
0.117391
0.114812
0.115149
0.114119
0.113499
0.117868
0.120188
0.119060
0.115210
0.115077
0.116239
0.116129
0.115540
0.116425
0.114420
0.115851
0.115083
0.114711
0.117757
0.122123
0.119951
0.118528
0.118089
0.117989
0.119731
0.116550
0.117855
0.117011
0.115973
0.118658
0.128477
0.120027
0.112534
0.116285
0.113830
0.116599
0.117576
0.117108
0.117412
0.115947
0.120559
0.116517
0.109879
0.109051
0.107734
0.107608
0.107551
0.117982
0.117766
0.118484
0.116840
0.117397
0.117239
0.123428
0.113470
0.113730
0.113114
0.107156
0.107811
0.117285
0.117557
0.117624
0.116159
0.116919
0.119041
0.116995
0.117071
0.114765
0.115199
0.100292
0.115725
0.118667
0.119421
0.117984
0.119774
0.120149
0.120181
0.120732
0.120177
0.121546
0.126607
0.126761
0.120890
0.122800
0.121775
0.122233
0.122336
0.123639
0.087990
0.090658
0.090510
0.090485
0.128908
0.127348
0.128894
0.130937
0.130233
0.122737
0.119704
0.092137
0.121526
0.117248
0.122410
0.121659
0.121585
0.124743
0.124335
0.124164
0.123583
0.123074
0.124235
0.124665
0.118805
0.122079
0.107527
0.126789
0.124719
0.105777
0.104015
0.102950
0.108227
0.099549
0.108942
0.109607
0.108596
0.105186
0.105314
0.107021
0.102220
0.109296
0.100457
0.109179
0.094412
0.107301
0.107128
0.101122
0.098306
0.097600
0.095871
0.098546
0.111656
0.108960
0.100324
0.104895
0.111381
0.098609
0.096073
0.094687
0.108397
0.095729
0.107994
0.108006
0.093096
0.105596
0.103492
0.105416
0.105309
0.106828
0.105626
0.116275
0.124194
0.124228
0.125126
0.114649
0.114784
0.116582
0.119486
0.118325
0.115153
0.110032
0.110557
0.114939
0.116268
0.113891
0.111345
0.112361
0.116444
0.117252
0.117430
0.115762
0.115382
0.114532
0.114743
0.113890
0.114690
0.117104
0.118388
0.120047
0.118602
0.118669
0.118332
0.140922
0.117063
0.123657
0.119849
0.107188
0.072494
0.074212
0.075214
0.075898
0.073884
0.073618
0.077096
0.069650
0.070245
0.070693
0.070464
0.074677
0.075186
0.077516
0.079957
0.080679
0.078918
0.080353
0.083045
0.084833
0.084722
0.083110
0.079463
0.085442
0.082155
0.082995
0.081444
0.083241
0.078901
0.078115
0.076371
0.077343
0.079849
0.079169
0.080423
0.079564
0.085177
0.081223
0.079133
0.080264
0.080132
0.082987
0.081910
0.124638
0.110039
0.110479
0.115709
0.118087
0.115710
0.117549
0.118744
0.111842
0.111493
0.119265
0.118380
0.118159
0.114967
0.113651
0.109822
0.113575
0.113310
0.116051
0.112291
0.112553
0.112867
0.112246
0.109713
0.121822
0.108650
0.115834
0.115703
0.115579
0.116653
0.114940
0.112077
0.112250
0.112863
0.112693
0.114975
0.113334
0.110534
0.104639
0.121116
0.107956
0.123085
0.123898
0.121641
0.122490
0.121480
0.100485
0.100722
0.107220
0.103487
0.104213
0.101388
0.102224
0.104209
0.084990
0.088294
0.086341
0.089397
0.089057
0.086685
0.087074
0.098025
0.098195
0.086511
0.085017
0.086324
0.084345
0.097317
0.107376
0.087219
0.083151
0.098048
0.098351
0.084395
0.098108
0.084163
0.084466
0.088141
0.083553
0.083656
0.089853
0.083504
0.083519
0.084249
0.088068
0.084563
0.084880
0.084177
0.084841
0.097414
0.100966
0.099259
0.099412
0.081769
0.086141
0.086487
0.085189
0.085598
0.085196
0.081892
0.085974
0.094629
0.094639
0.091222
0.092667
0.081123
0.081176
0.093444
0.090402
0.092951
0.092963
0.094478
0.094586
0.095404
0.095145
0.096645
0.095334
0.093581
0.094342
0.093475
0.084247
0.081756
0.081837
0.097571
0.084624
0.096176
0.084907
0.087911
0.082809
0.082962
0.096625
0.097322
0.096216
0.095659
0.096190
0.095408
0.090035
0.089628
0.125843
0.115088
0.111872
0.099768
0.104189
0.100581
0.101337
0.118781
0.108326
0.107875
0.106947
0.090065
0.110269
0.110207
0.112299
0.099315
0.099396
0.112313
0.123304
0.123196
0.124446
0.113080
0.105562
0.093435
0.093916
0.092070
0.089501
0.095007
0.094239
0.093580
0.096327
0.100247
0.104179
0.106496
0.104316
0.108576
0.099416
0.094339
0.093605
0.093567
0.102015
0.101529
0.103563
0.104175
0.104458
0.106476
0.103568
0.104469
0.104477
0.103465
0.103739
0.102613
0.102329
0.102763
0.102342
0.098666
0.107153
0.109668
0.095248
0.095327
0.094687
0.097448
0.095827
0.096267
0.096273
0.094691
0.097159
0.093905
0.093230
0.093008
0.083567
0.083818
0.081073
0.081929
0.081806
0.080482
0.076959
0.077583
0.076438
0.077903
0.078460
0.078746
0.078132
0.078741
0.081928
0.080898
0.083446
0.081457
0.074760
0.075335
0.074118
0.073870
0.074738
0.076215
0.077256
0.076147
0.077747
0.079299
0.078116
0.078438
0.078689
0.078567
0.080693
0.078331
0.082252
0.077818
0.086005
0.080063
0.080001
0.080580
0.080039
0.077574
0.074398
0.080370
0.081679
0.081487
0.075249
0.074680
0.074023
0.074225
0.074319
0.071192
0.072365
0.076596
0.076715
0.073419
0.086632
0.087117
0.085660
0.085900
0.083292
0.084673
0.084129
0.082019
0.082226
0.080341
0.084394
0.084801
0.084190
0.083788
0.083394
0.084086
0.078363
0.079907
0.079816
0.072922
0.079306
0.075826
0.080485
0.074620
0.070417
0.078069
0.080499
0.081065
0.080955
0.084367
0.082838
0.082661
0.081902
0.080058
0.081920
0.080625
0.082361
0.077778
0.077799
0.076329
0.070234
0.070706
0.069141
0.069375
0.078334
0.074543
0.082035
0.077541
0.079887
0.078511
0.075470
0.079242
0.081350
0.081419
0.078042
0.088454
0.078481
0.076627
0.076782
0.077256
0.076089
0.076700
0.075627
0.075526
0.070371
0.074738
0.078170
0.077802
0.077687
0.075142
0.074583
0.070973
0.079145
0.080829
0.077526
0.080875
0.073166
0.086831
0.087261
0.086294
0.087117
0.091050
0.083949
0.084587
0.090430
0.104494
0.089116
0.077477
0.077369
0.071442
0.071122
0.074365
0.074239
0.074602
0.084278
0.070853
0.078785
0.079295
0.079299
0.082397
0.082458
0.077416
0.080173
0.079876
0.081344
0.084744
0.082026
0.079086
0.079555
0.074195
0.078871
0.074056
0.075159
0.076039
0.074105
0.072367
0.076964
0.068503
0.068422
0.067461
0.066936
0.072650
0.071224
0.072676
0.071156
0.069618
0.069825
0.070347
0.068608
0.070121
0.068469
0.069469
0.070410
0.070395
0.071556
0.072002
0.067514
0.068564
0.068534
0.071343
0.070466
0.072251
0.071242
0.071254
0.070755
0.070611
0.067956
0.071646
0.071199
0.069851
0.073083
0.077001
0.077413
0.076575
0.074893
0.082054
0.077121
0.069832
0.069876
0.078043
0.076035
0.069926
0.067004
0.067235
0.067875
0.074925
0.072024
0.073172
0.074336
0.074131
0.072260
0.077608
0.072759
0.072877
0.071884
0.073562
0.073042
0.072121
0.072610
0.085805
0.082909
0.080637
0.073252
0.072833
0.065636
0.068613
0.077627
0.085810
0.086256
0.079028
0.085029
0.087675
0.102250
0.096373
0.106773
0.094936
0.092424
0.092190
0.091603
0.084952
0.082492
0.083728
0.099789
0.095766
0.104203
0.106723
0.107384
0.105830
0.106130
0.103694
0.102519
0.097511
0.096615
0.099960
0.105404
0.092376
0.095644
0.095139
0.095075
0.096057
0.097227
0.096514
0.094558
0.095708
0.093616
0.087404
0.093280
0.095049
0.094388
0.093947
0.087060
0.087997
0.080898
0.079507
0.081462
0.085830
0.081568
0.102418
0.106273
0.099358
0.096373
0.100304
0.100581
0.101031
0.086677
0.085480
0.082689
0.089308
0.085701
0.082712
0.083255
0.077194
0.080448
0.081500
0.082429
0.079859
0.079583
0.096947
0.096849
0.100623
0.092003
0.092709
0.084577
0.091078
0.085804
0.094623
0.092141
0.095320
0.094410
0.095316
0.094702
0.092772
0.094118
0.096684
0.096052
0.095244
0.093169
0.091686
0.092061
0.100620
0.091826
0.096357
0.094285
0.092963
0.103473
0.103118
0.070983
0.077224
0.074784
0.077025
0.072832
0.073538
0.073026
0.072203
0.071012
0.066225
0.077199
0.071910
0.070461
0.068932
0.072431
0.071982
0.072604
0.073086
0.079542
0.083912
0.082440
0.083798
0.084219
0.086322
0.081518
0.071297
0.081171
0.081492
0.088555
0.088437
0.077067
0.070793
0.070451
0.072028
0.076798
0.072201
0.080143
0.080007
0.074861
0.067887
0.068506
0.073012
0.072768
0.072924
0.072587
0.072968
0.069861
0.070316
0.073214
0.072038
0.075326
0.074022
0.074219
0.073284
0.072613
0.072095
0.073266
0.073255
0.073303
0.075443
0.076976
0.074015
0.074362
0.075976
0.073276
0.081971
0.079446
0.079207
0.079247
0.081555
0.082248
0.079825
0.079977
0.079930
0.082353
0.082553
0.078874
0.077757
0.078078
0.077891
0.077507
0.076788
0.076988
0.075240
0.075199
0.076364
0.075920
0.076110
0.076354
0.077754
0.078296
0.114966
0.117888
0.117886
0.116138
0.114049
0.114733
0.115135
0.119122
0.115754
0.115593
0.101135
0.101048
0.092262
0.092563
0.092392
0.091454
0.091660
0.091845
0.092773
0.093456
0.093517
0.093505
0.093125
0.093117
0.094048
0.091852
0.092054
0.089807
0.091155
0.092878
0.093058
0.092464
0.093298
0.093291
0.091854
0.094620
0.094535
0.095090
0.094425
0.094841
0.093631
0.095786
0.093602
0.093287
0.093654
0.093438
0.092434
0.091881
0.091975
0.088823
0.092059
0.091302
0.091636
0.092467
0.091315
0.091622
0.092235
0.093224
0.092501
0.093016
0.092848
0.092964
0.094625
0.094977
0.093938
0.093625
0.094127
0.093529
0.093028
0.092910
0.093786
0.094102
0.093427
0.094131
0.093159
0.094291
0.093328
0.093014
0.092659
0.093521
0.092741
0.092571
0.091366
0.091801
0.091904
0.092631
0.092842
0.092511
0.092034
0.092243
0.092477
0.091887
0.091128
0.090933
0.090481
0.090089
0.090241
0.090955
0.092317
0.090595
0.091175
0.091369
0.091047
0.093252
0.091312
0.090554
0.090476
0.090330
0.090726
0.091159
0.090643
0.090902
0.090303
0.091749
0.093063
0.095728
0.093659
0.093854
0.092697
0.094785
0.092962
0.092459
0.092572
0.092323
0.091877
0.092636
0.093084
0.093497
0.093429
0.093504
0.092924
0.093609
0.093768
0.092837
0.094649
0.092896
0.091976
0.091975
0.092882
0.093445
0.094392
0.094277
0.088765
0.091908
0.094941
0.091501
0.091087
0.090268
0.090786
0.092006
0.088144
0.089566
0.090627
0.089786
0.090388
0.094593
0.094577
0.089827
0.089236
0.090721
0.093833
0.093252
0.092109
0.086837
0.089551
0.092801
0.092620
0.090558
0.091558
0.088700
0.109819
0.110705
0.125266
0.123055
0.126057
0.120897
0.120791
0.119442
0.124024
0.126121
0.093795
0.077254
0.094007
0.094064
0.092943
0.093890
0.094997
0.094049
0.094036
0.095487
0.091697
0.099300
0.094525
0.095336
0.098856
0.095984
0.097054
0.096509
0.096152
0.120048
0.097291
0.097240
0.095127
0.095626
0.093417
0.094899
0.095092
0.094832
0.095008
0.094823
0.094957
0.095590
0.095754
0.094842
0.113614
0.098179
0.097851
0.102969
0.089332
0.113265
0.098418
0.098605
0.124435
0.102764
0.107993
0.106754
0.107427
0.129369
0.126363
0.128325
0.129247
0.128982
0.128256
0.126559
0.132185
0.132491
0.132250
0.123912
0.128835
0.132584
0.123239
0.133084
0.128828
0.132237
0.130180
0.132979
0.133737
0.131111
0.131380
0.123702
0.122521
0.123149
0.122642
0.120988
0.121170
0.127615
0.127869
0.127842
0.105765
0.097880
0.097910
0.110736
0.100737
0.101090
0.100764
0.100941
0.103159
0.103377
0.100900
0.100629
0.097308
0.103030
0.098373
0.100418
0.101119
0.103087
0.101014
0.101887
0.102499
0.102987
0.103009
0.102841
0.099077
0.103154
0.103332
0.103249
0.098030
0.104081
0.101871
0.102139
0.102239
0.101907
0.102497
0.103090
0.099799
0.097144
0.096520
0.099045
0.096447
0.094355
0.093259
0.093579
0.100453
0.097663
0.100681
0.101351
0.101324
0.095335
0.103510
0.106125
0.104509
0.106894
0.103808
0.103990
0.104821
0.104760
0.104940
0.104170
0.105422
0.105360
0.105879
0.105892
0.105945
0.106016
0.105883
0.108054
0.101136
0.109144
0.102507
0.110833
0.102981
0.106008
0.106408
0.105500
0.103810
0.103179
0.104113
0.104997
0.104248
0.102973
0.109900
0.110041
0.103712
0.103860
0.110796
0.103965
0.103713
0.102741
0.110748
0.111534
0.113171
0.113516
0.113057
0.112931
0.113173
0.105632
0.105733
0.110824
0.113101
0.110512
0.110875
0.110860
0.110479
0.109889
0.110980
0.113233
0.114287
0.112682
0.115662
0.111980
0.112865
0.113083
0.114569
0.111862
0.112636
0.111719
0.111766
0.108624
0.107519
0.106434
0.109020
0.109024
0.112315
0.115379
0.116190
0.116793
0.117456
0.118663
0.118769
0.120934
0.118779
0.119222
0.119063
0.117269
0.116939
0.115210
0.114937
0.113032
0.112712
0.112016
0.059380
0.059420
0.061312
0.061533
0.066314
0.062047
0.062165
0.061172
0.064340
0.078378
0.063605
0.063565
0.060058
0.061574
0.060949
0.059658
0.059742
0.056721
0.056129
0.056654
0.057947
0.058056
0.056902
0.059666
0.058903
0.059935
0.060179
0.051405
0.053360
0.052651
0.051918
0.050895
0.054306
0.052209
0.055225
0.050871
0.052379
0.053859
0.096296
0.096322
0.096906
0.096637
0.096717
0.096574
0.097398
0.086415
0.086321
0.083469
0.088160
0.083061
0.081121
0.082018
0.084406
0.081043
0.094269
0.085515
0.085337
0.084462
0.087893
0.087429
0.090501
0.091067
0.090997
0.089611
0.090845
0.107600
0.106801
0.091490
0.089581
0.087828
0.087561
0.087644
0.086970
0.087829
0.084797
0.085112
0.085841
0.085989
0.085233
0.085863
0.083452
0.084611
0.084602
0.082101
0.085322
0.084804
0.084748
0.083492
0.094908
0.095512
0.095346
0.100628
0.101814
0.097483
0.098942
0.098503
0.098203
0.098682
0.099303
0.098830
0.099036
0.097654
0.099599
0.098428
0.099534
0.100097
0.099855
0.058168
0.058296
0.061710
0.059304
0.060457
0.066531
0.069940
0.071259
0.075513
0.077599
0.079093
0.074236
0.076318
0.076383
0.076527
0.075882
0.075740
0.073260
0.073141
0.074317
0.072688
0.071279
0.069391
0.063979
0.062684
0.061895
0.057449
0.056713
0.060198
0.059356
0.061169
0.061573
0.060499
0.061003
0.060996
0.060223
0.062666
0.062613
0.070779
0.070614
0.069586
0.071106
0.068638
0.069145
0.069819
0.070209
0.068647
0.068048
0.063568
0.063779
0.057753
0.046754
0.045774
0.046218
0.046480
0.046694
0.047269
0.048807
0.049275
0.047820
0.049159
0.048219
0.048791
0.048553
0.048584
0.048705
0.048198
0.048572
0.048974
0.049525
0.049003
0.049822
0.049261
0.049403
0.050070
0.050541
0.049309
0.049715
0.049284
0.049701
0.049468
0.050756
0.049715
0.049687
0.049583
0.050435
0.049686
0.048168
0.049644
0.049177
0.048907
0.055557
0.056911
0.055660
0.055599
0.056304
0.056990
0.050752
0.049553
0.049727
0.047550
0.053699
0.052068
0.056730
0.057230
0.055414
0.053064
0.054440
0.053207
0.053861
0.054293
0.055557
0.055184
0.054477
0.055131
0.055236
0.055625
0.055634
0.055468
0.055105
0.054678
0.055041
0.057902
0.057986
0.057662
0.056213
0.058680
0.055004
0.055247
0.055263
0.053801
0.055411
0.055541
0.055328
0.057344
0.054933
0.057090
0.055497
0.057317
0.057482
0.058384
0.054920
0.055268
0.057956
0.056743
0.053615
0.057577
0.054731
0.054568
0.054151
0.054515
0.055558
0.054677
0.057184
0.057035
0.055006
0.054983
0.054276
0.053954
0.054110
0.053685
0.053341
0.052838
0.053162
0.053152
0.052486
0.051934
0.051267
0.050654
0.050474
0.048489
0.047958
0.047843
0.049547
0.049295
0.051150
0.053876
0.056439
0.059287
0.059166
0.063942
0.064411
0.066668
0.063401
0.062825
0.063837
0.071328
0.068858
0.070364
0.071326
0.070291
0.069265
0.067125
0.068617
0.068185
0.067241
0.071960
0.069483
0.069764
0.069679
0.063732
0.058774
0.051082
0.048986
0.048816
0.052495
0.050105
0.049687
0.050547
0.050312
0.050244
0.049443
0.049719
0.048654
0.048848
0.048726
0.048759
0.049785
0.049537
0.049446
0.050546
0.049692
0.050978
0.053956
0.053338
0.051476
0.049513
0.050243
0.050583
0.050451
0.046540
0.045403
0.047549
0.045777
0.045847
0.044622
0.042692
0.043142
0.040868
0.041454
0.044111
0.044141
0.044339
0.043684
0.043904
0.041866
0.047178
0.046467
0.044614
0.044639
0.041972
0.042848
0.043836
0.043874
0.044180
0.044012
0.046680
0.049834
0.050371
0.050803
0.051054
0.051754
0.052318
0.053664
0.053076
0.051036
0.051613
0.049933
0.052675
0.052190
0.052654
0.051915
0.051921
0.051765
0.051719
0.050343
0.049843
0.050133
0.050292
0.050595
0.050072
0.050155
0.052069
0.049600
0.049359
0.049008
0.047719
0.047379
0.045359
0.045138
0.042629
0.037279
0.040524
0.041774
0.042076
0.041627
0.041405
0.040893
0.041591
0.041426
0.046146
0.047170
0.044001
0.043508
0.043331
0.044619
0.038825
0.039529
0.036411
0.036534
0.040017
0.049782
0.060142
0.061728
0.062282
0.062517
0.064274
0.065721
0.065792
0.065612
0.055428
0.052639
0.053321
0.054214
0.054438
0.056606
0.054620
0.053993
0.055135
0.053762
0.052144
0.056239
0.052482
0.053570
0.053186
0.053505
0.061258
0.050373
0.053445
0.053457
0.052728
0.046879
0.040104
0.041539
0.041122
0.043984
0.046260
0.115933
0.114934
0.117188
0.116524
0.116538
0.095830
0.104910
0.106219
0.111212
0.110662
0.082190
0.088095
0.088200
0.075304
0.077445
0.074756
0.084081
0.083405
0.081413
0.069325
0.060296
0.069613
0.069756
0.067255
0.060641
0.062498
0.058618
0.059016
0.079172
0.077180
0.070602
0.075139
0.073935
0.073590
0.075430
0.078676
0.030167
0.030070
0.030469
0.029458
0.030100
0.039709
0.038793
0.036605
0.033927
0.032640
0.032364
0.032505
0.031021
0.029604
0.030262
0.029775
0.029703
0.032389
0.033177
0.033128
0.029726
0.029159
0.029008
0.028147
0.028381
0.027535
0.027842
0.028538
0.029485
0.027903
0.028217
0.028437
0.030286
0.031154
0.030882
0.030524
0.031957
0.028064
0.029304
0.026711
0.031880
0.032477
0.025294
0.029342
0.029210
0.029894
0.029463
0.031559
0.028579
0.031814
0.024641
0.024582
0.022166
0.023230
0.023950
0.027676
0.027902
0.022046
0.023195
0.029966
0.031608
0.030256
0.031346
0.028582
0.030066
0.030500
0.030518
0.032066
0.030014
0.029042
0.028802
0.030169
0.031391
0.031408
0.111536
0.111388
0.110678
0.111811
0.115725
0.111829
0.114664
0.115019
0.109383
0.109937
0.108486
0.108373
0.107781
0.113454
0.105723
0.103363
0.103728
0.104433
0.107564
0.108197
0.104997
0.104871
0.104852
0.104673
0.099043
0.100695
0.101201
0.101775
0.098662
0.101146
0.098768
0.099380
0.099364
0.092765
0.102528
0.102330
0.095003
0.095157
0.094810
0.095723
0.095000
0.095230
0.095347
0.097037
0.098331
0.097526
0.101179
0.100302
0.102316
0.102632
0.102545
0.102648
0.102559
0.102532
0.101052
0.099570
0.100962
0.101936
0.101209
0.100274
0.105882
0.105790
0.102951
0.106803
0.108885
0.109338
0.105523
0.105685
0.104921
0.105510
0.107623
0.098637
0.098926
0.098337
0.106847
0.108610
0.108265
0.107283
0.106155
0.104575
0.103480
0.102781
0.102506
0.103382
0.100935
0.100179
0.098046
0.097442
0.096940
0.083677
0.099148
0.085617
0.084037
0.084572
0.098621
0.098590
0.097545
0.098737
0.098656
0.096782
0.097149
0.094134
0.094056
0.093989
0.099918
0.102498
0.101643
0.079866
0.127017
0.132793
0.134701
0.132961
0.133229
0.125658
0.130932
0.133407
0.109778
0.109416
0.140206
0.108737
0.132356
0.138222
0.136596
0.132932
0.142452
0.143675
0.112872
0.112770
0.103834
0.104737
0.105538
0.103532
0.105544
0.101807
0.101811
0.100265
0.097116
0.096943
0.096077
0.104292
0.105026
0.109333
0.109631
0.106371
0.104721
0.104747
0.101403
0.100395
0.102239
0.100439
0.101830
0.107328
0.108159
0.100599
0.100826
0.099464
0.108045
0.107723
0.107407
0.109610
0.107944
0.109811
0.109333
0.106646
0.114898
0.115911
0.000423
0.000410
0.000000
0.001648
0.004816
0.007742
0.007812
0.009811
0.010810
0.011794
0.011754
0.011714
0.012941
0.013717
0.013853
0.015486
0.015782
0.013713
0.009973
0.008443
0.009964
0.009970
0.014189
0.017852
0.026443
0.031847
0.031510
0.031431
0.035402
0.037774
0.038364
0.038387
0.036223
0.042502
0.036588
0.037216
0.037195
0.034622
0.031083
0.031417
0.034969
0.034852
0.039105
0.041348
0.039368
0.041276
0.041298
0.046574
0.047897
0.052335
0.054054
0.053956
0.056355
0.057865
0.058186
0.063312
0.062579
0.062276
0.063134
0.064468
0.067120
0.066523
0.065845
0.061265
0.058862
0.060047
0.059073
0.059205
0.058270
0.058441
0.060947
0.061079
0.059316
0.059594
0.059090
0.060724
0.061094
0.061204
0.059683
0.059758
0.059785
0.060354
0.062948
0.058471
0.058116
0.060994
0.060958
0.058642
0.071301
0.080888
0.080845
0.080967
0.079308
0.079723
0.081489
0.081775
0.081576
0.080945
0.063429
0.062759
0.062631
0.063830
0.064398
0.062449
0.062351
0.062329
0.062344
0.062318
0.063165
0.063823
0.065189
0.063564
0.063814
0.064312
0.061264
0.051572
0.051549
0.061905
0.062595
0.060456
0.059630
0.059527
0.060768
0.060752
0.060434
0.060722
0.060345
0.058970
0.058085
0.057787
0.057135
0.056628
0.057002
0.057051
0.056726
0.054018
0.054978
0.057350
0.055285
0.058754
0.057218
0.057209
0.056599
0.057335
0.057359
0.056753
0.057132
0.057230
0.056709
0.059661
0.057911
0.058437
0.058159
0.058435
0.056766
0.056770
0.057241
0.057908
0.058713
0.058064
0.057658
0.057989
0.057917
0.058077
0.057864
0.058003
0.059087
0.058777
0.057150
0.058112
0.056928
0.057576
0.053191
0.055908
0.052678
0.057950
0.053681
0.052238
0.060278
0.060046
0.058273
0.059742
0.059907
0.058386
0.060610
0.066060
0.060555
0.066677
0.064195
0.066186
0.066745
0.066491
0.059180
0.059234
0.059837
0.060114
0.060311
0.061202
0.061580
0.060909
0.060528
0.066152
0.066171
0.067486
0.066785
0.066737
0.066982
0.066781
0.066702
0.066880
0.066443
0.066864
0.065433
0.059958
0.059876
0.060982
0.067427
0.060923
0.103536
0.089672
0.089841
0.089939
0.091231
0.090235
0.090609
0.091137
0.092059
0.092398
0.091856
0.091240
0.091140
0.092395
0.091172
0.090913
0.091223
0.091537
0.091608
0.091272
0.127417
0.126190
0.092831
0.088409
0.092803
0.085687
0.090163
0.086313
0.094587
0.085871
0.092918
0.092514
0.087694
0.094745
0.087243
0.093905
0.084902
0.085344
0.084177
0.089211
0.090933
0.093440
0.089072
0.088248
0.086099
0.091624
0.086549
0.095779
0.095832
0.086728
0.087966
0.087946
0.090125
0.089406
0.122937
0.088612
0.084062
0.084117
0.084231
0.111026
0.085190
0.098861
0.098657
0.099004
0.099070
0.097884
0.092272
0.092883
0.092465
0.092774
0.092225
0.092804
0.093173
0.092590
0.092986
0.109388
0.092844
0.107605
0.107992
0.123122
0.122859
0.118478
0.092326
0.091991
0.096765
0.122303
0.112047
0.092279
0.091764
0.097033
0.096392
0.101619
0.103757
0.103336
0.101377
0.101451
0.102837
0.095956
0.103123
0.103449
0.097865
0.101795
0.098396
0.098551
0.098408
0.100009
0.098289
0.099612
0.099605
0.101178
0.101691
0.102024
0.100785
0.101967
0.102431
0.102479
0.099469
0.100983
0.101590
0.098281
0.100261
0.100017
0.095039
0.091438
0.101814
0.093138
0.096872
0.097223
0.097457
0.094706
0.092863
0.094270
0.101114
0.100673
0.099167
0.091309
0.094937
0.101473
0.099528
0.092695
0.095813
0.095644
0.096013
0.095296
0.096310
0.096558
0.094291
0.095155
0.094522
0.094569
0.092701
0.101006
0.095716
0.095316
0.097608
0.097110
0.093771
0.096035
0.095698
0.094985
0.096046
0.096347
0.101169
0.102121
0.100919
0.102173
0.099183
0.098863
0.097210
0.100993
0.084838
0.106267
0.106739
0.106182
0.107889
0.108334
0.110184
0.110108
0.109042
0.105466
0.102490
0.101519
0.102999
0.102663
0.106898
0.104351
0.105456
0.102609
0.103523
0.096937
0.109618
0.112129
0.108304
0.100819
0.097606
0.101301
0.100469
0.097505
0.097487
0.096912
0.097601
0.097177
0.096694
0.097020
0.105653
0.105695
0.098038
0.096738
0.096856
0.098582
0.098958
0.097076
0.097186
0.096779
0.101332
0.102711
0.103901
0.104694
0.103725
0.091058
0.105275
0.101306
0.083117
0.084720
0.109215
0.095217
0.104261
0.099819
0.103149
0.101545
0.107209
0.105737
0.105339
0.105150
0.105285
0.105645
0.107050
0.106613
0.106643
0.108513
0.107981
0.100065
0.100678
0.112308
0.108277
0.107124
0.100155
0.110130
0.109962
0.107368
0.108969
0.107845
0.107466
0.106972
0.109433
0.100870
0.100026
0.105938
0.106158
0.104788
0.103837
0.104518
0.089114
0.089267
0.089818
0.088267
0.081381
0.101524
0.100781
0.080008
0.072721
0.060550
0.070653
0.070149
0.071884
0.074916
0.076822
0.078915
0.078314
0.080135
0.077890
0.075413
0.075151
0.075227
0.075576
0.076155
0.077295
0.076911
0.077127
0.078089
0.079095
0.080087
0.079646
0.079634
0.080739
0.082692
0.082853
0.083025
0.082874
0.081487
0.080837
0.082948
0.081505
0.081535
0.085670
0.082119
0.092878
0.093708
0.093564
0.090905
0.082718
0.080951
0.089451
0.089653
0.086371
0.089630
0.088642
0.086049
0.086376
0.087563
0.082796
0.083481
0.077961
0.078306
0.082369
0.080082
0.082315
0.100884
0.100668
0.100239
0.106569
0.089816
0.095128
0.095080
0.083446
0.082607
0.095159
0.089644
0.090508
0.100719
0.113491
0.103500
0.090481
0.090503
0.084725
0.090165
0.089406
0.088193
0.084867
0.087711
0.089632
0.107293
0.088856
0.088768
0.087412
0.085274
0.083048
0.084277
0.083451
0.082829
0.082780
0.081519
0.078062
0.077995
0.078321
0.076691
0.076392
0.132326
0.132288
0.136432
0.123916
0.126765
0.126734
0.105100
0.131040
0.129321
0.128716
0.098219
0.098108
0.098200
0.136485
0.136106
0.138048
0.138518
0.137078
0.129778
0.128345
0.135261
0.135271
0.134049
0.131974
0.136795
0.136180
0.136182
0.131423
0.130872
0.132791
0.132212
0.132627
0.125807
0.114165
0.118085
0.119011
0.118907
0.118707
0.119561
0.107585
0.113762
0.113575
0.110423
0.111027
0.111513
0.123132
0.120558
0.117626
0.125000
0.115452
0.114182
0.114355
0.109875
0.121644
0.120391
0.110940
0.110563
0.120710
0.119346
0.120312
0.120867
0.115992
0.117103
0.118726
0.119859
0.121174
0.121591
0.121122
0.126296
0.127642
0.127383
0.126497
0.126488
0.118765
0.122444
0.123634
0.123025
0.122698
0.121940
0.123872
0.123169
0.124083
0.118880
0.118283
0.119076
0.117334
0.115421
0.130728
0.131805
0.134625
0.136195
0.135783
0.127713
0.122917
0.129564
0.130881
0.130635
0.131866
0.131522
0.128524
0.130971
0.131264
0.129801
0.127953
0.125549
0.127588
0.127067
0.127113
0.124952
0.124262
0.117111
0.119578
0.117291
0.113649
0.114483
0.116573
0.117963
0.116436
0.118270
0.116007
0.112132
0.112339
0.113574
0.111512
0.114602
0.109508
0.112415
0.121370
0.117328
0.121335
0.119202
0.119754
0.117898
0.126090
0.127173
0.123414
0.122981
0.125586
0.126926
0.119861
0.107803
0.106550
0.110747
0.105678
0.109332
0.120251
0.123262
0.122126
0.108785
0.111385
0.111997
0.113081
0.110446
0.107048
0.110648
0.097319
0.108719
0.108908
0.109806
0.109280
0.109548
0.108711
0.106677
0.109734
0.109586
0.110271
0.110462
0.088955
0.091725
0.090670
0.090440
0.090435
0.088807
0.088172
0.087197
0.086021
0.089183
0.088793
0.082412
0.086996
0.087352
0.090326
0.092222
0.089078
0.092061
0.087258
0.087731
0.087568
0.083963
0.093530
0.082600
0.088124
0.083131
0.084808
0.086238
0.086704
0.086590
0.087415
0.087573
0.086529
0.087021
0.086480
0.086612
0.087795
0.087029
0.087424
0.088115
0.086849
0.086726
0.087571
0.086214
0.084401
0.086001
0.085763
0.086984
0.085977
0.086102
0.086820
0.086207
0.087248
0.087261
0.087049
0.086551
0.091174
0.089816
0.088049
0.087546
0.086027
0.086386
0.088557
0.087984
0.087973
0.097144
0.086776
0.096420
0.101926
0.100476
0.102420
0.103025
0.103245
0.103464
0.103354
0.102750
0.103393
0.103176
0.103790
0.103519
0.103877
0.104065
0.103975
0.102664
0.095017
0.093426
0.102373
0.102865
0.101585
0.103689
0.094666
0.099419
0.094315
0.096505
0.094136
0.094786
0.099331
0.098250
0.096811
0.096736
0.095945
0.094042
0.092571
0.102043
0.093706
0.096822
0.101670
0.104642
0.104662
0.104432
0.093009
0.092820
0.101438
0.092958
0.093608
0.101079
0.104823
0.105235
0.104249
0.103289
0.095326
0.102209
0.102317
0.096182
0.099497
0.095605
0.105023
0.094963
0.100363
0.095521
0.100491
0.102022
0.102071
0.095157
0.095155
0.098244
0.095086
0.094918
0.094510
0.094866
0.094969
0.100146
0.098790
0.102499
0.102081
0.101589
0.098940
0.099468
0.099552
0.099300
0.096226
0.099456
0.099639
0.099584
0.099656
0.099814
0.098633
0.099475
0.097730
0.099714
0.099604
0.099765
0.099501
0.090575
0.099102
0.098941
0.099018
0.098665
0.098837
0.099084
0.099089
0.099719
0.099264
0.100096
0.100025
0.101000
0.101732
0.101268
0.101350
0.100598
0.100909
0.103830
0.093272
0.092941
0.093599
0.092975
0.100521
0.099628
0.100158
0.101391
0.099335
0.099423
0.099626
0.100491
0.098237
0.098303
0.099788
0.098868
0.098723
0.099420
0.097611
0.098573
0.098344
0.098778
0.102330
0.099624
0.100930
0.100458
0.097855
0.098783
0.100344
0.099704
0.100068
0.101108
0.101058
0.100381
0.099703
0.102183
0.101294
0.099471
0.106070
0.100392
0.101572
0.108922
0.110389
0.109331
0.108265
0.102783
0.102734
0.103374
0.103453
0.103310
0.103087
0.101587
0.101582
0.102225
0.103509
0.102021
0.102286
0.101854
0.101394
0.100461
0.083182
0.080931
0.077280
0.089051
0.090308
0.106739
0.110641
0.106034
0.108217
0.171684
0.173859
0.178932
0.178699
0.202096
0.196158
0.195904
0.197294
0.197344
0.196300
0.195278
0.194701
0.195074
0.196563
0.204538
0.200457
0.194920
0.195414
0.195484
0.193559
0.197105
0.207332
0.205919
0.205454
0.202417
0.200786
0.194327
0.188597
0.189267
0.188211
0.191400
0.193356
0.190348
0.190433
0.192836
0.194012
0.205570
0.203875
0.204773
0.210318
0.203382
0.202125
0.194028
0.195112
0.197206
0.200287
0.208497
0.196958
0.197209
0.198025
0.203207
0.200635
0.206093
0.207178
0.201332
0.202366
0.207277
0.206712
0.208079
0.207301
0.214599
0.208924
0.226511
0.226572
0.225208
0.219628
0.219802
0.223830
0.219776
0.218973
0.218203
0.223243
0.212208
0.210679
0.204396
0.213112
0.207442
0.209698
0.213963
0.194168
0.196275
0.202234
0.207801
0.208299
0.202577
0.208674
0.214806
0.215814
0.216797
0.219350
0.217152
0.208770
0.218193
0.217496
0.216145
0.208841
0.202660
0.201485
0.201853
0.205911
0.209715
0.206315
0.209120
0.209817
0.204135
0.206947
0.180260
0.160858
0.162873
0.195341
0.191259
0.209509
0.213170
0.191617
0.192163
0.191294
0.212798
0.194398
0.195500
0.184722
0.189883
0.190234
0.190533
0.190609
0.189785
0.188998
0.187007
0.185486
0.186083
0.185683
0.193706
0.195546
0.192976
0.193574
0.197934
0.190223
0.203241
0.198737
0.200111
0.204595
0.200739
0.202112
0.203365
0.203260
0.203544
0.206020
0.208070
0.170921
0.205471
0.202576
0.199744
0.204628
0.207933
0.203874
0.198278
0.198096
0.196005
0.203103
0.201774
0.196033
0.206607
0.196808
0.205355
0.196705
0.205578
0.169642
0.163168
0.165556
0.165337
0.163851
0.162246
0.165014
0.163581
0.166636
0.164846
0.167961
0.167752
0.168714
0.167809
0.168754
0.174226
0.200142
0.184458
0.185315
0.188211
0.187973
0.196529
0.207443
0.207213
0.204860
0.211656
0.219234
0.216107
0.216108
0.226191
0.216954
0.206223
0.207239
0.206245
0.216456
0.209041
0.218203
0.218363
0.218503
0.207927
0.215686
0.223604
0.218620
0.218562
0.219084
0.221578
0.216596
0.220324
0.220329
0.247209
0.204393
0.215359
0.213889
0.213936
0.222995
0.212797
0.243041
0.193332
0.196666
0.194826
0.195353
0.215105
0.216716
0.203595
0.236845
0.240159
0.238124
0.230356
0.230606
0.230394
0.191367
0.182607
0.150734
0.149131
0.162386
0.188191
0.191787
0.197696
0.195244
0.194696
0.197236
0.196144
0.195511
0.197298
0.199286
0.199644
0.183080
0.198773
0.198815
0.180013
0.183518
0.181512
0.184594
0.184362
0.198677
0.181021
0.183296
0.180815
0.180689
0.184590
0.183454
0.184261
0.185530
0.185653
0.181915
0.180375
0.178607
0.184819
0.184760
0.181348
0.187487
0.181670
0.185916
0.185449
0.173939
0.189843
0.186895
0.176994
0.173991
0.183302
0.191367
0.171973
0.191116
0.190555
0.169802
0.185797
0.182832
0.183548
0.188877
0.164945
0.170610
0.173163
0.173436
0.173473
0.168260
0.169366
0.148528
0.154649
0.158102
0.155283
0.155609
0.149644
0.154717
0.166280
0.150267
0.147445
0.150774
0.147441
0.147036
0.147125
0.174891
0.164527
0.175883
0.167635
0.216303
0.210004
0.196039
0.197517
0.198581
0.195307
0.195007
0.196893
0.192929
0.195485
0.192339
0.195008
0.193403
0.222508
0.222603
0.215808
0.215602
0.219701
0.217902
0.218177
0.218399
0.219071
0.223470
0.219525
0.221019
0.219215
0.218035
0.218618
0.215820
0.215242
0.214862
0.214752
0.203844
0.205456
0.202026
0.197118
0.197802
0.193809
0.197258
0.196973
0.196005
0.232742
0.216675
0.218307
0.213949
0.203675
0.211299
0.225942
0.225284
0.230501
0.223680
0.207823
0.217766
0.220775
0.219726
0.213584
0.220709
0.217335
0.221864
0.211259
0.221165
0.219086
0.207862
0.213304
0.213062
0.206427
0.216109
0.207059
0.211908
0.211984
0.213946
0.216880
0.218864
0.220626
0.218085
0.220197
0.216758
0.213016
0.214963
0.215003
0.216253
0.214127
0.215841
0.199754
0.200038
0.206008
0.217478
0.217407
0.221486
0.221333
0.201434
0.217016
0.219514
0.217865
0.217700
0.215255
0.217700
0.218867
0.217622
0.217416
0.219441
0.214015
0.218650
0.202712
0.207149
0.203966
0.219590
0.214029
0.219938
0.222988
0.220989
0.214433
0.213041
0.229195
0.228008
0.227542
0.230829
0.216362
0.221915
0.221932
0.211138
0.214935
0.214233
0.213107
0.217498
0.213877
0.224293
0.223922
0.217841
0.217886
0.225461
0.211842
0.209978
0.209161
0.214000
0.214920
0.207205
0.207386
0.206822
0.206591
0.207332
0.206555
0.207065
0.206987
0.205923
0.204650
0.219336
0.223758
0.224403
0.224054
0.215641
0.214912
0.212179
0.214787
0.213417
0.217302
0.216275
0.219276
0.240880
0.235870
0.224847
0.224722
0.223062
0.199445
0.203349
0.206305
0.211716
0.208171
0.209567
0.210860
0.219398
0.212519
0.211964
0.213875
0.213747
0.211438
0.206830
0.202380
0.204865
0.190098
0.190978
0.186610
0.195480
0.197095
0.197219
0.194284
0.193717
0.191795
0.193370
0.194925
0.192274
0.200964
0.199568
0.191446
0.191554
0.192835
0.190380
0.191024
0.206732
0.206930
0.187812
0.186816
0.188489
0.188918
0.178361
0.192242
0.194539
0.189521
0.198219
0.198739
0.200921
0.198736
0.200246
0.200133
0.200170
0.186817
0.193423
0.205210
0.197972
0.199067
0.199894
0.198143
0.195284
0.187429
0.188707
0.215654
0.219907
0.208532
0.220355
0.219717
0.225847
0.221372
0.205505
0.214205
0.221361
0.212666
0.214063
0.212344
0.212250
0.212456
0.212162
0.201741
0.197069
0.214397
0.214279
0.198632
0.144195
0.126151
0.113009
