0.195419
0.192639
0.191769
0.192062
0.189045
0.181555
0.175672
0.170785
0.176461
0.171706
0.166451
0.169184
0.163893
0.163827
0.181856
0.170221
0.172297
0.189555
0.189505
0.207501
0.196760
0.212257
0.262938
0.264020
0.255254
0.260176
0.221662
0.245084
0.245119
0.262922
0.258296
0.241270
0.219272
0.217940
0.194653
0.169220
0.135584
0.130351
0.117834
0.104422
0.086839
0.083648
0.072487
0.072644
0.060046
0.046687
0.033562
0.034567
0.034591
0.031392
0.031885
0.032185
0.031372
0.031530
0.032701
0.030895
0.031093
0.031370
0.031220
0.032750
0.032302
0.031297
0.031909
0.033203
0.031794
0.032396
0.032281
0.031619
0.031877
0.031451
0.031717
0.031987
0.032384
0.033827
0.032101
0.028900
0.026067
0.024287
0.024122
0.023049
0.019931
0.018351
0.016672
0.016672
0.015112
0.014596
0.013990
0.012745
0.012759
0.012697
0.013204
0.012048
0.012485
0.012703
0.012585
0.012616
0.012705
0.012708
0.012462
0.012551
0.012278
0.012500
0.012573
0.011923
0.012397
0.011525
0.011352
0.012259
0.012429
0.012369
0.012433
0.012338
0.012579
0.012374
0.012438
0.012371
0.012434
0.012487
0.012628
0.012717
0.012610
0.012623
0.049401
0.049887
0.050277
0.050483
0.047314
0.053409
0.053275
0.060082
0.057353
0.044167
0.055259
0.053623
0.055967
0.055883
0.053549
0.053754
0.050596
0.053969
0.042142
0.042031
0.046225
0.042672
0.041781
0.094690
0.095753
0.049064
0.097696
0.053967
0.054542
0.054166
0.097665
0.098463
0.038332
0.038308
0.038280
0.038733
0.038212
0.038060
0.037912
0.037780
0.037851
0.037851
0.037869
0.039549
0.040365
0.037455
0.039887
0.037884
0.039117
0.040642
0.040205
0.039119
0.077327
0.069857
0.069564
0.069198
0.072845
0.072223
0.071281
0.068192
0.065337
0.065418
0.068803
0.066456
0.058176
0.058852
0.059303
0.058420
0.051816
0.051808
0.052455
0.052589
0.053100
0.069586
0.058166
0.029847
0.029340
0.029347
0.029327
0.030314
0.029897
0.029864
0.029920
0.029752
0.029767
0.029737
0.029857
0.029683
0.029770
0.029933
0.030061
0.029970
0.030317
0.030423
0.030864
0.030132
0.030607
0.029858
0.030226
0.030186
0.030160
0.030165
0.029984
0.030446
0.030381
0.030544
0.030345
0.052308
0.053312
0.052405
0.052764
0.051857
0.051284
0.037020
0.052023
0.050837
0.051284
0.054564
0.113754
0.113092
0.103355
0.100141
0.093933
0.090404
0.089458
0.088329
0.087866
0.090102
0.090806
0.092722
0.099837
0.100535
0.103663
0.104907
0.102621
0.105110
0.105164
0.098913
0.101060
0.099926
0.092193
0.092618
0.092962
0.093809
0.094592
0.092647
0.093857
0.107458
0.113163
0.110179
0.111374
0.108395
0.102709
0.114380
0.116002
0.118857
0.115659
0.111272
0.114778
0.091124
0.090047
0.091692
0.085753
0.114885
0.176684
0.176684
0.176684
0.144929
0.128036
0.107314
0.086330
0.085724
0.064072
0.051255
0.043547
0.077105
0.077105
0.074572
0.073721
0.069787
0.072391
0.070616
0.067867
0.066751
0.065709
0.070043
0.069810
0.068026
0.062228
0.063479
0.065554
0.070493
0.070234
0.068444
0.069227
0.068443
0.068479
0.069091
0.067745
0.064351
0.067820
0.067692
0.073171
0.095779
0.097943
0.114399
0.114567
0.163237
0.157243
0.117446
0.111871
0.111825
0.102780
0.081275
0.085155
0.081720
0.081731
0.070918
0.072779
0.078392
0.082865
0.082345
0.069861
0.064535
0.078168
0.081867
0.080575
0.098220
0.097495
0.097553
0.099181
0.098660
0.099139
0.096313
0.094835
0.083027
0.082344
0.086018
0.101122
0.079391
0.081294
0.079932
0.078554
0.079943
0.080994
0.082377
0.082415
0.084181
0.084894
0.098002
0.085134
0.084829
0.081440
0.086174
0.083900
0.090056
0.089720
0.093059
0.092439
0.095684
0.095628
0.095355
0.099324
0.095372
0.095851
0.073691
0.073505
0.073741
0.073914
0.073851
0.074845
0.074897
0.074776
0.074582
0.074468
0.074642
0.074677
0.074894
0.073782
0.073903
0.074516
0.074339
0.074229
0.070901
0.074390
0.074170
0.074194
0.074481
0.073295
0.074562
0.074458
0.074045
0.075098
0.075102
0.069411
0.069141
0.068940
0.069237
0.068466
0.071848
0.076917
0.074696
0.072305
0.074428
0.068801
0.070083
0.069985
0.068733
0.080160
0.081392
0.081236
0.078342
0.078827
0.076023
0.079982
0.080526
0.080110
0.068871
0.075692
0.077732
0.074508
0.073474
0.074793
0.075402
0.077337
0.075870
0.078249
0.063491
0.057787
0.042683
0.042434
0.042591
0.043845
0.045231
0.044182
0.041020
0.040994
0.044802
0.043158
0.045091
0.044086
0.046024
0.043950
0.043608
0.043606
0.044105
0.045138
0.044690
0.046533
0.047344
0.046482
0.046943
0.049404
0.049975
0.045695
0.046627
0.046239
0.047822
0.049423
0.048162
0.047435
0.047248
0.047975
0.056639
0.054168
0.045695
0.046644
0.049891
0.044230
0.055195
0.017226
0.016790
0.016723
0.016229
0.016765
0.016898
0.016572
0.023742
0.025127
0.023031
0.021370
0.021390
0.024543
0.015836
0.016328
0.016391
0.016405
0.016323
0.016556
0.024591
0.016361
0.016363
0.016421
0.016496
0.024592
0.028652
0.028419
0.029253
0.029675
0.029252
0.028608
0.028316
0.029176
0.025128
0.025971
0.024502
0.024462
0.024641
0.028688
0.028416
0.029304
0.028489
0.030202
0.025147
0.025207
0.025852
0.025943
0.025814
0.025258
0.025866
0.064373
0.064373
0.061117
0.080069
0.083726
0.085340
0.082779
0.112014
0.111349
0.104209
0.105615
0.105615
0.081907
0.102591
0.108331
0.075103
0.079308
0.073113
0.065413
0.075681
0.068729
0.069205
0.078877
0.084778
0.079536
0.058106
0.058106
0.059937
0.066806
0.059581
0.061742
0.061737
0.058053
0.052095
0.050984
0.060493
0.060575
0.055628
0.057297
0.055443
0.052378
0.052378
0.051771
0.047103
0.049360
0.043283
0.043283
0.080877
0.155826
0.164448
0.163612
0.163068
0.160020
0.158141
0.144399
0.140741
0.140747
0.138582
0.144219
0.143634
0.139977
0.138732
0.158723
0.149873
0.133468
0.147539
0.147480
0.139923
0.133078
0.132611
0.130885
0.126855
0.126231
0.052177
0.055153
0.054412
0.054344
0.064005
0.064219
0.060928
0.063942
0.063560
0.071719
0.057685
0.063673
0.055990
0.055885
0.055001
0.059580
0.075468
0.066885
0.066783
0.062909
0.058249
0.060632
0.059831
0.065267
0.053776
0.091101
0.052326
0.081969
0.066357
0.091126
0.090014
0.084264
0.086143
0.087342
0.090288
0.092858
0.048357
0.052614
0.052584
0.056308
0.050700
0.051428
0.055884
0.054739
0.054848
0.052080
0.053351
0.052196
0.052115
0.051384
0.051683
0.051458
0.051644
0.051735
0.049654
0.050239
0.050539
0.048958
0.049141
0.049441
0.111280
0.094760
0.093124
0.093469
0.093988
0.089537
0.091153
0.092463
0.092408
0.096204
0.089098
0.096588
0.096564
0.097117
0.094855
0.091455
0.092186
0.091361
0.091072
0.082698
0.090672
0.087702
0.102432
0.102552
0.088876
0.099346
0.103073
0.099128
0.099509
0.069943
0.070920
0.070006
0.071118
0.071115
0.050026
0.051238
0.070417
0.048916
0.047420
0.046739
0.053398
0.052215
0.050760
0.050694
0.050504
0.051202
0.047103
0.050243
0.075966
0.069595
0.073825
0.069127
0.071750
0.071623
0.050478
0.066434
0.050719
0.049496
0.049473
0.048884
0.053856
0.056214
0.048374
0.045662
0.048007
0.078781
0.057424
0.048891
0.048804
0.051811
0.042415
0.048214
0.043118
0.043120
0.043342
0.044017
0.043365
0.044289
0.044244
0.043768
0.043041
0.046886
0.046466
0.046731
0.046793
0.048343
0.048994
0.062285
0.061714
0.067245
0.045875
0.049740
0.051192
0.051208
0.046141
0.045404
0.045288
0.045072
0.048177
0.046026
0.044490
0.043877
0.046510
0.048014
0.047547
0.054893
0.053398
0.054593
0.054340
0.054743
0.055006
0.053488
0.053723
0.053704
0.054013
0.054551
0.053846
0.053551
0.053556
0.045907
0.046585
0.050947
0.054775
0.053508
0.055013
0.056078
0.048702
0.049372
0.050203
0.055226
0.052581
0.047589
0.052019
0.052941
0.053734
0.054442
0.055989
0.052164
0.051824
0.056677
0.055119
0.057047
0.058064
0.057265
0.073944
0.075423
0.071795
0.074992
0.072909
0.077974
0.057503
0.065159
0.066080
0.065418
0.066446
0.066937
0.059221
0.048916
0.048858
0.061993
0.052503
0.056113
0.057815
0.058329
0.045566
0.022254
0.016344
0.054337
0.053025
0.055583
0.083599
0.073782
0.058561
0.058356
0.065558
0.055170
0.051581
0.060685
0.061971
0.058864
0.073439
0.093426
0.048757
0.048783
0.050035
0.047293
0.047140
0.047531
0.047258
0.047161
0.060398
0.061099
0.061150
0.059652
0.057441
0.062619
0.063122
0.062624
0.063004
0.059201
0.063087
0.058168
0.056330
0.056502
0.057452
0.057306
0.061476
0.049829
0.045195
0.052703
0.058383
0.052581
0.050946
0.044095
0.052886
0.049347
0.059318
0.043011
0.038777
0.046002
0.043318
0.042076
0.060819
0.060931
0.058698
0.043662
0.043188
0.041253
0.041252
0.043626
0.041920
0.044945
0.048796
0.049930
0.047396
0.042795
0.044976
0.035399
0.035051
0.038759
0.037252
0.035916
0.034918
0.034938
0.033564
0.027455
0.027429
0.028687
0.029122
0.028434
0.042365
0.034442
0.038396
0.039167
0.039001
0.043465
0.040753
0.029348
0.029386
0.029884
0.030309
0.025607
0.031897
0.031955
0.032208
0.032447
0.031075
0.033500
0.033694
0.033292
0.034474
0.043999
0.045575
0.044597
0.073347
0.048707
0.047167
0.054344
0.053660
0.072433
0.071457
0.052993
0.069057
0.069036
0.065964
0.071589
0.067985
0.068352
0.067812
0.042414
0.041415
0.042993
0.041884
0.041092
0.047818
0.049038
0.050387
0.052266
0.049874
0.057541
0.053853
0.055618
0.054470
0.054011
0.055480
0.056726
0.056304
0.050877
0.050507
0.051371
0.057092
0.052221
0.056824
0.051186
0.053899
0.057002
0.060564
0.056099
0.055395
0.051987
0.056048
0.060005
0.061664
0.059184
0.054601
0.051796
0.058429
0.056547
0.057476
0.062365
0.063870
0.065987
0.024971
0.024059
0.024097
0.021715
0.021803
0.022411
0.022369
0.022328
0.021780
0.025259
0.022645
0.023314
0.021091
0.021818
0.027762
0.026955
0.026924
0.026043
0.025268
0.025047
0.025140
0.025215
0.026612
0.025812
0.026579
0.026639
0.026645
0.026025
0.026543
0.027758
0.028113
0.028066
0.024497
0.025785
0.025068
0.024776
0.024915
0.025824
0.026528
0.025483
0.024294
0.024038
0.024165
0.024067
0.025947
0.025844
0.026270
0.025877
0.025333
0.024078
0.024477
0.024470
0.024571
0.023972
0.025424
0.024420
0.024511
0.029928
0.031365
0.034335
0.031246
0.030391
0.032759
0.035702
0.035658
0.035232
0.034255
0.036387
0.046855
0.047320
0.035888
0.035880
0.032471
0.035680
0.034698
0.036017
0.036026
0.034515
0.054814
0.055655
0.055057
0.054375
0.051850
0.051130
0.053372
0.050822
0.048684
0.050909
0.045354
0.049799
0.049052
0.048447
0.045245
0.044784
0.043566
0.043334
0.043253
0.022502
0.097337
0.099337
0.102556
0.097450
0.032704
0.025179
0.024391
0.024086
0.024162
0.027637
0.028380
0.028606
0.028140
0.028176
0.031429
0.031801
0.031877
0.031966
0.031950
0.032227
0.032492
0.031007
0.033096
0.032441
0.030640
0.031710
0.031284
0.032163
0.033689
0.032341
0.040839
0.034190
0.035178
0.035461
0.037598
0.037055
0.029506
0.027829
0.029861
0.030045
0.030267
0.027358
0.027392
0.027751
0.029512
0.030438
0.033640
0.033661
0.033566
0.034308
0.028671
0.024799
0.028087
0.028096
0.028447
0.034271
0.034304
0.033841
0.033971
0.034456
0.031535
0.033087
0.025853
0.026945
0.025569
0.026179
0.025500
0.025313
0.025360
0.024921
0.024588
0.023833
0.024696
0.025606
0.024755
0.023680
0.023400
0.023359
0.023362
0.027670
0.030414
0.032437
0.037024
0.037094
0.037389
0.038204
0.038244
0.043496
0.043562
0.043134
0.042576
0.040731
0.040796
0.040858
0.020693
0.021070
0.020724
0.021753
0.021904
0.023170
0.022683
0.021403
0.019916
0.020540
0.022052
0.020904
0.022477
0.021762
0.021620
0.020052
0.021930
0.020964
0.020708
0.021048
0.021542
0.022087
0.021792
0.022152
0.022029
0.022676
0.021884
0.022088
0.022216
0.022134
0.022081
0.023040
0.022300
0.021793
0.022171
0.023308
0.023347
0.022473
0.022927
0.022900
0.051661
0.051457
0.046022
0.047789
0.048114
0.047821
0.046835
0.046369
0.046153
0.046565
0.048766
0.049248
0.047192
0.047258
0.047008
0.041963
0.048272
0.043275
0.045685
0.045687
0.046815
0.048512
0.046009
0.051824
0.047550
0.051065
0.042514
0.041912
0.022727
0.022745
0.023194
0.022653
0.040769
0.041036
0.041290
0.040065
0.042415
0.043391
0.043634
0.044452
0.040712
0.023228
0.022249
0.040878
0.040880
0.039864
0.022486
0.039791
0.022403
0.022734
0.040787
0.041087
0.022415
0.022131
0.022525
0.022052
0.022582
0.023465
0.022988
0.042388
0.044804
0.029790
0.052420
0.052433
0.052724
0.052373
0.052474
0.051172
0.051345
0.051223
0.051209
0.051366
0.051034
0.051068
0.050783
0.050899
0.052007
0.052421
0.050966
0.051645
0.050278
0.050326
0.050631
0.050992
0.050102
0.050278
0.050087
0.050818
0.051273
0.051130
0.050250
0.050029
0.050904
0.051273
0.050182
0.050585
0.050524
0.051047
0.050851
0.050847
0.050706
0.050976
0.048365
0.048849
0.048730
0.047756
0.048389
0.047813
0.047755
0.047679
0.047770
0.047426
0.049379
0.050080
0.049324
0.049768
0.049500
0.048880
0.049238
0.049486
0.049321
0.049455
0.049344
0.048944
0.048941
0.049398
0.048961
0.048329
0.049832
0.048691
0.049180
0.049671
0.049978
0.049418
0.048449
0.048160
0.047967
0.048439
0.047016
0.047052
0.042466
0.038792
0.039239
0.047810
0.037714
0.042251
0.047158
0.039527
0.047124
0.049168
0.048145
0.038156
0.046662
0.038387
0.038393
0.038285
0.038463
0.038340
0.007826
0.007694
0.007526
0.007538
0.007538
0.007629
0.007599
0.007556
0.007607
0.007568
0.007468
0.007493
0.007535
0.007675
0.007907
0.008248
0.008227
0.008422
0.008877
0.008132
0.008068
0.008023
0.007667
0.006908
0.006973
0.006927
0.006912
0.007089
0.007085
0.006970
0.006796
0.006803
0.006952
0.007158
0.007215
0.007315
0.007406
0.007684
0.007651
0.007527
0.007729
0.007808
0.007652
0.007673
0.008041
0.008248
0.008180
0.008247
0.008367
0.007887
0.008083
0.008113
0.007990
0.007692
0.007853
0.007738
0.007757
0.007602
0.007581
0.007549
0.007496
0.007457
0.007581
0.007565
0.007760
0.008013
0.008112
0.007595
0.008783
0.009189
0.009017
0.009140
0.009457
0.009524
0.009600
0.009624
0.009506
0.009606
0.009543
0.009774
0.010056
0.010081
0.010163
0.010057
0.009609
0.009848
0.009637
0.009642
0.009601
0.009626
0.009689
0.009648
0.009419
0.009349
0.009013
0.009101
0.009535
0.009455
0.107063
0.110083
0.107773
0.108204
0.109455
0.110078
0.110103
0.113472
0.113062
0.115666
0.114103
0.122367
0.104023
0.103319
0.105784
0.107103
0.120516
0.119770
0.120063
0.118875
0.096810
0.098962
0.106838
0.117427
0.109802
0.103994
0.103812
0.109478
0.109464
0.108531
0.107778
0.106624
0.104021
0.103380
0.103474
0.102588
0.104592
0.103280
0.104100
0.106363
0.106287
0.081100
0.082798
0.104676
0.083319
0.085196
0.087531
0.087041
0.087949
0.106691
0.112825
0.111928
0.112046
0.112949
0.105451
0.107348
0.103027
0.104135
0.104209
0.103540
0.097285
0.095257
0.094280
0.091429
0.094072
0.097052
0.106443
0.112364
0.112724
0.110155
0.107689
0.108131
0.109506
0.108445
0.111917
0.081610
0.105186
0.114293
0.112722
0.116584
0.094907
0.093074
0.099970
0.099176
0.094154
0.096860
0.096045
0.092624
0.096144
0.094444
0.094535
0.095607
0.097792
0.097026
0.096490
0.095334
0.094893
0.096970
0.097586
0.101111
0.100097
0.095618
0.096658
0.096049
0.098920
0.107492
0.099698
0.103353
0.109916
0.108886
0.110825
0.109568
0.110160
0.110063
0.108856
0.106607
0.109872
0.113767
0.113280
0.112829
0.108927
0.109526
0.107602
0.107804
0.100395
0.099021
0.095294
0.100232
0.101204
0.105048
0.109642
0.110870
0.106022
0.107582
0.110007
0.107370
0.108682
0.109890
0.109881
0.110277
0.108893
0.108765
0.099305
0.098867
0.099801
0.107070
0.101278
0.110168
0.110371
0.106921
0.099680
0.099550
0.100864
0.100989
0.101351
0.100778
0.101847
0.100366
0.100694
0.103039
0.105346
0.101702
0.106206
0.106201
0.048733
0.047940
0.049425
0.049422
0.049315
0.049760
0.048360
0.049991
0.049174
0.049087
0.048513
0.069862
0.047129
0.047838
0.047019
0.048268
0.047726
0.048500
0.048064
0.048638
0.048963
0.049052
0.048315
0.048871
0.049056
0.048714
0.047356
0.047562
0.047516
0.047119
0.048823
0.048874
0.051780
0.052547
0.052500
0.052123
0.052527
0.052114
0.051837
0.052621
0.051868
0.052134
0.051897
0.039949
0.039992
0.052271
0.038686
0.040820
0.037614
0.037589
0.038481
0.037868
0.036292
0.037666
0.036220
0.036906
0.037429
0.036778
0.035688
0.034985
0.037112
0.037724
0.036905
0.036405
0.036183
0.037148
0.036098
0.035474
0.036538
0.034451
0.037146
0.038067
0.037826
0.036802
0.035188
0.037894
0.036758
0.034839
0.034324
0.035397
0.034170
0.035241
0.032856
0.031697
0.031516
0.037923
0.035129
0.035817
0.034623
0.032837
0.036536
0.029748
0.030828
0.036593
0.036304
0.034567
0.033658
0.028883
0.058250
0.058299
0.057965
0.058345
0.054903
0.055281
0.055288
0.053929
0.057390
0.051900
0.054080
0.054596
0.061338
0.049287
0.054857
0.055728
0.055728
0.053773
0.052617
0.041654
0.056453
0.049341
0.051225
0.055929
0.058103
0.061059
0.060842
0.045295
0.045383
0.059301
0.062882
0.062892
0.057363
0.059485
0.061451
0.062103
0.052771
0.055992
0.058317
0.056876
0.068960
0.060592
0.060451
0.069549
0.062425
0.067120
0.061507
0.073417
0.075245
0.075391
0.071909
0.071909
0.071617
0.072861
0.070709
0.064358
0.064358
0.061109
0.063101
0.061433
0.062807
0.062793
0.063912
0.064013
0.065055
0.064579
0.064675
0.092479
0.060194
0.058424
0.058600
0.058379
0.058697
0.057281
0.056624
0.083300
0.083309
0.095652
0.096851
0.094416
0.091924
0.094156
0.092861
0.092958
0.096124
0.090613
0.093407
0.094506
0.086258
0.085782
0.089061
0.088748
0.084816
0.083816
0.085171
0.088534
0.088440
0.057792
0.057820
0.057876
0.057935
0.057933
0.058471
0.059942
0.057721
0.049622
0.049470
0.049569
0.056951
0.056941
0.057868
0.058172
0.058146
0.057098
0.057329
0.057818
0.056541
0.056649
0.056494
0.056641
0.056374
0.056302
0.056499
0.056351
0.056512
0.056307
0.056234
0.056212
0.056445
0.056505
0.056226
0.056439
0.056255
0.056556
0.049135
0.056616
0.049029
0.057020
0.057173
0.057623
0.056740
0.049023
0.049822
0.052318
0.052313
0.052477
0.052147
0.047619
0.051844
0.052410
0.052071
0.052095
0.051892
0.051770
0.051685
0.051869
0.052329
0.052226
0.051740
0.051640
0.051400
0.051382
0.050737
0.051390
0.050096
0.051038
0.050107
0.051550
0.050821
0.050953
0.050096
0.050214
0.050351
0.050398
0.050118
0.049329
0.049306
0.049337
0.048926
0.049205
0.049714
0.049890
0.050054
0.050025
0.050120
0.050113
0.050303
0.051322
0.050235
0.054057
0.053851
0.054150
0.052326
0.050209
0.052729
0.051742
0.054035
0.054662
0.053846
0.054740
0.055148
0.054332
0.054499
0.054901
0.055527
0.000002
0.000000
0.000219
0.000358
0.000465
0.000695
0.000695
0.000750
0.000892
0.001039
0.000906
0.000867
0.000805
0.000767
0.000756
0.000800
0.000800
0.000972
0.001084
0.001038
0.000987
0.000988
0.000871
0.000935
0.001016
0.001145
0.001140
0.001292
0.001382
0.001460
0.001462
0.001458
0.001454
0.001325
0.001269
0.001455
0.001464
0.001336
0.001469
0.001407
0.001363
0.001290
0.001330
0.001302
0.001325
0.001323
0.001323
0.001341
0.001448
0.001462
0.001385
0.001335
0.001280
0.001234
0.001301
0.001395
0.001399
0.007161
0.029084
0.061979
0.107965
0.107951
0.158384
0.160324
0.150751
0.147580
0.148114
0.141282
0.142296
0.137714
0.132500
0.132248
0.120759
0.104197
0.089176
0.073076
0.072618
0.059320
0.051874
0.048915
0.049027
0.049068
0.049345
0.049056
0.049259
0.049199
0.049297
0.050369
0.050965
0.051631
0.052584
0.052845
0.054321
0.054292
0.055597
0.056448
0.056398
0.057390
0.060433
0.062040
0.064856
0.064739
0.068501
0.072721
0.077055
0.072052
0.071947
0.066806
0.067824
0.070688
0.080943
0.081298
0.054123
0.053327
0.056267
0.050365
0.050365
0.047482
0.051287
0.047890
0.042883
0.042765
0.046664
0.046255
0.046411
0.047685
0.047777
0.049113
0.049827
0.050153
0.050464
0.050207
0.049900
0.050859
0.054264
0.055642
0.053366
0.052248
0.052930
0.050907
0.051764
0.051361
0.051020
0.049251
0.049290
0.050694
0.051203
0.051957
0.051837
0.052638
0.052757
0.052697
0.052656
0.052717
0.051317
0.050621
0.050823
0.050148
0.049357
0.051902
0.053026
0.053006
0.052956
0.052055
0.052442
0.048197
0.050253
0.056256
0.055985
0.045032
0.045208
0.045758
0.043421
0.043926
0.043830
0.043418
0.044246
0.044560
0.043660
0.043844
0.044199
0.043864
0.044247
0.044233
0.045182
0.045176
0.045495
0.042102
0.043014
0.045008
0.039693
0.040157
0.040057
0.042158
0.042771
0.042950
0.043350
0.044777
0.040891
0.041532
0.041638
0.042723
0.044667
0.045361
0.044962
0.045566
0.045755
0.046058
0.046894
0.047837
0.049671
0.046403
