0.176061
0.165470
0.165358
0.169492
0.144188
0.102622
0.086667
0.090324
0.091413
0.120372
0.091000
0.091403
0.089659
0.082364
0.076782
0.072980
0.072090
0.077702
0.077478
0.082863
0.080709
0.087407
0.082869
0.078747
0.078140
0.083328
0.085149
0.076483
0.082682
0.081942
0.094601
0.086229
0.085185
0.092652
0.085119
0.091549
0.085427
0.090560
0.087309
0.087445
0.090164
0.092229
0.089777
0.092822
0.093666
0.093629
0.095475
0.094095
0.095896
0.096057
0.095641
0.095222
0.095387
0.094648
0.094988
0.095075
0.094940
0.094008
0.093145
0.093193
0.095102
0.093671
0.093848
0.093932
0.094216
0.093832
0.093492
0.093485
0.074013
0.068402
0.110526
0.187548
0.231734
0.361111
0.398470
0.395311
0.416843
0.393147
0.360066
0.242450
0.178813
0.107409
0.104017
0.151728
0.159324
0.161036
0.174197
0.150809
0.138474
0.166514
0.168195
0.155342
0.154532
0.144723
0.159795
0.164955
0.156686
0.156778
0.153566
0.155806
0.146383
0.151449
0.147843
0.144868
0.144940
0.148471
0.148295
0.154390
0.148555
0.149529
0.146791
0.149779
0.159798
0.139145
0.138510
0.138139
0.147302
0.124941
0.126680
0.125925
0.140876
0.136618
0.148564
0.153679
0.140426
0.156120
0.139462
0.140385
0.141728
0.141373
0.152472
0.143898
0.138314
0.144993
0.156711
0.158822
0.158921
0.159623
0.158645
0.153636
0.148096
0.145349
0.154253
0.144965
0.157635
0.138443
0.144888
0.145247
0.166438
0.139708
0.143664
0.138831
0.145935
0.154124
0.155229
0.161207
0.159360
0.140938
0.143379
0.143762
0.143224
0.145635
0.145636
0.141043
0.144208
0.146895
0.143945
0.145548
0.157148
0.143653
0.142042
0.145944
0.131538
0.144553
0.145900
0.147973
0.141578
0.147364
0.146560
0.128874
0.139221
0.139080
0.138960
0.139188
0.146468
0.150059
0.138800
0.154195
0.143870
0.136448
0.147444
0.141510
0.141236
0.142760
0.147412
0.146386
0.135062
0.145909
0.134459
0.147076
0.150730
0.138565
0.135382
0.133453
0.144861
0.146383
0.142549
0.150162
0.153018
0.156849
0.136997
0.138427
0.157555
0.155959
0.145666
0.155234
0.155942
0.138111
0.153805
0.153076
0.142885
0.137769
0.155163
0.147576
0.139647
0.141220
0.156144
0.139211
0.150608
0.148936
0.146617
0.139895
0.142350
0.137395
0.141109
0.140193
0.140628
0.139034
0.139561
0.137871
0.141402
0.139959
0.141812
0.140869
0.138059
0.146393
0.145254
0.141550
0.139053
0.152747
0.137591
0.141121
0.152213
0.149460
0.154391
0.144794
0.157932
0.150863
0.151352
0.151438
0.157624
0.155895
0.158001
0.158876
0.145845
0.149454
0.169926
0.154469
0.162820
0.155278
0.147821
0.146746
0.197882
0.200368
0.201668
0.199820
0.198389
0.202812
0.204982
0.203944
0.202041
0.202179
0.199822
0.199888
0.202306
0.202321
0.202127
0.202109
0.203084
0.203116
0.203110
0.203114
0.203115
0.204042
0.202818
0.203078
0.204561
0.204513
0.204475
0.204327
0.202133
0.202288
0.201973
0.201973
0.199749
0.201961
0.201958
0.201958
0.201942
0.201995
0.202003
0.202003
0.202020
0.201940
0.199967
0.199967
0.199985
0.200073
0.200049
0.200049
0.200056
0.201872
0.201995
0.201984
0.202189
0.201814
0.201802
0.201802
0.201695
0.202325
0.202107
0.202107
0.202113
0.201980
0.202075
0.202074
0.202065
0.201755
0.201787
0.201732
0.201936
0.201978
0.201986
0.202134
0.202062
0.202002
0.202116
0.202112
0.202112
0.202095
0.202094
0.202128
0.202984
0.201938
0.202045
0.202748
0.202682
0.202599
0.202147
0.202148
0.202305
0.202575
0.202165
0.202575
0.202305
0.202312
0.202338
0.202603
0.202585
0.200321
0.176546
0.143102
0.118096
0.090209
0.084153
0.083959
0.087079
0.086976
0.085680
0.083791
0.084587
0.084079
0.084000
0.083012
0.086391
0.087182
0.086488
0.085616
0.086657
0.086385
0.086610
0.083891
0.084170
0.083575
0.083760
0.083533
0.083799
0.082968
0.082810
0.083562
0.084044
0.084409
0.085473
0.085523
0.086192
0.085173
0.086484
0.085873
0.085184
0.084588
0.086456
0.086264
0.084831
0.085310
0.085124
0.085632
0.085829
0.085472
0.084972
0.084444
0.086686
0.084968
0.085745
0.085744
0.085918
0.085317
0.086027
0.085832
0.085339
0.085476
0.084659
0.082879
0.083821
0.084010
0.083975
0.083211
0.082841
0.084389
0.083031
0.083475
0.084896
0.084310
0.085129
0.084316
0.082744
0.082649
0.082428
0.082845
0.082836
0.082271
0.081830
0.082394
0.082835
0.082437
0.082502
0.082061
0.081937
0.082646
0.081766
0.081558
0.082725
0.082085
0.082413
0.082309
0.081918
0.081935
0.082132
0.081715
0.081994
0.082601
0.082498
0.075683
0.040069
0.065729
0.051723
0.040175
0.041024
0.040367
0.040159
0.040456
0.042273
0.042520
0.042712
0.041646
0.041448
0.041398
0.041961
0.040767
0.039867
0.041538
0.039418
0.039771
0.041637
0.040652
0.041973
0.042156
0.042402
0.040723
0.041146
0.041423
0.042634
0.042685
0.041555
0.042098
0.041993
0.041641
0.041680
0.041914
0.041954
0.041593
0.042891
0.042568
0.042980
0.043038
0.042210
0.043028
0.041937
0.041771
0.042810
0.045520
0.042314
0.041464
0.045692
0.046087
0.045449
0.045233
0.045065
0.044625
0.043687
0.045295
0.045017
0.045646
0.046391
0.046400
0.046714
0.043451
0.043306
0.043155
0.045789
0.046005
0.046393
0.046582
0.045423
0.047854
0.048322
0.048258
0.047839
0.046570
0.046519
0.047583
0.046654
0.046491
0.060043
0.059794
0.059997
0.060837
0.060609
0.060951
0.060959
0.060123
0.061457
0.060645
0.061478
0.059808
0.061500
0.059625
0.060399
0.060105
0.057798
0.060223
0.060515
0.054165
0.053421
0.053096
0.054286
0.053400
0.053160
0.053896
0.053593
0.053760
0.053965
0.054027
0.052385
0.047400
0.054693
0.055212
0.045517
0.050320
0.048931
0.049721
0.049662
0.047480
0.046324
0.046788
0.046953
0.047417
0.047877
0.047408
0.047420
0.048242
0.052215
0.049221
0.047906
0.047749
0.047772
0.048164
0.048808
0.047903
0.046876
0.053468
0.050707
0.047507
0.047247
0.048177
0.048238
0.047825
0.047682
0.048977
0.054131
0.054264
0.055262
0.054516
0.054277
0.054354
0.054727
0.047607
0.048503
0.048096
0.048775
0.048440
0.047769
0.048132
0.048474
0.052820
0.052848
0.051358
0.050538
0.049140
0.048958
0.049081
0.048648
0.050256
0.049695
0.054270
0.052337
0.053455
0.050097
0.049806
0.050321
0.050242
0.049743
0.049903
0.049707
0.050730
0.051465
0.049995
0.050204
0.053172
0.051264
0.051859
0.049703
0.049334
0.051402
0.050078
0.051229
0.051141
0.051029
0.051163
0.049518
0.050270
0.049534
0.049305
0.050135
0.050267
0.050887
0.050489
0.051837
0.051278
0.050338
0.050779
0.050846
0.050388
0.049756
0.049471
0.050190
0.051004
0.049866
0.050300
0.051064
0.055987
0.049440
0.047870
0.048413
0.048341
0.049027
0.048418
0.048750
0.048882
0.048586
0.047937
0.049215
0.048303
0.049508
0.048795
0.049058
0.048983
0.049733
0.048939
0.049648
0.049281
0.048720
0.048526
0.047537
0.047000
0.048189
0.048442
0.055564
0.055283
0.055672
0.039407
0.028801
0.030272
0.038668
0.056893
0.074478
0.074631
0.074166
0.074119
0.073786
0.073517
0.072185
0.072539
0.072173
0.072894
0.072037
0.073163
0.071495
0.070862
0.071253
0.069968
0.070230
0.071070
0.071332
0.070988
0.070295
0.070768
0.070698
0.070651
0.069538
0.069439
0.069675
0.069255
0.069011
0.069843
0.069396
0.068916
0.069491
0.069741
0.069626
0.069825
0.069759
0.070852
0.070949
0.069713
0.070657
0.070427
0.067018
0.068190
0.064728
0.066205
0.065172
0.065701
0.067266
0.065688
0.066528
0.068597
0.066140
0.064067
0.064590
0.070710
0.067227
0.067383
0.067385
0.069773
0.064821
0.065129
0.065205
0.065260
0.065298
0.065593
0.065419
0.064904
0.064518
0.065352
0.065139
0.064787
0.064423
0.064269
0.064776
0.065425
0.065075
0.065677
0.065136
0.065279
0.064840
0.064971
0.065229
0.067426
0.068077
0.069042
0.069434
0.068551
0.068658
0.067317
0.064209
0.064021
0.064245
0.064808
0.064812
0.064885
0.065290
0.067423
0.065074
0.065157
0.064235
0.063627
0.063258
0.067153
0.066104
0.065348
0.065506
0.065656
0.066717
0.065735
0.064896
0.064947
0.063665
0.065769
0.064711
0.066147
0.065249
0.065088
0.065477
0.066200
0.066301
0.067224
0.065976
0.067243
0.064153
0.067301
0.065989
0.064048
0.066081
0.065383
0.065483
0.063979
0.065119
0.065633
0.065920
0.062514
0.063627
0.066013
0.063178
0.064829
0.063501
0.064424
0.064048
0.062875
0.062252
0.048849
0.041374
0.044691
0.055494
0.076357
0.076872
0.076276
0.081676
0.075731
0.075753
0.074246
0.076175
0.070966
0.071657
0.070501
0.071245
0.071180
0.071270
0.070470
0.071191
0.070637
0.070292
0.072328
0.073407
0.072761
0.071904
0.072153
0.072538
0.072165
0.072673
0.072659
0.073427
0.073078
0.071520
0.073113
0.072944
0.071416
0.071378
0.072633
0.072100
0.072642
0.073812
0.073609
0.074187
0.073804
0.073926
0.072846
0.073824
0.071397
0.071637
0.071772
0.071839
0.072277
0.073119
0.073289
0.073433
0.072198
0.082230
0.072522
0.072260
0.072551
0.073150
0.073869
0.073271
0.073522
0.073497
0.074017
0.074658
0.074052
0.074105
0.074043
0.072875
0.072896
0.073650
0.073949
0.072610
0.072660
0.071983
0.072205
0.071867
0.071718
0.072695
0.071538
0.071737
0.071689
0.070319
0.071371
0.072213
0.073615
0.074191
0.073148
0.061205
0.073900
0.071028
0.074842
0.072704
0.072051
0.072582
0.071823
0.061469
0.061728
0.062391
0.060264
0.062104
0.061806
0.062373
0.062386
0.061796
0.061352
0.061651
0.062301
0.061897
0.061236
0.062183
0.062037
0.064784
0.062453
0.071397
0.071416
0.085558
0.083344
0.080296
0.077934
0.079498
0.077600
0.083261
0.081210
0.077012
0.076181
0.078185
0.083064
0.082608
0.078946
0.083841
0.083768
0.083430
0.082538
0.084703
0.084491
0.081709
0.078556
0.080082
0.076829
0.084187
0.078615
0.079550
0.077090
0.079937
0.080381
0.079102
0.079056
0.084078
0.080678
0.077551
0.079393
0.069697
0.081963
0.082653
0.079196
0.079392
0.077578
0.083084
0.075622
0.074533
0.077941
0.078555
0.077376
0.076998
0.071314
0.072581
0.072319
0.069910
0.071882
0.072972
0.072619
0.070420
0.071074
0.072861
0.071686
0.071483
0.071947
0.071173
0.072134
0.071023
0.070795
0.070828
0.071112
0.070622
0.071356
0.070074
0.071187
0.078402
0.078040
0.078176
0.081855
0.070576
0.070696
0.071210
0.070983
0.071274
0.071174
0.071886
0.072210
0.072459
0.071890
0.074813
0.071091
0.071002
0.069935
0.069882
0.070737
0.069353
0.068681
0.070912
0.070288
0.070627
0.069840
0.069562
0.070176
0.069995
0.070436
0.069558
0.068974
0.069690
0.069713
0.070171
0.069722
0.069424
0.070801
0.071840
0.078297
0.072213
0.071744
0.071458
0.071933
0.072387
0.071674
0.079512
0.081239
0.081572
0.082100
0.082242
0.080457
0.080731
0.081165
0.081794
0.070259
0.070443
0.079405
0.080586
0.079404
0.080930
0.083660
0.083169
0.080284
0.079903
0.081375
0.079890
0.081030
0.079411
0.069511
0.078826
0.078935
0.073830
0.083514
0.072301
0.075884
0.075742
0.076335
0.074496
0.075839
0.075427
0.070212
0.073456
0.079671
0.078038
0.080886
0.080970
0.074938
0.076795
0.081695
0.081799
0.080852
0.076096
0.076244
0.077595
0.074033
0.073465
0.076817
0.076238
0.079417
0.075474
0.070122
0.071581
0.069891
0.069427
0.070351
0.068824
0.067808
0.067802
0.069577
0.066899
0.068846
0.068444
0.068355
0.068751
0.068420
0.069463
0.069124
0.069127
0.049026
0.038032
0.048203
0.031882
0.042736
0.044719
0.043348
0.043394
0.043230
0.043112
0.043258
0.042929
0.043092
0.042352
0.043359
0.046695
0.043084
0.043310
0.043706
0.043140
0.043655
0.042978
0.042945
0.042539
0.042773
0.044495
0.044515
0.045007
0.045090
0.045089
0.044183
0.041722
0.044495
0.039028
0.044675
0.044075
0.043845
0.042211
0.042381
0.040145
0.042131
0.039736
0.042862
0.039479
0.044160
0.045354
0.044039
0.044555
0.044170
0.041461
0.040516
0.043950
0.044864
0.044714
0.044740
0.044990
0.043595
0.044472
0.045678
0.046304
0.040601
0.040658
0.044864
0.044840
0.045468
0.043400
0.043940
0.044297
0.040127
0.043609
0.041322
0.040947
0.042865
0.042973
0.040772
0.042784
0.046160
0.046396
0.044816
0.045805
0.046082
0.046243
0.043204
0.042908
0.042943
0.044656
0.044959
0.045858
0.044907
0.043112
0.043951
0.044025
0.041438
0.041696
0.040864
0.038985
0.046599
0.042151
0.041727
0.044259
0.043877
0.038055
0.057994
0.068686
0.077840
0.077212
0.072507
0.074091
0.076928
0.078767
0.076314
0.076144
0.077397
0.077238
0.073117
0.077790
0.082795
0.083721
0.081197
0.084386
0.081361
0.083546
0.083591
0.074951
0.073529
0.078374
0.072897
0.073186
0.071768
0.073984
0.073829
0.074992
0.074487
0.075472
0.066224
0.068059
0.069258
0.070101
0.071075
0.070224
0.070455
0.070442
0.069297
0.066754
0.068981
0.071503
0.068598
0.066175
0.068325
0.068754
0.070847
0.070642
0.070376
0.068065
0.068857
0.067420
0.065271
0.075204
0.078769
0.079498
0.069426
0.074982
0.068674
0.076988
0.078407
0.078545
0.078939
0.079665
0.078872
0.082035
0.080723
0.080852
0.081997
0.080898
0.080600
0.079976
0.079741
0.079723
0.079947
0.076419
0.076886
0.078540
0.079748
0.077802
0.074830
0.080041
0.077250
0.076036
0.042225
0.029911
0.036893
0.043540
0.075025
0.077495
0.078458
0.078449
0.077236
0.076853
0.075954
0.075726
0.080156
0.081669
0.077550
0.077176
0.080544
0.076835
0.077525
0.082535
0.077924
0.078624
0.079570
0.083891
0.088351
0.086730
0.087461
0.079591
0.083845
0.087725
0.084864
0.085196
0.085690
0.082150
0.078322
0.078854
0.080543
0.081559
0.082666
0.081736
0.081902
0.081952
0.084189
0.081841
0.082357
0.081926
0.080631
0.081815
0.080792
0.082321
0.080564
0.082202
0.081944
0.083887
0.080134
0.079519
0.079956
0.080380
0.081353
0.080934
0.085419
0.081435
0.081836
0.053077
0.052616
0.053530
0.052315
0.052249
0.052173
0.053439
0.052144
0.053312
0.054501
0.061650
0.061510
0.054985
0.054244
0.054199
0.061601
0.061745
0.061437
0.059825
0.061252
0.056075
0.055637
0.053720
0.084459
0.080540
0.085566
0.082312
0.085646
0.084732
0.083301
0.082649
0.082529
0.083240
0.084417
0.084145
0.083108
0.083060
0.087842
0.088770
0.088559
0.066842
0.067229
0.066111
0.063950
0.065348
0.068066
0.066670
0.067335
0.068958
0.057238
0.066656
0.066587
0.090444
0.077176
0.076652
0.078015
0.064394
0.056712
0.076573
0.076161
0.076079
0.078261
0.076765
0.077184
0.076790
0.078044
0.076234
0.077329
0.077932
0.077323
0.076871
0.077159
0.076863
0.077008
0.076113
0.078045
0.074354
0.076236
0.080011
0.062820
0.054751
0.058802
0.067245
0.100008
0.101687
0.106421
0.095558
0.100316
0.103646
0.095707
0.094554
0.088389
0.094453
0.095433
0.093878
0.094876
0.087382
0.094153
0.089887
0.094697
0.097362
0.097269
0.096499
0.093646
0.098476
0.097959
0.094121
0.096893
0.092965
0.091338
0.092309
0.103056
0.107745
0.095911
0.090855
0.093696
0.090832
0.090550
0.089744
0.088569
0.092400
0.090551
0.089588
0.090797
0.102345
0.095720
0.099937
0.096744
0.099246
0.097238
0.096175
0.098718
0.095874
0.092817
0.095628
0.096140
0.096389
0.095102
0.093916
0.096651
0.093538
0.095903
0.096058
0.094730
0.095294
0.095654
0.094059
0.094525
0.093684
0.096218
0.093826
0.096178
0.096304
0.093554
0.095840
0.096487
0.094083
0.094785
0.084253
0.097660
0.086911
0.087366
0.087487
0.086944
0.091627
0.087881
0.085114
0.084926
0.094182
0.093926
0.083668
0.090900
0.080007
0.088838
0.080304
0.091220
0.098445
0.099357
0.099867
0.096459
0.097519
0.089644
0.076980
0.043254
0.042572
0.032938
0.032325
0.033170
0.032260
0.031722
0.031544
0.032245
0.031723
0.028839
0.032249
0.030230
0.030246
0.030862
0.029880
0.028461
0.028407
0.028986
0.028227
0.028394
0.027863
0.027682
0.027844
0.027535
0.027162
0.026698
0.026063
0.026128
0.025369
0.025040
0.024974
0.025367
0.024791
0.024741
0.024251
0.023875
0.022329
0.022557
0.022458
0.022554
0.022520
0.022442
0.022469
0.022262
0.030297
0.030281
0.030387
0.029206
0.027798
0.027339
0.027271
0.027853
0.026984
0.026953
0.027155
0.026470
0.026359
0.026406
0.024931
0.023925
0.023919
0.023618
0.023032
0.023065
0.022944
0.023182
0.023228
0.022783
0.021435
0.021036
0.020148
0.019447
0.019503
0.019253
0.019184
0.018779
0.018706
0.018759
0.017740
0.016166
0.015698
0.015106
0.015012
0.014859
0.014913
0.014740
0.013876
0.013253
0.012011
0.010769
0.010713
0.010726
0.009754
0.009860
0.009884
0.009843
0.009849
0.009137
0.006184
0.006014
0.005947
0.005913
0.005261
0.004696
0.004773
0.004006
0.002883
0.001554
0.000548
0.000272
0.000076
0.000000
0.000077
0.000278
0.000520
0.000851
0.016454
0.077262
0.027438
0.024484
0.081445
0.088265
0.091001
0.091276
0.091709
0.100188
0.094034
0.093979
0.094158
0.093133
0.093625
0.090890
0.100168
0.093117
0.093134
0.092277
0.093567
0.091565
0.091528
0.090069
0.090919
0.090195
0.091112
0.091760
0.090497
0.092393
0.090820
0.091619
0.091907
0.091815
0.093307
0.091343
0.092403
0.091537
0.092157
0.091336
0.092282
0.091518
0.094063
0.084588
0.094150
0.095275
0.092268
0.092437
0.093651
0.092271
0.095562
0.092675
0.092395
0.092236
0.094849
0.095987
0.093540
0.093209
0.100582
0.101364
0.100944
0.100253
0.100249
0.102891
0.099419
0.096963
0.092085
0.100268
0.097405
0.098659
0.091883
0.093890
0.093738
0.095057
0.095314
0.094362
0.091595
0.093372
0.096977
0.094053
0.091381
0.096332
0.100033
0.101039
0.092852
0.099574
0.094359
0.097249
0.090536
0.094913
0.095301
0.093513
0.092103
0.091982
0.095510
0.091306
0.094262
0.094850
0.092671
0.095338
0.097248
0.098694
0.094854
0.095134
0.098558
0.098050
0.089498
0.089883
0.085793
0.078142
0.085038
0.086515
0.087051
0.086700
0.086572
0.087520
0.086359
0.087181
0.087186
0.085951
0.087921
0.087318
0.087729
0.088526
0.087319
0.087520
0.087333
0.087820
0.087686
0.086885
0.087655
0.087904
0.087864
0.088318
0.089158
0.086421
0.087433
0.086580
0.087312
0.087903
0.086831
0.085833
0.087889
0.086767
0.087404
0.086491
0.087642
0.087952
0.088200
0.087074
0.088647
0.087082
0.087403
0.086285
0.088880
0.088882
0.088466
0.088780
0.090152
0.089101
0.089400
0.091570
0.089614
0.095452
0.093401
0.096589
0.097607
0.096971
0.093472
0.096302
0.096880
0.092536
0.094075
0.092861
0.092992
0.092152
0.094111
0.092713
0.093612
0.094188
0.093983
0.093847
0.096563
0.094060
0.093787
0.093392
0.094090
0.092982
0.093307
0.092676
0.092836
0.093353
0.091847
0.093815
0.091686
0.092381
0.092283
0.092320
0.091941
0.091671
0.090139
0.089292
0.088971
0.089258
0.089312
0.088916
0.089941
0.090293
0.091758
0.090956
0.091068
0.089192
0.091766
0.090600
0.091585
0.086230
0.085481
0.085269
0.086773
0.085183
0.085151
0.066178
0.046100
0.040769
0.042278
0.036810
0.035734
0.037683
0.035317
0.036132
0.035950
0.036413
0.033977
0.039193
0.037681
0.039303
0.039723
0.037083
0.036842
0.037100
0.037253
0.037781
0.037623
0.037188
0.039524
0.036999
0.039783
0.039559
0.039560
0.039109
0.038970
0.039224
0.039156
0.039730
0.040710
0.040400
0.039798
0.039979
0.034727
0.040148
0.039164
0.039741
0.039564
0.039465
0.039751
0.039934
0.035934
0.036093
0.037066
0.035676
0.034541
0.038049
0.038528
0.038249
0.038334
0.033547
0.039615
0.039227
0.039290
0.036612
0.036055
0.036184
0.038067
0.036908
0.036294
0.037390
0.036474
0.034881
0.034715
0.037753
0.037666
0.038225
0.038059
0.037306
0.033394
0.038601
0.036963
0.037901
0.038083
0.034133
0.033038
0.033030
0.032680
0.036639
0.037288
0.032732
0.033077
0.033252
0.034314
0.033143
0.033322
0.033439
0.033911
0.036512
0.033788
0.034216
0.034640
0.034645
0.033902
0.032417
0.032891
0.035354
0.032965
0.034263
0.034676
0.034548
0.034463
0.035962
0.035533
0.035893
0.032147
0.031678
0.032641
0.032782
0.031579
0.031169
0.031659
0.031771
0.043712
0.043514
0.032740
0.044329
0.032809
0.032698
0.032193
0.031571
0.031411
0.031909
0.032573
0.032901
0.043515
0.043114
0.037848
0.052095
0.052325
0.053040
0.036356
0.036962
0.035799
0.052062
0.048254
0.051046
0.047833
0.049161
0.032917
0.039512
0.056608
0.071177
0.097217
0.097204
0.096054
0.104430
0.099706
0.098695
0.093770
0.093447
0.096434
0.095320
0.096386
0.096622
0.096482
0.096572
0.097847
0.098156
0.098689
0.091216
0.092595
0.089765
0.098449
0.088866
0.089191
0.090044
0.090141
0.091243
0.097667
0.099101
0.099114
0.103393
0.098915
0.098410
0.089445
0.100530
0.098306
0.096496
0.078761
0.078317
0.100574
0.099111
0.102725
0.098732
0.100225
0.100025
0.088372
0.112661
0.109979
0.086003
0.097663
0.111889
0.100474
0.099476
0.100125
0.099708
0.100366
0.110556
0.101818
0.111965
0.103609
0.117993
0.101604
0.100835
0.112769
0.115561
0.110604
0.114164
0.115311
0.114760
0.112131
0.119990
0.113546
0.125304
0.097745
0.100989
0.111989
0.111506
0.111186
0.112057
0.102608
0.112698
0.113521
0.111624
0.111612
0.098633
0.097839
0.099026
0.096419
0.097634
0.096630
0.102661
0.102072
0.102858
0.102085
0.099961
0.100912
0.103640
0.120778
0.119142
0.119778
0.110691
0.109756
0.109088
0.106376
0.113704
0.112902
0.110597
0.108125
0.115212
0.117144
0.126358
0.109170
0.108823
0.083910
0.083845
0.061911
0.115033
0.096746
0.096444
0.096510
0.095994
0.095013
0.096866
0.098697
0.094339
0.102880
0.101219
0.101329
0.102290
0.103250
0.100259
0.100384
0.101428
0.097063
0.100835
0.098690
0.099907
0.085839
0.082195
0.091346
0.088465
0.087159
0.108619
0.109025
0.106828
0.107376
0.107973
0.102947
0.108521
0.091742
0.094451
0.095597
0.100628
0.101962
0.096837
0.100610
0.100950
0.099079
0.102212
0.100465
0.092756
0.098104
0.094895
0.097228
0.093235
0.095488
0.099944
0.098473
0.098874
0.096760
0.098733
0.100109
0.096895
0.095812
0.100852
0.099432
0.098657
0.124429
0.112952
0.098453
0.100080
0.102041
0.095095
0.101171
0.107410
0.104269
0.093819
0.095370
0.090729
0.092800
0.092493
0.092202
0.091396
0.099994
0.107853
0.092007
0.093116
0.098135
0.103335
0.101375
0.103279
0.106858
0.119802
0.111115
0.112424
0.110820
0.113718
0.113777
0.115735
0.112132
0.119114
0.115541
0.116209
0.119852
0.110893
0.108661
0.110912
0.109666
0.109632
0.112134
0.114544
0.114228
0.112001
0.115697
0.117041
0.116964
0.111619
0.091736
0.085420
0.108608
0.110552
0.109009
0.110316
0.096815
0.099770
0.100668
0.102310
0.102005
0.098886
0.100455
0.101616
0.103610
0.101550
0.108956
0.099365
0.094014
0.075670
0.065347
0.077398
0.057949
0.059629
0.059627
0.059572
0.060427
0.059692
0.059775
0.060112
0.060127
0.059895
0.059729
0.059832
0.059858
0.064312
0.060073
0.060991
0.065174
0.064930
0.065528
0.065585
0.065543
0.067720
0.067799
0.067539
0.067420
0.067379
0.067520
0.066992
0.066954
0.066480
0.065834
0.065684
0.065897
0.065449
0.066060
0.066048
0.067124
0.065922
0.065347
0.065258
0.065443
0.065301
0.063869
0.062972
0.063869
0.064038
0.065926
0.065271
0.065407
0.065685
0.064668
0.065674
0.062799
0.064700
0.065991
0.065255
0.065221
0.065807
0.066571
0.065188
0.065153
0.064763
0.064168
0.065533
0.063679
0.065229
0.066009
0.066317
0.065697
0.065577
0.065696
0.066427
0.066612
0.066524
0.066823
0.067089
0.064655
0.064419
0.063451
0.064784
0.064645
0.064757
0.064475
0.064770
0.064375
0.064363
0.065056
0.065099
0.062424
0.061772
0.064800
0.062934
0.063646
0.062113
0.061889
0.063923
0.063503
0.063220
0.061687
0.061948
0.062321
0.061694
0.062640
0.061088
0.060605
0.061450
0.061858
0.062302
0.062424
0.064056
0.063110
0.062932
0.062666
0.063381
0.063476
0.063786
0.061213
0.064051
0.063816
0.064323
0.063574
0.063157
0.058838
0.059673
0.059227
0.058877
0.058252
0.058287
0.059109
0.061010
0.058602
0.058282
0.057545
0.057114
0.057154
0.057563
0.057216
0.057112
0.059698
0.059682
0.057570
0.060806
0.058376
0.056293
0.057034
0.059153
0.058192
0.054956
0.047179
0.049418
0.071688
0.097460
0.174867
0.261101
0.390517
0.403049
0.396033
0.393783
0.351882
0.249817
0.185556
0.111627
0.108439
0.139439
0.152367
0.152324
0.153064
0.154134
0.152521
0.154048
0.153728
0.155867
0.153619
0.154332
0.152611
0.154983
0.150712
0.154105
0.154752
0.152269
0.152310
0.130696
0.152144
0.131112
0.159640
0.159567
0.144595
0.158848
0.143861
0.158494
0.157421
0.150679
0.155353
0.149987
0.154180
0.147211
0.149085
0.147717
0.149505
0.149838
0.150093
0.150321
0.150192
0.152542
0.150406
0.149033
0.152147
0.151547
0.151552
0.149738
0.150841
0.154665
0.156833
0.150005
0.155712
0.150976
0.147903
0.150405
0.151192
0.162010
0.154902
0.155156
0.150685
0.154000
0.152607
0.148221
0.149149
0.149156
0.149642
0.150423
0.150200
0.149363
0.151553
0.157779
0.151053
0.142016
0.151908
0.151618
0.154054
0.150471
0.151781
0.151665
0.149325
0.148761
0.148713
0.156147
0.155652
0.151419
0.152130
0.152222
0.149765
0.150551
0.150552
0.160961
0.163177
0.161183
0.163054
0.151996
0.157202
0.146775
0.147605
0.150648
0.152015
0.166224
0.162192
0.157889
0.157945
0.155133
0.163876
0.150524
0.152097
0.160837
0.157781
0.150957
0.162881
0.152296
0.152062
0.166395
0.163713
0.162880
0.149968
0.148511
0.148341
0.161410
0.162162
0.154583
0.157808
0.157853
0.156844
0.151653
0.149951
0.156625
0.147286
0.141907
0.155798
0.155265
0.156921
0.154235
0.154705
0.149537
0.157890
0.157455
0.149880
0.164335
0.158705
0.158546
0.157268
0.149229
0.152289
0.151873
0.129072
0.145214
0.150099
0.151372
0.150344
0.148934
0.156488
0.123541
0.128102
0.124958
0.126152
0.128020
0.124649
0.126922
0.125406
0.125282
0.129542
0.129967
0.124349
0.129039
0.126862
0.124825
0.127384
0.135324
0.127567
0.133799
0.131274
0.133520
0.131391
0.132314
0.132772
0.130958
0.131816
0.131650
0.131296
0.130379
0.133641
0.132707
0.132125
0.126798
0.129906
0.127830
0.128074
0.127588
0.128247
0.129023
0.129466
0.128761
0.126428
0.127386
0.127800
0.126226
0.126908
0.124487
0.125344
0.130678
0.130511
0.131342
0.130867
0.132604
0.129990
0.128613
0.129566
0.130545
0.127146
0.131333
0.127608
0.130159
0.131152
0.131805
0.133761
0.131106
0.134912
0.132546
0.127092
0.126539
0.126906
0.126976
0.127444
0.126753
0.125748
0.122413
0.124724
0.124836
0.123494
0.122877
0.123617
0.123424
0.122639
0.121876
0.124957
0.122927
0.121182
0.124288
0.124525
0.122281
0.125005
0.122430
0.122247
0.126368
0.126134
0.121525
0.121903
0.123418
0.123044
0.123256
0.122399
0.122669
0.121977
0.122479
0.119977
0.122010
0.119997
0.122254
0.122292
0.121128
0.122038
0.121787
0.121610
0.123340
0.121118
0.123658
0.122115
0.122442
0.122950
0.122376
0.121888
