0.381816
0.399266
0.373861
0.342359
0.319975
0.315992
0.308289
0.324618
0.328121
0.332017
0.346150
0.399169
0.414549
0.406715
0.340381
0.294347
0.416452
0.417918
0.416991
0.398497
0.390527
0.369639
0.399819
0.402801
0.407404
0.377867
0.389385
0.387769
0.395995
0.380801
0.406281
0.445073
0.447234
0.452761
0.436432
0.454051
0.421535
0.391842
0.379414
0.347573
0.352847
0.313614
0.318873
0.329309
0.332379
0.303644
0.301653
0.284050
0.301535
0.318392
0.319353
0.346235
0.350447
0.380543
0.356170
0.397153
0.362860
0.365227
0.367854
0.367265
0.369875
0.371692
0.372033
0.372157
0.372030
0.373681
0.373873
0.372552
0.374204
0.370756
0.364893
0.363985
0.360389
0.368021
0.370625
0.370086
0.356649
0.310327
0.284664
0.246983
0.266486
0.272778
0.307770
0.322406
0.345932
0.359288
0.363951
0.360527
0.365125
0.362441
0.361533
0.363044
0.364726
0.363209
0.360764
0.357664
0.361569
0.353735
0.361711
0.355806
0.357558
0.361322
0.363277
0.358729
0.364590
0.359794
0.362167
0.359268
0.357967
0.356501
0.356922
0.357086
0.399268
0.327271
0.133641
0.090385
0.091444
0.091984
0.087257
0.095552
0.091413
0.091015
0.090324
0.090150
0.090344
0.088965
0.089916
0.090120
0.089500
0.091190
0.090988
0.089270
0.089726
0.089848
0.092932
0.091793
0.092215
0.091784
0.091930
0.097950
0.098197
0.097745
0.098253
0.097429
0.099065
0.097972
0.097646
0.096964
0.099983
0.099623
0.092645
0.093206
0.093115
0.093806
0.095885
0.094213
0.094393
0.094974
0.095201
0.093500
0.091825
0.091635
0.091855
0.092465
0.093589
0.095957
0.096839
0.096177
0.097870
0.097253
0.098425
0.098582
0.098654
0.098029
0.099092
0.099439
0.099128
0.098989
0.099037
0.099204
0.098426
0.098634
0.097939
0.098832
0.098477
0.098051
0.098163
0.097874
0.098166
0.100046
0.099673
0.100304
0.101381
0.102313
0.105474
0.106108
0.103330
0.099577
0.110421
0.110701
0.109729
0.115239
0.108590
0.108033
0.107414
0.103976
0.107894
0.106687
0.106535
0.104823
0.107825
0.108501
0.099117
0.098172
0.097773
0.097644
0.095589
0.097570
0.100097
0.097008
0.094592
0.095559
0.095326
0.094238
0.091364
0.090811
0.091229
0.092560
0.093285
0.093347
0.093907
0.095097
0.094225
0.091481
0.092894
0.093995
0.090018
0.089485
0.090187
0.089888
0.090582
0.086536
0.086699
0.086541
0.086406
0.085681
0.085357
0.084758
0.085272
0.085752
0.086815
0.087055
0.086560
0.086897
0.086490
0.086235
0.086393
0.086995
0.087181
0.086401
0.087425
0.087156
0.086954
0.088313
0.089527
0.088685
0.089582
0.090138
0.088461
0.088371
0.088543
0.088742
0.089403
0.088319
0.090024
0.093120
0.090191
0.092995
0.090992
0.090228
0.089412
0.090361
0.091127
0.090735
0.094117
0.096714
0.097070
0.096899
0.100701
0.101042
0.097012
0.097933
0.097183
0.099334
0.096294
0.097135
0.099126
0.096939
0.097418
0.096754
0.099598
0.098003
0.097836
0.097655
0.097906
0.098017
0.098646
0.096789
0.096318
0.096747
0.094812
0.094849
0.095005
0.098159
0.095179
0.099199
0.098422
0.098831
0.096282
0.094775
0.093570
0.093425
0.093270
0.092990
0.093300
0.092756
0.092526
0.090928
0.091647
0.091755
0.092037
0.092360
0.092294
0.092329
0.092191
0.089273
0.089394
0.088757
0.090061
0.089018
0.090545
0.091074
0.087962
0.091528
0.094486
0.097873
0.095284
0.095595
0.095252
0.097150
0.091584
0.091411
0.091047
0.090385
0.090264
0.090127
0.098022
0.098228
0.098273
0.095648
0.096089
0.096127
0.096604
0.096886
0.096847
0.098200
0.098991
0.101658
0.098552
0.104313
0.099704
0.101398
0.101212
0.102458
0.100793
0.092081
0.100266
0.095780
0.098616
0.090592
0.091335
0.091207
0.090920
0.091987
0.093091
0.093486
0.093129
0.093636
0.093531
0.093647
0.093548
0.093489
0.093319
0.092553
0.092478
0.092406
0.093012
0.092079
0.092493
0.091903
0.092727
0.092045
0.092359
0.091238
0.091848
0.091773
0.091611
0.099579
0.099993
0.098196
0.097704
0.098550
0.099111
0.095818
0.096874
0.096750
0.094082
0.093441
0.105493
0.109986
0.136083
0.147740
0.145010
0.145005
0.147952
0.148742
0.148868
0.148697
0.148585
0.148638
0.148813
0.145247
0.146037
0.150789
0.150939
0.150437
0.150783
0.148472
0.150844
0.148245
0.148196
0.148208
0.145407
0.145324
0.144975
0.144618
0.144736
0.144375
0.144692
0.147408
0.147762
0.147783
0.147763
0.140378
0.130994
0.118960
0.124345
0.134926
0.131394
0.125384
0.131337
0.126527
0.117216
0.120942
0.120123
0.119292
0.119806
0.119545
0.120790
0.121154
0.121102
0.121215
0.114161
0.112912
0.113393
0.112280
0.121582
0.112809
0.114837
0.117094
0.112335
0.110433
0.116547
0.115817
0.115673
0.115008
0.115364
0.116146
0.115454
0.114965
0.117503
0.099943
0.092660
0.087335
0.084199
0.085990
0.084380
0.084795
0.086441
0.087111
0.087109
0.084826
0.083536
0.083446
0.088743
0.086239
0.086977
0.087677
0.088139
0.088921
0.087896
0.082910
0.083723
0.082466
0.084092
0.083306
0.086100
0.083311
0.081354
0.081781
0.082243
0.082286
0.081655
0.088657
0.090333
0.091403
0.091121
0.091316
0.092471
0.091214
0.089520
0.089045
0.088873
0.088761
0.090310
0.089228
0.089732
0.088718
0.091954
0.091832
0.092394
0.092112
0.086244
0.088884
0.083292
0.086894
0.087009
0.087493
0.088253
0.087488
0.089033
0.089861
0.088720
0.091000
0.089091
0.092661
0.094394
0.090729
0.090293
0.090762
0.090606
0.089697
0.090229
0.090092
0.090881
0.090574
0.088144
0.089665
0.091438
0.091589
0.093609
0.090972
0.092741
0.090516
0.094213
0.095957
0.096117
0.091405
0.095856
0.095078
0.092954
0.101801
0.095194
0.101696
0.090893
0.083473
0.099543
0.098772
0.091165
0.097368
0.097841
0.098290
0.097439
0.097151
0.097255
0.097036
0.098473
0.097223
0.092497
0.092871
0.091924
0.093109
0.092487
0.092541
0.093378
0.093133
0.094651
0.093177
0.092790
0.092920
0.092352
0.094179
0.091700
0.091417
0.090807
0.092770
0.093711
0.090872
0.091077
0.092534
0.092770
0.091924
0.091398
0.090185
0.092688
0.091307
0.090579
0.093560
0.091788
0.094137
0.091877
0.092232
0.089406
0.090333
0.090379
0.092100
0.090870
0.087536
0.087311
0.094650
0.094071
0.095757
0.094953
0.094423
0.096090
0.093986
0.093333
0.092726
0.092928
0.094282
0.094162
0.094833
0.094961
0.094093
0.083816
0.083789
0.079124
0.077997
0.084251
0.082464
0.083490
0.083842
0.084731
0.083922
0.084433
0.084462
0.084041
0.083966
0.083549
0.083769
0.086294
0.087090
0.096073
0.096212
0.098048
0.098420
0.101118
0.093537
0.093522
0.098470
0.105733
0.105889
0.111926
0.104565
0.110550
0.100491
0.087279
0.083471
0.092665
0.111539
0.090231
0.102187
0.103400
0.103463
0.082290
0.073210
0.072693
0.072795
0.095934
0.095935
0.096883
0.097429
0.094548
0.095503
0.097026
0.096877
0.097058
0.095429
0.095877
0.095220
0.095073
0.095110
0.100372
0.096937
0.097424
0.095759
0.095855
0.097957
0.096775
0.094475
0.096162
0.095070
0.093023
0.092728
0.095127
0.097949
0.093060
0.092218
0.091968
0.090899
0.091302
0.090350
0.092719
0.094883
0.091788
0.093360
0.093170
0.093776
0.093502
0.094228
0.094750
0.095818
0.093806
0.093287
0.094756
0.093118
0.092844
0.093680
0.094203
0.094508
0.094324
0.093962
0.092699
0.091989
0.093179
0.091932
0.095312
0.094415
0.092585
0.093700
0.093697
0.094931
0.093457
0.095918
0.091677
0.095158
0.094502
0.092257
0.090296
0.089723
0.091025
0.092498
0.093617
0.096913
0.093036
0.093029
0.092937
0.094826
0.094662
0.095516
0.095957
0.096264
0.094416
0.094485
0.095776
0.094125
0.094625
0.095097
0.095451
0.095515
0.093857
0.092727
0.091819
0.090147
0.092961
0.094628
0.098285
0.123280
0.137356
0.068617
0.068252
0.068314
0.068225
0.068114
0.067636
0.065246
0.068215
0.065654
0.065716
0.065204
0.068748
0.065888
0.068908
0.068897
0.069270
0.069194
0.069611
0.067129
0.067819
0.071115
0.070279
0.070205
0.067072
0.067487
0.067367
0.067369
0.067467
0.067838
0.070521
0.068654
0.067685
0.069574
0.069789
0.067483
0.069389
0.069248
0.069078
0.070100
0.067403
0.066920
0.067028
0.067182
0.067072
0.067095
0.067056
0.066962
0.066835
0.066858
0.066637
0.066680
0.066275
0.066166
0.066952
0.067386
0.067144
0.066972
0.066745
0.066476
0.068181
0.068039
0.068232
0.068309
0.068108
0.067915
0.068141
0.067824
0.068294
0.068142
0.068250
0.068556
0.068463
0.068563
0.068575
0.068466
0.068595
0.068773
0.065545
0.065363
0.065276
0.065212
0.065203
0.065320
0.068605
0.068102
0.068309
0.068181
0.068174
0.068105
0.068108
0.068253
0.068037
0.068043
0.067949
0.068511
0.065345
0.065242
0.069669
0.069836
0.069067
0.065360
0.065623
0.068953
0.065057
0.065166
0.064459
0.063808
0.063685
0.063874
0.063889
0.063671
0.063717
0.063465
0.063327
0.063539
0.063298
0.063141
0.063295
0.063193
0.062979
0.063932
0.064018
0.063977
0.063954
0.063365
0.063442
0.063484
0.063525
0.063378
0.063490
0.063816
0.063665
0.063417
0.063238
0.063158
0.063409
0.063168
0.063400
0.063349
0.063407
0.063514
0.062726
0.062568
0.062917
0.062468
0.063060
0.063128
0.062476
0.063139
0.063360
0.063317
0.063101
0.062645
0.063228
0.062850
0.062751
0.062791
0.063118
0.063399
0.063312
0.063887
0.063451
0.062390
0.062521
0.062983
0.065189
0.064727
0.064225
0.064505
0.065004
0.064807
0.064350
0.065845
0.068510
0.069420
0.069284
0.069398
0.069955
0.070214
0.070556
0.070742
0.071012
0.071224
0.071044
0.070624
0.070147
0.069922
0.069213
0.068718
0.068441
0.067616
0.064641
0.063507
0.062895
0.062685
0.061722
0.061779
0.060977
0.060469
0.061469
0.062226
0.061348
0.062093
0.061879
0.062075
0.062258
0.062446
0.062441
0.062412
0.062463
0.062746
0.062928
0.062480
0.062900
0.062515
0.062407
0.062207
0.062174
0.061975
0.061954
0.061816
0.061863
0.062013
0.062307
0.062494
0.062530
0.062917
0.062568
0.061918
0.061562
0.061745
0.061826
0.061821
0.062245
0.062184
0.061366
0.061536
0.061431
0.061439
0.061418
0.060677
0.061438
0.062052
0.062329
0.061239
0.060964
0.061110
0.061576
0.060916
0.060542
0.061140
0.060970
0.060863
0.204129
0.206118
0.206054
0.206452
0.204118
0.216855
0.223974
0.223835
0.224148
0.224091
0.106862
0.227289
0.167910
0.169531
0.153896
0.187993
0.201361
0.220229
0.213898
0.214443
0.213701
0.213840
0.214823
0.217477
0.214430
0.213138
0.211887
0.209200
0.208751
0.211400
0.206367
0.210679
0.210541
0.208270
0.205093
0.205581
0.200346
0.195945
0.202180
0.194716
0.195965
0.196002
0.189398
0.186985
0.186883
0.183598
0.188945
0.186741
0.180894
0.182699
0.181380
0.182211
0.184971
0.185094
0.182871
0.183158
0.182597
0.177254
0.177571
0.176567
0.176680
0.175633
0.175718
0.175839
0.175745
0.175990
0.175970
0.175531
0.176341
0.176327
0.177664
0.177121
0.176731
0.177212
0.178903
0.178985
0.178878
0.178913
0.179196
0.179721
0.178406
0.180551
0.180370
0.180380
0.180788
0.180700
0.180168
0.180138
0.179942
0.177328
0.178452
0.178302
0.178642
0.178687
0.178784
0.178621
0.178617
0.178567
0.179250
0.178942
0.181534
0.182014
0.182254
0.182921
0.182451
0.181903
0.181685
0.180890
0.180195
0.179916
0.180170
0.179940
0.180026
0.179611
0.179255
0.176480
0.176048
0.176644
0.175826
0.176550
0.175878
0.176442
0.176170
0.176063
0.175980
0.176188
0.176022
0.176877
0.176049
0.176146
0.176639
0.177112
0.177352
0.177724
0.177841
0.180431
0.177876
0.177995
0.177870
0.177883
0.178028
0.178007
0.178001
0.177892
0.177804
0.177552
0.177697
0.180537
0.180399
0.183800
0.180725
0.183888
0.184282
0.183948
0.182977
0.183901
0.184143
0.183820
0.179563
0.175345
0.184151
0.181665
0.181097
0.180841
0.181273
0.174495
0.176830
0.180673
0.175784
0.190002
0.200917
0.179582
0.233175
0.287282
0.263746
0.282942
0.202841
0.161052
0.066718
0.054471
0.068941
0.070712
0.071268
0.072290
0.072677
0.072779
0.072986
0.073112
0.073303
0.073766
0.073808
0.073550
0.075001
0.074955
0.074639
0.074609
0.073619
0.072617
0.073067
0.072331
0.073157
0.073357
0.072248
0.076061
0.078134
0.076452
0.077683
0.077348
0.075545
0.075437
0.075862
0.073365
0.073629
0.073157
0.072884
0.072608
0.072478
0.072334
0.072585
0.072531
0.072506
0.072532
0.072864
0.072892
0.072817
0.072700
0.072582
0.072423
0.072278
0.072360
0.072858
0.084496
0.082272
0.083844
0.083625
0.082507
0.075903
0.066164
0.066832
0.067984
0.072111
0.072681
0.071423
0.072408
0.072566
0.072776
0.073331
0.074928
0.075094
0.074466
0.074872
0.074985
0.075012
0.074942
0.075066
0.075215
0.076262
0.076266
0.074838
0.074382
0.072589
0.070734
0.069893
0.066437
0.067014
0.077780
0.084915
0.085149
0.086758
0.086978
0.086307
0.086229
0.085189
0.086327
0.086969
0.087023
0.087029
0.086695
0.086176
0.086113
0.086841
0.086525
0.085660
0.085631
0.086292
0.086768
0.087215
0.087186
0.087198
0.086012
0.085978
0.085970
0.086225
0.087327
0.086770
0.086000
0.087279
0.085945
0.088193
0.087770
0.088264
0.088174
0.087993
0.087204
0.087612
0.088173
0.088077
0.088641
0.088132
0.086264
0.087270
0.088035
0.088054
0.086668
0.087070
0.086894
0.087830
0.086633
0.086918
0.088320
0.087910
0.087458
0.088184
0.087072
0.086109
0.085268
0.085931
0.085366
0.085736
0.087449
0.086793
0.085578
0.086697
0.085514
0.085042
0.085563
0.084185
0.083918
0.084130
0.083843
0.083639
0.082446
0.084828
0.085764
0.086913
0.085996
0.086406
0.087130
0.087067
0.088190
0.087690
0.088385
0.089067
0.089031
0.088106
0.088070
0.088049
0.088186
0.086964
0.086670
0.087615
0.087089
0.088152
0.087725
0.088069
0.088380
0.088416
0.087829
0.086434
0.085036
0.083122
0.082428
0.080554
0.078142
0.078545
0.078769
0.078394
0.077939
0.077652
0.077564
0.076234
0.074888
0.073173
0.073233
0.081489
0.090530
0.096057
0.100531
0.074251
0.117747
0.146306
0.139149
0.133590
0.130466
0.123147
0.117522
0.119037
0.118081
0.115322
0.115962
0.118204
0.115937
0.113756
0.117960
0.117307
0.117148
0.117607
0.116771
0.106666
0.108495
0.106452
0.122877
0.123721
0.123394
0.122226
0.121383
0.123097
0.122675
0.123792
0.124720
0.124860
0.125771
0.125564
0.126448
0.125947
0.126255
0.124234
0.124332
0.125400
0.125061
0.112627
0.112461
0.114161
0.113658
0.113642
0.113725
0.114408
0.116810
0.116986
0.115027
0.115148
0.112686
0.112053
0.113485
0.113183
0.112283
0.112764
0.116057
0.116145
0.115459
0.115856
0.115672
0.112274
0.111557
0.112172
0.112328
0.111754
0.111554
0.111397
0.111574
0.110987
0.112441
0.111550
0.112355
0.112063
0.111493
0.111154
0.111195
0.111445
0.110745
0.110478
0.109609
0.110610
0.109325
0.109463
0.109214
0.109864
0.109709
0.111594
0.111296
0.112054
0.113333
0.111803
0.111482
0.111378
0.111353
0.111026
0.111570
0.111482
0.111554
0.112459
0.113253
0.112407
0.113488
0.113560
0.111604
0.112020
0.112383
0.111419
0.112580
0.112143
0.110431
0.111197
0.108050
0.112083
0.111206
0.111339
0.109512
0.107837
0.108143
0.109444
0.110825
0.109977
0.110834
0.111345
0.111608
0.111414
0.111738
0.112079
0.111348
0.111841
0.112316
0.112515
0.112820
0.112816
0.113836
0.113430
0.112869
0.112858
0.112854
0.113299
0.113357
0.113423
0.113203
0.112984
0.113875
0.112653
0.113664
0.113503
0.113599
0.113290
0.117111
0.114807
0.112767
0.112191
0.113333
0.112848
0.110124
0.112159
0.112675
0.113997
0.114260
0.109117
0.108626
0.112765
0.113254
0.113330
0.113445
0.109107
0.109136
0.102501
0.103086
0.108948
0.112937
0.111001
0.112982
0.114853
0.112879
0.102823
0.103018
0.103590
0.102299
0.102418
0.102189
0.102149
0.102237
0.112065
0.112619
0.106914
0.112400
0.111389
0.116602
0.106470
0.117451
0.100923
0.115830
0.110436
0.110855
0.110610
0.118838
0.121743
0.121272
0.116869
0.116292
0.115823
0.111682
0.109741
0.109923
0.109878
0.109136
0.099580
0.099959
0.101718
0.103905
0.110939
0.112060
0.112672
0.113760
0.112534
0.113480
0.113407
0.112919
0.113248
0.113880
0.113086
0.113080
0.112211
0.110439
0.111390
0.109394
0.109798
0.107865
0.106401
0.106640
0.113245
0.112941
0.112327
0.111954
0.114531
0.114645
0.112862
0.113181
0.114893
0.113119
0.114219
0.115452
0.115030
0.112457
0.113122
0.114192
0.113751
0.111057
0.110954
0.110645
0.111087
0.110503
0.111865
0.112029
0.113446
0.111963
0.111322
0.109391
0.108383
0.111304
0.117735
0.121050
0.129848
0.142158
0.143703
0.142233
0.142566
0.105505
0.094924
0.088269
0.086716
0.083691
0.081072
0.081147
0.081503
0.082385
0.082366
0.075918
0.076746
0.075278
0.085974
0.084670
0.085799
0.086827
0.083386
0.082651
0.082518
0.082197
0.082172
0.082345
0.082567
0.083070
0.082357
0.080473
0.080741
0.080855
0.078387
0.079205
0.079244
0.079484
0.079423
0.079468
0.077979
0.080286
0.079743
0.096983
0.094118
0.088497
0.087427
0.088523
0.088043
0.087423
0.109433
0.091643
0.090868
0.092015
0.108612
0.109248
0.108955
0.109884
0.090440
0.090353
0.090278
0.089996
0.090709
0.091686
0.091290
0.091386
0.091579
0.091758
0.092210
0.092434
0.092965
0.092231
0.090437
0.100338
0.101605
0.089800
0.090177
0.089312
0.089073
0.089188
0.089110
0.089082
0.090978
0.091182
0.102094
0.090249
0.088809
0.089868
0.088312
0.089340
0.090084
0.087761
0.098157
0.098000
0.098115
0.097467
0.093697
0.096483
0.096248
0.095005
0.112270
0.095404
0.113055
0.109583
0.109663
0.110348
0.110633
0.110129
0.094969
0.092943
0.094965
0.096553
0.111159
0.113361
0.113471
0.114761
0.113572
0.095937
0.095776
0.109783
0.110343
0.108992
0.096355
0.103942
0.106268
0.109336
0.110882
0.081222
0.085576
0.088272
0.097484
0.134742
0.132141
0.130718
0.100341
0.098501
0.097493
0.098923
0.096986
0.096190
0.097623
0.095828
0.096198
0.097293
0.103852
0.095330
0.093578
0.093955
0.093797
0.097383
0.098714
0.115207
0.115270
0.115494
0.115530
0.115994
0.118358
0.118159
0.118001
0.117546
0.117275
0.122123
0.121834
0.123076
0.122989
0.116321
0.116804
0.114978
0.118271
0.118507
0.116561
0.122436
0.118527
0.119455
0.118129
0.117968
0.118238
0.117868
0.116777
0.117069
0.117110
0.118559
0.107635
0.135054
0.139956
0.134478
0.108258
0.079685
0.102147
0.100001
0.090832
0.080218
0.070363
0.070021
0.070934
0.071386
0.079892
0.080127
0.081281
0.082008
0.083159
0.082227
0.078270
0.078016
0.078046
0.077040
0.076151
0.076762
0.076481
0.074509
0.073400
0.072849
0.069706
0.069563
0.069340
0.069595
0.069590
0.071458
0.072729
0.073674
0.073020
0.074377
0.074880
0.073660
0.074013
0.075200
0.075444
0.076440
0.077130
0.080090
0.085435
0.083847
0.082171
0.082594
0.080125
0.080323
0.080235
0.080415
0.079859
0.075938
0.074370
0.067852
0.073421
0.077206
0.079071
0.079922
0.081836
0.082744
0.083384
0.083375
0.081625
0.082209
0.082414
0.084214
0.084344
0.084272
0.083336
0.083130
0.083464
0.083273
0.083072
0.083093
0.082262
0.082699
0.082333
0.081991
0.080751
0.078062
0.076097
0.076114
0.073105
0.073697
0.077184
0.069320
0.077908
0.078557
0.082013
0.082850
0.085670
0.083913
0.083647
0.084600
0.081995
0.080562
0.085253
0.083535
0.084687
0.083866
0.082774
0.083425
0.083842
0.083763
0.084668
0.084085
0.085081
0.083361
0.082354
0.080443
0.076368
0.075522
0.079701
0.067061
0.071875
0.073565
0.073070
0.069394
0.072865
0.069788
0.080152
0.085357
0.097790
0.102051
0.097473
0.091332
0.080344
0.066787
0.066374
0.066966
0.065828
0.066565
0.065900
0.065406
0.065716
0.065650
0.065815
0.064942
0.065814
0.065512
0.065755
0.065534
0.065528
0.065953
0.065571
0.065124
0.065247
0.066223
0.066199
0.066085
0.066034
0.066773
0.066521
0.066660
0.066281
0.066340
0.068919
0.087794
0.082178
0.075593
0.075132
0.078515
0.076235
0.074187
0.078050
0.077340
0.068381
0.066404
0.075430
0.065648
0.066456
0.066444
0.075534
0.074817
0.074702
0.074979
0.074974
0.065608
0.065945
0.066416
0.066752
0.075157
0.066038
0.074879
0.066814
0.066318
0.066416
0.066553
0.067044
0.066735
0.073143
0.073180
0.066918
0.067006
0.066794
0.066482
0.066037
0.066696
0.066521
0.066793
0.066858
0.066274
0.067267
0.066556
0.067239
0.067853
0.066610
0.067305
0.068481
0.068345
0.069632
0.074492
0.090462
0.099877
0.089615
0.088515
0.075600
0.075780
0.074506
0.073306
0.073475
0.081276
0.081367
0.080500
0.080093
0.080026
0.080090
0.080025
0.079846
0.079568
0.077498
0.077655
0.076231
0.077044
0.076055
0.075705
0.075002
0.070794
0.080323
0.079838
0.080516
0.080195
0.080027
0.080145
0.081549
0.080502
0.081890
0.078649
0.077959
0.082707
0.090307
0.089813
0.088134
0.086847
0.083734
0.083910
0.082041
0.082950
0.083298
0.082720
0.081582
0.082255
0.081674
0.081388
0.081632
0.081540
0.080744
0.081045
0.081295
0.081391
0.081053
0.080936
0.080989
0.079347
0.078663
0.078352
0.077288
0.077574
0.077646
0.077794
0.077922
0.077373
0.077373
0.076241
0.076269
0.076709
0.075673
0.076760
0.074925
0.074440
0.074411
0.074518
0.074166
0.074877
0.074972
0.075027
0.074625
0.074993
0.074903
0.074965
0.074761
0.074792
0.074617
0.074552
0.073601
0.073707
0.073666
0.073859
0.073437
0.073483
0.073934
0.075075
0.074475
0.074268
0.074294
0.074499
0.074615
0.074483
0.074576
0.074595
0.074731
0.074620
0.074538
0.074456
0.074563
0.074707
0.074521
0.076336
0.076281
0.076516
0.076764
0.077299
0.077143
0.077600
0.078619
0.078770
0.078311
0.078294
0.078945
0.079135
0.079130
0.079437
0.073706
0.073216
0.068396
0.068111
0.068547
0.072707
0.072500
0.080172
0.080617
0.080289
0.080281
0.080257
0.080189
0.080578
0.080543
0.080424
0.081072
0.079417
0.078145
0.078961
0.081164
0.081364
0.081311
0.081491
0.080956
0.080747
0.080064
0.079875
0.080191
0.080188
0.077987
0.076025
0.081720
0.081805
0.081426
0.081408
0.081431
0.081296
0.081205
0.081213
0.081067
0.081123
0.080264
0.076688
0.078153
0.076299
0.077339
0.083346
0.086688
0.097507
0.100860
0.070135
0.123472
0.106759
0.107939
0.107560
0.107250
0.123428
0.123193
0.123151
0.123232
0.122555
0.122147
0.122327
0.121991
0.145201
0.134412
0.130927
0.126786
0.121042
0.121653
0.118733
0.119642
0.120044
0.121120
0.120925
0.120925
0.120874
0.121243
0.122051
0.123127
0.122932
0.122920
0.122804
0.123419
0.123223
0.123653
0.123528
0.123404
0.121141
0.121519
0.121349
0.119675
0.115412
0.115803
0.115635
0.115310
0.115682
0.115530
0.110828
0.091024
0.088168
0.085491
0.084643
0.087334
0.087855
0.087073
0.086628
0.087082
0.085255
0.086384
0.086766
0.086841
0.086675
0.090644
0.085803
0.085024
0.084588
0.084360
0.084829
0.084245
0.107465
0.084302
0.084418
0.107274
0.106418
0.083907
0.081525
0.081892
0.082076
0.082750
0.083397
0.108347
0.108613
0.107516
0.107966
0.108399
0.108036
0.108712
0.115289
0.115197
0.112935
0.115111
0.115949
0.122918
0.123160
0.116443
0.116484
0.115142
0.113438
0.113502
0.111259
0.110561
0.110843
0.112437
0.111521
0.112013
0.111982
0.111451
0.111273
0.111198
0.110070
0.110407
0.110100
0.110310
0.110195
0.109926
0.110318
0.111307
0.111402
0.112806
0.112362
0.112349
0.111099
0.111730
0.111945
0.112937
0.114127
0.114799
0.113470
0.113791
0.112476
0.111451
0.112469
0.112225
0.112664
0.112873
0.121132
0.121094
0.121405
0.121653
0.120920
0.121395
0.122140
0.120710
0.117591
0.117278
0.118660
0.117351
0.124402
0.129533
0.123564
0.135372
0.147042
0.137539
0.137364
0.137345
0.137403
0.137700
0.146818
0.146885
0.147012
0.138224
0.138729
0.138951
0.139712
0.139157
0.140846
0.140696
0.140409
0.110978
0.109462
0.112078
0.109538
0.108848
0.109603
0.109019
0.109174
0.109699
0.109715
0.114348
0.114906
0.114759
0.114136
0.114897
0.109197
0.108933
0.111359
0.109656
0.110657
0.109716
0.113801
0.112890
0.115816
0.115492
0.115810
0.114742
0.115571
0.115009
0.107848
0.107937
0.106174
0.106573
0.106640
0.108734
0.106774
0.107792
0.110610
0.110911
0.138140
0.137298
0.137538
0.137476
0.137579
0.137661
0.136962
0.137755
0.144087
0.143437
0.123300
0.118027
0.116574
0.116742
0.122743
0.116315
0.118794
0.119942
0.107801
0.100547
0.130245
0.131551
0.109179
0.112946
0.109418
0.124831
0.123889
0.123933
0.124128
0.124613
0.126418
0.124020
0.123875
0.126525
0.126370
0.124221
0.124055
0.124635
0.116219
0.119217
0.107997
0.104322
0.078665
0.075609
0.077075
0.076059
0.078019
0.077558
0.079552
0.078972
0.078881
0.078716
0.078387
0.078231
0.083120
0.085035
0.084691
0.078207
0.076277
0.075938
0.076493
0.080573
0.094266
0.094151
0.089260
0.088820
0.083281
0.083200
0.088565
0.083577
0.082894
0.083204
0.084083
0.084510
0.083156
0.082551
0.082937
0.084102
0.084206
0.084331
0.083340
0.084043
0.084068
0.084352
0.083943
0.083831
0.091075
0.088963
0.090928
0.088015
0.082576
0.084712
0.078249
0.075860
0.076204
0.075636
0.075520
0.071850
0.073509
0.076829
0.077501
0.077759
0.077960
0.075004
0.077977
0.075481
0.077218
0.077086
0.076729
0.075766
0.075112
0.075634
0.075362
0.075461
0.076180
0.076119
0.076457
0.077386
0.077243
0.077853
0.080522
0.080491
0.080871
0.080383
0.080805
0.081408
0.081230
0.081474
0.077283
0.076807
0.077208
0.077209
0.077487
0.078708
0.077276
0.075298
0.075228
0.075364
0.076431
0.076239
0.076603
0.077646
0.077793
0.078229
0.078951
0.078681
0.076884
0.078935
0.078265
0.078170
0.077574
0.079777
0.080177
0.080289
0.075116
0.074432
0.077904
0.077670
0.077872
0.078237
0.078047
0.082449
0.082240
0.079179
0.079036
0.079506
0.078537
0.077281
0.076477
0.077790
0.078031
0.079564
0.079168
0.080420
0.080401
0.078060
0.077516
0.077039
0.078903
0.079635
0.079254
0.077402
0.077496
0.075955
0.076533
0.076971
0.077188
0.077469
0.077561
0.075926
0.076078
0.075105
0.076989
0.077411
0.077686
0.075875
0.075667
0.075249
0.072705
0.071892
0.072437
0.074728
0.074863
0.076582
0.073864
0.074004
0.073406
0.073723
0.073560
0.074498
0.071687
0.073294
0.073039
0.073155
0.072519
0.070468
0.069877
0.072227
0.071492
0.069199
0.071211
0.071192
0.071833
0.071438
0.071253
0.070727
0.070181
0.068502
0.068977
0.068941
0.070027
0.071403
0.071643
0.071743
0.071025
0.069217
0.068931
0.069113
0.069534
0.068735
0.069403
0.069966
0.072781
0.073205
0.072397
0.073971
0.072877
0.074238
0.071934
0.072344
0.072205
0.071945
0.075817
0.074723
0.075533
0.075588
0.076034
0.075351
0.076527
0.076550
0.077095
0.077158
0.075906
0.076345
0.076934
0.078768
0.077977
0.079727
0.077657
0.079069
0.077009
0.073301
0.074767
0.121074
0.156773
0.121092
0.173701
0.206767
0.129916
0.063955
0.105126
0.078256
0.080164
0.079715
0.076557
0.078866
0.077909
0.078767
0.077894
0.078605
0.083223
0.081032
0.084749
0.083651
0.082499
0.084399
0.080306
0.082466
0.080671
0.083018
0.082970
0.079421
0.080085
0.074080
0.079823
0.075319
0.074823
0.074352
0.073318
0.077351
0.076918
0.073273
0.072700
0.074924
0.079441
0.080042
0.080960
0.077526
0.079507
0.072871
0.073870
0.072927
0.074370
0.072817
0.072598
0.072374
0.074813
0.071733
0.072184
0.072750
0.072399
0.071536
0.071762
0.071317
0.073042
0.071789
0.071627
0.071900
0.071075
0.072413
0.072551
0.074205
0.074553
0.074123
0.073574
0.074540
0.075453
0.077447
0.091028
0.091071
0.090895
0.091089
0.090180
0.091049
0.091251
0.091413
0.091000
0.075092
0.074864
0.073688
0.075278
0.073579
0.073560
0.073098
0.072794
0.073384
0.074074
0.074198
0.074964
0.073113
0.072859
0.072182
0.072369
0.070629
0.071845
0.073909
0.074277
0.073962
0.073060
0.072724
0.072269
0.072096
0.070874
0.070537
0.072190
0.073226
0.072693
0.073921
0.072730
0.071114
0.072819
0.081145
0.080470
0.079913
0.079654
0.079797
0.082448
0.083385
0.082116
0.080273
0.079657
0.080366
0.079884
0.076801
0.077275
0.077752
0.078019
0.077995
0.078449
0.077775
0.077591
0.077138
0.075826
0.075546
0.074667
0.075278
0.075510
0.074939
0.074411
0.075692
0.075047
0.075239
0.084589
0.081944
0.078807
0.083082
0.081268
0.080840
0.082081
0.081201
0.075856
0.074581
0.084152
0.082706
0.077846
0.081669
0.082960
0.085277
0.089841
0.090484
0.088990
0.077006
0.071169
0.068760
0.070690
0.072894
0.075636
0.077087
0.082902
0.087624
0.087010
0.086512
0.086867
0.081513
0.085245
0.087170
0.086942
0.088434
0.088163
0.087467
0.088460
0.088257
0.087422
0.086977
0.088508
0.083854
0.083296
0.074361
0.077254
0.076888
0.091065
0.113850
0.119657
0.132012
0.143985
0.087282
0.098907
0.092968
0.083107
0.081123
0.078488
0.078270
0.077863
0.078332
0.077575
0.078755
0.079083
0.078150
0.078550
0.078701
0.078216
0.078197
0.078649
0.078483
0.078551
0.078425
0.078914
0.078749
0.078283
0.078778
0.079104
0.079251
0.078608
0.078043
0.079040
0.078757
0.078389
0.078338
0.078066
0.078354
0.078752
0.079320
0.078923
0.078910
0.078896
0.078928
0.078848
0.078717
0.078676
0.078389
0.077810
0.077640
0.077486
0.077631
0.077433
0.077427
0.077483
0.077158
0.077108
0.077220
0.077151
0.077712
0.078031
0.078572
0.080057
0.080794
0.080946
0.080364
0.080987
0.080085
0.081207
0.080540
0.081393
0.079851
0.080296
0.081028
0.082197
0.082395
0.079814
0.081462
0.081470
0.080259
0.080126
0.080380
0.080471
0.080381
0.080808
0.080743
0.080839
0.079977
0.080671
0.079945
0.079831
0.079914
0.080130
0.079924
0.079913
0.080539
0.080125
0.080811
0.080552
0.080318
0.080904
0.080537
0.080090
0.080203
0.079942
0.080021
0.079970
0.080534
0.079905
0.080098
0.079915
0.079377
0.080555
0.079892
0.079607
0.079782
0.079706
0.079986
0.079448
0.079778
0.079443
0.079261
0.079195
0.079108
0.078735
0.079604
0.078927
0.079061
0.079089
0.079768
0.079715
0.079502
0.079644
0.079995
0.080636
0.080311
0.079807
0.079413
0.079687
0.079858
0.079578
0.079209
0.079932
0.080056
0.080216
0.080088
0.080172
0.079964
0.079333
0.078252
0.077890
0.078351
0.078306
0.078731
0.077671
0.079203
0.078699
0.078562
0.078440
0.077999
0.077722
0.078144
0.077346
0.077435
0.077762
0.077367
0.077926
0.076546
0.077134
0.077565
0.077578
0.077566
0.077680
0.078232
0.078566
0.077609
0.078339
0.078397
0.078272
0.078736
0.077860
0.077431
0.076832
0.076938
0.076553
0.077809
0.077355
0.077970
0.077271
0.077573
0.076550
0.076517
0.076448
0.076943
0.076444
0.076312
0.076210
0.076644
0.076360
0.076683
0.077238
0.077660
0.076566
0.076774
0.077331
0.078488
0.078658
0.079735
0.079204
0.081444
0.082350
0.093678
0.099645
0.091901
0.096013
0.037935
0.018928
0.010773
0.020073
0.017782
0.016579
0.014746
0.010984
0.007285
0.005808
0.005938
0.005118
0.004160
0.003416
0.002529
0.002611
0.002169
0.002090
0.002048
0.001981
0.002389
0.002239
0.002252
0.003078
0.003976
0.004404
0.004768
0.005170
0.004901
0.004661
0.003511
0.002878
0.002220
0.001700
0.001460
0.001388
0.001090
0.001243
0.001219
0.001189
0.001063
0.000880
0.000807
0.000695
0.000698
0.000848
0.001016
0.001492
0.001853
0.002396
0.002621
0.002575
0.002550
0.002419
0.001701
0.001029
0.000431
0.000096
0.000000
0.000102
0.000315
0.000622
0.000869
0.000946
0.001003
0.001194
0.001477
0.001893
0.001865
0.002264
0.002579
0.002635
0.002742
0.002870
0.003337
0.003942
0.004124
0.003991
0.004101
0.004099
0.004045
0.003972
0.004079
0.003956
0.004151
0.003891
0.003777
0.004005
0.004404
0.004388
0.003530
0.003401
0.003350
0.003375
0.003346
0.003260
0.003487
0.004171
0.004402
0.005408
0.006670
0.007936
0.007695
0.007683
0.007549
0.007396
0.007853
0.007821
0.007754
0.007227
0.006909
0.006359
0.006051
0.005768
0.004946
0.005028
0.005716
0.005540
0.005226
0.005073
0.005355
0.005738
0.005843
0.006358
0.007017
0.007294
0.007359
0.008133
0.007640
0.008296
0.009185
0.010304
0.011118
0.011139
0.011854
0.011675
0.011601
0.011849
0.012360
0.012484
0.012538
0.012137
0.012448
0.012643
0.012373
0.012697
0.012227
0.012176
0.012011
0.011517
0.010515
0.010735
0.010055
0.010637
0.010707
0.010197
0.009848
0.008586
0.007840
0.008113
0.005736
0.005674
0.005866
0.005976
0.005769
0.005215
0.005308
0.006014
0.006974
0.006921
0.007186
0.007146
0.006867
0.006314
0.005811
0.005571
0.004993
0.005612
0.005350
0.005704
0.005626
0.005086
0.004825
0.004665
0.004641
0.004124
0.003986
0.003801
0.003918
0.004353
0.004183
0.004105
0.004510
0.004946
0.005248
0.005299
0.005487
0.005631
0.009529
0.010128
0.011332
0.012515
0.012544
0.009798
0.019171
0.033732
0.098700
0.087087
0.085241
0.082148
0.082917
0.082449
0.077809
0.076244
0.071994
0.075482
0.082840
0.096816
0.081075
0.077124
0.070318
0.082546
0.082148
0.081150
0.081083
0.075805
0.075316
0.074835
0.074729
0.075078
0.074753
0.074761
0.074442
0.074942
0.074025
0.076838
0.075847
0.074530
0.075888
0.076534
0.076276
0.076780
0.076615
0.077508
0.075869
0.075620
0.075521
0.075563
0.075773
0.075072
0.074973
0.077155
0.077719
0.071478
0.071228
0.080542
0.079713
0.072817
0.072065
0.072526
0.072901
0.072556
0.074057
0.074003
0.073752
0.073312
0.073817
0.074379
0.073147
0.073109
0.071799
0.073038
0.071420
0.070741
0.072745
0.072908
0.072741
0.073366
0.074522
0.087336
0.115206
0.149026
0.162773
0.215348
0.248129
0.261558
0.372051
0.277267
0.248932
0.110469
0.225570
0.223790
0.224021
0.221969
0.221889
0.222153
0.229293
0.225170
0.175758
0.180785
0.163207
0.169903
0.161982
0.156114
0.172948
0.167499
0.163416
0.164510
0.164481
0.172029
0.171988
0.172019
0.171993
0.171912
0.171908
0.171892
0.171911
0.148209
0.148227
0.147160
0.146951
0.147852
0.147857
0.147859
0.147898
0.147733
0.147729
0.147343
0.147476
0.148196
0.147728
0.148224
0.148222
0.148160
0.148180
0.148169
0.148144
0.148500
0.148409
0.148024
0.148020
0.157644
0.157643
0.158078
0.148463
0.148548
0.158257
0.158257
0.158219
0.158219
0.158219
0.158219
0.158219
0.157595
0.157601
0.157602
0.157603
0.157604
0.157597
0.157625
0.157625
0.157624
0.157625
0.157625
0.157624
0.157628
0.159627
0.177283
0.169160
0.121497
0.189273
0.231544
0.246903
0.272474
0.315520
0.263397
0.342810
0.215047
0.231284
0.132726
0.136252
0.149877
0.152195
0.149614
0.149612
0.149616
0.149626
0.149624
0.149620
0.149620
0.159975
0.149821
0.149804
0.149804
0.149802
0.147901
0.147903
0.147907
0.149861
0.149889
0.149889
0.149889
0.148831
0.159993
0.159986
0.159978
0.160063
0.148844
0.149895
0.149895
0.149891
0.160364
0.160366
0.160177
0.160090
0.160178
0.160178
0.160177
0.160177
0.160176
0.160178
0.160338
0.160278
0.160267
0.160267
0.160430
0.160270
0.160270
0.160270
0.160440
0.160444
0.160302
0.160305
0.160417
0.160314
0.160324
0.152891
0.152898
0.152832
0.152845
0.152874
0.152994
0.153028
0.153058
0.153086
0.149249
0.142464
0.143698
0.142783
0.152691
0.159185
0.172100
0.189461
0.209035
0.235696
0.265234
0.300917
0.337726
0.355109
0.202561
0.197897
0.261913
0.261913
0.261913
0.261913
0.261913
0.261913
0.261913
0.261913
0.261913
0.261913
0.261913
0.261913
0.261913
0.261913
0.261913
0.261913
0.261913
0.261913
0.261913
0.261913
0.261913
0.261913
0.261913
0.261913
0.261913
0.261913
0.261913
