0.159339
0.151793
0.151621
0.152772
0.143412
0.138411
0.141057
0.128559
0.129317
0.119688
0.105204
0.071093
0.109117
0.144072
0.193935
0.276937
0.320334
0.243030
0.436227
0.268412
0.384823
0.116556
0.074783
0.084434
0.101717
0.091714
0.103523
0.109662
0.107977
0.131493
0.132239
0.131660
0.131420
0.113051
0.120951
0.122275
0.129082
0.120263
0.132163
0.134798
0.126861
0.117042
0.140642
0.116246
0.138396
0.137249
0.139117
0.134328
0.131480
0.116006
0.127246
0.120021
0.122541
0.134713
0.142718
0.131276
0.134713
0.133821
0.110983
0.117735
0.116326
0.117696
0.118366
0.120233
0.120573
0.121855
0.126289
0.141498
0.145962
0.130869
0.129304
0.127550
0.124880
0.143465
0.142326
0.139927
0.136010
0.140857
0.140503
0.144032
0.134927
0.124091
0.266773
0.180616
0.235558
0.526192
0.573418
0.472416
0.445126
0.128596
0.125866
0.117299
0.101485
0.082390
0.095249
0.084939
0.094471
0.085841
0.089423
0.095752
0.091778
0.088046
0.100188
0.097049
0.100745
0.099765
0.094995
0.099456
0.098679
0.097395
0.072337
0.096154
0.085213
0.100491
0.084581
0.083033
0.091686
0.077987
0.083298
0.088896
0.086728
0.078909
0.074847
0.075259
0.078201
0.089320
0.090301
0.092332
0.095210
0.091929
0.096441
0.095834
0.079498
0.092445
0.089761
0.083422
0.081282
0.080029
0.079656
0.080494
0.082356
0.082120
0.070968
0.079896
0.087313
0.081448
0.079437
0.080634
0.076750
0.080316
0.076315
0.077423
0.081026
0.081062
0.081209
0.084623
0.086993
0.086992
0.086573
0.089740
0.092885
0.088879
0.095426
0.095873
0.104731
0.095473
0.086313
0.094724
0.093322
0.089668
0.090388
0.086484
0.093208
0.093653
0.087617
0.094856
0.093990
0.095561
0.096036
0.096524
0.100585
0.096202
0.094299
0.094405
0.095722
0.092884
0.091866
0.093157
0.098989
0.093549
0.095658
0.096376
0.089216
0.085048
0.097441
0.088597
0.095308
0.093152
0.087527
0.095569
0.095645
0.102037
0.089191
0.089518
0.091311
0.100758
0.088498
0.087297
0.089895
0.088863
0.087590
0.088839
0.089147
0.088708
0.091068
0.089892
0.088522
0.087090
0.085435
0.088831
0.081027
0.098742
0.090270
0.092815
0.091403
0.086210
0.091490
0.088325
0.096238
0.083280
0.096470
0.091897
0.093612
0.089561
0.087188
0.091707
0.088984
0.089138
0.089406
0.091193
0.088244
0.093552
0.091655
0.092204
0.093210
0.089933
0.088949
0.091104
0.091344
0.090723
0.091071
0.090910
0.091450
0.089024
0.112192
0.575592
0.426333
0.191713
0.169333
0.167999
0.168728
0.160807
0.184520
0.175520
0.169786
0.173878
0.162397
0.186049
0.178998
0.176262
0.181418
0.204425
0.206847
0.238862
0.219720
0.183408
0.174776
0.174843
0.174785
0.198825
0.158499
0.183850
0.174488
0.173979
0.145352
0.165959
0.148965
0.148077
0.143809
0.177648
0.155840
0.148795
0.139670
0.141940
0.164972
0.144837
0.148556
0.144268
0.155078
0.170205
0.141044
0.131527
0.136879
0.130129
0.149012
0.114485
0.132984
0.128199
0.133694
0.122774
0.121795
0.134363
0.131931
0.124964
0.147002
0.128020
0.139447
0.124673
0.124965
0.138340
0.142498
0.132204
0.131420
0.127775
0.163079
0.134802
0.132341
0.143368
0.135072
0.150724
0.136031
0.128181
0.130407
0.143933
0.153658
0.133622
0.134708
0.137473
0.135730
0.153204
0.130958
0.130415
0.142995
0.137411
0.151188
0.137894
0.135388
0.135739
0.135384
0.153605
0.099793
0.091841
0.101562
0.096014
0.096528
0.095587
0.097634
0.096999
0.101377
0.110070
0.107017
0.107419
0.098392
0.109601
0.111402
0.108165
0.095666
0.097673
0.095729
0.104505
0.096487
0.094398
0.095793
0.097441
0.096713
0.097538
0.095321
0.099490
0.100787
0.100538
0.099982
0.108681
0.110167
0.107724
0.109938
0.105009
0.102766
0.113849
0.113913
0.116069
0.112906
0.118099
0.102874
0.105789
0.104715
0.103351
0.100646
0.099068
0.116035
0.105460
0.110802
0.094889
0.125994
0.121246
0.120358
0.103315
0.123998
0.121221
0.125503
0.123954
0.123922
0.118725
0.135759
0.122103
0.121310
0.112889
0.124320
0.123215
0.120672
0.119058
0.123336
0.119284
0.120105
0.118686
0.112618
0.112048
0.114291
0.111450
0.113082
0.115197
0.109473
0.112723
0.117145
0.116751
0.117893
0.114129
0.118601
0.117837
0.117813
0.125904
0.117504
0.115869
0.113981
0.114132
0.119871
0.118245
0.119343
0.116853
0.113061
0.118271
0.117206
0.117270
0.116657
0.114439
0.118671
0.112338
0.114727
0.115464
0.117068
0.109984
0.105880
0.111502
0.096996
0.093381
0.094736
0.097115
0.168879
0.232439
0.107682
0.122920
0.107020
0.252581
0.116927
0.095757
0.095923
0.171320
0.238594
0.195917
0.174582
0.241529
0.200253
0.120174
0.127198
0.187167
0.114845
0.120612
0.131015
0.121426
0.191580
0.126999
0.216063
0.128418
0.120578
0.119343
0.147138
0.119139
0.119908
0.184602
0.123334
0.139167
0.207842
0.137123
0.137448
0.141794
0.130147
0.177746
0.136010
0.136780
0.138062
0.126123
0.147057
0.129580
0.152666
0.155618
0.135626
0.133908
0.148715
0.203743
0.133966
0.138830
0.141741
0.137156
0.176859
0.144636
0.132822
0.144151
0.144949
0.146390
0.144702
0.210233
0.195908
0.181434
0.153141
0.146568
0.147251
0.141251
0.147213
0.139962
0.147572
0.134781
0.151794
0.128386
0.128067
0.151901
0.148996
0.123796
0.123703
0.155193
0.126731
0.125519
0.122804
0.127096
0.159284
0.128367
0.129511
0.144030
0.127842
0.142352
0.140903
0.224357
0.152162
0.119676
0.123220
0.114328
0.117098
0.120837
0.116008
0.120633
0.123028
0.123147
0.124245
0.115370
0.119288
0.121903
0.119436
0.109434
0.117552
0.120985
0.112177
0.114610
0.112639
0.117958
0.114014
0.115420
0.116744
0.117222
0.119754
0.120152
0.118777
0.120362
0.109278
0.117084
0.113086
0.113503
0.114256
0.109289
0.113113
0.109419
0.117853
0.121933
0.121884
0.115834
0.116765
0.120109
0.108422
0.112296
0.113963
0.113722
0.114416
0.116412
0.113597
0.115431
0.108717
0.112342
0.115383
0.112104
0.113546
0.114276
0.113426
0.117224
0.115132
0.117587
0.122170
0.123177
0.114193
0.114119
0.112893
0.118184
0.121918
0.119254
0.116339
0.116763
0.118747
0.119867
0.119735
0.114293
0.120886
0.121748
0.122395
0.118545
0.120928
0.123067
0.121951
0.122335
0.121013
0.124570
0.124824
0.124635
0.122281
0.122982
0.123481
0.123011
0.123925
0.121814
0.127126
0.120754
0.122912
0.123414
0.124532
0.121742
0.122052
0.120233
0.120920
0.122534
0.121402
0.125503
0.119197
0.123814
0.131090
0.121419
0.121073
0.123040
0.123264
0.122463
0.124456
0.124352
0.126845
0.125886
0.126318
0.128105
0.122832
0.129584
0.120921
0.131625
0.122590
0.121057
0.126450
0.119987
0.118319
0.116170
0.119962
0.129064
0.133904
0.118316
0.121108
0.121242
0.120108
0.131250
0.118727
0.120840
0.121085
0.126492
0.124294
0.128201
0.125454
0.154375
0.417145
0.475562
0.240943
0.187984
0.200402
0.194991
0.202985
0.225383
0.198852
0.185426
0.186898
0.225416
0.190081
0.201151
0.169822
0.188327
0.191300
0.189219
0.190116
0.189739
0.199005
0.211832
0.181726
0.174483
0.180360
0.184948
0.175721
0.177195
0.174260
0.181418
0.179652
0.267911
0.218744
0.222519
0.194854
0.216054
0.193501
0.201860
0.199002
0.204356
0.179387
0.199366
0.197755
0.195250
0.194235
0.223071
0.197345
0.177472
0.199720
0.196631
0.197809
0.294876
0.196419
0.229748
0.202006
0.194312
0.209534
0.198720
0.198493
0.183983
0.213659
0.246636
0.241884
0.260913
0.197048
0.221596
0.280640
0.183894
0.204626
0.185367
0.208441
0.199091
0.198754
0.167133
0.210589
0.178340
0.243207
0.234083
0.185309
0.291737
0.183945
0.176544
0.218942
0.182865
0.228603
0.244821
0.160675
0.182439
0.195346
0.208119
0.237848
0.181100
0.553295
0.574784
0.066071
0.000000
0.007584
0.014075
0.017295
0.018777
0.020943
0.021136
0.019467
0.023107
0.024544
0.025569
0.027815
0.029675
0.034826
0.037300
0.040390
0.042668
0.041203
0.047943
0.049519
0.051526
0.048577
0.053796
0.052848
0.050307
0.051392
0.056388
0.058066
0.056411
0.060282
0.061065
0.064595
0.068082
0.064371
0.070559
0.074542
0.071337
0.075554
0.075986
0.081193
0.077120
0.079838
0.081051
0.080964
0.081171
0.082003
0.107589
0.110519
0.112794
0.105145
0.105030
0.108128
0.106417
0.113675
0.117484
0.114134
0.108689
0.116100
0.114197
0.116003
0.122010
0.099188
0.103779
0.104133
0.107709
0.110246
0.121638
0.115758
0.169682
0.171798
0.149064
0.169319
0.163518
0.151483
0.161176
0.191341
0.176679
0.183146
0.179207
0.193838
0.184864
0.181873
0.185873
0.174649
0.147785
0.189516
0.183416
0.188280
0.124835
0.200973
0.193685
0.197411
0.198947
0.196698
0.196385
0.196485
0.190418
0.210678
0.189834
0.182521
0.184329
0.210007
0.209840
0.210101
0.211801
0.207432
0.209784
0.189074
0.203084
0.200781
0.201697
0.197059
0.198289
0.197408
0.198561
0.198049
0.198271
0.183905
0.200361
0.201087
0.202884
0.202338
0.194020
0.189711
0.185361
0.184296
0.199296
0.189677
0.194854
0.199301
0.201356
0.188416
0.185386
0.181796
0.201830
0.192386
0.195986
0.184342
0.182808
0.190686
0.192301
0.194132
0.200610
0.194325
0.195532
0.190207
0.193543
0.193464
0.191137
0.192923
0.186482
0.188319
0.184339
0.197508
0.190047
0.189870
0.192805
0.200636
0.179056
0.182891
0.196400
0.197144
0.188145
0.205375
0.213060
0.203811
0.221064
0.197332
0.216916
0.208233
0.216836
0.158505
0.108750
0.092504
0.108301
0.116945
0.124816
0.122265
0.122715
0.120884
0.120626
0.114541
0.114255
0.112206
0.114269
0.142766
0.116819
0.121962
0.121331
0.114074
0.122755
0.119582
0.121197
0.115723
0.114742
0.114535
0.115915
0.117205
0.116489
0.106254
0.114964
0.108291
0.113074
0.118373
0.107628
0.105703
0.117733
0.127720
0.119524
0.116725
0.116929
0.115882
0.115956
0.119382
0.117510
0.113015
0.124140
0.127826
0.120455
0.125653
0.126014
0.126932
0.125347
0.128745
0.120171
0.117600
0.128111
0.118560
0.134539
0.121013
0.129569
0.133290
0.126744
0.124360
0.127026
0.126984
0.126175
0.127872
0.127524
0.125941
0.127072
0.127773
0.127148
0.123286
0.121982
0.133488
0.157146
0.264467
0.573483
0.295004
0.208513
0.209415
0.188520
0.132403
0.131059
0.132064
0.140005
0.133544
0.134655
0.138745
0.105545
0.111088
0.110591
0.095373
0.088389
0.095802
0.096288
0.094019
0.095297
0.093325
0.102315
0.129368
0.138557
0.138149
0.145196
0.094762
0.094483
0.093556
0.149371
0.136013
0.142197
0.140939
0.144814
0.148790
0.135963
0.090120
0.097203
0.099622
0.121650
0.125286
0.122427
0.101505
0.106200
0.107321
0.116336
0.103656
0.112101
0.100624
0.098246
0.118371
0.118074
0.116370
0.100295
0.099211
0.101549
0.103207
0.142168
0.117331
0.135960
0.134936
0.129883
0.131735
0.126982
0.130132
0.124141
0.135371
0.127862
0.118105
0.128415
0.129968
0.128721
0.122113
0.132265
0.132947
0.130842
0.124794
0.123456
0.127279
0.120105
0.123265
0.133842
0.139667
0.121384
0.115211
0.135565
0.112785
0.109688
0.112019
0.139238
0.143465
0.138012
0.132707
0.114063
0.107655
0.094635
0.079963
0.086776
0.085042
0.074257
0.088616
0.089353
0.083594
0.085332
0.082615
0.085758
0.084703
0.088025
0.083780
0.087924
0.086684
0.087300
0.087909
0.087653
0.084897
0.087065
0.087936
0.087028
0.085751
0.085768
0.083759
0.090539
0.094162
0.091861
0.085536
0.089113
0.087867
0.090359
0.106227
0.098602
0.095920
0.096053
0.097325
0.097802
0.097610
0.098277
0.098686
0.105015
0.098958
0.089092
0.086896
0.090875
0.090434
0.090026
0.097110
0.094581
0.088593
0.090268
0.084960
0.089341
0.087518
0.090419
0.086918
0.081349
0.081095
0.083741
0.082694
0.077143
0.075588
0.080725
0.074766
0.084108
0.084305
0.072501
0.086050
0.088029
0.087620
0.082029
0.082690
0.080851
0.084735
0.085669
0.088906
0.088987
0.087448
0.085724
0.089830
0.089667
0.088379
0.085872
0.085519
0.085634
0.087776
0.086271
0.076545
0.082714
0.075245
0.083028
0.076684
0.084743
0.083363
0.085045
0.075442
0.085658
0.088117
0.088697
0.084276
0.084449
0.089366
0.087210
0.078772
0.086907
0.078051
0.075498
0.078823
0.076612
0.077130
0.077809
0.078157
0.079613
0.080432
0.079300
0.081829
0.074139
0.076736
0.077913
0.083116
0.080645
0.083878
0.081761
0.079734
0.081443
0.081333
0.086668
0.082204
0.083860
0.083862
0.086683
0.090005
0.085343
0.084457
0.090266
0.083539
0.088885
0.088466
0.099609
0.095770
0.090798
0.090946
0.095090
0.087946
0.089391
0.093884
0.091626
0.086036
0.089991
0.093499
0.091915
0.084478
0.092397
0.090150
0.090232
0.083183
0.095604
0.098117
0.090852
0.085724
0.085705
0.087910
0.088483
0.088219
0.091986
0.084864
0.102280
0.086736
0.085065
0.082620
0.084360
0.089633
0.085278
0.099142
0.574583
0.062295
0.096358
0.096101
0.096231
0.096553
0.096188
0.097975
0.096055
0.093574
0.093554
0.091094
0.082041
0.098367
0.079348
0.097547
0.096079
0.095651
0.137475
0.088370
0.093566
0.093914
0.088736
0.133105
0.094162
0.094178
0.094451
0.114496
0.094810
0.094481
0.091202
0.090132
0.094517
0.094086
0.094902
0.090682
0.094808
0.094940
0.090150
0.098050
0.080853
0.080653
0.082678
0.088442
0.135039
0.085133
0.086070
0.089118
0.079318
0.091421
0.092393
0.092912
0.093658
0.092201
0.089641
0.099436
0.099179
0.097993
0.092538
0.079508
0.095057
0.095176
0.073739
0.090323
0.097208
0.084384
0.084103
0.083143
0.084727
0.079881
0.087605
0.087771
0.085984
0.086122
0.090376
0.096893
0.096996
0.088672
0.091838
0.093509
0.095485
0.094750
0.092509
0.106352
0.086764
0.079616
0.079830
0.091931
0.088052
0.097465
0.102790
0.121384
0.117379
0.115256
0.143188
0.128337
0.120224
0.108032
0.070088
0.107908
0.114298
0.203259
0.276744
0.311972
0.240615
0.425313
0.243408
0.390401
0.111955
0.082780
0.076714
0.089497
0.085233
0.100128
0.095130
0.117297
0.131845
0.125901
0.131744
0.130567
0.128307
0.121020
0.128910
0.129716
0.128341
0.131683
0.124227
0.127848
0.117086
0.116600
0.132845
0.140439
0.137961
0.136784
0.130773
0.130527
0.119978
0.118747
0.133977
0.120134
0.136000
0.133785
0.135760
0.132691
0.132714
0.115933
0.116353
0.128657
0.118483
0.119331
0.140127
0.140700
0.138357
0.139449
0.142288
0.145109
0.130323
0.129394
0.126834
0.126158
0.143658
0.144736
0.140957
0.137396
0.142211
0.142147
0.144819
0.131263
0.117940
0.269224
0.187808
0.250896
0.522763
0.528783
0.471557
0.443919
0.127138
0.160710
0.145006
0.115438
0.148267
0.149295
0.124987
0.139290
0.147001
0.162715
0.165996
0.166447
0.166933
0.167091
0.167728
0.168028
0.168231
0.168231
0.168302
