0.112652
0.120988
0.118241
0.120278
0.117384
0.117182
0.114686
0.107301
0.113896
0.107084
0.114578
0.127068
0.126057
0.122689
0.121940
0.106014
0.110441
0.100785
0.097052
0.103920
0.097164
0.096969
0.125141
0.122031
0.124823
0.123444
0.121125
0.117654
0.110900
0.111887
0.097443
0.114648
0.098122
0.111591
0.101891
0.122998
0.123285
0.112122
0.111592
0.119600
0.125923
0.118269
0.119377
0.121819
0.118725
0.128842
0.118912
0.121406
0.116207
0.124701
0.120034
0.118593
0.116552
0.110301
0.120431
0.118119
0.110971
0.115593
0.117237
0.116274
0.114908
0.112781
0.111592
0.113959
0.112962
0.115691
0.117115
0.119730
0.116640
0.111514
0.113335
0.108860
0.111251
0.131037
0.115218
0.113402
0.119819
0.139843
0.102151
0.106012
0.105155
0.139838
0.123159
0.122962
0.132841
0.138481
0.123127
0.132047
0.128496
0.133337
0.123345
0.139053
0.130130
0.122333
0.121530
0.134998
0.135588
0.136520
0.137912
0.137837
0.138975
0.138691
0.139536
0.138971
0.149007
0.136330
0.137340
0.125709
0.130983
0.131560
0.131192
0.132335
0.136473
0.133576
0.130916
0.123964
0.114810
0.125150
0.133602
0.131238
0.128352
0.093366
0.124018
0.113585
0.122612
0.136358
0.110225
0.097330
0.104772
0.099645
0.098252
0.099219
0.100484
0.105191
0.097830
0.098609
0.108006
0.107139
0.101727
0.103165
0.104665
0.097638
0.448856
0.448548
0.448400
0.445078
0.445116
0.444937
0.445829
0.443676
0.447021
0.447076
0.446967
0.436500
0.437455
0.438418
0.438695
0.438518
0.437377
0.439318
0.436149
0.437287
0.437274
0.437274
0.437272
0.437337
0.437289
0.437160
0.436779
0.432212
0.427053
0.422614
0.414000
0.382622
0.358826
0.262639
0.172560
0.129313
0.126530
0.123902
0.125273
0.120916
0.126054
0.128382
0.124607
0.125453
0.154859
0.151685
0.149315
0.157208
0.149508
0.165724
0.176451
0.165967
0.166432
0.173953
0.175949
0.176483
0.184014
0.183701
0.186305
0.157840
0.155132
0.156927
0.160307
0.400862
0.400903
0.425555
0.386792
0.288368
0.215083
0.212006
0.188085
0.187871
0.191813
0.219190
0.227895
0.174865
0.164633
0.202728
0.151484
0.166108
0.168590
0.190429
0.163710
0.191925
0.170882
0.151728
0.202434
0.173274
0.196845
0.201517
0.166298
0.214602
0.192519
0.203475
0.193657
0.191151
0.189907
0.227172
0.219945
0.285542
0.255183
0.178810
0.247171
0.237281
0.207108
0.223187
0.178912
0.176401
0.183898
0.171727
0.172561
0.174897
0.170683
0.185425
0.172809
0.174528
0.168356
0.169854
0.268088
0.247318
0.308046
0.300385
0.284710
0.338977
0.363670
0.315970
0.148007
0.145495
0.145638
0.143737
0.144480
0.110930
0.111696
0.110849
0.109699
0.106860
0.103719
0.112160
0.107935
0.103800
0.106266
0.108068
0.105843
0.108506
0.107271
0.105116
0.179442
0.176868
0.124531
0.179685
0.134115
0.131181
0.176803
0.131667
0.166262
0.174331
0.171122
0.131212
0.131568
0.193712
0.195677
0.187352
0.233621
0.189463
0.198690
0.183491
0.220804
0.179573
0.220312
0.173867
0.171500
0.168351
0.179355
0.186721
0.169034
0.178127
0.183996
0.185071
0.185779
0.181566
0.174936
0.177246
0.196668
0.195690
0.202468
0.194335
0.186080
0.177008
0.197732
0.192793
0.193716
0.183008
0.198452
0.193251
0.196474
0.192942
0.193905
0.194831
0.194431
0.195770
0.191139
0.179681
0.096721
0.095722
0.095242
0.093728
0.094432
0.093246
0.094720
0.094064
0.093598
0.092906
0.094064
0.096378
0.096678
0.096398
0.094951
0.102843
0.099539
0.098740
0.096349
0.097541
0.101080
0.112024
0.103186
0.104671
0.105452
0.102992
0.105498
0.106176
0.112658
0.104914
0.114126
0.121923
0.124690
0.132225
0.127562
0.139958
0.138915
0.123344
0.124471
0.125468
0.129195
0.129968
0.127263
0.124983
0.121940
0.125354
0.126423
0.128566
0.129380
0.130076
0.132316
0.131282
0.136299
0.137770
0.136998
0.135001
0.129264
0.129105
0.127907
0.134493
0.136246
0.130774
0.134627
0.135415
0.140349
0.139772
0.139049
0.139773
0.140096
0.139156
0.143200
0.139101
0.139768
0.142674
0.139341
0.138620
0.138411
0.138403
0.139099
0.139099
0.139101
0.138591
0.138591
0.138591
0.138591
0.138591
0.138591
0.138591
0.138437
0.138437
0.138437
0.138437
0.138437
0.138437
0.138437
0.138437
0.138526
0.138437
0.138557
0.166313
0.167247
0.164659
0.164315
0.165033
0.166521
0.164379
0.169529
0.169234
0.168899
0.123296
0.168610
0.171378
0.170755
0.171233
0.165696
0.169531
0.120813
0.120569
0.119842
0.120221
0.138883
0.119914
0.121212
0.121890
0.122294
0.150135
0.162897
0.182583
0.123667
0.143405
0.123432
0.177204
0.159778
0.162268
0.165643
0.159838
0.163536
0.164584
0.165197
0.122939
0.165528
0.124346
0.125406
0.166119
0.152961
0.149958
0.154799
0.153721
0.150688
0.155652
0.149738
0.146785
0.145420
0.151403
0.158254
0.140059
0.152070
0.144688
0.142961
0.136245
0.138309
0.146301
0.145953
0.150544
0.134374
0.139683
0.131776
0.133131
0.133063
0.144745
0.163168
0.230797
0.224018
0.229133
0.200950
0.209294
0.213701
0.201569
0.213791
0.214501
0.212978
0.217984
0.215766
0.220325
0.215304
0.250022
0.212530
0.203494
0.217163
0.207930
0.208401
0.199741
0.201570
0.217853
0.184655
0.188354
0.195235
0.195121
0.197964
0.196545
0.190645
0.190779
0.197499
0.201532
0.197654
0.199372
0.204664
0.192106
0.173534
0.192124
0.184539
0.167073
0.183409
0.185225
0.193624
0.207794
0.214649
0.215993
0.216329
0.216715
0.213131
0.208238
0.211392
0.208578
0.211195
0.207406
0.168906
0.204455
0.155743
0.135337
0.134222
0.116965
0.128526
0.133031
0.136518
0.134193
0.134394
0.140222
0.135528
0.138775
0.120257
0.139493
0.140134
0.136550
0.120650
0.111043
0.122085
0.106345
0.114871
0.117731
0.117354
0.121647
0.122293
0.109808
0.139006
0.142008
0.138467
0.137137
0.144364
0.145429
0.146587
0.150604
0.121639
0.117913
0.118913
0.103352
0.104584
0.104885
0.105311
0.110316
0.110588
0.106413
0.114946
0.109391
0.108369
0.100831
0.107345
0.103744
0.098878
0.104402
0.098034
0.093057
0.098836
0.110466
0.104633
0.109222
0.106128
0.107554
0.106830
0.102279
0.104375
0.108554
0.110220
0.108342
0.108875
0.109196
0.111047
0.113135
0.123227
0.116650
0.126149
0.121564
0.075155
0.079079
0.102308
0.077839
0.110368
0.106962
0.110794
0.102397
0.125193
0.127700
0.133762
0.128135
0.116661
0.133255
0.104616
0.090170
0.089152
0.088857
0.090064
0.089290
0.086773
0.087820
0.085508
0.086427
0.088043
0.086360
0.090088
0.090068
0.089773
0.095423
0.094343
0.090229
0.089902
0.087587
0.087150
0.091325
0.092644
0.087730
0.091372
0.085193
0.089639
0.090700
0.091319
0.091256
0.092146
0.090102
0.090354
0.086978
0.091459
0.089787
0.089722
0.089624
0.090127
0.090083
0.089617
0.094653
0.094133
0.094905
0.094897
0.094992
0.096078
0.096152
0.101314
0.089931
0.097894
0.090531
0.090069
0.089615
0.092349
0.092236
0.091114
0.089762
0.088526
0.091187
0.084709
0.090965
0.087138
0.086350
0.087666
0.092264
0.090194
0.087334
0.088304
0.087775
0.088490
0.088942
0.088644
0.095245
0.090050
0.092096
0.092434
0.090405
0.093778
0.094322
0.091360
0.091258
0.091381
0.090297
0.089580
0.090971
0.087973
0.088699
0.089308
0.089763
0.091244
0.091052
0.091863
0.091332
0.092092
0.090442
0.090443
0.089917
0.093774
0.090546
0.087766
0.087909
0.088501
0.090013
0.089259
0.089054
0.089583
0.089627
0.092339
0.090716
0.088975
0.089964
0.089972
0.091491
0.090107
0.089745
0.091264
0.091139
0.088204
0.091626
0.091808
0.093836
0.094298
0.091960
0.092649
0.093495
0.091736
0.095360
0.090584
0.090507
0.090681
0.094786
0.093425
0.093129
0.092631
0.091557
0.089816
0.089289
0.086635
0.085985
0.086807
0.107262
0.092438
0.114453
0.113838
0.112235
0.085486
0.091167
0.114820
0.111777
0.112984
0.113388
0.112098
0.112827
0.113247
0.114477
0.116101
0.113114
0.116405
0.080251
0.116805
0.116608
0.080183
0.082726
0.084118
0.113153
0.111805
0.111201
0.112963
0.113190
0.113671
0.107626
0.107910
0.102342
0.111906
0.112847
0.109306
0.111802
0.110625
0.109843
0.112670
0.112435
0.113127
0.111427
0.112445
0.112643
0.083290
0.113315
0.114182
0.083573
0.087079
0.115279
0.089966
0.114242
0.095960
0.099393
0.114566
0.114104
0.116710
0.116352
0.113190
0.108497
0.110916
0.113195
0.092009
0.100390
0.112446
0.111174
0.112479
0.112375
0.113619
0.112550
0.111965
0.114677
0.112928
0.111612
0.113532
0.105513
0.091897
0.095933
0.096824
0.097610
0.090284
0.087798
0.102693
0.100219
0.093454
0.091211
0.093135
0.094625
0.093030
0.104649
0.100321
0.103823
0.103223
0.112361
0.106693
0.105908
0.093854
0.105048
0.106258
0.106854
0.105003
0.105703
0.104776
0.106330
0.104729
0.102331
0.114845
0.099839
0.106271
0.105737
0.099125
0.098299
0.107474
0.116768
0.106689
0.116223
0.104903
0.099315
0.104114
0.108958
0.113760
0.103378
0.113245
0.105829
0.106681
0.108331
0.113178
0.105735
0.104718
0.104878
0.099852
0.106087
0.116141
0.110224
0.114927
0.104183
0.106136
0.105952
0.106566
0.097388
0.102061
0.097744
0.097070
0.101507
0.103516
0.116738
0.113745
0.105090
0.120548
0.119889
0.127215
0.120827
0.126793
0.102373
0.102046
0.100466
0.098922
0.126273
0.107169
0.127456
0.130187
0.110881
0.108203
0.125528
0.099720
0.099657
0.096805
0.096449
0.097988
0.095369
0.097385
0.098071
0.094071
0.098597
0.099776
0.100262
0.095244
0.123117
0.108248
0.123967
0.091680
0.099299
0.093334
0.093989
0.093626
0.117716
0.117583
0.098449
0.091102
0.090643
0.091390
0.096458
0.115276
0.096346
0.109631
0.094938
0.110179
0.102883
0.104681
0.095944
0.087101
0.097647
0.101746
0.090628
0.086825
0.088185
0.075445
0.084952
0.083676
0.097773
0.104815
0.079012
0.077540
0.088373
0.070996
0.080177
0.074545
0.083178
0.084214
0.118136
0.118143
0.107623
0.108065
0.107579
0.106697
0.092397
0.093840
0.091688
0.090790
0.090078
0.066725
0.095097
0.079248
0.071379
0.073865
0.077496
0.077803
0.090941
0.080020
0.080941
0.089683
0.085879
0.105269
0.104692
0.106960
0.107833
0.106775
0.105192
0.108070
0.105580
0.104677
0.104445
0.101826
0.104495
0.104672
0.104070
0.100452
0.099834
0.104339
0.102541
0.103256
0.102284
0.102426
0.101394
0.103231
0.101784
0.103514
0.102605
0.101951
0.100743
0.100950
0.099930
0.103439
0.102455
0.100106
0.102633
0.101035
0.102549
0.102323
0.104540
0.109264
0.107279
0.104546
0.116115
0.115620
0.119548
0.117319
0.109547
0.114363
0.115825
0.111987
0.112740
0.113337
0.111953
0.112961
0.115383
0.113725
0.115032
0.115052
0.114813
0.113531
0.114987
0.117930
0.115328
0.116964
0.092920
0.120237
0.117543
0.118613
0.122689
0.122843
0.121779
0.120061
0.121383
0.122196
0.123895
0.122091
0.126812
0.124022
0.125064
0.117396
0.102002
0.102291
0.100821
0.101469
0.101562
0.102960
0.101814
0.083151
0.124025
0.120041
0.114539
0.105130
0.114711
0.124934
0.113775
0.131003
0.145407
0.147690
0.146049
0.149456
0.152201
0.152561
0.146149
0.144970
0.142935
0.139494
0.145831
0.145089
0.142698
0.144593
0.147844
0.151156
0.142487
0.152927
0.150454
0.149045
0.147324
0.150084
0.150917
0.149570
0.151046
0.151776
0.152906
0.152220
0.152066
0.154341
0.152157
0.149096
0.149902
0.153276
0.150868
0.157665
0.157578
0.151684
0.153520
0.151565
0.150548
0.151448
0.147374
0.145044
0.149647
0.149386
0.148977
0.150474
0.147386
0.149609
0.154136
0.149926
0.149204
0.148707
0.150614
0.148323
0.150871
0.117551
0.155333
0.154727
0.143602
0.141308
0.138712
0.133511
0.133252
0.098213
0.122232
0.093343
0.096988
0.106086
0.116958
0.115370
0.118760
0.125351
0.107903
0.111135
0.108568
0.146683
0.133058
0.111192
0.120279
0.124292
0.116036
0.123277
0.118250
0.111517
0.116508
0.114819
0.119160
0.124560
0.121609
0.123039
0.135466
0.138268
0.126155
0.136360
0.143466
0.139570
0.154012
0.142709
0.158489
0.158155
0.163493
0.169886
0.168668
0.167775
0.178770
0.180321
0.174950
0.173760
0.166590
0.166727
0.171357
0.170132
0.179710
0.174200
0.173963
0.179189
0.182092
0.179777
0.178499
0.178297
0.160187
0.182530
0.133955
0.152956
0.153760
0.133252
0.140044
0.126025
0.128506
0.128034
0.126939
0.124186
0.125480
0.130067
0.128846
0.129261
0.128688
0.125662
0.127573
0.127267
0.124328
0.124467
0.124340
0.124203
0.130828
0.130959
0.127318
0.128978
0.127539
0.126787
0.125649
0.126386
0.127239
0.126366
0.128395
0.127465
0.123622
0.124994
0.114243
0.115945
0.130112
0.117170
0.116912
0.128569
0.112741
0.113092
0.125364
0.116546
0.114106
0.115626
0.116789
0.119511
0.116254
0.115744
0.123889
0.110835
0.112206
0.111257
0.111915
0.111862
0.112102
0.112856
0.114553
0.114706
0.111893
0.115317
0.117658
0.115662
0.122149
0.109357
0.110033
0.115947
0.110826
0.116035
0.115311
0.111916
0.112984
0.113923
0.114779
0.113850
0.112310
0.113666
0.109238
0.109621
0.117023
0.115034
0.110781
0.120716
0.115958
0.118131
0.118285
0.119477
0.120091
0.120872
0.125067
0.125705
0.118134
0.117830
0.123919
0.125148
0.115158
0.120300
0.120385
0.117669
0.132839
0.125569
0.120608
0.120535
0.119071
0.118877
0.115725
0.119183
0.120098
0.121394
0.118742
0.118165
0.118554
0.117492
0.119441
0.116350
0.118780
0.118787
0.117815
0.118655
0.116543
0.125753
0.124505
0.115645
0.119757
0.118229
0.129796
0.128491
0.115607
0.127291
0.120717
0.115681
0.118123
0.110691
0.112189
0.118152
0.110268
0.110691
0.110035
0.116595
0.110954
0.110494
0.112065
0.111846
0.122874
0.110863
0.124064
0.116198
0.116197
0.116302
0.115923
0.116844
0.115955
0.117222
0.116879
0.116587
0.125399
0.124152
0.126650
0.117474
0.116912
0.117101
0.116870
0.130751
0.125945
0.117939
0.127914
0.115647
0.125790
0.117866
0.118224
0.118653
0.118354
0.118359
0.115277
0.124534
0.124214
0.123781
0.122191
0.125602
0.127597
0.126499
0.111467
0.111882
0.111467
0.131949
0.113487
0.113035
0.111005
0.111206
0.126856
0.124098
0.113672
0.116890
0.117184
0.117147
0.116626
0.117494
0.117373
0.124348
0.117577
0.125628
0.128496
0.119371
0.129068
0.130063
0.129031
0.118536
0.115530
0.115016
0.117105
0.120166
0.118583
0.121515
0.116398
0.116299
0.117377
0.114326
0.119709
0.120993
0.120122
0.120423
0.130952
0.130865
0.129946
0.126713
0.130382
0.125446
0.124047
0.125429
0.124096
0.124127
0.129082
0.122805
0.128007
0.123941
0.131735
0.131031
0.127458
0.128503
0.130963
0.128794
0.122033
0.122827
0.121840
0.114366
0.121900
0.121307
0.123223
0.124359
0.125060
0.123073
0.123540
0.123016
0.119514
0.116175
0.120428
0.120052
0.122031
0.122317
0.122056
0.112969
0.124401
0.127397
0.127627
0.122701
0.121217
0.123539
0.124346
0.122903
0.124550
0.127034
0.130137
0.129594
0.130201
0.127320
0.127036
0.124880
0.124399
0.128787
0.120208
0.116585
0.128642
0.129440
0.126214
0.130260
0.129672
0.129536
0.129371
0.116744
0.117842
0.120841
0.119546
0.124779
0.130214
0.120703
0.132927
0.122953
0.128981
0.121379
0.121006
0.098303
0.096724
0.095697
0.096361
0.097460
0.097396
0.097048
0.106134
0.103841
0.105398
0.105524
0.104948
0.105166
0.099055
0.099939
0.094236
0.099106
0.106105
0.100041
0.095264
0.104076
0.098336
0.098345
0.104593
0.104198
0.099081
0.103811
0.097972
0.092042
0.103871
0.098025
0.098712
0.098177
0.097330
0.096687
0.108809
0.108726
0.109251
0.118422
0.128204
0.129975
0.110130
0.133320
0.107470
0.108083
0.103006
0.109059
0.134414
0.121437
0.130262
0.128178
0.122517
0.135617
0.135837
0.134113
0.132561
0.129526
0.136656
0.133506
0.129358
0.127354
0.135130
0.130305
0.132866
0.131468
0.135220
0.136140
0.132481
0.135479
0.135231
0.135488
0.131473
0.135167
0.136868
0.136808
0.131348
0.134190
0.135733
0.135185
0.136147
0.133842
0.134908
0.106398
0.104202
0.104445
0.104378
0.102302
0.102221
0.102208
0.100666
0.101599
0.103805
0.102331
0.101210
0.103682
0.099954
0.100850
0.102153
0.102374
0.103761
0.103943
0.104657
0.105092
0.105421
0.106678
0.104882
0.103243
0.105777
0.101905
0.102701
0.103865
0.103035
0.103864
0.107666
0.103889
0.102431
0.102021
0.101115
0.102498
0.102609
0.103875
0.104385
0.107191
0.105578
0.094407
0.105928
0.104848
0.095966
0.104762
0.104498
0.104522
0.105927
0.104402
0.104300
0.100687
0.102462
0.105090
0.104108
0.104175
0.101905
0.102458
0.103030
0.102086
0.105403
0.104355
0.103884
0.100761
0.098681
0.099916
0.100714
0.100158
0.099606
0.098950
0.098678
0.102068
0.098574
0.100689
0.101283
0.104337
0.103690
0.103001
0.103781
0.104070
0.102671
0.101700
0.103961
0.105322
0.106995
0.105802
0.105461
0.105622
0.106906
0.106056
0.106837
0.105761
0.106409
0.106338
0.105364
0.106907
0.100600
0.107045
0.107067
0.100006
0.099119
0.101631
0.089609
0.102593
0.102471
0.100205
0.105676
0.102353
0.100936
0.101203
0.103713
0.101593
0.105405
0.099765
0.103938
0.104926
0.099515
0.104005
0.099585
0.097256
0.096700
0.098241
0.103716
0.098885
0.098498
0.099825
0.098997
0.103997
0.101449
0.101229
0.105611
0.102463
0.102784
0.100752
0.093628
0.100354
0.122602
0.108414
0.109430
0.101080
0.104274
0.098068
0.099243
0.109921
0.111952
0.110534
0.113468
0.112796
0.116061
0.113364
0.112096
0.110863
0.110582
0.110714
0.110500
0.111209
0.107262
0.110117
0.107588
0.106777
0.107452
0.105110
0.104885
0.105765
0.109068
0.107545
0.104709
0.104882
0.101169
0.099732
0.097003
0.097885
0.101465
0.101029
0.101632
0.103422
0.100596
0.101560
0.102513
0.100300
0.100720
0.100931
0.101431
0.101532
0.102875
0.102564
0.102498
0.102280
0.101632
0.101586
0.100339
0.100225
0.104167
0.106420
0.102773
0.105279
0.103078
0.103405
0.102454
0.103689
0.102335
0.101652
0.100725
0.100773
0.102678
0.100488
0.102610
0.101151
0.099363
0.100866
0.102625
0.100073
0.102920
0.101424
0.101149
0.099891
0.100573
0.101161
0.101731
0.103355
0.102163
0.100088
0.102401
0.102121
0.100742
0.100978
0.100585
0.103234
0.101215
0.100644
0.102677
0.103506
0.101671
0.102618
0.103446
0.104865
0.100329
0.101333
0.101361
0.101217
0.101735
0.102106
0.102177
0.099630
0.100775
0.100269
0.100059
0.101715
0.102908
0.101052
0.100728
0.100980
0.101329
0.100454
0.088939
0.088878
0.089049
0.088637
0.087277
0.087669
0.088519
0.089292
0.088832
0.098291
0.097946
0.097994
0.098605
0.099829
0.100392
0.100396
0.101157
0.102382
0.101114
0.100089
0.099557
0.101042
0.103114
0.102752
0.104553
0.101102
0.100272
0.100836
0.099864
0.100643
0.100255
0.099695
0.100555
0.099680
0.099472
0.099792
0.099469
0.099266
0.100975
0.099209
0.102013
0.100999
0.102277
0.102186
0.102225
0.101469
0.100406
0.100579
0.097841
0.101086
0.101054
0.101528
0.099580
0.105659
0.099956
0.104868
0.101222
0.099572
0.101415
0.099899
0.101210
0.103323
0.102506
0.102672
0.101418
0.102988
0.100744
0.099528
0.100567
0.100547
0.100965
0.102062
0.101027
0.101799
0.099911
0.100597
0.097974
0.098453
0.099129
0.099376
0.098736
0.099024
0.099703
0.098243
0.099822
0.101546
0.100802
0.100958
0.101326
0.101731
0.101631
0.102524
0.101515
0.101036
0.102161
0.101917
0.102345
0.100501
0.100329
0.100443
0.102302
0.100890
0.102004
0.101193
0.101141
0.101976
0.102974
0.103951
0.104622
0.103063
0.101982
0.099644
0.100285
0.099753
0.099389
0.101313
0.103072
0.102006
0.102932
0.102884
0.104199
0.102752
0.105785
0.105877
0.103502
0.104982
0.103686
0.102178
0.101979
0.100421
0.101633
0.098562
0.103073
0.098167
0.096728
0.096674
0.096991
0.097732
0.100449
0.100318
0.095090
0.092574
0.097453
0.092503
0.084495
0.076536
0.076502
0.076204
0.076248
0.072957
0.073101
0.072302
0.072298
0.073423
0.073714
0.073282
0.072605
0.072226
0.072243
0.072975
0.071116
0.073914
0.074126
0.070915
0.073549
0.072770
0.072900
0.071975
0.074612
0.073761
0.074210
0.073890
0.073471
0.071574
0.072256
0.073268
0.071595
0.073296
0.073650
0.072127
0.071883
0.071494
0.073062
0.073709
0.073630
0.073636
0.073037
0.073387
0.073617
0.072596
0.072987
0.072371
0.073235
0.073045
0.072687
0.072354
0.073788
0.072781
0.072441
0.071525
0.071099
0.071948
0.071382
0.071137
0.070586
0.071696
0.071648
0.069770
0.064480
0.069439
0.073904
0.069087
0.065974
0.065023
0.069493
0.067910
0.063198
0.064495
0.064635
0.063638
0.063363
0.063633
0.063276
0.063454
0.063040
0.063470
0.064208
0.064247
0.063318
0.080406
0.079680
0.079892
0.079892
0.080417
0.080039
0.080870
0.081096
0.078698
0.079040
0.079858
0.078759
0.080407
0.081708
0.081667
0.080940
0.081166
0.080972
0.080276
0.079435
0.078592
0.076540
0.081194
0.082941
0.084407
0.084251
0.081563
0.082101
0.081429
0.081675
0.080123
0.081020
0.080280
0.080663
0.081714
0.078611
0.080542
0.080349
0.080671
0.080573
0.082356
0.081849
0.081163
0.082656
0.081833
0.081144
0.081137
0.080115
0.080864
0.078636
0.079494
0.082945
0.081529
0.079315
0.082373
0.081315
0.080354
0.079663
0.080132
0.078684
0.080543
0.081400
0.079378
0.081534
0.082466
0.083084
0.082734
0.082299
0.082987
0.081824
0.082375
0.083311
0.083152
0.082088
0.082367
0.083398
0.078971
0.078754
0.080868
0.081348
0.083314
0.080113
0.082486
0.081088
0.078219
0.077128
0.069020
0.065303
0.069029
0.065972
0.075070
0.079832
0.080116
0.083052
0.088850
0.091343
0.089107
0.091071
0.093191
0.114125
0.111550
0.108019
0.099805
0.110162
0.114907
0.118379
0.115304
0.115372
0.114558
0.113724
0.116423
0.112411
0.112534
0.114965
0.115949
0.109224
0.109876
0.108279
0.109439
0.111968
0.109175
0.110481
0.111990
0.112508
0.115370
0.116645
0.115645
0.120602
0.117495
0.117259
0.117358
0.116596
0.111060
0.116508
0.109110
0.119490
0.093672
0.113638
0.093697
0.110845
0.122074
0.099265
0.096266
0.093774
0.094485
0.120729
0.121087
0.117666
0.122769
0.123986
0.122311
0.096666
0.092432
0.090955
0.083121
0.085483
0.092149
0.087831
0.090160
0.089748
0.086274
0.084582
0.089032
0.090359
0.090331
0.088482
0.086873
0.085958
0.087429
0.086939
0.086595
0.085143
0.087167
0.087661
0.086422
0.085865
0.088233
0.090016
0.085554
0.084632
0.084104
0.086210
0.085524
0.084654
0.084900
0.085139
0.124617
0.128472
0.125707
0.124939
0.123052
0.128563
0.126329
0.124549
0.127433
0.128105
0.130266
0.135346
0.128628
0.129364
0.129399
0.129440
0.127735
0.131132
0.131872
0.129988
0.122854
0.107526
0.124198
0.129329
0.131426
0.134062
0.109346
0.108705
0.106798
0.109738
0.107424
0.107869
0.107515
0.107012
0.108838
0.107126
0.108298
0.109548
0.120127
0.120153
0.124663
0.129620
0.129666
0.124816
0.127649
0.126516
0.123041
0.115286
0.115052
0.136742
0.162099
0.172411
0.170755
0.186180
0.175474
0.174021
0.223405
0.213492
0.188457
0.179318
0.176463
0.183996
0.200999
0.196192
0.176732
0.174090
0.196027
0.193994
0.197546
0.200806
0.195983
0.186734
0.191903
0.189319
0.191035
0.189916
0.189615
0.189056
0.191670
0.190139
0.192312
0.193071
0.193943
0.198040
0.176605
0.181651
0.211781
0.176347
0.187584
0.207106
0.221782
0.211555
0.196076
0.208245
0.213136
0.218698
0.230821
0.187903
0.206253
0.218686
0.196245
0.192957
0.197097
0.199624
0.199946
0.204947
0.215068
0.195356
0.206877
0.206839
0.195891
0.210705
0.212777
0.197560
0.227333
0.209410
0.208286
0.183366
0.180498
0.195053
0.154307
0.147071
0.154650
0.154921
0.161364
0.155956
0.202040
0.194597
0.197645
0.188837
0.190052
0.185312
0.190017
0.193778
0.194436
0.140964
0.112533
0.116887
0.119514
0.115991
0.109636
0.095138
0.095880
0.099623
0.089466
0.092782
0.099346
0.098149
0.094855
0.099016
0.089347
0.087983
0.097106
0.097802
0.096449
0.098812
0.098094
0.091558
0.085394
0.078788
0.094906
0.086403
0.107108
0.112480
0.113074
0.110117
0.120499
0.113344
0.106085
0.109939
0.113984
0.105903
0.106152
0.107988
0.113209
0.113427
0.095085
0.093374
0.106374
0.089116
0.088237
0.087746
0.090265
0.090512
0.094336
0.101398
0.096822
0.078189
0.083970
0.091889
0.098735
0.101751
0.091715
0.101993
0.096773
0.097694
0.108200
0.116826
0.111070
0.096577
0.097609
0.100995
0.112959
0.138445
0.138264
0.134839
0.124154
0.127825
0.106699
0.101094
0.096115
0.158574
0.104049
0.116968
0.118621
0.147200
0.137836
0.123084
0.120349
0.121820
0.123474
0.134028
0.140541
0.122365
0.129151
0.122159
0.133962
0.130160
0.125304
0.128240
0.128770
0.129974
0.128962
0.131204
0.142396
0.144367
0.131283
0.135315
0.129255
0.119770
0.120681
0.128934
0.120608
0.120410
0.128920
0.130223
0.129803
0.129805
0.132335
0.130482
0.126599
0.129872
0.131511
0.129942
0.130716
0.130898
0.129232
0.130950
0.130963
0.129657
0.129785
0.128666
0.129530
0.132469
0.123426
0.121978
0.119833
0.118187
0.121423
0.118535
0.111288
0.118988
0.122852
0.120190
0.115884
0.126731
0.123654
0.123544
0.123669
0.127235
0.123313
0.135793
0.134569
0.127285
0.123314
0.126767
0.122609
0.122869
0.126101
0.125340
0.126116
0.126176
0.121476
0.125370
0.124208
0.124210
0.140763
0.134746
0.140024
0.139504
0.130434
0.131352
0.127980
0.124160
0.122198
0.117242
0.122703
0.123810
0.125758
0.125863
0.124019
0.125584
0.122581
0.125434
0.121014
0.127784
0.126165
0.125388
0.132745
0.128358
0.131964
0.132979
0.132159
0.133954
0.134316
0.135253
0.138015
0.135751
0.141141
0.137149
0.137318
0.142106
0.138824
0.134148
0.130337
0.131114
0.129404
0.129383
0.138630
0.144518
0.143202
0.142667
0.140455
0.138759
0.138373
0.137593
0.131230
0.135018
0.133943
0.135588
0.132343
0.133733
0.135157
0.136335
0.124958
0.123459
0.125309
0.126655
0.128415
0.126902
0.126944
0.128021
0.127659
0.125060
0.127662
0.133335
0.126337
0.123915
0.123188
0.134748
0.126127
0.137181
0.137959
0.126572
0.125625
0.127468
0.127543
0.128041
0.127364
0.127441
0.131202
0.131338
0.131461
0.135124
0.133230
0.132737
0.133362
0.129901
0.130675
0.129968
0.129836
0.139058
0.139764
0.137687
0.139759
0.133356
0.136651
0.135296
0.136533
0.133998
0.136353
0.147695
0.136865
0.144833
0.146775
0.138035
0.142386
0.146212
0.137196
0.133418
0.144056
0.141687
0.113732
0.122038
0.120581
0.120700
0.130927
0.148747
0.148475
0.145029
0.148586
0.157084
0.111571
0.113980
0.128287
0.128164
0.129064
0.131566
0.131798
0.127806
0.130242
0.126029
0.136502
0.115066
0.124459
0.132004
0.125107
0.163155
0.156925
0.159011
0.164452
0.150797
0.139978
0.133594
0.117353
0.107020
0.136997
0.134566
0.132203
0.151662
0.135591
0.131246
0.127593
0.134552
0.135214
0.139728
0.163239
0.146143
0.136956
0.148774
0.139244
0.141455
0.148320
0.148136
0.148169
0.147167
0.144880
0.145212
0.151150
0.151562
0.152292
0.148782
0.148930
0.145398
0.137925
0.141558
0.143926
0.143270
0.145525
0.147240
0.151817
0.140286
0.138890
0.139213
0.146177
0.139913
0.138744
0.096270
0.099233
0.095721
0.094389
0.094021
0.121077
0.100930
0.133221
0.123212
0.128172
0.127297
0.150955
0.125433
0.126049
0.150733
0.141286
0.109312
0.129451
0.111253
0.113875
0.122712
0.119411
0.121849
0.121190
0.120368
0.123259
0.127876
0.109072
0.103477
0.097768
0.103340
0.105774
0.113259
0.113983
0.110555
0.095162
0.091036
0.104688
0.106654
0.103851
0.107418
0.106547
0.090486
0.105267
0.111891
0.110064
0.107479
0.088594
0.092576
0.096810
0.095367
0.103858
0.107751
0.095323
0.094475
0.092961
0.113370
0.116891
0.117907
0.117488
0.115753
0.113453
0.117164
0.115991
0.117254
0.105454
0.118785
0.118904
0.119773
0.103172
0.102014
0.105355
0.107793
0.120545
0.105259
0.101399
0.111703
0.105322
0.093648
0.093657
0.104236
0.099975
0.101632
0.098965
0.100090
0.100888
0.098001
0.109435
0.094753
0.101519
0.090614
0.105033
0.088296
0.113189
0.101550
0.104233
0.105054
0.104556
0.105097
0.106516
0.101193
0.090678
0.089294
0.092446
0.094815
0.095133
0.093751
0.094809
0.095721
0.099275
0.103207
0.122091
0.110914
0.096219
0.097672
0.099677
0.110482
0.106248
0.095254
0.091661
0.090850
0.102205
0.102646
0.088403
0.080240
0.086811
0.087701
0.084495
0.107113
0.124870
0.117810
0.115980
0.119409
0.125942
0.123359
0.143472
0.118739
0.142368
0.137018
0.130576
0.139025
0.130096
0.130298
0.132832
0.129542
0.136234
0.139265
0.117837
0.103613
0.134048
0.143428
0.103094
0.152594
0.146738
0.152883
0.098114
0.112509
0.108134
0.094386
0.122474
0.115733
0.110841
0.114727
0.108401
0.107310
0.107640
0.105534
0.098403
0.101259
0.117757
0.099149
0.114904
0.107867
0.088029
0.098979
0.087223
0.090727
0.086742
0.091047
0.104307
0.109696
0.108376
0.111432
0.113750
0.115279
0.112860
0.117252
0.121548
0.126598
0.117210
0.101616
0.120619
0.116364
0.116594
0.086004
0.097348
0.101092
0.101189
0.119672
0.113817
0.170138
0.183554
0.192723
0.318511
0.449044
0.364759
0.219913
0.166951
0.141715
0.134019
0.131014
0.128130
0.117089
0.101902
0.119201
0.110523
0.096984
0.091492
0.116202
0.118665
0.120569
0.117221
0.132530
0.136045
0.136204
0.142425
0.137077
0.138120
0.135005
0.115533
0.132222
0.130941
0.134350
0.132427
0.130338
0.127729
0.133121
0.127587
0.133389
0.129485
0.128692
0.134683
0.119270
0.141339
0.119293
0.131840
0.117354
0.128311
0.127654
0.128456
0.130432
0.136405
0.132677
0.135152
0.125369
0.125301
0.141631
0.126466
0.124057
0.132353
0.132484
0.119940
0.119838
0.117899
0.135357
0.117054
0.116611
0.116836
0.119065
0.118085
0.117935
0.117199
0.119105
0.118002
0.118727
0.118267
0.128380
0.126848
0.117175
0.115908
0.115279
0.113792
0.119868
0.115093
0.114088
0.128382
0.125239
0.119520
0.119523
0.124471
0.116117
0.124850
0.131936
0.130766
0.123883
0.129572
0.128914
0.128998
0.129455
0.124851
0.108347
0.128624
0.114504
0.110624
0.118907
0.117928
0.114095
0.120497
0.094811
0.096470
0.108772
0.102467
0.104956
0.090541
0.108368
0.108914
0.106114
0.107521
0.102931
0.096235
0.106061
0.106004
0.105080
0.114073
0.109392
0.108225
0.116682
0.112202
0.112832
0.112196
0.113512
0.114101
0.115594
0.109665
0.108601
0.109524
0.108934
0.115618
0.111575
0.110338
0.111161
0.112502
0.111997
0.110570
0.111594
0.113036
0.120352
0.113504
0.114231
0.114857
0.103584
0.103308
0.105810
0.113111
0.105196
0.110520
0.096099
0.109533
0.111601
0.107862
0.084989
0.093588
0.088346
0.091526
0.087483
0.102114
0.096100
0.102203
0.101327
0.097620
0.093013
0.083543
0.084495
0.073017
0.074444
0.076846
0.078290
0.079417
0.079772
0.089117
0.086871
0.084389
0.083797
0.092864
0.097617
0.080214
0.114754
0.093787
0.120879
0.123847
0.128627
0.126457
0.126944
0.127044
0.130108
0.127082
0.126482
0.123929
0.125959
0.125343
0.126901
0.128449
0.127412
0.128310
0.118140
0.124184
0.126532
0.127500
0.123952
0.125852
0.126026
0.125699
0.127374
0.123589
0.140270
0.122765
0.123202
0.115338
0.120059
0.119164
0.118907
0.115577
0.121348
0.122973
0.124107
0.121855
0.119192
0.120453
0.122785
0.111665
0.097999
0.125902
0.127695
0.128047
0.131773
0.125001
0.124652
0.102834
0.104222
0.111052
0.098839
0.096282
0.102014
0.097679
0.102567
0.096771
0.096579
0.096400
0.104722
0.108855
0.106919
0.112797
0.112027
0.120319
0.112275
0.115901
0.113867
0.112193
0.110531
0.112488
0.115207
0.115162
0.117820
0.102582
0.104906
0.109391
0.104373
0.105619
0.105899
0.105739
0.115256
0.104640
0.126663
0.118116
0.111573
0.120815
0.116268
0.116744
0.117567
0.107052
0.105266
0.104292
0.105213
0.106129
0.112094
0.094604
0.098287
0.098822
0.094775
0.110851
0.089843
0.092524
0.120406
0.118606
0.115038
0.111999
0.113448
0.110963
0.108055
0.119109
0.124248
0.124340
0.121524
0.112684
0.120257
0.098289
0.096018
0.098768
0.093643
0.093075
0.093627
0.116489
0.117685
0.117648
0.117568
0.122425
0.119559
0.118553
0.119021
0.117901
0.116076
0.117531
0.115663
0.116391
0.117775
0.098306
0.119329
0.099071
0.099150
0.101159
0.114558
0.119390
0.112729
0.113991
0.115601
0.110787
0.111799
0.113583
0.117845
0.113633
0.113619
0.121277
0.120603
0.117439
0.118747
0.121894
0.119941
0.119715
0.117459
0.112442
0.111778
0.102733
0.084153
0.087474
0.089066
0.080641
0.091555
0.085612
0.084827
0.084606
0.093692
0.093582
0.092473
0.089380
0.094778
0.095979
0.096357
0.118972
0.093870
0.098260
0.097279
0.126750
0.098027
0.123143
0.125543
0.091538
0.094799
0.095545
0.105539
0.122096
0.121716
0.121868
0.120644
0.121152
0.124694
0.121671
0.125027
0.122854
0.117770
0.114117
0.118855
0.119819
0.119689
0.118196
0.113107
0.121474
0.116186
0.114497
0.112292
0.120469
0.116630
0.115430
0.114260
0.113619
0.124408
0.125080
0.120922
0.104060
0.121735
0.121666
0.094467
0.095190
0.093475
0.109551
0.103950
0.099863
0.098965
0.113194
0.119886
0.112441
0.111520
0.113885
0.109051
0.116259
0.124664
0.113923
0.128249
0.118706
0.112683
0.126375
0.107206
0.128286
0.120445
0.111283
0.113365
0.119247
0.119986
0.120820
0.112741
0.112034
0.118427
0.115847
0.115905
0.113915
0.146970
0.112937
0.111532
0.112650
0.123754
0.100745
0.112764
0.121465
0.114168
0.115017
0.116360
0.122336
0.124586
0.119641
0.119846
0.119553
0.125047
0.093997
0.128351
0.132427
0.116448
0.106284
0.104556
0.123830
0.124097
0.124706
0.113437
0.103444
0.110133
0.130482
0.109162
0.109011
0.113015
0.108555
0.107011
0.120805
0.118783
0.114576
0.117934
0.116963
0.100589
0.116993
0.090268
0.087091
0.122141
0.120278
0.123623
0.123412
0.126357
0.116852
0.126468
0.128099
0.115912
0.117053
0.116822
0.108513
0.118643
0.118563
0.119187
0.119471
0.118576
0.117280
0.100508
0.118596
0.106661
0.117392
0.119352
0.122583
0.123672
0.110963
0.122052
0.094085
0.092004
0.096344
0.120814
0.094888
0.093332
0.091313
0.145735
0.093865
0.091953
0.095855
0.151755
0.096852
0.099259
0.091525
0.091326
0.095307
0.093791
0.114638
0.105733
0.102212
0.086765
0.102237
0.090340
0.102151
0.105294
0.102255
0.106619
0.106441
0.104799
0.103282
0.104411
0.104692
0.103563
0.103030
0.106655
0.109356
0.144914
0.142544
0.144519
0.106762
0.113294
0.114943
0.103408
0.098530
0.095574
0.096943
0.098873
0.098107
0.097774
0.096475
0.100235
0.099975
0.099150
0.100504
0.102839
0.098093
0.103641
0.096780
0.096665
0.115876
0.114175
0.113732
0.105211
0.103385
0.094564
0.091702
0.083836
0.090713
0.085893
0.082395
0.084317
0.113118
0.098400
0.084970
0.085600
0.105475
0.086973
0.109103
0.107967
0.100468
0.109782
0.090158
0.087738
0.089302
0.118073
0.121622
0.115743
0.096498
0.127108
0.100469
0.102765
0.099201
0.098567
0.103991
0.133421
0.121231
0.124062
0.124955
0.125990
0.127386
0.130894
0.099873
0.123260
0.117626
0.124912
0.124955
0.129043
0.126127
0.125437
0.123204
0.125529
0.126446
0.126175
0.127005
0.130415
0.134052
0.130534
0.129497
0.133857
0.128101
0.124636
0.125604
0.130505
0.129774
0.131920
0.132958
0.126835
0.124440
0.121838
0.122869
0.122673
0.126529
0.126034
0.128210
0.107861
0.116023
0.115778
0.128586
0.127992
0.112304
0.128652
0.130501
0.130146
0.130605
0.115629
0.106869
0.107742
0.135626
0.114254
0.113592
0.115337
0.123772
0.136615
0.123019
0.127450
0.117065
0.113771
0.123054
0.111411
0.134715
0.189539
0.350207
0.449043
0.320993
0.142861
0.099491
0.091193
0.092885
0.096887
0.105976
0.105630
0.105458
0.094344
0.097708
0.099593
0.097305
0.104302
0.108674
0.111926
0.105351
0.107751
0.108057
0.107020
0.089555
0.084129
0.099757
0.083549
0.100236
0.082358
0.101266
0.098358
0.098965
0.102032
0.111405
0.108920
0.117837
0.105838
0.106361
0.106655
0.108249
0.109792
0.099126
0.098823
0.098687
0.100992
0.102023
0.101077
0.103603
0.100043
0.107775
0.106930
0.098212
0.108935
0.107101
0.103915
0.102212
0.103443
0.106815
0.106665
0.111120
0.107890
0.106455
0.099458
0.101257
0.101091
0.105854
0.109716
0.105827
0.100622
0.104754
0.105757
0.105789
0.094161
0.094525
0.096255
0.094109
0.095135
0.100450
0.098211
0.102335
0.101399
0.099598
0.099058
0.101937
0.098841
0.098529
0.099934
0.102398
0.112256
0.114392
0.104827
0.108258
0.103059
0.104462
0.104057
0.103183
0.101836
0.102390
0.106328
0.102853
0.106458
0.105241
0.100296
0.100702
0.100463
0.102613
0.099480
0.100678
0.102098
0.100344
0.102084
0.094966
0.100726
0.102170
0.101658
0.100853
0.102940
0.102278
0.101217
0.098841
0.079545
0.093966
0.090024
0.080771
0.093858
0.099871
0.102716
0.100208
0.107200
0.107776
0.113635
0.110075
0.109596
0.100392
0.098593
0.108476
0.105126
0.102827
0.092931
0.085181
0.079928
0.091848
0.093636
0.096475
0.096388
0.084136
0.097003
0.085589
0.081033
0.087688
0.084448
0.094198
0.093560
0.098071
0.097017
0.093588
0.094266
0.093727
0.095644
0.094980
0.102368
0.091493
0.095146
0.094415
0.084078
0.080405
0.081229
0.087887
0.098244
0.098669
0.102431
0.101555
0.101425
0.100223
0.099968
0.096530
0.102064
0.104735
0.104165
0.098234
0.102594
0.095056
0.098752
0.096884
0.102678
0.097062
0.095954
0.102510
0.097194
0.098183
0.097182
0.093836
0.079996
0.095308
0.081488
0.084001
0.083284
0.087145
0.089452
0.086484
0.078647
0.096634
0.098215
0.103843
0.089946
0.088794
0.091155
0.093484
0.096219
0.079325
0.082110
0.080733
0.080171
0.096758
0.098014
0.096729
0.093428
0.089048
0.095931
0.095479
0.092717
0.094635
0.094456
0.088770
0.086447
0.084414
0.085728
0.093244
0.096199
0.088190
0.121318
0.094798
0.094367
0.093269
0.123500
0.124881
0.118366
0.120487
0.090893
0.090285
0.087727
0.093483
0.098561
0.122940
0.093767
0.104667
0.121918
0.119699
0.121253
0.101844
0.091783
0.093907
0.091644
0.119071
0.119136
0.117013
0.093044
0.109642
0.113140
0.118058
0.107197
0.099255
0.116006
0.120413
0.116135
0.110805
0.131355
0.124606
0.123892
0.092374
0.105764
0.095918
0.104787
0.090401
0.105632
0.112679
0.115672
0.097573
0.099334
0.104667
0.087362
0.090711
0.090253
0.088985
0.091923
0.094802
0.092830
0.094334
0.095254
0.091600
0.093679
0.097845
0.093914
0.091004
0.095582
0.095950
0.102511
0.116197
0.104357
0.101475
0.112927
0.111377
0.102076
0.095965
0.110583
0.116281
0.126583
0.131692
0.122806
0.126218
0.126473
0.126408
0.125950
0.125077
0.124244
0.124143
0.117138
0.125069
0.125955
0.124736
0.125463
0.117423
0.118274
0.137531
0.131019
0.133817
0.127356
0.115108
0.110531
0.110983
0.095117
0.091036
0.100961
0.094345
0.093049
0.093434
0.096727
0.097567
0.099771
0.124408
0.128193
0.125680
0.099687
0.098881
0.101672
0.096749
0.108137
0.106986
0.136122
0.124855
0.110946
0.101928
0.121592
0.118564
0.136760
0.112668
0.116038
0.115086
0.112670
0.112810
0.112822
0.113520
0.112858
0.114604
0.093552
0.110510
0.111765
0.112009
0.110532
0.112876
0.099011
0.097887
0.094472
0.097901
0.095782
0.110454
0.094136
0.092993
0.104171
0.092040
0.092954
0.092161
0.119948
0.118526
0.118098
0.117686
0.117149
0.132671
0.096154
0.095348
0.096997
0.096525
0.094719
0.094483
0.093202
0.094516
0.095331
0.102560
0.115773
0.118298
0.106881
0.106481
0.104465
0.118982
0.118690
0.125757
0.104859
0.126592
0.128267
0.127186
0.128433
0.125229
0.125184
0.121666
0.126694
0.126983
0.132583
0.124849
0.110347
0.128561
0.130739
0.124521
0.127513
0.105438
0.123987
0.124475
0.132594
0.131206
0.128325
0.127886
0.128779
0.130998
0.132052
0.133081
0.131570
0.130608
0.131701
0.096454
0.131677
0.130456
0.129995
0.131186
0.130090
0.128132
0.128197
0.130105
0.128325
0.127144
0.128269
0.127396
0.093407
0.093779
0.094305
0.126807
0.126584
0.129698
0.127977
0.127766
0.127673
0.126666
0.121615
0.119066
0.118950
0.092788
0.094347
0.094324
0.097459
0.097047
0.096851
0.092885
0.094359
0.094360
0.096868
0.093348
0.093330
0.094700
0.093227
0.092981
0.093225
0.094039
0.094468
0.095459
0.121926
0.107480
0.121102
0.117000
0.116215
0.120720
0.119980
0.119528
0.120905
0.123469
0.124869
0.124517
0.122735
0.122920
0.111121
0.110354
0.112315
0.112704
0.116670
0.124808
0.126704
0.126730
0.124599
0.123869
0.125514
0.127139
0.127567
0.128171
0.127337
0.127314
0.125933
0.124797
0.125761
0.126466
0.125804
0.124315
0.127496
0.126496
0.126792
0.123748
0.122739
0.131987
0.131155
0.128868
0.126261
0.129010
0.127449
0.126461
0.124995
0.127087
0.127374
0.128089
0.127576
0.124207
0.127316
0.129242
0.127779
0.124957
0.124896
0.127872
0.123205
0.124650
0.131142
0.122765
0.126767
0.126563
0.117855
0.116899
0.113342
0.102707
0.102907
0.097420
0.096247
0.127411
0.127008
0.126448
0.095051
0.126926
0.124793
0.102830
0.123991
0.104608
0.121936
0.121734
0.121988
0.122045
0.121223
0.119992
0.120250
0.087815
0.086132
0.086601
0.089613
0.089641
0.088670
0.087771
0.093568
0.121962
0.104487
0.087542
0.084956
0.091841
0.091553
0.102953
0.103594
0.121410
0.122125
0.118288
0.128772
0.117176
0.124056
0.125301
0.124397
0.128015
0.127431
0.105145
0.109389
0.104702
0.109384
0.104550
0.125095
0.127357
0.126585
0.091645
0.096174
0.090644
0.091744
0.092623
0.095673
0.106444
0.106876
0.128643
0.129135
0.128074
0.107004
0.104718
0.107479
0.125302
0.126510
0.129682
0.130060
0.129508
0.130869
0.126927
0.125353
0.126272
0.127304
0.128806
0.130431
0.133835
0.130190
0.133228
0.139169
0.129479
0.128063
0.134019
0.134130
0.133325
0.126612
0.130928
0.134622
0.131709
0.126838
0.126940
0.128217
0.120543
0.120967
0.120299
0.119316
0.120968
0.116509
0.121002
0.118120
0.117191
0.106268
0.110975
0.110496
0.112193
0.111849
0.112342
0.111834
0.112003
0.106727
0.113236
0.112158
0.108759
0.110118
0.111934
0.129935
0.119086
0.115606
0.132443
0.146782
0.152660
0.152890
0.153879
0.154174
0.154210
0.154188
0.153104
0.154882
0.129385
0.153061
0.147495
0.115236
0.116005
0.129468
0.122750
0.141581
0.127136
0.092433
0.103810
0.104406
0.110168
0.108554
0.111221
0.125535
0.127889
0.106806
0.129357
0.141192
0.144402
0.121710
0.117969
0.116716
0.111038
0.108815
0.125485
0.123795
0.123269
0.120981
0.122507
0.123734
0.125022
0.124884
0.142286
0.135309
0.116503
0.117654
0.118036
0.135036
0.128157
0.137573
0.117211
0.122168
0.138471
0.118949
0.125571
0.120277
0.119807
0.121304
0.119753
0.113591
0.121381
0.113118
0.115763
0.118941
0.120163
0.119705
0.136381
0.136967
0.139657
0.135679
0.160714
0.140111
0.122394
0.135729
0.119953
0.122776
0.126026
0.121517
0.127985
0.144778
0.144125
0.138701
0.164150
0.160698
0.148595
0.159925
0.142274
0.142739
0.162930
0.171651
0.169976
0.158947
0.160199
0.130066
0.140736
0.128572
0.128605
0.129788
0.133872
0.131105
0.144550
0.138964
0.123164
0.130190
0.122693
0.126276
0.132257
0.135776
0.135596
0.138193
0.133617
0.126344
0.129049
0.148169
0.128014
0.138777
0.137166
0.134966
0.136254
0.147484
0.149670
0.173893
0.174172
0.185599
0.268992
0.449045
0.327871
0.206408
0.142365
0.091837
0.066515
0.067137
0.068429
0.068098
0.064264
0.063561
0.066901
0.071253
0.072734
0.066243
0.070151
0.070342
0.068251
0.068439
0.067404
0.068392
0.072722
0.072205
0.068924
0.069032
0.068653
0.073741
0.068123
0.065159
0.067634
0.068043
0.076952
0.079986
0.077499
0.079154
0.074718
0.076733
0.077401
0.076153
0.076037
0.076615
0.065997
0.061363
0.062572
0.062948
0.063917
0.055304
0.063707
0.062414
0.069266
0.068106
0.069032
0.069270
0.070288
0.069483
0.075670
0.076376
0.074407
0.072869
0.074736
0.075943
0.075812
0.077643
0.076224
0.076093
0.081129
0.079298
0.077757
0.071804
0.071605
0.079375
0.078116
0.078178
0.076753
0.080256
0.068745
0.066113
0.066701
0.065737
0.064514
0.066191
0.067815
0.062910
0.069087
0.074774
0.075021
0.075061
0.074031
0.074549
0.076855
0.076871
0.075021
0.072091
0.070244
0.070253
0.071105
0.070089
0.075036
0.074535
0.074699
0.073960
0.077337
0.077829
0.077052
0.075077
0.058038
0.060172
0.061087
0.062081
0.060758
0.063389
0.061488
0.063623
0.063060
0.063641
0.063662
0.057637
0.067912
0.065720
0.075852
0.066572
0.065601
0.073986
0.063762
0.063710
0.066362
0.066916
0.068311
0.067213
0.060775
0.061803
0.062629
0.066422
0.066393
0.077032
0.076092
0.074161
0.072679
0.065377
0.068557
0.067611
0.068444
0.062006
0.064457
0.063896
0.065115
0.064798
0.059976
0.060948
0.062527
0.058075
0.059473
0.061649
0.062611
0.059660
0.058898
0.058309
0.065573
0.063648
0.065571
0.065570
0.060937
0.069383
0.058368
0.070766
0.069913
0.068073
0.079450
0.080210
0.079624
0.066625
0.082165
0.081218
0.077943
0.094756
0.144324
0.197382
0.284505
0.448582
0.342306
0.303631
0.257467
0.196714
0.137344
0.134716
0.129070
0.135706
0.104252
0.101580
0.109344
0.103942
0.137149
0.138138
0.136369
0.136765
0.136683
0.135550
0.135514
0.135148
0.148914
0.140412
0.139399
0.143440
0.148358
0.142298
0.144646
0.142849
0.142322
0.140581
0.137283
0.143050
0.139943
0.139762
0.138728
0.139700
0.139755
0.138923
0.136550
0.135187
0.140945
0.139865
0.145668
0.145592
0.126594
0.126635
0.128020
0.129122
0.136163
0.133904
0.126349
0.130457
0.143367
0.150154
0.150410
0.124717
0.121547
0.137732
0.149781
0.149464
0.149801
0.146803
0.148693
0.146327
0.146734
0.144978
0.135417
0.136134
0.143877
0.137255
0.138666
0.142781
0.145981
0.143878
0.134438
0.143854
0.135021
0.140673
0.142462
0.140316
0.124174
0.129182
0.133509
0.130357
0.126917
0.128958
0.130998
0.132704
0.144551
0.108523
0.109149
0.109060
0.144657
0.145648
0.144453
0.145576
0.146486
0.145919
0.144613
0.144289
0.143588
0.138947
0.145772
0.144278
0.144892
0.143756
0.137808
0.129762
0.118840
0.122745
0.121491
0.115490
0.130127
0.132293
0.125154
0.121930
0.107508
0.126296
0.112058
0.125530
0.124651
0.147640
0.124136
0.148681
0.148804
0.107799
0.107370
0.106869
0.146081
0.147100
0.144271
0.139967
0.140832
0.130929
0.141643
0.132270
0.134409
0.136810
0.138899
0.141318
0.128453
0.146111
0.139722
0.133682
0.138906
0.139201
0.141027
0.140486
0.141020
0.147585
0.146019
0.139888
0.138513
0.140273
0.138440
0.132299
0.139661
0.131206
0.131120
0.130393
0.127667
0.137537
0.136276
0.133720
0.135990
0.133126
0.133145
0.134973
0.132923
0.132738
0.132862
0.127725
0.129988
0.129912
0.130691
0.131867
0.110476
0.134529
0.131834
0.091606
0.091266
0.132743
0.133538
0.135430
0.094206
0.134494
0.135316
0.106916
0.115263
0.107463
0.110304
0.122985
0.135484
0.140815
0.137220
0.140932
0.139619
0.142629
0.144704
0.144004
0.110403
0.098521
0.140524
0.136240
0.093782
0.095457
0.097279
0.100904
0.102496
0.114240
0.136766
0.104209
0.109039
0.115801
0.115806
0.116297
0.111535
0.096810
0.096100
0.090464
0.134101
0.137109
0.140558
0.139095
0.139255
0.139218
0.137630
0.137203
0.138789
0.137943
0.136037
0.140297
0.146984
0.142355
0.135733
0.127142
0.128294
0.131539
0.129133
0.104877
0.092441
0.099485
0.140063
0.138452
0.135298
0.128114
0.133565
0.135489
0.131357
0.137348
0.128178
0.127646
0.129003
0.134743
0.136372
0.129721
0.128974
0.127959
0.126735
0.130483
0.130936
0.130079
0.124614
0.127903
0.127945
0.130537
0.135047
0.135016
0.137904
0.132467
0.129593
0.129484
0.140215
0.132108
0.214356
0.279863
0.287691
0.272343
0.449039
0.297393
0.164163
0.082727
0.031844
0.014727
0.012636
0.011835
0.011269
0.010298
0.007911
0.005254
0.002987
0.000000
0.008953
0.016555
0.023133
0.026689
0.031051
0.030783
0.032067
0.032756
0.034082
0.033791
0.033483
0.032733
0.032303
0.032227
0.031964
0.032017
0.030878
0.030763
0.030722
0.030977
0.031708
0.031932
0.032894
0.032438
0.033255
0.033514
0.036070
0.035993
0.036894
0.036837
0.037302
0.037358
0.036739
0.034998
0.032097
0.031542
0.029903
0.031052
0.032534
0.033231
0.033471
0.034243
0.034078
0.032978
0.032109
0.031914
0.031943
0.031748
0.032483
0.033450
0.033338
0.033603
0.031914
0.030478
0.030989
0.030870
0.029992
0.029491
0.028767
0.028278
0.028357
0.031206
0.032067
0.032468
0.032784
0.032401
0.030455
0.031153
0.031745
0.031040
0.031523
0.031357
0.031729
0.031160
0.031795
0.031374
0.032072
0.031760
0.032216
0.033129
0.033594
0.033895
0.034427
0.034132
0.034294
0.033918
0.034082
0.033864
0.031264
0.032161
0.033673
0.031941
0.032554
0.033650
0.034624
0.030081
0.030209
0.028588
0.026276
0.027405
0.026115
0.025864
0.026146
0.024848
0.023511
0.024445
0.024124
0.023683
0.027391
0.028704
0.029106
0.029475
0.030228
0.030100
0.031566
0.031830
0.029575
0.029347
0.027679
0.028924
0.031744
0.032916
0.032945
0.033414
0.033749
0.032468
0.032047
0.032087
0.032261
0.031592
0.029273
0.029205
0.027661
0.025750
0.024186
0.023531
0.021831
0.020840
0.020347
0.019874
0.019693
0.019576
0.019287
0.019349
0.020305
0.021394
0.022991
0.023961
0.023622
0.024640
0.024501
0.025021
0.025318
0.020331
0.022146
0.021170
0.021524
0.023068
0.023297
0.023910
0.025953
0.028089
0.028552
0.027685
0.024914
0.025202
0.023935
0.023516
0.021486
0.021947
0.022640
0.022902
0.024362
0.023679
0.023716
0.023892
0.024401
0.025038
0.024295
0.024623
0.025167
0.025410
0.025541
0.025556
0.025817
0.025991
0.025831
0.025285
0.025426
0.025408
0.024863
0.025008
0.024889
0.024759
0.025635
0.025376
0.024884
0.024560
0.024061
0.023763
0.023587
0.024147
0.024063
0.024191
0.024498
0.024700
0.024612
0.024511
0.024433
0.024903
0.025183
0.025185
0.024822
0.025275
0.025255
0.024915
0.024840
0.024416
0.024277
0.023947
0.024199
0.024288
0.023976
0.024259
0.024457
0.025197
0.026661
0.030139
0.029999
0.029721
0.028493
0.027289
0.027982
0.028031
0.026295
0.027090
0.026963
0.026650
0.027949
0.045251
0.092767
0.184010
0.314531
0.449044
0.366460
0.222287
0.154326
0.110598
0.067085
0.068442
0.068738
0.068262
0.068709
0.068467
0.069451
0.069591
0.070499
0.070277
0.069872
0.071568
0.081369
0.080956
0.087763
0.085939
0.088548
0.087631
0.087752
0.087706
0.085639
0.087704
0.082443
0.083242
0.083975
0.079625
0.077482
0.082538
0.080210
0.075405
0.076709
0.076719
0.076190
0.078252
0.079527
0.081579
0.079933
0.081390
0.079577
0.082906
0.082469
0.083487
0.079071
0.078733
0.083030
0.079993
0.081265
0.081634
0.083216
0.083694
0.084380
0.085693
0.086568
0.080374
0.082382
0.083410
0.083560
0.084440
0.084963
0.084024
0.081705
0.084559
0.070445
0.078965
0.080159
0.081401
0.082453
0.084253
0.083285
0.091580
0.084654
0.080946
0.081881
0.082895
0.077035
0.079501
0.080383
0.073366
0.080032
0.080367
0.080398
0.081257
0.080414
0.080820
0.080995
0.081859
0.083022
0.082222
0.083305
0.083304
0.081838
0.081888
0.080444
0.079097
0.077723
0.078533
0.068113
0.061273
0.059999
0.062440
0.056924
0.062436
0.053249
0.057085
0.052208
0.053220
0.054246
0.052778
0.054539
0.050260
0.051304
0.055057
0.050082
0.049695
0.049860
0.052337
0.055438
0.054946
0.054942
0.055490
0.054693
0.054692
0.055235
0.054597
0.057453
0.056304
0.056806
0.057552
0.058041
0.058816
0.070263
0.059791
0.070552
0.069798
0.069449
0.069777
0.072599
0.068869
0.068062
0.067366
0.057007
0.056438
0.056683
0.056197
0.055705
0.056000
0.053383
0.056879
0.058487
0.068467
0.065424
0.049602
0.056471
0.051954
0.053038
0.054782
0.067853
0.063901
0.065499
0.066768
0.067296
0.066584
0.067079
0.067159
0.066529
0.066859
0.067377
0.067542
0.067332
0.066691
0.068313
0.068565
0.076484
0.069814
0.116974
0.190468
0.374473
0.449040
0.332890
0.185511
0.139773
0.084046
0.067510
0.063670
0.059579
0.061474
0.058288
0.065607
0.071589
0.071638
0.065813
0.070680
0.068180
0.070902
0.070510
0.065312
0.066930
0.072100
0.067990
0.069903
0.071111
0.070574
0.067845
0.084545
0.073406
0.086068
0.072054
0.072659
0.085517
0.085224
0.084343
0.083948
0.083571
0.085036
0.078828
0.078967
0.076982
0.079619
0.081890
0.081581
0.084478
0.083488
0.084597
0.081712
0.074104
0.086670
0.085442
0.085517
0.083768
0.084860
0.084306
0.075566
0.073419
0.072787
0.073012
0.073812
0.081110
0.067583
0.082956
0.081444
0.084195
0.081193
0.071795
0.086931
0.072531
0.071667
0.071153
0.087501
0.070933
0.071902
0.069440
0.054074
0.058512
0.058499
0.058516
0.058866
0.061122
0.065446
0.060321
0.059903
0.065959
0.069362
0.065953
0.071035
0.074705
0.072823
0.076120
0.075002
0.073220
0.083364
0.081368
0.082722
0.082600
0.084591
0.084613
0.086112
0.084230
0.085692
0.083554
0.083122
0.084036
0.080286
0.080858
0.081969
0.083516
0.081856
0.083035
0.082440
0.079013
0.082529
0.081910
0.082533
0.079778
0.080541
0.081076
0.079811
0.078790
0.079430
0.078251
0.080474
0.080089
0.080894
0.081046
0.080949
0.082583
0.083116
0.082683
0.081671
0.081193
0.080788
0.080199
0.079801
0.078763
0.078602
0.078348
0.076589
0.076182
0.077847
0.077039
0.078930
0.078140
0.076401
0.077985
0.078488
0.078448
0.080777
0.080765
0.080534
0.080258
0.080270
0.078081
0.079420
0.079165
0.078908
0.074578
0.078565
0.079186
0.079508
0.073525
0.072330
0.075714
0.072700
0.068341
0.072734
0.072794
0.071783
0.069924
0.066289
0.065277
0.071890
0.072602
0.076927
0.073625
0.070102
0.071884
0.062707
0.060304
0.060730
0.059333
0.064840
0.061289
0.068651
0.069351
0.069904
0.076270
0.068543
0.074336
0.060291
0.060724
0.074402
0.070484
0.071535
0.072716
0.072247
0.070345
0.070027
0.069397
0.068341
0.068124
0.072866
0.076340
0.069089
0.062178
0.057369
0.056403
0.059586
0.059429
0.066454
0.069856
0.061785
0.059991
0.062968
0.068917
0.060690
0.063264
0.067586
0.066118
0.065106
0.064834
0.064710
0.068623
0.065604
0.067699
0.060584
0.060157
0.066110
0.062972
0.076921
0.076946
0.077077
0.073030
0.062572
0.073080
0.061036
0.061066
0.062203
0.060655
0.060483
0.075111
0.073796
0.069740
0.071436
0.071670
0.071669
0.072888
0.068184
0.073929
0.074180
0.073836
0.074823
0.073575
0.074771
0.071615
0.068096
0.070866
0.071126
0.070640
0.069982
0.070733
0.072002
0.073826
0.073655
0.066524
0.065078
0.065912
0.066252
0.064592
0.064460
0.064515
0.066246
0.067160
0.067285
0.062720
0.066144
0.076463
0.071010
0.072983
0.079874
0.080079
0.075961
0.075586
0.079022
0.083100
0.082908
0.082723
0.083737
0.081124
0.074230
0.077959
0.073039
0.070635
0.069907
0.069342
0.069271
0.069346
0.069335
0.069473
0.069376
0.068515
0.069787
0.066369
0.068058
0.068550
0.068727
0.069009
0.069004
0.069004
0.068850
0.068544
0.068571
0.068571
0.068571
0.068960
0.069015
0.069015
0.068926
0.068897
0.068627
0.068612
0.066521
0.068767
0.068847
0.068850
0.069005
0.069014
0.068821
0.068898
0.068890
0.068864
0.068872
0.068872
0.068900
0.069073
0.069015
0.069015
0.069128
0.069044
0.069068
0.069106
0.069137
0.069131
0.069144
0.069226
0.069326
0.040304
0.038269
0.038428
0.039039
0.039389
0.040880
0.039644
0.039522
0.040245
0.038731
0.040044
0.040384
0.040486
0.039567
0.040309
0.039856
0.040282
0.040145
0.039744
0.041837
0.041415
0.041193
0.042487
0.044736
0.044856
0.049278
0.048503
0.053833
0.054830
0.054268
0.052391
0.051777
0.051289
0.051787
0.051115
0.049824
0.050123
0.050438
0.050084
0.053753
0.053341
0.053169
0.050842
0.056004
0.051754
0.054062
0.052739
0.054356
0.049936
0.055985
0.054219
0.054333
0.054170
0.054153
0.053275
0.053085
0.053331
0.053772
0.054369
0.054392
0.054997
0.054723
0.055317
0.054906
0.053497
0.055726
0.055266
0.054596
0.055136
0.056051
0.055757
0.056158
0.055286
0.055392
0.055717
0.054960
0.055055
0.055801
0.055350
0.055459
0.054769
0.054979
0.054251
0.055623
0.055082
0.055623
0.055189
0.054268
0.053689
0.053297
0.054024
0.053325
0.053489
0.051552
0.051244
0.055908
0.055681
0.056086
0.055199
0.054101
0.053195
0.052934
0.052509
0.053962
0.052308
0.052874
0.053453
0.050240
0.048055
0.046993
0.046788
0.046208
0.042075
0.041572
0.042763
0.041550
0.041170
0.040651
0.040002
0.039883
0.039810
0.040018
0.040513
0.039492
0.039535
0.038831
0.039380
0.039752
0.039362
0.039372
0.039033
0.037839
0.037691
0.038516
0.039167
0.039379
0.039588
0.039237
0.038721
0.038692
0.039360
0.039135
0.039443
0.039343
0.040242
0.040012
0.038887
0.038581
0.038722
0.039670
0.038477
0.038216
0.038719
0.038578
0.038739
0.038484
0.038665
0.037641
0.038249
0.038117
0.039089
0.037928
0.039487
0.039420
0.039864
0.040025
0.039694
0.040566
0.041183
0.040135
0.041108
0.041401
0.039354
0.038048
0.038627
0.038268
0.038640
0.038269
0.038553
0.038958
0.038722
0.040060
0.040622
0.042211
0.042488
0.042610
0.043668
0.043190
0.041226
0.041454
0.041379
0.040834
0.041762
0.039327
0.039416
0.040020
0.038753
0.038781
0.038742
0.038827
0.039439
0.039360
0.039293
0.039562
0.040215
0.039490
0.039618
0.040373
0.041520
0.041120
0.042731
0.038713
0.038498
0.039359
0.038955
0.038200
0.038749
0.039279
0.039006
0.038652
0.038409
0.038036
0.038010
0.038030
0.038667
0.039503
0.038222
0.038468
0.037313
0.037253
0.038213
0.037938
0.038515
0.038432
0.038279
0.037916
0.038119
0.038564
0.038947
0.039012
0.040037
0.040269
0.040004
0.038638
0.038182
0.038705
0.039000
0.039293
0.039996
0.040711
0.040450
0.041080
0.041003
0.041341
0.040382
0.039548
0.040199
0.041715
0.041535
0.039612
0.042111
0.041917
0.040761
0.040175
0.038183
0.039270
0.039892
0.039385
0.039751
0.038515
0.039274
0.038490
0.039201
0.039185
0.037770
0.037783
0.038043
0.038542
0.038711
0.038817
0.039114
0.039234
0.041131
0.041301
0.040631
0.040999
0.040660
0.040747
0.040735
0.038923
0.040688
0.041504
0.039723
0.039782
0.040527
0.039222
0.041348
0.039259
0.039137
0.041044
0.039153
0.039724
0.039122
0.036350
0.038582
0.039354
0.037363
0.036607
0.035721
0.037481
0.037974
0.052060
0.102179
0.199613
0.345893
0.449030
0.360908
0.256276
0.156563
0.102190
0.073151
0.081637
0.071387
0.079213
0.077650
0.079658
0.075105
0.070805
0.072101
0.073688
0.071798
0.072930
0.080899
0.081796
0.080978
0.081508
0.082149
0.081907
0.080594
0.080000
0.080468
0.080925
0.080161
0.072373
0.081083
0.080593
0.079954
0.083316
0.080752
0.080201
0.081001
0.083993
0.084791
0.096817
0.099684
0.098062
0.092821
0.088695
0.089089
0.088054
0.086645
0.086829
0.087191
0.091970
0.091399
0.092587
0.086520
0.084453
0.088841
0.084603
0.084335
0.085934
0.087876
0.088306
0.088420
0.091105
0.089278
0.088547
0.091016
0.092629
0.089773
0.091694
0.094523
0.093648
0.092496
0.092521
0.097758
0.091517
0.080395
0.087126
0.092077
0.092009
0.095414
0.095286
0.098401
0.093525
0.095927
0.091123
0.097010
0.096465
0.092280
0.091941
0.089345
0.091896
0.091854
0.092200
0.092223
0.092177
0.083779
0.086687
0.099356
0.101409
0.101982
0.102472
0.100831
0.086722
0.087558
0.087389
0.100309
0.086581
0.102403
0.102092
0.102389
0.101419
0.100970
0.098056
0.104523
0.104893
0.107384
0.109255
0.099849
0.101699
0.109923
0.108691
0.099225
0.097701
0.109767
0.108303
0.092488
0.094346
0.090761
0.094879
0.084608
0.082514
0.079899
0.079162
0.083042
0.082866
0.055248
0.054680
0.054429
0.054142
0.056314
0.056497
0.055776
0.055890
0.065175
0.062181
0.058325
0.056635
0.058548
0.060921
0.061574
0.062221
0.061747
0.061930
0.062046
0.069299
0.070062
0.070839
0.072243
0.073084
0.073262
0.073338
0.074183
0.074282
0.074406
0.061763
0.063527
0.062808
0.062577
0.061809
0.062232
0.062470
0.076572
0.084652
0.075308
0.060589
0.060435
0.073155
0.084867
0.083969
0.074045
0.073331
0.073632
0.060626
0.060277
0.059645
0.059364
0.072357
0.071742
0.070565
0.070882
0.072923
0.072209
0.073581
0.073922
0.082802
0.083359
0.080566
0.073375
0.078112
0.082033
0.083177
0.084582
0.082841
0.082637
0.081600
0.082114
0.082004
0.069741
0.078099
0.079033
0.071148
0.073508
0.074970
0.076486
0.079765
0.079582
0.081288
0.077941
0.072141
0.075273
0.082084
0.082559
0.082236
0.082825
0.082007
0.082438
0.071844
0.083189
0.083591
0.081855
0.072830
0.072753
0.082508
0.082088
0.083078
0.082105
0.082965
0.083290
0.082865
0.079756
0.080745
0.079915
0.081518
0.078497
0.080089
0.077138
0.080119
0.081069
0.077748
0.076582
0.080239
0.076903
0.075749
0.074105
0.075244
0.072955
0.079350
0.079753
0.069426
0.077707
0.071199
0.066931
0.080650
0.081100
0.081443
0.082693
0.082728
0.082834
0.069118
0.080366
0.069293
0.070367
0.071870
0.070384
0.070712
0.080465
0.078142
0.080700
0.076486
0.072280
0.077840
0.078924
0.077363
0.081716
0.082649
0.082484
0.084248
0.085678
0.085167
0.084458
0.084288
0.083808
0.083898
0.083764
0.083621
0.083669
0.082378
0.082914
0.083288
0.084209
0.083635
0.083567
0.083010
0.083718
0.081590
0.077004
0.076502
0.079004
0.078404
0.080064
0.080121
0.072693
0.073252
0.073561
0.071765
0.079042
0.081423
0.074228
0.073779
0.073484
0.075017
0.075608
0.074522
0.074992
0.074360
0.076474
0.075035
0.072071
0.072709
0.066968
0.072254
0.071668
0.072283
0.078019
0.075006
0.076720
0.075918
0.073736
0.073619
0.073569
0.077695
0.077433
0.078328
0.078634
0.077021
0.079836
0.079389
0.078979
0.078228
0.079887
0.078767
0.079778
0.078754
0.078747
0.078194
0.078909
0.078665
0.079436
0.080362
0.080246
0.079941
0.080231
0.078915
0.080525
0.078800
0.080908
0.080891
0.081778
0.082437
0.084581
0.082130
0.075063
0.076827
0.080194
0.072572
0.070992
0.078767
0.077639
0.074456
0.102768
0.151032
0.253665
0.400879
0.449043
0.244600
0.111775
0.077700
0.094443
0.093068
0.081483
0.088462
0.081746
0.078615
0.079345
0.075603
0.074289
0.081881
0.083072
0.096573
0.099186
0.093832
0.097941
0.100153
0.096676
0.098020
0.102293
0.096183
0.093325
0.096939
0.094123
0.085044
0.090389
0.088351
0.099459
0.091893
0.093585
0.093562
0.087308
0.095606
0.097634
0.097055
0.097682
0.096760
0.096555
0.095743
0.097151
0.096333
0.077326
0.077362
0.075922
0.076196
0.079115
0.083869
0.080685
0.079391
0.077266
0.073591
0.071544
0.070620
0.076861
0.086149
0.082852
0.090481
0.087445
0.079130
0.078424
0.078197
0.079478
0.083382
0.078646
0.088049
0.081578
0.089540
0.086684
0.083937
0.075954
0.084120
0.081845
0.072135
0.077737
0.078101
0.072083
0.071101
0.073848
0.070857
0.076989
0.077094
0.077054
0.077045
0.080688
0.081507
0.079312
0.080410
0.077298
0.087814
0.086682
0.093237
0.092355
0.087200
0.088398
0.078299
0.071044
0.093922
0.071233
0.069266
0.092188
0.091428
0.091987
0.089977
0.087876
0.087451
0.090804
0.083874
0.085403
0.084645
0.088447
0.095975
0.086111
0.101060
0.087227
0.126033
0.133661
0.128237
0.109004
0.106260
0.127108
0.117576
0.105137
0.113588
0.110140
0.104665
0.098949
0.094997
0.110437
0.110815
0.103786
0.107796
0.102648
0.100660
0.102666
0.097424
0.089574
0.085982
0.091595
0.099420
0.097082
0.095251
0.090234
0.087513
0.103807
0.111399
0.115109
0.117217
0.113050
0.118044
0.123505
0.117261
0.109209
0.114966
0.106496
0.098269
0.098876
0.093319
0.108357
0.105813
0.104321
0.097816
0.101931
0.100998
0.099109
0.102547
0.111293
0.109428
0.114376
0.103623
0.100280
0.099025
0.093000
0.096938
0.090195
0.085780
0.086845
0.084744
0.082195
0.086658
0.090882
0.071118
0.081388
0.083657
0.074583
0.077572
0.077850
0.077353
0.061744
0.063451
0.067046
0.078005
0.078953
0.072248
0.073118
0.069653
0.070686
0.069476
0.067478
0.074522
0.065915
0.076337
0.079064
0.078862
0.081235
0.078177
0.072525
0.083879
0.085333
0.076379
0.079521
0.078828
0.085038
0.086284
0.087441
0.085802
0.093956
0.075256
0.073752
0.072875
0.073495
0.072997
0.081682
0.084676
0.075318
0.075484
0.079199
0.081731
0.082367
0.083632
0.077303
0.076634
0.074286
0.074910
0.074859
0.074924
0.074856
0.074758
0.074814
0.074808
0.074471
0.074502
0.074515
0.074644
0.075350
0.075319
0.075328
0.074578
0.076611
0.075245
0.075529
0.075251
0.075678
0.075499
0.075564
0.075656
0.075687
0.075996
0.075607
0.075937
0.075690
0.076116
0.075259
0.075992
0.075777
0.075906
0.076118
0.076081
0.075426
0.075600
0.075613
0.075435
0.076000
0.075866
0.075994
0.076274
0.075941
0.076138
0.075868
0.076013
0.075709
0.075777
0.076020
0.075973
0.075578
0.076133
0.075471
0.075567
0.075371
0.075814
0.075780
0.075501
0.075404
0.075369
0.075358
0.075349
0.075882
0.075059
0.075636
0.075479
0.075795
0.076094
0.075828
0.074683
0.075798
0.076036
0.076050
0.075818
0.076191
0.076077
0.075707
0.075865
0.074682
0.075571
0.075092
0.074665
0.075043
0.075793
0.075874
0.075373
0.076237
0.075048
0.074676
0.076222
0.075755
0.075198
0.075317
0.075958
0.075897
0.076362
0.078377
0.066839
0.069599
0.068244
0.071094
0.071633
0.064405
0.063675
0.066638
0.066686
0.066845
0.066751
0.071003
0.070432
0.058119
0.069858
0.069546
0.069780
0.066683
0.068106
0.067025
0.066207
0.066428
0.065721
0.067318
0.069454
0.064774
0.063398
0.064047
0.065068
0.066631
0.066717
0.077692
0.079342
0.075239
0.073177
0.073254
0.071960
0.077777
0.073235
0.063908
0.065908
0.066840
0.064946
0.065230
0.065925
0.064655
0.065355
0.065344
0.071429
0.072272
0.078715
0.079686
0.089037
0.089333
0.088644
0.088399
0.089185
0.089408
0.088804
0.087201
0.085087
0.086236
0.084798
0.084532
0.084668
0.082977
0.082333
0.082688
0.083797
0.083120
0.083652
0.082384
0.083227
0.082114
0.081313
0.084599
0.084151
0.084056
0.085091
0.084579
0.084857
0.086107
0.084528
0.084433
0.084267
0.085335
0.084741
0.084867
0.084831
0.085001
0.084995
0.083906
0.082967
0.086419
0.086271
0.081554
0.082002
0.079811
0.078257
0.079059
0.080969
0.079905
0.080730
0.080334
0.081516
0.081621
0.082125
0.079787
0.079740
0.082404
0.083837
0.083743
0.079899
0.080017
0.080341
0.080491
0.081222
0.084352
0.086761
0.083721
0.084253
0.083779
0.084185
0.087127
0.087716
0.088013
0.086792
0.082887
0.083241
0.082953
0.083501
0.084715
0.083847
0.083559
0.085548
0.083652
0.086780
0.083960
0.088376
0.079640
0.076801
0.078376
0.076970
0.078735
0.077880
0.066604
0.067533
0.068167
0.069735
0.069584
0.067835
0.066702
0.069932
0.068747
0.069287
0.069095
0.069743
0.067774
0.068094
0.067113
0.067156
0.066965
0.066755
0.065313
0.064901
0.065429
0.066382
0.067812
0.064521
0.065347
0.066047
0.067147
0.066797
0.066531
0.066948
0.066849
0.066908
0.066790
0.064644
0.064793
0.066976
0.064535
0.064990
0.065305
0.064090
0.064340
0.064489
0.064966
0.064464
0.065175
0.064836
0.063891
0.062290
0.066292
0.065747
0.066720
0.066490
0.067193
0.066497
0.066897
0.070118
0.068809
0.066379
0.067749
0.067831
0.067688
0.067488
0.067206
0.067894
0.065491
0.065581
0.065413
0.066818
0.066608
0.066275
0.065396
0.065580
0.065407
0.065944
0.064676
0.064832
0.065357
0.063685
0.064741
0.063494
0.064139
0.064741
0.064334
0.065452
0.065172
0.063807
0.064950
0.063901
0.063786
0.063730
0.062823
0.062600
0.061684
0.061501
0.062586
0.062387
0.062917
0.064941
0.063559
0.068809
0.068882
0.069368
0.069461
0.067329
0.065433
0.066253
0.067616
0.067978
0.068022
0.068264
0.068132
0.068011
0.063971
0.064362
0.066222
0.066673
0.073779
0.074241
0.072391
0.064632
0.066266
0.072962
0.073067
0.068061
0.066999
0.066254
0.066926
0.068379
0.067394
0.066737
0.075837
0.068184
0.073952
0.067785
0.067539
0.068080
0.068870
0.071665
0.071389
0.073369
0.073082
0.072430
0.071966
0.070007
0.068165
0.071679
0.071881
0.073102
0.073499
0.070343
0.070302
0.070046
0.068350
0.071691
0.071651
0.068574
0.070149
0.068454
0.069133
0.069888
0.069599
0.069925
0.070815
0.071304
0.075564
0.079071
0.072774
0.069828
0.068123
0.069104
0.072297
0.071278
0.067177
0.067262
0.067244
0.064704
0.066090
0.066053
0.067549
0.064830
0.064558
0.064566
0.063885
0.063828
0.064350
0.064652
0.063876
0.063453
0.066728
0.068148
0.065386
0.072172
0.072060
0.065420
0.065725
0.065874
0.064726
0.070698
0.070666
0.071118
0.071237
0.071942
0.071137
0.070571
0.070901
0.071185
0.070964
0.067303
0.067909
0.067862
0.067439
0.066612
0.067404
0.068613
0.069000
0.068505
0.068719
0.068526
0.071138
0.070205
0.069147
0.066939
0.066762
0.069152
0.070102
0.069218
0.070509
0.072147
0.072912
0.072524
0.071591
0.070188
0.068464
0.068009
0.070023
0.071520
0.072446
0.067598
0.068906
0.067906
0.076410
0.076434
0.075565
0.071769
0.072291
0.071883
0.068599
0.072761
0.072385
0.071901
0.071623
0.072161
0.073549
0.070510
0.068897
0.070803
0.073582
0.072822
0.070479
0.073343
0.073243
0.073018
0.073519
0.072720
0.072646
0.072762
0.072886
0.157649
0.153000
0.153140
0.151887
0.145758
0.162072
0.159309
0.163437
0.170134
0.168531
0.155520
0.160154
0.171184
0.126178
0.146520
0.147953
0.129998
0.152113
0.152634
0.144827
0.148486
0.143438
0.124166
0.128763
0.130180
0.142057
0.147669
0.147669
0.133388
0.135250
0.127066
0.140419
0.138553
0.136542
0.133605
0.134364
0.134940
0.132921
0.126481
0.134522
0.135299
0.133205
0.134531
0.132100
0.141180
0.140061
0.140089
0.138623
0.142337
0.142752
0.133390
0.134140
0.134660
0.131841
0.131157
0.141590
0.137349
0.141010
0.141254
0.146473
0.140855
0.129960
0.133561
0.133529
0.155966
0.153031
0.148919
0.221929
0.300901
0.356967
0.372496
0.449043
0.431117
0.357508
0.347030
0.319637
0.287322
0.299563
0.302856
0.298603
0.298111
0.301840
0.301703
0.296241
0.302969
0.297650
0.300312
0.304023
0.302726
0.301806
0.302115
0.301633
0.303393
0.297958
0.301258
0.298870
0.300468
0.300031
0.303596
0.298772
0.302208
0.303137
0.295667
0.291639
0.293235
0.292670
0.291642
0.292782
0.292242
0.293399
0.294401
0.295136
0.294692
0.294627
0.294473
0.293583
0.290002
0.291184
0.293770
0.288916
0.290003
0.294128
0.297609
0.292092
0.296152
0.296112
0.296485
0.296481
0.322467
0.348013
0.352105
0.429869
0.449043
0.432779
0.411524
0.381493
0.353874
0.316889
0.336132
0.317682
0.319960
0.339401
0.318159
0.338234
0.333584
0.334571
0.340084
0.339641
0.319314
0.317015
0.319601
0.319362
0.319082
0.319500
0.319085
0.319927
0.319586
0.320547
0.319453
0.318506
0.316196
0.315840
0.319036
0.319552
0.319431
0.319815
0.315438
0.318084
0.318664
0.319211
0.315527
0.313937
0.319658
0.319511
0.319799
0.320085
0.319566
0.318999
0.319977
0.320759
0.319904
0.320929
0.320000
0.319058
0.319623
0.320522
0.321718
0.316220
0.325828
0.327874
0.326174
0.326153
0.326405
0.331777
0.334221
0.345952
0.385250
0.412308
0.435727
0.449039
0.428478
0.322660
0.218647
0.194973
0.119243
0.124728
0.122475
0.122739
0.122612
0.122887
0.118313
0.119629
0.119578
0.120212
0.119907
0.147247
0.147518
0.146468
0.147603
0.146499
0.152436
0.157495
0.160957
0.148518
0.145689
0.148827
0.147617
0.148283
0.147670
0.147832
0.148827
0.149333
0.148072
0.148707
0.148002
0.147568
0.149582
0.149140
0.148152
0.148264
0.147584
0.147415
0.147485
0.146768
0.148353
0.148054
0.148011
0.148003
0.149038
0.150206
0.149411
0.149631
0.149192
0.148210
0.149462
0.095691
0.096833
0.094745
0.093837
0.092672
0.094713
0.095072
0.091122
0.093245
0.091111
0.090212
0.087960
0.095523
0.086570
0.085827
0.091405
0.107333
0.102912
0.090458
0.084341
0.092557
0.091695
0.083248
0.084598
0.084339
0.080648
0.071833
0.099442
0.076492
0.079373
0.077040
0.076794
0.079162
0.079487
0.075024
0.097169
0.073691
0.073890
0.103897
0.079756
0.068673
0.071644
0.069798
0.069454
0.093495
0.072662
0.071924
0.072912
0.103269
0.076373
0.084667
0.090950
0.090489
0.093472
0.094846
0.181797
0.171140
0.168590
0.171095
0.181797
0.181797
0.173158
0.171895
0.173092
0.171716
0.173415
0.172932
0.172932
0.172932
0.172932
0.172104
0.172184
0.172418
0.171816
0.172415
0.172415
0.172415
0.172415
0.172455
0.173197
0.172391
0.172412
0.171343
0.171353
0.169848
0.170015
0.169698
0.166379
0.168004
0.169441
0.171478
0.171873
0.171670
0.171608
0.180516
0.180915
0.180699
0.180536
0.179783
0.174025
0.176395
0.174477
0.142082
0.142507
0.170465
0.157094
0.143114
0.142526
0.142560
0.142229
0.165009
0.165296
0.164987
0.161543
0.164934
0.142007
0.164967
0.161394
0.143973
0.164187
0.165218
0.160845
0.165255
0.142102
0.165080
0.162193
0.142033
0.142033
0.142033
0.142033
0.144236
0.142416
0.144191
0.141756
0.161529
0.161529
0.161529
0.161529
0.161529
0.161529
0.161530
0.113858
0.110252
0.109834
0.102974
0.103484
0.106545
0.107822
0.106159
0.108909
0.106540
0.104703
0.105345
0.105543
0.101575
0.101673
0.101528
0.104385
0.103607
0.104308
0.105321
0.102776
0.104430
0.109800
0.106576
0.097303
0.093959
0.104316
0.103692
0.102389
0.102437
0.104137
0.103493
0.103760
0.104679
0.104854
0.105293
0.106486
0.102740
0.104041
0.105278
0.105547
0.103925
0.102199
0.102931
0.102589
0.101577
0.096091
0.101597
0.093059
0.091849
0.094265
0.094499
0.100390
0.095092
0.095761
0.092005
0.093967
0.089426
0.090035
0.088516
0.101089
0.086383
0.087742
0.089327
0.089834
0.091931
0.104455
0.100076
0.096773
0.104910
0.105534
0.104544
0.098512
0.139866
0.134815
0.125425
0.121138
0.121659
0.123544
0.115392
0.137257
0.135079
0.131476
0.102119
0.103021
0.104969
0.099664
0.099710
0.102417
0.103153
0.093842
0.100623
0.090571
0.087237
0.092855
0.090200
0.083511
0.087132
0.089768
0.084396
0.083107
0.085084
0.077149
0.076166
0.079632
0.078063
0.078294
0.076927
0.087488
0.087226
0.088405
0.087343
0.088058
0.086916
0.110452
0.110393
0.105584
0.090540
0.108586
0.111907
0.088237
0.088288
0.116015
0.113376
0.114102
0.126278
0.114364
0.118315
0.096115
0.095824
0.101346
0.125406
0.133018
0.132133
0.123063
0.086745
0.087605
0.092577
0.091506
0.089996
0.090428
0.084791
0.084146
0.087111
0.083950
0.087308
0.088141
0.095469
0.088115
0.089987
0.092900
0.091865
0.096240
0.092177
0.092589
0.093303
0.093355
0.092026
0.098862
0.089207
0.087244
0.084847
0.082360
0.081893
0.083707
0.086752
0.077776
0.081328
0.082442
0.080366
0.079062
0.080300
0.081383
0.080908
0.080292
0.080794
0.087977
0.087211
0.086438
0.084639
0.087339
0.086218
0.079406
0.079270
0.081439
0.083755
0.083751
0.083397
0.082857
0.085585
0.091473
0.089496
0.090250
0.087938
0.087623
0.089092
0.089739
0.087274
0.088623
0.087152
0.082166
0.087988
0.086608
0.086244
0.086810
0.086135
0.086454
0.088273
0.089091
0.090134
0.092124
0.090909
0.092657
0.092696
0.092737
0.091105
0.093824
0.094878
0.090142
0.091787
0.091365
0.090139
0.094283
0.097892
0.097982
0.092053
0.092227
0.088309
0.101947
0.097544
0.093993
0.104947
0.123495
0.176000
0.269399
0.449040
0.429845
0.323569
0.215154
0.177523
0.146812
0.146545
0.146030
0.146517
0.145799
0.145467
0.146348
0.146964
0.146712
0.146891
0.145976
0.147993
0.145853
0.145625
0.146488
0.146583
0.146417
0.146190
0.147020
0.147330
0.147843
0.146414
0.147884
0.147531
0.148278
0.148217
0.147508
0.147916
0.149848
0.147841
0.147162
0.147635
0.149687
0.149465
0.148940
0.147748
0.148394
0.148790
0.149384
0.147956
0.148569
0.147930
0.148749
0.148528
0.149915
0.149395
0.150483
0.148451
0.149625
0.148423
0.149258
0.147914
0.149293
0.147691
0.147937
0.148406
0.147904
0.150365
0.149796
0.150031
0.148924
0.148146
0.149029
0.148931
0.148927
0.148926
0.148897
0.101841
0.102311
0.103125
0.101894
0.073456
0.071903
0.097331
0.095990
0.076668
0.080314
0.088737
0.082790
0.088797
0.134139
0.126491
0.118569
0.113672
0.113459
0.124858
0.115798
0.114380
0.130073
0.125531
0.114078
0.125303
0.125812
0.128294
0.132825
0.133617
0.128932
0.126498
0.128897
0.130234
0.130087
0.130713
0.126260
0.135649
0.090744
0.116739
0.087755
0.122658
0.101258
0.101943
0.087204
0.097347
0.093876
0.086026
0.090598
0.071574
0.071661
0.071212
0.072630
0.069972
0.069302
0.073833
0.067693
0.067293
0.066698
0.066846
0.068431
0.069160
0.069564
0.069108
0.067735
0.068741
0.069108
0.070778
0.070614
0.070718
0.070090
0.070248
0.072816
0.072356
0.072068
0.090404
0.119144
0.114127
0.136407
0.140897
0.139676
0.146251
0.150204
0.147230
0.157269
0.164664
0.126735
0.121014
0.134030
0.129270
0.130794
0.130630
0.130428
0.130521
0.128830
0.124832
0.116575
0.126982
0.131109
0.127754
0.125791
0.133647
0.132978
0.132754
0.132164
0.132918
0.117398
0.133799
0.144121
0.129930
0.107184
0.110970
0.119950
0.105515
0.105425
0.102572
0.091412
0.094948
0.092880
0.095388
0.104349
0.103228
0.108052
0.096281
0.089301
0.094712
0.084213
0.086209
0.082399
0.083646
0.082899
0.082866
0.083847
0.082864
0.084357
0.085624
0.081124
0.076462
0.084620
0.084958
0.082577
0.081176
0.077585
0.080520
0.081589
0.080002
0.082108
0.083160
0.081233
0.083155
0.077465
0.073140
0.081260
0.086102
0.084540
0.086749
0.082510
0.082399
0.082687
0.080430
0.077928
0.082990
0.080049
0.085081
0.082030
0.080024
0.086056
0.078112
0.077844
0.078597
0.078341
0.079314
0.082931
0.083363
0.079400
0.080374
0.085831
0.088236
0.100333
0.103500
0.099707
0.086275
0.078223
0.091380
0.085084
0.073390
0.080818
0.081097
0.084078
0.089913
0.091053
0.092787
0.073295
0.074506
0.071656
0.069203
0.070600
0.068526
0.067478
0.066663
0.068115
0.070169
0.072312
0.075033
0.073979
0.079835
0.079396
0.078739
0.081974
0.091493
0.096923
0.097212
0.096175
0.094004
0.098919
0.100420
0.102145
0.105225
0.106443
0.109669
0.111778
0.105980
0.103303
0.099727
0.104162
0.104057
0.105758
0.106080
0.107372
0.106115
0.104347
0.099900
0.104349
0.105165
0.105523
0.104779
0.108197
0.113487
0.114269
0.112900
0.110404
0.107224
0.106237
0.107387
0.099116
0.098712
0.098563
0.101052
0.102567
0.103105
0.101027
0.099229
0.100239
0.100753
0.098731
0.099947
0.101939
0.101394
0.101394
0.101350
0.101361
0.101198
0.101077
0.101925
0.101925
0.101957
0.101958
0.101954
0.101923
0.197197
0.197197
0.197197
0.197197
