0.298994
0.266265
0.248805
0.247465
0.250148
0.243704
0.247857
0.248546
0.242606
0.249889
0.240532
0.233765
0.234789
0.239229
0.235445
0.232075
0.224428
0.225184
0.224682
0.232285
0.232485
0.230817
0.229902
0.229480
0.228902
0.229090
0.231617
0.231970
0.229206
0.228437
0.228462
0.228754
0.233708
0.233087
0.232192
0.232025
0.231683
0.231673
0.229025
0.229710
0.229661
0.229872
0.230331
0.229625
0.229965
0.220821
0.203303
0.181829
0.157279
0.138332
0.167139
0.153722
0.156127
0.165904
0.175319
0.168081
0.177390
0.175627
0.156160
0.155719
0.162833
0.155022
0.157719
0.153703
0.151591
0.153445
0.153638
0.151157
0.153038
0.150016
0.151496
0.152296
0.154112
0.147645
0.139238
0.144524
0.129686
0.132268
0.143651
0.146680
0.143560
0.143933
0.142989
0.143005
0.139551
0.145284
0.143878
0.144714
0.144035
0.143970
0.143208
0.143978
0.143593
0.143990
0.143612
0.144063
0.142488
0.135467
0.139240
0.135130
0.137453
0.140155
0.137961
0.140336
0.139673
0.144138
0.144083
0.144058
0.143936
0.145998
0.146809
0.146378
0.146139
0.144539
0.144440
0.144450
0.143987
0.144391
0.143939
0.144370
0.144887
0.139216
0.142487
0.143700
0.143624
0.138262
0.143573
0.143638
0.143375
0.143973
0.143575
0.144082
0.141947
0.147223
0.144381
0.147085
0.145798
0.144002
0.144136
0.143917
0.143671
0.143937
0.138234
0.139150
0.135195
0.156365
0.153676
0.151671
0.153682
0.153684
0.153482
0.154271
0.154367
0.153606
0.154309
0.153747
0.154264
0.154280
0.153314
0.153775
0.153791
0.153321
0.153125
0.153659
0.153441
0.153894
0.153732
0.153766
0.153408
0.153847
0.153857
0.153968
0.153595
0.153773
0.154084
0.153508
0.153381
0.153318
0.153605
0.153663
0.154606
0.154613
0.154709
0.154516
0.153929
0.153224
0.154109
0.154641
0.154805
0.154412
0.153109
0.154533
0.153770
0.153717
0.153165
0.153329
0.153981
0.153340
0.153187
0.153623
0.153861
0.154161
0.153935
0.153981
0.153890
0.153432
0.153840
0.154671
0.154645
0.154357
0.153712
0.154677
0.153309
0.154414
0.153836
0.153763
0.153418
0.153200
0.154146
0.153430
0.154081
0.153273
0.154576
0.154508
0.153835
0.153600
0.154076
0.154135
0.153711
0.153309
0.153566
0.154344
0.153888
0.154091
0.153399
0.153633
0.152976
0.153971
0.154326
0.153869
0.153949
0.153638
0.154140
0.154528
0.154443
0.153894
0.153936
0.154614
0.154454
0.154226
0.154111
0.153958
0.154025
0.154178
0.154124
0.001568
0.001469
0.001464
0.001588
0.001644
0.001788
0.001849
0.002086
0.002351
0.002682
0.002536
0.002573
0.002284
0.001996
0.001767
0.001562
0.001571
0.001575
0.001622
0.001731
0.001846
0.002012
0.002023
0.002119
0.002284
0.002112
0.001786
0.001459
0.000948
0.000537
0.000257
0.000075
0.000000
0.000077
0.000249
0.000535
0.000934
0.001421
0.001674
0.002213
0.002644
0.003169
0.003882
0.003843
0.003888
0.003865
0.003685
0.003624
0.003472
0.003623
0.003756
0.003919
0.004318
0.004583
0.004958
0.005149
0.005836
0.006166
0.006012
0.005885
0.005810
0.006152
0.006047
0.006068
0.006109
0.006292
0.006611
0.006797
0.007315
0.007503
0.007783
0.008138
0.008053
0.008070
0.007895
0.007955
0.008064
0.008105
0.008187
0.008234
0.008237
0.008447
0.008659
0.008885
0.009256
0.009687
0.010246
0.010710
0.011141
0.011101
0.011144
0.011197
0.011285
0.011311
0.011338
0.011415
0.011573
0.011642
0.011739
0.012082
0.012182
0.012497
0.013026
0.012845
0.012939
0.012773
0.012770
0.012884
0.012937
0.012969
0.013148
0.013346
0.013526
0.013621
0.013716
0.013937
0.014549
0.015118
0.015344
0.015031
0.014996
0.015020
0.014937
0.015108
0.015188
0.015339
0.015500
0.015669
0.015821
0.015923
0.016007
0.016121
0.016552
0.016857
0.017341
0.017519
0.017445
0.017410
0.017291
0.017324
0.017403
0.017488
0.017456
0.017740
0.017859
0.122997
0.123608
0.123378
0.123355
0.123222
0.123100
0.122969
0.122485
0.122801
0.122726
0.123590
0.123531
0.123701
0.123716
0.123890
0.123572
0.123692
0.123414
0.123578
0.123581
0.122448
0.123001
0.123021
0.122725
0.123065
0.122548
0.122539
0.123010
0.121722
0.123937
0.124349
0.124005
0.123578
0.124231
0.123997
0.123197
0.124594
0.122654
0.122025
0.121378
0.122979
0.123564
0.122544
0.123260
0.123568
0.123008
0.123748
0.122688
0.124304
0.121455
0.122181
0.122398
0.125509
0.123507
0.123489
0.123403
0.123681
0.123082
0.122352
0.121683
0.122869
0.123020
0.126290
0.124152
0.123250
0.123017
0.123063
0.122955
0.123206
0.122831
0.123071
0.123087
0.123664
0.123483
0.124273
0.123038
0.122811
0.122238
0.123964
0.126581
0.125526
0.236858
0.236866
0.247080
0.247394
0.245912
0.244989
0.246443
0.249765
0.240929
0.240234
0.241010
0.240288
0.249542
0.247989
0.246999
0.247431
0.234746
0.245397
0.242030
0.241590
0.242547
0.242250
0.242655
0.241391
0.242979
0.243362
0.244321
0.242799
0.240475
0.243495
0.240861
0.240584
0.239377
0.239663
0.239935
0.239100
0.240376
0.239715
0.239746
0.238330
0.239464
0.242405
0.240968
0.242300
0.241234
0.239928
0.244433
0.246521
0.243456
0.243994
0.243360
0.239651
0.239083
0.239564
0.239263
0.240677
0.244901
0.237878
0.238600
0.233211
0.230714
0.228062
0.242790
0.243771
0.241530
0.241238
0.239206
0.239705
0.229627
0.245942
0.245181
0.244729
0.242848
0.241573
0.240142
0.240101
0.232727
0.232027
0.233997
0.233161
0.235133
0.234726
0.241491
0.243586
0.245547
0.250972
0.251988
0.252747
0.254027
0.253794
0.253950
0.252481
0.252264
0.252124
0.250701
0.249122
0.234710
0.233869
0.240949
0.223169
0.238548
0.215604
0.234708
0.233541
0.232302
0.197741
0.193445
0.193644
0.191991
0.184314
0.190616
0.189468
0.189161
0.187271
0.177250
0.181979
0.181663
0.179178
0.180838
0.185262
0.164236
0.155063
0.175299
0.154801
0.170611
0.169097
0.197046
0.195809
0.193867
0.167651
0.161805
0.162733
0.162371
0.163143
0.160256
0.158683
0.158179
0.159324
0.159049
0.159116
0.158547
0.160930
0.159816
0.164459
0.160342
0.178242
0.209756
0.187016
0.194634
0.191465
0.189704
0.190780
0.183832
0.177759
0.176852
0.177162
0.178365
0.179009
0.218976
0.223617
0.224483
0.227419
0.226630
0.228460
0.226518
0.227186
0.227899
0.188132
0.211411
0.221927
0.223511
0.221125
0.226267
0.225117
0.222366
0.224476
0.218400
0.217034
0.220110
0.211545
0.218489
0.154079
0.163196
0.149938
0.151285
0.161809
0.172327
0.172392
0.172641
0.172095
0.171053
0.147380
0.135864
0.145676
0.170061
0.176472
0.175087
0.152676
0.176215
0.153302
0.145445
0.174894
0.175711
0.176258
0.179294
0.179671
0.178207
0.177989
0.178568
0.178535
0.176741
0.175463
0.174339
0.174036
0.175076
0.189335
0.223097
0.190183
0.187923
0.197595
0.188481
0.188805
0.189052
0.188833
0.188431
0.197402
0.185523
0.185368
0.196839
0.186493
0.197806
0.186268
0.170213
0.163912
0.164578
0.168096
0.163908
0.163665
0.163012
0.161235
0.176262
0.167149
0.173324
0.173617
0.173274
0.169306
0.163857
0.162815
0.168672
0.161766
0.170245
0.165946
0.165126
0.169191
0.164166
0.168220
0.169098
0.167365
0.165146
0.163855
0.165728
0.164914
0.163197
0.163041
0.167225
0.165340
0.161867
0.169672
0.187163
0.232442
0.214437
0.212647
0.214250
0.218505
0.206924
0.213428
0.213493
0.214692
0.227099
0.216170
0.209112
0.213449
0.205369
0.203305
0.206450
0.212124
0.207252
0.206054
0.202186
0.206006
0.225413
0.222412
0.221859
0.222135
0.222126
0.222255
0.218147
0.211285
0.211633
0.213130
0.214844
0.211939
0.216179
0.208337
0.206233
0.206859
0.219260
0.203952
0.210395
0.212133
0.221203
0.227778
0.206343
0.204119
0.203728
0.204038
0.220310
0.223678
0.225912
0.223947
0.212136
0.212286
0.209008
0.209743
0.209971
0.212159
0.214466
0.212902
0.207048
0.207186
0.207033
0.209570
0.210118
0.209438
0.208287
0.209923
0.210734
0.212637
0.214437
0.217186
0.215469
0.212644
0.213542
0.213164
0.218232
0.220039
0.215744
0.217841
0.217304
0.212909
0.173429
0.204215
0.204763
0.212156
0.212514
0.211575
0.212335
0.205460
0.204955
0.210458
0.219875
0.210619
0.205017
0.208246
0.210273
0.205441
0.211500
0.208298
0.209577
0.211589
0.204878
0.209950
0.209125
0.206563
0.204600
0.213455
0.192159
0.216411
0.205091
0.204275
0.206141
0.230746
0.232859
0.216657
0.208520
0.186094
0.187897
0.180290
0.181714
0.199955
0.199471
0.227843
0.231587
0.237106
0.242151
0.238954
0.192645
0.180050
0.195165
0.194183
0.226405
0.229609
0.232050
0.237575
0.232771
0.229153
0.198926
0.197993
0.193923
0.189823
0.229561
0.231553
0.239737
0.241121
0.236172
0.239401
0.221870
0.220900
0.226342
0.222976
0.236086
0.229160
0.245957
0.239821
0.243794
0.248037
0.228920
0.234298
0.231604
0.236772
0.235543
0.237090
0.233080
0.236859
0.235238
0.227938
0.245532
0.248580
0.248043
0.246027
0.231557
0.228473
0.229797
0.233242
0.232260
0.235020
0.234838
0.234166
0.235481
0.245246
0.238537
0.238359
0.235565
0.237701
0.238936
0.234093
0.235580
0.247206
0.246911
0.245292
0.233291
0.233817
0.235066
0.236193
0.232500
0.243481
0.242298
0.243239
0.240072
0.245032
0.231034
0.234482
0.223014
0.235756
0.226487
0.225127
0.236839
0.247469
0.247626
0.248835
0.250118
0.248601
0.248816
0.232856
0.217127
0.226021
0.225357
0.233640
0.121042
0.120720
0.120699
0.121084
0.120930
0.120461
0.120619
0.120376
0.120306
0.120609
0.119145
0.121414
0.119411
0.121414
0.121567
0.121482
0.121448
0.120644
0.120604
0.120420
0.120665
0.119502
0.116651
0.116768
0.116602
0.122682
0.120929
0.121453
0.121012
0.121379
0.122439
0.121999
0.122526
0.121141
0.120854
0.121279
0.120742
0.123080
0.121905
0.121502
0.120921
0.120839
0.120790
0.121277
0.120434
0.121673
0.121629
0.121527
0.121939
0.122023
0.123243
0.123238
0.123355
0.123238
0.123244
0.122827
0.122299
0.104240
0.103132
0.103976
0.104268
0.104217
0.104306
0.104537
0.103964
0.104551
0.102569
0.102781
0.103903
0.103817
0.102306
0.103823
0.102356
0.102477
0.103610
0.103748
0.103584
0.103524
0.102487
0.103556
0.103720
0.102374
0.102358
0.102555
0.102539
0.103881
0.103682
0.102293
0.103762
0.104128
0.103026
0.103046
0.103447
0.102853
0.103537
0.103946
0.102637
0.102462
0.102222
0.102046
0.102276
0.102988
0.103442
0.102947
0.102933
0.120452
0.120996
0.120630
0.120682
0.120025
0.120723
0.119746
0.119076
0.119282
0.119401
0.119369
0.119256
0.120358
0.119190
0.120848
0.119484
0.120008
0.119349
0.118875
0.120170
0.119922
0.118183
0.120529
0.118795
0.118961
0.119054
0.118139
0.118112
0.118331
0.118271
0.118364
0.118445
0.118452
0.118675
0.118333
0.119483
0.118833
0.118438
0.117774
0.118226
0.118102
0.119686
0.117984
0.117974
0.118451
0.118364
0.117686
0.117566
0.117880
0.119056
0.118102
0.118924
0.118090
0.109535
0.093553
0.092876
0.092903
0.093801
0.093794
0.093071
0.093064
0.093060
0.093798
0.093059
0.093798
0.093362
0.093591
0.092993
0.093063
0.092929
0.092288
0.092650
0.092281
0.092700
0.091941
0.091816
0.092096
0.091711
0.093419
0.092980
0.092920
0.091837
0.092339
0.091744
0.091772
0.092616
0.091596
0.091413
0.091314
0.091411
0.093141
0.093104
0.092865
0.092666
0.092342
0.093344
0.093113
0.093334
0.092672
0.092560
0.093560
0.093818
0.092529
0.093433
0.093006
0.092553
0.092597
0.092450
0.092195
0.092355
0.093889
0.093731
0.093946
0.093149
0.091918
0.092027
0.091680
0.092180
0.093052
0.092457
0.092543
0.092737
0.092822
0.092806
0.092738
0.093210
0.094217
0.094260
0.094271
0.094227
0.093096
0.094215
0.093061
0.094200
0.094475
0.094268
0.093193
0.093103
0.092792
0.092869
0.092801
0.092790
0.092806
0.094143
0.094088
0.094930
0.094608
0.096354
0.096304
0.096007
0.096308
0.094087
0.094395
0.094225
0.093935
0.094565
0.094791
0.094790
0.094791
0.094766
0.094709
0.094742
0.094798
0.094984
0.096152
0.096130
0.096316
0.095522
0.095384
0.095963
0.094433
0.094948
0.094204
0.094923
0.094492
0.094440
0.095617
0.093938
0.094202
0.095041
0.095825
0.095701
0.095392
0.095829
0.094442
0.093934
0.095936
0.095939
0.095910
0.093965
0.096549
0.096436
0.096077
0.096328
0.094120
0.094764
0.094776
0.096163
0.095930
0.096157
0.095895
0.096158
0.096321
0.094825
0.126001
0.123699
0.125927
0.125748
0.125674
0.125996
0.123328
0.124990
0.125581
0.125437
0.122441
0.123309
0.123257
0.123720
0.123712
0.122609
0.122765
0.126514
0.126077
0.125458
0.123730
0.122692
0.123122
0.122215
0.123172
0.123386
0.122559
0.123104
0.124362
0.123794
0.123366
0.123308
0.123221
0.123621
0.124788
0.121977
0.122343
0.123665
0.122043
0.125500
0.126218
0.124844
0.126814
0.125159
0.125200
0.125298
0.125950
0.125669
0.125722
0.125870
0.126301
0.126074
0.126209
0.125407
0.125650
0.125725
0.122915
0.125624
0.125467
0.122533
0.122326
0.125936
0.126412
0.127195
0.126611
0.127351
0.127141
0.122224
0.123920
0.127250
0.124849
0.124831
0.124264
0.122622
0.124535
0.124744
0.126860
0.123146
0.127003
0.126799
0.127033
0.126569
0.125997
0.127695
0.126011
0.127079
0.127174
0.127081
0.126858
0.123363
0.123040
0.128119
0.123804
0.124007
0.127825
0.123187
0.128210
0.128346
0.127290
0.127243
0.127316
0.126979
0.127082
0.126688
0.127455
0.128386
0.128306
0.127688
0.128073
0.127592
0.127452
0.127371
0.127712
0.127570
0.127529
0.127741
0.123861
0.123941
0.127620
0.127585
0.127585
0.127363
0.127239
0.127335
0.127056
0.126464
0.126142
0.126192
0.126153
0.126303
0.126059
0.126349
0.126173
0.126274
0.126398
0.092766
0.097488
0.097853
0.098079
0.090162
0.097751
0.092270
0.092522
0.092234
0.091325
0.092701
0.113175
0.092279
0.095692
0.092088
0.092524
0.092461
0.094117
0.090580
0.095862
0.090036
0.092474
0.095608
0.098410
0.113649
0.111651
0.094597
0.111326
0.094401
0.106317
0.111010
0.089674
0.090842
0.113780
0.106405
0.103202
0.106439
0.106017
0.088929
0.087971
0.080024
0.090660
0.084853
0.081608
0.083435
0.088300
0.087726
0.091169
0.098279
0.092388
0.087957
0.092949
0.093324
0.089296
0.087432
0.086464
0.087944
0.091032
0.091738
0.089460
0.089269
0.092404
0.092490
0.089949
0.092704
0.092461
0.094175
0.092322
0.094148
0.093474
0.091040
0.092705
0.093586
0.093383
0.094657
0.094248
0.092943
0.094429
0.095598
0.127462
0.123453
0.127235
0.125587
0.125664
0.127247
0.127087
0.124165
0.123186
0.126799
0.126379
0.127045
0.127993
0.127616
0.126353
0.127356
0.127606
0.126347
0.126417
0.126450
0.127219
0.125563
0.127091
0.127875
0.127597
0.128320
0.128255
0.127914
0.126990
0.127679
0.127612
0.127011
0.127874
0.126488
0.126989
0.127758
0.126182
0.127178
0.126032
0.127395
0.127475
0.126781
0.127254
0.126458
0.126428
0.128016
0.126141
0.126234
0.125406
0.126304
0.128263
0.125794
0.126195
0.128508
0.128266
0.127096
0.127094
0.127598
0.126754
0.125645
0.125117
0.125378
0.126500
0.125433
0.125509
0.125540
0.126043
0.127165
0.126719
0.111217
0.111400
0.111321
0.111566
0.114577
0.109166
0.110837
0.103802
0.118870
0.112332
0.116262
0.111918
0.112331
0.109330
0.109424
0.108787
0.109888
0.112194
0.109795
0.111565
0.111101
0.110254
0.109744
0.107841
0.106908
0.106850
0.108760
0.106269
0.110161
0.107283
0.106568
0.126227
0.125544
0.126691
0.127491
0.125331
0.128969
0.126525
0.122935
0.123096
0.123646
0.124217
0.124305
0.124407
0.125453
0.124408
0.125309
0.129681
0.128533
0.129899
0.128580
0.128931
0.128550
0.128720
0.127725
0.127435
0.129639
0.128521
0.128104
0.093528
0.126798
0.095264
0.095292
0.095425
0.094423
0.095491
0.100740
0.097579
0.116716
0.113566
0.114503
0.122813
0.121200
0.115653
0.122172
0.116136
0.122527
0.123288
0.123733
0.123532
0.123916
0.124556
0.124021
0.124721
0.123961
0.126357
0.122183
0.121844
0.122549
0.121883
0.123141
0.122344
0.122097
0.116150
0.117088
0.116902
0.118527
0.116838
0.119140
0.121073
0.121677
0.120872
0.120965
0.119107
0.119807
0.117464
0.120242
0.116269
0.120400
0.116632
0.119288
0.117178
0.117626
0.116123
0.122408
0.124772
0.115922
0.117783
0.107835
0.111163
0.113283
0.112216
0.113041
0.112682
0.113863
0.111908
0.113828
0.112247
0.112983
0.116674
0.119378
0.117427
0.115845
0.120606
0.117011
0.113229
0.111501
0.109182
0.111626
0.109078
0.109952
0.109260
0.110749
0.117906
0.113673
0.118306
0.117366
0.122549
0.117035
0.117110
0.125550
0.126021
0.125894
0.125884
0.125445
0.125305
0.125241
0.125204
0.126222
0.126489
0.126476
0.125620
0.125853
0.125352
0.125205
0.125706
0.126521
0.126656
0.125918
0.125718
0.125630
0.125725
0.125824
0.125950
0.126968
0.125790
0.125518
0.125486
0.125594
0.125470
0.124795
0.124625
0.125150
0.126425
0.125754
0.126513
0.125646
0.125828
0.125126
0.125105
0.126048
0.125668
0.124874
0.125203
0.125372
0.125267
0.125322
0.125194
0.125187
0.125082
0.125346
0.125335
0.125220
0.125018
0.124894
0.124999
0.126092
0.125448
0.125228
0.125712
0.125441
0.126222
0.125367
0.125006
0.125150
0.125657
0.125028
0.124940
0.124950
0.125472
0.125436
0.125425
0.125659
0.125440
0.125103
0.125886
0.126409
0.126150
0.126507
0.125856
0.125842
0.125759
0.126052
0.125946
0.126213
0.126297
0.126774
0.125936
0.125712
0.125284
0.125340
0.125582
0.126190
0.125339
0.126796
0.126449
0.125900
0.125718
0.125168
0.126047
0.125900
0.125840
0.125840
0.126033
0.125708
0.126072
0.125044
0.126160
0.125569
0.124210
0.125436
0.124914
0.124994
0.125517
0.125434
0.125018
0.126719
0.124959
0.125495
0.124998
0.125206
0.125025
0.124530
0.125201
0.124605
0.124895
0.125256
0.124366
0.124540
0.125475
0.124906
0.125465
0.125270
0.125872
0.126829
0.125601
0.126643
0.126453
0.126908
0.125575
0.126053
0.127252
0.125677
0.125887
0.125661
0.127049
0.125606
0.126333
0.124869
0.126129
0.126029
0.125987
0.124826
0.125845
0.125905
0.125361
0.126064
0.125815
0.125217
0.125278
0.125848
0.125998
0.125502
0.125946
0.125903
0.125315
0.078522
0.078450
0.078442
0.078063
0.078548
0.078300
0.078241
0.079050
0.078690
0.078425
0.078331
0.079009
0.078736
0.078777
0.078038
0.078027
0.078748
0.079134
0.080015
0.079432
0.079618
0.080045
0.079885
0.079848
0.079610
0.079333
0.079115
0.079593
0.079238
0.078659
0.079348
0.079203
0.078552
0.079504
0.079542
0.078472
0.079096
0.078551
0.078107
0.077807
0.078035
0.077751
0.078392
0.077332
0.076775
0.077906
0.077672
0.076725
0.076959
0.077361
0.076393
0.076368
0.077219
0.077754
0.076767
0.076466
0.078751
0.078315
0.077511
0.078348
0.077132
0.077212
0.077036
0.077966
0.077819
0.078541
0.078910
0.079098
0.077276
0.077085
0.079184
0.076497
0.077241
0.076617
0.077290
0.075598
0.075464
0.078008
0.076331
0.076286
0.075932
0.077477
0.076416
0.075572
0.078054
0.080693
0.076820
0.075953
0.076321
0.076236
0.075839
0.076325
0.078620
0.080534
0.081437
0.079678
0.077521
0.077994
0.078417
0.078062
0.078286
0.078811
0.077816
0.079812
0.078794
0.078383
0.078088
0.154124
0.151796
0.154607
0.154242
0.153953
0.153932
0.154267
0.155513
0.155361
0.154406
0.153071
0.152394
0.152078
0.153560
0.146222
0.148311
0.153812
0.152395
0.152257
0.153783
0.152392
0.152532
0.152551
0.151237
0.151657
0.145039
0.153215
0.153098
0.155299
0.153913
0.154604
0.154664
0.145449
0.144563
0.144457
0.144809
0.144480
0.145010
0.145245
0.145346
0.145415
0.144612
0.143870
0.144257
0.144568
0.145584
0.145147
0.144498
0.145644
0.145011
0.144863
0.144527
0.144516
0.145511
0.144323
0.144805
0.144564
0.144515
0.144758
0.144386
0.144829
0.144892
0.145667
0.144842
0.145350
0.144408
0.144347
0.144809
0.144825
0.144789
0.144394
0.144827
0.144542
0.144640
0.144641
0.144283
0.144099
0.144571
0.143855
0.143629
0.144775
0.144723
0.144640
0.144722
0.144845
0.144424
0.145795
0.145011
0.144808
0.144614
0.144839
0.144612
0.144292
0.144363
0.144489
0.144793
0.144767
0.145162
0.145173
0.144533
0.144758
0.144711
0.144652
0.144987
0.144432
0.144801
0.145185
0.143778
0.144864
0.144864
0.151437
0.144208
0.145254
0.143955
0.144761
0.144803
0.144821
0.145083
0.144979
0.144988
0.144785
0.144854
0.144885
0.144755
0.144687
0.144643
0.144946
0.145388
0.144911
0.144969
0.146908
0.147159
0.144283
0.145025
0.144077
0.144371
0.145132
0.144577
0.144444
0.145177
0.144581
0.145134
0.144913
0.144876
0.144676
0.145265
0.144324
0.144352
0.144830
0.144812
0.144495
0.144815
0.144884
0.144297
0.144942
0.145403
0.144808
0.145294
0.144954
0.143770
0.144818
0.144264
0.144409
0.144597
0.145153
0.144984
0.144275
0.143945
0.145110
0.144877
0.145581
0.145308
0.144532
0.144280
0.143972
0.143976
0.143737
0.144238
0.145339
0.144668
0.144771
0.145045
0.144481
0.144573
0.144180
0.143966
0.146840
0.144173
0.144224
0.144297
0.144854
0.144715
0.144558
0.146329
0.146947
0.144542
0.144656
0.144233
0.147120
0.125255
0.125403
0.125400
0.125171
0.126108
0.125742
0.124850
0.125781
0.126499
0.125179
0.125860
0.127041
0.127091
0.126977
0.126153
0.125763
0.125846
0.122385
0.122296
0.122423
0.122561
0.122616
0.122400
0.122148
0.121798
0.121677
0.122035
0.122090
0.122287
0.122016
0.121896
0.122237
0.122641
0.123031
0.123540
0.122393
0.122737
0.122828
0.126108
0.125901
0.125167
0.125064
0.124935
0.122270
0.125038
0.123025
0.124866
0.124902
0.125139
0.123404
0.123896
0.123880
0.123725
0.121918
0.121918
0.122351
0.122337
0.123321
0.122230
0.123254
0.123112
0.123311
0.123300
0.123464
0.122689
0.123702
0.123643
0.122899
0.123572
0.122137
0.122411
0.122262
0.123779
0.123681
0.123486
0.122650
0.125369
0.124947
0.122024
0.123249
0.123137
0.123516
0.124813
0.124912
0.125473
0.124951
0.125104
0.125360
0.124878
0.123459
0.123944
0.123601
0.123615
0.124916
0.124948
0.124251
0.124061
0.125602
0.124963
0.123208
0.123544
0.124263
0.124227
0.123033
0.122982
0.123532
0.125833
0.126087
0.126322
0.125939
0.127333
0.126781
0.121851
0.124267
0.124540
0.124240
0.126506
0.127012
0.122556
0.126644
0.126695
0.126089
0.126258
0.125827
0.126435
0.126499
0.126239
0.126086
0.126031
0.126383
0.123871
0.123449
0.123279
0.123586
0.123110
0.123132
0.123055
0.122149
0.121725
0.121875
0.123215
0.121886
0.122083
0.125140
0.125139
0.123303
0.126230
0.126437
0.126316
0.126664
0.126217
0.126756
0.126935
0.126408
0.126445
0.126219
0.126571
0.126373
0.123816
0.123674
0.126857
0.126748
0.126293
0.126878
0.125852
0.126269
0.126047
0.125550
0.126724
0.127173
0.127163
0.126827
0.127032
0.126836
0.125840
0.126020
0.126959
0.127000
0.126937
0.125690
0.126757
0.126760
0.126931
0.126325
0.126587
0.126262
0.126875
0.126658
0.126125
0.126468
0.126604
0.126182
0.125969
0.122736
0.122611
0.122457
0.121894
0.122123
0.122022
0.122111
0.122539
0.125905
0.122302
0.126527
0.122501
0.122217
0.125767
0.121901
0.125689
0.126567
0.126663
0.126418
0.126324
0.125707
0.125621
0.125795
0.126340
0.123512
0.126061
0.126720
0.126784
0.127109
0.126535
0.126754
0.126607
0.126644
0.126940
0.126342
0.126699
0.126758
0.126521
0.126333
0.127029
0.126826
0.126962
0.127209
0.126799
0.127152
0.126706
0.126963
0.127459
0.127474
0.126601
0.126630
0.126553
0.126066
0.126977
0.126479
0.126626
0.127634
0.126743
0.126634
0.127133
0.127256
0.127231
0.127327
0.127183
0.127464
0.127378
0.127246
0.127591
0.127412
0.127758
0.127820
0.127523
0.127682
0.127899
0.127941
0.127254
0.127337
0.127896
0.127976
0.127864
0.127575
0.127411
0.126841
0.127085
0.126058
0.127243
0.127040
0.127347
0.127260
0.127233
0.126684
0.126297
0.126965
0.127228
0.127476
0.126264
0.127145
0.127222
0.127240
0.127428
0.127059
0.127289
0.127316
0.127215
0.127535
0.127536
0.127686
0.127178
0.127302
0.127267
0.127370
0.127725
0.127265
0.127082
0.127216
0.127828
0.126886
0.126664
0.127406
0.126459
0.126765
0.126294
0.126211
0.125997
0.126044
0.126178
0.125737
0.125856
0.126033
0.125879
0.126273
0.127068
0.125817
0.125839
0.125646
0.125652
0.125587
0.125330
0.125347
0.125303
0.125259
0.125197
0.126554
0.125786
0.126591
0.124816
0.125110
0.126468
0.126133
0.125748
0.126072
0.126487
0.126140
0.126352
0.127063
0.125794
0.126976
0.127060
0.126007
0.125822
0.126075
0.125654
0.125523
0.125359
0.126072
0.124823
0.126753
0.126020
0.125080
0.126735
0.125351
0.125384
0.125310
0.125372
0.126115
0.126734
0.125335
0.126482
0.125323
0.125249
0.126035
0.125913
0.126529
0.124883
0.126089
0.124553
0.124265
0.124644
0.124527
0.124841
0.124139
0.125898
0.125576
0.126148
0.125313
0.099214
0.096951
0.093255
0.094040
0.093742
0.096512
0.093511
0.099569
0.096495
0.095273
0.093565
0.093840
0.093448
0.093154
0.093098
0.092078
0.094462
0.090954
0.093351
0.095329
0.095070
0.093383
0.092970
0.095577
0.092649
0.088974
0.093336
0.092480
0.092964
0.091849
0.083476
0.084496
0.091269
0.090603
0.093083
0.093318
0.094215
0.094502
0.094866
0.092933
0.093411
0.092272
0.092846
0.092684
0.093485
0.093193
0.093614
0.093682
0.093710
0.094624
0.096434
0.091777
0.093850
0.093018
0.094460
0.096258
0.094886
0.094858
0.095058
0.094684
0.095072
0.096573
0.095801
0.096081
0.094408
0.094069
0.093506
0.094223
0.094505
0.094071
0.094956
0.093306
0.094209
0.094559
0.094783
0.098430
0.098386
0.098045
0.097595
0.096990
0.098883
0.097719
0.097939
0.099330
0.098330
0.098550
0.098251
0.098952
0.086027
0.085779
0.085450
0.100709
0.100703
0.102086
0.101843
0.101631
0.100694
0.101957
0.101144
0.101514
0.102903
0.102852
0.102882
0.103677
0.101140
0.102237
0.105277
0.098529
0.098066
0.097923
0.097819
0.101138
0.097648
0.097929
0.098061
0.098015
0.097967
0.086035
0.093429
0.093605
0.099388
0.094766
0.094587
0.099277
0.101082
0.101014
0.101016
0.084582
0.084563
0.084393
0.093071
0.094535
0.095395
0.095694
0.106294
0.096410
0.096178
0.093455
0.095182
0.096471
0.095709
0.095857
0.095098
0.094115
0.092682
0.091779
0.091672
0.092998
0.091630
0.091967
0.101777
0.102077
0.126271
0.125355
0.126616
0.125978
0.126598
0.125951
0.122325
0.121878
0.121827
0.125954
0.126051
0.125180
0.125114
0.124403
0.125590
0.124260
0.125333
0.124816
0.124923
0.125188
0.125104
0.125062
0.124883
0.125316
0.124432
0.125429
0.124408
0.124623
0.123999
0.124968
0.125019
0.124978
0.126123
0.126001
0.124717
0.126347
0.125011
0.125805
0.125593
0.126167
0.126145
0.125549
0.125655
0.125817
0.126180
0.126469
0.126868
0.126257
0.126031
0.125888
0.126006
0.126252
0.125967
0.125837
0.126205
0.126721
0.126459
0.126362
0.126469
0.126548
0.126171
0.126254
0.126249
0.126511
0.126880
0.126888
0.126397
0.126635
0.126328
0.125661
0.125885
0.126744
0.125931
0.125681
0.125793
0.125828
0.125681
0.142143
0.141971
0.141794
0.141816
0.141734
0.141675
0.141705
0.141857
0.141926
0.141935
0.142030
0.141834
0.141991
0.142387
0.142086
0.142178
0.143801
0.142390
0.141543
0.141883
0.141441
0.141949
0.141702
0.142038
0.141724
0.141794
0.141872
0.141405
0.141621
0.141471
0.141441
0.141797
0.141961
0.141863
0.141966
0.141351
0.141844
0.141775
0.141814
0.141726
0.141390
0.141406
0.141590
0.141611
0.141844
0.141748
0.141843
0.142196
0.141637
0.141659
0.141652
0.141400
0.141904
0.141699
0.142000
0.142026
0.141922
0.141642
0.141744
0.141928
0.141616
0.141556
0.141871
0.141487
0.141872
0.141794
0.141549
0.141671
0.141560
0.141442
0.141644
0.141643
0.141848
0.141722
0.141828
0.141358
0.141544
0.141215
0.141832
0.142038
0.141880
0.141855
0.141983
0.141844
0.141757
0.141872
0.141888
0.141803
0.141982
0.141624
0.141658
0.141562
0.141411
0.141318
0.141378
0.141545
0.141463
0.141142
0.141286
0.140447
0.141134
0.141549
0.141490
0.141633
0.140613
0.141318
0.141357
0.141211
0.141319
0.141222
0.141158
0.140987
0.140898
0.141494
0.141060
0.141333
0.140736
0.140844
0.141132
0.141117
0.141254
0.141020
0.141015
0.140906
0.141183
0.141054
0.140870
0.140694
0.141012
0.140943
0.141038
0.140647
0.140575
0.140687
0.140916
0.141110
0.140903
0.141223
0.141070
0.141009
0.141001
0.140676
0.140851
0.140990
0.140736
0.140574
0.140682
0.152100
0.152908
0.138187
0.138584
0.140560
0.141629
0.144251
0.140897
0.141036
0.138757
0.140107
0.137964
0.138871
0.139427
0.140770
0.140827
0.140660
0.136822
0.138011
0.140806
0.136714
0.140673
0.140524
0.137427
0.139056
0.149648
0.151735
0.152143
0.153424
0.151664
0.138667
0.138325
0.140327
0.150145
0.149860
0.136207
0.139587
0.152109
0.151380
0.136605
0.151450
0.145282
0.140871
0.140818
0.140733
0.140603
0.136472
0.145910
0.139183
0.145798
0.141256
0.151545
0.136129
0.137060
0.151786
0.150551
0.138494
0.140173
0.140234
0.149486
0.150544
0.151159
0.144821
0.140826
0.140679
0.139892
0.150441
0.139298
0.135949
0.145839
0.141149
0.144839
0.139941
0.141696
0.145466
0.140406
0.150736
0.139916
0.150420
0.150901
0.146719
0.148717
0.149409
0.147554
0.152291
0.146517
0.149609
0.151285
0.150957
0.150861
0.151245
0.150982
0.150258
0.150675
0.151047
0.145196
0.092636
0.094578
0.093103
0.092376
0.093922
0.092607
0.092693
0.093107
0.092696
0.092588
0.093587
0.093778
0.094818
0.093946
0.095281
0.094468
0.094164
0.095058
0.094160
0.094717
0.093633
0.093556
0.093863
0.098630
0.098059
0.094943
0.094102
0.097485
0.094653
0.096639
0.098801
0.098735
0.098124
0.097975
0.098244
0.097998
0.097444
0.097699
0.098139
0.097821
0.099454
0.097908
0.098616
0.099546
0.098808
0.098784
0.098798
0.098638
0.098559
0.097439
0.098053
0.098120
0.097185
0.097553
0.098226
0.097554
0.098482
0.097747
0.098670
0.098121
0.098135
0.099226
0.097954
0.097556
0.097185
0.097743
0.097669
0.096238
0.096359
0.097981
0.098222
0.095729
0.096967
0.096677
0.097323
0.097238
0.097816
0.097791
0.097815
0.098255
0.097289
0.096921
0.097125
0.096995
0.098283
0.098548
0.096633
0.097083
0.096508
0.097323
0.098535
0.096421
0.096093
0.095660
0.096977
0.096790
0.097303
0.097180
0.096878
0.097505
0.097274
0.096935
0.097190
0.099254
0.099214
0.097500
0.099097
0.099002
0.098594
0.099044
0.095796
0.096421
0.096224
0.095690
0.098932
0.099548
0.096468
0.099367
0.096281
0.099465
0.101144
0.101130
0.099456
0.099393
0.099390
0.100155
0.099674
0.099585
0.099169
0.099151
0.099572
0.099540
0.100018
0.099825
0.098184
0.098986
0.099068
0.097580
0.098114
0.099372
0.098303
0.097914
0.097697
0.097307
0.097976
0.098455
0.098363
0.098439
0.098191
0.097414
0.097511
0.097829
0.097808
0.097164
0.097727
0.097647
0.097919
0.098198
0.098341
0.097771
0.098369
0.098771
0.098456
0.098176
0.097216
0.098045
0.098591
0.097973
0.098460
0.098577
0.098815
0.098730
0.098789
0.099178
0.099283
0.099315
0.098609
0.098721
0.098436
0.098662
0.098775
0.097791
0.099151
0.013680
0.013216
0.013245
0.013366
0.013535
0.013454
0.013608
0.013824
0.013500
0.013715
0.013686
0.013751
0.013502
0.013251
0.012962
0.012856
0.012703
0.012621
0.012708
0.012971
0.013166
0.013429
0.013526
0.013547
0.013738
0.013425
0.013408
0.013026
0.012516
0.012101
0.011784
0.011630
0.011544
0.011594
0.011762
0.012080
0.012476
0.012676
0.012929
0.013427
0.013708
0.013862
0.014316
0.014371
0.014200
0.013900
0.013845
0.013856
0.014054
0.014312
0.014413
0.014586
0.015096
0.015343
0.015728
0.015959
0.016569
0.016526
0.016707
0.016541
0.016581
0.016695
0.016597
0.016456
0.016398
0.016631
0.016632
0.017024
0.017376
0.017655
0.017881
0.018159
0.018081
0.018124
0.018251
0.018536
0.018494
0.018478
0.018273
0.018364
0.018443
0.018629
0.018712
0.019052
0.019193
0.019383
0.019965
0.020178
0.020496
0.020834
0.020725
0.020695
0.020592
0.020646
0.020672
0.020652
0.020804
0.020969
0.020985
0.021258
0.021508
0.021663
0.022137
0.022107
0.022316
0.022161
0.022104
0.022182
0.022205
0.022344
0.022076
0.022182
0.022344
0.022367
0.022787
0.022696
0.023050
0.023827
0.024290
0.023991
0.023881
0.023917
0.023735
0.023768
0.023829
0.023877
0.024468
0.024272
0.024335
0.024142
0.024313
0.024691
0.024850
0.024773
0.024854
0.025587
0.025778
0.025674
0.025819
0.025850
0.025954
0.025922
0.026093
0.026182
0.026728
0.127392
0.126313
0.127020
0.127112
0.127381
0.126100
0.127058
0.126252
0.126297
0.126655
0.125683
0.126366
0.126873
0.125966
0.126437
0.125606
0.126441
0.124865
0.125551
0.125237
0.124415
0.125743
0.125678
0.125638
0.126054
0.125400
0.125004
0.125091
0.125642
0.125348
0.125911
0.125545
0.125506
0.126285
0.124756
0.125023
0.125547
0.126191
0.126701
0.126776
0.126286
0.126581
0.125522
0.125007
0.127180
0.126905
0.126191
0.125293
0.126068
0.126190
0.126147
0.125801
0.125850
0.125953
0.125877
0.126108
0.126208
0.125924
0.125762
0.124973
0.125140
0.124895
0.124371
0.124689
0.124267
0.124845
0.125232
0.125325
0.125656
0.125584
0.124784
0.124752
0.125227
0.126066
0.124852
0.124989
0.125040
0.126569
0.127091
0.125730
0.125068
0.125490
0.126029
0.125943
0.126097
0.126475
0.126137
0.125796
0.126532
0.126284
0.125449
0.125429
0.125311
0.125333
0.124929
0.125051
0.124520
0.124544
0.124848
0.125687
0.124271
0.125573
0.125532
0.124932
0.125169
0.125247
0.125369
0.126080
0.126368
0.126078
0.125679
0.125891
0.125211
0.126080
0.125183
0.125311
0.125150
0.125365
0.125125
0.125458
0.125030
0.125828
0.125615
0.125689
0.126050
0.125235
0.125539
0.125893
0.125575
0.125412
0.124949
0.125082
0.124908
0.125141
0.124763
0.125103
0.125012
0.125104
0.125907
0.125585
0.124726
0.125622
0.124887
0.124304
0.125497
0.124292
0.124626
0.124258
0.124499
0.124939
0.124336
0.124580
0.124955
0.124347
0.124581
0.124751
0.124699
0.125102
0.124882
0.124803
0.124762
0.124770
0.124698
0.124367
0.124773
0.124637
0.125835
0.125893
0.125806
0.125915
0.127412
0.126240
0.124954
0.124207
0.123674
0.125106
0.125005
0.126893
0.124570
0.125680
0.126102
0.125917
0.125921
0.125124
0.125712
0.125856
0.125274
0.126447
0.125654
0.126085
0.125024
0.125956
0.125403
0.123990
0.123014
0.107631
0.123677
0.125337
0.125491
0.125092
0.124985
0.129020
0.129541
0.129996
0.125699
0.125775
0.128638
0.128038
0.129446
0.126047
0.126057
0.125089
0.125580
0.126084
0.125618
0.126838
0.128645
0.126540
0.126852
0.126584
0.126177
0.126883
0.127044
0.128203
0.128795
0.128971
0.129449
0.127820
0.128178
0.129221
0.128814
0.129624
0.127166
0.130846
0.129693
0.131213
0.128281
0.128756
0.129504
0.129631
0.129766
0.130112
0.130098
0.132240
0.127130
0.129086
0.127280
0.128772
0.132058
0.129666
0.129050
0.129256
0.128780
0.125675
0.126301
0.124455
0.127258
0.125858
0.127430
0.128239
0.127716
0.127558
0.120239
0.116267
0.115923
0.117639
0.118103
0.119899
0.119622
0.119775
0.118920
0.120226
0.116022
0.117507
0.118143
0.123149
0.119896
0.122011
0.115999
0.118302
0.117063
0.118626
0.121906
0.120987
0.122951
0.122305
0.115542
0.119385
0.121506
0.121134
0.121236
0.120904
0.122020
0.121344
0.121414
0.120458
0.121134
0.122998
0.120653
0.119259
0.120456
0.119838
0.119980
0.120535
0.117086
0.116364
0.116020
0.118881
0.117374
0.118098
0.118697
0.116613
0.116960
0.116974
0.117059
0.115368
0.116689
0.115940
0.116431
0.117927
0.116915
0.118991
0.120088
0.119099
0.122498
0.120922
0.120708
0.122836
0.121269
0.122582
0.122622
0.122124
0.118448
0.118369
0.117940
0.119492
0.121168
0.119788
0.121750
0.123096
0.118990
0.125304
0.121492
0.124597
0.119752
0.122298
0.121066
0.124508
0.122127
0.124966
0.125326
0.122223
0.125732
0.123691
0.123307
0.123173
0.125224
0.124846
0.119172
0.119862
0.116754
0.117355
0.122347
0.124619
0.126719
0.116906
0.120914
0.126361
0.115286
0.115200
0.123957
0.117425
0.115980
0.124421
0.123300
0.123261
0.116319
0.116066
0.118091
0.118805
0.119801
0.117572
0.128799
0.128448
0.129408
0.126157
0.119023
0.126268
0.127701
0.116344
0.126332
0.127829
0.126483
0.124092
0.126587
0.127512
0.120823
0.127191
0.128072
0.125017
0.118687
0.117029
0.116922
0.117916
0.117768
0.116762
0.118623
0.116923
0.117316
0.116235
0.116794
0.116892
0.117277
0.116737
0.117205
0.117054
0.118066
0.117691
0.118772
0.117614
0.118774
0.116444
0.116719
0.117626
0.114128
0.114925
0.116761
0.115880
0.117350
0.114944
0.118444
0.118801
0.118084
0.117119
0.116400
0.117134
0.117020
0.117456
0.118203
0.118257
0.115324
0.117490
0.118131
0.118593
0.119072
0.118152
0.118854
0.118026
0.117804
0.119212
0.118155
0.116490
0.118078
0.114731
0.117423
0.118148
0.118416
0.118350
0.117993
0.118820
0.109640
0.110204
0.118730
0.118601
0.120839
0.119022
0.118155
0.118990
0.119327
0.119198
0.119344
0.110730
0.116716
0.111429
0.110336
0.113987
0.110204
0.109994
0.112658
0.117244
0.109909
0.109458
0.109819
0.109960
0.112207
0.111738
0.111675
0.110817
0.113534
0.113463
0.111759
0.099379
0.098535
0.097786
0.097923
0.113129
0.113210
0.113384
0.112811
0.100936
0.278741
0.278499
0.278500
0.278496
0.278499
0.278493
0.278495
0.278489
0.278499
0.278658
0.278666
0.278591
0.278674
0.278534
0.278664
0.278475
0.278479
0.278424
0.278448
0.278395
0.278323
0.278585
0.278492
0.278633
0.278461
0.278468
0.278225
0.278231
0.278231
0.278231
0.278237
0.278265
0.278240
0.278240
0.278218
0.278233
0.278242
0.278240
0.278145
0.278396
0.278509
0.278577
0.278588
0.278586
0.278587
0.278585
0.278744
0.275688
0.274419
0.274419
0.274419
0.274419
0.274419
0.274416
0.274415
0.274419
0.274422
0.274423
0.274424
0.274429
0.274422
0.274424
0.274424
0.274422
0.274425
0.274422
0.274423
0.274426
0.274422
0.274426
0.274421
0.274422
0.274425
0.274422
0.274422
0.274425
0.274422
