0.135674
0.135461
0.135647
0.135713
0.132911
0.133619
0.133032
0.131450
0.106535
0.103314
0.102676
0.100813
0.096279
0.095542
0.099732
0.099580
0.101888
0.102340
0.100065
0.101169
0.097602
0.097412
0.097513
0.099050
0.095586
0.095000
0.097779
0.097778
0.098236
0.097559
0.100291
0.099966
0.103698
0.106784
0.107017
0.105505
0.103275
0.103892
0.105667
0.103713
0.103639
0.102663
0.102064
0.101365
0.102901
0.102935
0.101526
0.099011
0.102859
0.098508
0.100787
0.100830
0.102495
0.099550
0.096306
0.103501
0.102581
0.106102
0.102427
0.106592
0.105970
0.104792
0.101148
0.102134
0.101542
0.101325
0.102863
0.093658
0.098293
0.099616
0.098796
0.101522
0.087462
0.088528
0.087983
0.088024
0.088424
0.078974
0.077916
0.081119
0.080808
0.081229
0.081230
0.081269
0.081084
0.080898
0.081748
0.078117
0.081840
0.081979
0.081478
0.081952
0.081188
0.087539
0.087136
0.086210
0.087486
0.087110
0.086176
0.083997
0.085086
0.077688
0.084581
0.084795
0.082175
0.083590
0.084705
0.084967
0.085285
0.083631
0.084778
0.078210
0.076219
0.083533
0.082220
0.087586
0.086584
0.086600
0.087429
0.086804
0.085887
0.086589
0.086163
0.086860
0.087143
0.087253
0.047070
0.047036
0.048783
0.048262
0.048050
0.048140
0.048212
0.047972
0.051784
0.049180
0.048903
0.047928
0.046051
0.045899
0.046196
0.047460
0.051011
0.050173
0.051169
0.050532
0.050915
0.049254
0.050812
0.051629
0.052318
0.050441
0.052480
0.052840
0.053663
0.053304
0.053379
0.051507
0.052347
0.051763
0.052430
0.051487
0.049941
0.052432
0.051723
0.051764
0.051959
0.050691
0.048604
0.048444
0.049246
0.084276
0.080612
0.083228
0.084243
0.085048
0.083868
0.073685
0.075027
0.079168
0.079421
0.082833
0.083449
0.077172
0.083918
0.076885
0.083399
0.083118
0.083652
0.083292
0.082995
0.067673
0.069772
0.086267
0.085665
0.083996
0.079808
0.081684
0.083345
0.087291
0.083514
0.087190
0.088099
0.081132
0.084765
0.080757
0.076915
0.069871
0.070657
0.074812
0.076227
0.086859
0.074992
0.074149
0.074082
0.081204
0.081233
0.079481
0.080789
0.075833
0.072324
0.074245
0.081782
0.076353
0.075499
0.077234
0.076033
0.076393
0.074500
0.072835
0.073588
0.074739
0.071825
0.068936
0.076765
0.077022
0.003604
0.003733
0.004283
0.003562
0.000000
0.001926
0.003497
0.005946
0.007541
0.007420
0.007989
0.008126
0.009586
0.010559
0.009574
0.010869
0.009222
0.007498
0.007511
0.007365
0.007328
0.007630
0.007377
0.007564
0.007826
0.008072
0.008232
0.009682
0.008835
0.008293
0.009562
0.009342
0.009305
0.009056
0.009123
0.008887
0.008690
0.009292
0.008846
0.009684
0.060720
0.064432
0.071757
0.063445
0.066445
0.064237
0.068909
0.064613
0.063742
0.063419
0.062259
0.067967
0.060565
0.060472
0.064036
0.066876
0.065509
0.054911
0.061958
0.060965
0.061929
0.062275
0.063534
0.058008
0.055575
0.056573
0.057124
0.056513
0.055723
0.043286
0.045531
0.045158
0.050167
0.044100
0.041868
0.040531
0.039327
0.039699
0.037411
0.065423
0.069356
0.084009
0.068093
0.067079
0.075674
0.076433
0.075586
0.065754
0.067802
0.062878
0.069414
0.072866
0.071135
0.073088
0.071900
0.059689
0.096547
0.110284
0.114572
0.109368
0.106123
0.112208
0.090851
0.111264
0.091438
0.088814
0.091779
0.091406
0.092606
0.088789
0.091593
0.086069
0.094340
0.099561
0.052364
0.054289
0.051054
0.051162
0.051172
0.050978
0.050410
0.049240
0.049240
0.048661
0.072949
0.072848
0.072002
0.066584
0.081956
0.077014
0.075069
0.077199
0.080718
0.080752
0.080752
0.080735
0.064804
0.064813
0.064705
0.064849
0.060538
0.060539
0.060859
0.060859
0.060372
0.060383
0.060402
0.060408
0.073630
0.073629
0.073455
0.073455
0.081053
0.080492
0.080782
0.080682
0.055963
0.056507
0.054227
0.053024
0.050464
0.050022
0.049871
0.050561
0.048807
0.048319
0.048586
0.048437
0.050478
0.050613
0.050661
0.050668
0.066742
0.067374
0.067030
0.064612
0.064142
0.064371
0.064366
0.052778
0.081631
0.083889
0.083565
0.083356
0.084014
0.086548
0.093517
0.081564
0.081416
0.082986
0.081691
0.081472
0.081099
0.082597
0.081448
0.081073
0.080720
0.081169
0.080868
0.083741
0.082197
0.081865
0.081159
0.081464
0.082424
0.079555
0.082444
0.081273
0.083316
0.083259
0.085103
0.092661
0.091304
0.085034
0.085793
0.092352
0.080987
0.079830
0.083443
0.085453
0.082322
0.084293
0.084337
0.083503
0.084147
0.082509
0.083555
0.083561
0.081683
0.080056
0.077038
0.079372
0.077663
0.076739
0.077163
0.077327
0.077274
0.078071
0.077815
0.077912
0.077425
0.078517
0.078555
0.079653
0.078515
0.077939
0.078671
0.079390
0.081252
0.082487
0.080340
0.083076
0.082870
0.080712
0.085776
0.080710
0.080798
0.080872
0.080076
0.077402
0.080676
0.079906
0.078581
0.078855
0.081965
0.083295
0.078084
0.079611
0.079759
0.080081
0.080779
0.084188
0.084781
0.081129
0.080092
0.081460
0.079593
0.078201
0.079859
0.070685
0.076445
0.086438
0.087097
0.085393
0.086126
0.086873
0.086619
0.088992
0.088693
0.093937
0.092071
0.091174
0.093253
0.092430
0.102818
0.097703
0.095575
0.080614
0.094348
0.092203
0.092090
0.096942
0.094365
0.092840
0.090669
0.091284
0.082867
0.083301
0.085369
0.075659
0.071065
0.073090
0.075400
0.064740
0.077117
0.083027
0.077002
0.080882
0.076228
0.081350
0.080379
0.093642
0.101488
0.101481
0.097843
0.092963
0.085250
0.086181
0.082896
0.082532
0.083987
0.082309
0.082811
0.086336
0.074886
0.069662
0.070614
0.072249
0.077040
0.072043
0.068940
0.071180
0.065610
0.064830
0.058127
0.079031
0.078945
0.067917
0.063346
0.072497
0.071997
0.071090
0.064973
0.064030
0.079393
0.068349
0.073337
0.070164
0.079113
0.077616
0.076941
0.067830
0.066437
0.062648
0.065771
0.063688
0.066798
0.068155
0.053008
0.059959
0.063037
0.059325
0.061655
0.049313
0.052979
0.052190
0.051913
0.053766
0.055479
0.051746
0.057933
0.067651
0.065826
0.069695
0.065921
0.068289
0.066946
0.065651
0.059896
0.067555
0.063799
0.067302
0.063214
0.066659
0.063307
0.068161
0.077429
0.074740
0.078044
0.077604
0.079817
0.077021
0.078883
0.078057
0.083931
0.077012
0.080972
0.083089
0.079566
0.081184
0.087183
0.086476
0.072419
0.076681
0.083679
0.079160
0.084321
0.084225
0.082044
0.082941
0.082186
0.081814
0.079566
0.075070
0.076373
0.080178
0.078225
0.078384
0.080133
0.073685
0.078944
0.078695
0.081204
0.082099
0.083400
0.074333
0.085967
0.076020
0.080329
0.081225
0.072298
0.078324
0.075988
0.071561
0.074746
0.074369
0.071993
0.074361
0.073074
0.077088
0.074140
0.077165
0.075271
0.080575
0.075202
0.073546
0.070358
0.068410
0.070490
0.067438
0.070170
0.071395
0.071795
0.072717
0.071917
0.072848
0.069704
0.070165
0.069859
0.068709
0.069163
0.070354
0.073885
0.073804
0.073085
0.077890
0.076433
0.074154
0.076447
0.075544
0.076023
0.077909
0.076237
