0.085819
0.084996
0.084768
0.083740
0.076842
0.066586
0.036860
0.025943
0.033268
0.026565
0.032486
0.085787
0.119359
0.130315
0.166044
0.123911
0.242935
0.241519
0.151431
0.151966
0.217110
0.227072
0.247608
0.250270
0.244861
0.244613
0.311786
0.247025
0.201419
0.200311
0.194612
0.191621
0.189798
0.192192
0.193571
0.196871
0.197115
0.193245
0.197507
0.197148
0.196682
0.195822
0.198191
0.196633
0.261593
0.259940
0.262771
0.257403
0.261157
0.264044
0.259471
0.257559
0.261656
0.270116
0.255676
0.257039
0.255967
0.261826
0.259776
0.254013
0.258223
0.259008
0.259307
0.259463
0.260337
0.286555
0.254883
0.254764
0.251191
0.251506
0.253277
0.252688
0.258785
0.258289
0.255613
0.249346
0.184844
0.143112
0.041597
0.038740
0.044802
0.031964
0.031663
0.033339
0.031594
0.031676
0.031826
0.037413
0.036120
0.036248
0.036150
0.036950
0.036701
0.037945
0.036777
0.000000
0.000048
0.000105
0.000144
0.000201
0.000253
0.000267
0.000286
0.000310
0.000377
0.000398
0.000397
0.000397
0.000399
0.000425
0.000446
0.000445
0.000428
0.000407
0.000412
0.000485
0.000565
0.000619
0.000645
0.000649
0.000658
0.000681
0.000690
0.000744
0.000715
0.000704
0.000706
0.045181
0.048712
0.049871
0.043512
0.049592
0.050457
0.048627
0.046636
0.050328
0.048500
0.049653
0.050925
0.049138
0.048185
0.045475
0.045966
0.045217
0.047693
0.047702
0.042474
0.043121
0.043826
0.041736
0.042497
0.041125
0.042024
0.041567
0.040956
0.039498
0.039108
0.037878
0.039585
0.043380
0.043381
0.043289
0.041663
0.041830
0.042001
0.042072
0.043422
0.044526
0.043354
0.042253
0.043106
0.042690
0.044749
0.041869
0.041184
0.041840
0.041957
0.041779
0.042231
0.041074
0.041617
0.045271
0.046203
0.046044
0.041702
0.046239
0.041973
0.046026
0.046226
0.045314
0.043202
0.041766
0.042329
0.045898
0.045471
0.045796
0.044460
0.045530
0.044662
0.044964
0.044877
0.044716
0.044707
0.044689
0.044740
0.047358
0.045336
0.044016
0.046030
0.045663
0.047524
0.047074
0.046097
0.045454
0.045981
0.045352
0.041034
0.046632
0.045003
0.043183
0.044273
0.040849
0.042173
0.042759
0.041377
0.041774
0.043003
0.042788
0.042982
0.043067
0.043120
0.042666
0.042829
0.043268
0.042279
0.030253
0.048200
0.047727
0.045635
0.043499
0.040084
0.040663
0.043601
0.055531
0.055673
0.059348
0.043059
0.042567
0.042975
0.045383
0.050251
0.043739
0.043594
0.041744
0.044234
0.043001
0.043301
0.047600
0.048252
0.050016
0.051659
0.048493
0.049186
0.042831
0.046815
0.046366
0.043983
0.045820
0.041396
0.042253
0.045429
0.045672
0.045537
0.045065
0.045486
0.042713
0.043863
0.043201
0.042706
0.041330
0.040387
0.041073
0.039807
0.041020
0.072775
0.073347
0.073489
0.073167
0.072457
0.072171
0.071573
0.072533
0.070375
0.057350
0.058751
0.058946
0.072966
0.061357
0.062953
0.061312
0.056140
0.063594
0.058204
0.053031
0.070886
0.045571
0.046066
0.047162
0.048368
0.045399
0.046827
0.039609
0.044136
0.044155
0.038900
0.039029
0.038670
0.039292
0.039061
0.038837
0.039341
0.038985
0.039497
0.040003
0.039062
0.039787
0.040667
0.042207
0.045038
0.044636
0.045662
0.046592
0.052362
0.049008
0.049277
0.049070
0.053389
0.052454
0.048278
0.047500
0.047374
0.047660
0.048112
0.047558
0.046237
0.047284
0.043191
0.043479
0.042485
0.043869
0.044121
0.044009
0.044340
0.046490
0.043826
0.043587
0.043594
0.046748
0.046281
0.046307
0.045948
0.040937
0.040944
0.043657
0.047542
0.046500
0.034530
0.037509
0.037679
0.038089
0.035175
0.032738
0.034183
0.031631
0.034912
0.033111
0.032911
0.033381
0.033203
0.033514
0.033757
0.033030
0.033081
0.033214
0.032066
0.031626
0.032400
0.032431
0.032380
0.032380
0.032733
0.034009
0.032502
0.034027
0.033868
0.033492
0.032765
0.033375
0.033608
0.033437
0.032697
0.032357
0.032304
0.032712
0.032736
0.032585
0.032457
0.032112
0.032510
0.061633
0.060816
0.060974
0.061598
0.061948
0.061552
0.061842
0.060274
0.060155
0.060413
0.061140
0.061063
0.061867
0.067159
0.061394
0.059675
0.060689
0.059906
0.060557
0.060456
0.060281
0.061224
0.060341
0.060400
0.060336
0.059589
0.057673
0.061925
0.060778
0.060821
0.058362
0.059238
0.058906
0.057868
0.058147
0.063391
0.059213
0.057980
0.057716
0.057469
0.056010
0.058315
0.057321
0.057832
0.059211
0.060367
0.059958
0.060472
0.064628
0.061751
0.065120
0.060683
0.029166
0.037792
0.050375
0.053027
0.051953
0.052188
0.052747
0.050848
0.052747
0.049297
0.050627
0.047835
0.049375
0.047185
0.038983
0.040711
0.037177
0.038189
0.044338
0.041637
0.041007
0.042656
0.043703
0.042976
0.042528
0.042801
0.043784
0.044030
0.041594
0.040531
0.043689
0.042367
0.042619
0.040361
0.040561
0.039959
0.040276
0.040213
0.040506
0.040621
0.040531
0.039549
0.039502
0.039905
0.041490
0.038652
0.040019
0.042575
0.044932
0.041122
0.038837
0.038549
0.037152
0.039763
0.035813
0.035101
0.032943
0.032436
0.029104
0.032033
0.028682
0.030322
0.029430
0.037322
0.033257
0.033827
0.033214
0.035880
0.035728
0.035967
0.036338
0.036623
0.034909
0.035305
0.035183
0.035423
0.035961
0.034556
0.039193
0.036638
0.037678
0.039577
0.039544
0.035723
0.037516
0.034842
0.036682
0.037026
0.035234
0.035373
0.036310
0.035873
0.037038
0.036560
0.034732
0.037581
0.037295
0.036228
0.035685
0.035448
0.036411
0.035337
0.034615
0.034959
0.034882
0.043925
0.043258
0.044001
0.045409
0.044939
0.044098
0.046230
0.044686
0.045005
0.045831
0.046044
0.048688
0.046888
0.046444
0.047692
0.047754
0.046767
0.046697
0.046610
0.045510
0.046050
0.046105
0.046616
0.046259
0.046273
0.046806
0.046913
0.046709
0.048766
0.049811
0.053618
0.054018
0.054533
0.053653
0.054215
0.053896
0.056063
0.051196
0.054718
0.049929
0.048072
0.045570
0.045835
0.056116
0.049257
0.056986
0.053849
0.055142
0.043818
0.051709
0.055105
0.055661
0.056339
0.047222
0.038827
0.049098
0.045370
0.047474
0.046897
0.042797
0.049099
0.051939
0.063795
0.065371
0.065797
0.071905
0.069452
0.070284
0.061926
0.068589
0.069472
0.070975
0.076168
0.075767
0.072841
0.075631
0.070252
0.064547
0.058362
0.053257
0.067744
0.064101
0.073009
0.058133
0.070496
0.067363
0.065942
0.067017
0.064000
0.063997
0.059282
0.069252
0.072049
0.054551
0.036980
0.078286
0.053806
0.078870
0.036198
0.040539
0.039681
0.035640
0.046029
0.044365
0.057080
0.040959
0.035274
0.028061
0.046839
0.046699
0.055126
0.065788
0.063083
0.067844
0.055243
0.054941
0.047866
0.043504
0.043669
0.040120
0.034093
0.037318
0.038259
0.036131
0.036644
0.042311
0.050209
0.045636
0.047391
0.043605
0.042252
0.043047
0.042820
0.043502
0.042351
0.041433
0.042906
0.042283
0.042715
0.042747
0.043362
0.043629
0.042148
0.042540
0.042459
0.042433
0.043041
0.043794
0.042028
0.042983
0.041938
0.041971
0.041966
0.042226
0.044260
0.042198
0.041893
0.042515
0.042459
0.042641
0.043411
0.044006
0.043727
0.041687
0.042933
0.042784
0.041197
0.041726
0.041691
0.042331
0.042641
0.042782
0.043040
0.043907
0.043817
0.043820
0.043123
0.043196
0.043034
0.042620
0.039080
0.038990
0.038742
0.038723
0.038198
0.038390
0.038577
0.036692
0.038502
0.036759
0.036492
0.035126
0.035887
0.035610
0.035544
0.035862
0.038150
0.036963
0.044847
0.040904
0.040651
0.040465
0.040609
0.042719
0.038727
0.039714
0.039287
0.038335
0.037395
0.040307
0.039935
0.038325
0.039139
0.038329
0.039915
0.036672
0.040098
0.038559
0.042098
0.046496
0.042712
0.043075
0.049219
0.046705
0.042650
0.039434
0.045800
0.043044
0.042488
0.046037
0.046968
0.037826
0.039483
0.036773
0.038114
0.036414
0.034520
0.038829
0.036341
0.036247
0.035602
0.035741
0.036289
0.035481
0.036695
0.036336
0.036765
0.036155
0.035654
0.036945
0.036031
0.037256
0.039795
0.040739
0.040104
0.041797
0.043964
0.039046
0.041004
0.042882
0.042817
0.042801
0.042502
0.041940
0.042520
0.039594
0.036431
0.045897
0.041806
0.053479
0.044976
0.052965
0.053795
0.053897
0.054309
0.055981
0.058861
0.029599
0.030152
0.034095
0.028942
0.032227
0.035760
0.035257
0.045068
0.046326
0.047047
0.046087
0.046617
0.047925
0.047274
0.047253
0.043239
0.050547
0.050269
0.051818
0.052652
0.053100
0.049121
0.051497
0.044469
0.050616
0.049823
0.043434
0.047248
0.048325
0.044921
0.037600
0.048522
0.045470
0.040743
0.043918
0.041967
0.042136
0.038159
0.036288
0.038358
0.037903
0.038111
0.038574
0.039371
0.039110
0.040160
0.036522
0.040125
0.041386
0.038116
0.039715
0.040790
0.040325
0.040369
0.040311
0.040761
0.041353
0.040344
0.041816
0.037731
0.042429
0.036214
0.036740
0.048153
0.046864
0.048129
0.042884
0.047579
0.047725
0.043950
0.043990
0.044331
0.043716
0.044783
0.047884
0.048149
0.048776
0.047834
0.047287
0.047378
0.047158
0.046028
0.047880
0.043276
0.043815
0.044502
0.039451
0.040564
0.041643
0.040894
0.040506
0.041786
0.041844
0.041589
0.042312
0.041547
0.040113
0.041295
0.042453
0.042138
0.042788
0.045112
0.033806
0.032822
0.033958
0.036110
0.036610
0.034229
0.033716
0.032978
0.034774
0.031956
0.034102
0.033578
0.043549
0.044793
0.046457
0.037461
0.038392
0.023950
0.048053
0.037030
0.026958
0.031730
0.030542
0.030877
0.038708
0.038975
0.039443
0.040817
0.041538
0.041852
0.050095
0.045739
0.045620
0.045712
0.045436
0.045160
0.044751
0.043847
0.044291
0.047761
0.047669
0.046208
0.048874
0.050416
0.050130
0.047625
0.048028
0.046628
0.041574
0.040593
0.040975
0.041095
0.041593
0.041527
0.040819
0.041006
0.041675
0.041828
0.042101
0.041645
0.041858
0.042119
0.042237
0.042387
0.043038
0.042964
0.043042
0.043101
0.042406
0.043929
0.044062
0.042306
0.043266
0.041365
0.043910
0.044079
0.044205
0.043954
0.045179
0.043645
0.045583
0.045499
0.042791
0.044509
0.043833
0.045162
0.044724
0.045086
0.045327
0.045947
0.045901
0.045606
0.046145
0.029954
0.033961
0.029210
0.028999
0.029075
0.030799
0.028668
0.028592
0.026795
0.027321
0.028727
0.028678
0.027739
0.028182
0.028054
0.027166
0.028246
0.027313
0.028311
0.027918
0.027818
0.028295
0.052885
0.053104
0.053089
0.053291
0.055385
0.053403
0.052820
0.052977
0.053179
0.053112
0.051524
0.054998
0.054868
0.048413
0.048200
0.054606
0.052716
0.053102
0.053259
0.043821
0.042914
0.043565
0.042505
0.043471
0.044128
0.043534
0.041778
0.042062
0.042977
0.044215
0.043044
0.043163
0.043601
0.043425
0.043289
0.043769
0.043697
0.044379
0.043943
0.042474
0.043196
0.043610
0.043674
0.044121
0.043577
0.043348
0.042945
0.043063
0.043918
0.043738
0.042279
0.043255
0.042880
0.043069
0.043473
0.043538
0.043634
0.043970
0.043619
0.044087
0.043331
0.043887
0.043386
0.043569
0.044098
0.043856
0.044232
0.043234
0.043350
0.043730
0.043251
0.042842
0.043310
0.043710
0.043352
0.042911
0.043319
0.044131
0.044061
0.044367
0.043448
0.043425
0.043400
0.043642
0.042500
0.042702
0.041977
0.041783
0.042187
0.041449
0.043223
0.045176
0.043522
0.043782
0.044126
0.043560
0.044139
0.044631
0.043622
0.044351
0.043592
0.044856
0.044494
0.044058
0.043315
0.043104
0.042929
0.043661
0.043995
0.043711
0.094350
0.094407
0.095260
0.095334
0.095216
0.095130
0.095073
0.095391
0.095016
0.095514
0.094690
0.094163
0.094389
0.094497
0.094566
0.094773
0.094704
0.093762
0.093648
0.094766
0.094723
0.094244
0.093840
0.094338
0.093920
0.092844
0.094887
0.094211
0.095146
0.094441
0.093930
0.092584
0.092940
0.094081
0.094842
0.093207
0.094534
0.094170
0.094543
0.095144
0.095038
0.094034
0.094936
0.093718
0.093000
0.093974
0.094814
0.093240
0.094102
0.093906
0.094486
0.094851
0.094102
0.094960
0.093740
0.093661
0.093584
0.094132
0.094135
0.094524
0.093509
0.094149
0.093750
0.094019
0.094114
0.093916
0.094123
0.093765
0.094181
0.094578
0.094582
0.095021
0.094967
0.095174
0.095002
0.094941
0.095242
0.094977
0.095063
0.095151
0.095392
0.094733
0.094588
0.094494
0.094529
0.093730
0.093798
0.094198
0.093228
0.092798
0.094682
0.085176
0.085042
0.092023
0.091905
0.091923
0.092050
0.091603
0.092007
0.091512
0.091904
0.091709
0.091615
0.091950
0.087685
0.091681
0.091804
0.092134
0.091829
0.092352
0.092514
0.091169
0.091917
0.091463
0.091145
0.091190
0.091238
0.091132
0.090795
0.091199
0.091300
0.091656
0.091543
0.091559
0.091377
0.091425
0.091305
0.091280
0.091756
0.091333
0.091159
0.092069
0.091973
0.091709
0.091868
0.091767
0.091267
0.091340
0.091147
0.077319
0.080233
0.091720
0.090751
0.091554
0.090635
0.091112
0.091141
0.091093
0.090950
0.091008
0.090828
0.091448
0.080469
0.079077
0.079581
0.080129
0.079733
0.079583
0.079553
0.079429
0.079453
0.079657
0.078805
0.079945
0.080186
0.096644
0.096766
0.096600
0.096527
0.096788
0.096679
0.096523
0.096624
0.096664
0.096443
0.096525
0.096865
0.097134
0.097098
0.097029
0.096793
0.097103
0.096960
0.096108
0.095695
0.095883
0.096260
0.095493
0.095502
0.096154
0.096364
0.096416
0.096943
0.096499
0.096757
0.096611
0.096632
0.095857
0.096014
0.095963
0.096344
0.096256
0.096181
0.096357
0.096541
0.096222
0.043472
0.043631
0.043357
0.042940
0.043216
0.041927
0.041933
0.041774
0.042222
0.042797
0.042618
0.042850
0.043450
0.043196
0.043318
0.043437
0.043696
0.044190
0.042835
0.043567
0.044036
0.047076
0.043448
0.043329
0.043191
0.043223
0.041385
0.047041
0.047043
0.043144
0.042779
0.042477
0.043830
0.043867
0.043005
0.042589
0.043504
0.042678
0.043778
0.043160
0.042590
0.042336
0.043437
0.043005
0.042832
0.042698
0.042447
0.042942
0.042875
0.042521
0.042680
0.042456
0.042549
0.042610
0.042765
0.043089
0.042983
0.043084
0.043009
0.042669
0.043938
0.043323
0.043708
0.043341
0.042638
0.042256
0.042356
0.043340
0.045620
0.044687
0.043066
0.044193
0.045289
0.042950
0.042732
0.042804
0.043050
0.042744
0.043025
0.042919
0.042686
0.042955
0.042697
0.042386
0.042679
0.042770
0.043286
0.043100
0.043482
0.043017
0.043343
0.042839
0.043319
0.043664
0.043464
0.043328
0.027217
0.027081
0.027511
0.027350
0.027230
0.027498
0.027632
0.026811
0.027170
0.033006
0.033356
0.026953
0.030902
0.027033
0.027122
0.027387
0.027271
0.026395
0.025979
0.026650
0.026758
0.027231
0.028306
0.025869
0.028092
0.028040
0.026366
0.026536
0.028349
0.027974
0.028039
0.030474
0.027145
0.026385
0.026181
0.030007
0.030890
0.033366
0.035508
0.031127
0.034283
0.032986
0.034559
0.036154
0.048680
0.038005
0.038380
0.035620
0.037100
0.034695
0.053610
0.038526
0.036975
0.036408
0.031132
0.029640
0.029683
0.032071
0.031915
0.035638
0.036471
0.036566
0.030043
0.032035
0.031734
0.030620
0.035253
0.033115
0.036500
0.033684
0.034317
0.033199
0.033484
0.035548
0.036306
0.033719
0.039886
0.037434
0.035508
0.033922
0.034796
0.040080
0.042685
0.033676
0.032922
0.033076
0.037712
0.036969
0.038593
0.034972
0.034591
0.035216
0.036121
0.036423
0.033525
0.033525
0.033324
0.034064
0.033312
0.033593
0.035176
0.036479
0.064794
0.065185
0.063626
0.062766
0.064783
0.061425
0.062843
0.065651
0.062241
0.065624
0.066722
0.064920
0.063721
0.065231
0.063401
0.063033
0.063663
0.063460
0.063506
0.062916
0.062513
0.062449
0.062427
0.062727
0.060384
0.059716
0.060004
0.059571
0.059810
0.059791
0.061740
0.062051
0.064434
0.063440
0.061485
0.064231
0.062899
0.062907
0.060785
0.064197
0.064169
0.064634
0.064402
0.065161
0.064787
0.040342
0.041618
0.042582
0.041305
0.042125
0.041894
0.053045
0.041716
0.043116
0.041315
0.041298
0.041863
0.048507
0.044154
0.044005
0.043911
0.049436
0.039919
0.047463
0.048758
0.048709
0.048255
0.050942
0.050959
0.051993
0.053996
0.050696
0.049410
0.049070
0.048306
0.051416
0.050676
0.052351
0.052425
0.051187
0.050954
0.053694
0.053307
0.052766
0.052377
0.052748
0.051579
0.052677
0.051211
0.053164
0.050716
0.050474
0.052449
0.051181
0.053691
0.053861
0.054124
0.043370
0.042657
0.042023
0.042089
0.041702
0.041065
0.041395
0.041919
0.041846
0.042142
0.042531
0.041715
0.042333
0.042217
0.041609
0.042194
0.041891
0.042736
0.042209
0.043558
0.043641
0.043438
0.043110
0.042649
0.042863
0.043070
0.042999
0.043251
0.041386
0.042352
0.041822
0.042064
0.042264
0.041698
0.041679
0.041231
0.041933
0.041710
0.041906
0.041031
0.041210
0.043095
0.042756
0.042546
0.043061
0.043187
0.041957
0.042032
0.041421
0.041773
0.044199
0.044016
0.044457
0.043448
0.044628
0.044534
0.045240
0.045414
0.044288
0.043633
0.044060
0.043912
0.042740
0.043628
0.044615
0.043295
0.042425
0.043970
0.043241
0.042922
0.043302
0.043627
0.044076
0.043416
0.043472
0.043822
0.043671
0.043540
0.043304
0.042955
0.042771
0.042915
0.042727
0.042819
0.042779
0.045471
0.045334
0.045383
0.045988
0.043774
0.043221
0.046063
0.043671
0.043608
0.027586
0.027228
0.027022
0.027305
0.027170
0.026433
0.027796
0.026917
0.028530
0.026342
0.027284
0.027882
0.027150
0.027608
0.027369
0.027638
0.027667
0.027676
0.027419
0.027581
0.026668
0.027844
0.029102
0.028867
0.029188
0.030440
0.027005
0.028191
0.027976
0.029128
0.026968
0.029312
0.029694
0.029666
0.029202
0.029301
0.029571
0.029312
0.027898
0.028607
0.027734
0.029123
0.030172
0.029979
0.030461
0.031551
0.033201
0.033018
0.032384
0.026854
0.036494
0.027763
0.027412
0.026849
0.027673
0.028539
0.030442
0.032450
0.026576
0.026387
0.026016
0.031598
0.031714
0.027981
0.030249
0.027148
0.030553
0.031881
0.027518
0.027012
0.027307
0.027831
0.036162
0.036001
0.034744
0.051718
0.054289
0.056379
0.055255
0.056575
0.055725
0.051162
0.053852
0.054135
0.055714
0.038550
0.038640
0.036552
0.033437
0.029803
0.037393
0.041551
0.057607
0.051286
0.064925
0.067529
0.063696
0.060936
0.063050
0.057793
0.052635
0.048185
0.050941
0.053115
0.055062
0.051430
0.054043
0.050471
0.053304
0.046158
0.051774
0.049904
0.050545
0.050366
0.052380
0.045760
0.042752
0.038111
0.035342
0.035807
0.040040
0.042589
0.040474
0.038638
0.037410
0.036006
0.037542
0.037952
0.037922
0.037854
0.038180
0.038305
0.038220
0.039331
0.038372
0.038367
0.040567
0.038653
0.078500
0.082613
0.092771
0.079687
0.081299
0.080702
0.080314
0.102084
0.101181
0.103969
0.084619
0.085111
0.099269
0.101554
0.093474
0.096725
0.097111
0.066602
0.065877
0.067133
0.074450
0.071046
0.066754
0.070668
0.070737
0.071097
0.071173
0.067959
0.076396
0.077229
0.068006
0.066916
0.075160
0.063518
0.062822
0.071517
0.070020
0.064411
0.069067
0.063484
0.065097
0.072958
0.078155
0.072604
0.066581
0.064669
0.063438
0.074482
0.044975
0.044447
0.044207
0.044066
0.043098
0.042775
0.043723
0.042454
0.042621
0.042551
0.042090
0.042022
0.042697
0.043142
0.043052
0.042228
0.042279
0.043146
0.043148
0.042686
0.043043
0.043512
0.043132
0.042758
0.041827
0.043528
0.043011
0.042244
0.042949
0.043336
0.043463
0.043426
0.043366
0.043645
0.042770
0.042953
0.042340
0.043433
0.042706
0.042217
0.042528
0.042556
0.045287
0.047996
0.063967
0.072181
0.081159
0.089334
0.096364
0.057392
0.098148
0.305281
0.402883
0.461954
0.405930
0.272460
0.110222
0.357533
0.462187
0.410409
0.309423
0.054837
0.069854
0.087032
0.077829
0.077281
0.079652
0.065518
0.062812
0.076230
0.075808
0.069027
0.091697
0.284999
0.386295
0.299654
0.354492
0.508637
0.509073
0.537014
0.537744
0.586287
0.488437
0.443867
0.064279
0.062286
0.059005
0.056105
0.056527
0.054716
0.053632
0.052069
0.053629
0.045919
0.050413
0.049128
0.048819
0.049210
0.048509
0.050783
0.047865
0.049094
0.048296
0.044385
0.043913
0.047667
0.048754
0.049828
0.048445
0.047242
0.047333
0.048523
0.047684
0.047345
0.047611
0.047209
0.050147
0.036584
0.037473
0.036190
0.036926
0.040606
0.040468
0.040469
0.039198
0.042133
0.040562
0.040925
0.042869
0.042884
0.042994
0.050055
0.044194
0.049004
0.044290
0.040542
0.037956
0.035858
0.037817
0.033371
0.032103
0.038552
0.038262
0.037530
0.034795
0.035827
0.037014
0.052271
0.053455
0.041150
0.037434
0.038924
0.036696
0.041162
0.040389
0.040143
0.041333
0.044050
0.043275
0.039759
0.040216
0.043566
0.038210
0.037048
0.043957
0.039576
0.044737
0.042442
0.043136
0.040640
0.043391
0.047569
0.048255
0.040929
0.044165
0.048629
0.048891
0.053335
0.051702
0.055470
0.057109
0.059079
0.068415
0.056177
0.055936
0.055621
0.056736
0.053155
0.052243
0.051697
0.052296
0.054456
0.051433
0.063024
0.065316
0.052264
0.053298
0.050925
0.050856
0.050622
0.052288
0.052964
0.052951
0.053156
0.052661
0.050905
0.052849
0.053926
0.053388
0.053745
0.053857
0.053774
0.054041
0.052711
0.052518
0.053536
0.053789
0.053787
0.052650
0.053742
0.053569
0.054177
0.054223
0.044868
0.045164
0.045516
0.044423
0.045632
0.045409
0.049004
0.044739
0.043063
0.042166
0.042123
0.041988
0.042109
0.043242
0.041918
0.043531
0.042714
0.043119
0.042221
0.042360
0.042883
0.043567
0.042813
0.043301
0.042105
0.076255
0.076751
0.077484
0.077673
0.077051
0.077686
0.076882
0.076014
0.077170
0.077574
0.078527
0.079397
0.078820
0.079157
0.080121
0.079219
0.080166
0.078544
0.078719
0.076852
0.076581
0.076703
0.077060
0.078255
0.077385
0.077454
0.078771
0.079025
0.078553
0.078125
0.078332
0.078368
0.079338
0.078417
0.078122
0.078055
0.078034
0.078330
0.078663
0.079304
0.078497
0.079257
0.079784
0.079812
0.081063
0.086393
0.080697
0.080565
0.087243
0.085716
0.080954
0.079776
0.080684
0.080530
0.086079
0.085157
0.085848
0.085433
0.088308
0.085889
0.085641
0.085985
0.087576
0.086456
0.088711
0.088710
0.087791
0.088344
0.089006
0.090694
0.145344
0.090092
0.090082
0.148549
0.150119
0.144949
0.089587
0.155674
0.141826
0.088566
0.141684
0.145451
0.145555
0.145284
0.147490
0.086781
0.145793
0.145723
0.144121
0.144855
0.145959
0.145667
0.061170
0.066356
0.046708
0.172891
0.155566
0.144925
0.152575
0.150192
0.151058
0.133507
0.135459
0.131740
0.135248
0.136371
0.137645
0.135952
0.132330
0.127349
0.127707
0.125487
0.127402
0.038569
0.031150
0.031805
0.037957
0.038210
0.038613
0.038284
0.032395
0.035392
0.037908
0.037787
0.037304
0.044067
0.045455
0.046148
0.037499
0.038036
0.040042
0.037259
0.037399
0.037311
0.037229
0.040390
0.037598
0.043308
0.043811
0.044384
0.045098
0.046256
0.045106
0.043432
0.044062
0.044385
0.043793
0.043484
0.044561
0.043754
0.043761
0.043232
0.043894
0.042725
0.042783
0.042370
0.042193
0.042976
0.042220
0.043087
0.042888
0.043125
0.044245
0.043606
0.043606
0.043754
0.043803
0.042398
0.045683
0.042679
0.042774
0.042956
0.042626
0.044918
0.045047
0.044746
0.045746
0.044698
0.044930
0.045328
0.046641
0.046803
0.044895
0.044693
0.044394
0.044327
0.044266
0.044887
0.044794
0.043908
0.040694
0.040114
0.044043
0.047735
0.046713
0.041170
0.037858
0.047141
0.046314
0.046732
0.047119
0.047562
0.047444
0.045777
0.046667
0.044193
0.046059
0.047269
0.046355
0.044162
0.044481
0.045102
0.045856
0.045940
0.077279
0.076877
0.079641
0.079357
0.079758
0.080582
0.080556
0.080148
0.080461
0.078704
0.081621
0.081990
0.080223
0.079085
0.077495
0.076238
0.079904
0.074270
0.078602
0.074737
0.077358
0.078222
0.076873
0.077910
0.078420
0.078946
0.077669
0.077493
0.076479
0.076997
0.076770
0.074605
0.073296
0.070768
0.075966
0.074645
0.073688
0.071797
0.074417
0.075691
0.074775
0.077788
0.076723
0.075037
0.077059
0.076172
0.076534
0.074371
0.077278
0.079591
0.076459
0.074810
0.078161
0.077365
0.074949
0.074206
0.074170
0.075619
0.073251
0.076106
0.075006
0.070785
0.070604
0.069801
0.070167
0.059273
0.059816
0.059891
0.059295
0.058892
0.059621
0.063355
0.062656
0.064060
0.063664
0.061689
0.062067
0.061058
0.060769
0.059202
0.061749
0.063289
0.063223
0.056930
0.056482
0.060395
0.062039
0.063025
0.066963
0.059031
0.058147
0.077461
0.078068
0.071710
0.072969
0.072817
0.072133
0.062431
0.070870
0.072819
0.072038
0.081676
0.068665
0.072420
0.066584
0.068236
0.039107
0.041522
0.038118
0.248100
0.155348
0.083734
0.052906
0.041012
0.037737
0.034442
0.035280
0.034750
0.035117
0.035569
0.035322
0.036200
0.035713
0.037445
0.037088
0.036716
0.037741
0.038185
0.038349
0.038228
0.040717
0.040648
0.039552
0.040332
0.037139
0.035950
0.035791
0.038318
0.039865
0.037221
0.038416
0.045110
0.038580
0.043186
0.042789
0.042944
0.044569
0.042483
0.047448
0.057361
0.058241
0.055266
0.058878
0.056353
0.056084
0.053591
0.048691
0.046797
0.045727
0.043536
0.042472
0.044617
0.041163
0.042198
0.046939
0.037895
0.043650
0.044389
0.032029
0.032279
0.030700
0.033072
0.032985
0.031989
0.032608
0.034830
0.040002
0.039638
0.034607
0.036073
0.037984
0.035638
0.040040
0.043019
0.045473
0.041574
0.041736
0.031026
0.030404
0.030127
0.036218
0.048608
0.049875
0.049764
0.049314
0.050299
0.049974
0.048419
0.049764
0.050209
0.049330
0.049223
0.049958
0.049021
0.049730
0.050133
0.048664
0.044937
0.048475
0.048355
0.049868
0.049749
0.050029
0.049344
0.039871
0.048468
0.047033
0.051531
0.054981
0.049370
0.048500
0.047928
0.047554
0.047068
0.044741
0.044979
0.045259
0.043227
0.045541
0.044194
0.041200
0.043697
0.043641
0.042940
0.044265
0.043660
0.045032
0.043289
0.042225
0.042653
0.042579
0.042383
0.042388
0.042226
0.043443
0.043439
0.043161
0.049773
0.042608
0.042980
0.042295
0.042312
0.043163
0.042192
0.041600
0.042361
0.044567
0.048766
0.048339
0.048977
0.047856
0.047119
0.047818
0.046089
0.048404
0.042802
0.046319
0.045508
0.044698
0.046701
0.046792
0.049051
0.047124
0.048336
0.048073
0.051297
0.054139
0.049903
0.047706
0.048108
0.047440
0.047349
0.046457
0.047392
0.047625
0.048060
0.046664
0.048923
0.040439
0.043689
0.048555
0.048564
0.049884
0.045275
0.045589
0.043188
0.042939
0.042936
0.042913
0.043524
0.042891
0.042567
0.042852
0.042706
0.042332
0.042987
0.042153
0.042737
0.042724
0.042437
0.042162
0.042796
0.042962
0.042790
0.043113
0.043483
0.043164
0.042957
0.043264
0.043342
0.043387
0.043179
0.042899
0.043142
0.043046
0.042166
0.043911
0.044052
0.044031
0.043493
0.043531
0.044091
0.042890
0.043002
0.043186
0.043565
0.042706
0.043468
0.043082
0.043692
0.043485
0.043007
0.042894
0.043075
0.043207
0.043321
0.043238
0.044403
0.043865
0.044136
0.042892
0.043081
0.042803
0.042714
0.044144
0.043804
0.044034
0.043838
0.042988
0.043004
0.043781
0.043653
0.043674
0.043274
0.045060
0.043614
0.043389
0.043862
0.043860
0.042618
0.044574
0.044780
0.044709
0.044586
0.042543
0.042023
0.042928
0.042051
0.042670
0.042972
0.042999
0.042960
0.043453
0.042305
0.042877
0.042568
0.042353
0.043572
0.043608
0.043068
0.042407
0.044966
0.042965
0.044651
0.044919
0.043593
0.044045
0.043721
0.042902
0.042206
0.045040
0.044385
0.044457
0.043833
0.043032
0.043570
0.043161
0.043042
0.043089
0.044031
0.043142
0.042132
0.043789
0.042858
0.043748
0.042709
0.043474
0.043857
0.043868
0.043226
0.042998
0.043018
0.043625
0.041749
0.042077
0.042696
0.042657
0.042598
0.042208
0.041717
0.042220
0.041824
0.042850
0.043592
0.043389
0.043338
0.045729
0.045451
0.035669
0.029720
0.033116
0.029027
0.031486
0.089456
0.119498
0.129940
0.168000
0.124859
0.242169
0.180705
0.155123
0.130244
0.228057
0.228130
0.250132
0.231033
0.245292
0.236137
0.314096
0.260993
0.257593
0.258217
0.266521
0.260287
0.255400
0.256409
0.263212
0.192020
0.191937
0.195122
0.196284
0.195974
0.195156
0.195511
0.197897
0.193487
0.195767
0.196566
0.203185
0.259385
0.255186
0.261968
0.267844
0.272222
0.261833
0.264873
0.263263
0.261477
0.256564
0.256852
0.260312
0.256226
0.261184
0.260570
0.260851
0.257917
0.258855
0.258001
0.256222
0.256351
0.257970
0.258939
0.248375
0.250824
0.249937
0.257845
0.243663
0.316216
0.289680
0.130165
0.089991
0.085573
0.085557
0.085919
0.085919
0.085919
0.085919
0.085919
0.085919
0.085919
0.085919
0.085919
0.085919
0.085919
0.085919
0.085919
0.085919
