0.318838
0.318926
0.312641
0.312652
0.298998
0.281485
0.256005
0.230046
0.161884
0.099255
0.067536
0.006426
0.006513
0.006390
0.006647
0.006467
0.006413
0.006685
0.006702
0.006341
0.006332
0.006257
0.006242
0.006300
0.006320
0.006362
0.006220
0.006379
0.006376
0.006464
0.006206
0.006394
0.006163
0.006198
0.006018
0.005888
0.005808
0.005690
0.005497
0.005627
0.005439
0.005811
0.005767
0.005830
0.005951
0.006009
0.005997
0.006205
0.006093
0.006363
0.006323
0.005998
0.006039
0.005923
0.006379
0.005914
0.005735
0.005653
0.005774
0.005910
0.006040
0.006004
0.006140
0.006119
0.006036
0.005760
0.005745
0.005592
0.005318
0.005268
0.005189
0.005066
0.005083
0.004969
0.004895
0.005130
0.005105
0.005018
0.004928
0.004829
0.004456
0.004133
0.004007
0.003921
0.003854
0.003942
0.003886
0.003698
0.003789
0.003681
0.003545
0.003548
0.003450
0.003428
0.002896
0.002225
0.001708
0.001139
0.000675
0.000310
0.000088
0.000000
0.000095
0.000322
0.000660
0.001124
0.001717
0.002221
0.003138
0.003693
0.004978
0.005556
0.005860
0.005831
0.028291
0.137950
0.188841
0.242125
0.267706
0.301432
0.318497
0.321569
0.127614
0.127421
0.124851
0.138588
0.122722
0.132439
0.130306
0.136421
0.167243
0.173963
0.137376
0.166490
0.140351
0.157908
0.170504
0.164508
0.140174
0.153148
0.168466
0.169859
0.162318
0.164969
0.161863
0.166134
0.166142
0.147904
0.152534
0.169260
0.170231
0.170256
0.172476
0.167461
0.153892
0.150655
0.157228
0.121204
0.125210
0.154403
0.171388
0.169756
0.162273
0.160269
0.154478
0.133580
0.161412
0.124646
0.121288
0.118608
0.116389
0.114790
0.137670
0.116088
0.139485
0.140564
0.137959
0.139319
0.141125
0.134866
0.138966
0.173073
0.130172
0.176696
0.173360
0.178879
0.177745
0.159236
0.159294
0.167696
0.177177
0.173423
0.154387
0.164083
0.171547
0.178474
0.163524
0.175336
0.166092
0.152376
0.141634
0.145210
0.155197
0.138311
0.136678
0.149518
0.149474
0.155960
0.139798
0.147515
0.140816
0.141271
0.139637
0.165939
0.167757
0.158073
0.152669
0.153544
0.156710
0.145895
0.133422
0.138650
0.136284
0.142257
0.142777
0.144095
0.139630
0.141732
0.140858
0.139975
0.139805
0.138362
0.135660
0.161964
0.160913
0.158718
0.135923
0.134361
0.138339
0.125099
0.108883
0.103460
0.095781
0.094165
0.099726
0.108537
0.115702
0.113021
0.109408
0.105759
0.107763
0.106760
0.108641
0.108231
0.105787
0.109391
0.103746
0.104400
0.103767
0.109556
0.106990
0.107772
0.107722
0.102417
0.101544
0.110300
0.108226
0.108982
0.105070
0.109242
0.108809
0.107957
0.108137
0.108932
0.121172
0.112262
0.114376
0.113512
0.122507
0.114392
0.110833
0.107059
0.105084
0.107936
0.107802
0.108164
0.107716
0.107604
0.106412
0.111020
0.108786
0.107091
0.106921
0.116317
0.118682
0.111246
0.121558
0.116264
0.119950
0.117006
0.115781
0.116019
0.119472
0.107501
0.107008
0.106063
0.108229
0.109039
0.108531
0.108007
0.109359
0.108046
0.105938
0.102927
0.103940
0.105356
0.103712
0.104487
0.114340
0.108501
0.106394
0.106383
0.105269
0.106627
0.103967
0.106402
0.103091
0.103533
0.103021
0.108484
0.103974
0.105805
0.102771
0.101929
0.102089
0.102413
0.102760
0.102184
0.102813
0.103907
0.102630
0.101887
0.103099
0.099451
0.110142
0.105983
0.112219
0.104567
0.099349
0.104745
0.110918
0.103171
0.108519
0.106933
0.106905
0.133731
0.128366
0.128472
0.125643
0.125691
0.117057
0.099075
0.115978
0.112618
0.120397
0.115088
0.121825
0.119529
0.110908
0.116406
0.115485
0.116915
0.119913
0.126714
0.105091
0.104321
0.098842
0.100038
0.099080
0.098204
0.098734
0.096009
0.098274
0.098305
0.096901
0.104171
0.101843
0.102514
0.099966
0.103125
0.102732
0.102485
0.101223
0.101781
0.100431
0.101431
0.102167
0.101699
0.103017
0.103593
0.105371
0.105697
0.111768
0.107135
0.112746
0.114599
0.108134
0.114747
0.103382
0.106292
0.119907
0.112149
0.122108
0.123526
0.125738
0.125530
0.127239
0.127302
0.128146
0.132476
0.130358
0.131860
0.131509
0.133046
0.120760
0.114900
0.121299
0.135789
0.135842
0.135085
0.132560
0.134993
0.131732
0.133683
0.116952
0.134670
0.132371
0.137049
0.118046
0.117950
0.117203
0.113141
0.117588
0.115445
0.120020
0.117261
0.121254
0.131483
0.121122
0.117732
0.115796
0.116547
0.117979
0.130705
0.134064
0.134959
0.135250
0.133405
0.135825
0.135452
0.133261
0.132951
0.136345
0.132893
0.133367
0.133870
0.133413
0.133356
0.137219
0.133163
0.141306
0.138838
0.140076
0.137669
0.136723
0.136429
0.138254
0.131484
0.135575
0.131682
0.137023
0.136602
0.134264
0.133782
0.134592
0.136307
0.135106
0.134811
0.135607
0.133538
0.118451
0.097347
0.102871
0.109468
0.106835
0.107452
0.105850
0.109136
0.106732
0.106814
0.101726
0.104134
0.125827
0.106972
0.108034
0.105328
0.112157
0.123096
0.121863
0.115703
0.113241
0.133876
0.125631
0.144112
0.119292
0.128970
0.117086
0.102248
0.103651
0.110742
0.105276
0.112666
0.107469
0.110361
0.097283
0.103813
0.100306
0.104999
0.099902
0.100435
0.105380
0.105710
0.109772
0.111253
0.108639
0.107273
0.106260
0.105270
0.104195
0.103498
0.106417
0.104584
0.107021
0.105520
0.106183
0.107398
0.101933
0.127384
0.103716
0.103845
0.102379
0.103014
0.105750
0.106261
0.108212
0.105626
0.107286
0.107421
0.108702
0.103773
0.103618
0.102164
0.101910
0.110014
0.101621
0.098590
0.103459
0.104903
0.104618
0.110884
0.109059
0.105256
0.113260
0.113184
0.113818
0.114676
0.113879
0.115830
0.113805
0.113981
0.115005
0.115763
0.120386
0.120889
0.119382
0.118207
0.117958
0.117629
0.119827
0.119890
0.113202
0.111047
0.119865
0.115435
0.121075
0.113681
0.115929
0.113530
0.119424
0.122443
0.122417
0.123605
0.121726
0.116597
0.119074
0.116832
0.115897
0.123653
0.118050
0.118728
0.115535
0.119297
0.121340
0.121010
0.120336
0.122907
0.121221
0.118872
0.122022
0.118755
0.119850
0.115508
0.120616
0.118793
0.122805
0.119763
0.115023
0.116496
0.111278
0.120934
0.119087
0.119072
0.123951
0.121732
0.124463
0.125213
0.122794
0.118916
0.118189
0.116096
0.118114
0.115095
0.117409
0.114935
0.115850
0.115445
0.118084
0.116934
0.118377
0.117303
0.119941
0.117976
0.119140
0.118382
0.118172
0.117067
0.119052
0.117270
0.116755
0.117987
0.118929
0.122913
0.119082
0.115073
0.115764
0.113205
0.121106
0.110969
0.118752
0.117712
0.117922
0.119736
0.117962
0.114741
0.116477
0.112848
0.115076
0.112125
0.114934
0.111624
0.118039
0.115895
0.114676
0.116647
0.114620
0.112468
0.117385
0.107213
0.108450
0.110287
0.115580
0.114161
0.114223
0.110551
0.114592
0.142782
0.133518
0.137173
0.135385
0.134245
0.142810
0.145278
0.141101
0.143721
0.141314
0.150770
0.141716
0.145672
0.142598
0.140509
0.146987
0.144952
0.163443
0.162508
0.151808
0.170375
0.167096
0.155122
0.156718
0.167588
0.160854
0.161350
0.170370
0.165825
0.173192
0.169057
0.167407
0.182024
0.189306
0.164877
0.192744
0.148648
0.185625
0.180671
0.150712
0.130442
0.139453
0.149568
0.146870
0.141210
0.135614
0.138821
0.138458
0.146386
0.150205
0.146198
0.158897
0.154630
0.173027
0.149764
0.134802
0.141105
0.139646
0.143399
0.147041
0.143220
0.148960
0.146991
0.154906
0.155475
0.152194
0.161327
0.149836
0.152216
0.149123
0.152619
0.152032
0.159949
0.132561
0.135239
0.130788
0.131674
0.128597
0.130583
0.131624
0.132792
0.111359
0.111920
0.151950
0.111777
0.113710
0.148311
0.152962
0.129359
0.132096
0.131327
0.122673
0.129481
0.135023
0.134040
0.121693
0.118765
0.112100
0.101450
0.108982
0.111380
0.117301
0.118392
0.117257
0.118420
0.121431
0.117569
0.121891
0.120980
0.122833
0.120425
0.121012
0.123212
0.120384
0.116394
0.119145
0.123815
0.121599
0.118920
0.117314
0.124460
0.124387
0.124581
0.125090
0.127671
0.129414
0.126299
0.127852
0.119343
0.120255
0.116284
0.116450
0.120578
0.121949
0.119024
0.120679
0.123243
0.124534
0.121024
0.128695
0.121192
0.126081
0.123722
0.126575
0.128804
0.126332
0.128403
0.128015
0.124537
0.125912
0.124275
0.119818
0.117959
0.117885
0.115372
0.117413
0.120989
0.119867
0.119433
0.120659
0.126230
0.126617
0.122636
0.124258
0.121800
0.115240
0.123787
0.121744
0.122316
0.122509
0.121794
0.120176
0.118921
0.126776
0.115122
0.113619
0.117285
0.110305
0.117425
0.115823
0.115503
0.117492
0.110451
0.118556
0.107881
0.117935
0.115207
0.120390
0.105321
0.114515
0.117767
0.106468
0.108272
0.109049
0.117646
0.112982
0.113152
0.113952
0.116800
0.130274
0.122676
0.131631
0.127765
0.129577
0.131730
0.133154
0.136555
0.134814
0.134245
0.135185
0.130376
0.137640
0.133100
0.134496
0.136723
0.136972
0.136997
0.136323
0.134460
0.132212
0.132103
0.129922
0.128570
0.120600
0.129275
0.114961
0.129993
0.133451
0.126131
0.128766
0.128223
0.129811
0.130357
0.124814
0.115190
0.116662
0.114417
0.117040
0.126880
0.129722
0.112318
0.131041
0.125747
0.113944
0.114237
0.115740
0.114716
0.118897
0.116161
0.119566
0.119978
0.118585
0.122216
0.123496
0.121319
0.120098
0.120954
0.121801
0.122730
0.122452
0.122942
0.121227
0.122071
0.123204
0.121227
0.122309
0.121618
0.119712
0.120932
0.121118
0.120046
0.122894
0.119945
0.118899
0.117078
0.115147
0.115873
0.116603
0.122601
0.116636
0.117059
0.116392
0.121388
0.119125
0.116025
0.117960
0.118277
0.117662
0.110492
0.109212
0.110070
0.109458
0.110838
0.111854
0.109332
0.116918
0.118823
0.108496
0.107944
0.105765
0.111018
0.117742
0.117081
0.115407
0.120563
0.108051
0.108777
0.110161
0.096762
0.072748
0.107041
0.104830
0.108132
0.122263
0.107495
0.116477
0.096309
0.096107
0.113772
0.108657
0.114300
0.122106
0.114172
0.115738
0.126969
0.128437
0.127778
0.116867
0.104170
0.139286
0.116350
0.114788
0.134273
0.110684
0.119302
0.094928
0.129467
0.130831
0.125193
0.117976
0.129906
0.129335
0.130453
0.139288
0.139432
0.142632
0.130620
0.130296
0.134189
0.127193
0.135744
0.138624
0.136739
0.129467
0.123167
0.124544
0.129327
0.136353
0.106254
0.105277
0.328936
0.320226
0.263283
0.227848
0.197357
0.177307
0.109127
0.110861
0.095025
0.102035
0.112912
0.141558
0.153044
0.152819
0.152421
0.153089
0.150725
0.151458
0.150906
0.157918
0.157975
0.158449
0.155152
0.154465
0.156530
0.148570
0.148643
0.147553
0.152315
0.149094
0.149218
0.150503
0.150724
0.154764
0.153780
0.155650
0.157321
0.152724
0.155393
0.157325
0.153979
0.155189
0.154459
0.154554
0.155566
0.155609
0.154418
0.148742
0.150393
0.156398
0.149678
0.151955
0.149884
0.151609
0.152251
0.151203
0.150806
0.152722
0.151202
0.153772
0.148485
0.149444
0.151417
0.153610
0.153282
0.151948
0.152014
0.150484
0.151213
0.151229
0.151373
0.149637
0.149647
0.148302
0.148043
0.149870
0.149618
0.150241
0.146078
0.145988
0.145337
0.152734
0.148602
0.146391
0.145255
0.144681
0.147789
0.145052
0.150016
0.150673
0.148278
0.153065
0.143272
0.139886
0.173718
0.181514
0.268626
0.113728
0.111741
0.112503
0.144078
0.098418
0.108135
0.113109
0.112746
0.116013
0.090769
0.093646
0.111780
0.111581
0.107974
0.108907
0.110408
0.096959
0.109498
0.111671
0.108369
0.096538
0.097333
0.100751
0.101879
0.101059
0.099233
0.097333
0.114867
0.108944
0.113337
0.095647
0.094623
0.113275
0.113424
0.110875
0.114392
0.110011
0.108866
0.105321
0.109156
0.108665
0.096923
0.097335
0.097820
0.098739
0.099744
0.098499
0.112328
0.111696
0.112495
0.108378
0.111299
0.111014
0.111677
0.103814
0.105584
0.101895
0.110864
0.111953
0.111658
0.107504
0.109697
0.106942
0.099694
0.108470
0.107985
0.104023
0.104949
0.105228
0.101525
0.104447
0.099410
0.103317
0.103826
0.100022
0.106066
0.102083
0.103284
0.099504
0.106513
0.102282
0.105340
0.109484
0.112044
0.112703
0.106145
0.111250
0.105580
0.108402
0.113073
0.115444
0.109197
0.107998
0.118879
0.113362
0.107658
0.109932
0.113003
0.115680
0.113868
0.130791
0.115890
0.113514
0.115779
0.114401
0.116313
0.118119
0.117520
0.116529
0.118159
0.128118
0.124226
0.124878
0.126580
0.109267
0.125589
0.113092
0.116098
0.112888
0.110749
0.112616
0.112822
0.112584
0.125697
0.123078
0.128476
0.129644
0.131150
0.131184
0.108595
0.123828
0.124786
0.122467
0.122879
0.121379
0.123611
0.124517
0.123084
0.121286
0.114626
0.098265
0.093367
0.087237
0.093692
0.094101
0.096228
0.096062
0.095261
0.109564
0.095803
0.096818
0.098089
0.099368
0.098018
0.095437
0.095135
0.099388
0.096130
0.099232
0.100989
0.098107
0.106109
0.099160
0.124075
0.122826
0.125331
0.118040
0.124288
0.126093
0.116607
0.123028
0.119152
0.123046
0.101617
0.100002
0.100254
0.101551
0.100422
0.098414
0.101925
0.115529
0.117154
0.110864
0.114828
0.115036
0.104780
0.118392
0.122440
0.120538
0.121759
0.111628
0.102655
0.115022
0.114169
0.113096
0.106589
0.114154
0.110990
0.110936
0.110726
0.111605
0.112280
0.112429
0.112438
0.113881
0.116398
0.116757
0.124298
0.125147
0.124432
0.126058
0.126587
0.125432
0.121164
0.113153
0.111708
0.117719
0.114105
0.117228
0.116836
0.118239
0.128698
0.133961
0.119331
0.130466
0.131547
0.133878
0.119822
0.124804
0.133601
0.132020
0.132313
0.131457
0.124603
0.125417
0.125864
0.124825
0.122868
0.127060
0.119733
0.125927
0.126488
0.111555
0.114234
0.112034
0.122318
0.112623
0.120684
0.114340
0.116591
0.131126
0.122440
0.129062
0.125965
0.124754
0.124685
0.122676
0.116278
0.116840
0.120169
0.122228
0.125512
0.119159
0.119825
0.125108
0.127030
0.130713
0.118186
0.121786
0.118487
0.117355
0.121430
0.115371
0.119044
0.117735
0.114564
0.113037
0.108264
0.099778
0.093026
0.094050
0.103573
0.108773
0.112836
0.113406
0.117018
0.113919
0.117086
0.117171
0.133669
0.135358
0.124438
0.105609
0.123479
0.113181
0.123177
0.120092
0.122899
0.130577
0.131294
0.105820
0.124195
0.123294
0.104903
0.127713
0.102487
0.107149
0.102686
0.126685
0.128035
0.111334
0.109814
0.111942
0.107546
0.107022
0.107729
0.109589
0.113013
0.109044
0.108897
0.112077
0.115103
0.106520
0.104593
0.104556
0.103045
0.105065
0.107169
0.108649
0.113308
0.110570
0.112844
0.111757
0.115820
0.106825
0.108526
0.109962
0.113988
0.112231
0.111665
0.114015
0.114598
0.123164
0.123423
0.124782
0.123510
0.123931
0.125018
0.124735
0.124811
0.123744
0.124329
0.121017
0.125630
0.123150
0.122846
0.121276
0.120408
0.118971
0.123714
0.127477
0.129642
0.128285
0.115239
0.113442
0.117135
0.112453
0.121652
0.113123
0.108901
0.108006
0.116903
0.114974
0.113044
0.117059
0.119127
0.118807
0.123078
0.123372
0.124599
0.122651
0.123298
0.122925
0.123299
0.121862
0.121647
0.122143
0.123107
0.123915
0.121293
0.120363
0.116262
0.120852
0.122037
0.122291
0.109965
0.119376
0.112209
0.111267
0.116964
0.121229
0.119561
0.118212
0.110274
0.110421
0.112577
0.113627
0.115395
0.118617
0.119453
0.114934
0.123277
0.111386
0.120269
0.134823
0.117986
0.114678
0.123288
0.114497
0.115219
0.112778
0.111294
0.111107
0.113594
0.106759
0.109049
0.107897
0.108865
0.110642
0.112867
0.114753
0.112529
0.111805
0.118342
0.115089
0.114407
0.128623
0.114664
0.109396
0.113815
0.109850
0.128440
0.112560
0.112218
0.109971
0.119799
0.115160
0.108299
0.140049
0.140017
0.140804
0.142128
0.144446
0.141230
0.143622
0.141761
0.146401
0.141307
0.142585
0.141006
0.144271
0.151759
0.146955
0.148547
0.144821
0.145849
0.144160
0.142051
0.135789
0.140578
0.135076
0.134788
0.130905
0.127708
0.127864
0.128327
0.124160
0.126211
0.126076
0.127068
0.133872
0.127497
0.132917
0.145444
0.140341
0.145257
0.133812
0.119752
0.116477
0.119083
0.121846
0.137514
0.118934
0.125197
0.119044
0.110733
0.111022
0.115547
0.139540
0.140069
0.138267
0.128624
0.139015
0.113100
0.130038
0.141032
0.140975
0.129255
0.133010
0.131339
0.127960
0.115949
0.117352
0.103785
0.107875
0.106865
0.124747
0.119087
0.119227
0.122685
0.117313
0.120332
0.114619
0.118659
0.121164
0.124544
0.123668
0.121686
0.125451
0.125030
0.120369
0.128566
0.127241
0.126880
0.128518
0.129627
0.107338
0.106718
0.114122
0.113978
0.108837
0.112968
0.128578
0.111234
0.113531
0.114153
0.130157
0.126104
0.119759
0.120164
0.123298
0.124589
0.122374
0.129918
0.133362
0.128469
0.118590
0.104764
0.107291
0.118700
0.122796
0.123506
0.115693
0.107379
0.109253
0.111260
0.117414
0.123853
0.125653
0.122173
0.123918
0.127510
0.112188
0.109357
0.104386
0.104981
0.119186
0.117245
0.115660
0.122707
0.121600
0.114181
0.110118
0.117050
0.116672
0.112924
0.117138
0.118908
0.118294
0.125897
0.122391
0.121389
0.106335
0.107195
0.119545
0.119018
0.119986
0.121590
0.110953
0.111253
0.111601
0.121469
0.114050
0.114159
0.117601
0.111470
0.112572
0.114348
0.120758
0.111801
0.109076
0.110350
0.115186
0.112791
0.114810
0.119340
0.114603
0.113243
0.115147
0.116534
0.122307
0.112807
0.120647
0.121011
0.120208
0.126549
0.116415
0.113660
0.114097
0.113549
0.113273
0.115211
0.113840
0.114760
0.117379
0.118789
0.116698
0.113383
0.116045
0.113673
0.113809
0.116018
0.115051
0.118725
0.114574
0.115266
0.115270
0.115321
0.115088
0.115774
0.114944
0.114039
0.114186
0.112595
0.113456
0.114591
0.112559
0.114344
0.115313
0.114011
0.113620
0.116416
0.116550
0.116713
0.117546
0.115711
0.115567
0.112843
0.114524
0.113351
0.114158
0.114467
0.113051
0.114879
0.115179
0.116668
0.114400
0.117378
0.115974
0.114778
0.117143
0.115433
0.116387
0.116732
0.120613
0.119125
0.121688
0.119957
0.119286
0.126547
0.123997
0.122722
0.125742
0.121260
0.123669
0.124097
0.125648
0.124302
0.125318
0.125724
0.121428
0.120847
0.123796
0.120887
0.119592
0.120447
0.119705
0.120328
0.121356
0.124256
0.123482
0.123041
0.122307
0.120996
0.119158
0.120843
0.119972
0.120292
0.118303
0.121444
0.118130
0.121253
0.120783
0.122770
0.117647
0.124158
0.123587
0.124140
0.122539
0.122987
0.117915
0.115623
0.115304
0.113509
0.114718
0.115340
0.116438
0.105113
0.100635
0.101354
0.098715
0.096925
0.099407
0.104779
0.102036
0.115896
0.148961
0.130959
0.147094
0.144821
0.135543
0.145379
0.156082
0.165919
0.158282
0.112644
0.154415
0.139491
0.145085
0.135671
0.158762
0.172384
0.167672
0.167605
0.135973
0.137718
0.138397
0.149728
0.151930
0.145331
0.149785
0.143399
0.137303
0.129019
0.124701
0.133201
0.142685
0.135148
0.137397
0.132881
0.132184
0.133295
0.133581
0.109609
0.102178
0.098424
0.095771
0.113216
0.107621
0.117718
0.118041
0.096282
0.104122
0.109903
0.096687
0.102200
0.104484
0.104865
0.105642
0.106254
0.135620
0.114470
0.122550
0.117022
0.121793
0.112430
0.120674
0.128077
0.130888
0.133836
0.133246
0.131017
0.128864
0.128316
0.121998
0.118318
0.118412
0.132352
0.121280
0.125771
0.118964
0.123702
0.129814
0.128054
0.128113
0.130743
0.128386
0.127930
0.127430
0.129163
0.127652
0.124894
0.126684
0.121187
0.119422
0.120113
0.128307
0.126309
0.130442
0.127329
0.126531
0.128327
0.122297
0.125495
0.125870
0.122437
0.131187
0.124188
0.128446
0.125120
0.123355
0.126135
0.105064
0.100223
0.118562
0.116116
0.118959
0.112582
0.118217
0.113674
0.113007
0.117163
0.114045
0.124106
0.117943
0.118256
0.119559
0.120573
0.122356
0.122019
0.123315
0.121125
0.100263
0.100442
0.125044
0.101012
0.099142
0.109279
0.099795
0.108791
0.108622
0.099408
0.100095
0.102802
0.099256
0.104829
0.120367
0.099513
0.100104
0.107786
0.102136
0.108924
0.117442
0.110850
0.111300
0.108553
0.109603
0.109592
0.109278
0.108264
0.105049
0.105891
0.108184
0.112816
0.109583
0.118805
0.114568
0.109302
0.112737
0.113109
0.110313
0.108843
0.110802
0.115027
0.118362
0.118209
0.122190
0.119939
0.112305
0.111998
0.111500
0.111391
0.111778
0.109966
0.112284
0.126000
0.128428
0.127782
0.129770
0.125885
0.129699
0.124082
0.131019
0.129953
0.128563
0.122029
0.122108
0.121834
0.130089
0.128125
0.129225
0.128887
0.120600
0.125125
0.123140
0.119114
0.122161
0.122012
0.120905
0.122924
0.120943
0.118660
0.114125
0.112655
0.108469
0.108924
0.109420
0.110642
0.106730
0.104375
0.104723
0.105967
0.105347
0.104064
0.105120
0.103889
0.104184
0.104479
0.107411
0.105957
0.106295
0.124363
0.113640
0.115236
0.123166
0.108803
0.108157
0.122986
0.122727
0.121539
0.123832
0.114249
0.122929
0.122611
0.115308
0.116114
0.117846
0.119660
0.125080
0.115528
0.120271
0.124050
0.127272
0.114269
0.124571
0.124489
0.116020
0.115710
0.117355
0.120216
0.116170
0.115979
0.116278
0.116930
0.114949
0.113357
0.120312
0.113555
0.113565
0.109767
0.111359
0.120536
0.118471
0.111970
0.115475
0.107605
0.117637
0.119254
0.096008
0.105062
0.122427
0.154526
0.154908
0.154759
0.150802
0.155417
0.150585
0.155860
0.152016
0.154922
0.153828
0.151260
0.158275
0.151037
0.158339
0.162084
0.138379
0.139415
0.138273
0.142739
0.139182
0.137161
0.149480
0.137808
0.135529
0.146264
0.132077
0.127188
0.126995
0.130615
0.139204
0.145364
0.143372
0.145285
0.135600
0.139344
0.129243
0.139117
0.135660
0.141245
0.142162
0.134348
0.145706
0.144092
0.139992
0.157279
0.139765
0.133841
0.137515
0.132504
0.146252
0.148356
0.149625
0.147394
0.128364
0.148370
0.136032
0.128344
0.129906
0.122073
0.120408
0.121384
0.124944
0.132380
0.125687
0.133139
0.145896
0.146648
0.142103
0.123818
0.103208
0.104989
0.097508
0.096250
0.113527
0.104245
0.103149
0.110018
0.104433
0.110487
0.109300
0.109089
0.107717
0.107544
0.111907
0.110173
0.110756
0.109303
0.110933
0.108812
0.106485
0.107389
0.105356
0.109356
0.107193
0.109805
0.108353
0.107818
0.109876
0.109420
0.119184
0.119408
0.123195
0.109171
0.109050
0.117801
0.113659
0.109829
0.109473
0.108025
0.106112
0.110428
0.128845
0.108677
0.110299
0.110019
0.109840
0.111424
0.106322
0.105463
0.106188
0.111144
0.113601
0.119652
0.108973
0.109461
0.117198
0.114065
0.114305
0.122679
0.111110
0.114672
0.137653
0.111926
0.137160
0.138870
0.141267
0.138857
0.139198
0.140365
0.140973
0.139636
0.111193
0.107004
0.141027
0.137011
0.138975
0.136348
0.138194
0.135607
0.138860
0.137420
0.138169
0.134767
0.138439
0.129815
0.134029
0.135758
0.128836
0.129509
0.131015
0.137187
0.143889
0.139936
0.141821
0.136610
0.134214
0.134097
0.137641
0.111264
0.106262
0.117251
0.115126
0.103943
0.114332
0.110802
0.131660
0.117262
0.116973
0.107032
0.109926
0.109603
0.109193
0.109662
0.109886
0.108196
0.106601
0.106735
0.105341
0.121315
0.120025
0.119934
0.119817
0.117502
0.118551
0.123396
0.116736
0.111992
0.120349
0.113402
0.114822
0.116326
0.118485
0.116985
0.118521
0.121543
0.118647
0.120388
0.126279
0.122389
0.122582
0.117277
0.117828
0.121153
0.115772
0.118506
0.119961
0.120283
0.116958
0.118646
0.119188
0.114139
0.113007
0.112843
0.113542
0.114547
0.113995
0.116095
0.118882
0.114223
0.115705
0.111257
0.112903
0.113252
0.111989
0.114153
0.112986
0.118260
0.114201
0.113875
0.115139
0.115189
0.116096
0.109418
0.114350
0.108732
0.112967
0.110531
0.112596
0.115652
0.115297
0.115870
0.117930
0.112435
0.115160
0.114317
0.115437
0.117162
0.113467
0.114007
0.114630
0.116318
0.120185
0.118659
0.120067
0.118040
0.116182
0.117977
0.119057
0.116098
0.113479
0.117544
0.111072
0.111826
0.110865
0.116582
0.117966
0.115978
0.115660
0.116542
0.121689
0.117825
0.120130
0.118873
0.119151
0.116215
0.120903
0.121026
0.121690
0.117419
0.119912
0.119229
0.116737
0.119677
0.126139
0.124950
0.126476
0.124129
0.126611
0.124868
0.126354
0.126309
0.116352
0.122159
0.109186
0.118697
0.113672
0.118956
0.122089
0.122164
0.130249
0.129256
0.128938
0.136281
0.140205
0.132074
0.138757
0.141828
0.140439
0.134288
0.134558
0.131008
0.129609
0.138093
0.135685
0.137077
0.135273
0.137136
0.136984
0.128826
0.124288
0.121939
0.123322
0.130418
0.127625
0.134610
0.135749
0.133891
0.134560
0.136333
0.135309
0.128781
0.130886
0.130188
0.117701
0.131689
0.132282
0.130779
0.130971
0.126643
0.129315
0.130474
0.131218
0.115882
0.117458
0.113923
0.116835
0.118077
0.116892
0.120440
0.120176
0.125626
0.122798
0.125027
0.126555
0.125946
0.124561
0.130527
0.120219
0.123918
0.104802
0.106405
0.126362
0.113609
0.119504
0.123651
0.117217
0.118556
0.119384
0.120062
0.122160
0.123008
0.122358
0.126625
0.118110
0.120253
0.121907
0.120132
0.110411
0.119750
0.122729
0.121859
0.121386
0.125049
0.121473
0.123246
0.121439
0.122642
0.123001
0.122313
0.120836
0.118534
0.121063
0.111089
0.115050
0.115620
0.118988
0.120044
0.121117
0.118246
0.114862
0.117495
0.117705
0.120726
0.117716
0.117739
0.116304
0.113896
0.114147
0.115363
0.121390
0.111442
0.113187
0.109376
0.112251
0.114703
0.114826
0.115047
0.113894
0.113176
0.112928
0.115836
0.119258
0.118212
0.117243
0.116973
0.117998
0.116672
0.116866
0.118593
0.115069
0.116699
0.117976
0.118802
0.118611
0.117473
0.115183
0.112578
0.115850
0.116128
0.110952
0.112921
0.112245
0.116361
0.115624
0.110194
0.111663
0.114272
0.113495
0.114378
0.114529
0.114866
0.110126
0.110359
0.109698
0.112250
0.123580
0.117082
0.118139
0.116352
0.113646
0.112563
0.113908
0.113768
0.119431
0.119276
0.117361
0.117625
0.120119
0.116839
0.119956
0.121115
0.120549
0.117261
0.108277
0.115512
0.117750
0.118384
0.115698
0.118504
0.116821
0.116241
0.120081
0.117955
0.116717
0.115906
0.115340
0.115132
0.117506
0.116642
0.115634
0.114404
0.117986
0.116358
0.119285
0.117685
0.118283
0.114295
0.116451
0.117438
0.119780
0.117243
0.120179
0.118235
0.120101
0.118899
0.120115
0.123636
0.123235
0.124756
0.122818
0.116289
0.118683
0.119304
0.123305
0.107375
0.125378
0.117168
0.112032
0.112621
0.111718
0.114292
0.116861
0.100015
0.113177
0.110499
0.099815
0.126059
0.118574
0.133461
0.116854
0.116313
0.114943
0.114099
0.116625
0.116063
0.124062
0.119938
0.124194
0.112971
0.111027
0.106656
0.106833
0.108369
0.117691
0.119756
0.121030
0.119733
0.116453
0.119440
0.117150
0.102826
0.113419
0.125810
0.122751
0.120304
0.113419
0.107526
0.104266
0.099574
0.102642
0.103985
0.111544
0.110099
0.109414
0.109834
0.110303
0.110820
0.111655
0.111151
0.111909
0.111659
0.109785
0.109803
0.111273
0.110034
0.109167
0.107765
0.108910
0.107587
0.108135
0.108208
0.106968
0.106375
0.106332
0.106760
0.106975
0.106193
0.106743
0.106718
0.107143
0.104520
0.105950
0.107981
0.108319
0.106033
0.107459
0.108284
0.108154
0.109381
0.109366
0.108848
0.109310
0.108630
0.110550
0.110646
0.112423
0.112437
0.110764
0.112424
0.111512
0.111525
0.109998
0.110592
0.110690
0.107874
0.111874
0.111435
0.109414
0.114204
0.109901
0.110911
0.113839
0.113615
0.115960
0.114935
0.114816
0.115668
0.115546
0.115025
0.116293
0.112582
0.113031
0.112119
0.112280
0.137503
0.113278
0.114537
0.138150
0.134868
0.136591
0.139136
0.140546
0.139972
0.140685
0.140201
0.141296
0.141304
0.141617
0.140950
0.141616
0.119854
0.140263
0.138814
0.139875
0.140563
0.119393
0.117435
0.117449
0.116875
0.139108
0.116371
0.136736
0.127525
0.137776
0.132074
0.132499
0.142737
0.142022
0.130574
0.132779
0.139647
0.137064
0.137412
0.135531
0.138821
0.139116
0.140187
0.139925
0.139970
0.129144
0.133436
0.132043
0.129999
0.130037
0.131653
0.139166
0.132054
0.109991
0.134364
0.140338
0.142471
0.134325
0.136349
0.111616
0.114927
0.140633
0.130760
0.133374
0.131193
0.131176
0.130578
0.133961
0.131855
0.112307
0.132332
0.117043
0.124949
0.123707
0.124463
0.130507
0.118978
0.111369
0.117791
0.122261
0.128102
0.126568
0.122668
0.125163
0.125585
0.124766
0.116971
0.115449
0.123340
0.124100
0.106128
0.105858
0.107837
0.105151
0.103394
0.118495
0.119139
0.120617
0.122231
0.127108
0.114989
0.122241
0.120386
0.122008
0.107740
0.106181
0.117353
0.116019
0.120294
0.119291
0.124336
0.127598
0.127806
0.122334
0.113081
0.124519
0.115127
0.105951
0.106494
0.119331
0.119777
0.119131
0.119818
0.121830
0.121416
0.123972
0.122941
0.120844
0.122944
0.123231
0.121683
0.122279
0.123166
0.122943
0.122677
0.121122
0.118390
0.119408
0.121531
0.122094
0.120408
0.121215
0.122236
0.122489
0.123383
0.122949
0.123561
0.120037
0.119490
0.121404
0.118624
0.119573
0.117929
0.118310
0.119030
0.118026
0.119816
0.121248
0.122093
0.123033
0.124538
0.122401
0.124040
0.126676
0.124622
0.125633
0.123691
0.122496
0.120549
0.118483
0.116331
0.124637
0.125008
0.124250
0.121951
0.116217
0.120026
0.119446
0.119996
0.123513
0.121704
0.120828
0.120961
0.121423
0.123679
0.117315
0.118312
0.118786
0.119185
0.121929
0.116627
0.121129
0.117269
0.117336
0.115519
0.116083
0.119357
0.120035
0.120202
0.120936
0.119223
0.120338
0.120317
0.120447
0.122655
0.123771
0.123514
0.122520
0.123400
0.123094
0.119107
0.117425
0.122990
0.123279
0.122836
0.127174
0.121354
0.120999
0.120277
0.122504
0.122988
0.128231
0.126221
0.129751
0.131227
0.130564
0.123165
0.129156
0.126030
0.125229
0.124761
0.124922
0.118542
0.120706
0.122146
0.121025
0.120756
0.122283
0.122178
0.122494
0.124151
0.123621
0.123493
0.122113
0.124445
0.124732
0.122004
0.127599
0.121769
0.123572
0.121075
0.122634
0.123215
0.118818
0.121971
0.121197
0.121311
0.118974
0.118854
0.117785
0.120574
0.117574
0.122069
0.118529
0.120072
0.120865
0.120869
0.122714
0.120012
0.122427
0.121178
0.120495
0.122531
0.121182
0.125431
0.125196
0.125187
0.124248
0.125180
0.126141
0.125845
0.126552
0.125380
0.124872
0.128235
0.129357
0.128128
0.127676
0.129109
0.129291
0.131083
0.128452
0.128609
0.128604
0.127045
0.127479
0.127852
0.125204
0.126095
0.125776
0.127211
0.127862
0.129069
0.125604
0.134838
0.127358
0.124798
0.123525
0.127633
0.111762
0.103116
0.097256
0.104423
0.109942
0.114718
0.126928
0.125912
0.129436
0.126454
0.126658
0.121044
0.126126
0.125355
0.124675
0.126425
0.127212
0.126209
0.125265
0.124711
0.120947
0.123378
0.121011
0.116881
0.110817
0.113983
0.113094
0.118434
0.110315
0.115240
0.116025
0.123987
0.123491
0.125232
0.130065
0.121934
0.129052
0.124866
0.128926
0.125027
0.120427
0.125251
0.114233
0.114317
0.111413
0.111110
0.121070
0.121815
0.117511
0.120757
0.123927
0.118345
0.114778
0.120501
0.126795
0.130199
0.118026
0.117006
0.128591
0.121989
0.124510
0.128952
0.132942
0.133650
0.123735
0.121387
0.124862
0.131746
0.128372
0.128398
0.130546
0.126986
0.129437
0.127492
0.127252
0.125053
0.124506
0.125355
0.119954
0.126526
0.122746
0.120280
0.124160
0.124134
0.124661
0.125905
0.125260
0.127368
0.124896
0.129308
0.132435
0.134803
0.132540
0.126640
0.131463
0.132351
0.130464
0.130337
0.131557
0.135183
0.145430
0.140326
0.141496
0.140063
0.143496
0.142966
0.134698
0.154536
0.163488
0.161567
0.159672
0.156387
0.156962
0.155820
0.178080
0.176516
0.177455
0.185762
0.189246
0.192109
0.194861
0.197600
0.178045
0.186765
0.184292
0.183922
0.186727
0.182363
0.171682
0.165363
0.162397
0.158423
0.157624
0.157112
0.157992
0.158088
0.158269
0.157429
0.160053
0.163765
0.163697
0.163043
0.166653
0.169940
0.169006
0.170074
0.170504
0.167893
0.165510
0.167120
0.162029
0.157461
0.153147
0.155456
0.155851
0.159195
0.150174
0.160286
0.148126
0.149442
0.157407
0.159340
0.157345
0.160219
0.166901
0.168096
0.169117
0.167686
0.173067
0.175428
0.178006
0.182050
0.181626
0.173377
0.174648
0.171090
0.160719
0.155008
0.128923
0.153719
0.148827
0.149268
0.122469
0.125693
0.126368
0.125539
0.120745
0.130513
0.144896
0.138227
0.139869
0.143611
0.146671
0.151014
0.140342
0.134592
0.137888
0.134769
0.131159
0.128482
0.128421
0.126930
0.129470
0.128193
0.122665
0.129987
0.129938
0.132800
0.132447
0.136001
0.135557
0.133554
0.131180
0.129233
0.129601
0.125514
0.125570
0.124211
0.135017
0.137119
0.122268
0.122047
0.122550
0.125418
0.131674
0.129528
0.126767
0.133867
0.135299
0.138956
0.137511
0.141246
0.142005
0.142968
0.143182
0.138675
0.138890
0.137324
0.140875
0.135618
0.129079
0.124127
0.124518
0.122144
0.129732
0.127263
0.134643
0.134284
0.138333
0.134589
0.131449
0.126577
0.124371
0.133598
0.126595
0.129238
0.134254
0.137844
0.141816
0.137409
0.133371
0.133930
0.135547
0.133877
0.134708
0.133170
0.130233
0.128231
0.137949
0.133116
0.124926
0.130426
0.133684
0.139473
0.139916
0.136509
0.134407
0.129383
0.113546
0.107297
0.121629
0.125005
0.142479
0.134372
0.140820
0.144925
0.128090
0.128589
0.141262
0.142800
0.146607
0.143936
0.146153
0.144695
0.160198
0.152837
0.147451
0.147975
0.144285
0.145050
0.141792
0.142184
0.144580
0.150648
0.152118
0.173074
0.174040
0.175971
0.169380
0.174308
0.178744
0.178442
0.170502
0.170481
0.159060
0.162088
0.163949
0.153689
0.157377
0.161208
0.160559
0.159413
0.155461
0.148764
0.148511
0.143430
0.146168
0.153506
0.152593
0.153563
0.154866
0.152845
0.148456
0.148771
0.151848
0.159148
0.161303
0.158764
0.147540
0.143667
0.139824
0.139762
0.140429
0.134130
0.137305
0.132945
0.142438
0.149358
0.144975
0.146211
0.146783
0.146740
0.153372
0.152645
0.158055
0.156881
0.138925
0.149485
0.153220
0.155543
0.152466
0.149398
0.155317
0.155350
0.151950
0.154184
0.144687
0.149809
0.147978
0.145348
0.134879
0.131527
0.116880
0.114328
0.128713
0.132414
0.128382
0.141345
0.137923
0.162238
0.164535
0.165145
0.161108
0.159240
0.164051
0.168590
0.184994
0.168241
0.168202
0.169832
0.166302
0.163537
0.162823
0.164284
0.163769
0.156207
0.156679
0.162672
0.159582
0.161608
0.173737
0.176131
0.180483
0.180905
0.174140
0.168092
0.167086
0.173091
0.170481
0.166634
0.169688
0.168130
0.168462
0.165074
0.148870
0.164141
0.164602
0.135032
0.155317
0.152771
0.113835
0.149040
0.138581
0.158140
0.163533
0.159067
0.181245
0.230693
0.279402
0.287729
0.239568
0.173694
0.229486
0.215438
0.231300
0.178495
0.234254
0.182591
0.199409
0.195369
0.182238
0.182760
0.182901
0.182806
0.176148
0.176265
0.189626
0.175021
0.165618
0.172728
0.173156
0.171610
0.178993
0.177161
0.179341
0.177229
0.175813
0.178242
0.177384
0.178964
0.178171
0.177367
0.177241
0.179413
0.178996
0.179037
0.179453
0.178951
0.179212
0.179263
0.179634
0.179793
0.177587
0.179368
0.176560
0.178001
0.179988
0.180319
0.180280
0.180774
0.180225
0.182255
0.182433
0.180903
0.181820
0.182731
0.181481
0.180276
0.181241
0.182754
0.180310
0.184252
0.183686
0.182982
0.183639
0.184473
0.183555
0.167200
0.165670
0.183024
0.167199
0.170248
0.175132
0.174781
0.177389
0.176451
0.177624
0.177711
0.177790
0.175908
0.176047
0.173528
0.171829
0.172086
0.174671
0.175048
0.173901
0.173302
0.182588
0.173144
0.188406
0.184691
0.185202
0.184872
0.173561
0.183574
0.184077
0.184196
0.183329
0.174190
0.185204
0.186351
0.188848
0.182941
0.185544
0.187210
0.188658
0.189074
0.188273
0.187086
0.186626
0.190275
0.188460
0.187283
0.182587
0.190072
0.189204
0.187842
0.173243
0.171891
0.190917
0.189732
0.190969
0.173637
0.173265
0.174923
0.192071
0.174132
0.174956
0.191984
0.190420
0.192492
0.189943
0.193576
0.193924
0.192696
0.192249
0.192704
0.191018
0.192434
0.194192
0.193100
0.191002
0.191900
0.192419
0.172742
0.172942
0.173072
0.177944
0.193345
0.175000
0.179319
0.179287
0.179616
0.174599
0.193442
0.169978
0.169507
0.169548
0.169155
0.169915
0.169245
0.169139
0.192612
0.166971
0.167073
0.166806
0.166700
0.166815
0.167696
0.167109
0.167295
0.167117
0.167197
0.167439
0.167398
0.193462
0.190354
0.192445
0.191878
0.195430
0.194258
0.194485
0.193672
0.192765
0.193336
0.191234
0.192257
0.191619
0.189845
0.193348
0.192391
0.191516
0.190365
0.170582
0.171632
0.171869
0.171699
0.174638
0.175298
0.175418
0.189771
0.174880
0.170402
0.194425
0.195241
0.193489
0.194411
0.170284
0.177937
0.175175
0.175419
0.176343
0.176141
0.175306
0.178201
0.177096
0.175690
0.170869
