0.210098
0.188082
0.153513
0.130417
0.095757
0.089242
0.090057
0.078587
0.079461
0.181773
0.069860
0.077840
0.074606
0.196770
0.064470
0.065140
0.064037
0.181065
0.065302
0.066781
0.063584
0.196696
0.063096
0.064869
0.064863
0.174186
0.064732
0.064335
0.064144
0.181118
0.065808
0.064136
0.063748
0.182345
0.067521
0.066359
0.066475
0.181449
0.063620
0.191797
0.199844
0.064918
0.068234
0.257877
0.250005
0.205973
0.205221
0.238421
0.237725
0.239038
0.239229
0.236705
0.200872
0.239397
0.239658
0.234113
0.200360
0.241403
0.196247
0.243068
0.196406
0.244407
0.244183
0.195761
0.195481
0.241211
0.242342
0.239335
0.241230
0.242472
0.238231
0.238287
0.195528
0.244611
0.244474
0.239727
0.239449
0.239234
0.244487
0.243462
0.242700
0.242003
0.232717
0.233659
0.238820
0.239360
0.239261
0.244259
0.241446
0.236195
0.240110
0.240038
0.230699
0.235973
0.232100
0.231602
0.238207
0.234145
0.230392
0.234824
0.192973
0.192277
0.193293
0.193202
0.190056
0.189723
0.190381
0.187695
0.237044
0.231753
0.190000
0.232590
0.233368
0.233512
0.195630
0.233149
0.191061
0.233648
0.232249
0.232672
0.233160
0.233288
0.231648
0.230677
0.204612
0.229543
0.228808
0.229017
0.228251
0.225797
0.226877
0.227031
0.225972
0.225011
0.223963
0.223437
0.220928
0.222682
0.224673
0.219389
0.224667
0.218930
0.215915
0.218264
0.213955
0.218655
0.197942
0.162209
0.140444
0.142380
0.140269
0.130314
0.115511
0.125539
0.120453
0.128853
0.114736
0.129551
0.131493
0.115063
0.128314
0.125079
0.116888
0.128024
0.124139
0.124957
0.118594
0.112197
0.121393
0.122094
0.120559
0.118701
0.118089
0.114610
0.113993
0.112797
0.111320
0.116552
0.111543
0.111920
0.116627
0.114976
0.114484
0.112586
0.101468
0.102758
0.113514
0.116591
0.106634
0.105389
0.102643
0.104688
0.106072
0.105255
0.108854
0.108300
0.101647
0.096458
0.101002
0.104030
0.103818
0.099467
0.100071
0.102440
0.102184
0.101487
0.103371
0.106020
0.101825
0.106380
0.112744
0.110893
0.111207
0.113069
0.109562
0.110342
0.108757
0.109013
0.089382
0.100376
0.088490
0.105145
0.105403
0.088783
0.097659
0.104024
0.105017
0.102484
0.093143
0.092347
0.092049
0.090353
0.083477
0.083236
0.085283
0.089513
0.090548
0.094090
0.095125
0.092338
0.095975
0.096559
0.103447
0.107434
0.113616
0.108908
0.111304
0.115406
0.122573
0.127616
0.128737
0.131777
0.134880
0.139305
0.129322
0.146285
0.133477
0.147736
0.152811
0.147754
0.149158
0.151610
0.154612
0.151708
0.165160
0.168529
0.169028
0.171599
0.172343
0.171201
0.175900
0.171944
0.197422
0.179002
0.182294
0.232114
0.236957
0.241261
0.237214
0.233574
0.231865
0.230586
0.225560
0.220698
0.214429
0.211604
0.209296
0.199177
0.196588
0.190494
0.200074
0.192211
0.194025
0.188706
0.190268
0.170042
0.171079
0.162694
0.161124
0.162669
0.160593
0.147434
0.153149
0.145299
0.145805
0.145267
0.140405
0.135834
0.159243
0.166404
0.159455
0.153275
0.153509
0.132573
0.133225
0.125578
0.112279
0.119536
0.121740
0.149047
0.155259
0.158587
0.169593
0.169155
0.168084
0.176547
0.172715
0.175021
0.182274
0.190290
0.210122
0.212000
0.218379
0.227231
0.238755
0.244900
0.244835
0.249797
0.255045
0.243881
0.254380
0.259203
0.252278
0.250157
0.232552
0.244607
0.244083
0.269978
0.186968
0.249398
0.225066
0.240751
0.231320
0.228018
0.225301
0.208979
0.208743
0.201728
0.212689
0.210461
0.206209
0.208886
0.160340
0.182508
0.186585
0.190348
0.186573
0.168020
0.190892
0.190280
0.184876
0.171000
0.174598
0.168751
0.162856
0.154919
0.149436
0.141362
0.144914
0.137717
0.133193
0.131480
0.128421
0.125655
0.124208
0.121424
0.119362
0.117857
0.116928
0.116016
0.114830
0.114810
0.114151
0.118940
0.083901
0.087364
0.075443
0.085065
0.077673
0.077346
0.077318
0.077962
0.080659
0.084414
0.081430
0.089491
0.116739
0.127198
0.128409
0.129196
0.104536
0.108665
0.097370
0.123521
0.126885
0.128836
0.127844
0.127605
0.128253
0.127323
0.128892
0.129945
0.127759
0.129478
0.131020
0.128338
0.129040
0.130551
0.132034
0.134140
0.134434
0.135183
0.136245
0.134151
0.136699
0.138886
0.136074
0.139138
0.138836
0.136875
0.136192
0.136543
0.143455
0.143421
0.144039
0.152430
0.153257
0.155595
0.158035
0.164214
0.163761
0.182449
0.172038
0.174035
0.175469
0.185522
0.193572
0.207591
0.193316
0.207177
0.209199
0.228964
0.234077
0.243672
0.236105
0.228587
0.237268
0.242560
0.247948
0.252163
0.262864
0.258188
0.273315
0.291090
0.278403
0.270474
0.291572
0.304959
0.320055
0.319157
0.303858
0.282076
0.281563
0.280537
0.277806
0.292631
0.316141
0.300121
0.317511
0.305613
0.296140
0.264116
0.261412
0.274855
0.254000
0.253373
0.262488
0.259532
0.250033
0.245309
0.241624
0.245223
0.261547
0.258629
0.261382
0.254132
0.256362
0.245055
0.247779
0.245502
0.228728
0.228102
0.237817
0.225667
0.226657
0.220600
0.214242
0.223112
0.201487
0.213080
0.208498
0.205925
0.202235
0.205216
0.202258
0.201267
0.201214
0.202431
0.202544
0.204202
0.201708
0.199583
0.201995
0.199020
0.196821
0.201149
0.202796
0.202630
0.195353
0.192661
0.193031
0.191993
0.192206
0.197347
0.190101
0.189277
0.190737
0.189639
0.190777
0.197873
0.196197
0.195702
0.196102
0.196210
0.195909
0.190913
0.188323
0.181748
0.181325
0.173220
0.167617
0.161539
0.156266
0.143649
0.139149
0.133788
0.127771
0.122081
0.123253
0.118953
0.114429
0.102566
0.096560
0.091323
0.085957
0.082284
0.077830
0.074368
0.071699
0.066622
0.060987
0.057291
0.055602
0.052092
0.048080
0.044492
0.043108
0.038306
0.035741
0.032820
0.029356
0.029169
0.029182
0.027200
0.026266
0.022193
0.020028
0.017116
0.013137
0.015643
0.015789
0.013949
0.012748
0.014054
0.012836
0.012757
0.008822
0.008671
0.008757
0.008651
0.008705
0.008533
0.009319
0.008676
0.008121
0.010575
0.011480
0.012154
0.013068
0.016062
0.017725
0.020372
0.022326
0.025550
0.027643
0.031906
0.034558
0.038612
0.041823
0.044667
0.048457
0.053963
0.058069
0.062953
0.069364
0.074997
0.079242
0.085371
0.091534
0.097079
0.104265
0.109234
0.115511
0.122479
0.130166
0.136334
0.145744
0.150811
0.159512
0.162810
0.172979
0.180786
0.186813
0.195287
0.202143
0.207237
0.219130
0.220229
0.218750
0.222809
0.223055
0.221714
0.222247
0.221974
0.221694
0.219344
0.223198
0.224121
0.224937
0.223260
0.223243
0.219667
0.212880
0.201576
0.196372
0.189164
0.182838
0.177452
0.171844
0.167100
0.165022
0.162708
0.159504
0.155664
0.152263
0.142970
0.148081
0.149329
0.121096
0.119623
0.115862
0.102526
0.099486
0.090188
0.089303
0.111219
0.089757
0.089953
0.107562
0.101464
0.084639
0.085794
0.086826
0.088743
0.089934
0.088946
0.091285
0.092430
0.095604
0.097069
0.101227
0.104571
0.104146
0.109935
0.111510
0.111069
0.112525
0.110078
0.111306
0.110147
0.107219
0.101559
0.094088
0.090267
0.084840
0.082660
0.079761
0.078482
0.076720
0.074188
0.072632
0.074754
0.131144
0.131153
0.127344
0.131148
0.123162
0.133789
0.132069
0.135581
0.133715
0.135949
0.137483
0.137524
0.140354
0.140757
0.141857
0.144962
0.144867
0.141988
0.142273
0.142535
0.149175
0.147536
0.139225
0.135649
0.141263
0.138487
0.131329
0.124000
0.117764
0.117221
0.116629
0.112172
0.096168
0.113027
0.109115
0.104948
0.100842
0.090718
0.082274
0.082604
0.074960
0.073021
0.069317
0.065854
0.062862
0.056882
0.054766
0.050835
0.045448
0.042062
0.042988
0.038192
0.033900
0.050567
0.058095
0.056518
0.071567
0.069358
0.069255
0.070580
0.070767
0.069520
0.070382
0.069287
0.067957
0.065863
0.060428
0.061418
0.059457
0.065720
0.065325
0.059048
0.058418
0.061296
0.060615
0.071705
0.059924
0.059721
0.061862
0.060120
0.066727
0.068175
0.077236
0.075208
0.055394
0.056327
0.073845
0.047763
0.048403
0.042160
0.041987
0.036258
0.038872
0.041586
0.049746
0.051456
0.049627
0.052135
0.055791
0.051726
0.053576
0.057717
0.060168
0.063634
0.064253
0.065737
0.069122
0.071226
0.074586
0.072601
0.075733
0.111009
0.107747
0.082893
0.086991
0.090273
0.090557
0.094029
0.095661
0.100550
0.103682
0.106661
0.110329
0.111135
0.117115
0.119574
0.115607
0.124947
0.129474
0.123018
0.119305
0.119002
0.119930
0.119694
0.121244
0.123297
0.123013
0.121106
0.121901
0.132904
0.133778
0.132286
0.146366
0.147689
0.147568
0.149565
0.149130
0.145104
0.121362
0.128299
0.148408
0.115965
0.146585
0.117396
0.121194
0.122522
0.125209
0.122261
0.128772
0.117232
0.114039
0.112150
0.106595
0.104980
0.103809
0.103181
0.099645
0.101618
0.101688
0.101828
0.097150
0.088812
0.088753
0.087367
0.083689
0.081671
0.081289
0.085111
0.084417
0.087591
0.085226
0.093068
0.092750
0.084199
0.077859
0.074629
0.070767
0.067895
0.061915
0.057587
0.056647
0.050104
0.048667
0.052800
0.045181
0.041155
0.040672
0.043052
0.041447
0.039927
0.084112
0.060154
0.063944
0.063891
0.059972
0.063905
0.057545
0.065842
0.064486
0.064932
0.059580
0.060389
0.069873
0.056828
0.066968
0.060711
0.072113
0.058875
0.057848
0.059371
0.058117
0.056133
0.069331
0.067988
0.065572
0.073160
0.066667
0.066120
0.072319
0.060475
0.058289
0.077199
0.058869
0.061574
0.062885
0.068594
0.068173
0.064941
0.065091
0.065546
0.066146
0.063154
0.066641
0.067225
0.066545
0.064838
0.063759
0.061958
0.068333
0.065927
0.066743
0.068434
0.075966
0.073434
0.072986
0.151050
0.139988
0.149120
0.136304
0.145264
0.141043
0.144590
0.147581
0.148164
0.148005
0.144476
0.139773
0.135174
0.136448
0.131436
0.129485
0.134974
0.132589
0.114660
0.133117
0.134505
0.130956
0.132219
0.131766
0.131202
0.130007
0.121782
0.122367
0.129542
0.137287
0.142289
0.150182
0.150508
0.153267
0.153958
0.153152
0.153493
0.124870
0.123188
0.132407
0.041588
0.042903
0.040366
0.023625
0.030853
0.016703
0.017571
0.015758
0.014960
0.015395
0.015428
0.015866
0.017346
0.016964
0.018646
0.017108
0.153709
0.156983
0.150642
0.150137
0.138547
0.145481
0.143714
0.147964
0.148185
0.171926
0.165228
0.170512
0.171953
0.172141
0.173850
0.170491
0.008823
0.008407
0.009046
0.008755
0.008043
0.007785
0.007278
0.007884
0.006489
0.127331
0.122643
0.121992
0.125363
0.125339
0.129487
0.167750
0.149626
0.165609
0.166842
0.130879
0.132414
0.163250
0.161934
0.161269
0.139695
0.138981
0.005689
0.005684
0.005308
0.004207
0.003349
0.000659
0.000658
0.000143
0.000000
0.000182
0.000532
0.000537
0.001937
0.003378
0.003752
0.131481
0.127264
0.128358
0.125682
0.125873
0.127022
0.130239
0.129946
0.129243
0.128091
0.125839
0.127757
0.050527
0.047684
0.038636
0.041816
0.043174
0.042333
0.044773
0.047757
0.052008
0.050765
0.050293
0.049955
0.049401
0.048947
0.048852
0.049489
0.300969
0.218620
0.236072
0.226563
0.231214
0.231287
0.223712
0.241450
0.251830
0.267545
0.231790
0.236315
0.211053
0.294286
0.276443
0.276853
0.267317
0.254440
0.208595
0.216029
0.215445
0.208015
0.207653
0.211777
0.211582
0.212089
0.022339
0.023058
0.023436
0.023001
0.025029
0.026741
0.033513
0.029822
0.036799
0.032230
0.223538
0.225423
0.361515
0.256263
0.256667
0.177237
0.184101
0.176930
0.164143
0.164532
0.162153
0.156694
0.149219
0.158609
0.162438
0.162409
0.157112
0.158778
0.159850
0.160843
0.161051
0.161059
0.160407
0.158758
0.169649
0.165905
0.154930
0.162770
0.160149
0.178171
0.178033
0.177006
0.048245
0.049325
0.049623
0.042757
0.037993
0.039271
0.040690
0.040467
0.039168
0.042182
0.042500
0.037784
0.038745
0.039791
0.038847
0.038807
0.030749
0.035150
0.031764
0.036063
0.034814
0.152390
0.150219
0.150312
0.150426
0.146014
0.142810
0.139878
0.131267
0.130461
0.132707
0.135044
0.126513
0.125876
0.125748
0.118756
0.123734
0.127417
0.123110
0.123382
0.123676
0.124863
0.137037
0.131608
0.130765
0.216589
0.251398
0.260766
0.291963
0.299087
0.295900
0.288574
0.181829
0.211145
0.211567
0.209758
0.240615
0.220304
0.260060
0.269793
0.264095
0.229239
0.246506
0.249824
0.272212
0.270099
0.234189
0.226267
0.229105
0.199428
0.191431
0.236754
0.248141
0.263631
0.272143
0.274270
0.266006
0.261721
0.261336
0.252459
0.251215
0.229527
0.217853
0.235412
0.218359
0.113814
0.156299
0.135107
0.137315
0.117093
0.115378
0.144205
0.154961
0.144899
0.148939
0.148817
0.136859
0.135867
0.134617
0.150243
0.150144
0.039321
0.036605
0.033294
0.029044
0.032783
0.028582
0.026861
0.030220
0.029762
0.029033
0.026059
0.028586
0.030231
0.029160
0.025756
0.046689
0.141480
0.142331
0.142426
0.142805
0.144948
0.142963
0.135889
0.144268
0.128146
0.145605
0.099700
0.097554
0.137877
0.137059
0.161719
0.149822
0.146579
0.149084
0.130861
0.144057
0.146200
0.041589
0.042141
0.044183
0.043827
0.045450
0.044035
0.050053
0.049146
0.045486
0.051495
0.061366
0.081718
0.091696
0.084732
0.089312
0.096808
0.108989
0.118335
0.132807
0.144488
0.149226
0.152802
0.141374
0.131296
0.126917
0.124214
0.121064
0.123756
0.117891
0.128885
0.135381
0.151370
0.153998
0.161022
0.169695
0.182388
0.182240
0.186152
0.168737
0.165818
0.165049
0.176463
0.139738
0.137251
0.143876
0.142005
0.149656
0.148771
0.149628
0.146845
0.146835
0.146051
0.147840
0.144438
0.150260
0.150265
0.159421
0.157485
0.157149
0.153673
0.154340
0.149539
0.152497
0.151451
0.155437
0.157659
0.161295
0.169184
0.173048
0.181993
0.187715
0.185674
0.188983
0.190692
0.196905
0.189659
0.185982
0.189207
0.230802
0.256133
0.261353
0.263730
0.225343
0.210326
0.203310
0.205305
0.205165
0.243241
0.218213
0.239265
0.270452
0.270407
0.251247
0.268267
0.258514
0.257903
0.257559
0.254315
0.229090
0.216907
0.224979
0.224396
0.215862
0.229990
0.242560
0.254357
0.234134
0.174823
0.180109
0.151319
0.161885
0.148844
0.150826
0.138857
0.132963
0.139466
0.133268
0.128499
0.120985
0.115819
0.111386
0.105366
0.099134
0.095926
0.093680
0.100408
0.093368
0.096539
0.097947
0.100348
0.102906
0.110143
0.110372
0.114147
0.115075
0.110345
0.111503
0.112450
0.105629
0.105331
0.101798
0.094452
0.108330
0.087314
0.134375
0.115928
0.082054
0.118706
0.082337
0.103141
0.069088
0.133850
0.120523
0.101569
0.096544
0.095205
0.094638
0.098757
0.106432
0.137751
0.127466
0.179165
0.165349
0.169249
0.171393
0.167886
0.167366
0.173589
0.162977
0.200588
0.169535
0.164020
0.156446
0.143348
0.135966
0.132119
0.122811
0.118538
0.112814
0.109087
0.107178
0.110051
0.095743
0.100022
0.098335
0.099963
0.102518
0.098257
0.101705
0.112006
0.114349
0.110081
0.116602
0.122870
0.129395
0.134697
0.134472
0.143194
0.149427
0.147605
0.148425
0.149106
0.151360
0.151884
0.154438
0.156366
0.156453
0.162690
0.159216
0.161149
0.137782
0.136823
0.134207
0.134576
0.134842
0.133867
0.133370
0.130974
0.130008
0.129349
0.129026
0.134645
0.130455
0.134072
0.131221
0.131031
0.134419
0.138044
0.131718
0.140853
0.145166
0.143892
0.144170
0.144227
0.152236
0.150326
0.156089
0.153228
0.152445
0.156198
0.152492
0.159807
0.163025
0.156117
0.152196
0.153327
0.154333
0.160985
0.160206
0.146213
0.144567
0.147223
0.144410
0.141128
0.141366
0.138084
0.129905
0.127332
0.127392
0.129249
0.132836
0.132547
0.132760
0.136025
0.136344
0.136052
0.138481
0.139082
0.129052
0.131067
0.131578
0.130231
0.131149
0.132822
0.136418
0.167813
0.173833
0.172264
0.153065
0.154194
0.152035
0.167104
0.152382
0.156946
0.152232
0.150675
0.153589
0.154264
0.153234
0.151585
0.151622
0.151622
0.149070
0.148674
0.148268
0.149252
0.150285
0.163586
0.165074
0.164147
0.164575
0.167145
0.165925
0.165877
0.165926
0.167187
0.167104
0.166276
0.165485
0.165141
0.165810
0.167821
0.164095
0.165551
0.165140
0.163129
0.170342
0.169712
0.168946
0.169691
0.172650
0.183037
0.179361
0.212239
0.210108
0.198412
0.230039
0.225058
0.211274
0.225342
0.232838
0.247358
0.253624
0.257580
0.258543
0.260730
0.265101
0.265168
0.268976
0.278979
0.283740
0.300732
0.305597
0.301462
0.308388
0.316025
0.328285
0.343081
0.348521
0.359755
0.381880
0.392495
0.395486
0.408903
0.394495
0.399854
0.399403
0.385293
0.398389
0.200935
0.216526
0.214144
0.188080
0.429472
0.458212
0.397968
0.395898
0.401392
0.382008
0.379299
0.377043
0.376910
0.378781
0.202649
0.189111
0.173800
0.155136
0.138110
0.161085
0.123088
0.113214
0.110799
0.109921
0.124578
0.125695
0.130638
0.137216
0.148664
0.149014
0.136377
0.123492
0.122433
0.118886
0.119013
0.119374
0.132251
0.163621
0.182982
0.202631
0.215832
0.238449
0.267074
0.265939
0.298882
0.281150
0.310832
0.299954
0.296656
0.280256
0.285509
0.282473
0.278511
0.235612
0.207543
0.201440
0.201545
0.185423
0.195956
0.190123
0.176283
0.178691
0.233288
0.220555
0.233693
0.223027
0.216291
0.206562
0.203491
0.200354
0.190009
0.184019
0.180899
0.190891
0.190237
0.181954
0.179509
0.176143
0.168804
0.166577
0.165435
0.164884
0.169315
0.162697
0.171187
0.169875
0.168656
0.167327
0.169072
0.171649
0.170493
0.170630
0.170474
0.173009
0.173498
0.171752
0.172269
0.167832
0.170438
0.179455
0.186140
0.191899
0.200582
0.211345
0.206221
0.216373
0.219662
0.230310
0.242623
0.236802
0.261309
0.276381
0.273031
0.279186
0.288440
0.305606
0.313221
0.306470
0.306461
0.307705
0.301746
0.300667
0.302520
0.312010
0.313059
0.306859
0.306492
0.301924
0.299126
0.302662
0.302051
0.297967
0.308204
0.305374
0.303805
0.303860
0.302569
0.302188
0.300483
0.293854
0.293006
0.292691
0.288117
0.287669
0.293677
0.288553
0.288991
0.287073
0.286121
0.273693
0.281834
0.271503
0.276886
0.270051
0.261808
0.262878
0.260009
0.258762
0.257924
0.249587
0.237600
0.216037
0.197961
0.181859
0.174829
0.159969
0.147422
0.142123
0.136679
0.131651
0.127882
0.125461
0.122663
0.121834
0.124719
0.129644
0.131215
0.146387
0.165524
0.154588
0.149573
0.145655
0.141975
0.137416
0.137872
0.137411
0.140302
0.137306
0.137976
0.138125
0.140733
0.140501
0.143235
0.142472
0.145252
0.147850
0.155556
0.146924
0.157626
0.155634
0.142613
0.144599
0.142902
0.143727
0.147467
0.140788
0.142281
0.140646
0.136113
0.136763
0.170107
0.154457
0.147813
0.153532
0.152931
0.147095
0.150940
0.148822
0.147332
0.153095
0.153676
0.161253
0.155430
0.163100
0.162170
0.139622
0.135916
0.130568
0.128719
0.130326
0.137030
0.135425
0.137180
0.137425
0.137705
0.140424
0.142727
0.143604
0.140326
0.145559
0.139046
0.118922
0.120405
0.123265
0.123203
0.125812
0.129772
0.128505
0.130091
0.130090
0.139524
0.136137
0.131733
0.131177
0.136274
0.130958
0.130756
0.128520
0.122120
0.117147
0.107057
0.101148
0.093346
0.088025
0.088770
0.090562
0.106126
0.141231
0.140685
0.140153
0.134562
0.141682
0.145310
0.142664
0.149361
0.150930
0.149597
0.155703
0.179960
0.166186
0.146622
0.126015
0.133504
0.134587
0.138222
0.133264
0.133636
0.143162
0.138889
0.147748
0.154249
0.144788
0.159033
0.165498
0.172271
0.181136
0.187972
0.187467
0.186133
0.187182
0.191462
0.198200
0.188311
0.186969
0.156403
0.191277
0.193029
0.190232
0.191134
0.191292
0.190884
0.190441
0.190782
0.190915
0.189135
0.187835
0.190682
0.191350
0.186785
0.182019
0.184414
0.185902
0.181853
0.177091
0.171509
0.163465
0.162777
0.157905
0.154539
0.148359
0.146658
0.149661
0.141808
0.146399
0.141269
0.139644
0.137732
0.139555
0.134578
0.136360
0.138830
0.141232
0.137574
0.139643
0.134387
0.136836
0.147890
0.149831
0.139558
0.144055
0.148864
0.145029
0.140594
0.138468
0.135612
0.136688
0.133166
0.140707
0.129947
0.131773
0.132667
0.134574
0.156894
0.144088
0.151381
0.164001
0.158993
0.169069
0.172027
0.172990
0.150024
0.148782
0.153217
0.149079
0.140224
0.130494
0.119909
0.113381
0.109668
0.107831
0.103338
0.103294
0.100734
0.099307
0.099986
0.102968
0.107313
0.110852
0.112933
0.121245
0.136032
0.151142
0.204361
0.143615
0.132524
0.126239
0.119148
0.114336
0.112269
0.109947
0.110947
0.109713
0.111837
0.114820
0.114041
0.122850
0.121122
0.123822
0.125405
0.133451
0.136816
0.144312
0.153405
0.162811
0.153267
0.153219
0.152885
0.148539
0.148409
0.151539
0.153900
0.145652
0.160423
0.145606
0.127349
0.127187
0.166088
0.162178
0.160189
0.152369
0.144381
0.133627
0.133973
0.134733
0.133841
0.133549
0.137012
0.136200
0.153827
0.144991
0.144820
0.143190
0.200838
0.166016
0.136757
0.139394
0.134549
0.133619
0.132704
0.131490
0.130079
0.123059
0.125349
0.125234
0.132812
0.130566
0.134240
0.135640
0.128620
0.132705
0.131900
0.127294
0.127295
0.125912
0.121379
0.125763
0.123967
0.122878
0.120311
0.137590
0.113946
0.113068
0.111245
0.114628
0.116183
0.132932
0.120974
0.122345
0.121934
0.115342
0.141409
0.146701
0.143390
0.124745
0.147986
0.154558
0.155848
0.154872
0.153352
0.159172
0.112862
0.119523
0.088960
0.103110
0.110612
0.105323
0.145908
0.157314
0.150176
0.147812
0.142510
0.124711
0.124623
0.123010
0.120581
0.113730
0.112157
0.111034
0.108064
0.102537
0.099268
0.096754
0.095803
0.088723
0.092699
0.090836
0.090870
0.092376
0.091930
0.093306
0.097397
0.094846
0.095617
0.097076
0.095871
0.098458
0.103664
0.104277
0.103322
0.108009
0.109583
0.111658
0.120071
0.126583
0.127672
0.141458
0.131986
0.138705
0.149989
0.154137
0.148243
0.165980
0.158010
0.162499
0.166426
0.174213
0.179560
0.184019
0.184564
0.185058
0.186372
0.187653
0.194533
0.196252
0.194956
0.204999
0.203407
0.201883
0.202605
0.205937
0.189403
0.190468
0.179763
0.178042
0.171220
0.168658
0.163149
0.154570
0.149642
0.148696
0.145292
0.144300
0.138786
0.130984
0.116493
0.125343
0.120195
0.125021
0.123923
0.122663
0.123826
0.118769
0.116270
0.122105
0.122797
0.122934
0.115803
0.109451
0.129139
0.127904
0.129949
0.126842
0.124333
0.120413
0.121204
0.128435
0.127154
0.125860
0.126630
0.126101
0.069691
0.055537
0.122873
0.101643
0.103560
0.124916
0.124737
0.115466
0.130791
0.130146
0.139687
0.138221
0.138835
0.137914
0.138871
0.131655
0.125696
0.126943
0.089054
0.089049
0.120033
0.114343
0.113240
0.113300
0.120537
0.106861
0.118085
0.116929
0.117271
0.109014
0.110995
0.119481
0.115799
0.113499
0.112355
0.112706
0.110675
0.103220
0.104347
0.098909
0.097463
0.100961
0.104202
0.098732
0.105771
0.101153
0.102891
0.101573
0.100392
0.102766
0.099649
0.136899
0.130022
0.126777
0.116377
0.113587
0.109314
0.110551
0.112185
0.116742
0.114457
0.121181
0.134085
0.140099
0.145165
0.142673
0.125038
0.105333
0.100411
0.092701
0.104134
0.106526
0.101867
0.088980
0.116552
0.100196
0.142739
0.151048
0.129084
0.140776
0.211485
0.217001
0.205713
0.220969
0.220556
0.209400
0.200315
0.171628
0.180213
0.128404
0.120892
0.116430
0.117214
0.112062
0.114042
0.111255
0.112144
0.114836
0.113297
0.116604
0.116872
0.117895
0.113950
0.113728
0.123253
0.126846
0.126431
0.126599
0.121947
0.121211
0.256549
0.231134
0.263999
0.242957
0.244072
0.242552
0.238916
0.241144
0.236744
0.234776
0.235923
0.270390
0.261489
0.245884
0.238479
0.242613
0.201502
0.216989
0.219138
0.220559
0.223527
0.137265
0.137356
0.185330
0.135322
0.129124
0.143723
0.137703
0.144396
0.140254
0.140331
0.152237
0.189057
0.184051
0.208773
0.190878
0.186462
0.190515
0.193802
0.193291
0.190190
0.189071
0.165262
0.164452
0.164306
0.170523
0.173193
0.180818
0.144009
0.143360
0.146372
0.179267
0.154525
0.148056
0.149197
0.139426
0.143708
0.139433
0.170875
0.171837
0.173397
0.175316
0.138545
0.131979
0.402695
0.405917
0.416698
0.413150
0.407311
0.418231
0.416125
0.422822
0.421251
0.471880
0.470523
0.431497
0.434118
0.444400
0.443471
0.445560
0.442302
0.442362
0.472844
0.469942
0.457328
0.418001
0.410901
0.411392
0.418720
0.433354
0.425232
0.421076
0.421992
0.424489
0.410130
0.413054
0.413968
0.413531
0.418418
0.419401
0.419780
0.420382
0.420250
0.421527
0.422412
0.424492
0.326090
0.326319
0.343842
0.334926
0.379617
0.397141
0.334455
0.338394
0.342948
0.408194
0.406176
0.137133
0.142357
0.143716
0.143784
0.146354
0.145648
0.150095
0.146588
0.147042
0.148796
0.152085
0.149350
0.156815
0.155092
0.158435
0.153828
0.155272
0.146177
0.147157
0.153311
0.151661
0.159891
0.158800
0.158666
0.169685
0.173267
0.169322
0.170951
0.170591
0.176268
0.178023
0.169815
0.171049
0.171595
0.171078
0.167483
0.167477
0.171563
0.165813
0.173552
0.175804
0.171957
0.159120
0.157711
0.160671
0.158742
0.160930
0.156740
0.156686
0.153570
0.158372
0.157654
0.156010
0.152816
0.153892
0.156145
0.161561
0.159287
0.158344
0.160651
0.160378
0.161567
0.159892
0.160433
0.164188
0.159112
0.162206
0.168175
0.166521
0.166107
0.154835
0.154020
0.146195
0.151740
0.222272
0.222315
0.221722
0.222406
0.222078
0.223304
0.224102
0.221343
0.224622
0.104364
0.104036
0.121092
0.121191
0.119326
0.119154
0.094301
0.092131
0.092723
0.092512
0.204883
0.203856
0.203897
0.199873
0.181486
0.182460
0.181024
0.180670
0.186785
0.187635
0.186951
0.172398
0.193362
0.164058
0.181047
0.177821
0.180202
0.191700
0.183029
0.178690
0.170842
0.169584
0.165608
0.168170
0.193609
0.175865
0.169954
0.170361
0.177988
0.172378
0.173517
0.178222
0.177995
0.173156
0.180903
0.178049
0.187120
0.187041
0.178606
0.166127
0.199876
0.184808
0.177209
0.181183
0.146102
0.149719
0.135139
0.133996
0.131468
0.163811
0.159806
0.153929
0.127615
0.121122
0.134264
0.128658
0.118578
0.112893
0.117056
0.151283
0.164252
0.169048
0.167470
0.167820
0.168644
0.181861
0.190124
0.189985
0.190256
0.174175
0.142829
0.147139
0.165420
0.160412
0.174277
0.169560
0.192642
0.180425
0.172102
0.140005
0.127352
0.117595
0.102707
0.095429
0.091190
0.088670
0.102127
0.099375
0.092875
0.098902
0.097731
0.097565
0.093691
0.094249
0.090886
0.108514
0.095995
0.086336
0.089194
0.085186
0.095738
0.100170
0.089313
0.092448
0.099457
0.090895
0.068073
0.058593
0.057702
0.056585
0.065893
0.060630
0.052972
0.050390
0.078514
0.061220
0.093682
0.090309
0.090469
0.069862
0.075959
0.085495
0.059589
0.063597
0.069737
0.083669
0.083024
0.085996
0.085889
0.110577
0.052040
0.082715
0.072629
0.071467
0.081710
0.046448
0.060371
0.090665
0.090821
0.078717
0.100151
0.102638
0.099487
0.104785
0.102095
0.094451
0.102947
0.099938
0.101999
0.102899
0.098201
0.099346
0.090337
0.092964
0.094908
0.104227
0.113498
0.108698
0.117144
0.125625
0.123862
0.130378
0.136832
0.142720
0.147801
0.159181
0.170148
0.165880
0.173227
0.164935
0.177040
0.170302
0.194373
0.203736
0.214943
0.282774
0.303368
0.315206
0.320045
0.342851
0.341830
0.341273
0.339482
0.340031
0.337752
0.336593
0.334211
0.336139
0.335426
0.330610
0.324881
0.324273
0.343516
0.308339
0.301253
0.267989
0.254683
0.238694
0.225218
0.212109
0.167805
0.156640
0.157373
0.148901
0.190055
0.162241
0.180374
0.174940
0.164327
0.151980
0.153594
0.154323
0.157035
0.152992
0.169287
0.175574
0.179293
0.163383
0.169286
0.169598
0.178965
0.188635
0.194599
0.202421
0.207127
0.207573
0.208262
0.212327
0.207795
0.217121
0.215191
0.226201
0.224083
0.189563
0.179175
0.176976
0.170041
0.160235
0.139779
0.146304
0.138685
0.132019
0.129766
0.129604
0.129360
0.128468
0.128555
0.130449
0.127357
0.130773
0.130067
0.130603
0.131805
0.131121
0.131930
0.143226
0.143443
0.146329
0.149965
0.149804
0.157270
0.160308
0.157670
0.164432
0.164249
0.163223
0.164871
0.164729
0.163774
0.162582
0.165028
0.162064
0.164770
0.164644
0.164957
0.164613
0.166902
0.166921
0.168801
0.167050
0.168829
0.169690
0.169709
0.170176
0.173120
0.172775
0.170336
0.172707
0.177632
0.176993
0.176476
0.174389
0.173840
0.177111
0.179170
0.177074
0.174697
0.172526
0.171833
0.170321
0.169392
0.166327
0.166974
0.186197
0.184988
0.176158
0.173413
0.176399
0.177404
0.173147
0.178794
0.173440
0.173394
0.163537
0.159519
0.161940
0.159141
0.146607
0.144709
0.141388
0.164503
0.195149
0.169105
0.199352
0.203758
0.202086
0.214356
0.214657
0.209085
0.205537
0.212352
0.165597
0.165476
0.166999
0.165685
0.161820
0.166563
0.162288
0.157461
0.154955
0.153762
0.154812
0.165769
0.155354
0.141169
0.186892
0.199120
0.196548
0.199742
0.202727
0.197391
0.204793
0.202086
0.199892
0.200651
0.167069
0.166111
0.165171
0.163106
0.163981
0.165608
0.161933
0.162037
0.164203
0.163760
0.158613
0.163281
0.162890
0.161142
0.157861
0.160854
0.160929
0.160832
0.163984
0.167362
0.166966
0.168850
0.168043
0.164232
0.167614
0.223344
0.223342
0.227957
0.232659
0.228094
0.237124
0.240140
0.237730
0.232621
0.241396
0.233775
0.233286
0.220652
0.216657
0.233531
0.209132
0.226965
0.223615
0.229009
0.206601
0.224118
0.223861
0.215358
0.212177
0.148728
0.140382
0.149138
0.151788
0.158666
0.119841
0.121017
0.125861
0.118328
0.119072
0.130950
0.133075
0.138161
0.143897
0.148595
0.151814
0.160906
0.167427
0.167084
0.171991
0.177822
0.180888
0.183288
0.192646
0.189685
0.195725
0.208915
0.213851
0.225121
0.223928
0.226769
0.225831
0.226322
0.226539
0.225936
0.224800
0.215800
0.191216
0.177752
0.161479
0.149110
0.135869
0.124668
0.116742
0.119946
0.116078
0.120953
0.114966
0.118101
0.129985
0.140119
0.155905
0.136153
0.114478
0.096768
0.086098
0.074798
0.069369
0.067044
0.067583
0.078532
0.087901
0.100786
0.116746
0.128915
0.149281
0.175253
0.197290
0.210727
0.215355
0.231304
0.239307
0.229282
0.245252
0.270223
0.245626
0.253363
0.260393
0.262930
0.262860
0.265285
0.249989
0.264835
0.256278
0.267736
0.219258
0.231798
0.281458
0.280810
0.213380
0.279807
0.277950
0.293875
0.294243
0.284560
0.291638
0.279927
0.248566
0.241285
0.236919
0.239044
0.256953
0.261162
0.258022
0.236754
0.231289
0.221141
0.235595
0.237138
0.248973
0.241996
0.253712
0.273619
0.275169
0.282829
0.253594
0.265548
0.313603
0.323831
0.362699
0.356471
0.363974
0.368569
0.368520
0.368687
0.367351
0.361639
0.376780
0.332702
0.380602
0.353530
0.336598
0.338855
0.402967
0.385385
0.414492
0.374784
0.370404
0.306835
0.306672
0.358734
0.355720
0.355998
0.350826
0.355032
0.347292
0.339217
0.336578
0.332326
0.334799
0.309025
0.309037
0.254226
0.312428
0.286050
0.265684
0.270121
0.236091
0.235622
0.266555
0.287480
0.263539
0.256130
0.225198
0.217323
0.215930
0.241758
0.235811
0.233464
0.234743
0.232800
0.234967
0.229464
0.229564
0.221285
0.220914
0.213656
0.187489
0.180550
0.178975
0.212130
0.188591
0.242279
0.198282
0.202273
0.207437
0.220537
0.210346
0.213080
0.228752
0.225441
0.273562
0.275062
0.272762
0.264315
0.265538
0.253079
0.245262
0.236723
0.234405
0.236436
0.221206
0.205380
0.209825
0.209931
0.218458
0.210547
0.246196
0.246835
0.209307
0.229703
0.214012
0.206378
0.208669
0.211472
0.215523
0.208611
0.192856
0.218626
0.187416
0.200906
0.196411
0.204078
0.237219
0.279939
0.288312
0.300007
0.306892
0.315105
0.323329
0.334352
0.337232
0.332926
0.334016
0.332003
0.332064
0.335859
0.331776
0.337411
0.330584
0.330759
0.329353
0.334405
0.330749
0.332501
0.335036
0.325598
0.326315
0.326552
0.332008
0.332177
0.312483
0.328737
0.326820
0.314228
0.297712
0.298995
0.285993
0.316793
0.287759
0.273930
0.262733
0.246810
0.234947
0.230935
0.222950
0.213385
0.206318
0.195440
0.195487
0.167729
0.165391
0.159515
0.155851
0.153510
0.154093
0.151235
0.143674
0.140039
0.142299
0.138936
0.134233
0.133119
0.130188
0.144198
0.144898
0.150855
0.148137
0.148589
0.141325
0.141277
0.144549
0.146045
0.145423
0.142128
0.158090
0.146828
0.145550
0.161625
0.145437
0.146311
0.143959
0.141436
0.133748
0.139679
0.132775
0.133033
0.135394
0.137461
0.136411
0.161830
0.164334
0.158130
0.189148
0.199342
0.206136
0.209854
0.210283
0.211754
0.209748
0.210459
0.208640
0.207381
0.220221
0.218495
0.222254
0.222050
0.201587
0.195359
0.185997
0.177469
0.177463
0.171571
0.165478
0.164708
0.162307
0.163365
0.158776
0.155799
0.158579
0.159900
0.156479
0.157929
0.158754
0.166213
0.165857
0.170154
0.174976
0.176339
0.181004
0.188541
0.191573
0.198429
0.204670
0.211485
0.223584
0.228608
0.234944
0.239084
0.238372
0.239584
0.242996
0.242687
0.242509
0.249980
0.244389
0.253093
0.260259
0.260651
0.254368
0.253765
0.258029
0.260124
0.260788
0.258237
0.260868
0.249367
0.243777
0.238594
0.224972
0.214878
0.204979
0.193193
0.188580
0.181567
0.175215
0.168742
0.164691
0.159458
0.153793
0.154495
0.151386
0.151831
0.141144
0.139303
0.147928
0.141898
0.106448
0.111944
0.114023
0.129928
0.184320
0.194861
0.143963
0.259581
0.264562
0.250486
0.251356
0.250239
0.263149
0.264507
0.273914
0.244632
0.247218
0.252988
0.243585
0.224710
0.201315
0.190850
0.177546
0.163768
0.171645
0.153684
0.121490
0.139048
0.135846
0.132726
0.135354
0.139470
0.137771
0.138658
0.135728
0.139397
0.148518
0.148176
0.148446
0.146916
0.148787
0.140791
0.134500
0.129133
0.111349
0.107031
0.105039
0.106829
0.107148
0.134561
0.159432
0.176120
0.181109
0.183877
0.219272
0.234385
0.238085
0.243712
0.244556
0.236143
0.235096
0.222174
0.230382
0.225069
0.209065
0.185012
0.181942
0.170308
0.163539
0.153386
0.145644
0.126765
0.130969
0.125319
0.117910
0.130522
0.137497
0.146448
0.145546
0.143020
0.149776
0.157847
0.152270
0.149830
0.159007
0.168400
0.159176
0.158929
0.158074
0.160441
0.167567
0.161306
0.166147
0.167140
0.157284
0.169207
0.162298
0.168569
0.168545
0.163413
0.158359
0.155966
0.147803
0.152577
0.136606
0.127016
0.121546
0.117274
0.114204
0.118589
0.132668
0.093379
0.142963
0.169899
0.163625
0.197172
0.197171
0.216774
0.220439
0.211915
0.172023
0.148028
0.162103
0.307788
0.295891
0.260767
0.250329
0.238464
0.170451
0.170817
0.179626
0.275563
0.199656
0.191838
0.181181
0.175908
0.169408
0.167550
0.151519
0.151131
0.156674
0.153485
0.172868
0.154164
0.148215
0.141014
0.146687
0.147954
0.161431
0.171255
0.169596
0.177462
0.182651
0.178886
0.185788
0.182703
0.181929
0.146255
0.152036
0.156275
0.152079
0.162089
0.157948
0.156069
0.157335
0.160304
0.160501
0.185240
0.178579
0.159863
0.201224
0.199422
0.207710
0.193057
0.180894
0.175108
0.175581
0.190002
0.188345
0.187037
0.184752
0.185196
0.201816
0.196532
0.204836
0.180282
0.190922
0.187284
0.180566
0.178408
0.178729
0.176295
0.184467
0.200943
0.213928
0.228342
0.224635
0.247734
0.247577
0.300760
0.248933
0.254190
0.260576
0.263415
0.291881
0.289045
0.289714
0.320187
0.327748
0.335438
0.324567
0.335407
0.340905
0.348358
0.365127
0.360051
0.367402
0.372387
0.387953
0.389109
0.387747
0.387618
0.389264
0.389395
0.389999
0.387740
0.383972
0.383011
0.411556
0.415660
0.407598
0.408847
0.393008
0.387388
0.381089
0.380445
0.379528
0.376678
0.376287
0.379151
0.373652
0.371349
0.376370
0.372349
0.376611
0.376772
0.372342
0.368000
0.371776
0.359190
0.355968
0.354336
0.336134
0.345584
0.341385
0.328832
0.363664
0.359355
0.354508
0.333973
0.346067
0.306203
0.305313
0.289969
0.297445
0.335087
0.343523
0.304128
0.302899
0.301857
0.303511
0.306732
0.306378
0.304089
0.309138
0.312011
0.317264
0.318267
0.308040
0.320269
0.322525
0.347192
0.342081
0.293872
0.301338
0.275431
0.297971
0.259821
0.247301
0.277499
0.251820
0.248140
0.229585
0.229845
0.226638
0.221260
0.213280
0.203069
0.202428
0.197649
0.195287
0.196024
0.190623
0.211203
0.207965
0.197172
0.161494
0.210721
0.211640
0.143297
0.156872
0.203238
0.167270
0.180507
0.172746
0.172574
0.180545
0.176885
0.176997
0.178006
0.174041
0.181692
0.179490
0.185355
0.180940
0.181400
0.182798
0.188378
0.184395
0.184695
0.184504
0.181152
0.183278
0.202419
0.134565
0.139841
0.131279
0.131080
0.212539
0.183723
0.180069
0.146211
0.146250
0.188169
0.164813
0.193592
0.177017
0.181356
0.138930
0.139126
0.138756
0.144215
0.143137
0.136324
0.136517
0.136660
0.135738
0.136392
0.142623
0.142011
0.139471
0.143908
0.144334
0.145014
0.152591
0.150309
0.160217
0.160585
0.139421
0.178598
0.176691
0.161153
0.165722
0.150898
0.161077
0.176898
0.178743
0.165918
0.156974
0.158077
0.159576
0.152198
0.155774
0.162531
0.159506
0.176658
0.164489
0.248529
0.233874
0.232301
0.247700
0.221276
0.250003
0.267939
0.260316
0.271955
0.267247
0.238656
0.272232
0.253950
0.247801
0.270046
0.276245
0.265204
0.265110
0.271120
0.273684
0.271788
0.281915
0.274908
0.275145
0.279907
0.287423
0.289838
0.293354
0.294559
0.294833
0.301133
0.311889
0.309903
0.322024
0.325293
0.334683
0.348093
0.354661
0.356835
0.366138
0.370185
0.359363
0.360197
0.369304
0.357895
0.366281
0.362319
0.361781
0.358839
0.362429
0.343629
0.358210
0.355767
0.345542
0.301671
0.287588
0.319814
0.354924
0.355046
0.359988
0.369782
0.349243
0.374635
0.367257
0.361245
0.362299
0.353786
0.362354
0.364946
0.363662
0.380887
0.374074
0.384417
0.408670
0.407993
0.418207
0.420298
0.408547
0.414349
0.416352
0.407223
0.413116
0.413793
0.406298
0.385244
0.374853
0.351411
0.337176
0.322022
0.288028
0.272839
0.281260
0.273555
0.255630
0.251026
0.222348
0.207129
0.192017
0.181039
0.174769
0.169402
0.163191
0.149885
0.139295
0.133713
0.134117
0.122438
0.116694
0.114001
0.104335
0.099231
0.097891
0.092018
0.089127
0.083468
0.078460
0.076096
0.071712
0.069893
0.066877
0.065691
0.062835
0.062854
0.064537
0.064309
0.063324
0.064280
0.063814
0.064800
0.064470
0.063066
0.063112
0.064565
0.062853
0.062824
0.064689
0.064148
0.062578
0.064074
0.066666
0.067683
0.067537
0.068806
0.071351
0.072333
0.072985
0.075378
0.077574
0.080260
0.083758
0.086832
0.090184
0.094347
0.098340
0.100705
0.103413
0.113838
0.118430
0.140107
0.156272
0.166569
0.172405
0.179073
0.192901
0.197159
0.200281
0.223642
0.229148
0.230450
0.239566
0.250692
0.257906
0.263153
0.274204
0.284740
0.301291
0.311458
0.314833
0.320037
0.240142
0.248668
0.262325
0.262828
0.270955
0.275202
0.285489
0.279822
0.284022
0.278088
0.259741
0.258815
0.254997
0.254798
0.258046
0.254521
0.253319
0.255136
0.255774
0.256360
0.246821
0.244817
0.253670
0.253779
0.254476
0.250900
0.252400
0.250625
0.249097
0.249407
0.247604
0.242016
0.237960
0.237896
0.239048
0.232343
0.230188
0.225445
0.227790
0.225369
0.229560
0.229666
0.233356
0.234659
0.230490
0.220538
0.224854
0.220195
0.198380
0.200495
0.219803
0.184210
0.214734
0.214215
0.214910
0.165410
0.193366
0.136093
0.133811
0.147794
0.141715
0.153639
0.147245
0.147213
0.150193
0.142618
0.179978
0.180239
0.180118
0.194932
0.191940
0.182268
0.178412
0.178643
0.178837
0.173061
0.160578
0.160753
0.161060
0.157158
0.162293
0.161788
0.166359
0.164306
0.206333
0.199698
0.200290
0.157616
0.163667
0.154973
0.204950
0.214775
0.201239
0.182650
0.206952
0.201296
0.199019
0.194202
0.193311
0.192790
0.191470
0.187156
0.180321
0.162693
0.145916
0.191710
0.206199
0.194113
0.174787
0.173058
0.198154
0.215617
0.220782
0.211081
0.225236
0.204216
0.204687
0.206860
0.201849
0.205816
0.207712
0.237240
0.195982
0.202330
0.201935
0.213965
0.200256
0.201745
0.198846
0.200377
0.200351
0.200633
0.192193
0.191210
0.191125
0.191145
0.188624
0.189769
0.195592
0.188513
0.182754
0.182015
0.183222
0.178884
0.183174
0.179286
0.179673
0.180861
0.183777
0.182562
0.185799
0.185933
0.181045
0.182515
0.184922
0.185307
0.182968
0.183231
0.186392
0.194073
0.183249
0.192848
0.186595
0.192138
0.196263
0.196481
0.196915
0.197468
0.187667
0.187798
0.180901
0.180687
0.179708
0.172784
0.172517
0.166500
0.169327
0.165958
0.173198
0.160827
0.159479
0.158925
0.158114
0.156247
0.157029
0.148696
0.153599
0.152495
0.154619
0.156188
0.156830
0.154837
0.153844
0.157252
0.157337
0.147340
0.141273
0.161446
0.162889
0.157792
0.167547
0.164728
0.170478
0.163783
0.174948
0.174101
0.182750
0.185119
0.188233
0.183546
0.182906
0.183141
0.188897
0.190694
0.190357
0.189609
0.189603
0.191178
0.189265
0.190099
0.190262
0.189785
0.190093
0.190318
0.189164
0.189194
0.189478
0.191021
0.192615
0.192404
0.188475
0.188638
0.187740
0.191388
0.188830
0.189732
0.195767
0.192816
0.195667
0.200323
0.199114
0.203656
0.209974
0.213790
0.206136
0.196689
0.198569
0.195492
0.204996
0.181587
0.204050
0.206193
0.210730
0.220394
0.204681
0.215258
0.241997
0.224607
0.273534
0.293189
0.297333
0.303738
0.324547
0.341322
0.346418
0.350652
0.365546
0.371986
0.389202
0.394615
0.416509
0.403084
0.409885
0.399689
0.397510
0.457373
0.447931
0.442557
0.434791
0.436514
0.412475
0.412700
0.404177
0.382995
0.391092
0.389658
0.392097
0.374856
0.367581
0.364757
0.353811
0.359685
0.358591
0.358891
0.367635
0.365036
0.328092
0.366047
0.363489
0.347391
0.346071
0.344508
0.343229
0.320978
0.304836
0.305885
0.306649
0.303630
0.305016
0.294372
0.252108
0.247025
0.257602
0.227980
0.239083
0.257840
0.248120
0.212983
0.245554
0.233780
0.221279
0.219929
0.211274
0.206823
0.206784
0.204011
0.202765
0.195216
0.192520
0.193284
0.189581
0.189042
0.186357
0.186311
0.186146
0.185905
0.185808
0.186707
0.188806
0.189164
0.189879
0.188031
0.170312
0.168113
0.191824
0.192973
0.192524
0.189991
0.190386
0.194161
0.193561
0.193463
0.194725
0.195027
0.192453
0.196884
0.196375
0.193669
0.188227
0.186639
0.185979
0.181632
0.179689
0.191534
0.189812
0.177399
0.186072
0.182769
0.187043
0.191718
0.187445
0.191653
0.192245
0.190030
0.192648
0.194937
0.196534
0.198052
0.198390
0.198258
0.199887
0.201670
0.212733
0.212434
0.206855
0.210180
0.212123
0.232850
0.212388
0.217489
0.241331
0.243972
0.222702
0.223157
0.229801
0.234969
0.244897
0.244281
0.241236
0.245105
0.248020
0.247993
0.233428
0.234363
0.233656
0.212125
0.211963
0.211029
0.211459
0.211009
0.225509
0.225544
0.226774
0.226665
0.238385
0.236064
0.233527
0.225220
0.223942
0.225378
0.230800
0.223703
0.226581
0.220108
0.230579
0.234437
0.236252
0.241972
0.242405
0.243454
0.246188
0.249286
0.250609
0.251487
0.260850
0.264371
0.266283
0.274196
0.279117
0.291948
0.293408
0.307327
0.320390
0.318573
0.331439
0.338089
0.347547
0.366239
0.365832
0.371541
0.371440
0.384087
0.388988
0.394071
0.375795
0.376973
0.389836
0.389273
0.398106
0.395272
0.388142
0.390902
0.392770
0.396569
0.384769
0.382593
0.383001
0.376319
0.384769
0.367752
0.351767
0.333621
0.311267
0.286678
0.278344
0.254270
0.245651
0.250456
0.239336
0.228958
0.219767
0.210906
0.208753
0.169866
0.158264
0.163501
0.136177
0.149071
0.144065
0.143604
0.144057
0.155135
0.157504
0.177751
0.151987
0.156018
0.149683
0.167922
0.164668
0.179501
0.174247
0.161460
0.155495
0.150179
0.177285
0.181070
0.173694
0.174703
0.173465
0.181779
0.172829
0.173526
0.175040
0.178671
0.181035
0.183395
0.185325
0.200873
0.199670
0.206309
0.200734
0.209000
0.214321
0.222870
0.225426
0.226961
0.226208
0.238029
0.221668
0.237736
0.233283
0.233197
0.234080
0.242656
0.228974
0.229145
0.226429
0.221931
0.221261
0.213289
0.210387
0.214003
0.212059
0.215937
0.220916
0.222325
0.224383
0.222835
0.222768
0.226031
0.201714
0.190899
0.191198
0.198154
0.232645
0.217792
0.187120
0.183262
0.211202
0.206814
0.211885
0.196239
0.197389
0.218540
0.233975
0.271128
0.261552
0.264631
0.267673
0.278617
0.257281
0.246519
0.250121
0.243635
0.256661
0.282543
0.271985
0.271977
0.276949
0.263823
0.255361
0.265286
0.266368
0.282637
0.276812
0.288171
0.249581
0.246792
0.249687
0.248727
0.239010
0.236056
0.230831
0.227546
0.236090
0.228581
0.207035
0.205019
0.201268
0.198025
0.193631
0.191706
0.192236
0.183083
0.181354
0.176068
0.171097
0.174413
0.176697
0.177738
0.171473
0.163073
0.174104
0.174588
0.172581
0.176087
0.177172
0.173830
0.180894
0.180890
0.182477
0.184031
0.183010
0.182138
0.182875
0.196520
0.184871
0.182792
0.181293
0.170587
0.174275
0.172945
0.175006
0.180203
0.182548
0.187837
0.190135
0.186314
0.182249
0.181474
0.180405
0.178425
0.179130
0.175576
0.183489
0.174895
0.179712
0.179494
0.182224
0.182436
0.185100
0.192438
0.195467
0.194821
0.196188
0.205714
0.205310
0.206461
0.204909
0.203624
0.214682
0.201810
0.219170
0.218021
0.214400
0.220867
0.231398
0.235090
0.238042
0.236509
0.250238
0.249008
0.262699
0.251854
0.257940
0.220458
0.231155
0.232064
0.250031
0.257597
0.238027
0.234760
0.234118
0.231646
0.229518
0.232557
0.232932
0.226793
0.224156
0.223475
0.217851
0.212425
0.206483
0.209734
0.210615
0.206188
0.208404
0.208283
0.200176
0.198743
0.199639
0.199686
0.208298
0.177883
0.172193
0.169529
0.187512
0.171891
0.227573
0.249030
0.252611
0.190412
0.254745
0.204074
0.229604
0.197107
0.200327
0.208062
0.214222
0.214609
0.215687
0.211511
0.212148
0.222539
0.199462
0.189128
0.232705
0.214777
0.228100
0.260572
0.250635
0.209108
0.247182
0.207892
0.205981
0.203879
0.213525
0.220253
0.234500
0.226821
0.239800
0.240248
0.244541
0.253400
0.265257
0.241051
0.239564
0.265355
0.262983
0.276235
0.275957
0.321938
0.299645
0.273186
0.348004
0.301383
0.295974
0.295106
0.232340
0.230332
0.222350
0.223235
0.221223
0.225117
0.229854
0.232333
0.221800
0.226588
0.226075
0.233704
0.221586
0.220255
0.209591
0.223118
0.222622
0.215136
0.217735
0.212434
0.219917
0.219841
0.219713
0.220792
0.221845
0.230528
0.215694
0.221378
0.214902
0.233092
0.214893
0.215565
0.222854
0.247309
0.221466
0.216811
0.217403
0.201324
0.168758
0.158216
0.166674
0.167759
0.145713
0.141663
0.141147
0.163724
0.163704
0.154627
0.151873
0.123464
0.116045
0.140136
0.138892
0.130437
0.133497
0.136445
0.135858
0.137563
0.135408
0.134857
0.172305
0.135779
0.156798
0.189003
0.146897
0.155800
0.154056
0.147547
0.139993
0.139088
0.134352
0.132751
0.137689
0.133192
0.128609
0.120737
0.125114
0.126110
0.138620
0.126229
0.123529
0.122231
0.133757
0.134666
0.153268
0.151356
0.155430
0.152405
0.150231
0.158593
0.159443
0.155678
0.153078
0.152889
0.155923
0.144085
0.158767
0.182049
0.181880
0.195508
0.243345
0.245795
0.256490
0.262251
0.274434
0.240719
0.279129
0.288776
0.273332
0.270035
0.267928
0.257589
0.259832
0.265941
0.262468
0.250164
0.254815
0.256487
0.243311
0.243729
0.236819
0.244559
0.250172
0.247066
0.241774
0.231730
0.226673
0.225597
0.226558
0.219619
0.215940
0.211198
0.212944
0.207001
0.198595
0.201131
0.195067
0.197817
0.214784
0.202271
0.206127
0.208558
0.201490
0.202109
0.199700
0.198913
0.197309
0.194286
0.195056
0.194875
0.211130
0.214515
0.219386
0.212277
0.210916
0.215195
0.215557
0.213142
0.212137
0.217781
0.211692
0.215496
0.212007
0.212467
0.219390
0.221346
0.223967
0.219647
0.254460
0.215218
0.216386
0.217957
0.226930
0.272602
0.261072
0.276586
0.232140
0.175273
0.162157
0.212484
0.222996
0.284585
0.290307
0.289255
0.173085
0.166231
0.165321
0.265860
0.257592
0.219507
0.230961
0.200355
0.177822
0.170575
0.163992
0.145570
0.137892
0.133772
0.128092
0.112189
0.102600
0.095414
0.100055
0.089684
0.100125
0.102925
0.089609
0.083249
0.076792
0.081475
0.083791
0.073989
0.070301
0.071321
0.065361
0.067973
0.068368
0.068256
0.069666
0.069114
0.066285
0.071289
0.069433
0.069878
0.067820
0.067659
0.069468
0.069336
0.069328
0.077254
0.090134
0.079105
0.088069
0.097567
0.098103
0.109860
0.105437
0.125687
0.124636
0.141652
0.148216
0.159559
0.167357
0.174061
0.190346
0.202306
0.231848
0.245843
0.255956
0.274965
0.294744
0.306168
0.320773
0.343085
0.358605
0.392921
0.413559
0.431642
0.434146
0.434071
0.432657
0.436757
0.436668
0.435186
0.441097
0.439525
0.443554
0.433098
0.450772
0.434326
0.434607
0.415949
0.403373
0.383960
0.322272
0.303424
0.286360
0.270329
0.249643
0.232492
0.215572
0.198508
0.194076
0.173777
0.159179
0.148271
0.139791
0.134703
0.123792
0.117886
0.109305
0.096742
0.093083
0.086857
0.077295
0.072477
0.069320
0.065455
0.063555
0.060171
0.058510
0.057089
0.058252
0.057558
0.059993
0.063130
0.065887
0.074801
0.087467
0.089953
0.097983
0.100986
0.113343
0.122223
0.129568
0.136362
0.146914
0.155360
0.163777
0.167797
0.173494
0.183909
0.179143
0.176564
0.197674
0.209981
0.217323
0.235158
0.258539
0.286668
0.292040
0.308623
0.336589
0.360705
0.302343
0.311705
0.324546
0.330976
0.382001
0.374281
0.376326
0.375153
0.379564
0.377782
0.340076
0.415633
0.415832
0.314448
0.300215
0.288429
0.272794
0.280439
0.246256
0.233604
0.182526
0.160988
0.162658
0.157412
0.159948
0.150879
0.144047
0.143495
0.139432
0.162053
0.168860
0.163194
0.163210
0.179509
0.272406
0.242216
0.312925
0.314390
0.270629
0.267383
0.347824
0.297232
0.306316
0.209182
0.274136
0.362129
0.377914
0.378125
0.348170
0.343222
0.342194
0.343233
0.336520
0.286083
0.336663
0.289985
0.289729
0.295523
0.293622
0.325523
0.338204
0.278196
0.280578
0.276655
0.270412
0.270018
0.286506
0.286968
0.292290
0.297500
0.276892
0.301778
0.299867
0.295193
0.286292
0.280010
0.285906
0.287755
0.273869
0.269151
0.269571
0.260680
0.263864
0.288276
0.264015
0.250913
0.248155
0.245821
0.268114
0.277901
0.254234
0.255473
0.255128
0.224138
0.248627
0.249589
0.232070
0.231617
0.220175
0.263619
0.241520
0.204897
0.191520
0.171227
0.175418
0.154892
0.172158
0.161089
0.151707
0.167569
0.181908
0.172512
0.164040
0.152093
0.155639
0.146958
0.144285
0.142896
0.136509
0.140480
0.136924
0.133061
0.133717
0.133054
0.135828
0.132498
0.135402
0.135884
0.144357
0.144246
0.144074
0.172498
0.194850
0.199287
0.198729
0.199371
0.187301
0.187948
0.186388
0.206496
0.200508
0.204044
0.195648
0.194453
0.192778
0.167762
0.162713
0.167703
0.168132
0.135813
0.140041
0.161746
0.163429
0.138317
0.145863
0.143497
0.173910
0.168969
0.158836
0.143773
0.136786
0.121140
0.113525
0.097660
0.092203
0.081605
0.078354
0.072625
0.064383
0.058367
0.053120
0.053187
0.048489
0.043764
0.040605
0.037202
0.032988
0.041067
0.036924
0.034792
0.036655
0.037319
0.038494
0.044252
0.043630
0.044130
0.045090
0.040132
0.037767
0.037328
0.037665
0.038038
0.039684
0.034482
0.039423
0.037760
0.038236
0.039474
0.056352
0.056730
0.051970
0.044637
0.044168
0.055482
0.046193
0.049099
0.045810
0.045759
0.046644
0.052305
0.055555
0.049902
0.050120
0.044447
0.041225
0.040323
0.045040
0.046756
0.053899
0.060783
0.062603
0.072357
0.081646
0.094327
0.110033
0.128984
0.163384
0.179742
0.169032
0.259301
0.260712
0.258511
0.259354
0.247556
0.271652
0.257065
0.272629
0.268330
0.244063
0.253412
0.228479
0.248069
0.249241
0.232446
0.192061
0.196259
0.225000
0.225084
0.227699
0.250724
0.253789
0.239829
0.245659
0.248309
0.244452
0.238469
0.240569
0.243730
0.235883
0.230563
0.224972
0.242819
0.246118
0.244404
0.252559
0.245911
0.245572
0.245999
0.244506
0.247917
0.244733
0.255607
0.251988
0.256314
0.256723
0.246813
0.254706
0.252453
0.264618
0.279197
0.269831
0.258576
0.258915
0.256025
0.256957
0.250947
0.260416
0.263175
0.262479
0.262431
0.268506
0.268098
0.269768
0.274048
0.270053
0.275695
0.272228
0.271074
0.256261
0.257323
0.261913
0.260378
0.259902
0.254739
0.286243
0.300762
0.282208
0.281034
0.290491
0.306592
0.272649
0.185720
0.169682
0.154997
0.144293
0.131510
0.121052
0.122293
0.119635
0.113317
0.114403
0.122816
0.129717
0.137684
0.148852
0.122386
0.136409
0.176229
0.119715
0.138315
0.121446
0.120512
0.118205
0.113042
0.112744
0.113089
0.112410
0.112215
0.114190
0.117936
0.117141
0.118573
0.120819
0.119960
0.120136
0.119664
0.120227
0.119981
0.120086
0.120269
0.119748
0.126506
0.126282
0.129754
0.128024
0.126956
0.126130
0.128211
0.136409
0.136666
0.138010
0.138094
0.140173
0.146019
0.144707
0.155421
0.155198
0.151445
0.157410
0.165794
0.176642
0.159014
0.156581
0.165468
0.164837
0.165774
0.165045
0.195047
0.187109
0.189913
0.187958
0.188822
0.160059
0.153499
0.150126
0.148351
0.143618
0.134900
0.147887
0.133263
0.129621
0.110554
0.109425
0.118379
0.118546
0.110646
0.117700
0.117242
0.113712
0.109004
0.114815
0.115553
0.120779
0.119479
0.131666
0.135710
0.128848
0.121905
0.118491
0.115226
0.113259
0.114851
0.116488
0.125143
0.133008
0.139224
0.150198
0.147198
0.140123
0.139179
0.143363
0.143049
0.141274
0.142320
0.140771
0.133859
0.134664
0.159739
0.136177
0.135221
0.134902
0.135356
0.135677
0.134215
0.140879
0.135275
0.135336
0.137404
0.130267
0.127459
0.134480
0.133808
0.135693
0.148355
0.147903
0.143214
0.161843
0.158943
0.135007
0.135915
0.132806
0.126868
0.134889
0.141167
0.149498
0.146842
0.158578
0.161100
0.163659
0.165756
0.162837
0.164965
0.166256
0.168330
0.169413
0.172691
0.176316
0.177280
0.182591
0.186958
0.194929
0.194938
0.202643
0.198902
0.203847
0.203442
0.199444
0.196199
0.199624
0.198824
0.205889
0.198675
0.209336
0.204766
0.204330
0.204079
0.198886
0.193887
0.188894
0.187472
0.174776
0.178818
0.174793
0.165969
0.168117
0.163975
0.162363
0.160466
0.154433
0.163178
0.161560
0.169433
0.171099
0.170684
0.176206
0.181985
0.155222
0.157104
0.191912
0.202980
0.220038
0.246968
0.267020
0.289883
0.245533
0.246025
0.245468
0.245463
0.248618
0.256902
0.250837
0.253161
0.253152
0.264447
0.300280
0.298727
0.299290
0.312270
0.259279
0.263580
0.263651
0.275742
0.277498
0.273981
0.270863
0.272908
0.274648
0.273094
0.267392
0.267370
0.287100
0.358801
0.358195
0.359332
0.264192
0.256272
0.255872
0.256108
0.250535
0.250065
0.259952
0.252739
0.254768
0.254426
0.248630
0.255231
0.246372
0.243690
0.239312
0.221881
0.210902
0.198942
0.189175
0.186389
0.253577
0.235879
0.233722
0.223159
0.206483
0.205172
0.195755
0.191903
0.177340
0.170528
0.163146
0.162427
0.153324
0.147483
0.144243
0.141159
0.139219
0.132877
0.130182
0.121906
0.109556
0.106631
0.108341
0.106829
0.101375
0.100201
0.099823
0.092178
0.097943
0.099536
0.095876
0.095487
0.093382
0.094515
0.095061
0.092483
0.104515
0.090311
0.090268
0.094166
0.107412
0.104145
0.107779
0.107526
0.108633
0.112404
0.108078
0.106706
0.107177
0.102085
0.104326
0.102897
0.098069
0.099007
0.095739
0.094279
0.097477
0.099587
0.099860
0.101403
0.099826
0.097496
0.110423
0.110428
0.104954
0.099373
0.113624
0.106166
0.107090
0.102357
0.103581
0.102406
0.098974
0.098678
0.101666
0.111108
0.105422
0.105082
0.104600
0.112091
0.103154
0.099750
0.098046
0.098082
0.096510
0.099689
0.102107
0.103500
0.097187
0.104745
0.102513
0.107329
0.109573
0.110720
0.104982
0.119585
0.116403
0.120972
0.122378
0.121572
0.125156
0.125800
0.126391
0.130788
0.133617
0.138574
0.135781
0.135827
0.141286
0.144132
0.140779
0.142202
0.146198
0.154944
0.162869
0.163098
0.169704
0.171542
0.169300
0.174520
0.178382
0.186475
0.191776
0.214962
0.223022
0.224341
0.228308
0.229723
0.230801
0.223611
0.225688
0.342622
0.340686
0.268861
0.269294
0.228717
0.203494
0.144993
0.128103
0.130510
0.097482
0.085987
0.096500
0.101287
0.089537
0.116230
0.130843
0.150555
0.132435
0.135087
0.132079
0.127082
0.124246
0.121925
0.118125
0.121086
0.123770
0.120519
0.122247
0.127663
0.131073
0.139969
0.146002
0.148476
0.148949
0.153033
0.158031
0.168029
0.163560
0.165753
0.165900
0.167894
0.168256
0.160210
0.171066
0.171030
0.159219
0.157083
0.153572
0.156353
0.155455
0.159461
0.161181
0.173521
0.175483
0.175600
0.177563
0.173413
0.173075
0.164014
0.163970
0.168755
0.158696
0.151858
0.157820
0.150118
0.134731
0.131139
0.131419
0.124114
0.126719
0.125279
0.114607
0.112881
0.112467
0.107436
0.101220
0.095483
0.094986
0.093076
0.098854
0.120430
0.107402
0.109072
0.100092
0.100759
0.090715
0.094225
0.092365
0.092006
0.093472
0.084919
0.096868
0.098223
0.112389
0.121282
0.117008
0.098836
0.099794
0.099134
0.096185
0.103822
0.109867
0.109834
0.111708
0.099942
0.102140
0.093825
0.090570
0.099226
0.086484
0.090761
0.089722
0.089691
0.086656
0.088793
0.096928
0.091960
0.091949
0.096508
0.097351
0.095924
0.097515
0.096529
0.097484
0.092736
0.099069
0.102734
0.102689
0.110719
0.111678
0.109155
0.109579
0.109697
0.100570
0.094183
0.091431
0.091831
0.087215
0.081752
0.084790
0.080944
0.080285
0.079568
0.081103
0.074105
0.078588
0.088054
0.089925
0.115917
0.096051
0.101437
0.108826
0.112254
0.117843
0.119802
0.125547
0.131276
0.138045
0.140626
0.150417
0.152870
0.159023
0.164100
0.171483
0.173782
0.175310
0.175305
0.175842
0.173072
0.175680
0.175725
0.176128
0.175522
0.176794
0.176067
0.177962
0.177612
0.183289
0.183300
0.181275
0.181765
0.182064
0.178081
0.178914
0.171804
0.169040
0.164510
0.161513
0.157551
0.154960
0.149660
0.147456
0.141982
0.133646
0.129430
0.123158
0.118011
0.115860
0.110372
0.103330
0.098550
0.094686
0.089808
0.087634
0.081931
0.077809
0.073418
0.068816
0.059786
0.064175
0.057404
0.054114
0.049685
0.046092
0.043307
0.041061
0.039127
0.047398
0.036384
0.033738
0.034602
0.034091
0.033550
0.035374
0.033515
0.033550
0.034119
0.033589
0.033201
0.035856
0.035217
0.035933
0.035774
0.034061
0.035839
0.035266
0.035751
0.034416
0.035037
0.033644
0.034968
0.034516
0.036394
0.037883
0.040829
0.041475
0.044077
0.046458
0.049977
0.052670
0.056395
0.059436
0.064053
0.065514
0.069165
0.073619
0.077339
0.082203
0.088227
0.092030
0.097204
0.108019
0.112180
0.118750
0.118867
0.128788
0.122895
0.135891
0.142372
0.130666
0.139934
0.138639
0.143759
0.180044
0.182793
0.170441
0.168524
0.192150
0.204068
0.200455
0.202506
0.198057
0.198472
0.194676
0.192021
0.174983
0.169714
0.161503
0.138545
0.139444
0.131021
0.138347
0.139013
0.131098
0.129806
0.122131
0.122012
0.113746
0.114545
0.111661
0.108512
0.109117
0.105241
0.104570
0.105859
0.111771
0.111667
0.123036
0.127294
0.129383
0.129736
0.129018
0.131158
0.140134
0.142444
0.150694
0.143539
0.163816
0.171373
0.165487
0.173283
0.162154
0.161149
0.160737
0.165418
0.159849
0.161016
0.159799
0.159562
0.160867
0.162161
0.158896
0.156489
0.152688
0.161338
0.169151
0.161639
0.164133
0.158750
0.158877
0.151939
0.145663
0.140389
0.141616
0.132971
0.129504
0.127875
0.123469
0.122208
0.112561
0.112262
0.109805
0.114307
0.112677
0.108393
0.109572
0.104541
0.104367
0.101426
0.101527
0.097927
0.097538
0.098563
0.095142
0.103718
0.102226
0.102369
0.101725
0.102348
0.099787
0.100688
0.101157
0.100772
0.102033
0.105094
0.106774
0.107530
0.110201
0.109478
0.116694
0.115678
0.120644
0.123247
0.123234
0.127188
0.125727
0.119422
0.124233
0.122454
0.127406
0.130480
0.131042
0.133982
0.133857
0.137997
0.139417
0.142654
0.135767
0.149618
0.144844
0.156666
0.158547
0.160217
0.149765
0.147722
0.149317
0.147113
0.147954
0.149884
0.151058
0.152662
0.148501
0.152391
0.152383
0.149883
0.143149
0.147648
0.141262
0.141624
0.144626
0.147150
0.150637
0.148188
0.143283
0.149246
0.148201
0.142858
0.139956
0.136587
0.133885
0.131760
0.129253
0.127515
0.126177
0.129230
0.125799
0.127272
0.126503
0.125885
0.129585
0.131705
0.131291
0.137057
0.138491
0.141026
0.144773
0.152687
0.163077
0.167037
0.170792
0.171126
0.174328
0.140880
0.196015
0.205833
0.204583
0.218135
0.184442
0.195573
0.192569
0.182154
0.179495
0.184081
0.180301
0.180186
0.178167
0.172721
0.177284
0.159113
0.168916
0.161481
0.153953
0.121224
0.118777
0.112457
0.106293
0.107967
0.103686
0.103855
0.103127
0.103816
0.098051
0.107395
0.109987
0.116787
0.127296
0.139999
0.161280
0.102686
0.101737
0.090916
0.082636
0.073181
0.066474
0.062198
0.053987
0.055394
0.051030
0.045840
0.046023
0.044911
0.042771
0.041546
0.041253
0.042120
0.039037
0.051241
0.049733
0.053494
0.053138
0.061176
0.057410
0.056636
0.056826
0.055218
0.058287
0.055330
0.065227
0.065602
0.066520
0.057101
0.055071
0.055791
0.054694
0.055443
0.055029
0.054334
0.057124
0.057133
0.062132
0.056104
0.067259
0.053045
0.052892
0.054400
0.042906
0.041157
0.042355
0.042552
0.042828
0.043912
0.046990
0.048920
0.055256
0.059267
0.062418
0.068904
0.078140
0.088335
0.099168
0.110198
0.115675
0.148019
0.169140
0.147112
0.139604
0.135129
0.129829
0.126066
0.141336
0.136838
0.120160
0.121073
0.110371
0.113320
0.106688
0.107681
0.107384
0.111021
0.112824
0.113579
0.114922
0.098985
0.110810
0.115422
0.117956
0.117413
0.106865
0.106647
0.098890
0.094117
0.091344
0.097096
0.097037
0.101202
0.120958
0.126078
0.096843
0.117608
0.123175
0.127406
0.133343
0.137553
0.121535
0.126317
0.127625
0.135545
0.119591
0.122728
0.129144
0.129566
0.129552
0.128624
0.128196
0.129753
0.131619
0.136219
0.121123
0.118007
0.118724
0.131781
0.132206
0.138434
0.138092
0.131507
0.112152
0.122724
0.119150
0.120901
0.123407
0.118751
0.105179
0.098922
0.104956
0.101938
0.110750
0.096644
0.103231
0.105551
0.107594
0.102709
0.106110
0.106352
0.105715
0.104555
0.113027
0.083034
0.085740
0.078985
0.070007
0.078017
0.094895
0.093010
0.099009
0.098512
0.106375
0.104847
0.087003
0.111247
0.113576
0.122057
0.127649
0.129494
0.127020
0.128949
0.127560
0.124814
0.120121
0.119480
0.121527
0.093231
0.086942
0.109696
0.114474
0.093194
0.122465
0.125070
0.117493
0.139803
0.138110
0.129826
0.153224
0.149028
0.143043
0.134544
0.131048
0.124880
0.127742
0.128031
0.133625
0.138180
0.137996
0.140243
0.137095
0.140338
0.145899
0.144910
0.145410
0.151225
0.156161
0.154312
0.143752
0.143984
0.143938
0.141313
0.144594
0.144933
0.144288
0.149323
0.150108
0.144803
0.139968
0.138975
0.148070
0.143549
0.143176
0.143446
0.141754
0.140609
0.140751
0.139869
0.141357
0.142587
0.146425
0.149153
0.154233
0.160245
0.121410
0.109415
0.094526
0.114520
0.104396
0.098280
0.131246
0.139206
0.105360
0.103946
0.100180
0.113879
0.122730
0.127981
0.136991
0.142807
0.142831
0.144559
0.147968
0.146928
0.150509
0.140115
0.150034
0.138226
0.159022
0.152402
0.146283
0.151496
0.153782
0.147923
0.155498
0.155888
0.157569
0.145763
0.155265
0.159705
0.178312
0.175582
0.164646
0.173825
0.166414
0.166008
0.160245
0.162806
0.156797
0.158621
0.165851
0.155297
0.167218
0.154115
0.153284
0.152972
0.144780
0.138784
0.146302
0.161683
0.121050
0.114400
0.102222
0.095503
0.089918
0.086145
0.088340
0.091727
0.109567
0.124935
0.136576
0.124936
0.121223
0.127975
0.126291
0.127816
0.125405
0.127081
0.118533
0.118610
0.115539
0.108300
0.090896
0.081853
0.072571
0.061475
0.063279
0.069257
0.068713
0.067478
0.070050
0.054699
0.096092
0.079426
0.098755
0.109427
0.110473
0.123598
0.115813
0.159728
0.190833
0.149783
0.141294
0.127636
0.124650
0.119446
0.111228
0.113938
0.107870
0.104342
0.111481
0.089228
0.105370
0.102243
0.110596
0.115886
0.122744
0.127612
0.156205
0.150132
0.154793
0.158821
0.159203
0.157080
0.153617
0.159323
0.161601
0.161456
0.157949
0.154779
0.154197
0.152688
0.073111
0.070880
0.094777
0.122069
0.115745
0.107892
0.078143
0.074172
0.074541
0.078766
0.083409
0.092133
0.103418
0.118472
0.139151
0.155128
0.144406
0.134902
0.128388
0.115285
0.111582
0.109769
0.107696
0.116976
0.107305
0.107106
0.109862
0.115292
0.120148
0.122903
0.110166
0.110868
0.113859
0.113869
0.102392
0.113184
0.142554
0.125272
0.122728
0.122299
0.123649
0.124032
0.107750
0.115280
0.108536
0.108627
0.108143
0.107664
0.106088
0.105247
0.109539
0.111073
0.116672
0.115447
0.109134
0.111238
0.115156
0.117250
0.121796
0.136154
0.141030
0.146373
0.150374
0.157995
0.167809
0.171150
0.173317
0.176255
0.179147
0.192355
0.199826
0.204284
0.215500
0.221026
0.229869
0.226591
0.235635
0.240532
0.253238
0.260553
0.268153
0.278005
0.284536
0.290631
0.292121
0.296360
0.316926
0.303248
0.270043
0.281914
0.284831
0.284802
0.286764
0.254700
0.262532
0.287841
0.308882
0.309380
0.308000
0.287773
0.287444
0.275501
0.269241
0.259199
0.250234
0.223148
0.242496
0.234394
0.234337
0.225769
0.216299
0.221663
0.189364
0.189170
0.176821
0.181022
0.161154
0.160381
0.140923
0.137335
0.152846
0.146938
0.145831
0.140091
0.135307
0.118438
0.133774
0.130548
0.134063
0.128529
0.139442
0.123426
0.121367
0.123959
0.121495
0.112208
0.114326
0.112379
0.106554
0.107020
0.109305
0.101562
0.099281
0.096485
0.091421
0.092381
0.088788
0.085233
0.083395
0.078827
0.080812
0.095284
0.098087
0.099392
0.102666
0.105106
0.171604
0.159273
0.132768
0.159232
0.147229
0.136733
0.136302
0.130340
0.124645
0.120267
0.117783
0.115328
0.114060
0.105112
0.115710
0.117050
0.107773
0.113951
0.109992
0.127918
0.132378
0.121692
0.112312
0.130513
0.117711
0.116014
0.115070
0.110840
0.115150
0.114687
0.111184
0.118540
0.122594
0.129796
0.124971
0.124746
0.137599
0.141792
0.143947
0.139623
0.139859
0.152803
0.156492
0.148199
0.149212
0.150108
0.156540
0.140816
0.137622
0.140534
0.128783
0.129875
0.127512
0.152098
0.125208
0.126577
0.120305
0.118859
0.146189
0.139989
0.167798
0.142666
0.129668
0.114030
0.100423
0.099043
0.086266
0.085336
0.087878
0.086993
0.085901
0.086855
0.094429
0.095186
0.093719
0.094102
0.103010
0.112841
0.115076
0.121142
0.117531
0.099374
0.102359
0.100456
0.099461
0.104492
0.094796
0.087985
0.099663
0.116115
0.116166
0.128543
0.113435
0.128626
0.126413
0.126178
0.125768
0.116020
0.125214
0.120291
0.120274
0.132789
0.134632
0.129801
0.133140
0.131089
0.126036
0.122060
0.120708
0.112076
0.112790
0.113921
0.113315
0.104823
0.096538
0.096370
0.094599
0.097934
0.100078
0.101627
0.100691
0.119982
0.121126
0.123123
0.114267
0.114509
0.114494
0.112475
0.106060
0.104277
0.107084
0.084523
0.103844
0.080701
0.083330
0.082197
0.084865
0.088774
0.093830
0.086619
0.085987
0.088489
0.087555
0.080423
0.095109
0.095090
0.088806
0.078758
0.075361
0.078533
0.082039
0.084148
0.086901
0.091050
0.092573
0.117601
0.112465
0.119338
0.129489
0.129798
0.134804
0.128747
0.133943
0.139189
0.145938
0.148727
0.147395
0.147312
0.151813
0.153548
0.150585
0.156257
0.199699
0.206743
0.211035
0.217367
0.215901
0.233350
0.231445
0.240473
0.263113
0.255452
0.271542
0.280264
0.293153
0.304877
0.316455
0.325893
0.323210
0.333350
0.332640
0.303972
0.300337
0.298123
0.296485
0.277811
0.271492
0.271769
0.255641
0.261147
0.263080
0.262083
0.238813
0.227725
0.247893
0.237945
0.246135
0.249295
0.248529
0.251573
0.247496
0.248800
0.229851
0.260487
0.252540
0.185702
0.178235
0.185375
0.178948
0.179310
0.180194
0.199626
0.194948
0.181881
0.183649
0.188693
0.184520
0.177528
0.175639
0.182250
0.178256
0.184843
0.183671
0.176686
0.178320
0.172747
0.167401
0.158004
0.154952
0.152309
0.149566
0.146115
0.145006
0.147956
0.144778
0.139994
0.134923
0.127778
0.097022
0.104535
0.134123
0.125922
0.126774
0.122667
0.122446
0.119966
0.106790
0.107657
0.110701
0.109116
0.113577
0.113594
0.112239
0.112903
0.120897
0.113177
0.109140
0.109131
0.105079
0.103546
0.143549
0.133954
0.133456
0.144335
0.136624
0.148764
0.137671
0.141329
0.126727
0.149147
0.130292
0.145456
0.148439
0.146821
0.147252
0.149161
0.147272
0.137980
0.146980
0.138454
0.138061
0.129945
0.150170
0.150376
0.128791
0.142820
0.138359
0.151957
0.151102
0.127230
0.139816
0.144758
0.142699
0.152888
0.142453
0.148251
0.147460
0.146794
0.130512
0.143028
0.127604
0.126843
0.154364
0.128699
0.132752
0.158065
0.159507
0.158316
0.158494
0.156262
0.156148
0.155636
0.136969
0.131851
0.132559
0.152212
0.152389
0.153736
0.152392
0.154028
0.128610
0.129792
0.128957
0.129759
0.127949
0.125097
0.124631
0.121968
0.121795
0.123061
0.119072
0.118488
0.131042
0.117141
0.124224
0.129318
0.128692
0.128583
0.127571
0.127951
0.126498
0.126383
0.123427
0.123570
0.122984
0.123599
0.121513
0.121402
0.120874
0.122830
0.124642
0.124242
0.124192
0.123442
0.123828
0.125270
0.125811
0.126365
0.126080
0.125756
0.127305
0.127091
0.127406
0.127535
0.126105
0.125380
0.124943
0.124172
0.124035
0.125236
0.121125
0.121340
0.119819
0.118500
0.120910
0.116840
0.120240
0.119272
0.115775
0.118179
0.119622
0.118435
0.117606
0.116473
0.117865
0.112552
0.113692
0.113867
0.113069
0.112262
0.111578
0.108917
0.108168
0.108259
0.110083
0.110964
0.111606
0.110467
0.111829
0.112840
0.113176
0.114167
0.114889
0.116071
0.114916
0.117465
0.122309
0.120496
0.121737
0.121478
0.123015
0.121485
0.122745
0.123664
0.123995
0.125042
0.130147
0.128548
0.130450
0.130945
0.126857
0.131582
0.131317
0.131900
0.129154
0.130749
0.131994
0.130385
0.132392
0.132506
0.130269
0.131275
0.132150
0.131170
0.125877
0.125595
0.157529
0.124111
0.152669
0.137837
0.120484
0.120154
0.120209
0.119349
0.118714
0.116538
0.115837
0.115284
0.123214
0.122658
0.122822
0.121509
0.120202
0.121225
0.118851
0.119700
0.121622
0.120618
0.075891
0.120647
0.121166
0.098402
0.099318
0.113313
0.114147
0.108965
0.117559
0.117112
0.139098
0.134955
0.137594
0.137685
0.139843
0.142394
0.161922
0.164278
0.164511
0.199927
0.160691
0.160824
0.154693
0.154693
0.154693
0.154693
0.154693
0.154692
0.154692
0.154692
0.154692
0.154692
0.154692
0.154692
0.154692
0.154692
0.154692
0.154692
0.154692
0.154692
0.154692
0.154692
0.154692
0.154692
0.154692
0.154692
0.154692
0.154692
0.154692
0.154692
0.154692
0.154692
0.154692
0.154692
0.154692
0.154692
0.154692
0.154692
0.154692
0.154692
0.154692
0.154692
0.154692
0.154692
