0.053027
0.053027
0.080637
0.080550
0.080855
0.082346
0.189473
0.129781
0.101442
0.077065
0.096940
0.094197
0.094930
0.095725
0.094983
0.092487
0.093432
0.084936
0.082897
0.081468
0.078709
0.079148
0.077390
0.077738
0.077814
0.077583
0.077886
0.076265
0.073656
0.076158
0.072429
0.075415
0.077383
0.076533
0.081281
0.080253
0.082770
0.069873
0.069918
0.070852
0.078900
0.070288
0.068513
0.068336
0.069952
0.069739
0.069001
0.068608
0.065751
0.065957
0.065731
0.066218
0.066106
0.065836
0.066025
0.076610
0.101865
0.067396
0.078863
0.060870
0.064742
0.061103
0.063224
0.056220
0.066744
0.054010
0.070885
0.068727
0.067276
0.079993
0.074011
0.049914
0.043356
0.062654
0.038197
0.086855
0.048514
0.098932
0.090155
0.045311
0.105456
0.105251
0.107824
0.099700
0.101076
0.104323
0.068350
0.060720
0.060838
0.060486
0.063124
0.062818
0.062488
0.062543
0.062578
0.063030
0.059042
0.060336
0.060960
0.061420
0.061850
0.063687
0.062400
0.063300
0.062139
0.063200
0.063557
0.064085
0.063269
0.063588
0.146384
0.142195
0.143417
0.144811
0.145694
0.132333
0.131496
0.082076
0.082037
0.143067
0.143102
0.143137
0.141367
0.143220
0.147344
0.147771
0.147670
0.146742
0.081760
0.082715
0.084858
0.083879
0.082727
0.083292
0.080678
0.081063
0.081392
0.081847
0.080862
0.114423
0.114881
0.113741
0.114144
0.113834
0.113958
0.113548
0.113834
0.114114
0.016728
0.018653
0.017991
0.018893
0.017243
0.017651
0.018356
0.018227
0.017938
0.017856
0.018422
0.018454
0.017470
0.018131
0.019047
0.018570
0.019051
0.018704
0.020779
0.023143
0.028560
0.026744
0.029074
0.026414
0.027912
0.029129
0.027216
0.028098
0.033059
0.027999
0.027977
0.042192
0.039269
0.037965
0.038703
0.043261
0.037559
0.035135
0.031710
0.032481
0.029530
0.029254
0.029766
0.028333
0.025481
0.026365
0.024220
0.030393
0.027831
0.030759
0.029979
0.025588
0.029286
0.030170
0.027149
0.024962
0.024599
0.025034
0.029375
0.025596
0.023063
0.028641
0.039297
0.037829
0.036546
0.037560
0.039323
0.039166
0.037395
0.038858
0.034031
0.039983
0.037866
0.036265
0.030607
0.037720
0.031144
0.032911
0.031643
0.033819
0.032091
0.032482
0.033735
0.032820
0.030803
0.038272
0.037546
0.033289
0.032970
0.033519
0.032551
0.033523
0.035504
0.000859
0.000572
0.000383
0.000234
0.000116
0.000000
0.000129
0.000332
0.000428
0.000496
0.000849
0.000770
0.000916
0.000759
0.000822
0.001036
0.001032
0.001277
0.001210
0.001288
0.001504
0.001654
0.001680
0.001743
0.001711
0.002008
0.002337
0.002460
0.002373
0.002589
0.003329
0.021738
0.020045
0.021666
0.021916
0.020799
0.022047
0.021542
0.021417
0.020026
0.019123
0.019317
0.020667
0.020638
0.020440
0.021737
0.020177
0.019485
0.020800
0.020003
0.020824
0.020007
0.023706
0.023668
0.024075
0.024884
0.024658
0.023252
0.022610
0.022846
0.023965
0.022398
0.024434
0.067992
0.067963
0.068241
0.068631
0.068958
0.070106
0.070064
0.026519
0.032124
0.030611
0.028617
0.033064
0.033782
0.030731
0.033238
0.028714
0.029689
0.024545
0.032539
0.026124
0.025471
0.026888
0.028427
0.028252
0.033468
0.027175
0.026216
0.027115
0.027001
0.026566
0.026771
0.027091
0.026289
0.026482
0.025722
0.032849
0.026447
0.026474
0.025852
0.027035
0.026733
0.025856
0.026784
0.034989
0.025629
0.028583
0.023573
0.023123
0.025285
0.015184
0.025629
0.023813
0.025088
0.022178
0.023082
0.024979
0.025638
0.025550
0.022470
0.022679
0.022065
0.021466
0.022225
0.031803
0.032090
0.041304
0.046709
0.038981
0.039310
0.038904
0.041206
0.041285
0.041170
0.041317
0.041790
0.041733
0.042331
0.041995
0.042592
0.040826
0.043519
0.041282
0.041360
0.041034
0.040737
0.040655
0.040690
0.039947
0.039917
0.039620
0.040410
0.039745
0.039429
0.038571
0.038769
0.038682
0.037130
0.038288
0.037892
0.038958
0.039346
0.035852
0.041549
0.036715
0.041727
0.037115
0.042786
0.040230
0.038102
0.040914
0.041379
0.042682
0.040644
0.039785
0.040495
0.041651
0.040950
0.038196
0.043086
0.035249
0.040853
0.040932
0.039606
0.041657
0.038098
0.041675
0.043032
0.042013
0.040821
0.047153
0.048429
0.047017
0.047098
0.041695
0.034252
0.040583
0.038338
0.038376
0.039723
0.035929
0.036382
0.039190
0.033900
0.040747
0.035371
0.039475
0.033307
0.030796
0.029352
0.027418
0.029230
0.029160
0.028682
0.028263
0.028317
0.030964
0.028922
0.026460
0.027129
0.028278
0.027908
0.030357
0.027517
0.027231
0.027683
0.028758
0.026731
0.028656
0.029266
0.026439
0.029098
0.030452
0.028903
0.030804
0.029607
0.028353
0.030929
0.027456
0.027226
0.025805
0.027273
0.027231
0.027257
0.029760
0.029373
0.028682
0.026886
0.027357
0.028319
0.026074
0.027151
0.025291
0.023647
0.060344
0.047595
0.056571
0.056549
0.050551
0.060228
0.061604
0.055805
0.059376
0.055944
0.055477
0.051200
0.057219
0.046605
0.062924
0.056516
0.044522
0.056018
0.043801
0.047196
0.046750
0.046042
0.049379
0.048097
0.044113
0.044596
0.041726
0.051161
0.041530
0.044537
0.045136
0.047828
0.045108
0.043478
0.040949
0.042756
0.040438
0.039122
0.041902
0.042884
0.046036
0.043341
0.045997
0.045355
0.046223
0.046740
0.041158
0.046674
0.041159
0.044951
0.043458
0.040259
0.041311
0.042786
0.045668
0.043005
0.033083
0.030080
0.034889
0.030853
0.055432
0.075847
0.030324
0.047118
0.062757
0.077171
0.080786
0.063027
0.035389
0.036722
0.038561
0.037956
0.040017
0.039458
0.036997
0.031267
0.030608
0.029892
0.031094
0.036814
0.038960
0.030589
0.029967
0.031500
0.038714
0.039117
0.039653
0.042537
0.043148
0.023932
0.025281
0.024316
0.026228
0.026698
0.024147
0.027344
0.027232
0.025422
0.026835
0.027481
0.027208
0.026056
0.026154
0.027030
0.027101
0.026760
0.028418
0.027212
0.027343
0.026363
0.025559
0.026094
0.028097
0.027529
0.024813
0.025216
0.027262
0.028417
0.027789
0.025740
0.025083
0.026092
0.025154
0.025785
0.026762
0.026070
0.025641
0.025851
0.025951
0.027031
0.025015
0.025997
0.026499
0.025479
0.026736
0.026102
0.025781
0.027206
0.026451
0.026614
0.027109
0.027058
0.028742
0.028244
0.031724
0.026177
0.025230
0.026143
0.026640
0.027136
0.027477
0.026083
0.026619
0.025996
0.026060
0.025204
0.029939
0.029087
0.030064
0.029680
0.029427
0.027329
0.028708
0.028887
0.031668
0.030553
0.031765
0.029381
0.030446
0.034355
0.038823
0.036914
0.034964
0.035848
0.050658
0.046619
0.045770
0.050518
0.048730
0.040289
0.045591
0.046451
0.043229
0.041841
0.049180
0.044572
0.046105
0.047411
0.043000
0.044747
0.049392
0.047433
0.048733
0.056129
0.051464
0.051273
0.050876
0.051804
0.051873
0.054971
0.054764
0.051183
0.049798
0.050285
0.054108
0.059764
0.056781
0.056314
0.057674
0.051565
0.049333
0.047180
0.051567
0.047022
0.049467
0.055278
0.057086
0.056440
0.057059
0.056827
0.055624
0.056127
0.056145
0.058757
0.056570
0.053788
0.054852
0.055957
0.060248
0.062614
0.058418
0.057231
0.056140
0.055740
0.054857
0.054070
0.031888
0.036359
0.031865
0.034139
0.031468
0.032551
0.032089
0.036606
0.032741
0.099172
0.096870
0.098375
0.095486
0.096334
0.080583
0.086925
0.085015
0.082168
0.082643
0.067636
0.060773
0.065138
0.072066
0.049543
0.053594
0.048031
0.046909
0.051831
0.050600
0.051075
0.075887
0.077513
0.079018
0.074815
0.075696
0.071780
0.073490
0.069943
0.069887
0.067621
0.068945
0.059047
0.058405
0.055749
0.058473
0.083153
0.077376
0.079421
0.084014
0.072133
0.079428
0.048554
0.073706
0.055959
0.054884
0.058790
0.062709
0.063888
0.061006
0.057871
0.058378
0.066886
0.060767
0.065277
0.059658
0.092537
0.095673
0.096748
0.099280
0.099525
0.099625
0.100001
0.101247
0.091356
0.095084
0.096346
0.098378
0.096954
0.098850
0.097110
0.096205
0.095470
0.094301
0.091420
0.093795
0.092143
0.086691
0.092745
0.083355
0.080888
0.081427
0.077921
0.101280
0.094134
0.102259
0.092778
0.091286
0.099618
0.090567
0.090774
0.092949
0.093116
0.096567
0.092849
0.091707
0.096817
0.090798
0.091119
0.099567
0.099909
0.094863
0.093857
0.090227
0.096788
0.095285
0.090474
0.092303
0.090680
0.094108
0.094590
0.093431
0.097722
0.098637
0.090127
0.098443
0.097782
0.059989
0.060007
0.058579
0.055842
0.056052
0.056433
0.059022
0.061788
0.063354
0.065194
0.060583
0.070434
0.066444
0.070856
0.072701
0.061736
0.063053
0.064186
0.063259
0.064877
0.064108
0.066120
0.064834
0.063778
0.063816
0.062536
0.061219
0.061356
0.057615
0.056312
0.067424
0.063117
0.064551
0.063335
0.063139
0.061395
0.061238
0.059329
0.062782
0.058721
0.058033
0.085206
0.091272
0.091405
0.091547
0.089156
0.086140
0.087104
0.093055
0.092575
0.089704
0.088423
0.088260
0.083373
0.085541
0.079819
0.082472
0.079557
0.079198
0.078627
0.076991
0.076628
0.072057
0.078828
0.081197
0.081682
0.083988
0.077399
0.084941
0.084963
0.084325
0.078866
0.074837
0.075118
0.076160
0.076618
0.076907
0.075968
0.080022
0.069990
0.070781
0.069440
0.084840
0.085072
0.085702
0.083201
0.085904
0.085904
0.085694
0.086089
0.084413
0.087651
0.087440
0.033763
0.033986
0.034492
0.033532
0.033739
0.033272
0.033426
0.033971
0.034963
0.034210
0.033557
0.033563
0.034322
0.030416
0.031718
0.031552
0.039324
0.039934
0.039035
0.036119
0.037370
0.036879
0.039322
0.040135
0.036558
0.035555
0.035476
0.035653
0.035928
0.035487
0.035466
0.035498
0.035252
0.035215
0.035712
0.035757
0.036097
0.036245
0.036108
0.035400
0.035122
0.035343
0.035415
0.035247
0.035747
0.036393
0.036613
0.034774
0.035048
0.034820
0.034125
0.029485
0.029096
0.028367
0.028398
0.028142
0.028434
0.028508
0.027984
0.028832
0.027143
0.027217
0.036228
0.038429
0.045330
0.042318
0.040612
0.038586
0.039504
0.040549
0.042014
0.042049
0.041924
0.041884
0.040388
0.039320
0.039815
0.038894
0.041323
0.040755
0.040275
0.040627
0.041634
0.094787
0.043554
0.087155
0.095126
0.044022
0.095212
0.096177
0.100187
0.043756
0.038733
0.039296
0.043393
0.039616
0.038252
0.037254
0.039339
0.037491
0.037370
0.039580
0.111925
0.107962
0.105330
0.104217
0.105524
0.106651
0.108041
0.110303
0.110114
0.111743
0.111674
0.112551
0.039973
0.037795
0.114034
0.114221
0.113160
0.116660
0.116837
0.115436
0.113956
0.040231
0.114979
0.114120
0.114787
0.115415
0.117600
0.042331
0.043400
0.042925
0.042524
0.041851
0.041997
0.042525
0.042730
0.043500
0.042691
0.043319
0.045042
0.041766
0.043090
0.042743
0.043947
0.046178
0.046592
0.047324
0.047045
0.047462
0.048382
0.043933
0.038446
0.039916
0.039998
0.041076
0.038729
0.040450
0.037428
0.040511
0.037759
0.039657
0.040557
0.039672
0.040058
0.037818
0.037855
0.073275
0.065236
0.057376
0.056985
0.047763
0.056623
0.057567
0.050447
0.048710
0.059890
0.060327
0.058836
0.066385
0.050619
0.055465
0.058622
0.059346
0.070399
0.051109
0.063089
0.070036
0.063225
0.073427
0.074784
0.061389
0.047301
0.047542
0.055448
0.057642
0.057681
0.064407
0.054040
0.070451
0.057504
0.072552
0.082802
0.077226
0.070295
0.082493
0.078005
0.090178
0.083715
0.080729
0.069789
0.083898
0.082275
0.072055
0.073743
0.070223
0.072415
0.072007
0.065263
0.122741
0.065081
0.076535
0.072295
0.064993
0.082576
0.078727
0.085363
0.093238
0.085111
0.070822
0.086219
0.089135
0.082978
0.079882
0.068497
0.057697
0.087000
0.058947
0.064560
0.057873
0.059404
0.056177
0.060404
0.065675
0.052984
0.048116
0.053152
0.059392
0.057697
0.053472
0.054784
0.052281
0.047288
0.043265
0.042672
0.044267
0.043918
0.050168
0.050850
0.049460
0.041911
0.045164
0.053002
0.049173
0.069864
0.043227
0.043176
0.050203
0.065299
0.052100
0.040051
0.033085
0.055906
0.050777
0.038680
0.044397
0.042725
0.045872
0.052435
0.056646
0.057493
0.045612
0.050673
0.056336
0.047585
0.050731
0.036437
0.043091
0.045486
0.045094
0.045023
0.047497
0.042532
0.042747
0.044190
0.045062
0.043953
0.045157
0.043620
0.044383
0.044821
0.043145
0.043274
0.042665
0.042960
0.042893
0.043492
0.041900
0.049622
0.047260
0.044471
0.049991
0.044289
0.046225
0.040626
0.042712
0.034828
0.035755
0.035399
0.039010
0.042706
0.037872
0.048476
0.046904
0.043887
0.039876
0.038207
0.046308
0.038583
0.040054
0.048612
0.035398
0.043136
0.047314
0.041778
0.042664
0.037574
0.047291
0.040874
0.045026
0.046923
0.034845
0.047907
0.043203
0.043204
0.040055
0.042719
0.044855
0.031054
0.033559
0.040258
0.045297
0.039862
0.045697
0.034835
0.047635
0.036100
0.033599
0.038521
0.035563
0.044486
0.045624
0.045362
0.047801
0.039552
0.035614
0.039578
0.040024
0.040765
0.040608
0.035115
0.035901
0.043024
0.040527
0.041568
0.041205
0.037728
0.039782
0.045328
0.045675
0.044415
0.044521
0.044843
0.046501
0.042737
0.038625
0.045237
0.038814
0.042903
0.033970
0.031747
0.035935
0.032777
0.034662
0.034366
0.036306
0.036526
0.040161
0.039396
0.038365
0.035919
0.033718
0.035637
0.036600
0.036932
0.033202
0.034454
0.033207
0.036692
0.033420
0.039277
0.039684
0.039136
0.039431
0.037133
0.033704
0.038183
0.038325
0.039357
0.039452
0.039029
0.040206
0.040108
0.041456
0.039573
0.038416
0.040702
0.038089
0.039888
0.044010
0.041722
0.041657
0.043006
0.044869
0.044173
0.044219
0.047025
0.045159
0.036958
0.037052
0.037328
0.035918
0.036236
0.036243
0.039258
0.032244
0.038093
0.032454
0.033135
0.035710
0.034491
0.033119
0.032683
0.032779
0.036123
0.035760
0.032628
0.034119
0.037141
0.038307
0.038488
0.039485
0.043176
0.043407
0.043007
0.044723
0.036953
0.037029
0.037375
0.040082
0.037416
0.037368
0.033806
0.036968
0.037284
0.068373
0.066896
0.063459
0.068194
0.072261
0.065250
0.070445
0.068647
0.065212
0.069529
0.071967
0.066598
0.061533
0.064335
0.064380
0.065071
0.067011
0.068415
0.072234
0.071811
0.082001
0.081800
0.157202
0.080168
0.172910
0.084552
0.085971
0.176451
0.077933
0.077773
0.079123
0.168239
0.082352
0.082574
0.078701
0.074594
0.096783
0.093859
0.082973
0.119104
0.072126
0.074311
0.061434
0.060476
0.059551
0.060625
0.056947
0.067121
0.064661
0.064307
0.070539
0.072563
0.075268
0.080828
0.090360
0.154059
0.179180
0.183743
0.205328
0.187327
0.165809
0.172708
0.149093
0.082756
0.107279
0.151492
0.162979
0.121178
0.142039
0.121281
0.174414
0.155163
0.147305
0.154952
0.145984
0.145928
0.163547
0.148860
0.142027
0.036179
0.033608
0.034790
0.036166
0.035517
0.033567
0.034409
0.034889
0.039298
0.040291
0.039798
0.040127
0.036597
0.038365
0.038181
0.038642
0.038466
0.037059
0.035845
0.036013
0.034857
0.035043
0.035016
0.035132
0.051822
0.061978
0.060821
0.060551
0.060358
0.060195
0.060000
0.060032
0.060026
0.060309
0.060013
0.059869
0.059938
0.059914
0.060014
0.060904
0.060307
0.060404
0.062471
0.064109
0.060405
0.060256
0.060350
0.060396
0.062780
0.064218
0.045025
0.042394
0.040985
0.037447
0.038391
0.037533
0.039848
0.037934
0.036966
0.036664
0.040451
0.038024
0.038971
0.044873
0.061539
0.047636
0.055557
0.055171
0.055319
0.050060
0.050165
0.050710
0.049854
0.049878
0.049822
0.050028
0.067945
0.050204
0.050106
0.049922
0.049913
0.050300
0.050074
0.050516
0.049982
0.050010
0.051054
0.050745
0.068470
0.068165
0.058964
0.059062
0.059406
0.059715
0.059242
0.059643
0.059491
0.059354
0.050470
0.059365
0.059244
0.043040
0.065975
0.067785
0.067638
0.044689
0.069613
0.073412
0.066197
0.069519
0.070365
0.072335
0.043342
0.044694
0.044539
0.047917
0.049565
0.048100
0.055663
0.049614
0.031900
0.034506
0.032712
0.031856
0.031956
0.031573
0.028650
0.027587
0.029103
0.029752
0.029133
0.028630
0.028961
0.029584
0.029426
0.028397
0.028445
0.030535
0.027455
0.029935
0.031829
0.028595
0.028152
0.030141
0.029167
0.030059
0.032122
0.030107
0.028991
0.031265
0.031428
0.033290
0.030355
0.030950
0.032231
0.033321
0.032000
0.031003
0.030141
0.029395
0.029197
0.029429
0.027837
0.027148
0.027165
0.027278
0.026455
0.026728
0.026642
0.027719
0.026324
0.026355
0.028452
0.026264
0.025256
0.026225
0.025518
0.027570
0.025893
0.025584
0.026070
0.026462
0.027483
0.027535
0.027935
0.027879
0.029122
0.030955
0.033118
0.029110
0.031648
0.029834
0.033221
0.032685
0.032492
0.051444
0.050544
0.042862
0.049564
0.045089
0.059460
0.042099
0.046655
0.062401
0.053737
0.055133
0.052943
0.058365
0.063312
0.054488
0.062507
0.055317
0.064126
0.061795
0.067473
0.068458
0.066405
0.061216
0.065558
0.060469
0.060568
0.057337
0.044873
0.044706
0.049901
0.044886
0.041807
0.049705
0.049380
0.049972
0.054141
0.050976
0.026936
0.032710
0.035077
0.060867
0.057767
0.062035
0.064778
0.062426
0.059395
0.041595
0.064951
0.062940
0.056915
0.059332
0.056288
0.036438
0.052081
0.056483
0.039527
0.038488
0.037685
0.042022
0.040560
0.044001
0.049196
0.040613
0.038748
0.040666
0.049711
0.047079
0.045006
0.043838
0.044184
0.048090
0.043790
0.045655
0.045397
0.053241
0.054785
0.046246
0.047016
0.047213
0.045470
0.045819
0.048255
0.036359
0.046371
0.042347
0.036819
0.037820
0.040616
0.035471
0.043054
0.042423
0.035337
0.044512
0.042527
0.043594
0.043270
0.042887
0.043319
0.043441
0.044044
0.037856
0.044324
0.042946
0.044680
0.042364
0.044401
0.043903
0.044717
0.042907
0.043145
0.045857
0.043964
0.044863
0.045623
0.045921
0.043774
0.047051
0.044963
0.037833
0.047189
0.040635
0.045111
0.044548
0.045472
0.042676
0.044303
0.042899
0.045280
0.044121
0.042501
0.042591
0.042130
0.042180
0.043968
0.044100
0.044871
0.046225
0.046276
0.046414
0.047663
0.045007
0.045924
0.044411
0.042318
0.041404
0.040318
0.041269
0.039377
0.040959
0.038782
0.041340
0.041343
0.040596
0.039964
0.039323
0.039833
0.039922
0.040640
0.032256
0.038642
0.039793
0.034945
0.040877
0.036866
0.036323
0.038484
0.030736
0.030944
0.038562
0.031192
0.028916
0.039822
0.038891
0.037525
0.033528
0.032298
0.034831
0.037727
0.028556
0.029421
0.028919
0.027721
0.031401
0.028810
0.028626
0.029682
0.030266
0.031227
0.031699
0.032235
0.032162
0.035368
0.032025
0.032006
0.058870
0.062321
0.063813
0.062074
0.063320
0.067691
0.064419
0.065721
0.060294
0.057215
0.060187
0.060454
0.060546
0.061526
0.050246
0.054277
0.047784
0.044654
0.047514
0.045337
0.047201
0.054006
0.043918
0.049777
0.051827
0.052585
0.054179
0.054051
0.051219
0.052049
0.049423
0.051196
0.052329
0.050738
0.048695
0.052380
0.042765
0.040558
0.049106
0.042587
0.040359
0.048062
0.039013
0.038619
0.042498
0.045724
0.040667
0.045071
0.045948
0.046214
0.046162
0.042730
0.041543
0.041088
0.040630
0.046425
0.046011
0.046236
0.046089
0.038308
0.043764
0.042216
0.044942
0.044680
0.045553
0.034967
0.048931
0.038397
0.046503
0.048209
0.046117
0.045965
0.043583
0.045317
0.046795
0.045390
0.043346
0.045808
0.042825
0.044967
0.042366
0.047165
0.047116
0.041630
0.045803
0.041648
0.046665
0.046308
0.043161
0.045853
0.046058
0.044298
0.045800
0.047476
0.046199
0.046420
0.043203
0.049998
0.046005
0.049081
0.047036
0.048373
0.035769
0.032736
0.032243
0.044630
0.045489
0.045667
0.046655
0.030336
0.028601
0.028381
0.038986
0.042311
0.047994
0.045402
0.047291
0.046951
0.031850
0.030791
0.047600
0.031608
0.031078
0.030564
0.029919
0.030291
0.030236
0.028626
0.043551
0.043757
0.044515
0.049086
0.049340
0.046471
0.046985
0.046049
0.045326
0.041735
0.044113
0.044238
0.046587
0.046701
0.047280
0.048236
0.049363
0.046175
0.046971
0.047970
0.039747
0.043613
0.045783
0.042936
0.046210
0.039671
0.045401
0.041532
0.042281
0.041822
0.044038
0.041936
0.040637
0.044530
0.044259
0.045096
0.044493
0.042373
0.042986
0.049814
0.045677
0.047358
0.043773
0.042058
0.045234
0.046260
0.041131
0.043532
0.046621
0.044521
0.042364
0.042425
0.042326
0.042636
0.041915
0.042373
0.041739
0.044057
0.041423
0.041658
0.044581
0.044568
0.042169
0.042641
0.030650
0.044518
0.041880
0.043335
0.042869
0.042212
0.042709
0.044262
0.042312
0.043294
0.042832
0.039268
0.042142
0.046606
0.040255
0.046767
0.057729
0.053059
0.064157
0.056152
0.053189
0.053172
0.048790
0.052168
0.055919
0.047567
0.050763
0.055179
0.051577
0.052373
0.056045
0.052297
0.052213
0.054502
0.055065
0.052961
0.047518
0.055660
0.053583
0.052455
0.049764
0.055945
0.052528
0.051490
0.052821
0.055649
0.054580
0.053016
0.057210
0.051165
0.059442
0.051190
0.063682
0.061578
0.059633
0.064911
0.060326
0.023267
0.021584
0.023933
0.031110
0.030253
0.027770
0.027891
0.024309
0.021779
0.025597
0.022770
0.026435
0.025783
0.028536
0.025493
0.030051
0.027900
0.021790
0.021903
0.024359
0.024367
0.025756
0.025971
0.025364
0.026330
0.041687
0.043928
0.043437
0.043358
0.043551
0.045323
0.044153
0.043966
0.046112
0.045493
0.045524
0.042863
0.048614
0.048381
0.047685
0.048170
0.045902
0.045833
0.046334
0.046228
0.046802
0.047838
0.047820
0.048534
0.052572
0.036342
0.042571
0.041497
0.038209
0.040808
0.042671
0.041463
0.042643
0.046500
0.048833
0.048517
0.046445
0.038720
0.048563
0.049166
0.058083
0.057787
0.043786
0.043886
0.043090
0.043104
0.042591
0.043787
0.044494
0.044842
0.044541
0.044448
0.044702
0.044868
0.044176
0.044276
0.043998
0.043810
0.044530
0.043630
0.043552
0.045075
0.045081
0.045765
0.061234
0.061487
0.061258
0.061766
0.045404
0.045619
0.045560
0.046146
0.045520
0.044844
0.020707
0.020431
0.020516
0.022374
0.020008
0.020000
0.020541
0.020351
0.020429
0.020409
0.020019
0.019865
0.017739
0.019642
0.017144
0.017734
0.017269
0.019034
0.019038
0.018887
0.019162
0.019106
0.019185
0.019297
0.019380
0.019503
0.019520
0.019599
0.019635
0.019761
0.019848
0.019913
0.020056
0.020007
0.020506
0.020154
0.020114
0.021107
0.020502
0.020514
0.021734
0.021505
0.020873
0.021140
0.021792
0.021993
0.021930
0.019658
0.020825
0.018803
0.021398
0.022293
0.021171
0.022228
0.020127
0.020247
0.022315
0.023636
0.022180
0.023263
0.023754
0.023102
0.023357
0.023984
0.022765
0.022411
0.021973
0.022179
0.024249
0.021641
0.022548
0.024789
0.021785
0.021786
0.022230
0.021225
0.022064
0.022053
0.021823
0.021269
0.021865
0.023848
0.021709
0.021789
0.022504
0.021447
0.021720
0.021171
0.021420
0.021861
0.021031
0.020310
0.019550
0.019468
0.018817
0.018921
0.019456
0.018772
0.018750
0.019488
0.018332
0.018570
0.019380
0.018194
0.017855
0.017177
0.017133
0.016975
0.016355
0.016899
0.016285
0.016290
0.015743
0.015934
0.017409
0.018662
0.017045
0.017424
0.017692
0.017470
0.018455
0.018057
0.017891
0.017705
0.017872
0.017896
0.018216
0.017987
0.018078
0.018214
0.018223
0.017848
0.018485
0.018266
0.018444
0.017540
0.018644
0.018594
0.017907
0.020784
0.017980
0.018225
0.018047
0.019783
0.018779
0.017425
0.017343
0.018723
0.018313
0.017342
0.018268
0.018978
0.018353
0.017323
0.018070
0.017526
0.017402
0.017726
0.017411
0.017373
0.017127
0.017866
0.017711
0.016987
0.017186
0.018507
0.018609
0.017681
0.018483
0.017996
0.017683
0.019272
0.019656
0.017607
0.018031
0.019468
0.017154
0.018687
0.019559
0.018935
0.018928
0.020292
0.019990
0.018307
0.018537
0.020654
0.020464
0.020144
0.020288
0.020089
0.018561
0.020826
0.020219
0.020128
0.020410
0.020098
0.081421
0.081639
0.082770
0.086048
0.084517
0.085896
0.086463
0.082389
0.080767
0.084743
0.083650
0.083322
0.084160
0.084068
0.083913
0.083749
0.084055
0.084018
0.084492
0.084458
0.085459
0.085097
0.084617
0.084808
0.082057
0.084693
0.082945
0.083367
0.081827
0.078804
0.078880
0.079928
0.079394
0.075754
0.075616
0.075703
0.075785
0.075502
0.075859
0.080531
0.076346
0.075678
0.077558
0.077706
0.079374
0.076615
0.080289
0.079898
0.079764
0.080239
0.080982
0.081342
0.080791
0.081808
0.079684
0.080332
0.079753
0.080330
0.080608
0.080406
0.080502
0.080504
0.079755
0.080185
0.080430
0.081489
0.081342
0.080334
0.080823
0.078037
0.079266
0.077972
0.079963
0.080126
0.079859
0.080089
0.079935
0.080145
0.080286
0.080110
0.078434
0.078878
0.079804
0.080895
0.076498
0.084005
0.078259
0.079699
0.079735
0.082263
0.074619
0.073105
0.074288
0.062152
0.063375
0.069839
0.070830
0.063824
0.065060
0.066129
0.064590
0.071019
0.075345
0.071224
0.070127
0.070556
0.072084
0.028979
0.063895
0.064615
0.066836
0.065023
0.077349
0.077041
0.075242
0.028588
0.033167
0.033755
0.084994
0.032350
0.032778
0.035314
0.035454
0.035064
0.034780
0.031053
0.081063
0.081905
0.082475
0.089668
0.088971
0.083583
0.040638
0.088303
0.088540
0.036365
0.032876
0.034169
0.033493
0.032828
0.035381
0.034782
0.037390
0.035557
0.036709
0.036497
0.036611
0.036374
0.036292
0.036272
0.036841
0.036797
0.036567
0.036620
0.036681
0.036024
0.036418
0.088719
0.089982
0.089736
0.089468
0.094098
0.040191
0.039774
0.039631
0.039760
0.035227
0.039747
0.039865
0.039673
0.040183
0.039883
0.040388
0.039725
0.040103
0.040578
0.039888
0.040095
0.087084
0.090026
0.081187
0.088346
0.085034
0.089447
0.085458
0.081244
0.086127
0.081403
0.082943
0.080677
0.084101
0.083274
0.088617
0.083657
0.068497
0.095614
0.086323
0.082607
0.084834
0.083308
0.082868
0.071652
0.075869
0.079576
0.080352
0.083466
0.077741
0.074216
0.073114
0.075534
0.077056
0.079880
0.081719
0.081243
0.081767
0.091699
0.085204
0.089201
0.096303
0.092499
0.094476
0.096463
0.096126
0.105338
0.105100
0.105037
0.105503
0.107182
0.108766
0.106487
0.099678
0.096357
0.093077
0.112357
0.102034
0.093176
0.072217
0.071602
0.073029
0.098483
0.099316
0.035443
0.034991
0.029928
0.030041
0.030685
0.030600
0.032885
0.027470
0.027905
0.033215
0.032966
0.031410
0.029305
0.029647
0.029712
0.030365
0.029782
0.029680
0.027189
0.027964
0.028417
0.029519
0.031999
0.032088
0.031024
0.027600
0.028521
0.029726
0.029690
0.031306
0.030212
0.030254
0.029294
0.030142
0.031043
0.031316
0.030029
0.029879
0.028635
0.028353
0.029197
0.028929
0.029367
0.029234
0.029858
0.029421
0.029928
0.032053
0.031794
0.030507
0.032272
0.031212
0.029410
0.025700
0.028846
0.028098
0.029684
0.037555
0.030655
0.029545
0.037013
0.035222
0.035118
0.035496
0.036454
0.036296
0.037336
0.037147
0.038274
0.037120
0.032953
0.032497
0.034678
0.034985
0.035260
0.035273
0.035349
0.035383
0.035190
0.035193
0.035374
0.034980
0.035130
0.035259
0.034949
0.034762
0.035325
0.039680
0.035463
0.035332
0.035572
0.036038
0.034101
0.034404
0.037038
0.037252
0.035384
0.045513
0.049466
0.016627
0.014830
0.015295
0.015452
0.015742
0.016016
0.016321
0.015218
0.014630
0.014876
0.014443
0.014671
0.013691
0.013842
0.015006
0.014291
0.014202
0.013793
0.013314
0.012790
0.013110
0.014088
0.013548
0.013457
0.013790
0.014481
0.014865
0.014784
0.013914
0.014400
0.014858
0.015957
0.014700
0.014486
0.014294
0.015253
0.014904
0.014712
0.015348
0.015383
0.015627
0.015666
0.015794
0.015699
0.015771
0.015856
0.015909
0.016206
0.015306
0.015256
0.015949
0.015455
0.015637
0.016026
0.016449
0.016436
0.015638
0.015989
0.016640
0.015725
0.015503
0.015026
0.015166
0.014987
0.015332
0.015345
0.015585
0.015729
0.015244
0.014989
0.015147
0.015065
0.015269
0.015334
0.016136
0.015561
0.016239
0.015614
0.015327
0.015749
0.016894
0.016621
0.015968
0.016256
0.017007
0.016127
0.017388
0.016543
0.016277
0.016851
0.015463
0.015731
0.015019
0.015138
0.014891
0.014597
0.015111
0.015222
0.014418
0.014540
0.014397
0.014628
0.014866
0.014678
0.014795
0.014631
0.014970
0.015229
0.015034
0.015088
0.015041
0.015356
0.015712
0.014974
0.015215
0.015205
0.015238
0.014708
0.014967
0.014847
0.014803
0.014859
0.015255
0.015584
0.015296
0.015135
0.015259
0.015215
0.014538
0.072620
0.068272
0.082035
0.084515
0.077849
0.068522
0.068392
0.067304
0.062143
0.063559
0.061153
0.060098
0.062502
0.065663
0.073442
0.072181
0.072401
0.071789
0.085550
0.095682
0.096618
0.101368
0.081068
0.089274
0.090598
0.090745
0.088470
0.092139
0.098130
0.087193
0.066312
0.066953
0.084607
0.073361
0.087984
0.087648
0.098784
0.093907
0.098376
0.097036
0.079544
0.101525
0.102825
0.101880
0.093260
0.093982
0.094616
0.094426
0.093020
0.094389
0.093972
0.093790
0.083849
0.083801
0.084117
0.083092
0.080977
0.080983
0.079915
0.082814
0.078907
0.078943
0.077852
0.081595
0.081564
0.082412
0.083465
0.082330
0.082215
0.080769
0.073649
0.080150
0.080677
0.081060
0.082509
0.082649
0.082298
0.083389
0.077656
0.078291
0.079023
0.091094
0.091285
0.092573
0.092482
0.092633
0.094518
0.094309
0.095093
0.094815
0.094542
0.016056
0.017568
0.015947
0.015766
0.016135
0.015117
0.015065
0.016106
0.016218
0.016761
0.016577
0.017340
0.016600
0.015756
0.016692
0.016842
0.017176
0.016117
0.015416
0.015445
0.016330
0.015313
0.015307
0.015690
0.016451
0.015925
0.018749
0.017122
0.015930
0.015411
0.016909
0.016088
0.015006
0.015881
0.015757
0.023796
0.023860
0.025040
0.025510
0.026842
0.022422
0.026095
0.027076
0.026972
0.024907
0.022873
0.023629
0.023144
0.022134
0.021929
0.022899
0.023980
0.023343
0.020579
0.026980
0.027824
0.028203
0.021570
0.022874
0.028346
0.023254
0.023368
0.021638
0.025716
0.023813
0.023789
0.024950
0.020017
0.024531
0.025340
0.024731
0.024779
0.026225
0.025186
0.024978
0.026228
0.026059
0.025449
0.024875
0.026240
0.024164
0.024911
0.028506
0.025408
0.025509
0.024448
0.025732
0.025775
0.026132
0.025846
0.026052
0.025650
0.026394
0.026942
0.026104
0.025773
0.026373
0.027884
0.025708
0.032108
0.059776
0.045514
0.053613
0.053421
0.053174
0.054263
0.052950
0.052771
0.053078
0.053331
0.052689
0.053143
0.053036
0.045888
0.045484
0.045129
0.045188
0.045269
0.045628
0.044154
0.046669
0.045544
0.045470
0.043959
0.043866
0.047292
0.045000
0.047516
0.047081
0.048250
0.047146
0.047776
0.046654
0.047505
0.047173
0.047326
0.055629
0.056160
0.056116
0.047757
0.047497
0.044488
0.044720
0.042074
0.039387
0.049100
0.050709
0.049867
0.051051
0.052011
0.051049
0.053813
0.047653
0.053814
0.048545
0.055446
0.053088
0.056385
0.056191
0.046800
0.048889
0.051379
0.048458
0.046472
0.048265
0.047935
0.048333
0.057339
0.063473
0.047866
0.049286
0.047531
0.041362
0.053881
0.047570
0.048098
0.048282
0.047471
0.105030
0.105401
0.106267
0.100695
0.107639
0.101238
0.102395
0.104169
0.098505
0.103084
0.106781
0.102343
0.068698
0.072504
0.070043
0.076224
0.077656
0.073569
0.070201
0.070238
0.069446
0.114982
0.111193
0.112396
0.104505
0.110234
0.104379
0.105162
0.113992
0.109890
0.100076
0.113540
0.066245
0.075666
0.078641
0.032520
0.030441
0.033053
0.033595
0.033912
0.031286
0.033414
0.032771
0.033898
0.034992
0.034256
0.032996
0.035697
0.064269
0.054410
0.052412
0.036545
0.050881
0.064368
0.064030
0.062963
0.062768
0.062620
0.068126
0.067037
0.064396
0.063074
0.063395
0.052298
0.064714
0.066117
0.052425
0.054942
0.054418
0.057876
0.063361
0.061903
0.061200
0.051963
0.057340
0.032758
0.033503
0.028180
0.032895
0.033067
0.033768
0.033825
0.033731
0.029636
0.029755
0.029066
0.029385
0.028750
0.029744
0.034663
0.029211
0.029258
0.028166
0.035462
0.038480
0.028546
0.027115
0.037057
0.027337
0.026745
0.035742
0.027309
0.028270
0.027150
0.027421
0.025851
0.033610
0.029583
0.031972
0.031615
0.032329
0.033419
0.029468
0.033120
0.031325
0.031529
0.031484
0.032675
0.032218
0.031598
0.032158
0.029626
0.032954
0.031492
0.032242
0.032461
0.029673
0.034312
0.034486
0.033853
0.034611
0.033044
0.035180
0.031241
0.034921
0.032294
0.033435
0.033220
0.033531
0.033078
0.033473
0.033306
0.032465
0.032344
0.033900
0.032686
0.028149
0.025470
0.028748
0.029149
0.034938
0.034319
0.034786
0.034826
0.034271
0.028217
0.033710
0.034268
0.033774
0.034068
0.034208
0.034180
0.034437
0.027377
0.035153
0.030097
0.030099
0.033563
0.029803
0.030124
0.032495
0.033341
0.031636
0.032826
0.029047
0.031579
0.030647
0.033839
0.028373
0.031438
0.033605
0.027766
0.027412
0.031239
0.032095
0.038010
0.038458
0.038507
0.030963
0.031785
0.038042
0.032005
0.031425
0.038601
0.038224
0.038941
0.039748
0.038182
0.038380
0.038441
0.036830
0.036938
0.036735
0.031971
0.030751
0.037104
0.031722
0.039259
0.039231
0.039860
0.039249
0.032668
0.039504
0.038538
0.032160
0.032481
0.038520
0.031784
0.031585
0.032996
0.033687
0.031867
0.032666
0.033485
0.032410
0.033254
0.030678
0.030875
0.038110
0.039216
0.039232
0.037201
0.037312
0.037416
0.033687
0.037837
0.031443
0.032364
0.032543
0.034007
0.033377
0.037312
0.033504
0.037587
0.039744
0.039221
0.034402
0.034165
0.036053
0.037002
0.036141
0.036654
0.036878
0.036298
0.037888
0.036503
0.037835
0.033868
0.033893
0.033161
0.036002
0.034494
0.034260
0.035079
0.033179
0.032093
0.033385
0.031557
0.029452
0.028860
0.026943
0.027866
0.027550
0.026433
0.029085
0.028001
0.027220
0.026809
0.028231
0.028436
0.027645
0.030256
0.029228
0.032432
0.033435
0.030684
0.026938
0.030176
0.028610
0.031298
0.029100
0.067818
0.071051
0.112385
0.100620
0.100071
0.095981
0.097114
0.118969
0.108811
0.060666
0.063794
0.065615
0.105387
0.130454
0.066146
0.069141
0.066211
0.066131
0.064736
0.064318
0.058286
0.058760
0.059795
0.058990
0.072836
0.104679
0.070745
0.063820
0.101148
0.084929
0.094848
0.107555
0.104711
0.116349
0.122629
0.122797
0.016883
0.016768
0.016255
0.016701
0.015826
0.016640
0.016860
0.015740
0.016537
0.018474
0.018076
0.017427
0.020595
0.019582
0.019553
0.018626
0.017995
0.018413
0.020464
0.024502
0.025433
0.022070
0.024012
0.025609
0.016085
0.015725
0.026125
0.033289
0.029425
0.028861
0.031868
0.018972
0.026474
0.032960
0.031992
0.036333
0.034481
0.037943
0.037400
0.037456
0.034792
0.033334
0.032822
0.030804
0.032522
0.035562
0.035234
0.031981
0.035733
0.035830
0.042184
0.039315
0.038594
0.038426
0.039406
0.036206
0.039286
0.039628
0.028475
0.042969
0.041815
0.031934
0.040338
0.040393
0.036772
0.040236
0.041204
0.037439
0.039701
0.038211
0.029075
0.029113
0.029215
0.026130
0.024990
0.030982
0.030196
0.031894
0.029839
0.031435
0.034260
0.022271
0.021397
0.024522
0.024617
0.022206
0.025781
0.025938
0.024352
0.025030
0.026864
0.027507
0.025384
0.026984
0.027418
0.026614
0.028793
0.025435
0.025102
0.026040
0.030314
0.028738
0.028577
0.027338
0.027377
0.027568
0.026005
0.028574
0.030143
0.032585
0.030711
0.032859
0.032033
0.034304
0.033489
0.034713
0.033765
0.034673
0.030232
0.032016
0.033838
0.037737
0.034995
0.030807
0.036394
0.038382
0.037349
0.039377
0.037695
0.037942
0.037108
0.037563
0.035304
0.036727
0.037252
0.037842
0.032213
0.031102
0.033370
0.034804
0.037459
0.032914
0.038160
0.035167
0.036992
0.034143
0.030638
0.032311
0.035444
0.036238
0.036378
0.037067
0.032304
0.032376
0.036181
0.036529
0.031377
0.038204
0.033961
0.034550
0.033234
0.034717
0.035588
0.034822
0.036345
0.034305
0.035266
0.031946
0.031854
0.036773
0.035993
0.034276
0.030821
0.035727
0.035770
0.032427
0.033466
0.034497
0.036820
0.037038
0.032004
0.033177
0.030597
0.031992
0.031355
0.032198
0.001424
0.001312
0.001115
0.000443
0.000642
0.000181
0.000281
0.001329
0.000762
0.000671
0.000834
0.001174
0.000996
0.001281
0.001297
0.001111
0.001032
0.001324
0.001261
0.001600
0.001348
0.001595
0.001736
0.001887
0.001994
0.002100
0.002273
0.002313
0.002372
0.002429
0.002804
0.002773
0.002490
0.002765
0.002722
0.002774
0.002398
0.003074
0.002148
0.002746
0.002632
0.003125
0.002556
0.003489
0.003005
0.002530
0.002985
0.002773
0.002915
0.003431
0.003433
0.002729
0.003323
0.003557
0.003303
0.003753
0.002760
0.003522
0.003134
0.003485
0.003285
0.002989
0.021369
0.021310
0.022414
0.022106
0.022149
0.020408
0.021284
0.020091
0.019652
0.021393
0.019583
0.019972
0.019952
0.021475
0.020325
0.020065
0.019957
0.019941
0.020549
0.022157
0.020894
0.024959
0.023916
0.022755
0.023297
0.021554
0.022004
0.021886
0.022524
0.023249
0.024588
0.024457
0.023276
0.024755
0.023677
0.024910
0.023718
0.022967
0.022052
0.023413
0.022096
0.022164
0.023049
0.022705
0.021125
0.020973
0.021655
0.021766
0.022240
0.022396
0.019939
0.020089
0.021781
0.020147
0.020117
0.020018
0.020310
0.020981
0.020428
0.019807
0.021400
0.020834
0.021092
0.021053
0.053027
0.056165
0.070920
0.151518
0.200611
0.524006
0.636974
0.624062
0.650734
0.663308
0.639110
0.646340
0.559365
0.638991
0.636270
0.632228
0.634507
0.635940
0.636477
0.630422
0.631045
0.636276
0.629350
0.634793
0.626016
0.635178
0.636091
0.636336
0.635529
0.631739
0.635806
0.631793
0.631695
0.632800
0.631394
0.627322
0.632338
0.635711
0.635447
0.635956
0.623489
0.621348
0.615024
0.599008
0.548192
0.486037
0.416951
0.146305
0.102704
0.101673
0.101599
0.101786
0.100295
0.103393
0.100471
0.100454
0.106042
0.100681
0.106074
0.103145
0.104747
0.104691
0.105190
0.105341
0.105838
0.105179
0.103757
0.103636
0.103897
0.105784
0.105860
0.105825
0.102837
0.103195
0.103090
0.103673
0.104421
0.103642
0.107840
0.108779
0.108969
0.109189
0.108472
0.109201
0.108547
0.108605
0.108647
0.109232
0.103784
0.103246
0.103355
0.103711
0.104329
0.104801
0.104396
0.104200
0.104659
0.104575
0.104259
0.104536
0.108002
0.108286
0.104510
0.104816
0.107770
0.103734
0.106777
0.104373
0.106641
