0.129324
0.129325
0.129042
0.124017
0.114895
0.112350
0.120394
0.120923
0.124754
0.126088
0.126917
0.127042
0.127010
0.127069
0.126395
0.126527
0.127413
0.127154
0.127107
0.128376
0.127993
0.127941
0.127954
0.128277
0.128122
0.128472
0.128014
0.128081
0.128550
0.128809
0.128601
0.128670
0.128908
0.128630
0.128636
0.127870
0.127921
0.128068
0.128228
0.128012
0.127989
0.128053
0.128382
0.128389
0.128325
0.128469
0.129200
0.129301
0.128389
0.128733
0.128518
0.128913
0.128750
0.128886
0.128764
0.129259
0.128780
0.128684
0.129304
0.129201
0.128758
0.128720
0.128712
0.128958
0.129187
0.128668
0.129345
0.129358
0.128923
0.128982
0.128886
0.128024
0.128000
0.128320
0.128216
0.128219
0.129180
0.129247
0.129348
0.128842
0.128821
0.127988
0.128076
0.127950
0.127868
0.123512
0.127521
0.127802
0.114489
0.099189
0.102714
0.066830
0.064483
0.068803
0.085451
0.083425
0.083426
0.083347
0.083072
0.093610
0.083544
0.083355
0.083117
0.083316
0.083204
0.090290
0.083392
0.090339
0.090336
0.090338
0.081601
0.081646
0.081551
0.081638
0.083361
0.081859
0.082223
0.081505
0.081506
0.082993
0.083430
0.083431
0.083381
0.083381
0.083384
0.084505
0.084424
0.084424
0.086686
0.086680
0.086641
0.086641
0.086642
0.086694
0.086737
0.086675
0.086672
0.086339
0.085948
0.085948
0.085952
0.086622
0.085968
0.085972
0.086770
0.086746
0.086716
0.086730
0.086488
0.085764
0.086262
0.087854
0.087484
0.087557
0.087308
0.087308
0.087423
0.087524
0.087580
0.087590
0.086689
0.086443
0.086453
0.086535
0.086719
0.086102
0.086080
0.086024
0.086009
0.086028
0.086891
0.081831
0.111461
0.111487
0.080756
0.082145
0.111003
0.081925
0.092155
0.082183
0.081618
0.089730
0.081713
0.089736
0.089886
0.096872
0.089096
0.089067
0.089223
0.093290
0.082211
0.084500
0.080268
0.084469
0.084466
0.084446
0.084467
0.082522
0.082757
0.082762
0.085912
0.086192
0.086285
0.086499
0.084422
0.085267
0.085852
0.086239
0.191094
0.190539
0.190541
0.191014
0.190561
0.190413
0.190413
0.190536
0.190529
0.190536
0.190536
0.190536
0.190650
0.190572
0.190527
0.190529
0.190546
0.190400
0.190808
0.190803
0.190628
0.190902
0.190878
0.190879
0.190903
0.190710
0.190799
0.190799
0.190787
0.190390
0.190374
0.190376
0.190258
0.190335
0.190317
0.190317
0.190251
0.190101
0.190095
0.190093
0.190059
0.190395
0.190521
0.190520
0.188642
0.188601
0.188625
0.188625
0.188529
0.188194
0.188201
0.188200
0.188679
0.188497
0.188493
0.188493
0.188501
0.190181
0.190143
0.190148
0.190557
0.191214
0.190169
0.190151
0.190172
0.190151
0.190256
0.190212
0.190227
0.191179
0.191178
0.191178
0.190226
0.189942
0.190012
0.189935
0.190200
0.190200
0.190223
0.134326
0.138782
0.133997
0.133814
0.135985
0.135457
0.135466
0.139484
0.134791
0.133602
0.133371
0.133675
0.133949
0.131274
0.132057
0.130020
0.132313
0.131769
0.132630
0.134364
0.132744
0.133415
0.131900
0.130446
0.133414
0.130117
0.129998
0.137140
0.133107
0.137349
0.131735
0.131407
0.133366
0.131408
0.131302
0.134940
0.130923
0.129806
0.129229
0.137428
0.116118
0.116543
0.117003
0.119490
0.113041
0.116854
0.149191
0.119621
0.139243
0.138550
0.136016
0.135855
0.138122
0.146745
0.113094
0.114760
0.114522
0.114325
0.118604
0.116091
0.116270
0.116853
0.114821
0.116175
0.115053
0.133832
0.138024
0.137968
0.124621
0.138337
0.121957
0.122915
0.085164
0.087230
0.085416
0.085711
0.085767
0.084732
0.084420
0.084903
0.085721
0.085723
0.084676
0.085325
0.084901
0.084688
0.084004
0.084302
0.085094
0.085017
0.083317
0.084027
0.083622
0.083547
0.083188
0.084612
0.084485
0.085211
0.084760
0.084224
0.084010
0.082782
0.084368
0.083976
0.081907
0.082116
0.081892
0.081548
0.082120
0.081862
0.081554
0.081894
0.082047
0.082257
0.082107
0.082429
0.081859
0.083472
0.083449
0.083250
0.083883
0.083013
0.081569
0.083429
0.082863
0.082981
0.081619
0.081591
0.082759
0.079943
0.079779
0.079552
0.080780
0.079422
0.164894
0.165025
0.165171
0.164577
0.165134
0.166161
0.165314
0.164705
0.165294
0.164217
0.162991
0.165501
0.163628
0.161685
0.164815
0.168577
0.165677
0.164601
0.164259
0.165639
0.165473
0.160102
0.160548
0.160131
0.160333
0.159991
0.160009
0.160031
0.164521
0.161350
0.163365
0.164708
0.164604
0.164681
0.163954
0.163728
0.163581
0.163543
0.163168
0.163909
0.163862
0.162610
0.164720
0.163462
0.164783
0.162659
0.163651
0.164839
0.167805
0.163482
0.162645
0.163281
0.162227
0.161499
0.161237
0.161732
0.072314
0.072726
0.072459
0.071466
0.071659
0.071498
0.071876
0.072574
0.072183
0.072731
0.072326
0.078276
0.077866
0.078466
0.078786
0.079452
0.079546
0.071911
0.071123
0.072430
0.075083
0.075522
0.076562
0.072209
0.073121
0.073699
0.070736
0.070998
0.071074
0.070436
0.075275
0.075934
0.076116
0.075796
0.074593
0.077063
0.076310
0.074576
0.076423
0.076282
0.075131
0.075058
0.078086
0.080722
0.075596
0.075373
0.078798
0.076898
0.077708
0.077032
0.077674
0.074199
0.074137
0.074332
0.076779
0.077287
0.077210
0.076460
0.076491
0.075980
0.078043
0.074134
0.076799
0.097830
0.097509
0.097306
0.097718
0.096493
0.098209
0.096667
0.095628
0.096912
0.095722
0.095060
0.094857
0.095769
0.098206
0.096823
0.097799
0.097217
0.096734
0.098233
0.097322
0.096171
0.095407
0.096081
0.097777
0.097611
0.097541
0.097231
0.095776
0.096290
0.096962
0.092851
0.095685
0.096905
0.096452
0.096476
0.096589
0.095314
0.097158
0.096524
0.095373
0.095954
0.096463
0.095449
0.095780
0.094550
0.095358
0.095710
0.095957
0.095661
0.095845
0.095660
0.096130
0.096359
0.096442
0.096239
0.096322
0.096573
0.095323
0.094919
0.096127
0.095629
0.095028
0.079464
0.075297
0.074696
0.074763
0.073250
0.072773
0.111501
0.112611
0.111181
0.113870
0.077446
0.079501
0.105423
0.099431
0.073315
0.073849
0.073761
0.075933
0.076738
0.091224
0.090286
0.090430
0.090307
0.090517
0.098611
0.098994
0.097179
0.090918
0.097032
0.106007
0.106412
0.107485
0.108056
0.105883
0.117576
0.116588
0.084013
0.117515
0.107095
0.125206
0.107284
0.124859
0.106605
0.103615
0.103763
0.104319
0.103653
0.103870
0.104031
0.103976
0.104025
0.103867
0.103314
0.102802
0.102821
0.102112
0.102650
0.102540
0.103201
0.102996
0.102590
0.102923
0.102892
0.102147
0.102111
0.101981
0.102523
0.104258
0.104383
0.104185
0.102042
0.103700
0.104621
0.104345
0.104075
0.142346
0.147103
0.143559
0.146373
0.143672
0.145620
0.143042
0.142270
0.142450
0.143231
0.144419
0.143744
0.144012
0.144473
0.141244
0.141906
0.144173
0.144640
0.145186
0.145291
0.144280
0.144264
0.145702
0.145258
0.144583
0.144802
0.145903
0.144168
0.145426
0.143199
0.143233
0.143313
0.144663
0.144709
0.144562
0.143587
0.144953
0.144856
0.144223
0.142862
0.144062
0.144401
0.143506
0.142939
0.143178
0.144312
0.142940
0.143899
0.143968
0.144191
0.144029
0.143933
0.144406
0.143810
0.143983
0.143278
0.144957
0.144502
0.141036
0.141525
0.141362
0.140086
0.143291
0.141554
0.141223
0.140556
0.140762
0.141330
0.139548
0.079838
0.071159
0.071159
0.071159
0.071159
0.071098
0.071098
0.070080
0.071169
0.071145
0.071145
0.071145
0.071144
0.069927
0.071999
0.071999
0.071999
0.073490
0.073905
0.073786
0.073682
0.072141
0.072146
0.072146
0.072146
0.077772
0.077766
0.077766
0.072304
0.077828
0.077816
0.077816
0.077918
0.077895
0.071396
0.072875
0.072875
0.072875
0.072859
0.071222
0.072252
0.072309
0.071341
0.071029
0.071030
0.071027
0.071300
0.071026
0.071019
0.071067
0.071119
0.077842
0.077836
0.077935
0.078452
0.078179
0.119249
0.120043
0.120183
0.120183
0.120183
0.120180
0.120180
0.120180
0.120174
0.120174
0.120174
0.120174
0.120174
0.122032
0.122032
0.122032
0.122032
0.122023
0.122033
0.122033
0.120175
0.120175
0.120175
0.120175
0.120194
0.120175
0.120175
0.120175
0.120175
0.119774
0.119834
0.119780
0.119959
0.119895
0.119895
0.119895
0.120100
0.120109
0.119986
0.119909
0.119925
0.119942
0.118485
0.118503
0.118503
0.118502
0.118478
0.119963
0.118449
0.118386
0.118527
0.120003
0.119998
0.119998
0.118529
0.118525
0.118525
0.118525
0.118525
0.120107
0.120081
0.118574
0.118512
0.118517
0.118517
0.118517
0.118515
0.118516
0.118516
0.118516
0.118516
0.118721
0.118643
0.118748
0.117754
0.119372
0.115322
0.115862
0.118052
0.116350
0.116966
0.116857
0.117394
0.117382
0.115981
0.116369
0.116327
0.115006
0.116861
0.116264
0.118893
0.119153
0.119538
0.119285
0.118802
0.118095
0.119555
0.117397
0.115139
0.115212
0.116947
0.117007
0.115761
0.117481
0.116446
0.119124
0.118812
0.118549
0.119357
0.119645
0.120551
0.121232
0.120309
0.120638
0.119916
0.120766
0.120147
0.120141
0.123177
0.122716
0.120205
0.121077
0.120792
0.120025
0.120682
0.121220
0.120517
0.120283
0.120833
0.128340
0.129269
0.129163
0.129029
0.128695
0.128686
0.128797
0.128652
0.128334
0.047755
0.048130
0.047982
0.048257
0.048349
0.048275
0.048119
0.048099
0.048115
0.048274
0.048274
0.048273
0.048274
0.048274
0.048274
0.048274
0.048274
0.048274
0.048274
0.048274
0.047786
0.047786
0.047660
0.047740
0.047743
0.047743
0.047743
0.047743
0.047743
0.047722
0.047722
0.047722
0.047722
0.048411
0.048411
0.048411
0.048411
0.048120
0.048127
0.048129
0.048144
0.048363
0.048032
0.048102
0.048276
0.048411
0.048265
0.048355
0.048306
0.047722
0.048380
0.047663
0.048404
0.047723
0.047784
0.047807
0.047836
0.047841
0.047773
0.047793
0.047811
0.047632
0.047713
0.047713
0.048000
0.048000
0.048220
0.048223
0.048096
0.098256
0.098005
0.098018
0.097366
0.097161
0.097155
0.097219
0.097175
0.097333
0.097333
0.096424
0.096551
0.096551
0.096551
0.096593
0.096957
0.096907
0.096957
0.096983
0.097622
0.097622
0.097622
0.097622
0.097218
0.097658
0.097658
0.097658
0.097658
0.097658
0.097658
0.097296
0.097296
0.097296
0.097296
0.097296
0.097284
0.097284
0.097284
0.097446
0.096731
0.096774
0.097101
0.096873
0.096939
0.097025
0.097048
0.096761
0.096589
0.096746
0.096589
0.096934
0.096656
0.096762
0.096605
0.096719
0.096934
0.096934
0.096939
0.096802
0.096824
0.096796
0.096654
0.120633
0.120452
0.120618
0.120405
0.120674
0.120636
0.120643
0.120678
0.120525
0.120543
0.121011
0.121011
0.120342
0.120938
0.120726
0.120826
0.120491
0.120646
0.120302
0.120302
0.120802
0.120814
0.120814
0.120814
0.120814
0.120567
0.120819
0.120880
0.120246
0.120246
0.120246
0.120246
0.120246
0.120246
0.120246
0.120246
0.120246
0.120245
0.120245
0.120245
0.120245
0.120470
0.120542
0.120545
0.120229
0.120378
0.120354
0.120354
0.120315
0.120470
0.120363
0.120365
0.120417
0.120332
0.120351
0.120350
0.120529
0.120528
0.119897
0.120048
0.120478
0.120099
0.088964
0.065618
0.069314
0.066842
0.066895
0.071278
0.066623
0.067520
0.067657
0.067192
0.067147
0.067296
0.066251
0.066687
0.066248
0.072771
0.072588
0.075319
0.072515
0.069218
0.068549
0.067362
0.071622
0.068557
0.068853
0.069034
0.070419
0.069378
0.068955
0.068702
0.069930
0.069585
0.070145
0.069313
0.067625
0.067800
0.068465
0.066793
0.065526
0.067617
0.068792
0.069289
0.067800
0.068434
0.068828
0.068837
0.069405
0.071472
0.069822
0.073042
0.072484
0.071454
0.072117
0.072023
0.069295
0.071884
0.068637
0.068629
0.071962
0.071008
0.071457
0.070346
0.070239
0.070253
0.070137
0.070526
0.072000
0.071756
0.071516
0.072593
0.071167
0.070681
0.072818
0.072882
0.072922
0.071780
0.072187
0.071633
0.073011
0.073057
0.072062
0.072681
0.072468
0.072198
0.082631
0.076633
0.076938
0.076856
0.076793
0.076783
0.076787
0.076786
0.076792
0.076822
0.076823
0.076823
0.076822
0.076103
0.076103
0.076103
0.076103
0.076826
0.076582
0.077002
0.076803
0.076803
0.076803
0.076803
0.076804
0.076612
0.076612
0.076612
0.076614
0.076772
0.076529
0.076157
0.076672
0.077073
0.077232
0.077043
0.077063
0.076776
0.076786
0.076778
0.076800
0.076803
0.075686
0.075683
0.075691
0.075683
0.075713
0.075710
0.075709
0.075709
0.075707
0.075665
0.075707
0.075682
0.075708
0.075707
0.075706
0.075706
0.075707
0.075754
0.076618
0.076579
0.076445
0.076528
0.076236
0.076618
0.076425
0.166862
0.172011
0.172011
0.172009
0.172011
0.172015
0.172150
0.172150
0.172160
0.173248
0.173467
0.173444
0.173463
0.173469
0.173469
0.173469
0.173469
0.173110
0.173355
0.173336
0.173163
0.172937
0.172986
0.172986
0.172986
0.172131
0.172136
0.172136
0.172173
0.167323
0.167324
0.167314
0.167403
0.167380
0.167403
0.172201
0.172188
0.172188
0.172188
0.172051
0.172453
0.172449
0.172448
0.172455
0.172473
0.172456
0.172456
0.172463
0.172462
0.171508
0.171512
0.172488
0.171844
0.171877
0.171900
0.171875
0.171871
0.172353
0.172353
0.172705
0.172691
0.172701
0.172719
0.172706
0.166985
0.166393
0.166417
0.171769
0.171884
0.123616
0.121607
0.121583
0.122510
0.122364
0.122200
0.122222
0.122477
0.122168
0.122339
0.122339
0.122339
0.122339
0.122338
0.122338
0.122338
0.122338
0.122399
0.122511
0.122401
0.122312
0.122365
0.122365
0.122365
0.122430
0.122621
0.118599
0.118599
0.118599
0.118599
0.118599
0.118599
0.118599
0.118599
0.118599
0.118385
0.118558
0.118558
0.118558
0.118614
0.118613
0.118613
0.118613
0.118309
0.116202
0.116177
0.116575
0.116578
0.116577
0.116577
0.116438
0.118527
0.118531
0.118540
0.118523
0.116062
0.116029
0.115962
0.115942
0.117983
0.118049
0.118534
0.081737
0.083061
0.080836
0.082926
0.082823
0.082841
0.082936
0.083230
0.083525
0.082856
0.083242
0.083494
0.083687
0.083631
0.083652
0.083650
0.082844
0.082922
0.082945
0.083407
0.084997
0.082284
0.082519
0.084131
0.082738
0.083778
0.082784
0.082985
0.083497
0.084037
0.083515
0.083996
0.083350
0.083975
0.083155
0.083967
0.084098
0.083673
0.085645
0.083588
0.082033
0.083700
0.082154
0.083990
0.083898
0.082142
0.083340
0.083497
0.086091
0.082285
0.085306
0.083840
0.086547
0.083677
0.084322
0.083466
0.083450
0.082803
0.083923
0.083913
0.083880
0.083409
0.083321
0.082920
0.084537
0.084161
0.083906
0.083099
0.083975
0.083786
0.084378
0.084182
0.083216
0.083678
0.083672
0.083835
0.083550
0.083967
0.083689
0.083455
0.083030
0.083032
0.113019
0.113471
0.114861
0.114518
0.114522
0.114522
0.114103
0.114586
0.114586
0.114586
0.114586
0.111147
0.111147
0.111147
0.111147
0.113349
0.113349
0.113349
0.113349
0.113022
0.114388
0.112903
0.113854
0.113855
0.113855
0.113855
0.113851
0.114184
0.114078
0.114150
0.114105
0.104439
0.103457
0.103453
0.103483
0.110866
0.103615
0.103813
0.103811
0.114185
0.114176
0.114488
0.104949
0.104170
0.104180
0.104166
0.115094
0.103758
0.103348
0.103346
0.102985
0.112968
0.112863
0.112782
0.112782
0.112765
0.112752
0.112752
0.112776
0.102787
0.102786
0.112776
0.105321
0.105280
0.105280
0.105280
0.105289
0.111185
0.111066
0.111064
0.111067
0.111060
0.111064
0.111064
0.111191
0.103046
0.112534
0.112534
0.112534
0.110714
0.111214
0.112491
0.112492
0.113252
0.103863
0.102862
0.113264
0.125163
0.124080
0.124914
0.124495
0.124205
0.124929
0.124599
0.124297
0.124340
0.123622
0.123828
0.127844
0.123993
0.124189
0.123135
0.123460
0.123847
0.124825
0.122887
0.122715
0.122919
0.123471
0.119880
0.120216
0.119472
0.121682
0.123681
0.120344
0.123158
0.123858
0.124042
0.125058
0.125797
0.124971
0.126723
0.123649
0.123062
0.123260
0.123177
0.123155
0.122640
0.122848
0.123325
0.123343
0.123663
0.124261
0.123498
0.123325
0.123638
0.122616
0.123161
0.123317
0.123219
0.123278
0.123796
0.122822
0.123511
0.122522
0.122868
0.122758
0.124085
0.124048
0.123695
0.122864
0.122797
0.122661
0.122661
0.123053
0.124618
0.122894
0.122789
0.122622
0.121456
0.122693
0.124832
0.121859
0.124345
0.000003
0.000001
0.000001
0.000001
0.000001
0.000001
0.000001
0.000001
0.000000
0.000000
0.000000
0.000000
0.000000
0.000000
0.000000
0.000000
0.000000
0.000000
0.000014
0.000014
0.000014
0.000014
0.000014
0.000014
0.000014
0.000014
0.000014
0.000014
0.000014
0.000014
0.000014
0.000014
0.000014
0.000014
0.000014
0.000014
0.000014
0.000014
0.000014
0.000014
0.000014
0.000014
0.000014
0.000014
0.000014
0.000014
0.000014
0.000014
0.000014
0.000014
0.000014
0.000014
0.000014
0.000014
0.000013
0.000013
0.000013
0.000013
0.000013
0.000013
0.000013
0.000013
0.000013
0.000013
0.000013
0.000013
0.000013
0.000013
0.000013
0.000013
0.000013
0.000013
0.000013
0.000013
0.000013
0.000013
0.000013
0.000122
0.001997
0.007039
0.015477
0.031405
0.051932
0.074130
0.096667
0.117663
0.124018
0.121344
0.123810
0.126923
0.126638
0.126725
0.126475
0.125626
0.106038
0.106663
0.130469
0.129654
0.105921
0.119512
0.107029
0.104466
0.104087
0.103657
0.103497
0.105734
0.105368
0.105469
0.105405
0.105214
0.105340
0.105771
0.105839
0.105680
0.105906
0.105895
0.105939
0.105904
0.106031
0.105967
0.106091
0.106067
0.106054
0.106079
0.106000
0.106159
0.106178
0.106016
0.105953
0.105960
0.105949
0.106178
0.106152
0.106202
0.106228
0.106213
0.106168
0.105901
0.105821
0.105938
0.106050
0.105807
0.106563
0.106578
0.106666
0.107195
0.107564
0.107223
0.107118
0.103009
0.103740
0.103639
0.103408
0.103450
0.103742
0.103390
0.103567
0.103175
0.103349
0.102913
0.103102
0.103102
0.103102
0.103103
0.103103
0.103106
0.103106
0.103107
0.103093
0.103091
0.103090
0.103744
0.103883
0.103889
0.103890
0.103893
0.103117
0.103122
0.103122
0.103169
0.103168
0.103538
0.104305
0.104513
0.104513
0.104514
0.104514
0.104512
0.104466
0.104466
0.104466
0.104467
0.104463
0.104492
0.104492
0.104476
0.104469
0.104509
0.105922
0.106216
0.106217
0.105935
0.106170
0.106183
0.106195
0.106168
0.106188
0.106197
0.106199
0.106198
0.106198
0.106198
0.106200
0.106200
0.106200
0.106198
0.106198
0.106198
0.106175
0.106204
0.106204
0.106204
0.106218
0.105920
0.105919
0.105919
0.105919
0.105923
0.105923
0.105923
0.105916
0.105925
0.105934
0.105934
0.105922
0.105933
0.105935
0.105935
0.105935
0.105930
0.105930
0.105930
0.105930
0.105930
0.105930
0.105930
0.105929
0.105929
0.105929
0.105929
0.105929
0.105929
0.105929
0.105929
0.105929
