0.234254
0.234254
0.259210
0.442373
0.461371
0.366081
0.178216
0.125507
0.125055
0.125408
0.125224
0.125537
0.126197
0.125858
0.127628
0.125260
0.123987
0.123747
0.124432
0.125062
0.125260
0.123694
0.126440
0.123004
0.127775
0.125288
0.125823
0.128575
0.119684
0.118358
0.118779
0.118419
0.117568
0.117620
0.117991
0.118384
0.117722
0.116766
0.112885
0.112369
0.111873
0.111784
0.111944
0.112939
0.112490
0.110867
0.113220
0.112400
0.110808
0.115616
0.113165
0.115072
0.115476
0.112768
0.115800
0.116031
0.127076
0.128754
0.123181
0.124291
0.125190
0.131829
0.128017
0.134280
0.127060
0.126418
0.124840
0.129051
0.128923
0.128739
0.130181
0.130261
0.130591
0.129445
0.129037
0.129041
0.134914
0.127158
0.128363
0.127906
0.131004
0.130965
0.130136
0.130261
0.127218
0.126959
0.132118
0.127925
0.129614
0.129128
0.128623
0.129606
0.138673
0.137923
0.132228
0.139231
0.139900
0.140644
0.137075
0.137479
0.129887
0.121639
0.127976
0.122057
0.122102
0.121046
0.119350
0.118984
0.119415
0.118927
0.136304
0.137483
0.137849
0.145801
0.145621
0.146904
0.148414
0.147692
0.122302
0.123864
0.123989
0.125695
0.122257
0.128392
0.129246
0.128957
0.129006
0.131118
0.134662
0.135275
0.111822
0.206745
0.303438
0.374894
0.431652
0.455347
0.456038
0.461330
0.438292
0.434243
0.397269
0.366493
0.316289
0.247962
0.259148
0.259131
0.245276
0.244304
0.215108
0.250562
0.228892
0.214392
0.213965
0.240524
0.225726
0.231768
0.248784
0.249363
0.261865
0.225860
0.240365
0.235426
0.234221
0.248135
0.239733
0.224823
0.238183
0.238242
0.241021
0.240764
0.248835
0.231975
0.232663
0.264617
0.225783
0.241727
0.254175
0.254235
0.226728
0.243814
0.259723
0.239182
0.240383
0.241971
0.252163
0.253552
0.252028
0.250797
0.237258
0.233742
0.273277
0.231053
0.230734
0.235625
0.235218
0.237959
0.233685
0.233644
0.238804
0.259541
0.260715
0.256640
0.314913
0.342405
0.394303
0.429558
0.453446
0.456514
0.454912
0.450459
0.427027
0.382518
0.322974
0.232762
0.160283
0.110029
0.112178
0.112206
0.117804
0.118359
0.122806
0.117330
0.121560
0.124249
0.125467
0.122186
0.124593
0.124170
0.122951
0.125810
0.125465
0.128234
0.123934
0.121786
0.128177
0.119142
0.120954
0.120436
0.115103
0.114959
0.119926
0.119606
0.120012
0.118522
0.116911
0.116331
0.117302
0.115747
0.120496
0.121682
0.119202
0.119624
0.119460
0.120088
0.120535
0.119523
0.119280
0.119626
0.119335
0.121212
0.119382
0.120388
0.121122
0.124385
0.112594
0.111108
0.110923
0.108807
0.107663
0.108028
0.109323
0.110886
0.110160
0.107244
0.107764
0.108069
0.108829
0.109064
0.108709
0.106923
0.108073
0.107357
0.107142
0.107729
0.105836
0.108263
0.105708
0.106979
0.106381
0.135387
0.108935
0.111857
0.120941
0.121067
0.121340
0.121021
0.120073
0.121105
0.116053
0.116868
0.120521
0.117030
0.116114
0.131209
0.130398
0.126073
0.125021
0.124635
0.124776
0.108702
0.132402
0.129169
0.128185
0.135409
0.129960
0.125284
0.124724
0.128696
0.137036
0.120720
0.145449
0.124444
0.124737
0.126980
0.145526
0.122467
0.142692
0.128391
0.120964
0.128458
0.127054
0.121055
0.124876
0.130502
0.130195
0.143138
0.143155
0.133855
0.125854
0.128158
0.145834
0.144937
0.138249
0.139982
0.141411
0.141021
0.142691
0.137790
0.141501
0.143457
0.142685
0.151725
0.135993
0.145222
0.144943
0.151124
0.147274
0.145842
0.144810
0.146770
0.145604
0.145083
0.145256
0.148353
0.146573
0.146932
0.143229
0.130979
0.132763
0.132658
0.132825
0.130419
0.131324
0.129711
0.130923
0.121793
0.122940
0.135852
0.132755
0.131486
0.123791
0.125901
0.127052
0.127060
0.126359
0.123930
0.123402
0.125262
0.119209
0.119132
0.119398
0.120383
0.123626
0.121247
0.130760
0.129793
0.121075
0.131607
0.175276
0.176102
0.177011
0.177123
0.176624
0.175789
0.174332
0.177010
0.177411
0.176639
0.176264
0.178251
0.175697
0.167107
0.164924
0.154988
0.162456
0.161264
0.168210
0.173478
0.172731
0.166873
0.172220
0.175901
0.175310
0.175649
0.168002
0.170383
0.168628
0.167755
0.166350
0.164474
0.162660
0.168001
0.158788
0.166707
0.170398
0.169225
0.169485
0.169746
0.170939
0.170358
0.166478
0.164920
0.166684
0.168814
0.171376
0.174352
0.174587
0.172294
0.174292
0.173832
0.172967
0.172962
0.170295
0.172741
0.172787
0.174399
0.171917
0.172432
0.171390
0.173233
0.173029
0.170799
0.176881
0.169170
0.170500
0.169022
0.170990
0.172946
0.170803
0.168796
0.172938
0.170767
0.168804
0.168136
0.168106
0.166537
0.166142
0.153853
0.163682
0.161523
0.159638
0.160536
0.162530
0.154814
0.161379
0.151128
0.156713
0.161672
0.161402
0.161483
0.145219
0.147888
0.149179
0.158235
0.163541
0.164548
0.158108
0.164463
0.160040
0.159679
0.159500
0.161346
0.150839
0.155120
0.157904
0.158740
0.160818
0.160842
0.153662
0.158969
0.157676
0.153320
0.146796
0.148330
0.147685
0.143532
0.149508
0.138275
0.135076
0.136656
0.136096
0.136969
0.147108
0.151747
0.155029
0.154035
0.153511
0.154012
0.157008
0.157384
0.156066
0.087925
0.138683
0.214368
0.290303
0.364689
0.419068
0.454651
0.460690
0.456615
0.440798
0.416312
0.364508
0.290937
0.184840
0.070133
0.069974
0.070491
0.072263
0.072248
0.071888
0.072264
0.072476
0.072452
0.072781
0.072812
0.072588
0.072420
0.070102
0.070152
0.070062
0.070134
0.072349
0.072298
0.072537
0.072506
0.072662
0.072959
0.073701
0.073911
0.072346
0.078272
0.078616
0.075761
0.077493
0.074968
0.073391
0.072285
0.074987
0.075201
0.075282
0.075277
0.075205
0.075057
0.075125
0.075481
0.075818
0.076319
0.076578
0.076421
0.076131
0.075989
0.075880
0.075839
0.075971
0.075876
0.075898
0.075952
0.072331
0.072784
0.072386
0.071848
0.071817
0.071671
0.071474
0.071218
0.071121
0.070911
0.070259
0.070120
0.070343
0.069699
0.069972
0.069802
0.069908
0.070068
0.069296
0.071794
0.069401
0.069233
0.068982
0.069153
0.068996
0.069410
0.069350
0.069797
0.072301
0.072839
0.071524
0.071157
0.073172
0.071765
0.071016
0.070678
0.071078
0.070865
0.070324
0.072971
0.072932
0.070912
0.070753
0.070842
0.071054
0.071180
0.070553
0.071024
0.070527
0.070541
0.070365
0.071128
0.071176
0.071160
0.070980
0.070920
0.070809
0.070998
0.070679
0.070621
0.070615
0.070875
0.070759
0.070949
0.070955
0.071342
0.071190
0.071175
0.071122
0.071173
0.072660
0.072558
0.073031
0.073164
0.073190
0.072942
0.072675
0.073434
0.073409
0.073159
0.071812
0.071459
0.071690
0.071681
0.072161
0.071856
0.070977
0.074137
0.085333
0.104338
0.122075
0.134170
0.134848
0.122720
0.105854
0.089193
0.076085
0.071125
0.067584
0.065955
0.066065
0.065924
0.065973
0.065993
0.065992
0.066059
0.066174
0.066032
0.065960
0.064022
0.065283
0.066162
0.068888
0.070770
0.072419
0.074734
0.075515
0.073715
0.073799
0.073999
0.073784
0.074440
0.074439
0.074840
0.075087
0.075365
0.075999
0.075703
0.075386
0.075147
0.074943
0.074309
0.074435
0.074284
0.074197
0.074574
0.075855
0.076037
0.076120
0.076372
0.076479
0.076610
0.076661
0.077002
0.076810
0.076953
0.076844
0.077833
0.077678
0.077267
0.077206
0.077109
0.077081
0.076896
0.075414
0.077177
0.077282
0.077245
0.077388
0.077124
0.077872
0.078377
0.078198
0.078681
0.076923
0.076610
0.076706
0.076641
0.076628
0.078273
0.078691
0.078694
0.077962
0.077878
0.077993
0.078211
0.078173
0.078057
0.076400
0.077885
0.077064
0.077071
0.078289
0.077380
0.077945
0.077426
0.076686
0.076765
0.076569
0.076963
0.076633
0.076712
0.076249
0.076137
0.076034
0.077110
0.076155
0.077326
0.076583
0.076567
0.077244
0.077083
0.076758
0.076470
0.076382
0.076355
0.076980
0.077236
0.075006
0.072637
0.071413
0.069278
0.064462
0.063587
0.063490
0.063465
0.063449
0.063413
0.063401
0.063399
0.063471
0.065394
0.065506
0.065693
0.063806
0.063920
0.063963
0.064134
0.064020
0.064173
0.064207
0.064270
0.064344
0.064264
0.064238
0.064301
0.064297
0.066013
0.065958
0.065836
0.065877
0.065724
0.059089
0.052313
0.046217
0.041714
0.037055
0.033186
0.029681
0.028392
0.023717
0.022242
0.020561
0.019753
0.019606
0.019251
0.020410
0.020405
0.020639
0.020498
0.020288
0.020375
0.020230
0.020307
0.021128
0.020021
0.021381
0.021436
0.020257
0.021643
0.021513
0.020466
0.020580
0.020638
0.020569
0.021576
0.020515
0.020168
0.020118
0.020107
0.020160
0.020386
0.020551
0.020331
0.020274
0.021602
0.020178
0.020047
0.021416
0.021555
0.020344
0.020281
0.020325
0.020178
0.020373
0.020125
0.020103
0.020361
0.020317
0.020364
0.020385
0.020443
0.020612
0.020640
0.020585
0.021301
0.022292
0.023778
0.027376
0.028048
0.028856
0.027924
0.027057
0.027965
0.027297
0.027191
0.026705
0.026641
0.027028
0.026475
0.026006
0.025234
0.024561
0.024510
0.025554
0.025260
0.025148
0.025251
0.025282
0.025196
0.025448
0.024874
0.024960
0.024904
0.024792
0.024539
0.024572
0.024146
0.023823
0.023847
0.024508
0.024645
0.024316
0.024388
0.024643
0.024710
0.024271
0.024114
0.024051
0.023961
0.023957
0.024699
0.024617
0.023312
0.022216
0.022170
0.020183
0.019992
0.019337
0.018935
0.017261
0.017783
0.016217
0.015120
0.014118
0.012202
0.009938
0.007577
0.005494
0.004206
0.003201
0.002636
0.002165
0.001898
0.001565
0.001534
0.001505
0.001465
0.001465
0.001521
0.001496
0.001538
0.001485
0.001456
0.001327
0.001223
0.001063
0.000988
0.000886
0.000851
0.001093
0.000985
0.000762
0.000528
0.000336
0.000167
0.000051
0.000000
0.000063
0.000242
0.000364
0.000690
0.000787
0.000904
0.220937
0.355372
0.420687
0.452241
0.461346
0.461361
0.458128
0.461126
0.455910
0.430836
0.399995
0.343236
0.314974
0.237349
0.255957
0.255645
0.241873
0.224680
0.232626
0.254048
0.253928
0.260946
0.221958
0.244262
0.238323
0.238249
0.247692
0.237860
0.230747
0.236812
0.236920
0.240096
0.241652
0.247352
0.233993
0.233471
0.264569
0.226386
0.243771
0.255276
0.254608
0.229801
0.249794
0.258903
0.243424
0.243460
0.247065
0.185694
0.257065
0.251739
0.251596
0.237058
0.236771
0.271753
0.236801
0.235786
0.238831
0.239793
0.237806
0.237938
0.233346
0.239296
0.260952
0.262183
0.245425
0.244918
0.249880
0.245369
0.244258
0.233197
0.232571
0.251458
0.269266
0.243014
0.244196
0.244461
0.269945
0.267925
0.230034
0.233572
0.233880
0.251838
0.253868
0.236878
0.259424
0.260312
0.266792
0.239201
0.245679
0.260978
0.262503
0.270889
0.264121
0.266093
0.273266
0.296025
0.210729
0.190150
0.249690
0.264023
0.265208
0.262308
0.194889
0.186839
0.211296
0.211370
0.204678
0.205558
0.193181
0.214923
0.214989
0.206105
0.199554
0.197529
0.206568
0.193081
0.203583
0.194304
0.184239
0.185342
0.184526
0.186670
0.164549
0.179146
0.177344
0.166143
0.150838
0.184078
0.210028
0.236321
0.294804
0.372356
0.408319
0.342617
0.284342
0.203418
0.152307
0.120435
0.107583
0.128143
0.130030
0.130254
0.127144
0.129905
0.130316
0.128039
0.129465
0.132287
0.132365
0.131882
0.130019
0.130477
0.127589
0.128192
0.131823
0.131663
0.136862
0.108257
0.122496
0.167955
0.206994
0.287509
0.352298
0.408487
0.405427
0.376574
0.340866
0.319165
0.271406
0.243825
0.214214
0.181082
0.178595
0.181280
0.184306
0.184077
0.177932
0.180661
0.181800
0.184436
0.210184
0.237472
0.266293
0.304800
0.336573
0.382182
0.407774
0.404091
0.378412
0.365083
0.312111
0.267987
0.231036
0.193768
0.154144
0.155409
0.150264
0.151747
0.142696
0.156783
0.154310
0.156710
0.150664
0.156385
0.208828
0.270987
0.335758
0.385235
0.423442
0.340591
0.269194
0.182201
0.110730
0.097638
0.097698
0.106632
0.106049
0.100433
0.100223
0.100719
0.100855
0.100757
0.101034
0.101530
0.101985
0.101600
0.098435
0.097716
0.098639
0.100577
0.098935
0.099708
0.099588
0.090902
0.132947
0.178292
0.236601
0.295753
0.355062
0.407098
0.399864
0.323801
0.270788
0.232995
0.195543
0.171079
0.165851
0.162062
0.164938
0.164888
0.161136
0.160301
0.160297
0.160529
0.158882
0.147885
0.155780
0.173683
0.283497
0.221623
0.300416
0.344557
0.400678
0.406640
0.361091
0.308781
0.257506
0.201226
0.162684
0.169114
0.180073
0.182507
0.176288
0.180115
0.181084
0.181442
0.179991
0.179703
0.173697
0.192980
0.282248
0.358866
0.437108
0.387247
0.334445
0.289370
0.243412
0.215718
0.215304
0.213645
0.214149
0.213907
0.213892
0.214520
0.214699
0.210633
0.210429
0.211629
0.214548
0.230925
0.256195
0.286968
0.307899
0.347326
0.387831
0.425814
0.425638
0.400291
0.347655
0.315767
0.290445
0.289712
0.250640
0.237518
0.241447
0.253048
0.238017
0.237394
0.235964
0.237421
0.237006
0.236710
0.236729
0.259219
0.272963
0.290937
0.317580
0.353399
0.374235
0.406205
0.413128
0.367457
0.312123
0.252268
0.203977
0.150051
0.145206
0.149346
0.149691
0.152651
0.150952
0.145527
0.149051
0.132685
0.141366
0.138621
0.137855
0.142413
0.140374
0.140462
0.140602
0.133883
0.141087
0.136964
0.131717
0.136058
0.144927
0.144869
0.139902
0.141617
0.139299
0.142713
0.142981
0.145245
0.141278
0.142187
0.146902
0.147763
0.145272
0.149282
0.149845
0.150399
0.148865
0.148993
0.148785
0.144663
0.144419
0.145995
0.145329
0.146400
0.144824
0.145837
0.146147
0.145703
0.145535
0.145951
0.145724
0.145520
0.148812
0.148806
0.148131
0.148428
0.145052
0.143043
0.145360
0.146173
0.146656
0.145951
0.146531
0.146770
0.146673
0.147618
0.147071
0.147418
0.146253
0.146424
0.146262
0.146596
0.146069
0.142727
0.146516
0.147762
0.148090
0.146337
0.147549
0.146472
0.148722
0.148083
0.145367
0.148548
0.145445
0.145495
0.146564
0.147310
0.147206
0.150154
0.148562
0.145419
0.148639
0.148701
0.148234
0.148416
0.150598
0.148029
0.148245
0.148332
0.146801
0.147691
0.145580
0.146709
0.147783
0.147310
0.148173
0.150556
0.148002
0.151074
0.146232
0.147527
0.151580
0.147312
0.151583
0.151881
0.150370
0.149436
0.149028
0.149224
0.148954
0.149033
0.150237
0.150539
0.147759
0.142982
0.160957
0.189579
0.233026
0.295563
0.340095
0.415642
0.423133
0.375949
0.346664
0.314387
0.293036
0.260830
0.237814
0.221006
0.221379
0.250670
0.231058
0.232702
0.249524
0.248742
0.235372
0.233600
0.225781
0.270890
0.262360
0.233231
0.249124
0.242359
0.252617
0.253200
0.229583
0.226728
0.259169
0.247393
0.233788
0.255450
0.226674
0.252030
0.252184
0.229086
0.228950
0.240269
0.240140
0.228427
0.255634
0.255824
0.232666
0.236683
0.254546
0.248965
0.240284
0.229525
0.229160
0.254339
0.239078
0.243783
0.231618
0.236559
0.243960
0.241041
0.241744
0.226067
0.248302
0.222426
0.258447
0.257996
0.226996
0.249834
0.237097
0.254201
0.253540
0.228490
0.258490
0.286682
0.264884
0.262063
0.242548
0.260538
0.257434
0.255943
0.257146
0.258100
0.244463
0.239424
0.240114
0.240620
0.258159
0.268623
0.260304
0.284877
0.285896
0.250771
0.259767
0.263119
0.264507
0.265163
0.263049
0.257858
0.255597
0.227792
0.227788
0.247423
0.223155
0.261834
0.219651
0.221742
0.231175
0.277048
0.234455
0.256207
0.254754
0.253798
0.255472
0.266929
0.259547
0.259869
0.266860
0.260121
0.251969
0.254031
0.253388
0.255929
0.251911
0.252354
0.250020
0.254942
0.252550
0.251786
0.247951
0.268976
0.270944
0.291819
0.328646
0.357427
0.387945
0.418285
0.440870
0.453382
0.452443
0.418492
0.365782
0.291125
0.213735
0.141989
0.088254
0.126515
0.125984
0.125474
0.128516
0.127534
0.126345
0.127258
0.125190
0.125480
0.125410
0.125443
0.126853
0.125150
0.125678
0.128538
0.128195
0.128370
0.130441
0.130332
0.128904
0.128318
0.123831
0.120891
0.120417
0.119783
0.121596
0.122340
0.122002
0.121871
0.121090
0.116786
0.114336
0.113167
0.112811
0.114771
0.113609
0.113907
0.114465
0.114314
0.113236
0.114522
0.114890
0.114986
0.114423
0.115593
0.115918
0.114556
0.116031
0.116922
0.116200
0.116117
0.116755
0.118497
0.126257
0.116104
0.127771
0.129000
0.128816
0.129042
0.128789
0.137408
0.132919
0.130224
0.132329
0.136022
0.134923
0.137282
0.137629
0.136529
0.137198
0.136897
0.135102
0.135340
0.135535
0.136813
0.136035
0.132299
0.130239
0.130451
0.133704
0.135484
0.136434
0.137224
0.136404
0.139320
0.138922
0.139332
0.146645
0.136077
0.123381
0.145686
0.134195
0.122604
0.118015
0.124974
0.123047
0.122429
0.121488
0.120471
0.119584
0.120801
0.123840
0.130419
0.131220
0.133517
0.131921
0.131489
0.132706
0.131935
0.132599
0.125095
0.123247
0.122874
0.125121
0.135240
0.134708
0.134319
0.136067
0.133845
0.133104
0.083802
0.135829
0.208148
0.286345
0.360287
0.420798
0.450947
0.453039
0.426445
0.407040
0.359550
0.322064
0.283405
0.210993
0.255244
0.259592
0.239010
0.239165
0.182479
0.247116
0.228289
0.254924
0.254964
0.239859
0.226618
0.231210
0.247445
0.247377
0.263346
0.226419
0.239011
0.231312
0.231111
0.249689
0.237358
0.229287
0.237538
0.237693
0.240154
0.239840
0.248067
0.232186
0.233918
0.264553
0.227497
0.242132
0.257951
0.254683
0.227142
0.244508
0.254565
0.242014
0.242978
0.246216
0.251153
0.258284
0.253015
0.252870
0.239112
0.233417
0.280247
0.234617
0.232136
0.235432
0.234321
0.241176
0.232281
0.236233
0.237500
0.259430
0.260965
0.246019
0.245398
0.247849
0.239381
0.244388
0.231196
0.231161
0.256103
0.270301
0.236798
0.250871
0.250114
0.272802
0.269273
0.229614
0.235532
0.235571
0.245119
0.254366
0.235898
0.263184
0.261746
0.268443
0.242910
0.252921
0.259119
0.258397
0.269171
0.261927
0.298741
0.261292
0.262635
0.248751
0.191916
0.251518
0.264053
0.264632
0.259989
0.233996
0.200292
0.224572
0.210903
0.213532
0.208639
0.192971
0.210055
0.252445
0.314367
0.341416
0.388888
0.428775
0.448942
0.451279
0.418306
0.361245
0.288932
0.214372
0.146397
0.091796
0.130147
0.131373
0.132001
0.131624
0.132086
0.131120
0.119828
0.126138
0.126148
0.116378
0.117016
0.116704
0.117496
0.123949
0.124994
0.132830
0.134990
0.132766
0.133728
0.139037
0.136881
0.138723
0.138040
0.139554
0.140057
0.137536
0.130332
0.131391
0.132300
0.139197
0.137889
0.129683
0.129035
0.129124
0.129736
0.127593
0.129322
0.128085
0.126725
0.126274
0.127170
0.126925
0.128188
0.122284
0.122193
0.122843
0.140207
0.125051
0.126284
0.125609
0.124564
0.124699
0.123989
0.124518
0.124380
0.126071
0.120894
0.121049
0.119635
0.118031
0.111142
0.135235
0.133332
0.129689
0.119862
0.118039
0.122934
0.123616
0.122604
0.122828
0.121680
0.121252
0.122325
0.121765
0.121289
0.121682
0.121224
0.119202
0.121355
0.120626
0.120354
0.118570
0.119267
0.108548
0.109648
0.110325
0.111514
0.110928
0.111617
0.107936
0.112164
0.081701
0.131623
0.202470
0.273902
0.353116
0.410873
0.442982
0.445642
0.417400
0.354140
0.279889
0.199130
0.132056
0.089636
0.189230
0.189880
0.189552
0.188517
0.190161
0.190047
0.189606
0.189971
0.187865
0.190641
0.190395
0.189133
0.188382
0.188749
0.188292
0.191865
0.197429
0.197178
0.195603
0.194335
0.199868
0.197978
0.197968
0.195320
0.195638
0.199472
0.195326
0.197509
0.196159
0.194981
0.194584
0.196032
0.198908
0.200327
0.197083
0.196695
0.197643
0.197082
0.197860
0.198012
0.198880
0.198215
0.198377
0.197668
0.197533
0.197930
0.195489
0.196148
0.196319
0.196858
0.196284
0.197118
0.205788
0.201931
0.201262
0.198139
0.203417
0.195141
0.202287
0.199158
0.203225
0.209918
0.200094
0.203147
0.201331
0.201972
0.207467
0.199079
0.207237
0.205579
0.204903
0.196843
0.202609
0.204296
0.197031
0.200945
0.195806
0.199870
0.197221
0.195911
0.194040
0.193855
0.194099
0.197087
0.197003
0.195769
0.196381
0.194258
0.191308
0.194729
0.194139
0.198230
0.196660
0.195605
0.196226
0.193003
0.192646
0.191903
0.191196
0.192663
0.190954
0.191847
0.192516
0.193810
0.192219
0.191425
0.187578
0.192522
0.191707
0.192169
0.195870
0.195353
0.190620
0.194178
0.190851
0.191733
0.193275
0.190541
0.191419
0.190105
0.187608
0.190997
0.197066
0.192766
0.195258
0.192806
0.193214
0.188871
0.193364
0.192448
0.193874
0.197867
0.190885
0.192416
0.192515
0.194576
0.194560
0.194051
0.195445
0.198272
0.198074
0.194069
0.197225
0.195226
0.194564
0.195313
0.195615
0.193824
0.195431
0.193602
0.194587
0.192716
0.193664
0.193483
0.193525
0.193215
0.193434
0.192341
0.192850
0.192306
0.194672
0.193779
0.194544
0.193163
0.193285
0.194487
0.194372
0.194748
0.194768
0.193849
0.197031
0.196792
0.195748
0.195837
0.196741
0.197344
0.200557
0.195845
0.192461
0.192439
0.194164
0.194563
0.194082
0.189037
0.190979
0.191245
0.197113
0.194288
0.194462
0.194984
0.195715
0.195130
0.196781
0.194626
0.195281
0.195494
0.196639
0.196148
0.190188
0.193196
0.197892
0.194368
0.193075
0.191944
0.191546
0.192695
0.193546
0.194410
0.193608
0.193422
0.196244
0.200241
0.190959
0.189953
0.190413
0.192327
0.193111
0.190343
0.189811
0.189792
0.186426
0.188987
0.188541
0.187924
0.111112
0.199505
0.294452
0.370809
0.415088
0.450624
0.456228
0.459745
0.456393
0.435541
0.408233
0.352669
0.303030
0.235066
0.214040
0.211328
0.232099
0.214668
0.206791
0.202277
0.202083
0.203241
0.216379
0.194810
0.207456
0.207830
0.215880
0.201875
0.199089
0.196786
0.195752
0.203837
0.219056
0.190814
0.189711
0.189728
0.182946
0.186322
0.197691
0.192275
0.192510
0.185166
0.200142
0.179259
0.196283
0.197007
0.189744
0.189726
0.183248
0.206907
0.208476
0.178643
0.181936
0.214362
0.240239
0.240868
0.226160
0.194397
0.202895
0.235795
0.236714
0.195491
0.229361
0.212391
0.198623
0.199151
0.198143
0.203530
0.198011
0.211007
0.210488
0.209485
0.202029
0.215947
0.195362
0.195065
0.231138
0.178375
0.195603
0.195591
0.194348
0.206005
0.188032
0.198992
0.194700
0.194786
0.184417
0.184133
0.201062
0.218957
0.248632
0.296194
0.343111
0.390575
0.381316
0.277892
0.193894
0.137195
0.107834
0.100778
0.117533
0.157100
0.157397
0.157557
0.157439
0.156075
0.159513
0.158574
0.157861
0.154125
0.154590
0.153628
0.156607
0.155360
0.154628
0.154473
0.155837
0.156137
0.152690
0.154882
0.155390
0.155744
0.155640
0.154424
0.154904
0.155334
0.154317
0.154741
0.154407
0.152813
0.135394
0.145759
0.134296
0.133422
0.133062
0.132115
0.133793
0.158339
0.153560
0.154650
0.154721
0.154795
0.154985
0.155727
0.154084
0.154402
0.157587
0.156036
0.142867
0.134447
0.132397
0.134179
0.134031
0.136245
0.134033
0.133775
0.135268
0.135880
0.136072
0.135029
0.134223
0.135900
0.133179
0.136395
0.136402
0.131388
0.132043
0.133098
0.134116
0.134757
0.137305
0.135169
0.134413
0.137061
0.134677
0.133102
0.133448
0.133493
0.133596
0.136939
0.134027
0.135865
0.136199
0.134952
0.134969
0.135960
0.132929
0.133541
0.134024
0.131705
0.132073
0.134724
0.134410
0.134623
0.135686
0.136889
0.135921
0.136777
0.135216
0.136871
0.137661
0.136945
0.132906
0.134546
0.131291
0.134851
0.134771
0.130008
0.134939
0.133653
0.134153
0.134967
0.100174
0.140834
0.203683
0.289283
0.351725
0.415816
0.456014
0.456057
0.457979
0.458598
0.436637
0.402336
0.330155
0.207828
0.051229
0.051309
0.051205
0.051041
0.051050
0.050937
0.050989
0.051317
0.051270
0.051330
0.051476
0.051657
0.051765
0.051836
0.052158
0.052773
0.052595
0.053246
0.054142
0.055594
0.056491
0.058991
0.059630
0.060538
0.060187
0.060437
0.060376
0.060086
0.059142
0.057662
0.056270
0.056656
0.057127
0.057266
0.057287
0.057878
0.057448
0.057804
0.058118
0.058520
0.058449
0.058093
0.058299
0.058147
0.057944
0.056917
0.056684
0.056367
0.056566
0.056681
0.056192
0.056431
0.055606
0.055417
0.054684
0.054221
0.052854
0.052108
0.051519
0.051510
0.051721
0.051889
0.051547
0.051599
0.051501
0.051191
0.051273
0.051050
0.050646
0.050801
0.050938
0.051030
0.051559
0.051307
0.051541
0.051281
0.051024
0.050774
0.050798
0.050870
0.050824
0.050796
0.050850
0.050934
0.050818
0.051016
0.051066
0.050712
0.050625
0.050544
0.050876
0.050934
0.051060
0.051169
0.051341
0.051166
0.051254
0.051278
0.051479
0.051529
0.051554
0.051550
0.051516
0.051730
0.051402
0.051339
0.051548
0.051686
0.051717
0.051623
0.051521
0.051373
0.050971
0.050995
0.050958
0.051037
0.050849
0.050809
0.050912
0.050815
0.050901
0.050659
0.050874
0.050749
0.051088
0.050646
0.051132
0.051222
0.051448
0.051551
0.051636
0.051602
0.051686
0.051753
0.051449
0.051311
0.051340
0.051257
0.051329
0.051328
0.051323
0.051353
0.051359
0.051092
0.051351
0.051432
0.051682
0.051684
0.051408
0.051358
0.051509
0.051466
0.051446
0.051436
0.051322
0.051231
0.051211
0.051211
0.051195
0.051406
0.051261
0.050922
0.050754
0.050730
0.050740
0.050820
0.050761
0.050787
0.050938
0.051109
0.051402
0.051514
0.051635
0.051726
0.051484
0.051481
0.051721
0.051407
0.051435
0.051711
0.051741
0.051547
0.051522
0.051463
0.051327
0.050964
0.050994
0.051033
0.051062
0.051050
0.051126
0.050969
0.050931
0.050954
0.050913
0.050728
0.050522
0.050748
0.050904
0.050929
0.050966
0.050742
0.050719
0.050515
0.050490
0.050400
0.050616
0.050785
0.050829
0.050763
0.050801
0.050912
0.050980
0.051513
0.051607
0.051594
0.051466
0.051362
0.051124
0.051352
0.051071
0.050731
0.050591
0.050656
0.050849
0.050233
0.049935
0.050052
0.050179
0.050198
0.050340
0.050988
0.051042
0.051082
0.051289
0.051337
0.051433
0.208047
0.329955
0.401183
0.436330
0.455354
0.459855
0.459875
0.457211
0.441672
0.423078
0.390824
0.345276
0.286461
0.198063
0.137132
0.136457
0.138786
0.136689
0.137712
0.140181
0.138014
0.135384
0.141238
0.166935
0.196031
0.282088
0.334686
0.366131
0.400517
0.427206
0.400304
0.339955
0.256276
0.192500
0.139050
0.101992
0.093222
0.123699
0.121766
0.123979
0.126125
0.125137
0.125277
0.125003
0.125092
0.125042
0.125188
0.126642
0.125602
0.092980
0.102116
0.141578
0.187319
0.270582
0.334129
0.398256
0.402842
0.344815
0.284655
0.232471
0.152481
0.158094
0.136472
0.149493
0.147409
0.150210
0.150761
0.149260
0.139969
0.145174
0.141173
0.136513
0.136981
0.144740
0.137121
0.143599
0.133153
0.124956
0.137500
0.173645
0.227931
0.297193
0.393136
0.419953
0.366714
0.297074
0.251403
0.208682
0.125387
0.096314
0.100770
0.102174
0.102036
0.100839
0.100920
0.101208
0.104246
0.101753
0.104026
0.100188
0.092165
0.100703
0.099308
0.103260
0.100618
0.098921
0.112378
0.130143
0.191150
0.237131
0.312473
0.365738
0.413466
0.423369
0.394587
0.360666
0.328321
0.302067
0.275812
0.230620
0.217500
0.216223
0.217724
0.218111
0.217915
0.221197
0.220675
0.216186
0.220580
0.222125
0.220808
0.220711
0.238899
0.282190
0.307932
0.345275
0.365228
0.393952
0.421508
0.397367
0.320823
0.261070
0.210787
0.166758
0.146306
0.120076
0.114569
0.113215
0.113200
0.113968
0.112848
0.115011
0.115090
0.113909
0.135369
0.167680
0.234855
0.324902
0.433000
0.395449
0.350418
0.319828
0.211741
0.179173
0.179011
0.178323
0.178412
0.178950
0.178954
0.178887
0.183413
0.181342
0.184315
0.184413
0.198303
0.256114
0.308538
0.329727
0.360523
0.391603
0.425937
0.389367
0.307853
0.242512
0.189766
0.151328
0.129233
0.120056
0.127185
0.126393
0.127672
0.128650
0.127871
0.126710
0.125333
0.126971
0.127201
0.127095
0.127552
0.128762
0.128357
0.128553
0.128450
0.125471
0.128525
0.127556
0.127182
0.127797
0.127132
0.124963
0.185778
0.258871
0.322775
0.381715
0.427306
0.455301
0.454300
0.415278
0.351308
0.276209
0.200868
0.130684
0.091548
0.185500
0.184667
0.183918
0.195388
0.189478
0.189771
0.189187
0.192847
0.190923
0.189126
0.190236
0.190223
0.191345
0.200334
0.192992
0.194295
0.188510
0.190927
0.192846
0.193530
0.191205
0.192631
0.192626
0.186556
0.193138
0.195890
0.179855
0.193709
0.178075
0.190778
0.190632
0.180188
0.177255
0.185907
0.182097
0.175257
0.172685
0.177014
0.179859
0.182978
0.182593
0.182672
0.179761
0.182551
0.174363
0.177852
0.178297
0.190613
0.177331
0.179060
0.179074
0.181370
0.182399
0.190670
0.183869
0.175516
0.184271
0.193830
0.190216
0.184988
0.194470
0.186869
0.186332
0.182977
0.188858
0.188262
0.188131
0.188640
0.186269
0.184561
0.186007
0.184465
0.179674
0.184642
0.193053
0.185938
0.179140
0.195748
0.193152
0.193868
0.196334
0.190509
0.190582
0.195816
0.194441
0.195420
0.196429
0.196280
0.193473
0.194481
0.194245
0.196066
0.188344
0.183104
0.187696
0.181462
0.186347
0.187075
0.187723
0.191140
0.190533
0.087699
0.128398
0.198135
0.274357
0.350522
0.416143
0.448610
0.454048
0.431515
0.396162
0.350179
0.306365
0.269141
0.212489
0.213433
0.213206
0.231620
0.217323
0.213799
0.204747
0.200643
0.210821
0.217176
0.195319
0.194721
0.195109
0.215115
0.208476
0.198516
0.200888
0.200690
0.199480
0.219263
0.186720
0.191202
0.192613
0.185206
0.182275
0.191169
0.208317
0.194178
0.185633
0.198847
0.183318
0.194084
0.197587
0.186362
0.202471
0.190243
0.227853
0.227596
0.181729
0.182431
0.217106
0.233942
0.234005
0.227897
0.195538
0.200880
0.247983
0.224208
0.199644
0.235785
0.218601
0.200197
0.200505
0.198239
0.201315
0.197516
0.208363
0.209244
0.208466
0.191972
0.214151
0.196443
0.196764
0.230693
0.175512
0.195173
0.194672
0.194264
0.211314
0.186377
0.197870
0.196817
0.196887
0.183781
0.180338
0.199526
0.171824
0.171342
0.182267
0.229026
0.206600
0.208306
0.217223
0.217400
0.209256
0.202861
0.195669
0.195258
0.225752
0.202138
0.212121
0.235586
0.235140
0.210051
0.220481
0.212386
0.217715
0.216834
0.210411
0.209638
0.216122
0.207859
0.205213
0.209534
0.212293
0.224118
0.199982
0.201089
0.201293
0.223751
0.186682
0.183721
0.181242
0.190669
0.196949
0.186061
0.176526
0.186195
0.178726
0.179605
0.176617
0.174608
0.174806
0.177920
0.173750
0.177601
0.174502
0.174850
0.186748
0.175524
0.205733
0.180283
0.183354
0.194265
0.194306
0.187110
0.203672
0.226780
0.268315
0.323084
0.389764
0.392098
0.294024
0.215197
0.155533
0.116657
0.106375
0.106100
0.118114
0.123645
0.135919
0.120849
0.121254
0.126859
0.135505
0.136107
0.140665
0.137551
0.136505
0.137880
0.138181
0.135803
0.137315
0.141609
0.138858
0.144398
0.135411
0.137118
0.138541
0.137525
0.137932
0.139103
0.135129
0.134789
0.133498
0.135105
0.135128
0.136520
0.136184
0.136341
0.136827
0.136954
0.133814
0.136076
0.137133
0.136054
0.135613
0.135556
0.136108
0.131014
0.130597
0.132439
0.131277
0.131856
0.130268
0.131280
0.141156
0.142403
0.135763
0.143018
0.134628
0.142843
0.134578
0.133632
0.133325
0.118347
0.117304
0.132546
0.133452
0.133641
0.133851
0.118203
0.112357
0.111958
0.130171
0.112363
0.110904
0.133211
0.133027
0.133015
0.132596
0.132821
0.133179
0.133069
0.132589
0.133399
0.133117
0.133520
0.134759
0.135823
0.132550
0.135057
0.141685
0.142995
0.133529
0.135277
0.134578
0.134151
0.135128
0.139972
0.138734
0.135186
0.135340
0.132906
0.138088
0.115642
0.115064
0.115935
0.107523
0.113384
0.113941
0.113437
0.116341
0.116103
0.113803
0.115324
0.114547
0.113375
0.115233
0.115525
0.106797
0.107630
0.114253
0.115762
0.107018
0.114960
0.127787
0.128449
0.102157
0.104309
0.103632
0.085760
0.089645
0.116532
0.158543
0.215650
0.286255
0.381775
0.393187
0.315152
0.257969
0.271738
0.249915
0.241000
0.224676
0.254665
0.259845
0.240522
0.240594
0.217492
0.248705
0.224039
0.254139
0.254514
0.234359
0.228291
0.233617
0.247707
0.247965
0.260047
0.228718
0.238498
0.238464
0.232750
0.249429
0.237866
0.223197
0.237885
0.237570
0.239480
0.240250
0.247224
0.234266
0.234262
0.263917
0.227198
0.244176
0.255898
0.255525
0.230774
0.248775
0.256027
0.243154
0.239697
0.239453
0.239164
0.271821
0.308989
0.318131
0.387685
0.427892
0.453402
0.455706
0.455390
0.455391
0.441764
0.402696
0.333558
0.220026
0.067263
0.068144
0.069104
0.069621
0.070002
0.070312
0.070464
0.070326
0.070470
0.070891
0.070680
0.070838
0.070808
0.070722
0.070251
0.070555
0.070793
0.070609
0.070398
0.070172
0.070429
0.070381
0.070216
0.069704
0.069343
0.068717
0.068110
0.067549
0.066864
0.065604
0.065475
0.064128
0.062958
0.062036
0.061826
0.062421
0.062492
0.061883
0.061930
0.061763
0.062095
0.062206
0.062066
0.061571
0.061337
0.061449
0.061813
0.061636
0.061768
0.061780
0.061608
0.061490
0.061509
0.061455
0.061421
0.061286
0.061123
0.061345
0.061376
0.061528
0.061847
0.061764
0.062056
0.062071
0.062543
0.061949
0.062112
0.062430
0.062260
0.061887
0.061698
0.061824
0.061718
0.061492
0.061448
0.061494
0.061511
0.061528
0.062249
0.062127
0.062061
0.062194
0.061829
0.062337
0.061694
0.061899
0.061970
0.061839
0.061624
0.061661
0.061224
0.061252
0.061311
0.061330
0.061744
0.062658
0.062701
0.062359
0.062681
0.062057
0.062096
0.062144
0.062275
0.062378
0.062390
0.062442
0.062749
0.064662
0.068331
0.068383
0.068809
0.069383
0.068758
0.068468
0.068511
0.068204
0.068605
0.068237
0.068562
0.068577
0.067819
0.067778
0.066973
0.067016
0.067340
0.067255
0.067649
0.068179
0.068372
0.068225
0.068489
0.068672
0.068751
0.068985
0.069012
0.068514
0.066556
0.065686
0.065036
0.064919
0.064709
0.064637
0.064369
0.064895
0.065286
0.065794
0.065224
0.065092
0.065256
0.064889
0.065088
0.064710
0.064804
0.064837
0.064895
0.064680
0.064665
0.064203
0.063661
0.064094
0.063722
0.064663
0.064815
0.065160
0.063878
0.064245
0.064489
0.064696
0.063597
0.063788
0.063789
0.063852
0.063915
0.063761
0.063704
0.063788
0.063837
0.063976
0.063948
0.063728
0.063858
0.063234
0.063061
0.063090
0.063364
0.063600
0.063540
0.063507
0.063732
0.063415
0.063269
0.063170
0.062757
0.063224
0.063400
0.063435
0.062956
0.062816
0.063414
0.063788
0.063779
0.063818
0.063684
0.063208
0.063093
0.062903
0.063455
0.063152
0.063499
0.063656
0.063788
0.063676
0.063785
0.064144
0.064026
0.064104
0.064192
0.064560
0.064781
0.064864
0.065228
0.064758
0.064924
0.065061
0.064559
0.064137
0.064073
0.064092
0.064075
0.064548
0.064274
0.064647
0.064208
0.064244
0.064636
0.064235
0.064734
0.064457
0.063687
0.063945
0.063730
0.064203
0.064237
0.063519
0.063638
0.064015
0.063768
0.063279
0.063167
0.063139
0.063168
0.063633
0.063791
0.063662
0.063692
0.061305
0.052628
0.054934
0.058383
0.061301
0.063115
0.071725
0.071106
0.062151
0.060590
0.056395
0.054921
0.051240
0.048271
0.049484
0.050574
0.050188
0.050666
0.050035
0.049901
0.049051
0.049462
0.050234
0.049385
0.049660
0.048808
0.050258
0.050231
0.050044
0.049211
0.049340
0.049741
0.049548
0.050024
0.049736
0.049439
0.050227
0.050071
0.049323
0.050406
0.050399
0.050037
0.049755
0.049793
0.050823
0.051388
0.052434
0.052474
0.052063
0.052646
0.051807
0.051765
0.051576
0.052812
0.057838
0.057969
0.054034
0.054514
0.053781
0.053279
0.051806
0.050359
0.050235
0.050717
0.050540
0.050604
0.050754
0.050383
0.049932
0.049674
0.049208
0.048494
0.048228
0.048087
0.048073
0.048943
0.048731
0.048753
0.048790
0.049252
0.048195
0.049117
0.049270
0.049313
0.049012
0.048831
0.049535
0.049606
0.049812
0.049696
0.049563
0.049414
0.049556
0.049066
0.049258
0.049292
0.049294
0.049233
0.048985
0.049138
0.049065
0.049148
0.049113
0.049178
0.049162
0.048350
0.048213
0.048152
0.048213
0.048939
0.048236
0.048071
0.048859
0.048477
0.048636
0.049138
0.048476
0.048712
0.048856
0.048983
0.049019
0.048922
0.048585
0.048436
0.048689
0.048798
0.048806
0.048693
0.048860
0.048839
0.048794
0.049236
0.049319
0.049581
0.049396
0.049148
0.048773
0.047740
0.047999
0.047998
0.047815
0.047805
0.048470
0.047746
0.048634
0.047797
0.048391
0.048197
0.048167
0.047847
0.047928
0.047904
0.047480
0.047394
0.047439
0.047224
0.047755
0.047424
0.047428
0.047788
0.049271
0.049345
0.049255
0.048925
0.049080
0.049098
0.049195
0.049162
0.049083
0.049084
0.049104
0.049199
0.049224
0.049416
0.049371
0.049662
0.049044
0.049394
0.049316
0.049473
0.049530
0.049430
0.049551
0.049251
0.048933
0.048846
0.048364
0.048443
0.048712
0.048518
0.048757
0.048414
0.048489
0.048453
0.048710
0.048695
0.048651
0.048955
0.048913
0.048905
0.048797
0.048738
0.048935
0.049049
0.224605
0.223900
0.219802
0.212529
0.212497
0.191981
0.230150
0.226202
0.240484
0.241033
0.241383
0.241161
0.242276
0.241685
0.240738
0.237685
0.233794
0.233410
0.228125
0.223224
0.205984
0.202812
0.201631
0.195197
0.189263
0.190877
0.199220
0.204649
0.207879
0.206818
0.220478
0.225091
0.227378
0.228021
0.239344
0.230556
0.229051
0.222653
0.239586
0.215327
0.235315
0.233727
0.226304
0.235459
0.237400
0.239362
0.231450
0.231344
0.226805
0.226609
0.231427
0.226622
0.212790
0.217183
0.215944
0.221893
0.224514
0.222933
0.230979
0.229898
0.229250
0.227591
0.226230
0.225955
0.219302
0.218036
0.216715
0.217221
0.217853
0.217328
0.213582
0.211702
0.210627
0.210667
0.210548
0.210798
0.210914
0.224324
0.224512
0.211202
0.213473
0.224580
0.213863
0.214019
0.225594
0.220032
0.227919
0.214707
0.220080
0.226847
0.227954
0.216016
0.218692
0.219089
0.218975
0.218794
0.218484
0.219466
0.218707
0.219755
0.214397
0.218293
0.223234
0.219968
0.217609
0.218004
0.217995
0.218053
0.217792
0.218636
0.218160
0.220104
0.220012
0.220643
0.221079
0.221157
0.220393
0.221027
0.220587
0.219984
0.220477
0.221158
0.219722
0.219768
0.213053
0.218034
0.229147
0.228489
0.215317
0.226723
0.221135
0.227668
0.215511
0.215666
0.215740
0.227939
0.229207
0.220899
0.229047
0.228880
0.228020
0.212468
0.214908
0.216480
0.219114
0.216466
0.216700
0.216727
0.217157
0.216741
0.222929
0.221627
0.215546
0.215265
0.215410
0.215556
0.213432
0.214817
0.215574
0.215116
0.215104
0.214900
0.215532
0.214740
0.213166
0.213473
0.215359
0.220187
0.218696
0.220940
0.227834
0.227124
0.227272
0.227320
0.227544
0.226961
0.227666
0.227570
0.227442
0.227108
0.227063
0.227156
0.211288
0.211244
0.219119
0.219072
0.220045
0.213275
0.213617
0.226287
0.213397
0.213375
0.213457
0.213360
0.213396
0.213745
0.213447
0.213152
0.213133
0.212892
0.210908
0.211230
0.234254
0.234254
0.234254
0.234254
0.234254
0.234254
0.234254
0.234254
0.234254
0.234254
0.234254
0.234254
0.234254
0.234254
0.234254
0.234254
0.234254
0.234254
0.234254
0.234254
0.234254
0.234254
0.234254
0.234254
0.234254
0.234254
0.234254
0.234254
0.234254
0.234254
0.234254
0.234254
0.234254
0.234254
0.234254
0.234254
0.234254
0.234254
0.234254
0.234254
0.234254
0.234254
0.234254
0.234254
0.234254
0.234254
0.234254
