0.047370
0.046193
0.048896
0.048397
0.047610
0.048247
0.048677
0.049495
0.049683
0.049703
0.050032
0.053938
0.054342
0.051684
0.050860
0.051604
0.054781
0.054324
0.053830
0.055492
0.055121
0.054560
0.054754
0.055404
0.055030
0.055837
0.055415
0.055175
0.055650
0.074462
0.073717
0.074483
0.073566
0.073683
0.073986
0.072430
0.074072
0.077523
0.074483
0.077532
0.072420
0.074719
0.075573
0.075916
0.076864
0.078623
0.086270
0.085500
0.084714
0.089667
0.081015
0.076095
0.076130
0.088698
0.087733
0.093902
0.093403
0.093951
0.093426
0.093862
0.093011
0.091234
0.090750
0.092259
0.093340
0.093547
0.095404
0.095280
0.095678
0.092784
0.095400
0.090436
0.092637
0.090832
0.052308
0.052531
0.068286
0.063164
0.059118
0.061920
0.049016
0.053130
0.050560
0.056536
0.053175
0.066681
0.060727
0.065879
0.064362
0.065494
0.062194
0.070080
0.056699
0.054111
0.057336
0.065412
0.064645
0.064734
0.065452
0.059160
0.060639
0.058292
0.066119
0.063225
0.071242
0.066183
0.074788
0.070748
0.074005
0.095132
0.093918
0.089333
0.089546
0.088196
0.089291
0.087702
0.089592
0.088102
0.087846
0.085627
0.088737
0.088514
0.086993
0.087723
0.087454
0.087426
0.088107
0.089802
0.090578
0.090996
0.090088
0.088458
0.089090
0.091242
0.102712
0.106220
0.101289
0.094317
0.088627
0.084593
0.089148
0.092136
0.087821
0.095319
0.087751
0.085776
0.096903
0.100031
0.088434
0.080492
0.093502
0.083572
0.093636
0.084740
0.090122
0.085625
0.086255
0.089325
0.080555
0.084136
0.093697
0.094193
0.087090
0.080296
0.089103
0.093903
0.083977
0.081859
0.083332
0.095207
0.095706
0.096887
0.097389
0.104080
0.105518
0.108928
0.104481
0.105959
0.105760
0.105952
0.097081
0.095862
0.096081
0.097637
0.098909
0.097236
0.097152
0.095487
0.094933
0.096639
0.103457
0.103102
0.106038
0.085793
0.082299
0.079408
0.075714
0.068714
0.075362
0.076709
0.081900
0.088956
0.085024
0.085491
0.080619
0.079740
0.066956
0.078543
0.078693
0.082137
0.088869
0.076321
0.072837
0.074454
0.073480
0.071386
0.072901
0.071111
0.072358
0.072376
0.077771
0.079437
0.078907
0.075325
0.078134
0.078159
0.082042
0.078957
0.079787
0.078342
0.077757
0.078368
0.078469
0.079883
0.079647
0.079691
0.078708
0.076753
0.079291
0.076711
0.080096
0.082527
0.081280
0.079778
0.082938
0.082611
0.083672
0.088456
0.088976
0.091898
0.081770
0.088098
0.079451
0.080852
0.081786
0.080694
0.080439
0.080527
0.081454
0.092166
0.076613
0.093437
0.079458
0.080699
0.081492
0.078533
0.078848
0.078660
0.078726
0.079355
0.075450
0.078155
0.076870
0.080068
0.077145
0.077832
0.067647
0.065310
0.065229
0.067147
0.067314
0.067309
0.067818
0.084268
0.077996
0.074828
0.078011
0.076442
0.080417
0.098772
0.099179
0.099498
0.099347
0.097033
0.096828
0.096956
0.098320
0.098242
0.098824
0.099846
0.099698
0.101209
0.101828
0.101712
0.101938
0.101601
0.102245
0.102143
0.102316
0.102313
0.102529
0.101885
0.101855
0.094821
0.090550
0.091368
0.106449
0.087383
0.090860
0.090476
0.091111
0.110251
0.102967
0.109315
0.110106
0.091601
0.090446
0.091497
0.094267
0.094723
0.090342
0.094557
0.092806
0.107027
0.091448
0.090581
0.101535
0.090772
0.090763
0.094890
0.101403
0.101411
0.049406
0.068207
0.058232
0.077819
0.066389
0.079455
0.067548
0.066802
0.067159
0.076503
0.067993
0.060925
0.058859
0.064387
0.063708
0.053961
0.063078
0.078819
0.076808
0.075656
0.074883
0.066440
0.077817
0.066766
0.060447
0.060200
0.047388
0.051668
0.048575
0.049725
0.071854
0.067579
0.075123
0.076283
0.076219
0.075073
0.060907
0.056295
0.054869
0.054473
0.049161
0.038456
0.057544
0.069396
0.085960
0.089964
0.081111
0.080430
0.080168
0.078147
0.074875
0.072862
0.074832
0.067865
0.064174
0.061704
0.060324
0.061049
0.062579
0.064255
0.060483
0.083158
0.086859
0.091388
0.078634
0.083304
0.084572
0.080821
0.076586
0.067812
0.066573
0.060869
0.061581
0.036955
0.071552
0.067814
0.066365
0.086834
0.087622
0.092665
0.092566
0.081539
0.083506
0.079082
0.077189
0.069062
0.068429
0.067187
0.064223
0.064813
0.065181
0.077989
0.082354
0.084470
0.074801
0.081399
0.075991
0.080742
0.080189
0.080505
0.087953
0.085408
0.085547
0.069344
0.080496
0.071020
0.086495
0.065396
0.068751
0.081893
0.077650
0.064636
0.071176
0.072206
0.069760
0.068398
0.067227
0.065623
0.062434
0.063530
0.070134
0.072004
0.069951
0.080954
0.077381
0.077019
0.072618
0.061614
0.053199
0.069429
0.067241
0.065093
0.065652
0.070751
0.057738
0.080974
0.076143
0.077626
0.067053
0.060296
0.059785
0.055430
0.057522
0.058035
0.051770
0.051347
0.063132
0.057696
0.069906
0.070641
0.069099
0.070279
0.067059
0.067000
0.066462
0.066928
0.074345
0.074455
0.076639
0.076583
0.069556
0.074111
0.068982
0.062348
0.059601
0.053666
0.054346
0.056093
0.059401
0.059158
0.062537
0.052187
0.068040
0.067411
0.063578
0.063618
0.068387
0.065371
0.070750
0.079190
0.082619
0.073544
0.065595
0.057436
0.062418
0.057720
0.051868
0.049655
0.049663
0.062912
0.057345
0.063499
0.064682
0.061900
0.066653
0.063611
0.066551
0.065364
0.077713
0.078377
0.103534
0.108399
0.110865
0.102297
0.102436
0.106122
0.110940
0.105797
0.101588
0.098732
0.074693
0.079707
0.072905
0.066773
0.067498
0.069885
0.094077
0.100737
0.100698
0.098037
0.102752
0.100123
0.100803
0.101357
0.101457
0.099344
0.100834
0.102555
0.105440
0.098962
0.104347
0.094809
0.081292
0.076090
0.059895
0.062670
0.061497
0.156961
0.127622
0.115811
0.114707
0.116113
0.117173
0.122281
0.121232
0.121327
0.118749
0.121847
0.140369
0.119360
0.128521
0.132503
0.125857
0.143943
0.163030
0.154852
0.141552
0.139988
0.141674
0.143068
0.147087
0.168710
0.157102
0.154649
0.150167
0.147972
0.146278
0.147663
0.167267
0.156834
0.142183
0.141698
0.152361
0.146285
0.142983
0.132992
0.128259
0.127157
0.116682
0.137970
0.131201
0.142017
0.139777
0.152823
0.171199
0.135423
0.123973
0.110577
0.103037
0.116061
0.108753
0.118561
0.121997
0.110538
0.108331
0.105178
0.112333
0.111244
0.113044
0.115139
0.115270
0.115591
0.113914
0.114111
0.114216
0.114221
0.114157
0.113876
0.113308
0.113002
0.113064
0.114001
0.113535
0.114304
0.113013
0.113566
0.113278
0.113066
0.112400
0.112258
0.109185
0.109755
0.110199
0.112247
0.112196
0.110451
0.113152
0.113208
0.109858
0.113192
0.109372
0.112780
0.111920
0.109725
0.110201
0.113004
0.112712
0.112206
0.111308
0.111346
0.111499
0.111029
0.109949
0.109685
0.113038
0.114097
0.112519
0.116377
0.113057
0.112916
0.115912
0.115769
0.116308
0.061559
0.062976
0.063727
0.060699
0.065358
0.061662
0.057228
0.055898
0.055434
0.053525
0.056655
0.055032
0.057146
0.054610
0.053237
0.050139
0.048723
0.059572
0.050207
0.050553
0.051047
0.047403
0.047954
0.049772
0.053620
0.058366
0.058287
0.057099
0.056082
0.050652
0.056908
0.057998
0.050173
0.058662
0.055886
0.051907
0.049060
0.060383
0.058437
0.058468
0.049838
0.052370
0.050782
0.050397
0.049620
0.049672
0.050316
0.050994
0.046577
0.048438
0.049845
0.049847
0.050637
0.050698
0.050969
0.051135
0.048526
0.052772
0.050898
0.052886
0.052269
0.052919
0.052343
0.051279
0.052409
0.051705
0.052007
0.052851
0.050367
0.053377
0.051987
0.052302
0.050325
0.048677
0.048371
0.052494
0.051395
0.061062
0.052011
0.049867
0.050876
0.050030
0.061853
0.051091
0.050314
0.049628
0.049042
0.053264
0.052798
0.050519
0.047304
0.052697
0.051045
0.051963
0.052765
0.061446
0.055841
0.153015
0.164507
0.142492
0.137169
0.149278
0.143497
0.136708
0.134748
0.135424
0.133018
0.135168
0.136359
0.134870
0.135069
0.134542
0.135619
0.136476
0.135478
0.135545
0.135182
0.133517
0.072124
0.074370
0.073274
0.097908
0.073961
0.075494
0.069412
0.097818
0.066437
0.066420
0.064346
0.068125
0.069974
0.062905
0.084742
0.083869
0.063347
0.063568
0.059250
0.065339
0.053481
0.054331
0.052996
0.058291
0.060023
0.058157
0.057899
0.055490
0.057371
0.052900
0.059041
0.059218
0.060362
0.058286
0.051270
0.050491
0.051107
0.052614
0.051616
0.054087
0.054155
0.055375
0.053152
0.054997
0.051877
0.051660
0.060280
0.058390
0.053560
0.057723
0.053601
0.055627
0.054397
0.060346
0.054485
0.063079
0.061008
0.061622
0.053632
0.053300
0.058976
0.060601
0.060714
0.060769
0.060724
0.061871
0.061504
0.063246
0.067086
0.066124
0.067595
0.066263
0.066252
0.065087
0.065655
0.067019
0.065874
0.062445
0.064124
0.060896
0.058927
0.060165
0.058114
0.056962
0.057259
0.057721
0.057802
0.058354
0.061016
0.060118
0.061923
0.060981
0.060837
0.060959
0.060907
0.061107
0.061409
0.059352
0.105770
0.103142
0.105091
0.106983
0.106054
0.106891
0.106255
0.105823
0.106000
0.105959
0.105978
0.105520
0.107008
0.104029
0.102141
0.103004
0.105725
0.104358
0.106198
0.108324
0.108880
0.108559
0.104507
0.106956
0.106040
0.104549
0.102108
0.105228
0.104524
0.106419
0.107413
0.106243
0.106138
0.107057
0.108829
0.109962
0.110602
0.111331
0.113307
0.114001
0.114955
0.116008
0.116585
0.118101
0.120293
0.120010
0.124118
0.125093
0.126593
0.130254
0.131626
0.132518
0.123961
0.122425
0.123833
0.128810
0.114159
0.105546
0.103193
0.100530
0.101390
0.100627
0.051895
0.052045
0.051645
0.052017
0.051615
0.052170
0.051807
0.051701
0.052252
0.052361
0.052785
0.052068
0.053420
0.054092
0.053982
0.053704
0.054948
0.054523
0.054034
0.054604
0.054508
0.053710
0.053963
0.054512
0.055292
0.054512
0.054765
0.053913
0.055302
0.055407
0.055850
0.055177
0.055401
0.055033
0.054822
0.054794
0.053679
0.052717
0.054011
0.051992
0.051178
0.051855
0.048347
0.047697
0.050646
0.049294
0.049224
0.049072
0.049251
0.050685
0.051143
0.050546
0.084673
0.048439
0.046145
0.044365
0.045059
0.043945
0.041236
0.042800
0.044417
0.043347
0.046332
0.050623
0.061975
0.053023
0.049068
0.051310
0.088595
0.057778
0.059005
0.050428
0.080793
0.049157
0.054227
0.053380
0.051067
0.050223
0.076895
0.043749
0.042709
0.045908
0.093526
0.056413
0.048240
0.047529
0.061345
0.048675
0.052595
0.079965
0.067049
0.040675
0.059260
0.050873
0.047056
0.049482
0.049245
0.048186
0.056342
0.058876
0.047639
0.048659
0.079638
0.043748
0.048412
0.041100
0.050660
0.039659
0.064351
0.068151
0.048901
0.059618
0.055889
0.089935
0.049518
0.055673
0.067108
0.053634
0.062716
0.063059
0.077686
0.067351
0.066615
0.047184
0.063784
0.063207
0.068477
0.068229
0.083183
0.046813
0.046302
0.054922
0.067359
0.071564
0.048893
0.061733
0.062572
0.063089
0.084075
0.050273
0.051869
0.059048
0.049501
0.060372
0.063361
0.076703
0.047266
0.056752
0.050423
0.063398
0.063265
0.044744
0.057979
0.048893
0.045712
0.074870
0.054494
0.046449
0.079255
0.046089
0.049694
0.072149
0.051539
0.066587
0.056478
0.055494
0.068388
0.045874
0.049076
0.070261
0.048597
0.046692
0.050701
0.050883
0.047436
0.048865
0.058565
0.057017
0.049053
0.047283
0.062996
0.058025
0.041077
0.047048
0.044593
0.044019
0.047935
0.049102
0.051546
0.051149
0.049021
0.053458
0.051078
0.055663
0.052754
0.053891
0.052868
0.053023
0.053951
0.055600
0.053612
0.053197
0.057553
0.054275
0.054216
0.053680
0.054335
0.055189
0.052392
0.052093
0.052705
0.055048
0.053930
0.053048
0.056593
0.055973
0.060525
0.079269
0.151302
0.100967
0.111836
0.082035
0.065646
0.064472
0.064659
0.066027
0.062955
0.065127
0.065506
0.065508
0.064975
0.065231
0.065395
0.065246
0.065141
0.065191
0.065138
0.065370
0.064391
0.064611
0.063894
0.064278
0.055822
0.063901
0.067362
0.068228
0.067498
0.066897
0.066772
0.065975
0.073371
0.064885
0.063727
0.070621
0.072789
0.072077
0.071606
0.071732
0.070400
0.069664
0.073863
0.070629
0.070721
0.073597
0.074332
0.071965
0.073090
0.069757
0.070706
0.059644
0.057379
0.059687
0.060992
0.062901
0.084029
0.096956
0.081181
0.077439
0.075146
0.049632
0.058840
0.065538
0.049847
0.064597
0.078456
0.068821
0.062757
0.066261
0.068811
0.074992
0.079256
0.087365
0.084308
0.084685
0.084552
0.084550
0.083894
0.101253
0.069547
0.065200
0.072302
0.067607
0.074617
0.078404
0.090854
0.077761
0.079685
0.076948
0.078406
0.066015
0.050696
0.049610
0.050665
0.056149
0.075036
0.073440
0.082673
0.081202
0.091546
0.084818
0.081339
0.089784
0.088110
0.081261
0.078716
0.093114
0.056552
0.047166
0.063580
0.054292
0.060604
0.061136
0.060736
0.062256
0.053954
0.054227
0.060749
0.055098
0.055504
0.060444
0.066682
0.067163
0.065749
0.069406
0.062708
0.071031
0.069550
0.068845
0.063112
0.068287
0.063817
0.065129
0.068897
0.069452
0.081109
0.077395
0.076682
0.059525
0.072679
0.077224
0.055154
0.060867
0.023638
0.026915
0.026837
0.024169
0.023698
0.014870
0.012389
0.008539
0.003511
0.000000
0.000828
0.001935
0.002667
0.003136
0.003257
0.002929
0.002471
0.002186
0.002117
0.001958
0.001925
0.001454
0.001979
0.001159
0.001154
0.001281
0.001329
0.001320
0.001155
0.001322
0.001793
0.001566
0.001724
0.001726
0.181671
0.181554
0.181273
0.181430
0.181475
0.182627
0.183375
0.182251
0.180642
0.183019
0.179565
0.181484
0.182356
0.184470
0.177833
0.179661
0.179014
0.179388
0.179195
0.177277
0.177224
0.178269
0.177154
0.178626
0.176931
0.180082
0.184430
0.183828
0.183953
0.183934
0.183993
0.183153
0.184551
0.183782
0.184238
0.184175
0.182958
0.183173
0.181408
0.183806
0.183378
0.184263
0.183503
0.182221
0.183889
0.182505
0.180747
0.169393
0.180574
0.181219
0.181335
0.183280
0.183489
0.182070
0.184116
0.172576
0.182762
0.169516
0.181917
0.180309
0.180077
0.179467
0.179599
0.181608
0.179634
0.178808
0.179993
0.180550
0.180377
0.180679
0.179914
0.181180
0.180234
0.180072
0.181063
0.180720
0.180289
0.181103
0.180540
0.180483
0.180198
0.181398
0.180842
0.179889
0.180596
0.179747
0.180847
0.179398
0.178545
0.179166
0.177888
0.180771
0.180927
0.177704
