0.209383
0.209383
0.209383
0.209383
0.209383
0.209383
0.209383
0.209383
0.209383
0.209383
0.209383
0.209383
0.209383
0.209383
0.209383
0.209383
0.209383
0.209383
0.209383
0.209383
0.209383
0.209383
0.209383
0.209383
0.209383
0.209383
0.199447
0.187114
0.176227
0.164758
0.149610
0.143299
0.135957
0.129337
0.124072
0.116883
0.110920
0.106414
0.104521
0.102277
0.100389
0.101483
0.101775
0.103861
0.105799
0.109857
0.113764
0.120517
0.124580
0.113571
0.115170
0.111486
0.105253
0.106427
0.104343
0.145785
0.118892
0.144684
0.141484
0.145430
0.105329
0.120535
0.121301
0.115802
0.115382
0.115055
0.114146
0.113469
0.114395
0.115968
0.113918
0.117207
0.114100
0.115643
0.118598
0.127280
0.112431
0.114758
0.128702
0.114202
0.114558
0.128359
0.127218
0.127986
0.128822
0.115076
0.115479
0.115702
0.114558
0.114380
0.113723
0.133059
0.112706
0.111680
0.120931
0.118339
0.117943
0.111675
0.137630
0.137697
0.132616
0.134677
0.132572
0.112619
0.133416
0.133131
0.133852
0.130912
0.112947
0.113519
0.121580
0.119819
0.117259
0.119326
0.133704
0.121203
0.115636
0.115797
0.115438
0.115570
0.148327
0.148134
0.148416
0.109091
0.108678
0.113990
0.113749
0.124275
0.113751
0.124236
0.113830
0.110087
0.108738
0.110589
0.109741
0.110137
0.113940
0.112896
0.109085
0.109404
0.146793
0.108980
0.114744
0.109994
0.114026
0.109717
0.107820
0.107716
0.109323
0.111108
0.109234
0.107258
0.108537
0.122143
0.122470
0.115528
0.117274
0.110615
0.110599
0.116696
0.116772
0.114864
0.048245
0.078225
0.047216
0.051590
0.062731
0.069171
0.071767
0.084308
0.083552
0.086157
0.087575
0.087630
0.090927
0.091616
0.091086
0.093073
0.093916
0.093502
0.094676
0.099068
0.139270
0.135748
0.137177
0.135755
0.134004
0.133000
0.135661
0.134506
0.133415
0.135297
0.132149
0.133804
0.133902
0.133349
0.133067
0.140320
0.140813
0.142303
0.144592
0.131095
0.140793
0.139846
0.132222
0.128112
0.129049
0.131043
0.126081
0.117045
0.122618
0.120208
0.122928
0.133993
0.129948
0.131678
0.132385
0.134942
0.133027
0.129840
0.114358
0.114557
0.112055
0.115249
0.112514
0.115707
0.114908
0.111997
0.118925
0.102700
0.126786
0.123783
0.120822
0.117095
0.111813
0.111401
0.111288
0.111087
0.110434
0.118094
0.117100
0.108979
0.116814
0.117937
0.116140
0.114852
0.115310
0.114177
0.114166
0.114090
0.113334
0.113085
0.113118
0.113123
0.116048
0.113457
0.116095
0.114703
0.113218
0.115479
0.114485
0.114799
0.113641
0.114237
0.113869
0.114281
0.114729
0.112838
0.114219
0.113841
0.114286
0.114731
0.114784
0.114391
0.113998
0.113874
0.114531
0.114143
0.114734
0.114387
0.114098
0.114120
0.113802
0.113989
0.113993
0.118561
0.115901
0.116050
0.118516
0.118625
0.116626
0.118326
0.116249
0.116155
0.116302
0.116360
0.116514
0.116219
0.116175
0.118124
0.116569
0.116559
0.116770
0.116665
0.116538
0.116191
0.116451
0.116258
0.116350
0.116295
0.116287
0.116505
0.116392
0.116754
0.116209
0.116345
0.116572
0.115938
0.115683
0.115833
0.114894
0.116550
0.116672
0.119592
0.119918
0.119429
0.119143
0.116331
0.119097
0.116409
0.116449
0.116459
0.116244
0.116608
0.116433
0.119260
0.115252
0.114966
0.115169
0.116185
0.115737
0.112477
0.112318
0.115065
0.115099
0.115405
0.116044
0.116481
0.118411
0.118980
0.122605
0.084728
0.084709
0.082255
0.082090
0.082140
0.082148
0.082131
0.081335
0.082161
0.081810
0.082222
0.081719
0.081395
0.081521
0.081216
0.081556
0.082058
0.081480
0.081730
0.081683
0.081944
0.081596
0.082234
0.083086
0.081871
0.081720
0.082479
0.082915
0.082670
0.081911
0.083967
0.083204
0.083121
0.082231
0.083963
0.083834
0.083968
0.082840
0.084218
0.082962
0.083949
0.082885
0.082913
0.083091
0.082522
0.082887
0.082648
0.093314
0.082162
0.081519
0.080873
0.080004
0.077410
0.081888
0.080414
0.081504
0.078094
0.076165
0.076871
0.075770
0.088129
0.089798
0.089569
0.088842
0.089219
0.089255
0.089390
0.090891
0.090875
0.091509
0.080506
0.080464
0.082277
0.080848
0.082198
0.082407
0.085866
0.088801
0.089020
0.088984
0.089463
0.084574
0.089135
0.088749
0.089353
0.086129
0.089347
0.089754
0.089557
0.091990
0.089034
0.089043
0.084515
0.084363
0.084507
0.086234
0.086085
0.085721
0.090924
0.085079
0.085230
0.085818
0.085790
0.085760
0.085693
0.085754
0.089799
0.086180
0.086104
0.086597
0.086320
0.086599
0.086653
0.086717
0.086722
0.086630
0.086845
0.086887
0.086886
0.086889
0.085612
0.086574
0.085623
0.086857
0.087143
0.086737
0.086707
0.085460
0.085368
0.085751
0.085736
0.085571
0.086913
0.086649
0.086441
0.087285
0.084272
0.084384
0.084427
0.085639
0.085736
0.084642
0.085607
0.085428
0.084621
0.084444
0.085708
0.085406
0.084642
0.091830
0.087192
0.090889
0.091055
0.092935
0.086458
0.086367
0.092666
0.086283
0.087180
0.092709
0.092779
0.085220
0.091160
0.091716
0.084755
0.084720
0.085276
0.083826
0.211356
0.215623
0.210590
0.214012
0.205405
0.206269
0.205645
0.243876
0.300333
0.329904
0.323188
0.237683
0.249093
0.189292
0.160254
0.136422
0.118883
0.105088
0.088258
0.077517
0.071986
0.070474
0.074340
0.081002
0.097113
0.096955
0.098144
0.097597
0.098580
0.097968
0.098714
0.096731
0.096943
0.097288
0.097266
0.093609
0.098806
0.095019
0.094833
0.095169
0.095756
0.094618
0.094823
0.094859
0.095074
0.099119
0.098426
0.098435
0.098783
0.099121
0.099682
0.100559
0.102708
0.102995
0.099733
0.101109
0.102104
0.101152
0.101699
0.100925
0.101220
0.101432
0.101309
0.101236
0.101568
0.101874
0.102859
0.102130
0.102774
0.101311
0.100920
0.101861
0.101277
0.101110
0.100834
0.101709
0.100642
0.101099
0.100567
0.099941
0.099659
0.103960
0.100103
0.103936
0.100463
0.101200
0.100568
0.099959
0.098886
0.099472
0.099812
0.101487
0.103746
0.102441
0.105679
0.107153
0.110649
0.106319
0.106841
0.107406
0.111337
0.105789
0.105090
0.105808
0.104944
0.108590
0.104932
0.092700
0.093206
0.092628
0.091931
0.095554
0.092793
0.093257
0.093940
0.094237
0.092771
0.095672
0.096521
0.096592
0.093949
0.099203
0.106993
0.102769
0.102788
0.100687
0.100316
0.099967
0.099047
0.098052
0.099267
0.099326
0.099718
0.099151
0.098916
0.099527
0.100653
0.099270
0.100804
0.100071
0.100196
0.099189
0.098984
0.099007
0.099043
0.098408
0.098751
0.096516
0.097709
0.097908
0.097997
0.098499
0.098076
0.098416
0.098324
0.098586
0.098675
0.099089
0.099049
0.101200
0.098711
0.100851
0.100668
0.100733
0.097761
0.097236
0.098555
0.098550
0.098845
0.097777
0.099005
0.098116
0.099019
0.098851
0.098937
0.098894
0.099048
0.098466
0.099005
0.099517
0.092628
0.093246
0.093460
0.093209
0.093108
0.093146
0.092847
0.092853
0.098771
0.097260
0.097873
0.097771
0.097913
0.099639
0.099871
0.101485
0.109007
0.106510
0.106081
0.097974
0.097676
0.100191
0.097460
0.097514
0.097884
0.098208
0.093121
0.093312
0.098513
0.107551
0.098191
0.093778
0.093632
0.093977
0.093568
0.093932
0.093971
0.093505
0.093574
0.093810
0.093802
0.093587
0.093798
0.093615
0.093407
0.093504
0.093829
0.093826
0.093992
0.093421
0.093981
0.093616
0.093523
0.090257
0.094751
0.100373
0.090655
0.094274
0.107802
0.095025
0.096314
0.094647
0.093698
0.094612
0.094476
0.093008
0.093166
0.093906
0.094686
0.093787
0.094558
0.097155
0.094737
0.095739
0.095248
0.093744
0.093456
0.093774
0.094377
0.094882
0.094974
0.094934
0.094889
0.094406
0.094797
0.095001
0.095162
0.094239
0.095472
0.095365
0.094787
0.095254
0.095388
0.094718
0.095251
0.095040
0.095588
0.096083
0.093028
0.093051
0.094359
0.095911
0.095874
0.095699
0.095864
0.095972
0.095831
0.095891
0.095180
0.095629
0.095341
0.095780
0.095502
0.091343
0.092842
0.092809
0.096614
0.093262
0.093785
0.093325
0.097237
0.095533
0.092222
0.091790
0.092370
0.091616
0.096772
0.092903
0.093689
0.092444
0.096510
0.090981
0.091386
0.092437
0.094069
0.090705
0.091060
0.090796
0.090605
0.095874
0.097470
0.096408
0.092952
0.092423
0.093201
0.089533
0.089279
0.089450
0.089585
0.092988
0.088736
0.089746
0.089187
0.093897
0.095155
0.091903
0.089851
0.090148
0.090811
0.090307
0.089109
0.087447
0.088920
0.087364
0.086824
0.087734
0.087722
0.089698
0.087351
0.088467
0.088901
0.088214
0.088618
0.088467
0.087891
0.088457
0.087284
0.087689
0.087537
0.079912
0.078725
0.085432
0.078665
0.078148
0.086367
0.074506
0.078464
0.078686
0.081520
0.082142
0.077029
0.079884
0.077665
0.076083
0.078218
0.078017
0.074845
0.079732
0.078907
0.078608
0.079243
0.078217
0.076485
0.077324
0.076732
0.077247
0.084349
0.074243
0.079015
0.069721
0.080300
0.082913
0.081992
0.080585
0.080860
0.087849
0.081112
0.083979
0.077651
0.081364
0.071201
0.070771
0.071272
0.070666
0.078810
0.069933
0.070474
0.071212
0.071232
0.073878
0.071738
0.071253
0.071964
0.085449
0.085783
0.070702
0.072245
0.071520
0.070841
0.082842
0.084510
0.084515
0.083798
0.084114
0.084135
0.084144
0.082920
0.082257
0.083113
0.073824
0.073778
0.084796
0.085239
0.084580
0.084723
0.073631
0.073370
0.083715
0.082918
0.086914
0.084091
0.084745
0.087110
0.073014
0.084046
0.084335
0.085761
0.084528
0.080513
0.085123
0.070231
0.083674
0.083919
0.077246
0.083518
0.085356
0.081364
0.084706
0.085815
0.085593
0.085374
0.073992
0.071682
0.071802
0.084667
0.084242
0.085822
0.071488
0.085278
0.084734
0.086171
0.085918
0.085671
0.084856
0.084891
0.085222
0.086900
0.076344
0.084609
0.070390
0.085076
0.070933
0.073691
0.070884
0.073972
0.071233
0.074071
0.071825
0.073906
0.075843
0.085964
0.082536
0.085765
0.089571
0.081904
0.100443
0.083221
0.077516
0.087801
0.084215
0.085170
0.085241
0.084188
0.077633
0.078363
0.078338
0.077397
0.079745
0.079439
0.076289
0.077130
0.080613
0.077277
0.080034
0.076871
0.073146
0.072144
0.085210
0.083049
0.083180
0.086553
0.092141
0.094558
0.090212
0.084182
0.085336
0.094998
0.095214
0.092820
0.084553
0.085126
0.085983
0.084414
0.083921
0.085137
0.087040
0.085913
0.085776
0.089362
0.086415
0.084126
0.093422
0.099162
0.093639
0.089556
0.088756
0.092755
0.090093
0.085761
0.082658
0.080829
0.081227
0.091267
0.079704
0.080697
0.082038
0.083693
0.083716
0.083025
0.081233
0.081751
0.081738
0.084552
0.083926
0.083860
0.084104
0.085922
0.084208
0.086972
0.085398
0.084663
0.086001
0.084271
0.085627
0.085396
0.091647
0.080696
0.083271
0.086049
0.088998
0.086942
0.084939
0.081099
0.085371
0.073977
0.075127
0.083045
0.075580
0.074857
0.076353
0.076237
0.074067
0.076057
0.075032
0.075567
0.074683
0.073965
0.074484
0.073961
0.075214
0.072976
0.071958
0.073832
0.072771
0.073701
0.071387
0.069831
0.075808
0.070760
0.071233
0.073444
0.069875
0.074179
0.074323
0.074229
0.075437
0.075033
0.075028
0.074184
0.075716
0.075056
0.073388
0.070011
0.072430
0.073132
0.074715
0.072507
0.073606
0.074996
0.075992
0.074200
0.075562
0.076016
0.075829
0.075571
0.074281
0.073028
0.080362
0.080183
0.079213
0.077848
0.078817
0.078752
0.076966
0.075587
0.074984
0.077118
0.089517
0.074591
0.074313
0.078023
0.079283
0.087838
0.072162
0.077444
0.070808
0.077622
0.068698
0.071360
0.075059
0.071814
0.080623
0.082195
0.082468
0.082236
0.080518
0.082875
0.082497
0.083232
0.080754
0.081688
0.082008
0.081864
0.083004
0.081433
0.082024
0.083629
0.083914
0.079221
0.076466
0.079400
0.080291
0.081154
0.076345
0.076812
0.076995
0.076927
0.076132
0.077557
0.077294
0.078170
0.076669
0.077687
0.077247
0.077671
0.078345
0.075311
0.076971
0.077644
0.074829
0.075323
0.076756
0.076786
0.078013
0.078538
0.077781
0.078558
0.078422
0.078025
0.078278
0.078236
0.078124
0.076445
0.078153
0.076913
0.076433
0.078354
0.075962
0.076674
0.078006
0.076253
0.077314
0.076171
0.067389
0.076475
0.075617
0.076886
0.076816
0.076448
0.076817
0.072130
0.068128
0.067985
0.068878
0.068716
0.068526
0.068539
0.068881
0.077761
0.068719
0.069343
0.068399
0.069237
0.069650
0.069717
0.069611
0.069748
0.068856
0.068773
0.078641
0.078494
0.078259
0.078959
0.069092
0.069390
0.068811
0.069733
0.069289
0.077398
0.069063
0.080993
0.079022
0.080085
0.079286
0.079966
0.079019
0.078697
0.078666
0.076943
0.078131
0.077793
0.076612
0.077402
0.077390
0.078966
0.079300
0.079498
0.078463
0.078449
0.077977
0.078101
0.080224
0.080223
0.079170
0.079973
0.068099
0.067910
0.081064
0.079650
0.082340
0.085167
0.081186
0.077991
0.078576
0.075217
0.075412
0.076420
0.067889
0.075785
0.075812
0.065793
0.065971
0.066838
0.067906
0.078806
0.078071
0.077175
0.067692
0.078988
0.077724
0.079800
0.079792
0.078551
0.082021
0.078425
0.078110
0.077221
0.077565
0.076986
0.076404
0.076613
0.076397
0.077170
0.069679
0.069181
0.069753
0.069987
0.070307
0.071147
0.069448
0.069630
0.075236
0.069267
0.071366
0.070405
0.077620
0.076664
0.076672
0.077536
0.069073
0.069893
0.076296
0.079124
0.077051
0.077136
0.078928
0.069903
0.070440
0.069758
0.070278
0.071072
0.069827
0.068796
0.068845
0.077994
0.078113
0.076662
0.077669
0.077646
0.077015
0.079189
0.079510
0.078053
0.078621
0.078315
0.078284
0.090100
0.078826
0.078228
0.077576
0.071356
0.071645
0.077646
0.071657
0.070321
0.071330
0.069785
0.071318
0.072309
0.071626
0.071334
0.072504
0.075287
0.067178
0.076616
0.077726
0.078813
0.079496
0.079545
0.071082
0.091355
0.091640
0.091567
0.091396
0.091584
0.091884
0.092301
0.091461
0.090980
0.091049
0.091078
0.090649
0.090413
0.091907
0.090723
0.090424
0.090759
0.091765
0.092380
0.092326
0.093656
0.093623
0.096161
0.099034
0.096433
0.099114
0.099620
0.099662
0.099436
0.101546
0.101246
0.101677
0.100353
0.098924
0.098148
0.099017
0.099050
0.100457
0.100855
0.102056
0.102187
0.099909
0.100327
0.099450
0.104118
0.103459
0.098170
0.099351
0.100637
0.100641
0.101067
0.099002
0.100709
0.100427
0.099806
0.098585
0.099144
0.099330
0.100760
0.098874
0.103225
0.103456
0.101161
0.100779
0.099910
0.099651
0.099637
0.101279
0.101863
0.101202
0.099576
0.099543
0.100128
0.100209
0.104740
0.105204
0.111647
0.110928
0.100023
0.102385
0.103277
0.102962
0.102909
0.102615
0.101756
0.101614
0.109115
0.099713
0.100487
0.101834
0.100883
0.097842
0.098074
0.098323
0.098271
0.100827
0.099909
0.099612
0.099028
0.099878
0.098794
0.099064
0.098777
0.097739
0.098045
0.099964
0.093591
0.097371
0.099233
0.099265
0.098776
0.097528
0.096207
0.095480
0.095640
0.098366
0.098236
0.098175
0.098332
0.097724
0.096531
0.096526
0.092725
0.097384
0.093221
0.099669
0.101263
0.101474
0.100517
0.098550
0.098824
0.098980
0.098966
0.099507
0.099815
0.099843
0.101810
0.099610
0.102902
0.100363
0.103018
0.102942
0.104271
0.102598
0.103769
0.103935
0.099649
0.104161
0.102725
0.104867
0.103900
0.104318
0.104236
0.104558
0.103555
0.104109
0.101840
0.100710
0.100318
0.100653
0.102102
0.101517
0.100092
0.100025
0.100401
0.104674
0.101997
0.102476
0.101866
0.099901
0.096355
0.100580
0.101474
0.100914
0.101227
0.102608
0.102420
0.103348
0.101551
0.103829
0.103936
0.103852
0.102473
0.102852
0.102701
0.103636
0.102870
0.102507
0.104282
0.103238
0.103364
0.103343
0.099543
0.100097
0.099175
0.099758
0.098971
0.103612
0.104384
0.102097
0.101371
0.101290
0.101948
0.101137
0.100554
0.101165
0.101761
0.100691
0.102030
0.101872
0.102553
0.102686
0.102748
0.102866
0.101285
0.101042
0.102026
0.101968
0.102247
0.102039
0.101910
0.101482
0.101974
0.103443
0.101657
0.102369
0.101859
0.102223
0.102245
0.101810
0.104094
0.099862
0.103357
0.102283
0.102114
0.102452
0.102231
0.101291
0.100314
0.101399
0.104316
0.101100
0.103121
0.103015
0.102470
0.104196
0.101776
0.102034
0.103702
0.101871
0.104149
0.104451
0.104620
0.106012
0.104710
0.102266
0.101863
0.101716
0.102361
0.102398
0.101821
0.102934
0.102760
0.101445
0.101862
0.101631
0.095937
0.096962
0.096580
0.103649
0.098735
0.104960
0.104116
0.103605
0.101606
0.103907
0.103158
0.104240
0.104986
0.104945
0.103461
0.097506
0.096702
0.098294
0.096120
0.094982
0.092713
0.092527
0.091510
0.088987
0.088122
0.094973
0.085639
0.097100
0.088170
0.097688
0.098611
0.101999
0.102378
0.102096
0.101367
0.101388
0.098285
0.101556
0.102035
0.101979
0.099912
0.101237
0.102735
0.101644
0.101806
0.099177
0.104107
0.097573
0.098493
0.098808
0.099412
0.090748
0.101587
0.103884
0.101737
0.103156
0.103611
0.103358
0.103945
0.104231
0.103244
0.102344
0.100768
0.103010
0.103076
0.101506
0.101614
0.102426
0.101140
0.102220
0.101987
0.101855
0.102886
0.100538
0.100137
0.101635
0.101565
0.104872
0.104481
0.105347
0.104470
0.104092
0.102375
0.100649
0.102112
0.106057
0.102084
0.098559
0.100962
0.102258
0.098856
0.099532
0.100232
0.102733
0.100234
0.102328
0.100600
0.101819
0.099670
0.101876
0.101315
0.099532
0.097622
0.097595
0.097461
0.101066
0.095542
0.101795
0.101865
0.099621
0.093165
0.095430
0.101110
0.100506
0.100513
0.101239
0.098044
0.094886
0.100916
0.097661
0.100209
0.099832
0.101844
0.096856
0.097374
0.100992
0.100956
0.101113
0.100105
0.101158
0.100407
0.100903
0.101532
0.101469
0.101711
0.102159
0.102028
0.101854
0.101063
0.100959
0.101020
0.101252
0.101618
0.101373
0.101583
0.101423
0.102860
0.103685
0.099456
0.099568
0.100215
0.100613
0.100421
0.101982
0.100709
0.100975
0.101753
0.101663
0.102649
0.102182
0.099675
0.099538
0.100782
0.100771
0.099943
0.100487
0.100198
0.101061
0.100203
0.101138
0.101906
0.100321
0.100687
0.099949
0.100216
0.099747
0.099747
0.099903
0.100632
0.100155
0.100741
0.101822
0.104762
0.105630
0.106386
0.111656
0.106908
0.106671
0.109193
0.106386
0.108820
0.102595
0.101941
0.102160
0.102146
0.102194
0.102009
0.102265
0.100271
0.094158
0.099854
0.100901
0.100714
0.100805
0.100913
0.100816
0.100405
0.100866
0.100493
0.101390
0.100718
0.100557
0.099941
0.100081
0.100065
0.100156
0.100684
0.100809
0.100333
0.100153
0.100159
0.099226
0.100757
0.101060
0.100889
0.101504
0.101317
0.101298
0.101644
0.101588
0.101226
0.101676
0.101781
0.102037
0.101712
0.102262
0.101912
0.102368
0.101572
0.101386
0.101278
0.101502
0.101721
0.101046
0.101019
0.101045
0.101259
0.101408
0.100280
0.101090
0.100888
0.101229
0.100793
0.100847
0.101407
0.102048
0.101208
0.101971
0.101983
0.101776
0.102035
0.101825
0.101334
0.101844
0.101490
0.101507
0.101814
0.101648
0.101591
0.101851
0.101637
0.101674
0.101671
0.101897
0.101587
0.101653
0.101667
0.101479
0.101550
0.100895
0.101464
0.101503
0.101459
0.101485
0.100860
0.101157
0.101638
0.101731
0.101611
0.101405
0.101230
0.101655
0.101629
0.101676
0.100973
0.100860
0.101232
0.101327
0.101644
0.101715
0.101692
0.100621
0.100533
0.101456
0.101061
0.101264
0.101368
0.100708
0.101112
0.101486
0.101235
0.100975
0.101231
0.100750
0.100667
0.101147
0.100887
0.100625
0.100954
0.100213
0.099835
0.100217
0.100241
0.098936
0.099068
0.099252
0.106071
0.099337
0.106394
0.104027
0.106240
0.104038
0.103197
0.101859
0.105681
0.099661
0.104129
0.101147
0.101858
0.101242
0.100524
0.101422
0.100771
0.103106
0.104172
0.098147
0.102694
0.102381
0.103008
0.101132
0.100650
0.102394
0.103238
0.104597
0.104320
0.102747
0.102833
0.104538
0.103537
0.102538
0.105685
0.106134
0.100989
0.102960
0.103185
0.104165
0.103829
0.101611
0.101120
0.101208
0.103479
0.102256
0.104426
0.102369
0.099999
0.102845
0.102440
0.101444
0.101898
0.101691
0.102836
0.102503
0.102787
0.101706
0.103345
0.103032
0.102763
0.101721
0.102130
0.101973
0.101128
0.101647
0.101370
0.101152
0.100844
0.101607
0.102041
0.102264
0.102401
0.104568
0.104095
0.100406
0.101746
0.099632
0.099671
0.103810
0.101820
0.101945
0.101058
0.100031
0.100498
0.100247
0.099800
0.099715
0.100487
0.099882
0.100172
0.101868
0.101450
0.099644
0.098852
0.101596
0.101933
0.101553
0.103631
0.103113
0.100887
0.100906
0.100869
0.102460
0.103704
0.103026
0.101467
0.102060
0.100991
0.101903
0.101718
0.091667
0.091966
0.086495
0.092844
0.093187
0.094629
0.093274
0.093225
0.092462
0.096212
0.093689
0.092385
0.089499
0.093371
0.093133
0.092498
0.092009
0.086666
0.091678
0.093891
0.092373
0.096430
0.093515
0.092092
0.092159
0.093219
0.094932
0.093819
0.093560
0.094678
0.094232
0.095240
0.094590
0.102115
0.101717
0.102981
0.103028
0.102577
0.103455
0.102556
0.104775
0.105526
0.105715
0.105535
0.104471
0.101708
0.102150
0.102574
0.101183
0.099724
0.099531
0.100436
0.099490
0.098939
0.102042
0.099808
0.102295
0.102212
0.101916
0.100815
0.103178
0.102987
0.102861
0.100823
0.103029
0.101199
0.101773
0.103801
0.104316
0.104085
0.104273
0.101213
0.084227
0.072771
0.063236
0.057065
0.053994
0.055239
0.056453
0.058955
0.061882
0.061995
0.062560
0.063763
0.064668
0.065925
0.066719
0.065929
0.066630
0.048728
0.048568
0.051258
0.049248
0.045074
0.051621
0.048814
0.047464
0.047066
0.052008
0.047147
0.048721
0.057004
0.057876
0.102833
0.102751
0.102881
0.102879
0.102917
0.102623
0.102352
0.102781
0.102611
0.102697
0.102697
0.102691
0.102699
0.102971
0.102950
0.102871
0.102888
0.102835
0.102712
0.102722
0.102482
0.102752
0.103075
0.102976
0.102981
0.102540
0.102797
0.102790
0.102773
0.102844
0.102920
0.102989
0.103136
0.103123
0.103252
0.102235
0.102298
0.102354
0.102276
0.102271
0.101839
0.106865
0.108420
0.106025
0.104427
0.104206
0.101821
0.103709
0.104036
0.102230
0.111731
0.112499
0.111306
0.111012
0.111805
0.110522
0.111135
0.110388
0.110803
0.110832
0.110993
0.110934
0.111089
0.110902
0.111337
0.110959
0.112566
0.111771
0.110681
0.110795
0.111351
0.110924
0.111537
0.113147
0.112735
0.133108
0.132363
0.131936
0.132211
0.132633
0.133041
0.133318
0.132813
0.133866
0.132809
0.132765
0.132722
0.133189
0.132483
0.133175
0.131592
0.128836
0.129305
0.124007
0.127209
0.127387
0.127363
0.133891
0.133824
0.126901
0.133801
0.133386
0.125112
0.129756
0.124977
0.128876
0.130492
0.132994
0.130849
0.130483
0.129769
0.133014
0.126097
0.130141
0.130151
0.132759
0.125990
0.126270
0.126454
0.126909
0.126343
0.132123
0.132242
0.128771
0.126065
0.126261
0.084976
0.095492
0.096963
0.097776
0.102106
0.099413
0.099852
0.105618
0.106113
0.105783
0.106065
0.106633
0.105799
0.106404
0.106434
0.101566
0.104339
0.104601
0.104398
0.104950
0.104591
0.105422
0.099850
0.092762
0.106311
0.099367
0.098815
0.097692
0.098899
0.094890
0.099139
0.103398
0.099153
0.099721
0.103027
0.101257
0.100855
0.101747
0.098035
0.094737
0.091683
0.092709
0.092335
0.093025
0.101478
0.102065
0.097577
0.095812
0.092459
0.093919
0.094902
0.115331
0.110700
0.108587
0.110679
0.110634
0.111495
0.107246
0.106170
0.090176
0.052664
0.035370
0.061789
0.064767
0.066834
0.098984
0.099705
0.095748
0.099641
0.100181
0.100556
0.099907
0.099719
0.099509
0.099476
0.099626
0.099434
0.100010
0.099549
0.099139
0.099282
0.099293
0.099176
0.099563
0.156433
0.158650
0.147126
0.158151
0.155370
0.147843
0.148590
0.148993
0.157116
0.157143
0.151891
0.162389
0.174258
0.163931
0.172185
0.170083
0.167467
0.165136
0.166318
0.167194
0.168437
0.158123
0.158835
0.160123
0.154572
0.155046
0.158315
0.157317
0.158205
0.159420
0.159538
0.158884
0.160372
0.159991
0.159887
0.161514
0.161717
0.165459
0.161709
0.161169
0.164140
0.160187
0.160500
0.161695
0.160548
0.099213
0.095927
0.093797
0.093799
0.098633
0.093805
0.094158
0.093671
0.099354
0.100001
0.100188
0.094723
0.099531
0.100346
0.100316
0.102064
0.085858
0.086633
0.079620
0.085580
0.086231
0.074274
0.074446
0.075954
0.085454
0.076491
0.076369
0.077186
0.071593
0.075106
0.075072
0.075048
0.073365
0.075318
0.075795
0.075960
0.077711
0.078157
0.078029
0.078230
0.078088
0.077520
0.072186
0.072265
0.073065
0.076252
0.071251
0.071390
0.076060
0.076508
0.102168
0.101724
0.101718
0.101675
0.102324
0.102069
0.101748
0.100606
0.100429
0.100260
0.099910
0.101944
0.102382
0.102203
0.101608
0.103059
0.102587
0.102888
0.102969
0.138645
0.136159
0.130965
0.129081
0.125098
0.122972
0.117366
0.111165
0.102177
0.100542
0.095072
0.091870
0.088119
0.082036
0.072285
0.074150
0.079821
0.079324
0.091895
0.082270
0.169320
0.135714
0.141331
0.153747
0.156112
0.137736
0.153189
0.160016
0.164830
0.160388
0.158183
0.165728
0.155079
0.160793
0.161854
0.105918
0.083097
0.083214
0.108960
0.108954
0.108451
0.109005
0.108758
0.108698
0.109113
0.083559
0.083208
0.083199
0.082693
0.109172
0.108931
0.109057
0.108840
0.109389
0.083748
0.083872
0.108864
0.082969
0.083740
0.083113
0.086731
0.086989
0.079413
0.064465
0.060450
0.063342
0.063626
0.070628
0.082145
0.094800
0.100491
0.100102
0.100538
0.100373
0.100172
0.100221
0.100290
0.100112
0.100335
0.102858
0.102998
0.102798
0.103536
0.104029
0.104011
0.104471
0.104115
0.103492
0.103184
0.102208
0.102940
0.103322
0.103875
0.103839
0.102194
0.097621
0.099037
0.102242
0.100979
0.101205
0.101318
0.103345
0.104315
0.105031
0.105025
0.105025
0.103781
0.103808
0.103974
0.103904
0.103984
0.103308
0.104112
0.103564
0.104213
0.104076
0.103971
0.103946
0.103850
0.103592
0.103934
0.103883
0.103917
0.106223
0.106025
0.106368
0.105401
0.105091
0.104957
0.104842
0.105406
0.103903
0.104273
0.099147
0.098314
0.098574
0.098647
0.098197
0.098033
0.098353
0.098453
0.098625
0.099101
0.099198
0.099405
0.098192
0.096822
0.097843
0.098733
0.100327
0.100186
0.101732
0.101173
0.101328
0.103281
0.104009
0.100101
0.100323
0.099734
0.099034
0.096820
0.100888
0.102103
0.101367
0.099742
0.092879
0.092923
0.100169
0.099402
0.097217
0.106293
0.098025
0.107358
0.099851
0.108121
0.107122
0.107360
0.106827
0.107898
0.107268
0.098626
0.098080
0.098131
0.104737
0.107952
0.105983
0.105153
0.106014
0.103822
0.104681
0.107385
0.108197
0.107637
0.106074
0.100049
0.100410
0.099935
0.098260
0.098507
0.098303
0.098528
0.108622
0.108242
0.108214
0.099812
0.107839
0.100141
0.100086
0.100159
0.099901
0.099767
0.099774
0.099694
0.099818
0.100124
0.100038
0.100276
0.099825
0.100224
0.100245
0.099837
0.103916
0.099778
0.100228
0.099609
0.099750
0.099415
0.099284
0.099133
0.098978
0.104414
0.104819
0.104980
0.105168
0.103646
0.108488
0.104953
0.105806
0.100911
0.105695
0.106048
0.105270
0.104533
0.105197
0.101412
0.098468
0.099127
0.098897
0.100097
0.099911
0.099669
0.099856
0.104253
0.100467
0.099494
0.101402
0.101468
0.101578
0.099801
0.100187
0.099403
0.099850
0.099766
0.099616
0.099693
0.099608
0.099040
0.099491
0.101914
0.101886
0.103037
0.103263
0.103163
0.104326
0.104490
0.099001
0.099599
0.099474
0.099360
0.098905
0.099138
0.098990
0.098544
0.098133
0.104746
0.104970
0.104480
0.103818
0.103993
0.103188
0.104601
0.104189
0.104911
0.107039
0.106890
0.101716
0.100993
0.100636
0.100137
0.099964
0.099409
0.099447
0.099419
0.098213
0.097825
0.097979
0.097290
0.100239
0.104554
0.102421
0.095764
0.101902
0.103011
0.099202
0.100291
0.100322
0.100030
0.096866
0.100183
0.096887
0.101635
0.099997
0.099712
0.099860
0.098173
0.098870
0.100027
0.101208
0.101132
0.100871
0.097964
0.099233
0.099676
0.099647
0.100495
0.101077
0.100025
0.098978
0.098717
0.101594
0.099784
0.101761
0.099410
0.110259
0.108139
0.108012
0.107508
0.108134
0.108280
0.107410
0.099299
0.098565
0.098708
0.100561
0.098827
0.101485
0.103063
0.106589
0.111319
0.110547
0.106265
0.111645
0.111782
0.114676
0.111381
0.111640
0.111049
0.111950
0.111865
0.112651
0.111993
0.111367
0.106868
0.106920
0.110217
0.102815
0.103373
0.099411
0.098904
0.098955
0.098236
0.098411
0.099120
0.098757
0.097840
0.098400
0.099190
0.098386
0.099461
0.099455
0.098964
0.098633
0.099116
0.098626
0.098457
0.097928
0.098625
0.097501
0.099109
0.101913
0.100027
0.098231
0.099323
0.094594
0.096738
0.098810
0.098572
0.098653
0.096968
0.099691
0.099702
0.095905
0.095925
0.098673
0.098068
0.098129
0.096241
0.096720
0.096156
0.097282
0.099967
0.098854
0.098423
0.098371
0.097980
0.096602
0.092804
0.094582
0.094590
0.092867
0.096483
0.096496
0.096180
0.095708
0.095298
0.095997
0.095682
0.096402
0.092916
0.093643
0.095755
0.097549
0.097237
0.098395
0.096894
0.096750
0.096804
0.096885
0.097789
0.100503
0.096215
0.099151
0.099464
0.098441
0.100551
0.100339
0.095664
0.101206
0.098955
0.095579
0.095894
0.096061
0.095836
0.095372
0.095247
0.094865
0.095094
0.094797
0.094868
0.095104
0.095232
0.095177
0.094948
0.095117
0.095062
0.094828
0.095596
0.095688
0.088125
0.077706
0.069140
0.068267
0.068868
0.074130
0.077992
0.100367
0.106122
0.109772
0.107480
0.107637
0.098998
0.101277
0.101627
0.102548
0.109641
0.100340
0.106979
0.105375
0.107669
0.106454
0.115088
0.129038
0.121544
0.119853
0.120931
0.123635
0.125452
0.143136
0.144282
0.124863
0.122009
0.127858
0.132384
0.133511
0.123074
0.125161
0.142479
0.135532
0.129972
0.125739
0.125462
0.111890
0.130284
0.124494
0.143297
0.121764
0.125866
0.122575
0.122611
0.122773
0.123910
0.132116
0.135655
0.137859
0.138450
0.135382
0.140120
0.138672
0.138634
0.144284
0.144145
0.148068
0.147753
0.149110
0.147295
0.149181
0.151503
0.151255
0.147939
0.155615
0.158922
0.163220
0.161176
0.168316
0.169601
0.128833
0.111088
0.110852
0.114263
0.111483
0.113542
0.115462
0.118658
0.117032
0.115264
0.110181
0.110423
0.107159
0.107097
0.118650
0.108327
0.107750
0.110755
0.110926
0.110797
0.111181
0.119204
0.119967
0.118776
0.118830
0.119293
0.119526
0.120310
0.117461
0.121824
0.119984
0.120527
0.130664
0.111399
0.113609
0.126006
0.146893
0.147793
0.137748
0.115121
0.108510
0.110586
0.093415
0.088156
0.088401
0.078875
0.070029
0.078368
0.078741
0.078294
0.078042
0.078514
0.077380
0.077308
0.076992
0.077969
0.077306
0.077781
0.074201
0.074566
0.075947
0.076285
0.076230
0.076420
0.076436
0.076628
0.076285
0.076814
0.074401
0.074100
0.073838
0.073599
0.077040
0.073788
0.077117
0.074355
0.074565
0.075956
0.075942
0.078620
0.078502
0.076781
0.078649
0.078042
0.078099
0.077245
0.078349
0.078370
0.080379
0.078407
0.077935
0.076748
0.079986
0.071958
0.074151
0.084397
0.084543
0.086302
0.074292
0.074257
0.070862
0.076200
0.075518
0.078008
0.080406
0.080228
0.078316
0.071976
0.071246
0.072542
0.106122
0.090212
0.074255
0.064687
0.113219
0.114280
0.113148
0.113396
0.113071
0.114543
0.113684
0.110391
0.112554
0.113021
0.112780
0.114555
0.081967
0.065539
0.065806
0.063652
0.060586
0.059588
0.066831
0.087774
0.083055
0.056559
0.055149
0.055832
0.059522
0.059515
0.057271
0.075635
0.082695
0.080099
0.078405
0.077573
0.087310
0.088841
0.103981
0.102790
0.108541
0.105921
0.108704
0.093099
0.082664
0.079570
0.066476
0.095893
0.106707
0.103837
0.106102
0.100083
0.087593
0.097821
0.096636
0.108242
0.093565
0.098634
0.087545
0.100742
0.092852
0.131151
0.096053
0.095676
0.111773
0.105035
0.106389
0.110115
0.068475
0.069432
0.068812
0.067349
0.067823
0.065691
0.068771
0.068682
0.068602
0.067731
0.068649
0.073632
0.071116
0.065600
0.073854
0.078343
0.073269
0.065461
0.063249
0.066635
0.066638
0.072554
0.080872
0.085610
0.096055
0.067038
0.066940
0.065918
0.065675
0.063918
0.064229
0.061449
0.060760
0.061989
0.059802
0.057919
0.060729
0.060429
0.061073
0.060456
0.060263
0.058852
0.060270
0.060355
0.057973
0.055484
0.055922
0.055632
0.054400
0.058326
0.058584
0.076341
0.071687
0.075486
0.074836
0.071227
0.072425
0.072789
0.073147
0.073035
0.072049
0.071906
0.072117
0.072637
0.072228
0.072795
0.072511
0.072433
0.072591
0.072858
0.073079
0.072904
0.072855
0.073206
0.073359
0.073650
0.074021
0.073957
0.073823
0.073960
0.073684
0.073055
0.075135
0.074956
0.074977
0.075010
0.074924
0.074714
0.075242
0.075896
0.072202
0.072409
0.076745
0.076651
0.057836
0.059683
0.064304
0.066354
0.065153
0.060732
0.064728
0.065117
0.072430
0.081858
0.082530
0.067533
0.067573
0.070475
0.068851
0.079717
0.080097
0.090144
0.090856
0.098546
0.083883
0.111389
0.092974
0.082942
0.083352
0.088773
0.087932
0.086784
0.094788
0.093991
0.095071
0.094495
0.089809
0.093991
0.104538
0.101862
0.105992
0.105129
0.108487
0.107576
0.106739
0.108447
0.111896
0.112393
0.112298
0.107197
0.112679
0.116566
0.124923
0.130608
0.098812
0.097679
0.096477
0.102230
0.096430
0.097102
0.095759
0.095383
0.095678
0.097214
0.082895
0.084654
0.084654
0.094441
0.091004
0.104158
0.105529
0.097756
0.095025
0.086007
0.089613
0.085622
0.084503
0.087392
0.086886
0.077920
0.078113
0.077930
0.079557
0.087523
0.075368
0.076902
0.074312
0.075711
0.074294
0.068545
0.112306
0.109763
0.101512
0.091903
0.088209
0.123296
0.140542
0.151254
0.177457
0.175342
0.172525
0.177242
0.174874
0.179696
0.182153
0.183090
0.180666
0.180214
0.181755
0.178384
0.182740
0.181548
0.107452
0.136561
0.141774
0.138550
0.135896
0.108605
0.109505
0.104391
0.100336
0.114279
0.109897
0.121809
0.113272
0.108649
0.097762
0.099379
0.090486
0.097776
0.100730
0.119060
0.102110
0.074554
0.074163
0.068951
0.062488
0.069628
0.076189
0.085614
0.095129
0.094764
0.095103
0.095552
0.094983
0.094522
0.094453
0.095256
0.095028
0.095279
0.095230
0.092414
0.095167
0.094852
0.095652
0.095476
0.095427
0.095151
0.093766
0.093783
0.093643
0.093782
0.094505
0.093824
0.094135
0.094437
0.094661
0.094746
0.094879
0.095633
0.092771
0.093679
0.093131
0.093602
0.093771
0.094511
0.093262
0.092506
0.094744
0.095115
0.095678
0.094491
0.094827
0.093216
0.095873
0.095814
0.095979
0.093775
0.099543
0.093061
0.093885
0.094296
0.099339
0.097702
0.098341
0.098534
0.099302
0.099859
0.099724
0.099820
0.100053
0.099888
0.099685
0.098312
0.098341
0.098697
0.099161
0.099230
0.099244
0.097969
0.095326
0.095590
0.099102
0.099051
0.098621
0.095677
0.095547
0.095456
0.095254
0.097243
0.095411
0.094046
0.098600
0.098643
0.093504
0.093489
0.095485
0.095844
0.098178
0.098069
0.098644
0.101818
0.098986
0.098291
0.100613
0.101465
0.101743
0.101868
0.098242
0.101496
0.099340
0.094147
0.094156
0.093429
0.094077
0.091602
0.091017
0.096758
0.089555
0.092799
0.093851
0.089542
0.089185
0.088660
0.089133
0.088893
0.089002
0.093281
0.089188
0.088493
0.087999
0.087883
0.088199
0.093140
0.092970
0.094889
0.095795
0.095574
0.095131
0.095712
0.095461
0.095978
0.096036
0.096725
0.096566
0.096235
0.095230
0.095474
0.096593
0.096389
0.096553
0.096969
0.096893
0.096894
0.096364
0.096336
0.095750
0.095761
0.096804
0.097332
0.097570
0.097167
0.092872
0.093161
0.094118
0.094045
0.094342
0.094376
0.093817
0.093749
0.093970
0.093509
0.097849
0.094257
0.094229
0.094156
0.093908
0.093552
0.093671
0.094168
0.093391
0.094189
0.094139
0.093900
0.093648
0.093971
0.093956
0.093535
0.093819
0.093660
0.093550
0.093834
0.094268
0.093805
0.098658
0.098640
0.098807
0.097038
0.097637
0.097376
0.093863
0.094183
0.094020
0.094149
0.094011
0.094789
0.094492
0.094800
0.095258
0.095118
0.094765
0.095283
0.098695
0.093204
0.093590
0.098908
0.093273
0.093106
0.093043
0.093772
0.094136
0.093801
0.093993
0.094590
0.086799
0.090264
0.088013
0.087885
0.088249
0.091602
0.092120
0.092080
0.095868
0.095918
0.095739
0.095803
0.096843
0.095746
0.096285
0.098891
0.099130
0.098701
0.098845
0.099216
0.099974
0.095298
0.094573
0.093766
0.098611
0.098388
0.098323
0.098040
0.098096
0.098822
0.098296
0.098224
0.098533
0.099013
0.098841
0.099081
0.098929
0.098165
0.097670
0.098086
0.098215
0.098132
0.097557
0.098685
0.098485
0.101527
0.101202
0.098698
0.098418
0.098066
0.098322
0.098029
0.097724
0.093823
0.094230
0.093988
0.097484
0.097875
0.097776
0.098602
0.101451
0.093627
0.097278
0.094655
0.094358
0.093937
0.093922
0.094146
0.100174
0.093885
0.099322
0.098244
0.098185
0.098277
0.097461
0.097596
0.097377
0.096198
0.096774
0.097162
0.101439
0.101690
0.102004
0.101611
0.101333
0.100887
0.102479
0.101295
0.101294
0.101123
0.102073
0.092509
0.093265
0.100676
0.100826
0.100692
0.100837
0.101637
0.101638
0.100272
0.100627
0.100939
0.098321
0.101199
0.101212
0.100941
0.098494
0.098432
0.099140
0.099193
0.100765
0.099090
0.098724
0.101231
0.098226
0.098366
0.098825
0.102286
0.101056
0.099091
0.100317
0.101726
0.103808
0.103720
0.103472
0.102290
0.100298
0.101915
0.101310
0.101561
0.101133
0.102702
0.102663
0.102944
0.102706
0.103458
0.103986
0.093116
0.090925
0.093377
0.094635
0.093558
0.095578
0.094985
0.095608
0.095634
0.095303
0.098037
0.094495
0.097722
0.096887
0.094998
0.099817
0.102459
0.102311
0.102604
0.103492
0.101538
0.102871
0.102946
0.102857
0.102492
0.102402
0.100169
0.102200
0.101290
0.101278
0.101564
0.101334
0.100728
0.100694
0.100934
0.101192
0.099465
0.100392
0.100510
0.098751
0.099799
0.100772
0.098661
0.098784
0.100632
0.100640
0.100985
0.100078
0.100483
0.095352
0.097608
0.098388
0.093689
0.096982
0.097284
0.101813
0.108296
0.104408
0.102406
0.102101
0.100916
0.103621
0.103050
0.103179
0.103022
0.103982
0.104115
0.103377
0.102843
0.101791
0.101131
0.100562
0.100347
0.099748
0.099202
0.099823
0.099226
0.099443
0.099730
0.099429
0.100473
0.099341
0.100226
0.099988
0.099746
0.098454
0.099119
0.099106
0.098389
0.099156
0.095473
0.095976
0.099529
0.099593
0.093832
0.091912
0.092492
0.094987
0.097332
0.097405
0.094333
0.094471
0.094341
0.093430
0.093867
0.089344
0.090095
0.093304
0.084712
0.092812
0.092759
0.089560
0.093066
0.093454
0.093375
0.093710
0.096493
0.096573
0.097065
0.097658
0.097688
0.098618
0.098657
0.098350
0.098192
0.100913
0.101034
0.098864
0.093835
0.097432
0.094332
0.093857
0.093924
0.093513
0.094010
0.095290
0.094452
0.093709
0.093331
0.096024
0.095815
0.095656
0.093568
0.096006
0.096797
0.093998
0.093452
0.095197
0.093387
0.092991
0.095397
0.095755
0.092230
0.089201
0.088565
0.091129
0.091917
0.091784
0.091622
0.092393
0.092220
0.092309
0.091791
0.092358
0.092270
0.092419
0.092223
0.092744
0.093027
0.093738
0.094812
0.099616
0.098048
0.098935
0.098090
0.094422
0.096886
0.096675
0.095554
0.094794
0.093330
0.094225
0.094793
0.095874
0.097229
0.098142
0.099981
0.098439
0.098931
0.088672
0.089925
0.099687
0.099616
0.097464
0.097261
0.095208
0.094267
0.094041
0.093530
0.093969
0.093713
0.094412
0.095019
0.094124
0.093890
0.092899
0.092711
0.092762
0.091437
0.091920
0.089925
0.093614
0.092202
0.094893
0.098155
0.098395
0.097781
0.095004
0.095026
0.090969
0.099089
0.098955
0.099589
0.090056
0.099264
0.098078
0.094463
0.097914
0.098390
0.097093
0.097219
0.096135
0.097829
0.096859
0.094876
0.096166
0.094495
0.094930
0.095021
0.094754
0.094655
0.094564
0.093169
0.092825
0.093428
0.093924
0.095183
0.095018
0.094687
0.094714
0.094530
0.094403
0.092857
0.094724
0.093855
0.101711
0.101955
0.096816
0.097603
0.097432
0.097443
0.097602
0.098033
0.098451
0.097380
0.096260
0.097252
0.096430
0.093948
0.095110
0.093121
0.094861
0.095354
0.096801
0.094152
0.094661
0.094616
0.095030
0.094432
0.094606
0.095978
0.097372
0.095624
0.096184
0.092071
0.092809
0.092443
0.092808
0.069085
0.052190
0.037665
0.024948
0.015802
0.008729
0.004466
0.002748
0.001926
0.001169
0.000675
0.000295
0.000087
0.000000
0.000098
0.000314
0.000670
0.001634
0.002513
0.003163
0.003886
0.003797
0.003944
0.004066
0.003987
0.004433
0.004360
0.004655
0.004815
0.005143
0.005472
0.005728
0.005884
0.006102
0.006486
0.006632
0.006871
0.006992
0.007418
0.007504
0.007660
0.007924
0.008355
0.008786
0.008873
0.008949
0.009071
0.009212
0.009284
0.009472
0.009680
0.010462
0.010667
0.010791
0.010936
0.010722
0.010838
0.011159
0.011213
0.011640
0.011979
0.011964
0.011998
0.012159
0.012328
0.012503
0.012768
0.013059
0.013890
0.014989
0.015129
0.015115
0.015090
0.015252
0.014328
0.014894
0.015005
0.015091
0.016236
0.017649
0.017267
0.017164
0.015848
0.017036
0.016348
0.017607
0.017859
0.018175
0.018643
0.018659
0.018598
0.019197
0.019439
0.019377
0.016195
0.015148
0.015342
0.016287
0.016439
0.016621
0.017111
0.017124
0.017146
0.017192
0.017111
0.017003
0.017346
0.017222
0.017304
0.017241
0.015832
0.016377
0.016390
0.016236
0.016383
0.016888
0.016406
0.016418
0.016555
0.016605
0.016550
0.016929
0.017451
0.017724
0.018473
0.019256
0.021035
0.019769
0.021448
0.021221
0.021863
0.023515
0.023694
0.025490
0.026216
0.026447
0.028339
0.031419
0.033943
0.037062
0.039714
0.043538
0.045973
0.049660
0.052153
0.055811
0.058240
0.058809
0.059449
0.058975
0.059577
0.059485
0.059622
0.059383
0.059184
0.059308
0.059679
0.059665
0.059671
0.059931
0.059783
0.059981
0.059905
0.060367
0.060054
0.060210
0.060201
0.060269
0.060430
0.059418
0.060030
0.060022
0.060501
0.060324
0.060447
0.060048
0.058883
0.059664
0.060808
0.062592
0.062612
0.061453
0.059313
0.059991
0.060884
0.059633
0.060020
0.061300
0.061202
0.060782
0.060973
0.061202
0.061002
0.063472
0.060558
0.060829
0.061521
0.060714
0.061117
0.061199
0.061971
0.061355
0.062847
0.062801
0.062618
0.061796
0.062405
0.062474
0.063596
0.062687
0.062684
0.062933
0.061798
0.061087
0.061908
0.061889
0.062137
0.063824
0.063582
0.061893
0.063158
0.063407
0.063232
0.063287
0.063344
0.063701
0.062474
0.062220
0.060631
0.060649
0.061146
0.060158
0.062022
0.062234
0.062597
0.062772
0.063084
0.064076
0.065310
0.065814
0.064273
0.064483
0.088090
0.088104
0.088088
0.065251
0.087846
0.088043
0.086124
0.086443
0.088248
0.085460
0.088813
0.086136
0.085243
0.086835
0.087617
0.087928
0.087750
0.087953
0.088106
0.088140
0.087727
0.087864
0.088916
0.089337
0.089228
0.090023
0.090007
0.090301
0.090147
0.089983
0.088066
0.084769
0.080584
0.072932
0.070623
0.068289
0.067738
0.066450
0.064049
0.064632
0.064740
0.064169
0.062639
0.064293
0.064466
0.067164
0.065800
0.066443
0.068742
0.071932
0.073612
0.075762
0.077710
0.080570
0.105218
0.099361
0.104264
0.084599
0.085236
0.085046
0.085374
0.096266
0.095230
0.095047
0.094881
0.094647
0.095511
0.095510
0.094985
0.094421
0.094088
0.094691
0.094423
0.094166
0.093975
0.093838
0.093782
0.092616
0.087661
0.087707
0.089897
0.094714
0.094042
0.094868
0.093978
0.094573
0.095118
0.093925
0.095523
0.093600
0.093159
0.093415
0.093324
0.093046
0.091607
0.095827
0.094628
0.094374
0.095080
0.094967
0.097373
0.098191
0.100860
0.098115
0.097627
0.096987
0.097394
0.096834
0.101235
0.097899
0.093160
0.099253
0.093754
0.100353
0.093628
0.093926
0.093416
0.093071
0.093528
0.093027
0.093253
0.094013
0.096646
0.096735
0.097232
0.096138
0.096803
0.096026
0.098498
0.097168
0.097772
0.100024
0.097580
0.096053
0.096543
0.096088
0.097038
0.096727
0.098164
0.098034
0.098749
0.099344
0.098964
0.099812
0.102460
0.101448
0.102560
0.103276
0.098967
0.103431
0.102899
0.099368
0.099829
0.106894
0.105843
0.107219
0.108007
0.105559
0.108530
0.106590
0.106611
0.106502
0.107637
0.106749
0.107458
0.107016
0.106096
0.107008
0.108543
0.106167
0.105603
0.106620
0.105683
0.105661
0.105520
0.106542
0.106581
0.104366
0.097260
0.090451
0.088481
0.089142
0.093051
0.092284
0.094657
0.096557
0.097275
0.097199
0.096936
0.097772
0.096764
0.096332
0.099109
0.099105
0.101223
0.097607
0.099063
0.100665
0.102765
0.103566
0.103852
0.104187
0.104134
0.103714
0.099433
0.100217
0.100218
0.100302
0.100256
0.101233
0.102044
0.101976
0.100195
0.100987
0.100315
0.101861
0.101222
0.101858
0.101177
0.101857
0.100800
0.101481
0.105447
0.061830
0.064302
0.055689
0.058440
0.057801
0.055596
0.055646
0.060095
0.059054
0.059563
0.059153
0.058831
0.058522
0.058591
0.058848
0.059036
0.059145
0.058999
0.058592
0.059616
0.059451
0.059287
0.059066
0.059184
0.059851
0.060218
0.060342
0.060385
0.060776
0.061845
0.061690
0.063330
0.064361
0.064590
0.064712
0.055382
0.045868
0.044423
0.048874
0.040653
0.040659
0.048320
0.043919
0.042501
0.043652
0.038907
0.042176
0.046474
0.053653
0.053602
0.099424
0.099933
0.099825
0.099949
0.099919
0.099301
0.099312
0.099114
0.099141
0.099567
0.099344
0.099557
0.099672
0.098892
0.099228
0.099001
0.099228
0.099726
0.099231
0.099225
0.099056
0.099245
0.099485
0.099485
0.099529
0.099255
0.099151
0.099114
0.099444
0.099063
0.098998
0.099370
0.099218
0.099213
0.099400
0.099220
0.098975
0.099214
0.098971
0.099614
0.105883
0.107553
0.106312
0.103490
0.100165
0.103088
0.102894
0.105796
0.107217
0.100587
0.110211
0.110185
0.109108
0.109967
0.109466
0.108939
0.108429
0.108927
0.108620
0.108346
0.109459
0.110047
0.108772
0.109809
0.111043
0.109648
0.110498
0.109606
0.110171
0.109562
0.110867
0.109572
0.109453
0.109863
0.109385
0.130074
0.129476
0.129659
0.129123
0.129136
0.129433
0.129131
0.129265
0.129021
0.129109
0.129275
0.123709
0.129571
0.129564
0.129587
0.129572
0.123233
0.122962
0.123696
0.124941
0.120878
0.128670
0.128641
0.129669
0.124078
0.124496
0.129413
0.124014
0.129079
0.129488
0.128978
0.129745
0.128464
0.129160
0.128896
0.129908
0.128728
0.128873
0.125169
0.124685
0.124726
0.124618
0.125826
0.121486
0.121463
0.122280
0.123604
0.125131
0.124086
0.125250
0.123682
0.077233
0.085637
0.077675
0.078160
0.084015
0.087495
0.083276
0.092640
0.091543
0.091824
0.092528
0.085919
0.092676
0.092119
0.086552
0.085779
0.091016
0.092694
0.091849
0.091585
0.086722
0.086277
0.086376
0.087508
0.088993
0.104564
0.104345
0.102415
0.101774
0.105309
0.104554
0.102278
0.101079
0.101701
0.100175
0.102749
0.102369
0.093282
0.088933
0.088170
0.088113
0.089289
0.086422
0.086171
0.088293
0.096950
0.098631
0.097459
0.093861
0.099607
0.090354
0.096847
0.104421
0.103520
0.104407
0.114718
0.115977
0.102341
0.080639
0.093049
0.045238
0.032843
0.057088
0.048227
0.061785
0.089714
0.098193
0.089291
0.090068
0.091056
0.091260
0.092450
0.092279
0.091678
0.093658
0.096822
0.100262
0.102845
0.104032
0.104396
0.105658
0.106319
0.106753
0.071510
0.149159
0.160180
0.158888
0.150684
0.154926
0.149241
0.149069
0.151897
0.152249
0.157037
0.154386
0.162757
0.168845
0.172291
0.169296
0.170165
0.167279
0.164962
0.167367
0.165652
0.166478
0.155885
0.153937
0.155282
0.156844
0.156862
0.156121
0.158286
0.156161
0.157936
0.157290
0.158511
0.158275
0.157409
0.159737
0.161420
0.162226
0.165181
0.162439
0.164847
0.163936
0.162697
0.159610
0.159325
0.135506
0.098338
0.100124
0.100700
0.100548
0.100623
0.100384
0.101030
0.100918
0.099540
0.100414
0.099143
0.099263
0.101158
0.100085
0.099936
0.099923
0.085420
0.086607
0.085978
0.086123
0.087269
0.086815
0.087179
0.086819
0.079924
0.077728
0.074316
0.075803
0.074964
0.076797
0.074584
0.073826
0.073631
0.072484
0.074381
0.075641
0.076815
0.070828
0.074686
0.078216
0.077539
0.077564
0.076504
0.076081
0.072308
0.070685
0.070563
0.069364
0.069243
0.063342
0.100801
0.100761
0.100796
0.100790
0.101131
0.099211
0.100549
0.100778
0.100679
0.100226
0.100321
0.100599
0.101469
0.100643
0.101613
0.101691
0.102843
0.103040
0.101587
0.136299
0.136838
0.133956
0.127093
0.125923
0.124676
0.117424
0.110661
0.102840
0.098755
0.091834
0.091207
0.089503
0.070372
0.071628
0.080387
0.077303
0.079994
0.079483
0.080157
0.167920
0.147007
0.134948
0.151609
0.156057
0.119046
0.133519
0.156312
0.161878
0.160974
0.156592
0.156145
0.155316
0.155561
0.164291
0.083368
0.083297
0.083142
0.109467
0.109818
0.109459
0.109461
0.109458
0.109774
0.083172
0.083374
0.109280
0.109962
0.108611
0.108475
0.108835
0.109243
0.082813
0.082965
0.082900
0.082875
0.082747
0.083263
0.083277
0.087636
0.089544
0.087479
0.087226
0.087020
0.088161
0.086470
0.085791
0.085675
0.086321
0.086283
0.084674
0.086638
0.085433
0.085021
0.083421
0.082820
0.085187
0.088943
0.080090
0.081979
0.080119
0.085448
0.085183
0.109249
0.113587
0.109835
0.106887
0.108844
0.107532
0.109880
0.108604
0.109868
0.107400
0.105636
0.104825
0.103742
0.084504
0.074880
0.091102
0.091254
0.075386
0.074974
0.074952
0.091833
0.091688
0.074970
0.074932
0.091674
0.091722
0.091749
0.075003
0.075815
0.075932
0.075372
0.074922
0.074964
0.075138
0.074960
0.098300
0.096661
0.095632
0.096930
0.092453
0.090704
0.088366
0.090137
0.089312
0.089259
0.094279
0.089784
0.088848
0.078981
0.080687
0.081142
0.068873
0.083594
0.079789
0.084609
0.082896
0.077449
0.073563
0.077688
0.075526
0.075655
0.072589
0.070593
0.072167
0.071882
0.072419
0.071021
0.070278
0.069474
0.069620
0.070811
0.066086
0.074309
0.074273
0.074258
0.074162
0.074178
0.075175
0.076058
0.076059
0.075328
0.074682
0.077217
0.073735
0.074844
0.073767
0.074751
0.074155
0.073482
0.073004
0.073138
0.073141
0.073924
0.073889
0.074205
0.073729
0.080846
0.081776
0.080675
0.080198
0.079692
0.077572
0.080147
0.081560
0.079350
0.082536
0.080899
0.080113
0.079760
0.079288
0.078005
0.077508
0.090952
0.091416
0.091254
0.091596
0.091413
0.091504
0.091586
0.091531
0.091873
0.091794
0.091789
0.091917
0.091887
0.091737
0.091815
0.091899
0.091934
0.092063
0.091925
0.091588
0.091572
0.091694
0.091626
0.091680
0.091523
0.091207
0.091196
0.091144
0.091118
0.089818
0.091097
0.091174
0.091154
0.091142
0.085149
0.102647
0.101837
0.103384
0.102274
0.103318
0.100977
0.101980
0.101718
0.106473
0.105135
0.081827
0.072071
0.066466
0.063246
0.068999
0.073750
0.082148
0.102399
0.102135
0.102447
0.102910
0.103336
0.100545
0.100926
0.100219
0.100213
0.099359
0.099650
0.099121
0.097848
0.101398
0.100608
0.102990
0.102361
0.102109
0.102424
0.102841
0.098859
0.100338
0.099460
0.101780
0.102347
0.100882
0.101442
0.100681
0.101152
0.101804
0.101802
0.102299
0.100627
0.100830
0.101613
0.101235
0.099151
0.099202
0.100728
0.101223
0.101496
0.100817
0.102211
0.101455
0.101884
0.101621
0.101744
0.101053
0.097802
0.099047
0.098625
0.098577
0.098992
0.098400
0.096944
0.097103
0.099824
0.100172
0.099904
0.098040
0.098220
0.101712
0.101781
0.100167
0.098088
0.096978
0.097524
0.096852
0.095204
0.095307
0.098586
0.100955
0.098942
0.100758
0.104522
0.104064
0.104677
0.104396
0.104976
0.097500
0.098109
0.099006
0.098768
0.097952
0.098334
0.097260
0.098170
0.098056
0.099839
0.098040
0.099053
0.098859
0.099961
0.100126
0.098432
0.097445
0.097405
0.096499
0.097384
0.097457
0.098346
0.098763
0.098819
0.098518
0.098944
0.098019
0.098307
0.098840
0.098687
0.097653
0.098810
0.098168
0.098681
0.098310
0.098420
0.098340
0.098423
0.101851
0.098920
0.098685
0.098128
0.097615
0.097547
0.097658
0.099461
0.099927
0.097436
0.097841
0.096710
0.100154
0.097636
0.099044
0.098877
0.101363
0.100183
0.100149
0.099703
0.100279
0.100826
0.100499
0.100147
0.098122
0.099515
0.098794
0.098589
0.100580
0.096776
0.099197
0.099854
0.100730
0.101688
0.098659
0.101439
0.099386
0.098699
0.100335
0.096072
0.095713
0.099859
0.095001
0.103807
0.099567
0.099739
0.094683
0.099978
0.098945
0.100031
0.099770
0.099953
0.100622
0.096343
0.094705
0.095764
0.096348
0.098996
0.103266
0.105556
0.101793
0.102522
0.094722
0.094534
0.094845
0.094872
0.095028
0.094526
0.094142
0.094422
0.102122
0.101312
0.102133
0.094827
0.099918
0.101597
0.101786
0.100611
0.103269
0.101970
0.102698
0.103520
0.104290
0.108979
0.107792
0.102494
0.108789
0.106538
0.107082
0.103636
0.098014
0.097717
0.097720
0.097049
0.103732
0.095031
0.095759
0.088650
0.097677
0.098284
0.098018
0.087268
0.089252
0.091439
0.098196
0.094548
0.098382
0.098792
0.096483
0.098626
0.095696
0.098552
0.098312
0.095540
0.094584
0.094455
0.094661
0.093895
0.097028
0.096908
0.096558
0.096746
0.097608
0.098508
0.098393
0.097451
0.098491
0.097257
0.097637
0.096648
0.096513
0.092894
0.092718
0.094755
0.097725
0.097378
0.098318
0.098060
0.098756
0.097919
0.095916
0.095543
0.095947
0.094603
0.094616
0.094366
0.093543
0.094402
0.094607
0.097101
0.096930
0.097869
0.096059
0.095680
0.096093
0.095886
0.095980
0.096697
0.095506
0.100505
0.096379
0.099473
0.100088
0.099810
0.100126
0.101531
0.100654
0.102476
0.107448
0.102979
0.100797
0.102217
0.100737
0.101414
0.101398
0.099902
0.099123
0.101455
0.099719
0.098151
0.100505
0.100910
0.100112
0.100903
0.102127
0.101231
0.100807
0.100534
0.100034
0.101532
0.097406
0.097789
0.098178
0.099141
0.101413
0.100978
0.100858
0.100400
0.098786
0.098722
0.100501
0.100495
0.101387
0.097545
0.101123
0.097288
0.094477
0.094054
0.093947
0.094228
0.094332
0.101822
0.101683
0.099699
0.099352
0.099701
0.097871
0.099152
0.095670
0.101979
0.101878
0.102345
0.102413
0.100944
0.102061
0.104419
0.102685
0.101483
0.096946
0.102768
0.098750
0.103589
0.094875
0.097303
0.098024
0.101664
0.101762
0.096909
0.098907
0.099120
0.098169
0.090245
0.074297
0.063587
0.056547
0.058584
0.061874
0.079568
0.090533
0.092796
0.092585
0.093614
0.093527
0.097485
0.097420
0.095634
0.099221
0.101590
0.096565
0.099797
0.098212
0.098351
0.099257
0.099603
0.099956
0.090115
0.087492
0.086634
0.087285
0.103579
0.088149
0.086470
0.103335
0.103655
0.101702
0.103102
0.102976
0.100887
0.101662
0.103257
0.095087
0.095864
0.101741
0.098992
0.098119
0.098663
0.099251
0.099467
0.099133
0.085934
0.088095
0.086018
0.089136
0.088840
0.085920
0.104218
0.084819
0.084815
0.103530
0.097416
0.084629
0.080570
0.101744
0.087228
0.083672
0.086619
0.086979
0.086794
0.102016
0.079457
0.087833
0.089329
0.078288
0.082380
0.075642
0.080008
0.077778
0.076576
0.078822
0.077904
0.082607
0.083192
0.077206
0.078649
0.077945
0.078861
0.078306
0.075745
0.075890
0.076021
0.081427
0.081190
0.081078
0.075973
0.076157
0.077438
0.077299
0.075416
0.078280
0.077221
0.075649
0.075029
0.078693
0.075694
0.078804
0.078217
0.079180
0.079242
0.075364
0.075979
0.075389
0.079124
0.075405
0.078587
0.075619
0.077765
0.078912
0.078525
0.078485
0.076815
0.075477
0.078043
0.077836
0.077325
0.075609
0.077922
0.075118
0.077148
0.076699
0.077016
0.077222
0.079655
0.073176
0.070297
0.071506
0.069764
0.068726
0.068787
0.067564
0.066796
0.070194
0.069683
0.069876
0.070831
0.072310
0.073181
0.074413
0.075747
0.077974
0.079641
0.082807
0.084324
0.095610
0.097368
0.100698
0.100850
0.102598
0.088112
0.086707
0.080107
0.075572
0.080147
0.066136
0.089210
0.098708
0.105768
0.102827
0.101487
0.101392
0.101585
0.101833
0.102249
0.101736
0.101259
0.101351
0.101586
0.101060
0.101643
0.100373
0.100023
0.099541
0.100767
0.099296
0.103513
0.100083
0.100451
0.100057
0.100584
0.098308
0.098326
0.098485
0.101378
0.100465
0.098987
0.100660
0.100839
0.100927
0.099932
0.101212
0.103998
0.105677
0.105305
0.106229
0.105361
0.102010
0.103116
0.110536
0.108446
0.106655
0.109915
0.105737
0.105236
0.106360
0.106540
0.102170
0.100694
0.098370
0.098214
0.097175
0.099086
0.099733
0.101959
0.103547
0.105717
0.110453
0.115155
0.119681
0.124050
0.130802
0.135656
0.142600
0.150017
0.158625
0.165539
0.174592
0.183573
0.195098
