0.036462
0.036403
0.036406
0.036406
0.036408
0.036407
0.036407
0.036407
0.036407
0.036415
0.036415
0.036415
0.036412
0.036419
0.036419
0.036419
0.036398
0.036410
0.036410
0.036410
0.036682
0.036420
0.036412
0.036412
0.036412
0.036406
0.036404
0.036405
0.036406
0.036469
0.036404
0.036499
0.036404
0.036575
0.036404
0.036574
0.036405
0.036480
0.036401
0.036480
0.036402
0.036496
0.036400
0.036496
0.036478
0.036356
0.036399
0.036253
0.036581
0.036511
0.036511
0.036511
0.036513
0.036486
0.036582
0.036485
0.036582
0.036601
0.036699
0.036701
0.036703
0.036681
0.036259
0.036592
0.036468
0.036592
0.036494
0.036592
0.036468
0.036592
0.036494
0.036592
0.036468
0.036592
0.036494
0.036592
0.036468
0.036592
0.036494
0.036592
0.036468
0.036592
0.036494
0.036592
0.036468
0.036592
0.036494
0.036592
0.036468
0.036592
0.036494
0.036592
0.036468
0.036606
0.036592
0.036628
0.036679
0.036702
0.036680
0.036683
0.036683
0.036701
0.036680
0.036701
0.036680
0.036682
0.036679
0.036683
0.036680
0.036681
0.036678
0.036681
0.036679
0.036680
0.036678
0.036680
0.036679
0.036680
0.036678
0.036193
0.060534
0.060534
0.060534
0.060534
0.060534
0.060534
0.060534
0.060534
0.060534
0.060534
0.060534
0.060534
0.060534
0.060534
0.060534
0.060534
0.060534
0.060534
0.060534
0.060534
0.060534
0.060534
0.060534
0.060534
0.060534
0.060534
0.060534
0.060534
0.060534
0.060534
0.060534
0.060534
0.060534
0.060534
0.060534
0.060534
0.060534
0.058538
0.047991
0.031824
0.035578
0.034741
0.031335
0.030232
0.040924
0.058163
0.094527
0.091411
0.092205
0.095814
0.094728
0.086142
0.094116
0.066176
0.065704
0.066322
0.066467
0.065562
0.065189
0.065197
0.065546
0.065468
0.066997
0.066309
0.067122
0.066236
0.066639
0.066632
0.066637
0.058527
0.051784
0.046332
0.042927
0.039348
0.038244
0.038436
0.040416
0.041279
0.041239
0.045958
0.051999
0.057200
0.059064
0.059064
0.059064
0.061691
0.059183
0.060396
0.061595
0.060318
0.062050
0.062598
0.062932
0.066191
0.067619
0.066455
0.066444
0.074651
0.072082
0.066161
0.059927
0.063735
0.063732
0.058471
0.070001
0.067531
0.070767
0.066764
0.062304
0.054869
0.050885
0.045797
0.043030
0.038471
0.040829
0.044786
0.049257
0.054295
0.060534
0.060650
0.060534
0.060534
0.060534
0.055383
0.053332
0.055723
0.045907
0.039820
0.035369
0.050426
0.053294
0.052897
0.053633
0.059755
0.059875
0.060916
0.060156
0.060303
0.060041
0.060065
0.060554
0.061842
0.061352
0.062941
0.062495
0.062321
0.062445
0.065224
0.065083
0.065476
0.064229
0.060004
0.046029
0.041374
0.043161
0.044373
0.051133
0.048013
0.052930
0.050350
0.057395
0.060533
0.060533
0.060533
0.060533
0.060533
0.060533
0.060533
0.060534
0.060534
0.060534
0.054435
0.042871
0.037149
0.028876
0.025846
0.025878
0.033416
0.042174
0.059327
0.079009
0.076825
0.079997
0.082828
0.072583
0.067601
0.064683
0.057018
0.067852
0.054343
0.076693
0.056859
0.075481
0.056371
0.060534
0.060534
0.060534
0.060534
0.060534
0.060534
0.060534
0.060534
0.060534
0.060534
0.060534
0.060534
0.060534
0.060534
0.060534
0.060534
0.060534
0.060534
0.060534
0.060534
0.060534
0.060534
0.060534
0.060534
0.060534
0.060534
0.060534
0.060534
0.060534
0.088017
0.088521
0.088577
0.088596
0.089717
0.089567
0.088214
0.088223
0.088086
0.088460
0.088696
0.089019
0.089253
0.089098
0.089555
0.089295
0.088992
0.087787
0.087897
0.087870
0.087706
0.087186
0.085547
0.070932
0.055154
0.045339
0.037996
0.033950
0.032661
0.035383
0.052854
0.049515
0.060534
0.060534
0.060534
0.057602
0.055577
0.051668
0.049960
0.049153
0.047499
0.046902
0.044171
0.044912
0.044891
0.044953
0.044517
0.044750
0.044343
0.044602
0.043862
0.044108
0.043969
0.044509
0.045006
0.044896
0.044982
0.048322
0.050747
0.055106
0.058294
0.062561
0.062561
0.062561
0.062561
0.062561
0.062561
0.062561
0.057654
0.052769
0.048757
0.045634
0.043605
0.041805
0.041075
0.039084
0.037423
0.037100
0.036853
0.037068
0.037291
0.037351
0.037412
0.037358
0.037329
0.037152
0.037267
0.038310
0.038258
0.038328
0.037561
0.037427
0.038204
0.037955
0.037556
0.037233
0.037729
0.037326
0.037184
0.037568
0.038019
0.037664
0.037506
0.038442
0.038038
0.038585
0.038776
0.038650
0.037273
0.038671
0.037845
0.038123
0.037844
0.037895
0.038950
0.038635
0.039178
0.039227
0.039725
0.039119
0.038284
0.031331
0.031299
0.031083
0.035783
0.032386
0.032362
0.031813
0.031741
0.031597
0.031808
0.032764
0.032740
0.032204
0.032823
0.033298
0.030598
0.030546
0.042206
0.042728
0.042924
0.040729
0.040803
0.040848
0.040905
0.040688
0.040657
0.040265
0.040303
0.039891
0.040963
0.041137
0.041355
0.040423
0.041396
0.041455
0.041834
0.040392
0.039022
0.040013
0.039795
0.040067
0.040317
0.041606
0.041567
0.041053
0.040404
0.039415
0.039948
0.041576
0.039642
0.039810
0.040756
0.040877
0.041305
0.040720
0.040792
0.039592
0.040782
0.039970
0.041019
0.040769
0.040844
0.041340
0.040990
0.041119
0.041172
0.041233
0.041073
0.040604
0.040409
0.040455
0.042000
0.042104
0.046582
0.049204
0.049967
0.046436
0.049888
0.046298
0.038638
0.046433
0.046421
0.038474
0.038749
0.038708
0.044925
0.041092
0.041011
0.046382
0.041389
0.033097
0.033040
0.033011
0.032973
0.033164
0.033237
0.033229
0.032649
0.033354
0.033465
0.032522
0.033374
0.033701
0.033731
0.033193
0.033037
0.033674
0.033916
0.034091
0.034240
0.034392
0.034490
0.034573
0.034672
0.034628
0.034963
0.034829
0.042307
0.042369
0.042659
0.042534
0.042479
0.042540
0.041485
0.041385
0.042290
0.042166
0.041585
0.041903
0.041706
0.041591
0.041690
0.042121
0.041547
0.042542
0.043254
0.044515
0.045762
0.049111
0.050884
0.046621
0.056393
0.060450
0.060575
0.060575
0.055487
0.055514
0.055514
0.055518
0.055584
0.055571
0.055576
0.055571
0.055612
0.055628
0.055692
0.055963
0.055876
0.055911
0.055920
0.055930
0.055938
0.055948
0.058246
0.058165
0.058306
0.058433
0.058429
0.058418
0.058427
0.058383
0.058341
0.058317
0.054794
0.056105
0.057725
0.048796
0.046285
0.044385
0.044938
0.041475
0.040233
0.038747
0.038606
0.039140
0.038584
0.037034
0.037658
0.036661
0.035596
0.036766
0.035871
0.035055
0.035750
0.035466
0.035495
0.035175
0.034843
0.035772
0.035738
0.036384
0.026840
0.032045
0.038036
0.039110
0.039279
0.040564
0.037795
0.039108
0.031177
0.031692
0.035155
0.036201
0.037397
0.039562
0.040649
0.042423
0.043711
0.045492
0.047292
0.045632
0.043946
0.048464
0.043528
0.049489
0.046155
0.047927
0.047187
0.047173
0.047292
0.047152
0.044474
0.044452
0.042103
0.044282
0.044339
0.044518
0.044141
0.046525
0.045782
0.047767
0.047963
0.049545
0.051544
0.053556
0.054954
0.058515
0.058471
0.059698
0.059698
0.059698
0.059698
0.059698
0.051672
0.050836
0.039848
0.044446
0.041980
0.042428
0.041639
0.041497
0.042229
0.042089
0.042190
0.049699
0.042552
0.041148
0.041524
0.041332
0.042387
0.041147
0.060650
0.060650
0.060650
0.060650
0.049464
0.041723
0.040109
0.039181
0.045782
0.051323
0.057453
0.061071
0.062634
0.064349
0.062447
0.062072
0.062438
0.061952
0.057758
0.054515
0.051701
0.049581
0.046439
0.043721
0.041541
0.040203
0.038860
0.037769
0.037962
0.037354
0.037565
0.037339
0.034553
0.035138
0.037270
0.039812
0.037276
0.037145
0.037948
0.037771
0.037895
0.038199
0.038427
0.041792
0.041277
0.041489
0.038548
0.038652
0.037280
0.036794
0.035401
0.035638
0.035468
0.036469
0.036816
0.036071
0.035815
0.035774
0.036112
0.034181
0.037677
0.037493
0.037677
0.037399
0.037587
0.038166
0.037834
0.037323
0.037342
0.036575
0.035663
0.060650
0.067890
0.077866
0.060650
0.082468
0.081576
0.060650
0.081409
0.081624
0.040027
0.031265
0.024345
0.020272
0.022663
0.025866
0.046682
0.043969
0.061133
0.059368
0.059368
0.059368
0.059368
0.056922
0.049502
0.044265
0.047994
0.044957
0.045725
0.044416
0.043904
0.044579
0.057610
0.044454
0.045914
0.043648
0.061445
0.043788
0.057829
0.046894
0.058613
0.044445
0.063849
0.046315
0.057048
0.056931
0.056920
0.055458
0.055475
0.055255
0.055431
0.055309
0.055160
0.054963
0.054989
0.055050
0.054989
0.056922
0.056891
0.056899
0.056859
0.056987
0.057056
0.057039
0.057009
0.057061
0.057022
0.056761
0.057060
0.057071
0.056435
0.055880
0.054748
0.054164
0.053738
0.054162
0.054735
0.054491
0.054379
0.054483
0.054758
0.054692
0.055121
0.055597
0.056432
0.056934
0.057775
0.058593
0.059524
0.059640
0.051720
0.043440
0.036637
0.031972
0.031763
0.032136
0.033970
0.039294
0.043333
0.059385
0.052386
0.064001
0.060016
0.054728
0.054343
0.052603
0.051529
0.051669
0.053017
0.057025
0.056503
0.056440
0.056361
0.056154
0.056237
0.055110
0.054679
0.055828
0.054114
0.052065
0.052640
0.053886
0.054457
0.054632
0.053066
0.051075
0.051270
0.029518
0.028529
0.027831
0.027620
0.028087
0.027570
0.028413
0.029178
0.028768
0.032843
0.031044
0.038105
0.035967
0.027264
0.025672
0.030240
0.033239
0.039071
0.030428
0.038036
0.043958
0.048368
0.054613
0.063950
0.070633
0.069759
0.068506
0.058722
0.047633
0.040048
0.037742
0.034144
0.032251
0.029396
0.027731
0.028697
0.034122
0.035801
0.041752
0.047027
0.050497
0.057340
0.060575
0.065772
0.064483
0.058455
0.051912
0.053490
0.053465
0.051206
0.051053
0.047663
0.047148
0.046549
0.045846
0.047119
0.046233
0.047984
0.048001
0.049257
0.048131
0.048584
0.048221
0.048810
0.047664
0.047700
0.047787
0.047359
0.041389
0.046559
0.041405
0.040985
0.042409
0.042214
0.041288
0.050333
0.042459
0.048123
0.047268
0.047783
0.052332
0.052577
0.052393
0.053283
0.052400
0.052993
0.054001
0.052194
0.050283
0.051603
0.049459
0.053458
0.053723
0.050656
0.054176
0.053688
0.052826
0.053493
0.053548
0.053728
0.054336
0.053409
0.054225
0.052710
0.053675
0.052651
0.053188
0.053281
0.053907
0.053994
0.052495
0.052401
0.053412
0.052289
0.050702
0.049229
0.053310
0.053189
0.047540
0.046299
0.048006
0.047224
0.048305
0.049126
0.049309
0.049199
0.049965
0.049578
0.047984
0.049641
0.049490
0.049807
0.049529
0.047417
0.060534
0.047580
0.060650
0.043785
0.060650
0.047247
0.060534
0.043674
0.060534
0.042404
0.060650
0.056377
0.056351
0.056276
0.056263
0.056262
0.056433
0.056441
0.056845
0.056788
0.056699
0.056545
0.056563
0.056561
0.056577
0.056529
0.056494
0.056673
0.056758
0.056739
0.056874
0.056862
0.056803
0.056857
0.056481
0.056120
0.056362
0.056154
0.056192
0.055129
0.054287
0.053883
0.053449
0.053737
0.053608
0.053279
0.053798
0.054258
0.055087
0.055911
0.057083
0.058226
0.060534
0.060534
0.060534
0.060534
0.060534
0.057219
0.058468
0.057743
0.050934
0.053133
0.051305
0.045954
0.044292
0.043789
0.047193
0.046909
0.045996
0.044828
0.045511
0.043783
0.043440
0.043806
0.040183
0.040389
0.044150
0.044100
0.044138
0.044539
0.044102
0.045027
0.044678
0.045477
0.045161
0.042523
0.041635
0.043880
0.043407
0.044447
0.043122
0.042540
0.043042
0.043792
0.043650
0.042907
0.042027
0.044020
0.042058
0.040632
0.043378
0.043814
0.040356
0.041594
0.039973
0.040506
0.045811
0.042073
0.046484
0.042799
0.045863
0.040411
0.041728
0.041051
0.040175
0.044533
0.039712
0.040811
0.038973
0.039275
0.039636
0.040709
0.042085
0.041040
0.040332
0.042142
0.041138
0.041392
0.043101
0.041771
0.040282
0.042608
0.042558
0.040771
0.040107
0.041333
0.039736
0.041317
0.041227
0.041179
0.042708
0.041822
0.041698
0.041391
0.041470
0.041582
0.036978
0.036242
0.037198
0.037254
0.040377
0.043220
0.042696
0.039060
0.037521
0.042416
0.039568
0.041020
0.042624
0.037940
0.038367
0.037909
0.037608
0.038332
0.038547
0.039498
0.045020
0.045020
0.041817
0.039311
0.039736
0.044382
0.044398
0.044802
0.043123
0.043173
0.042482
0.042914
0.043012
0.044834
0.042475
0.045441
0.043766
0.043972
0.042001
0.043977
0.058360
0.059000
0.058987
0.059010
0.059000
0.059020
0.059031
0.059032
0.059015
0.059578
0.062698
0.062565
0.062709
0.062699
0.062920
0.062912
0.062786
0.062739
0.062723
0.062724
0.062842
0.062847
0.062874
0.062688
0.062383
0.062408
0.062423
0.062419
0.062349
0.062477
0.062429
0.062427
0.062426
0.059591
0.059591
0.059588
0.059573
0.059576
0.046889
0.045099
0.045839
0.045768
0.046154
0.046025
0.045356
0.046310
0.045566
0.045565
0.044578
0.050643
0.050088
0.049366
0.049569
0.048259
0.048739
0.047580
0.047951
0.047885
0.046168
0.051953
0.051364
0.045864
0.053077
0.045222
0.047046
0.048004
0.047914
0.046683
0.044785
0.048998
0.049422
0.048733
0.049355
0.043486
0.044020
0.040954
0.040973
0.040704
0.041678
0.041302
0.040655
0.040440
0.040817
0.041674
0.041903
0.041963
0.043835
0.046490
0.046104
0.048652
0.051539
0.053394
0.052225
0.054347
0.058338
0.061753
0.061738
0.061738
0.048512
0.048671
0.048316
0.048110
0.048964
0.048359
0.048543
0.048560
0.048640
0.048925
0.048624
0.048029
0.048660
0.047920
0.047544
0.047578
0.045780
0.046751
0.047484
0.049275
0.048065
0.043933
0.041931
0.038773
0.037933
0.034950
0.039753
0.039142
0.039274
0.039051
0.039864
0.041558
0.042342
0.042596
0.045226
0.045813
0.046339
0.045585
0.044600
0.046798
0.045305
0.046097
0.046408
0.045285
0.043477
0.042204
0.043250
0.044080
0.046307
0.047462
0.051023
0.057474
0.060331
0.060534
0.060534
0.060534
0.059664
0.059732
0.060386
0.061524
0.061404
0.061502
0.060315
0.059989
0.060162
0.060151
0.060197
0.060301
0.061532
0.062725
0.060555
0.060469
0.060759
0.061824
0.061557
0.061314
0.061039
0.061172
0.062045
0.062379
0.061997
0.062161
0.062136
0.061671
0.059885
0.060614
0.060585
0.061011
0.061829
0.061650
0.062325
0.061872
0.061909
0.061922
0.060856
0.061068
0.060965
0.062092
0.062121
0.060725
0.062160
0.061905
0.062244
0.062128
0.062077
0.062042
0.061487
0.061233
0.061395
0.061099
0.061629
0.061822
0.061502
0.061234
0.060978
0.061291
0.061056
0.060471
0.060774
0.059996
0.060549
0.050266
0.047015
0.048137
0.047718
0.047949
0.048188
0.047938
0.048227
0.047867
0.047755
0.047364
0.047852
0.047398
0.047495
0.047129
0.047300
0.047921
0.047232
0.046302
0.047188
0.047778
0.048224
0.043002
0.042999
0.048363
0.046933
0.047413
0.047245
0.047339
0.049114
0.049580
0.048461
0.047959
0.048176
0.046098
0.046507
0.046424
0.048334
0.046498
0.062457
0.056255
0.063784
0.053677
0.058614
0.059508
0.063383
0.065066
0.064584
0.064246
0.047360
0.048528
0.050061
0.051631
0.051447
0.041525
0.046927
0.041271
0.060650
0.037621
0.060534
0.038006
0.060650
0.038783
0.060650
0.060534
0.060534
0.060534
0.060534
0.060534
0.060534
0.060534
0.053255
0.056070
0.050464
0.052985
0.050489
0.053492
0.052309
0.051273
0.049663
0.047464
0.043670
0.042565
0.042407
0.037575
0.032655
0.028359
0.023654
0.019987
0.017101
0.016369
0.016605
0.017774
0.017817
0.018140
0.017066
0.022048
0.017570
0.021807
0.020240
0.019821
0.019911
0.020015
0.019963
0.016998
0.016967
0.022239
0.022412
0.022391
0.022566
0.022769
0.022928
0.022725
0.022867
0.022710
0.022635
0.022297
0.022659
0.023294
0.023094
0.023487
0.023412
0.022624
0.023062
0.022538
0.022160
0.022701
0.022460
0.023559
0.030791
0.039148
0.045889
0.047290
0.048313
0.049337
0.051602
0.060649
0.060649
0.060649
0.060649
0.060649
0.059317
0.055015
0.053935
0.050638
0.048238
0.044462
0.039402
0.034006
0.030635
0.026797
0.025982
0.025923
0.026593
0.024989
0.026060
0.026206
0.026370
0.027634
0.027893
0.028773
0.027494
0.028675
0.025164
0.026629
0.026692
0.025763
0.025967
0.026384
0.025921
0.026763
0.025922
0.026352
0.027285
0.027482
0.027721
0.027819
0.065523
0.065527
0.065532
0.065584
0.065548
0.065655
0.065676
0.065840
0.065894
0.063641
0.063623
0.063800
0.064190
0.063973
0.064269
0.064536
0.064542
0.064421
0.064387
0.064407
0.064496
0.064437
0.064470
0.068100
0.068153
0.068369
0.068690
0.068710
0.068587
0.068719
0.068820
0.068541
0.068874
0.068421
0.068401
0.068366
0.068363
0.068346
0.068342
0.068361
0.068682
0.068814
0.068634
0.068584
0.068767
0.068788
0.068761
0.068772
0.068614
0.068762
0.068708
0.069277
0.069272
0.069188
0.066394
0.063863
0.061807
0.059942
0.058900
0.057856
0.057254
0.057091
0.057374
0.057615
0.058825
0.060546
0.062457
0.060534
0.060534
0.060534
0.060534
0.044761
0.044434
0.045525
0.044558
0.043856
0.043851
0.044360
0.044910
0.042996
0.037020
0.043073
0.042303
0.042920
0.043474
0.044243
0.043968
0.044401
0.037668
0.038240
0.037952
0.038165
0.038264
0.021838
0.021771
0.021088
0.021256
0.021378
0.021672
0.026922
0.026282
0.026270
0.015507
0.017150
0.017633
0.017539
0.018099
0.026217
0.029988
0.030023
0.036685
0.042974
0.054483
0.060534
0.060534
0.060534
0.055380
0.048763
0.045170
0.041670
0.038489
0.036849
0.037185
0.040092
0.040335
0.040054
0.039039
0.038287
0.033164
0.033525
0.032844
0.031715
0.030705
0.031296
0.031542
0.035829
0.040647
0.042831
0.046569
0.053336
0.057308
0.059136
0.059136
0.059136
0.059136
0.052041
0.045130
0.041284
0.033531
0.032185
0.028490
0.025504
0.024995
0.025750
0.029155
0.030471
0.031820
0.029815
0.030680
0.028961
0.029637
0.030138
0.031892
0.030853
0.031818
0.029624
0.098505
0.086583
0.069259
0.075677
0.057277
0.034288
0.020465
0.035601
0.037112
0.036444
0.038561
0.040739
0.039527
0.037515
0.036052
0.032038
0.033767
0.025943
0.025630
0.026840
0.026165
0.026784
0.026957
0.027162
0.026050
0.026409
0.029694
0.035910
0.042464
0.049119
0.055808
0.057143
0.062103
0.062103
0.062103
0.062103
0.056828
0.058230
0.053143
0.050796
0.052697
0.047187
0.046813
0.042681
0.040403
0.038162
0.035724
0.029932
0.034994
0.039014
0.040001
0.038848
0.039122
0.036790
0.035795
0.034219
0.038681
0.038408
0.036331
0.038635
0.044219
0.050410
0.050870
0.054699
0.060650
0.060650
0.060650
0.036052
0.035906
0.035899
0.036043
0.036224
0.036049
0.036155
0.036476
0.036490
0.036381
0.036267
0.036224
0.036321
0.036984
0.036645
0.036376
0.036297
0.036228
0.046666
0.045653
0.047860
0.045619
0.045611
0.045492
0.045299
0.045467
0.045508
0.045398
0.047177
0.047186
0.046291
0.045349
0.045044
0.046353
0.046324
0.045002
0.047276
0.047293
0.045521
0.045193
0.048485
0.047932
0.049768
0.049021
0.050295
0.048593
0.050611
0.049186
0.050098
0.048684
0.048764
0.050090
0.060534
0.026139
0.025921
0.024529
0.025980
0.026280
0.026319
0.027456
0.027572
0.030205
0.028802
0.025895
0.025346
0.024794
0.025930
0.031715
0.031897
0.031849
0.033081
0.029653
0.029506
0.029904
0.029073
0.033834
0.034047
0.032606
0.031868
0.031020
0.035295
0.033564
0.033354
0.032147
0.033728
0.032485
0.032223
0.032027
0.031874
0.031317
0.031861
0.030799
0.030129
0.034995
0.036458
0.039162
0.038628
0.037673
0.037859
0.037293
0.033911
0.027995
0.027885
0.029084
0.029574
0.029194
0.028878
0.029506
0.029331
0.032781
0.028438
0.029231
0.028167
0.031367
0.026963
0.027645
0.029149
0.029239
0.028957
0.035624
0.034685
0.036354
0.037350
0.023063
0.032330
0.032353
0.033210
0.032378
0.032100
0.031217
0.032369
0.032393
0.030837
0.029152
0.028904
0.043685
0.043512
0.045125
0.044823
0.045282
0.044967
0.044960
0.045044
0.047024
0.046697
0.047164
0.048787
0.046506
0.046506
0.041795
0.041499
0.042330
0.042220
0.042055
0.042604
0.042965
0.041814
0.041653
0.041631
0.041528
0.041739
0.039646
0.037172
0.033960
0.035090
0.035015
0.036435
0.036263
0.036543
0.036346
0.035326
0.034927
0.034833
0.034816
0.034596
0.034951
0.035080
0.034415
0.033370
0.033289
0.033274
0.045955
0.045355
0.045524
0.042394
0.045315
0.042931
0.045684
0.042922
0.042488
0.042418
0.050248
0.053887
0.055534
0.058430
0.059579
0.059464
0.028361
0.028295
0.027613
0.028213
0.029378
0.029417
0.028561
0.028585
0.028250
0.027212
0.028358
0.028346
0.027786
0.027949
0.027432
0.028286
0.028377
0.028567
0.028227
0.028408
0.028097
0.028415
0.027751
0.027486
0.027451
0.027598
0.030296
0.030545
0.031184
0.031360
0.031507
0.031599
0.031651
0.031178
0.027065
0.031252
0.031144
0.031504
0.031362
0.031503
0.031434
0.026955
0.031526
0.035357
0.046384
0.051834
0.058625
0.060534
0.041792
0.042223
0.043281
0.042929
0.044980
0.044412
0.043885
0.045131
0.046610
0.045180
0.046025
0.044833
0.045127
0.033871
0.034278
0.030832
0.030662
0.031483
0.031423
0.031099
0.030500
0.030669
0.031861
0.032123
0.031859
0.031706
0.031753
0.031856
0.037079
0.042001
0.043904
0.051873
0.051227
0.060650
0.060534
0.234261
0.060534
0.030725
0.021936
0.017522
0.017137
0.017768
0.018419
0.018111
0.017112
0.017058
0.017195
0.016823
0.016483
0.016775
0.016949
0.016857
0.060534
0.060534
0.060534
0.060650
0.060534
0.058327
0.055282
0.054594
0.052717
0.050703
0.050826
0.049957
0.047200
0.043185
0.044379
0.041940
0.042052
0.042014
0.041994
0.041840
0.042956
0.041459
0.041236
0.041461
0.041306
0.041536
0.041578
0.041391
0.041676
0.041712
0.041659
0.027716
0.026706
0.030095
0.028521
0.030409
0.028826
0.028722
0.028630
0.029859
0.031098
0.028889
0.032145
0.060534
0.060534
0.060534
0.060534
0.060534
0.060534
0.060534
0.060534
0.060534
0.060534
0.060534
0.060534
0.060534
0.060534
0.060534
0.060534
0.060534
0.060534
0.060534
0.060534
0.039712
0.037272
0.037231
0.037088
0.037444
0.038705
0.037224
0.036640
0.036519
0.037201
0.037713
0.060534
0.060650
0.060534
0.060534
0.060534
0.060534
0.060534
0.057580
0.053056
0.048165
0.043608
0.037515
0.034825
0.033347
0.032673
0.032989
0.032641
0.031081
0.029216
0.031370
0.041190
0.040217
0.036974
0.031900
0.039351
0.030342
0.031628
0.031412
0.033889
0.031277
0.035374
0.060650
0.060650
0.060650
0.060650
0.060650
0.061344
0.056319
0.052053
0.048466
0.042260
0.037643
0.039174
0.049416
0.051500
0.048820
0.046736
0.043679
0.040536
0.036854
0.038768
0.038703
0.038616
0.034731
0.034276
0.034885
0.034823
0.035881
0.036014
0.035895
0.066533
0.022671
0.154740
0.199591
0.077387
0.030214
0.027548
0.032615
0.034526
0.037053
0.081511
0.249489
0.255361
0.244266
0.216633
0.273092
0.052744
0.037041
0.041982
0.042519
0.042719
0.047902
0.044092
0.046838
0.049917
0.049198
0.044641
0.037652
0.037137
0.038290
0.042660
0.042387
0.037982
0.038167
0.035136
0.038697
0.038051
0.038691
0.038957
0.039211
0.039252
0.039359
0.039524
0.039667
0.039658
0.039650
0.039065
0.038459
0.055227
0.054528
0.054709
0.055546
0.055681
0.055698
0.055759
0.055866
0.055283
0.054934
0.056626
0.055884
0.055991
0.055861
0.054777
0.052557
0.056074
0.056121
0.055883
0.055788
0.055766
0.055917
0.055791
0.055890
0.031051
0.030638
0.030168
0.030097
0.030039
0.028567
0.029883
0.029333
0.029493
0.031327
0.030926
0.030438
0.031014
0.022239
0.022426
0.022661
0.022587
0.022404
0.022947
0.021953
0.022067
0.022344
0.022610
0.023646
0.031730
0.031696
0.033842
0.034567
0.034611
0.030647
0.031228
0.034880
0.035114
0.034856
0.034818
0.033978
0.023527
0.024186
0.024196
0.023890
0.023413
0.023694
0.024269
0.024658
0.025173
0.025550
0.024135
0.024505
0.041216
0.040612
0.037992
0.037525
0.039486
0.036774
0.041783
0.040790
0.042340
0.039801
0.041458
0.045102
0.049101
0.048538
0.048275
0.048279
0.046847
0.047117
0.046731
0.046646
0.045641
0.045140
0.047222
0.047402
0.045036
0.037310
0.036562
0.035336
0.037238
0.039355
0.038581
0.035438
0.035908
0.040040
0.040020
0.038416
0.037849
0.038726
0.039058
0.040871
0.038576
0.036593
0.041831
0.045420
0.044353
0.043072
0.042055
0.049685
0.021474
0.019996
0.020894
0.024123
0.021500
0.020805
0.017688
0.017552
0.018744
0.018369
0.017304
0.017691
0.025157
0.025539
0.025084
0.024990
0.024430
0.024782
0.025340
0.025099
0.025776
0.026063
0.027402
0.028650
0.053569
0.055408
0.055475
0.054279
0.054284
0.054668
0.054702
0.054730
0.054557
0.054611
0.054543
0.054683
0.054824
0.055965
0.056093
0.056482
0.055890
0.055682
0.056510
0.056531
0.054936
0.055467
0.055144
0.055866
0.027037
0.028141
0.030767
0.031269
0.031734
0.031609
0.031350
0.025973
0.025542
0.025139
0.025197
0.026889
0.027047
0.026500
0.027517
0.046886
0.047423
0.049743
0.051331
0.053684
0.054935
0.054513
0.053581
0.054105
0.055268
0.025896
0.031003
0.025095
0.025844
0.027016
0.029457
0.026807
0.026560
0.027162
0.025524
0.025422
0.024222
0.023385
0.023795
0.022540
0.023588
0.021427
0.020536
0.020576
0.021087
0.021845
0.022085
0.045004
0.044555
0.044820
0.044792
0.045645
0.044679
0.045105
0.045219
0.046506
0.047698
0.042201
0.049323
0.048883
0.042381
0.041785
0.045274
0.040590
0.040961
0.042525
0.041762
0.042623
0.042065
0.039648
0.038826
0.041808
0.051578
0.052185
0.052387
0.052565
0.052234
0.052310
0.052494
0.052555
0.052356
0.051693
0.050962
0.051285
0.051578
0.051550
0.051412
0.051340
0.051317
0.050605
0.053462
0.053393
0.053281
0.053382
0.053376
0.053256
0.042890
0.043863
0.044678
0.043768
0.048657
0.048997
0.048692
0.048609
0.047579
0.047744
0.048354
0.048747
0.000000
0.000121
0.000534
0.000500
0.000475
0.000471
0.000544
0.000636
0.000563
0.000790
0.000743
0.000777
0.000946
0.029914
0.029514
0.029582
0.028962
0.028178
0.027843
0.026829
0.025989
0.024549
0.023762
0.022235
0.024690
0.035063
0.034880
0.034926
0.035120
0.033760
0.033688
0.035152
0.034207
0.034821
0.034265
0.035450
0.035331
0.038136
0.038069
0.037948
0.037815
0.037923
0.037717
0.037834
0.037354
0.037494
0.037455
0.037523
0.038293
0.051184
0.043075
0.042533
0.044036
0.038906
0.042991
0.040474
0.037919
0.038287
0.037461
0.040654
0.051972
0.053277
0.051835
0.051478
0.051387
0.051436
0.051757
0.051915
0.053632
0.052512
0.051008
0.060650
0.060650
0.060650
0.060534
0.060534
0.060534
0.060650
0.060534
0.060534
0.060534
0.060534
0.060534
0.060534
0.060534
0.060534
0.060534
0.060534
0.060534
0.059869
0.054665
0.059773
0.054721
0.057383
0.055982
0.055480
0.054026
0.052583
0.048658
0.046271
0.046615
0.048356
0.046877
0.047611
0.046801
0.046756
0.046004
0.044528
0.043957
0.044001
0.043104
0.045001
0.044323
0.045469
0.045536
0.045119
0.044707
0.043868
0.045777
0.045280
0.045270
0.044594
0.045118
0.042792
0.042143
0.042004
0.041067
0.040302
0.039546
0.039154
0.037966
0.036935
0.036796
0.035303
0.035651
0.034922
0.036101
0.034311
0.034777
0.035377
0.036271
0.035933
0.035377
0.035924
0.035899
0.035934
0.035264
0.035765
0.035861
0.036140
0.034680
0.036177
0.036327
0.034625
0.034875
0.034763
0.034825
0.034643
0.034282
0.034347
0.033324
0.034870
0.040038
0.046080
0.053594
0.060534
0.060534
0.060534
0.056560
0.052916
0.050468
0.048915
0.046473
0.044630
0.042965
0.042361
0.041954
0.042815
0.042901
0.042543
0.043152
0.040186
0.040997
0.041277
0.040925
0.042271
0.041280
0.042592
0.040661
0.041401
0.040215
0.040964
0.040599
0.043933
0.043528
0.044088
0.043755
0.044046
0.044054
0.044243
0.043838
0.044813
0.044786
0.044792
0.044425
0.045270
0.044529
0.045125
0.044601
0.044569
0.044636
0.044789
0.044493
0.045766
0.045149
0.044219
0.045151
0.044771
0.044661
0.045842
0.044789
0.043003
0.040766
0.033467
0.028824
0.025736
0.027736
0.022114
0.022966
0.024135
0.025777
0.026630
0.030976
0.035374
0.038727
0.044273
0.052679
0.059014
0.063792
0.074999
0.072932
0.073567
0.072743
0.072843
0.072882
0.070011
0.068263
0.069888
0.068761
0.069653
0.069063
0.069358
0.069697
0.068363
0.068410
0.068299
0.060534
0.060534
0.060534
0.060534
0.060534
0.060534
0.060534
0.060534
0.060534
0.060534
0.060534
0.060534
0.060534
0.060534
0.061334
0.061696
0.058757
0.055021
0.053768
0.058174
0.053428
0.051239
0.051104
0.049590
0.048651
0.049087
0.046551
0.045404
0.044111
0.043340
0.042551
0.040584
0.040692
0.040462
0.041082
0.041535
0.041076
0.040612
0.041059
0.040884
0.041274
0.041263
0.041134
0.040295
0.041216
0.041293
0.041227
0.041257
0.040805
0.041272
0.040264
0.040222
0.041136
0.041111
0.040921
0.040229
0.041041
0.043240
0.043327
0.042759
0.042505
0.042451
0.043716
0.043003
0.043177
0.043117
0.043507
0.043007
0.042661
0.045034
0.042161
0.042569
0.044320
0.042191
0.044959
0.044231
0.042056
0.043962
0.044651
0.044062
0.041299
0.040995
0.043352
0.043952
0.044123
0.041669
0.044058
0.042934
0.041395
0.043034
0.043163
0.044663
0.044374
0.044882
0.044866
0.045348
0.044666
0.045170
0.045121
0.045097
0.040875
0.045101
0.043191
0.043318
0.043443
0.040945
0.041010
0.043860
0.040470
0.041353
0.040835
0.040776
0.046183
0.045771
0.041269
0.040647
0.043879
0.045177
0.044342
0.036012
0.036233
0.035903
0.046405
0.042634
0.047267
0.036632
0.036615
0.036659
0.036499
0.035056
0.034991
0.035524
0.035510
0.035488
0.035644
0.035721
0.036054
0.036530
0.035105
0.036495
0.043960
0.046547
0.041426
0.046106
0.052575
0.054632
0.050351
0.054419
0.053803
0.052050
0.053114
0.052963
0.054038
0.056987
0.054856
0.054100
0.063294
0.059641
0.059641
0.059641
0.059641
0.059641
0.059641
0.059641
0.059641
0.059641
0.059641
0.063189
0.065259
0.064534
0.061634
0.063189
0.058053
0.057485
0.056865
0.056550
0.056055
0.055647
0.055156
0.055010
0.054653
0.054453
0.054178
0.055124
0.055189
0.055047
0.055059
0.055131
0.055325
0.055549
0.055797
0.056156
0.056495
0.056827
0.057560
0.055330
0.055843
0.055827
0.055867
0.055835
0.055858
0.055791
0.055809
0.056143
0.055708
0.055658
0.055615
0.055636
0.055607
0.055635
0.055427
0.055396
0.055494
0.055646
0.055466
0.055440
0.055297
0.055553
0.055251
0.055530
0.055593
0.055676
0.055484
0.055637
0.055589
0.055520
0.055542
0.055439
0.055874
0.055927
0.055959
0.055984
0.055945
0.056024
0.055994
0.056091
0.056097
0.056131
0.055686
0.061756
0.059580
0.057894
0.052424
0.049524
0.049518
0.050199
0.051471
0.059408
0.061762
0.062486
0.062486
0.058993
0.056915
0.056965
0.055381
0.054813
0.056418
0.056190
0.055592
0.058088
0.059100
0.060803
0.057983
0.057916
0.057943
0.058159
0.060021
0.058323
0.058834
0.059423
0.058585
0.060258
0.059725
0.060322
0.060892
0.060346
0.060886
0.060863
0.059769
0.059697
0.059834
0.059615
0.059629
0.059541
0.059678
0.059389
0.060758
0.061018
0.061031
0.060991
0.061011
0.060471
0.060482
0.061150
0.060429
0.060826
0.060834
0.060815
0.060618
0.060613
0.060387
0.060381
0.060432
0.059890
0.060028
0.059960
0.059978
0.060020
0.059874
0.058292
0.056935
0.056857
0.055114
0.054932
0.055212
0.055681
0.056780
0.058019
0.059499
0.059499
0.061294
0.058345
0.056863
0.056035
0.053559
0.053441
0.053623
0.054426
0.055461
0.056893
0.056915
0.056864
0.056914
0.056770
0.056919
0.056800
0.057024
0.056953
0.056950
0.056863
0.057042
0.056879
0.056325
0.055900
0.055853
0.056251
0.055864
0.055949
0.056208
0.056197
0.056086
0.056143
0.056121
0.055449
0.055448
0.055175
0.055214
0.055193
0.055281
0.055197
0.055239
0.055227
0.055231
0.055206
0.055248
0.055445
0.055228
0.055436
0.054740
0.053908
0.053276
0.052954
0.052526
0.052119
0.052009
0.051898
0.052057
0.052199
0.052388
0.053082
0.053442
0.054183
0.055049
0.057852
0.055010
0.060353
0.060650
0.060650
0.062054
0.062264
0.060650
