0.493115
0.493115
0.493115
0.493115
0.493115
0.084988
0.082997
0.087422
0.080772
0.078241
0.080427
0.080288
0.082769
0.085499
0.086669
0.089052
0.099275
0.101126
0.101891
0.100723
0.100678
0.096757
0.101766
0.104033
0.098375
0.113874
0.116376
0.117925
0.120830
0.105701
0.114541
0.116123
0.105909
0.103454
0.107003
0.115291
0.118232
0.118165
0.118327
0.100524
0.094536
0.097223
0.097690
0.102119
0.094768
0.092744
0.091798
0.091565
0.090878
0.121412
0.117705
0.119293
0.115808
0.112308
0.110276
0.100446
0.098597
0.097474
0.099041
0.100256
0.088905
0.095178
0.096487
0.095974
0.098921
0.099186
0.099608
0.099961
0.100415
0.100704
0.098432
0.098511
0.098542
0.099212
0.100504
0.098976
0.099714
0.099522
0.099483
0.099648
0.098109
0.098534
0.099841
0.099186
0.098309
0.098361
0.098221
0.098212
0.099746
0.100805
0.101400
0.101022
0.099933
0.101433
0.100848
0.101347
0.099870
0.100255
0.080071
0.082988
0.081787
0.086066
0.087186
0.089225
0.092556
0.090404
0.088995
0.090732
0.092527
0.094154
0.082725
0.087127
0.080140
0.092486
0.085991
0.086087
0.080844
0.081585
0.085025
0.087260
0.080288
0.086479
0.073377
0.073069
0.085133
0.068305
0.076060
0.076050
0.080010
0.076900
0.083388
0.083055
0.076093
0.067862
0.067386
0.071126
0.073202
0.068674
0.068346
0.078144
0.084907
0.077874
0.079856
0.071651
0.073597
0.078516
0.079267
0.082252
0.069981
0.069477
0.068522
0.068545
0.069147
0.066574
0.077745
0.077240
0.073526
0.072574
0.069893
0.075331
0.095037
0.107568
0.115877
0.110350
0.116839
0.111962
0.097585
0.099422
0.096412
0.098356
0.093900
0.096929
0.100107
0.101534
0.102643
0.099633
0.102075
0.098162
0.100497
0.094427
0.098653
0.098065
0.100792
0.103203
0.102326
0.098424
0.100170
0.090731
0.090653
0.089700
0.121927
0.113932
0.111658
0.095021
0.103165
0.100168
0.113608
0.112540
0.116763
0.115333
0.110467
0.113996
0.112406
0.112777
0.115548
0.113882
0.106073
0.106621
0.108302
0.107661
0.106675
0.100777
0.103107
0.123433
0.121935
0.123055
0.122841
0.122505
0.123326
0.122182
0.114445
0.110753
0.114324
0.110355
0.111834
0.110187
0.113949
0.113559
0.114224
0.115430
0.111384
0.109880
0.111438
0.119098
0.119729
0.109202
0.121702
0.107801
0.111411
0.104870
0.091024
0.103249
0.102217
0.122685
0.110742
0.126969
0.119178
0.121038
0.147969
0.146587
0.152570
0.127594
0.140817
0.137179
0.130767
0.139892
0.133338
0.136741
0.117385
0.145828
0.129118
0.151494
0.129638
0.134382
0.130699
0.134825
0.133120
0.133727
0.149755
0.157397
0.148452
0.139552
0.146478
0.140299
0.124436
0.132202
0.127604
0.088454
0.096536
0.095303
0.098626
0.106487
0.105017
0.096523
0.098124
0.109471
0.098814
0.104403
0.099995
0.102847
0.103129
0.102593
0.102843
0.104816
0.104215
0.097906
0.099682
0.097728
0.101213
0.140898
0.187898
0.147326
0.148521
0.156038
0.107374
0.175862
0.175985
0.181672
0.203167
0.193286
0.178891
0.187561
0.175118
0.153263
0.151010
0.146645
0.147718
0.158768
0.160180
0.166441
0.171820
0.185953
0.189604
0.193032
0.184594
0.182559
0.203416
0.201733
0.178681
0.176695
0.174193
0.178228
0.174892
0.175807
0.165479
0.172014
0.182660
0.174261
0.177838
0.172086
0.173224
0.173221
0.176714
0.179533
0.177713
0.183803
0.182946
0.183023
0.183020
0.184942
0.185989
0.139456
0.136529
0.160058
0.141180
0.153165
0.151333
0.152626
0.145057
0.139853
0.143035
0.179451
0.171593
0.166958
0.181946
0.144057
0.181848
0.178902
0.137615
0.148955
0.170793
0.171596
0.173472
0.170231
0.167740
0.169614
0.172091
0.173891
0.178439
0.182008
0.193173
0.199089
0.167207
0.165188
0.149888
0.163567
0.176838
0.160975
0.174443
0.163655
0.172655
0.170403
0.172719
0.173594
0.171274
0.172677
0.173572
0.169703
0.166462
0.171882
0.167732
0.171969
0.170016
0.171731
0.155067
0.169919
0.168935
0.156379
0.146419
0.150376
0.140510
0.145356
0.143181
0.147072
0.145920
0.142379
0.136124
0.134374
0.131563
0.124122
0.121470
0.124705
0.125413
0.125415
0.112792
0.116974
0.123090
0.102222
0.096216
0.117991
0.118564
0.100074
0.119118
0.130959
0.108327
0.127865
0.138763
0.123617
0.146355
0.139403
0.136489
0.115979
0.123837
0.114598
0.113533
0.115364
0.120157
0.122448
0.122436
0.121285
0.129790
0.127592
0.128118
0.145062
0.126189
0.130364
0.122143
0.126530
0.121406
0.123842
0.120176
0.118739
0.123812
0.123383
0.122004
0.120940
0.122530
0.122277
0.122858
0.127795
0.126264
0.128248
0.128758
0.125503
0.121817
0.123308
0.124758
0.124784
0.128441
0.133727
0.140624
0.121179
0.128392
0.131657
0.127843
0.127747
0.127016
0.125861
0.114881
0.130869
0.144218
0.146927
0.145351
0.145324
0.136765
0.136340
0.138390
0.141023
0.141400
0.151975
0.150172
0.116048
0.117948
0.116569
0.117085
0.117401
0.117815
0.118463
0.115654
0.153889
0.146260
0.144189
0.145221
0.140879
0.136735
0.134802
0.131868
0.132763
0.135625
0.136178
0.133928
0.115278
0.114432
0.093408
0.091892
0.094490
0.094045
0.081024
0.075593
0.087299
0.088002
0.092213
0.086795
0.095255
0.098605
0.083844
0.123582
0.128254
0.120168
0.117931
0.099153
0.118216
0.140557
0.121147
0.133477
0.126005
0.127683
0.108410
0.113952
0.103571
0.101677
0.098816
0.098969
0.116381
0.115750
0.117355
0.111368
0.117101
0.112313
0.113504
0.110432
0.111327
0.100275
0.113493
0.114405
0.111840
0.118728
0.158729
0.119473
0.137145
0.193910
0.184060
0.212090
0.200724
0.196393
0.217677
0.230051
0.215840
0.216145
0.218794
0.215085
0.194971
0.215375
0.215557
0.232438
0.231574
0.213180
0.209615
0.193915
0.216762
0.213624
0.223098
0.223564
0.224741
0.226296
0.229077
0.234098
0.233760
0.207991
0.204676
0.185054
0.210706
0.213927
0.206544
0.197279
0.229105
0.226509
0.222678
0.210353
0.191929
0.193074
0.216374
0.221359
0.203167
0.221884
0.217174
0.235038
0.235929
0.225144
0.215653
0.222142
0.216701
0.225504
0.213145
0.186139
0.177504
0.181749
0.187641
0.180804
0.177839
0.165185
0.153193
0.153690
0.149555
0.157758
0.146620
0.166121
0.170091
0.161144
0.136668
0.145212
0.151582
0.163264
0.157018
0.146957
0.146989
0.140164
0.122907
0.119301
0.111765
0.108525
0.127408
0.117861
0.141436
0.144430
0.151765
0.162998
0.171037
0.152057
0.159992
0.166535
0.167890
0.154324
0.093597
0.086905
0.084829
0.085520
0.091472
0.082816
0.083494
0.092806
0.095617
0.084828
0.087365
0.083523
0.082180
0.092625
0.088510
0.080807
0.073992
0.073190
0.070418
0.072564
0.074241
0.074001
0.075685
0.058117
0.073174
0.072476
0.075179
0.077985
0.080342
0.076701
0.076528
0.069791
0.074143
0.075071
0.076282
0.084815
0.088813
0.089674
0.075725
0.077331
0.090732
0.088340
0.088667
0.086422
0.095800
0.137382
0.119638
0.133278
0.128720
0.130701
0.125865
0.162621
0.070505
0.069889
0.070685
0.072604
0.073123
0.072764
0.071882
0.070450
0.073858
0.072073
0.071594
0.069474
0.068866
0.067696
0.067441
0.068883
0.068602
0.070134
0.070098
0.069145
0.069441
0.072067
0.069838
0.071427
0.068681
0.071843
0.068106
0.071045
0.066961
0.070422
0.070033
0.068345
0.072891
0.070509
0.073536
0.073816
0.072206
0.070220
0.071186
0.069572
0.068365
0.069405
0.071034
0.069191
0.069091
0.068082
0.066330
0.064895
0.069767
0.068651
0.069625
0.066982
0.067238
0.069940
0.070165
0.070173
0.069248
0.071602
0.068661
0.069695
0.068982
0.068568
0.072030
0.071065
0.072709
0.075136
0.075734
0.075315
0.085013
0.088308
0.091420
0.089242
0.096500
0.088688
0.088569
0.090463
0.083380
0.084683
0.085522
0.071504
0.090638
0.087499
0.082618
0.082060
0.086809
0.079179
0.077907
0.079930
0.080754
0.081192
0.087334
0.088773
0.074245
0.087964
0.083643
0.074500
0.076241
0.075792
0.073764
0.079802
0.074218
0.074741
0.074583
0.075357
0.070189
0.079220
0.083227
0.082441
0.075283
0.076821
0.077579
0.076243
0.074325
0.061797
0.068663
0.061863
0.062282
0.067659
0.067330
0.070524
0.076766
0.074932
0.074053
0.073284
0.072846
0.070953
0.073300
0.059231
0.061593
0.069163
0.090377
0.093686
0.144805
0.153742
0.151830
0.151438
0.147268
0.142797
0.152724
0.152370
0.147017
0.154694
0.149155
0.146995
0.150103
0.148396
0.147054
0.148019
0.145438
0.144916
0.143700
0.144440
0.148113
0.143865
0.148005
0.146829
0.147119
0.145151
0.145545
0.143496
0.141538
0.143725
0.141310
0.140830
0.141449
0.139566
0.138490
0.138032
0.139264
0.143746
0.143581
0.141831
0.141128
0.142869
0.145256
0.121771
0.143319
0.138062
0.124369
0.125536
0.124239
0.125979
0.124632
0.124495
0.123134
0.136983
0.120462
0.121910
0.119563
0.116652
0.133275
0.115158
0.118486
0.117617
0.119289
0.116873
0.120104
0.118636
0.117786
0.119309
0.118162
0.118648
0.118785
0.119427
0.118031
0.119671
0.120455
0.117489
0.116794
0.117301
0.118053
0.118347
0.118338
0.119582
0.118941
0.118828
0.117540
0.118312
0.117720
0.118070
0.118028
0.118385
0.118560
0.118815
0.118189
0.117789
0.118406
0.117739
0.117464
0.118119
0.117963
0.117336
0.117681
0.118500
0.118269
0.118611
0.118674
0.118567
0.118528
0.118958
0.118944
0.119878
0.120633
0.228054
0.203176
0.219923
0.232786
0.234528
0.238269
0.238002
0.242594
0.221359
0.222490
0.241799
0.219523
0.223874
0.236894
0.221810
0.220934
0.217629
0.238992
0.238976
0.233750
0.227488
0.231124
0.211899
0.204558
0.209201
0.209339
0.218123
0.212845
0.219640
0.237061
0.244017
0.248221
0.254170
0.258125
0.246924
0.251858
0.256577
0.248454
0.251241
0.252444
0.249277
0.251218
0.256469
0.257800
0.255985
0.251372
0.250956
0.246356
0.238019
0.254734
0.246478
0.248710
0.224804
0.236468
0.226171
0.227989
0.229412
0.222506
0.220685
0.260590
0.224963
0.220693
0.253988
0.206329
0.205250
0.173101
0.170501
0.170422
0.157695
0.157136
0.156562
0.143011
0.147196
0.233095
0.149183
0.145869
0.144155
0.142561
0.155359
0.242332
0.160717
0.159662
0.146537
0.148927
0.147112
0.146334
0.146921
0.163066
0.208140
0.206808
0.206411
0.205233
0.206862
0.205995
0.208678
0.205621
0.208910
0.218321
0.206304
0.217065
0.204606
0.208271
0.206704
0.206954
0.207433
0.208712
0.207434
0.208110
0.208074
0.207347
0.207336
0.207534
0.210744
0.208588
0.204771
0.204713
0.205002
0.204464
0.204321
0.204986
0.203426
0.217149
0.202417
0.204212
0.200653
0.198058
0.197777
0.198135
0.196837
0.197087
0.198522
0.197342
0.197083
0.197687
0.197242
0.198512
0.199925
0.200255
0.197060
0.197475
0.196339
0.194199
0.198184
0.212235
0.221076
0.221506
0.220654
0.224201
0.224221
0.221390
0.220181
0.221355
0.221295
0.219563
0.213123
0.216145
0.218475
0.219933
0.214200
0.213454
0.213572
0.214562
0.218018
0.217185
0.216287
0.216842
0.210757
0.215893
0.213124
0.215092
0.205283
0.217650
0.215266
0.223164
0.226439
0.214303
0.215721
0.202534
0.213655
0.207843
0.198149
0.209022
0.217375
0.224586
0.224203
0.209756
0.196962
0.196792
0.207033
0.199979
0.195115
0.156530
0.114275
0.158546
0.153716
0.157327
0.155172
0.156493
0.155409
0.155205
0.157289
0.158609
0.153083
0.117103
0.114686
0.167463
0.167003
0.166547
0.166208
0.152294
0.155045
0.155140
0.156357
0.152773
0.150718
0.153849
0.155761
0.154876
0.158703
0.154271
0.157394
0.152233
0.149948
0.152678
0.151131
0.152494
0.134268
0.137669
0.135898
0.178998
0.159581
0.136131
0.130067
0.126596
0.135319
0.126216
0.177238
0.125611
0.123986
0.123399
0.123738
0.122189
0.125552
0.122727
0.084975
0.114329
0.114346
0.120988
0.123434
0.124999
0.125027
0.124829
0.134890
0.133811
0.137790
0.136758
0.135702
0.135465
0.138870
0.137492
0.139050
0.140337
0.140756
0.141156
0.140082
0.142587
0.142644
0.142718
0.141910
0.141513
0.144040
0.142155
0.143040
0.142811
0.142636
0.144490
0.140312
0.140912
0.142244
0.150352
0.141766
0.142290
0.141967
0.142606
0.141454
0.143827
0.142817
0.142762
0.141503
0.144155
0.126975
0.125089
0.141746
0.127582
0.142163
0.128109
0.141140
0.142328
0.143754
0.145663
0.147620
0.147894
0.148052
0.147193
0.143167
0.183710
0.183820
0.148100
0.148395
0.144839
0.147262
0.163263
0.183754
0.165462
0.151367
0.184706
0.181362
0.175990
0.182862
0.187631
0.189346
0.186072
0.186551
0.187528
0.161455
0.173360
0.183496
0.184301
0.199579
0.131527
0.128336
0.130680
0.130410
0.133365
0.132758
0.126600
0.126541
0.127946
0.126022
0.128152
0.130279
0.131657
0.138132
0.137653
0.137274
0.133450
0.133878
0.133252
0.133641
0.132722
0.138804
0.130394
0.132092
0.129256
0.140977
0.129108
0.128996
0.131668
0.128970
0.128907
0.125483
0.124964
0.121862
0.122058
0.121522
0.124109
0.120816
0.128334
0.127917
0.127470
0.130897
0.127993
0.129212
0.134116
0.138354
0.165862
0.166756
0.162693
0.170075
0.160940
0.163009
0.151994
0.156124
0.152621
0.163973
0.163923
0.159182
0.148032
0.154062
0.164264
0.158342
0.172074
0.157574
0.174502
0.173928
0.159710
0.174091
0.159584
0.166275
0.174834
0.172253
0.175751
0.172543
0.166630
0.179995
0.184661
0.176018
0.170511
0.164992
0.161195
0.183239
0.114055
0.128565
0.155641
0.181706
0.177781
0.139700
0.138005
0.133947
0.126602
0.126921
0.126068
0.131387
0.130580
0.131283
0.130970
0.135717
0.136820
0.137433
0.133165
0.137104
0.135053
0.134162
0.133131
0.135164
0.136479
0.123683
0.138801
0.135795
0.192283
0.172753
0.168537
0.129177
0.123234
0.127605
0.132490
0.132297
0.129724
0.136793
0.135432
0.130169
0.137194
0.133797
0.133919
0.134300
0.135237
0.134140
0.134653
0.133147
0.132978
0.133522
0.132668
0.135347
0.136692
0.136072
0.132444
0.133359
0.134499
0.135507
0.127888
0.128005
0.128111
0.130303
0.131635
0.128891
0.128882
0.128784
0.138110
0.201551
0.196069
0.198577
0.214274
0.203687
0.205649
0.205667
0.203002
0.203994
0.219772
0.206253
0.204561
0.216906
0.172573
0.194714
0.227716
0.215380
0.198723
0.225610
0.214720
0.194957
0.203454
0.191381
0.191253
0.193105
0.195503
0.184848
0.190324
0.194497
0.139786
0.140629
0.137176
0.137967
0.141897
0.192021
0.194899
0.193814
0.113007
0.106742
0.096211
0.084543
0.089680
0.081359
0.080315
0.079960
0.081476
0.086319
0.089025
0.089887
0.084537
0.083952
0.090245
0.084507
0.084231
0.078246
0.086827
0.089776
0.083919
0.089890
0.086409
0.088308
0.088380
0.087639
0.086803
0.088916
0.089013
0.083223
0.086852
0.084154
0.092190
0.084847
0.084262
0.083248
0.081517
0.083323
0.099579
0.101715
0.096791
0.082396
0.086338
0.085493
0.080128
0.076643
0.079718
0.080260
0.076802
0.078032
0.081660
0.083654
0.091384
0.087608
0.087200
0.094608
0.081353
0.081754
0.098433
0.098885
0.101637
0.078063
0.072894
0.069787
0.069810
0.068750
0.072121
0.072320
0.073042
0.075026
0.074768
0.076810
0.078137
0.077283
0.075671
0.074893
0.084415
0.086965
0.080849
0.084094
0.082886
0.089823
0.089958
0.089665
0.087796
0.095536
0.091812
0.090515
0.093996
0.090218
0.092595
0.094214
0.092794
0.093617
0.094611
0.098990
0.098070
0.096073
0.096396
0.097019
0.096866
0.097876
0.097938
0.107430
0.106342
0.108837
0.110194
0.094793
0.097834
0.095189
0.099364
0.105434
0.122389
0.124488
0.129169
0.128729
0.132357
0.125217
0.122252
0.120479
0.125773
0.114073
0.108422
0.109845
0.103691
0.103563
0.099410
0.101002
0.096396
0.096394
0.099650
0.098382
0.106091
0.102669
0.101448
0.098671
0.086311
0.087110
0.092869
0.094859
0.093200
0.094858
0.090862
0.086210
0.097624
0.097971
0.100707
0.110040
0.099665
0.094941
0.094734
0.095630
0.095048
0.094343
0.097714
0.095334
0.098151
0.100235
0.100238
0.096761
0.102167
0.104932
0.103330
0.097654
0.095204
0.099650
0.095432
0.099643
0.104798
0.103886
0.102761
0.102961
0.102147
0.100939
0.099762
0.101153
0.094391
0.099321
0.086743
0.114213
0.158632
0.225854
0.253909
0.175200
0.206995
0.167755
0.134870
0.111105
0.108601
0.112136
0.112314
0.102665
0.110268
0.110236
0.113513
0.121353
0.127434
0.120814
0.123460
0.121827
0.122206
0.120318
0.142042
0.143016
0.135757
0.149463
0.158603
0.162185
0.143142
0.168483
0.125501
0.126283
0.134932
0.130682
0.135617
0.135215
0.134802
0.134492
0.138138
0.132134
0.133876
0.116207
0.114949
0.129613
0.169831
0.170615
0.169175
0.169825
0.170584
0.170913
0.170990
0.173021
0.171111
0.169262
0.171850
0.158936
0.136261
0.135520
0.167995
0.167230
0.143220
0.142919
0.137075
0.140536
0.142578
0.138029
0.135062
0.134990
0.140779
0.136456
0.135365
0.136585
0.135625
0.141739
0.137778
0.138095
0.122129
0.122663
0.129823
0.138838
0.141742
0.136231
0.134094
0.133838
0.131680
0.130528
0.132524
0.133391
0.144507
0.141994
0.146238
0.143018
0.143182
0.141398
0.147528
0.153704
0.151547
0.153861
0.124429
0.125064
0.127962
0.152832
0.150947
0.145773
0.147978
0.152186
0.156491
0.155032
0.166501
0.164970
0.164275
0.139863
0.141707
0.140504
0.141805
0.144035
0.145937
0.144786
0.148593
0.150746
0.148433
0.149340
0.132863
0.132767
0.145034
0.151042
0.149809
0.149411
0.150310
0.148949
0.150342
0.150543
0.134625
0.133163
0.140352
0.152920
0.137781
0.138393
0.138945
0.136958
0.137553
0.133218
0.143376
0.135563
0.132036
0.149692
0.147716
0.134625
0.142712
0.136012
0.137928
0.151014
0.138221
0.138417
0.135257
0.136547
0.137685
0.140437
0.147965
0.140317
0.139581
0.137272
0.142486
0.137271
0.141532
0.147675
0.144222
0.139399
0.139747
0.136596
0.144998
0.135871
0.138177
0.136085
0.135272
0.140737
0.140594
0.141426
0.140681
0.141621
0.140464
0.143722
0.145956
0.143736
0.142231
0.160096
0.159990
0.147862
0.152151
0.162367
0.150749
0.144540
0.147016
0.143702
0.145954
0.144219
0.142371
0.137895
0.139427
0.141220
0.136522
0.138594
0.139237
0.120998
0.119766
0.118107
0.143057
0.133298
0.132314
0.138529
0.122857
0.158660
0.125462
0.141599
0.123819
0.133197
0.129485
0.136881
0.144162
0.133458
0.140892
0.133695
0.133204
0.118643
0.122609
0.122318
0.121869
0.128656
0.129602
0.127815
0.131928
0.132137
0.132956
0.136024
0.132716
0.133905
0.130625
0.131530
0.131804
0.135204
0.131141
0.137110
0.128042
0.134507
0.150728
0.141060
0.141361
0.151232
0.149776
0.151346
0.152073
0.152430
0.154190
0.151654
0.157180
0.157575
0.156635
0.123142
0.117915
0.120838
0.120324
0.122773
0.117918
0.118889
0.121810
0.125197
0.125513
0.131328
0.143255
0.144194
0.143533
0.165952
0.136730
0.121342
0.132729
0.122203
0.124315
0.127854
0.125785
0.124332
0.124073
0.124893
0.121483
0.133396
0.132544
0.133022
0.130766
0.129903
0.129644
0.123264
0.128493
0.174619
0.172986
0.176702
0.173220
0.134223
0.134953
0.134208
0.172647
0.132539
0.122414
0.130686
0.137809
0.121914
0.129478
0.123330
0.124218
0.124845
0.126599
0.127924
0.129410
0.128924
0.145686
0.132445
0.132489
0.133061
0.133251
0.133041
0.134941
0.131258
0.132508
0.140550
0.141845
0.141134
0.139005
0.142870
0.143565
0.142553
0.143484
0.142473
0.145014
0.085239
0.084782
0.084812
0.136146
0.127629
0.126524
0.134611
0.135704
0.120383
0.121593
0.129014
0.128219
0.127427
0.145749
0.149779
0.147376
0.145767
0.162515
0.164685
0.166601
0.165962
0.168862
0.157940
0.165724
0.149039
0.155575
0.153982
0.161414
0.162221
0.154597
0.160526
0.163090
0.169998
0.148408
0.147652
0.149124
0.169213
0.158302
0.158762
0.156167
0.157151
0.157702
0.167293
0.162764
0.162993
0.159394
0.160153
0.164092
0.156874
0.154311
0.130900
0.133021
0.133216
0.132014
0.159671
0.084008
0.074154
0.105073
0.104415
0.103194
0.102131
0.101050
0.095949
0.087466
0.096088
0.079736
0.075657
0.079784
0.094718
0.097134
0.082157
0.082668
0.082042
0.081217
0.083352
0.081916
0.081151
0.080035
0.082481
0.151294
0.151134
0.164494
0.163751
0.147524
0.148501
0.146058
0.135343
0.136588
0.137532
0.134619
0.109419
0.120666
0.135333
0.138889
0.149845
0.149422
0.147928
0.147123
0.153243
0.146206
0.144615
0.148321
0.123721
0.124010
0.096932
0.111797
0.105823
0.108951
0.102643
0.103938
0.097801
0.099614
0.099512
0.100612
0.098858
0.099865
0.100746
0.100866
0.100004
0.099336
0.098886
0.099120
0.099092
0.099303
0.097473
0.092971
0.097191
0.098025
0.096349
0.099667
0.117242
0.118228
0.131482
0.131889
0.132235
0.125310
0.130129
0.130069
0.131427
0.131627
0.130269
0.130610
0.130850
0.133423
0.133520
0.132681
0.135884
0.133928
0.137055
0.138289
0.139491
0.139275
0.137877
0.133776
0.132922
0.133474
0.130202
0.126903
0.122404
0.127287
0.118431
0.121855
0.119785
0.112078
0.113045
0.119942
0.114005
0.117914
0.085004
0.148766
0.142639
0.142714
0.147979
0.138035
0.150349
0.132226
0.127935
0.146424
0.147253
0.147417
0.147880
0.147558
0.148027
0.147771
0.149088
0.149538
0.147857
0.149002
0.149970
0.149905
0.151523
0.148655
0.150032
0.151079
0.156145
0.129839
0.120777
0.122013
0.122906
0.127544
0.127152
0.122709
0.122605
0.121995
0.124230
0.122477
0.120995
0.119389
0.120207
0.119211
0.122737
0.125650
0.125316
0.128382
0.128340
0.125525
0.123735
0.123280
0.121276
0.116729
0.127598
0.126164
0.130692
0.131958
0.129596
0.128585
0.172045
0.170227
0.169562
0.162609
0.170588
0.160159
0.169906
0.171583
0.150292
0.119389
0.120446
0.169002
0.168585
0.120908
0.116400
0.123201
0.123440
0.143322
0.148256
0.124308
0.166804
0.160962
0.122763
0.121681
0.122769
0.122079
0.152961
0.146170
0.148446
0.146739
0.148291
0.143498
0.146763
0.144278
0.136133
0.150465
0.143319
0.143484
0.147002
0.147900
0.150695
0.144597
0.149843
0.149691
0.152368
0.151698
0.151787
0.155026
0.155146
0.152592
0.150982
0.151670
0.153316
0.148832
0.148399
0.150514
0.151051
0.144219
0.142323
0.140403
0.158626
0.144474
0.144094
0.143778
0.145380
0.145845
0.149345
0.151476
0.154923
0.152891
0.144820
0.154266
0.148229
0.139130
0.185879
0.133144
0.132723
0.159910
0.117624
0.122464
0.097716
0.098195
0.121608
0.127052
0.089495
0.086688
0.087897
0.084824
0.083393
0.080878
0.041862
0.048122
0.046162
0.044890
0.033095
0.034921
0.031979
0.037944
0.034587
0.034480
0.028589
0.025838
0.023791
0.025996
0.027526
0.023864
0.019379
0.021165
0.019209
0.020550
0.019558
0.023429
0.020444
0.021440
0.019435
0.019589
0.020016
0.019471
0.018645
0.017001
0.017205
0.015757
0.016115
0.014343
0.013727
0.015545
0.012777
0.013363
0.012454
0.010367
0.011512
0.009869
0.008760
0.010031
0.007651
0.006168
0.007080
0.005468
0.004869
0.005241
0.003540
0.002435
0.002484
0.002645
0.000669
0.000000
0.000592
0.002388
0.001948
0.001313
0.001732
0.002803
0.004520
0.003551
0.003222
0.003311
0.003422
0.003639
0.003957
0.003996
0.004020
0.004018
0.009439
0.022529
0.045055
0.076302
0.118583
0.168589
0.231403
0.297734
0.381935
0.289137
0.291357
0.291669
0.289846
0.289757
0.291730
0.289067
0.293903
0.293760
0.289790
0.288188
0.290637
0.288226
0.290420
0.287931
0.292147
0.291248
0.287463
0.288944
0.290424
0.291391
0.292179
0.289860
0.287878
0.286940
0.294237
0.291346
0.291472
0.284985
0.291190
0.284690
0.283320
0.287883
0.284926
0.287102
0.288508
0.291516
0.286014
0.287344
0.282489
0.283242
0.283136
0.291610
0.286336
0.287251
0.287102
0.288524
0.288528
0.285064
0.285784
0.288489
0.289014
0.289403
0.286173
0.285349
0.288803
0.284878
0.287080
0.283455
0.281461
0.285838
0.282728
0.282918
0.283440
0.279876
0.284065
0.282336
0.287120
0.285661
0.285637
0.285629
0.288395
0.283335
0.283155
0.284884
0.284300
0.281421
0.287872
0.288619
0.289768
0.287909
0.288707
0.287660
0.283134
0.290671
0.290927
0.287002
0.292359
0.289625
0.283518
0.286135
0.286981
0.289076
0.291215
0.287564
0.285098
0.493115
0.493115
0.493115
0.493115
0.493115
0.493115
0.493115
