0.197809
0.197809
0.197809
0.197809
0.197809
0.197809
0.197809
0.197809
0.149811
0.110601
0.088095
0.065786
0.054492
0.044290
0.046356
0.051145
0.068884
0.101258
0.129677
0.146507
0.149797
0.146348
0.154296
0.150949
0.149958
0.144272
0.162371
0.153804
0.143373
0.146994
0.141148
0.142529
0.141800
0.140161
0.141498
0.141515
0.142212
0.148885
0.146592
0.144128
0.140196
0.145065
0.145163
0.143957
0.145457
0.145703
0.150869
0.148173
0.146117
0.148464
0.147712
0.159475
0.156772
0.157541
0.156315
0.158417
0.156684
0.138886
0.139955
0.141792
0.141591
0.144427
0.144567
0.150803
0.149929
0.159019
0.148034
0.147649
0.147906
0.146993
0.142444
0.142051
0.148548
0.151197
0.145344
0.148338
0.147727
0.146537
0.149142
0.148346
0.145449
0.146434
0.145032
0.147306
0.146146
0.147109
0.146530
0.147944
0.148184
0.146520
0.147873
0.147998
0.148460
0.144741
0.145275
0.145681
0.147134
0.147834
0.147953
0.147787
0.146881
0.147969
0.147484
0.147272
0.147186
0.147295
0.148293
0.147898
0.147486
0.147426
0.147436
0.147477
0.147281
0.052736
0.053174
0.053064
0.053043
0.052695
0.054605
0.058279
0.056394
0.050505
0.051387
0.052987
0.062973
0.062435
0.052325
0.052733
0.052696
0.052886
0.053442
0.056862
0.056646
0.057731
0.063374
0.065017
0.065053
0.061872
0.066672
0.073248
0.068581
0.065007
0.069520
0.070697
0.066743
0.065751
0.066285
0.066212
0.064378
0.063668
0.066420
0.064059
0.066351
0.065944
0.067037
0.065532
0.066113
0.066277
0.067173
0.067090
0.066362
0.066294
0.064943
0.065318
0.066030
0.069323
0.067952
0.066744
0.067856
0.066507
0.067858
0.067031
0.068136
0.064806
0.063162
0.056833
0.054498
0.060132
0.054402
0.060650
0.062407
0.060908
0.061540
0.061112
0.061249
0.061668
0.060488
0.061976
0.061769
0.061980
0.061792
0.057745
0.070992
0.070576
0.070876
0.070845
0.071466
0.070861
0.071735
0.070590
0.070495
0.069997
0.071358
0.067109
0.058454
0.055121
0.050692
0.053057
0.053145
0.044348
0.046171
0.044872
0.045598
0.042958
0.046459
0.045943
0.045350
0.042005
0.045207
0.044916
0.046059
0.045185
0.045641
0.047255
0.045926
0.044984
0.045715
0.044859
0.045755
0.045914
0.046232
0.046264
0.046008
0.045923
0.045874
0.045733
0.045690
0.045931
0.045936
0.045936
0.046927
0.046788
0.046775
0.047070
0.047167
0.047160
0.047160
0.047132
0.047135
0.045563
0.048937
0.045634
0.045692
0.046894
0.045640
0.046942
0.049315
0.049319
0.047020
0.088670
0.081781
0.084199
0.079081
0.076207
0.073325
0.072544
0.065896
0.066740
0.066534
0.065070
0.065865
0.066233
0.067640
0.065746
0.061456
0.072944
0.066226
0.073629
0.076053
0.073725
0.073285
0.073588
0.060730
0.059978
0.059837
0.059617
0.060939
0.060918
0.071250
0.060603
0.059248
0.069613
0.059998
0.060182
0.059509
0.073325
0.068547
0.070403
0.070342
0.071234
0.069942
0.071550
0.070299
0.071837
0.070308
0.068662
0.069032
0.068264
0.068459
0.069813
0.069056
0.073959
0.073591
0.075192
0.077824
0.078900
0.075759
0.074536
0.075137
0.074371
0.070108
0.067710
0.066788
0.062333
0.060430
0.059720
0.059472
0.059288
0.058916
0.059351
0.059356
0.059920
0.059245
0.059670
0.059627
0.060006
0.059679
0.059317
0.059125
0.060833
0.060854
0.059489
0.060378
0.059257
0.054905
0.053750
0.056646
0.054042
0.056876
0.059090
0.063005
0.060072
0.059141
0.063200
0.058653
0.067233
0.079935
0.077692
0.075945
0.122761
0.120557
0.116777
0.133738
0.083897
0.088549
0.125484
0.110466
0.114709
0.096628
0.119112
0.097525
0.102882
0.105956
0.120183
0.119605
0.136970
0.063700
0.065173
0.062592
0.060678
0.059312
0.056781
0.059455
0.106348
0.057461
0.061858
0.066504
0.070972
0.074737
0.078484
0.078221
0.083056
0.082159
0.081155
0.082930
0.084854
0.117886
0.117544
0.108704
0.108059
0.113631
0.109264
0.106442
0.101696
0.117793
0.110857
0.088001
0.088438
0.085841
0.086498
0.083482
0.070465
0.102930
0.099476
0.101526
0.093001
0.079233
0.099180
0.098401
0.098986
0.108669
0.110431
0.082358
0.081964
0.095955
0.100666
0.099057
0.105385
0.110732
0.113953
0.119070
0.120695
0.118920
0.120614
0.132156
0.120702
0.120467
0.119369
0.121428
0.122679
0.121337
0.119036
0.119514
0.119284
0.118693
0.118846
0.118729
0.117685
0.118721
0.139145
0.137737
0.137209
0.137391
0.113923
0.110869
0.111484
0.110568
0.111712
0.112333
0.114068
0.111385
0.110909
0.112872
0.111216
0.112763
0.113301
0.115013
0.114009
0.115140
0.114906
0.131909
0.115802
0.120941
0.129403
0.057959
0.059924
0.057302
0.060988
0.059802
0.059984
0.058419
0.056907
0.058816
0.058851
0.058191
0.056904
0.058518
0.056578
0.056838
0.060619
0.056116
0.057296
0.057584
0.056570
0.057577
0.060828
0.057829
0.057611
0.063022
0.057206
0.057884
0.058505
0.057378
0.058900
0.056264
0.060409
0.057133
0.057467
0.058839
0.057319
0.058598
0.057312
0.056441
0.056755
0.056447
0.056371
0.057094
0.058163
0.057463
0.056753
0.056866
0.061918
0.056538
0.057525
0.056577
0.056155
0.055863
0.055347
0.056613
0.055288
0.056934
0.075896
0.078550
0.076412
0.078187
0.078231
0.077007
0.079744
0.081840
0.079980
0.082641
0.084320
0.077587
0.075051
0.081448
0.080504
0.078675
0.078677
0.073938
0.073050
0.072555
0.070944
0.065627
0.070999
0.063467
0.066417
0.073689
0.070086
0.064184
0.066277
0.074353
0.069678
0.081386
0.078689
0.079426
0.076632
0.083165
0.078973
0.101535
0.101038
0.102910
0.099215
0.098830
0.102733
0.104111
0.104499
0.103551
0.103987
0.102260
0.104082
0.105092
0.103322
0.101682
0.101522
0.095412
0.086224
0.088022
0.087127
0.090307
0.085513
0.087325
0.083692
0.083466
0.079753
0.078647
0.075061
0.079690
0.079717
0.083959
0.080069
0.072864
0.068999
0.084000
0.077657
0.069267
0.076958
0.075793
0.066923
0.068050
0.071160
0.077474
0.069955
0.068147
0.068063
0.065574
0.066129
0.066056
0.071128
0.067066
0.070805
0.070679
0.070397
0.071007
0.069484
0.075669
0.070763
0.040875
0.040184
0.042590
0.049829
0.038801
0.048141
0.036916
0.042402
0.051802
0.043916
0.049534
0.051362
0.053499
0.053665
0.052454
0.051726
0.052685
0.056151
0.048323
0.043146
0.050532
0.049932
0.048865
0.043515
0.046626
0.057731
0.057346
0.058519
0.059297
0.057388
0.058818
0.058865
0.059491
0.059761
0.060105
0.060962
0.058757
0.060143
0.060097
0.055343
0.060945
0.060033
0.060516
0.060949
0.060492
0.058382
0.058005
0.060874
0.060174
0.058735
0.059938
0.058976
0.057537
0.057697
0.057277
0.057284
0.055667
0.055515
0.057021
0.057305
0.057228
0.058594
0.057674
0.057595
0.060732
0.067046
0.058143
0.057820
0.063571
0.065289
0.060261
0.065027
0.060994
0.058479
0.063306
0.065084
0.058841
0.064178
0.062794
0.063857
0.062388
0.060457
0.060994
0.066016
0.068876
0.069285
0.074115
0.074195
0.074374
0.074402
0.074239
0.078542
0.076175
0.067095
0.075108
0.066587
0.073865
0.066000
0.066222
0.061749
0.065020
0.063279
0.063338
0.063003
0.062761
0.062518
0.048595
0.040258
0.040294
0.042254
0.040394
0.038483
0.038371
0.038791
0.037629
0.039346
0.039105
0.039333
0.040684
0.051589
0.042856
0.041634
0.042475
0.052605
0.052510
0.052299
0.041369
0.051298
0.051724
0.052375
0.052883
0.051123
0.042381
0.041047
0.041595
0.041877
0.043839
0.041779
0.046317
0.049464
0.050672
0.041390
0.042458
0.046291
0.041760
0.043253
0.042060
0.042286
0.042839
0.043177
0.041633
0.044320
0.044711
0.047839
0.043191
0.043372
0.045600
0.045311
0.042963
0.042891
0.039491
0.042082
0.043828
0.045578
0.045709
0.046796
0.046785
0.042580
0.043537
0.041023
0.037093
0.038415
0.040326
0.040993
0.041677
0.040577
0.039434
0.039087
0.038903
0.038823
0.041317
0.040221
0.041843
0.041621
0.041715
0.039975
0.041615
0.041843
0.039084
0.041885
0.039778
0.040448
0.039896
0.044247
0.044413
0.045146
0.047197
0.041090
0.040227
0.042718
0.045293
0.044469
0.041360
0.040855
0.041181
0.039397
0.040281
0.040362
0.039691
0.044173
0.043493
0.041450
0.043782
0.039518
0.039994
0.045708
0.045131
0.045275
0.044710
0.045616
0.042306
0.044294
0.045130
0.049223
0.053685
0.053385
0.052961
0.051255
0.051352
0.052214
0.051424
0.053248
0.052586
0.049066
0.046392
0.051563
0.050893
0.050451
0.050066
0.045632
0.049238
0.045207
0.053681
0.054459
0.055063
0.054611
0.057431
0.055167
0.054939
0.053265
0.055326
0.053518
0.046707
0.051316
0.054011
0.051470
0.050632
0.051052
0.052421
0.051904
0.052484
0.057465
0.056708
0.057909
0.060561
0.077604
0.077427
0.085032
0.091938
0.111405
0.115993
0.106953
0.117293
0.110969
0.114348
0.116499
0.101590
0.121657
0.071256
0.076316
0.115774
0.118517
0.123478
0.123497
0.126482
0.127178
0.129355
0.129479
0.129678
0.129868
0.137249
0.135381
0.133993
0.129531
0.126899
0.130827
0.127790
0.134059
0.128533
0.132906
0.138130
0.140160
0.128468
0.127138
0.128328
0.131632
0.132099
0.135770
0.134408
0.135529
0.136464
0.140711
0.131937
0.131510
0.132432
0.129174
0.139213
0.143634
0.141103
0.138694
0.138692
0.138524
0.138509
0.062145
0.072371
0.062237
0.065231
0.062501
0.065071
0.059440
0.060097
0.060575
0.064899
0.058293
0.066225
0.059501
0.066015
0.062040
0.064296
0.062502
0.061224
0.062697
0.058259
0.057605
0.063926
0.064827
0.064789
0.065686
0.065893
0.066349
0.065742
0.064628
0.064671
0.065603
0.066036
0.065536
0.060882
0.065376
0.063958
0.058802
0.056716
0.055929
0.060420
0.060303
0.061779
0.061905
0.059011
0.060326
0.060551
0.058148
0.056411
0.057763
0.078965
0.080207
0.080314
0.081057
0.080132
0.079445
0.083454
0.078967
0.079958
0.076541
0.076537
0.076714
0.076336
0.076915
0.077386
0.077412
0.077541
0.142519
0.135818
0.135030
0.140056
0.150421
0.141010
0.073906
0.134763
0.094512
0.143206
0.076001
0.153947
0.157390
0.157940
0.157563
0.157356
0.157554
0.074002
0.073804
0.074664
0.074854
0.072014
0.074174
0.080825
0.073420
0.072994
0.073193
0.072391
0.075903
0.087241
0.082815
0.086318
0.086557
0.071340
0.069967
0.097851
0.095613
0.096577
0.094494
0.095747
0.093029
0.092259
0.090907
0.091931
0.090911
0.090418
0.092389
0.089709
0.093515
0.086944
0.086300
0.086111
0.086702
0.086714
0.086129
0.086228
0.086387
0.092127
0.086646
0.086668
0.086386
0.143738
0.143479
0.144287
0.144505
0.144408
0.144168
0.144023
0.151499
0.150891
0.151816
0.150563
0.151504
0.148892
0.154444
0.149139
0.149818
0.153093
0.149088
0.149210
0.146649
0.146784
0.148483
0.148312
0.147432
0.145434
0.143517
0.137525
0.135152
0.135939
0.137182
0.136125
0.136405
0.136718
0.131198
0.136729
0.132090
0.131724
0.132398
0.144379
0.142943
0.142738
0.142876
0.132502
0.132962
0.127780
0.120847
0.108665
0.106092
0.099397
0.101116
0.072031
0.071823
0.072839
0.073352
0.073458
0.071748
0.075799
0.076787
0.074504
0.081191
0.077014
0.079501
0.080680
0.082630
0.079662
0.076112
0.073517
0.075131
0.073035
0.072893
0.072499
0.070445
0.065617
0.064861
0.064861
0.064539
0.064361
0.121502
0.121776
0.122169
0.122208
0.122192
0.121343
0.121096
0.121461
0.121676
0.120443
0.120114
0.119133
0.119329
0.120294
0.120796
0.120718
0.121148
0.121431
0.119868
0.120202
0.120580
0.120271
0.119698
0.119957
0.119959
0.120777
0.120817
0.119652
0.119435
0.119946
0.119514
0.118995
0.118968
0.120289
0.117946
0.119945
0.118693
0.119500
0.120409
0.120170
0.119424
0.120210
0.120175
0.120225
0.120057
0.120387
0.122851
0.122696
0.122550
0.122349
0.121630
0.118938
0.119021
0.118172
0.117874
0.119032
0.119379
0.118874
0.118632
0.119266
0.118767
0.117285
0.116991
0.115125
0.108427
0.108784
0.104671
0.090094
0.077859
0.074176
0.075522
0.082806
0.082813
0.081800
0.077364
0.072412
0.074793
0.079141
0.086808
0.083793
0.077555
0.075436
0.077273
0.079196
0.073476
0.066861
0.063326
0.064094
0.063997
0.063650
0.061867
0.063279
0.063482
0.064771
0.065173
0.064558
0.064987
0.071298
0.065868
0.063651
0.070625
0.071480
0.070827
0.070395
0.065166
0.070997
0.071779
0.070804
0.070618
0.070534
0.069149
0.071560
0.063533
0.061585
0.061817
0.062497
0.062823
0.061923
0.060077
0.060704
0.060794
0.060886
0.062826
0.064643
0.056724
0.058093
0.061945
0.053789
0.053657
0.053350
0.052713
0.052627
0.054337
0.055512
0.055059
0.056393
0.056655
0.056619
0.059722
0.054529
0.055393
0.055053
0.061982
0.064361
0.063292
0.065090
0.064421
0.062081
0.055239
0.052824
0.056344
0.055443
0.056239
0.054481
0.053504
0.053718
0.056153
0.053452
0.053566
0.052944
0.055374
0.058130
0.052939
0.057485
0.054500
0.054080
0.054565
0.053627
0.057987
0.058608
0.055938
0.052858
0.059447
0.060793
0.060047
0.057326
0.057686
0.058179
0.054970
0.070673
0.072938
0.071173
0.070002
0.070994
0.070621
0.066302
0.070055
0.071304
0.072971
0.073004
0.057917
0.063660
0.059084
0.071556
0.057548
0.071250
0.072190
0.070239
0.070118
0.071499
0.073379
0.073787
0.070755
0.070883
0.071329
0.068854
0.074669
0.074203
0.076256
0.080496
0.072998
0.074722
0.069063
0.072026
0.072791
0.070512
0.071626
0.072277
0.076726
0.073029
0.075130
0.073720
0.076104
0.075638
0.075483
0.082194
0.079880
0.080198
0.079489
0.080319
0.076281
0.071414
0.078358
0.073332
0.076444
0.073868
0.073372
0.073999
0.076513
0.069237
0.071666
0.076257
0.076016
0.070518
0.075960
0.072842
0.071463
0.075043
0.073398
0.073772
0.070841
0.073492
0.073285
0.075017
0.074588
0.073814
0.074079
0.073913
0.073487
0.074911
0.072116
0.074022
0.072857
0.072410
0.073900
0.072259
0.072636
0.073573
0.075547
0.073925
0.075719
0.073896
0.075239
0.074286
0.074143
0.074251
0.074910
0.073848
0.074417
0.074848
0.074264
0.074297
0.074057
0.074012
0.074258
0.074694
0.074906
0.074862
0.074867
0.074555
0.075160
0.073497
0.073036
0.073636
0.125451
0.120160
0.107223
0.126730
0.126023
0.103214
0.109940
0.111969
0.098809
0.099944
0.112965
0.098113
0.108564
0.104958
0.103127
0.114132
0.114354
0.117653
0.122079
0.109782
0.119108
0.119896
0.108247
0.115354
0.107594
0.117293
0.105494
0.115712
0.121188
0.117914
0.115762
0.110007
0.105926
0.102757
0.097525
0.058355
0.084232
0.064064
0.061939
0.054329
0.056344
0.079075
0.082900
0.089729
0.083801
0.095781
0.094217
0.101039
0.095462
0.106612
0.117963
0.097501
0.093366
0.089250
0.087871
0.089195
0.089137
0.089164
0.092712
0.081541
0.081322
0.067044
0.100163
0.093691
0.096165
0.099423
0.097491
0.074427
0.075024
0.075129
0.074523
0.074629
0.074594
0.074967
0.074292
0.075795
0.074286
0.075233
0.074893
0.075828
0.075513
0.074456
0.075844
0.076908
0.076285
0.076240
0.074029
0.075198
0.074472
0.074633
0.074584
0.075295
0.073895
0.072487
0.071963
0.074163
0.074308
0.073561
0.073987
0.061104
0.061653
0.057328
0.057968
0.065442
0.063974
0.060757
0.064884
0.055767
0.056983
0.058391
0.054847
0.056152
0.060758
0.061806
0.064373
0.064424
0.064474
0.064406
0.064649
0.064513
0.064847
0.061040
0.062766
0.085405
0.055859
0.052864
0.055471
0.052831
0.051879
0.093876
0.091445
0.050959
0.060363
0.059597
0.059513
0.086745
0.087189
0.095692
0.053135
0.048676
0.050475
0.047822
0.058782
0.066595
0.066867
0.064198
0.063972
0.066636
0.064325
0.065129
0.063568
0.061139
0.058442
0.063216
0.065095
0.062867
0.064233
0.064033
0.063814
0.063749
0.065155
0.064987
0.060398
0.060816
0.061406
0.061798
0.052697
0.053102
0.052979
0.052912
0.053208
0.045530
0.045080
0.045210
0.043399
0.043490
0.046532
0.042834
0.042244
0.040448
0.046897
0.045492
0.044249
0.048770
0.053874
0.079980
0.082457
0.080872
0.073826
0.082917
0.081781
0.085508
0.088872
0.090688
0.048384
0.086338
0.053028
0.054011
0.052992
0.089760
0.089778
0.092556
0.089848
0.090169
0.089790
0.089528
0.088024
0.087977
0.087713
0.087938
0.086471
0.089396
0.089191
0.088941
0.088512
0.056603
0.071278
0.071700
0.082061
0.069714
0.072683
0.072279
0.071360
0.077208
0.076619
0.078016
0.077396
0.077038
0.077604
0.077660
0.079095
0.074102
0.080489
0.062433
0.062917
0.083296
0.075364
0.074059
0.082488
0.080960
0.078496
0.081355
0.077543
0.079139
0.078817
0.078479
0.080722
0.078087
0.076284
0.073326
0.073231
0.071665
0.056552
0.056740
0.056607
0.056833
0.056843
0.056457
0.059689
0.063213
0.058918
0.058924
0.062306
0.056477
0.058407
0.060947
0.055579
0.059946
0.059813
0.060426
0.057358
0.057840
0.058243
0.060160
0.063521
0.062747
0.063812
0.064625
0.062381
0.061285
0.059573
0.061616
0.056707
0.060734
0.059392
0.061045
0.061183
0.061162
0.059589
0.061965
0.061936
0.061826
0.061402
0.061882
0.061917
0.060807
0.062267
0.061110
0.060918
0.060876
0.061098
0.061358
0.061581
0.060934
0.061469
0.061885
0.061027
0.062053
0.060581
0.061090
0.060824
0.060043
0.060323
0.060203
0.059791
0.059493
0.059614
0.060292
0.059862
0.046184
0.047064
0.046379
0.044860
0.045388
0.045416
0.045690
0.044181
0.043194
0.045902
0.046476
0.045875
0.045914
0.045290
0.044457
0.043473
0.043998
0.043076
0.043333
0.043176
0.044252
0.043018
0.044139
0.044261
0.043762
0.044259
0.044166
0.044674
0.043500
0.043379
0.044876
0.044363
0.043875
0.044284
0.052566
0.044182
0.043428
0.042883
0.043140
0.042930
0.042867
0.042683
0.042816
0.043391
0.043304
0.042878
0.043095
0.042970
0.042730
0.042955
0.043145
0.044211
0.044326
0.044104
0.045421
0.004587
0.004498
0.004327
0.004196
0.004085
0.004536
0.004170
0.004213
0.004232
0.004260
0.004883
0.004756
0.004527
0.005325
0.006066
0.008077
0.010148
0.009361
0.009894
0.008983
0.006408
0.005443
0.004787
0.003990
0.003871
0.003998
0.004077
0.003938
0.003731
0.003608
0.003757
0.003686
0.004185
0.004397
0.004552
0.004896
0.005402
0.005789
0.005718
0.005707
0.006223
0.006351
0.006176
0.005939
0.006070
0.006150
0.006297
0.005748
0.005612
0.005799
0.008681
0.010170
0.009794
0.009086
0.009015
0.007820
0.007526
0.007578
0.008095
0.008804
0.009575
0.011404
0.012306
0.012250
0.012318
0.012446
0.012281
0.012110
0.012255
0.012152
0.012063
0.012046
0.011606
0.011375
0.011945
0.011834
0.011069
0.009858
0.009752
0.009971
0.010233
0.010552
0.011045
0.011373
0.011355
0.011489
0.011530
0.012144
0.013454
0.014620
0.015328
0.016503
0.017579
0.018825
0.019511
0.019236
0.019347
0.019231
0.018523
0.019423
0.019638
0.018563
0.016113
0.012875
0.010469
0.008643
0.005287
0.004743
0.004817
0.004297
0.003776
0.003713
0.003530
0.003150
0.003094
0.003117
0.003529
0.003539
0.003895
0.004591
0.003976
0.003967
0.004558
0.004462
0.004901
0.004931
0.004963
0.004904
0.004708
0.004818
0.005059
0.005108
0.005718
0.004149
0.005719
0.008961
0.009301
0.011576
0.012077
0.009336
0.010506
0.012441
0.012014
0.013674
0.016958
0.018062
0.017664
0.018241
0.019421
0.019747
0.019880
0.020689
0.020704
0.020596
0.019162
0.017265
0.015274
0.014658
0.014867
0.015698
0.014284
0.015506
0.018483
0.019632
0.020607
0.020087
0.019887
0.019414
0.018511
0.018119
0.018418
0.018593
0.018210
0.018670
0.019059
0.018957
0.018296
0.015993
0.013826
0.015765
0.015394
0.012643
0.010635
0.008229
0.005599
0.003387
0.002535
0.001193
0.000000
0.001094
0.001656
0.002198
0.003278
0.004425
0.004840
0.005072
0.004610
0.005061
0.004677
0.004251
0.004008
0.003789
0.003594
0.003709
0.003853
0.003753
0.003582
0.003700
0.003918
0.007832
0.007835
0.007789
0.007821
0.007796
0.007791
0.007764
0.007777
0.008078
0.008087
0.007793
0.007777
0.007768
0.007758
0.007848
0.007842
0.007888
0.007863
0.007861
0.007834
0.007840
0.007813
0.007808
0.007827
0.007881
0.007843
0.007829
0.007840
0.007748
0.007827
0.007797
0.007754
0.007822
0.007837
0.007817
0.007881
0.007892
0.007922
0.007953
0.007954
0.007951
0.007954
0.007900
0.007909
0.007905
0.007906
0.007897
0.007896
0.007902
0.007870
0.007856
0.007843
0.007826
0.007789
0.007796
0.007770
0.007405
0.010919
0.018222
0.030453
0.045675
0.066429
0.091066
0.122221
0.156058
0.197809
0.197809
0.197809
0.197809
0.197809
0.150980
0.151075
0.151218
0.152958
0.150589
0.152791
0.150571
0.150932
0.150787
0.151035
0.152058
0.150827
0.150716
0.150532
0.151426
0.151745
0.152543
0.152865
0.153122
0.153124
0.151895
0.152970
0.152447
0.152605
0.152438
0.148575
0.148334
0.150431
0.150475
0.151269
0.151300
0.151682
0.151165
0.151859
0.151386
0.151414
0.150302
0.151315
0.148698
0.148292
0.149161
0.149745
0.149000
0.148131
0.147735
0.149174
0.149223
0.149808
0.151039
0.151278
0.152042
0.150846
0.151983
0.149875
0.151545
0.152064
0.151773
0.151647
0.150859
0.151238
0.150930
0.149300
0.149554
0.152929
0.149258
0.149628
0.150009
0.149111
0.148121
0.149491
0.150913
0.150606
0.147151
0.150420
0.149138
0.150888
0.150488
0.150928
0.148394
0.150368
0.150203
0.150541
0.148496
0.150152
0.149716
0.149435
0.151037
0.150626
0.151245
0.149680
0.150821
0.152394
0.150627
0.150255
0.150020
0.150471
0.197809
0.197809
0.197809
0.197809
0.197809
0.197809
