0.446305
0.429876
0.412336
0.390635
0.372639
0.358987
0.344153
0.328868
0.315923
0.298835
0.288415
0.277757
0.261118
0.251904
0.241933
0.233697
0.225955
0.216587
0.208691
0.199494
0.183714
0.187376
0.184180
0.183478
0.176475
0.173389
0.160645
0.166306
0.165371
0.170635
0.166822
0.172038
0.173273
0.173509
0.166306
0.173322
0.160261
0.173393
0.159769
0.160723
0.176645
0.158775
0.160994
0.160838
0.174375
0.172594
0.174331
0.173431
0.172731
0.165388
0.172478
0.162641
0.161047
0.158975
0.161044
0.160025
0.170614
0.161209
0.160349
0.163689
0.164810
0.164840
0.165343
0.164506
0.167559
0.168152
0.164701
0.164891
0.167522
0.170065
0.169986
0.167702
0.170167
0.169002
0.167750
0.169960
0.168338
0.167780
0.167983
0.170358
0.165740
0.168723
0.169313
0.169011
0.166934
0.176008
0.167930
0.170734
0.167446
0.170990
0.169827
0.169711
0.176007
0.165005
0.164365
0.170031
0.164913
0.162771
0.161928
0.159025
0.162353
0.168230
0.163672
0.160400
0.162538
0.159088
0.163640
0.162284
0.162014
0.160554
0.164062
0.162129
0.165844
0.161918
0.161741
0.164222
0.161470
0.162727
0.152368
0.159114
0.155020
0.155465
0.155228
0.153475
0.157270
0.158331
0.159879
0.161972
0.152982
0.156620
0.157190
0.162149
0.161168
0.151948
0.156857
0.157347
0.156181
0.156746
0.156527
0.153722
0.153430
0.157187
0.156663
0.156176
0.157171
0.158317
0.158978
0.166484
0.166366
0.157186
0.168421
0.167240
0.165566
0.164292
0.159840
0.161620
0.158530
0.158474
0.155990
0.158698
0.161220
0.162700
0.159598
0.161220
0.161527
0.161381
0.161094
0.161401
0.160880
0.161030
0.161441
0.161810
0.161815
0.162847
0.144502
0.145469
0.144379
0.159332
0.150715
0.159466
0.143207
0.143565
0.143186
0.143176
0.143057
0.146687
0.146256
0.152544
0.150812
0.145633
0.146711
0.146549
0.146457
0.152146
0.146459
0.146488
0.144148
0.143850
0.146052
0.145697
0.143698
0.146021
0.146487
0.145077
0.145299
0.144475
0.144251
0.144963
0.146846
0.144353
0.144510
0.143990
0.144529
0.146093
0.146531
0.146023
0.145518
0.145713
0.145809
0.146236
0.145434
0.145215
0.145351
0.144302
0.144608
0.143501
0.146563
0.152355
0.147036
0.152409
0.152610
0.146940
0.153964
0.145727
0.145621
0.147098
0.145771
0.146189
0.145851
0.145947
0.146165
0.144708
0.152576
0.146099
0.145960
0.145677
0.146035
0.146158
0.146137
0.145421
0.146285
0.147145
0.145731
0.145474
0.145547
0.145551
0.145062
0.145215
0.145730
0.144632
0.145487
0.152355
0.144294
0.144260
0.145042
0.144744
0.146004
0.146048
0.154342
0.146001
0.152422
0.147025
0.145872
0.145867
0.145596
0.152437
0.146236
0.144577
0.146891
0.154562
0.154729
0.154147
0.154300
0.154328
0.153273
0.153304
0.153429
0.152925
0.152892
0.152827
0.147083
0.148000
0.151924
0.152249
0.146606
0.145685
0.161369
0.146110
0.148395
0.146478
0.148289
0.148541
0.148792
0.148661
0.165240
0.158430
0.147872
0.149839
0.161491
0.160924
0.164143
0.165025
0.159050
0.159104
0.165748
0.159226
0.158766
0.118165
0.114847
0.109233
0.138209
0.170989
0.159869
0.152773
0.153624
0.146999
0.116530
0.127669
0.146194
0.147603
0.117413
0.104805
0.109298
0.098791
0.092960
0.095721
0.103873
0.115461
0.133085
0.149278
0.165570
0.177392
0.186837
0.186014
0.188989
0.188810
0.179214
0.189639
0.189729
0.176290
0.172312
0.166280
0.164537
0.162634
0.172662
0.172004
0.159590
0.171791
0.158898
0.172345
0.172618
0.159722
0.159468
0.158448
0.171630
0.171984
0.172309
0.173378
0.158099
0.173060
0.173858
0.159029
0.173992
0.172308
0.174423
0.173714
0.172348
0.171593
0.159750
0.172690
0.172002
0.159336
0.157947
0.171160
0.159045
0.157736
0.158905
0.158684
0.158934
0.172410
0.162655
0.170021
0.173554
0.173540
0.159571
0.162749
0.164130
0.160641
0.164460
0.172463
0.165682
0.172592
0.172991
0.172914
0.173070
0.171898
0.169656
0.171637
0.171594
0.169874
0.171293
0.171482
0.171452
0.171160
0.171183
0.171177
0.171092
0.171618
0.169842
0.171732
0.170968
0.169811
0.171590
0.172240
0.172223
0.171598
0.172485
0.172313
0.171886
0.170916
0.170552
0.171435
0.170404
0.168975
0.168946
0.169971
0.170547
0.169561
0.169577
0.168766
0.169286
0.169735
0.167942
0.168694
0.168366
0.168096
0.168784
0.168441
0.168990
0.168712
0.172536
0.168900
0.168763
0.168676
0.168317
0.168487
0.167734
0.168185
0.170510
0.167834
0.168440
0.168900
0.168985
0.168246
0.168037
0.172361
0.172574
0.173149
0.173220
0.171855
0.170606
0.167951
0.172882
0.170235
0.171787
0.162979
0.163130
0.167964
0.163652
0.160442
0.164556
0.163452
0.162803
0.167115
0.163472
0.167764
0.167896
0.167367
0.167977
0.167185
0.167649
0.167408
0.166375
0.166357
0.166675
0.165689
0.159288
0.158786
0.157863
0.155772
0.167739
0.168464
0.169354
0.169955
0.167324
0.167989
0.169341
0.169457
0.170132
0.168808
0.168737
0.169862
0.169982
0.169783
0.169929
0.169950
0.171135
0.168506
0.168729
0.158675
0.168659
0.173778
0.172343
0.162633
0.171911
0.167606
0.167689
0.166645
0.167770
0.171936
0.175656
0.170976
0.170963
0.170317
0.169339
0.169630
0.168368
0.170641
0.159141
0.169789
0.168271
0.170392
0.164055
0.169751
0.161419
0.164177
0.163113
0.171978
0.163623
0.164356
0.170973
0.168045
0.164229
0.162869
0.162684
0.162837
0.161770
0.166137
0.168804
0.167786
0.162341
0.161354
0.159751
0.170172
0.169978
0.166575
0.172490
0.168660
0.172243
0.169870
0.169711
0.171253
0.172099
0.174889
0.172033
0.171653
0.162627
0.171231
0.171677
0.162229
0.163183
0.164329
0.171343
0.165751
0.165884
0.167901
0.166184
0.161805
0.172845
0.170202
0.166840
0.168564
0.169202
0.161818
0.161280
0.166414
0.162284
0.165725
0.171025
0.171817
0.174481
0.171946
0.172281
0.172274
0.171983
0.171170
0.164937
0.164277
0.161282
0.161383
0.160885
0.165597
0.169806
0.172083
0.172296
0.172394
0.169463
0.162511
0.163700
0.173209
0.165469
0.168697
0.168400
0.171508
0.173606
0.161429
0.162539
0.155623
0.159642
0.157804
0.159928
0.163675
0.167374
0.163145
0.164005
0.162385
0.158643
0.155958
0.156025
0.156658
0.159330
0.162886
0.163744
0.156977
0.161335
0.088480
0.088178
0.087290
0.088585
0.086814
0.087837
0.087367
0.086304
0.088037
0.087442
0.085404
0.086507
0.086057
0.086259
0.085872
0.086209
0.084917
0.085844
0.080500
0.077495
0.078538
0.080083
0.078974
0.078745
0.078236
0.078367
0.078380
0.078895
0.078595
0.080354
0.080297
0.080042
0.080667
0.080358
0.081636
0.081746
0.081236
0.081356
0.082599
0.082269
0.083225
0.084540
0.085108
0.085693
0.083842
0.084389
0.083688
0.083838
0.083547
0.084262
0.083972
0.084121
0.083868
0.083626
0.085081
0.084828
0.085919
0.085639
0.085873
0.085724
0.084915
0.085159
0.084021
0.083589
0.083730
0.084742
0.085922
0.086669
0.083677
0.085909
0.084763
0.085059
0.080812
0.081268
0.082259
0.082513
0.082641
0.084217
0.084071
0.084333
0.083452
0.083113
0.082204
0.082098
0.079887
0.079775
0.086318
0.087133
0.078734
0.081662
0.083083
0.083613
0.084132
0.085172
0.085046
0.085093
0.084563
0.084499
0.084638
0.084335
0.084735
0.085287
0.084531
0.085371
0.083664
0.083206
0.083096
0.083070
0.083327
0.083026
0.082697
0.083732
0.082761
0.082963
0.082986
0.082737
0.080781
0.079816
0.080472
0.082328
0.081758
0.082217
0.078998
0.079072
0.077855
0.078898
0.078024
0.078630
0.078647
0.077741
0.077600
0.077171
0.077482
0.077435
0.077836
0.077099
0.077684
0.078013
0.077534
0.077156
0.076300
0.076200
0.075729
0.077351
0.077899
0.077264
0.076190
0.076335
0.075834
0.075778
0.074835
0.075760
0.074185
0.075318
0.074753
0.076184
0.075895
0.076638
0.076348
0.076031
0.074922
0.075248
0.075835
0.075724
0.075747
0.077639
0.077466
0.078299
0.078386
0.074507
0.075761
0.076123
0.073253
0.076916
0.077238
0.077291
0.077279
0.075455
0.077307
0.077503
0.076385
0.076259
0.075774
0.075621
0.074920
0.074080
0.074550
0.074051
0.072937
0.071325
0.076157
0.076086
0.069860
0.074408
0.074850
0.075142
0.076049
0.072218
0.073488
0.075999
0.076552
0.077027
0.078731
0.079000
0.078652
0.078093
0.078713
0.078171
0.080336
0.081469
0.078344
0.078025
0.082649
0.078528
0.082941
0.083632
0.079989
0.079518
0.079253
0.080488
0.080478
0.081513
0.081382
0.080993
0.082799
0.082259
0.079950
0.078803
0.078379
0.078483
0.079203
0.078241
0.078641
0.078175
0.078770
0.078745
0.077160
0.075699
0.077945
0.078222
0.078134
0.078130
0.078729
0.078982
0.079481
0.079238
0.079438
0.080540
0.080427
0.081079
0.082927
0.083798
0.083570
0.082988
0.082827
0.083005
0.081710
0.082141
0.082264
0.082760
0.082414
0.082852
0.081356
0.080918
0.081400
0.081719
0.082569
0.082873
0.082355
0.081431
0.081769
0.081754
0.081829
0.081487
0.082569
0.082399
0.083076
0.084274
0.084271
0.085136
0.085366
0.085071
0.082545
0.082770
0.083297
0.083452
0.082990
0.082118
0.083030
0.081777
0.083003
0.083065
0.083591
0.083760
0.082928
0.083922
0.083377
0.083058
0.082925
0.084519
0.083113
0.083360
0.083166
0.085240
0.084034
0.086109
0.084490
0.083594
0.084660
0.083187
0.081628
0.082592
0.083576
0.083881
0.083401
0.083488
0.082249
0.082718
0.082787
0.083632
0.085233
0.084796
0.085521
0.084936
0.083925
0.084503
0.085197
0.081996
0.082315
0.083761
0.084768
0.085024
0.086419
0.087313
0.087043
0.087277
0.087995
0.084561
0.088742
0.085451
0.084955
0.085744
0.084639
0.084601
0.085100
0.085116
0.082367
0.083689
0.082912
0.083343
0.083385
0.082804
0.083429
0.083188
0.084314
0.085362
0.084883
0.087255
0.086777
0.088916
0.087216
0.087502
0.086587
0.086908
0.087199
0.087348
0.086170
0.086447
0.086189
0.086243
0.086425
0.086282
0.086488
0.086670
0.086253
0.086145
0.092958
0.090347
0.090571
0.090351
0.090063
0.092212
0.093467
0.086206
0.086837
0.086810
0.086035
0.086379
0.086177
0.086575
0.086910
0.087025
0.086484
0.087060
0.085612
0.087313
0.084464
0.085904
0.086083
0.086734
0.087679
0.086399
0.088086
0.087854
0.087360
0.087370
0.087137
0.087077
0.086219
0.086658
0.084727
0.084992
0.085668
0.085767
0.087379
0.087448
0.092163
0.092077
0.091124
0.090816
0.083947
0.083747
0.084313
0.083719
0.083714
0.083885
0.084466
0.084755
0.084462
0.084924
0.085377
0.085491
0.084241
0.083505
0.083934
0.083812
0.083403
0.083957
0.083454
0.083140
0.082786
0.082373
0.082197
0.082257
0.082819
0.082508
0.081807
0.081943
0.081602
0.081601
0.081318
0.082367
0.080298
0.081323
0.081008
0.080004
0.079573
0.079032
0.079083
0.079397
0.078255
0.078273
0.081406
0.080620
0.082858
0.081835
0.075489
0.077517
0.076231
0.077056
0.075595
0.083173
0.084528
0.082192
0.086355
0.086136
0.086472
0.086812
0.087239
0.086259
0.077985
0.078414
0.078044
0.078184
0.077462
0.077218
0.077530
0.077709
0.077385
0.082034
0.082468
0.081268
0.075388
0.075218
0.076002
0.075963
0.075586
0.075593
0.074242
0.074385
0.072651
0.078489
0.079065
0.079146
0.079384
0.079320
0.078210
0.078600
0.078664
0.079212
0.079023
0.079165
0.080243
0.080187
0.080717
0.080652
0.076184
0.077043
0.076033
0.075156
0.074278
0.075914
0.076092
0.075948
0.076462
0.076556
0.078088
0.076837
0.076388
0.076583
0.075992
0.080960
0.080941
0.080613
0.081573
0.080449
0.081761
0.081833
0.075147
0.075416
0.076990
0.077078
0.076833
0.076343
0.077934
0.078018
0.081127
0.080483
0.075672
0.077147
0.077322
0.077539
0.077391
0.078145
0.077988
0.077999
0.078218
0.077757
0.078464
0.077829
0.077628
0.078134
0.081222
0.080529
0.079214
0.082964
0.082191
0.082906
0.075707
0.076530
0.086301
0.086418
0.087071
0.087042
0.087331
0.087517
0.086422
0.087159
0.086929
0.088542
0.088669
0.089338
0.090492
0.090369
0.088916
0.089527
0.089506
0.089540
0.088025
0.089837
0.082615
0.082612
0.083598
0.083788
0.084343
0.083433
0.083797
0.083079
0.083241
0.083434
0.084789
0.084634
0.084946
0.084798
0.084535
0.084942
0.084534
0.084639
0.084162
0.084544
0.084943
0.085149
0.085413
0.085450
0.085414
0.085374
0.084992
0.084933
0.084829
0.085291
0.084932
0.083715
0.084261
0.084183
0.090430
0.090996
0.084335
0.090630
0.084383
0.090895
0.084053
0.083650
0.084871
0.084532
0.084659
0.083896
0.084235
0.084816
0.084495
0.084515
0.084789
0.085043
0.084335
0.084633
0.085290
0.085410
0.084883
0.084412
0.083896
0.084520
0.084216
0.084284
0.084319
0.084168
0.083943
0.084307
0.084963
0.084845
0.083948
0.085197
0.084969
0.085149
0.085185
0.085031
0.085046
0.084447
0.084153
0.084173
0.084561
0.083893
0.084286
0.084122
0.082859
0.083283
0.083796
0.084323
0.084297
0.083678
0.084249
0.083591
0.083893
0.084075
0.084201
0.083723
0.084006
0.083583
0.083727
0.083993
0.083860
0.082969
0.082753
0.082624
0.082311
0.080345
0.080733
0.081115
0.082619
0.082209
0.082530
0.082849
0.082935
0.082836
0.082479
0.083125
0.082618
0.083507
0.083586
0.084058
0.083892
0.083218
0.084029
0.082645
0.083396
0.083391
0.084047
0.084422
0.084605
0.085294
0.091614
0.084038
0.083050
0.083561
0.083979
0.083405
0.084269
0.084270
0.084610
0.084244
0.084868
0.084515
0.084314
0.084303
0.084934
0.084864
0.084474
0.084563
0.085038
0.084898
0.085361
0.084307
0.084652
0.084827
0.084929
0.084512
0.084600
0.084749
0.084259
0.085157
0.085135
0.085725
0.084629
0.084665
0.084788
0.084687
0.084614
0.084693
0.084387
0.084601
0.084767
0.084697
0.084327
0.084495
0.084944
0.084925
0.084491
0.084697
0.085208
0.085545
0.085524
0.084773
0.084679
0.085376
0.085557
0.085546
0.084867
0.084854
0.084135
0.085338
0.084823
0.083471
0.083013
0.082673
0.088326
0.090977
0.089982
0.090688
0.090994
0.087050
0.085326
0.086841
0.086932
0.080026
0.082070
0.082443
0.081957
0.081914
0.081628
0.081051
0.081139
0.080612
0.080062
0.079983
0.081202
0.081594
0.081856
0.081479
0.082375
0.081588
0.082273
0.082765
0.081754
0.081957
0.082418
0.082621
0.082992
0.082938
0.083848
0.083335
0.084464
0.084404
0.084610
0.084889
0.084066
0.083494
0.083326
0.083801
0.083238
0.083708
0.083650
0.084213
0.084089
0.083979
0.083970
0.083940
0.082593
0.082879
0.082646
0.082541
0.082306
0.081475
0.080931
0.080851
0.081988
0.080948
0.080201
0.080259
0.079505
0.079903
0.079514
0.079719
0.079959
0.079427
0.078279
0.078491
0.078253
0.078373
0.078517
0.078874
0.079195
0.078798
0.079929
0.080432
0.080335
0.080321
0.081500
0.081290
0.082101
0.081360
0.080743
0.081434
0.081182
0.080975
0.081563
0.081538
0.082819
0.082629
0.081430
0.081783
0.081634
0.081825
0.081509
0.081513
0.082069
0.082070
0.081367
0.082232
0.082037
0.081801
0.081340
0.082165
0.081832
0.081377
0.079029
0.079166
0.079284
0.079481
0.079668
0.080949
0.081740
0.082441
0.082393
0.082452
0.082711
0.082307
0.082727
0.082837
0.084331
0.083099
0.083592
0.082725
0.082849
0.083325
0.082670
0.082872
0.082252
0.082343
0.082437
0.082600
0.082773
0.083066
0.082880
0.082312
0.082138
0.081924
0.081864
0.081921
0.081995
0.082419
0.082546
0.082517
0.081983
0.081982
0.083178
0.082918
0.083571
0.083849
0.083845
0.084609
0.084208
0.084255
0.084123
0.085078
0.084202
0.084289
0.084181
0.084312
0.085048
0.084843
0.086198
0.085998
0.085636
0.085123
0.084629
0.085039
0.085105
0.085357
0.084185
0.084598
0.084654
0.085123
0.085064
0.084035
0.083405
0.083612
0.083475
0.084933
0.084106
0.084136
0.083847
0.084220
0.083188
0.083357
0.083380
0.083757
0.084032
0.083356
0.083678
0.083498
0.083526
0.085309
0.083616
0.083457
0.083538
0.083587
0.083443
0.083356
0.082151
0.082764
0.082873
0.082861
0.082679
0.082705
0.082772
0.082970
0.081687
0.082113
0.082327
0.081539
0.082242
0.082214
0.081196
0.080824
0.080505
0.081013
0.081177
0.080848
0.080622
0.080773
0.081031
0.080863
0.079800
0.079627
0.079587
0.080324
0.110370
0.161822
0.161840
0.160765
0.160929
0.160971
0.155276
0.164801
0.164473
0.164653
0.167065
0.166259
0.166259
0.166150
0.165652
0.166243
0.166452
0.166936
0.166476
0.166063
0.165621
0.166913
0.163737
0.163961
0.163425
0.163661
0.157426
0.156963
0.156684
0.156276
0.157676
0.159091
0.158762
0.162756
0.154901
0.163150
0.156249
0.156869
0.157245
0.157276
0.157106
0.164168
0.162890
0.165919
0.164361
0.154896
0.163620
0.163821
0.164266
0.153986
0.153609
0.154012
0.154481
0.155088
0.154488
0.155991
0.154584
0.154293
0.155207
0.154532
0.154666
0.154515
0.154332
0.154404
0.155050
0.155062
0.155872
0.157436
0.157253
0.158563
0.157052
0.156916
0.156896
0.155344
0.154748
0.156112
0.156767
0.159246
0.160152
0.159589
0.160649
0.159538
0.159437
0.161675
0.159302
0.160048
0.159516
0.159356
0.159549
0.158599
0.159473
0.164609
0.163431
0.164097
0.165686
0.167242
0.163427
0.158308
0.161982
0.159637
0.159296
0.163316
0.163186
0.155463
0.160041
0.158663
0.154238
0.154322
0.154797
0.159461
0.155177
0.161200
0.165212
0.164035
0.163350
0.163258
0.163191
0.164357
0.164916
0.164885
0.164954
0.160512
0.159531
0.160650
0.159515
0.159642
0.159178
0.159982
0.158663
0.159486
0.159956
0.161501
0.159813
0.159500
0.159180
0.158793
0.158813
0.158757
0.158844
0.158000
0.157111
0.157313
0.157216
0.166681
0.166763
0.154689
0.154406
0.156112
0.158412
0.158046
0.158689
0.153991
0.154054
0.160065
0.161356
0.158080
0.159059
0.161220
0.160886
0.160566
0.169472
0.169891
0.169665
0.168709
0.168805
0.170273
0.170005
0.169765
0.170041
0.168437
0.168136
0.168742
0.167974
0.158934
0.159758
0.159878
0.166377
0.159225
0.159102
0.158706
0.159382
0.159971
0.159893
0.163630
0.161681
0.160307
0.159439
0.157802
0.158677
0.159670
0.159929
0.158510
0.157918
0.158706
0.158306
0.157673
0.159601
0.160814
0.160626
0.161534
0.161650
0.162383
0.161468
0.161501
0.159893
0.154515
0.158476
0.157602
0.160842
0.156466
0.161329
0.161779
0.162713
0.156443
0.162236
0.163368
0.161749
0.162120
0.161450
0.155788
0.161767
0.162527
0.163715
0.164800
0.166238
0.165290
0.160911
0.165689
0.158490
0.157733
0.158796
0.157736
0.163739
0.163505
0.157568
0.166102
0.162616
0.161716
0.162616
0.163690
0.163847
0.160133
0.163838
0.163851
0.165834
0.167143
0.159567
0.141683
0.110973
0.109052
0.096552
0.088528
0.082718
0.083166
0.078025
0.083381
0.080489
0.081180
0.081131
0.080503
0.080386
0.084375
0.085486
0.082441
0.083634
0.084411
0.083840
0.083278
0.082639
0.083181
0.083077
0.083371
0.079337
0.079234
0.082824
0.079350
0.079992
0.079653
0.078728
0.079809
0.080331
0.079739
0.078759
0.078921
0.078576
0.079609
0.077733
0.077498
0.079664
0.077169
0.076760
0.077149
0.077404
0.077183
0.077452
0.077349
0.076743
0.076249
0.077536
0.077093
0.076780
0.077547
0.077174
0.077131
0.076787
0.076994
0.076772
0.078530
0.078498
0.082247
0.078924
0.078193
0.079209
0.078711
0.080254
0.077425
0.077547
0.077893
0.078134
0.078287
0.077860
0.078813
0.080932
0.081406
0.080542
0.081777
0.081786
0.084684
0.078479
0.082919
0.078677
0.078872
0.078391
0.078923
0.077362
0.077778
0.077125
0.076735
0.077212
0.077264
0.076599
0.076145
0.075418
0.076109
0.074433
0.075486
0.075411
0.075392
0.076169
0.075295
0.075753
0.076457
0.076641
0.076502
0.076718
0.075064
0.074876
0.074804
0.075343
0.075381
0.076916
0.074820
0.074906
0.076528
0.076865
0.076111
0.076804
0.077270
0.078375
0.076023
0.075978
0.075317
0.075473
0.075670
0.076359
0.076235
0.076389
0.078423
0.076776
0.076982
0.077702
0.076957
0.076620
0.076797
0.075297
0.073243
0.072230
0.071177
0.072776
0.071758
0.070958
0.069609
0.071108
0.071320
0.070604
0.069778
0.070146
0.070383
0.071792
0.067881
0.070311
0.072170
0.072970
0.076630
0.079275
0.081855
0.086584
0.090459
0.095404
0.095589
0.094926
0.095309
0.095834
0.097426
0.096376
0.096509
0.097428
0.097724
0.098316
0.097861
0.097617
0.097912
0.097698
0.097224
0.097648
0.096559
0.097052
0.098045
0.096866
0.097619
0.096462
0.096893
0.097240
0.096937
0.097245
0.096678
0.098564
0.098366
0.098330
0.098756
0.098435
0.097713
0.097376
0.098343
0.097874
0.097938
0.096908
0.097094
0.096336
0.096193
0.096345
0.096073
0.096514
0.096993
0.096934
0.096606
0.097672
0.097112
0.097068
0.097357
0.097201
0.097701
0.097920
0.097457
0.098472
0.097791
0.097496
0.099016
0.099189
0.099277
0.099159
0.098694
0.097941
0.098602
0.098164
0.098486
0.098570
0.098300
0.098542
0.099229
0.099297
0.099236
0.098587
0.100070
0.099351
0.099731
0.099913
0.099716
0.099334
0.099676
0.099143
0.099216
0.098861
0.098996
0.099419
0.098375
0.098630
0.098532
0.098782
0.099261
0.099361
0.100000
0.098893
0.099808
0.099672
0.099348
0.098954
0.099362
0.099467
0.098900
0.100081
0.098993
0.099584
0.100411
0.100723
0.100534
0.100708
0.100473
0.100460
0.100723
0.100867
0.100209
0.100983
0.100466
0.100107
0.100162
0.101157
0.100561
0.102052
0.100703
0.100961
0.101013
0.100804
0.100121
0.100161
0.102131
0.099970
0.101680
0.101171
0.101204
0.098499
0.099274
0.100400
0.100704
0.100350
0.100907
0.100343
0.100240
0.100140
0.103622
0.102994
0.103279
0.102894
0.101998
0.101832
0.097574
0.101568
0.100185
0.101836
0.101641
0.106632
0.112584
0.084766
0.076387
0.072931
0.066907
0.069257
0.073008
0.078420
0.080286
0.080863
0.081019
0.081933
0.082457
0.081834
0.075997
0.075875
0.076102
0.076085
0.073998
0.076859
0.075736
0.077944
0.077689
0.077711
0.075983
0.076508
0.073087
0.072139
0.072172
0.075783
0.073044
0.073802
0.081590
0.080807
0.079639
0.079590
0.078889
0.078814
0.080171
0.077693
0.078048
0.077388
0.077764
0.077359
0.077773
0.077928
0.077981
0.076949
0.079738
0.071104
0.070950
0.072077
0.072743
0.071826
0.070799
0.071276
0.074684
0.077427
0.077637
0.080338
0.075776
0.077217
0.076232
0.083885
0.086196
0.086650
0.091309
0.091450
0.085755
0.090933
0.088282
0.090053
0.089130
0.089139
0.086860
0.086865
0.085186
0.088508
0.091978
0.091249
0.091042
0.086142
0.084644
0.085548
0.085959
0.089677
0.085513
0.084110
0.084042
0.076438
0.076449
0.077830
0.077039
0.076038
0.074809
0.073885
0.075327
0.074406
0.075433
0.075390
0.075284
0.076945
0.076137
0.076958
0.076161
0.077493
0.078211
0.077390
0.077415
0.075068
0.077369
0.076521
0.076750
0.078306
0.076561
0.076781
0.077061
0.075812
0.076531
0.075644
0.075672
0.075755
0.075392
0.074411
0.075200
0.073543
0.075120
0.075528
0.075797
0.076132
0.074733
0.076770
0.075234
0.086400
0.072882
0.072799
0.076044
0.083340
0.085407
0.084956
0.084823
0.075698
0.075921
0.075422
0.083992
0.077781
0.084950
0.085924
0.082974
0.086019
0.086841
0.084476
0.073354
0.073336
0.073770
0.073829
0.078821
0.078065
0.083715
0.085999
0.086147
0.084397
0.087429
0.087338
0.086964
0.087009
0.083892
0.086767
0.085640
0.086612
0.086028
0.084669
0.084555
0.083483
0.081979
0.081850
0.083698
0.083457
0.082623
0.075118
0.073345
0.072165
0.072415
0.072780
0.076966
0.072383
0.072738
0.072594
0.074367
0.072868
0.072446
0.072894
0.073354
0.073493
0.073802
0.072567
0.074170
0.074053
0.074403
0.075058
0.077493
0.073594
0.078000
0.078294
0.078130
0.075783
0.078587
0.078544
0.168985
0.157052
0.164370
0.164287
0.158801
0.162841
0.155347
0.155309
0.165452
0.166130
0.165040
0.162668
0.162827
0.163055
0.163332
0.162506
0.162191
0.159972
0.163186
0.160207
0.161552
0.162011
0.162601
0.162004
0.161830
0.161663
0.162537
0.161517
0.160777
0.161104
0.161430
0.161042
0.159609
0.160598
0.160802
0.160921
0.161516
0.159984
0.160755
0.159879
0.160903
0.160824
0.161564
0.161305
0.161515
0.161246
0.160996
0.161435
0.161424
0.162768
0.163046
0.169563
0.163757
0.163765
0.165767
0.166268
0.170769
0.170447
0.164201
0.159535
0.159432
0.157378
0.158684
0.158580
0.158293
0.160594
0.160066
0.163551
0.161583
0.169036
0.167444
0.167263
0.160926
0.159503
0.160646
0.159494
0.159961
0.158912
0.162051
0.161430
0.163457
0.161901
0.161416
0.162987
0.163772
0.162352
0.163719
0.163855
0.163247
0.163150
0.163847
0.164408
0.165270
0.163368
0.164104
0.164261
0.166238
0.163425
0.163693
0.164355
0.164922
0.163266
0.162935
0.164510
0.163064
0.162970
0.161668
0.161355
0.163299
0.164809
0.164149
0.163570
0.161521
0.167431
0.162733
0.163038
0.163426
0.163548
0.163653
0.162446
0.156569
0.163204
0.164936
0.165790
0.170967
0.165787
0.166328
0.165306
0.165555
0.163221
0.170264
0.170143
0.168967
0.159149
0.168724
0.163677
0.158644
0.153910
0.153835
0.152440
0.152275
0.152364
0.160808
0.154627
0.163755
0.158291
0.159215
0.158626
0.158725
0.160052
0.161622
0.161141
0.153820
0.161553
0.163724
0.163826
0.156780
0.162841
0.163260
0.162650
0.169214
0.169361
0.168799
0.156341
0.165642
0.166468
0.160855
0.159116
0.167072
0.167509
0.161936
0.160385
0.164891
0.162607
0.162000
0.161454
0.160871
0.160550
0.161686
0.161591
0.161728
0.160151
0.159967
0.157213
0.157164
0.156758
0.153286
0.152943
0.155215
0.155396
0.151809
0.159882
0.161726
0.162215
0.160954
0.167534
0.169173
0.156533
0.154518
0.164395
0.162290
0.158102
0.156952
0.157674
0.161887
0.157930
0.161409
0.162113
0.162251
0.166726
0.160444
0.168420
0.160732
0.167442
0.167354
0.158825
0.151714
0.151578
0.152835
0.156675
0.157386
0.157577
0.160686
0.164448
0.165086
0.162667
0.161433
0.161358
0.161281
0.161599
0.155249
0.159245
0.159320
0.162009
0.162303
0.168835
0.169309
0.167204
0.167033
0.168947
0.166885
0.162595
0.162416
0.158257
0.154960
0.154188
0.154967
0.157048
0.156637
0.161925
0.162719
0.162314
0.170079
0.169943
0.168251
0.172065
0.162441
0.163392
0.164820
0.163263
0.164452
0.163668
0.169243
0.164652
0.163639
0.170312
0.164941
0.163274
0.164964
0.164485
0.164569
0.164083
0.163893
0.163756
0.153826
0.156747
0.158945
0.158050
0.156768
0.157057
0.159242
0.158695
0.166330
0.171406
0.171369
0.169723
0.171776
0.171420
0.171274
0.165289
0.165125
0.164526
0.156595
0.158343
0.157001
0.156210
0.155488
0.159479
0.159029
0.166084
0.157407
0.152403
0.153021
0.158197
0.153454
0.152231
0.152820
0.153513
0.153813
0.153862
0.164366
0.157851
0.170985
0.155245
0.170487
0.171349
0.171958
0.171333
0.170850
0.172106
0.172492
0.172303
0.171531
0.171709
0.172847
0.170840
0.168541
0.169965
0.168437
0.169310
0.164110
0.162146
0.162734
0.158999
0.159274
0.162589
0.162088
0.159631
0.156650
0.155086
0.157828
0.155200
0.155164
0.154290
0.152886
0.152975
0.153713
0.112687
0.076403
0.076452
0.076188
0.079389
0.079219
0.079673
0.079815
0.079730
0.079811
0.079879
0.079613
0.079486
0.080014
0.079910
0.085310
0.085200
0.086892
0.086646
0.086051
0.085832
0.085487
0.084832
0.084597
0.087187
0.085069
0.085719
0.086710
0.086182
0.086667
0.086555
0.085892
0.086380
0.084220
0.085122
0.084497
0.088460
0.079596
0.079835
0.080266
0.078957
0.086235
0.084460
0.083892
0.078690
0.079175
0.078352
0.079326
0.079620
0.086110
0.086347
0.084906
0.085468
0.084321
0.083851
0.082666
0.079422
0.079585
0.076056
0.078609
0.077997
0.077933
0.078479
0.077758
0.078800
0.078560
0.078075
0.082352
0.082099
0.083056
0.083063
0.083370
0.083513
0.083514
0.083556
0.083660
0.083635
0.084751
0.084683
0.083878
0.083850
0.084768
0.084054
0.082313
0.081633
0.081754
0.082592
0.076699
0.076682
0.081123
0.076210
0.075802
0.076023
0.076612
0.075567
0.076550
0.076200
0.076890
0.074851
0.074725
0.074786
0.074604
0.074690
0.074409
0.081974
0.075891
0.075920
0.075979
0.075958
0.076306
0.076675
0.077723
0.076661
0.077265
0.076136
0.075855
0.075526
0.075846
0.075756
0.075571
0.075974
0.076155
0.076831
0.076788
0.075864
0.076884
0.075446
0.074800
0.075189
0.074831
0.075297
0.075173
0.074214
0.075474
0.074469
0.074844
0.074861
0.075362
0.074274
0.073887
0.072326
0.074569
0.073945
0.074115
0.073028
0.073212
0.071288
0.073147
0.072911
0.075225
0.081276
0.074894
0.075308
0.076665
0.076078
0.078449
0.081523
0.081193
0.081509
0.081022
0.080923
0.081509
0.080334
0.080818
0.080850
0.080267
0.080484
0.080161
0.077649
0.080057
0.080761
0.079623
0.080580
0.080082
0.077410
0.080195
0.078149
0.078287
0.078529
0.078799
0.080385
0.080381
0.081332
0.081169
0.080675
0.080760
0.081471
0.079883
0.080425
0.079841
0.080140
0.079656
0.079841
0.080059
0.080661
0.080376
0.079338
0.080109
0.080905
0.080304
0.084973
0.079666
0.080487
0.080034
0.079862
0.079354
0.079335
0.079408
0.069013
0.064271
0.055447
0.054816
0.056501
0.061164
0.071598
0.083753
0.091654
0.088858
0.093388
0.093646
0.096038
0.096752
0.096215
0.093884
0.096807
0.095996
0.093991
0.094459
0.095281
0.095854
0.095838
0.095073
0.096048
0.098636
0.096080
0.098570
0.096774
0.097845
0.096976
0.098158
0.097975
0.099406
0.097718
0.096073
0.095732
0.095802
0.094427
0.081730
0.092383
0.115396
0.146193
0.133083
0.134438
0.133143
0.134939
0.134322
0.134659
0.140935
0.146367
0.145484
0.146622
0.143897
0.148333
0.147929
0.145872
0.147895
0.146226
0.145904
0.147708
0.145239
0.145915
0.142602
0.144506
0.145252
0.144575
0.136259
0.135765
0.135186
0.128360
0.128127
0.128540
0.128196
0.142325
0.128395
0.127881
0.141274
0.140809
0.141984
0.143667
0.145006
0.143680
0.142458
0.144045
0.142662
0.141261
0.144080
0.142098
0.143337
0.140653
0.143512
0.141664
0.142875
0.140135
0.140241
0.137390
0.126852
0.116654
0.108431
0.102479
0.098736
0.094951
0.096279
0.101160
0.112243
0.115401
0.114645
0.134544
0.149035
0.149667
0.138332
0.142055
0.139275
0.144063
0.159912
0.161309
0.165776
0.171282
0.161187
0.167546
0.166717
0.166634
0.153302
0.154352
0.152234
0.152217
0.151811
0.150896
0.145282
0.148232
0.140676
0.143441
0.137169
0.137364
0.142718
0.136284
0.143085
0.135328
0.144676
0.145641
0.149180
0.144535
0.141643
0.139211
0.140361
0.132343
0.141412
0.144535
0.143394
0.143305
0.144016
0.145861
0.140438
0.141330
0.133317
0.135903
0.142924
0.136884
0.138765
0.137573
0.139048
0.137702
0.128302
0.140555
0.143266
0.121548
0.141690
0.142050
0.152243
0.143408
0.153171
0.153728
0.128076
0.134324
0.136728
0.155893
0.155166
0.152782
0.151952
0.150693
0.153927
0.136723
0.155221
0.135109
0.132496
0.134391
0.136190
0.129582
0.128808
0.128400
0.131059
0.128137
0.138292
0.138051
0.139087
0.134981
0.134713
0.135036
0.134903
0.137296
0.136294
0.135639
0.131395
0.128776
0.131774
0.129141
0.136485
0.135093
0.133933
0.133987
0.142307
0.140137
0.142187
0.146892
0.138116
0.143031
0.143078
0.133657
0.137541
0.136309
0.140513
0.137716
0.139586
0.133259
0.132098
0.127668
0.133207
0.134458
0.137305
0.134355
0.144612
0.146802
0.137365
0.144440
0.137192
0.132947
0.125649
0.127832
0.129993
0.134260
0.119620
0.127519
0.140647
0.127638
0.126875
0.133678
0.124599
0.119238
0.120898
0.128577
0.118832
0.116726
0.120204
0.123412
0.112691
0.142901
0.116399
0.115886
0.116406
0.120596
0.122358
0.123664
0.121022
0.118438
0.117728
0.124952
0.122286
0.123716
0.123627
0.126082
0.127528
0.124249
0.120761
0.122814
0.127402
0.123850
0.117788
0.117586
0.115322
0.123992
0.121840
0.124233
0.130885
0.128341
0.124979
0.128001
0.119075
0.126711
0.126803
0.125140
0.129166
0.134251
0.130187
0.128154
0.124727
0.127305
0.123347
0.140051
0.136424
0.123709
0.109676
0.110307
0.102916
0.109913
0.104180
0.114660
0.115654
0.118316
0.121780
0.133302
0.148202
0.157729
0.166133
0.164801
0.167876
0.168373
0.166916
0.166572
0.167014
0.165942
0.166996
0.166637
0.166861
0.167666
0.176481
0.175266
0.172991
0.165647
0.169161
0.167002
0.163984
0.163746
0.173332
0.161091
0.156059
0.155441
0.156939
0.155942
0.156601
0.155405
0.162611
0.156496
0.154348
0.154446
0.156018
0.158020
0.165285
0.164093
0.166623
0.166772
0.174288
0.175958
0.176569
0.169039
0.164294
0.173856
0.176444
0.167241
0.174320
0.158048
0.164864
0.157840
0.160518
0.159667
0.157353
0.163124
0.166385
0.164695
0.171580
0.162524
0.163813
0.166322
0.165679
0.163180
0.170485
0.165304
0.170144
0.168540
0.170894
0.171677
0.164735
0.164432
0.150573
0.170136
0.167868
0.169184
0.157875
0.168417
0.167824
0.165886
0.166183
0.158462
0.158168
0.153419
0.163968
0.157230
0.171785
0.171720
0.168833
0.171023
0.171221
0.171060
0.170417
0.170442
0.160632
0.163959
0.163998
0.165122
0.161859
0.155576
0.155303
0.157202
0.155535
0.162156
0.158234
0.161290
0.161436
0.154349
0.159109
0.165205
0.165794
0.166855
0.158060
0.159992
0.160679
0.152843
0.162406
0.165958
0.161440
0.165180
0.154642
0.159768
0.162099
0.154354
0.155791
0.158791
0.153684
0.154227
0.154816
0.154965
0.156240
0.158440
0.158934
0.156724
0.158524
0.158050
0.156021
0.156250
0.156653
0.158705
0.156976
0.156593
0.157118
0.159427
0.160067
0.153964
0.154758
0.154458
0.154466
0.156069
0.153798
0.157451
0.155133
0.155160
0.156529
0.156524
0.155788
0.155637
0.155966
0.155533
0.156054
0.156073
0.155187
0.155967
0.155049
0.154665
0.156487
0.158666
0.159757
0.157749
0.157138
0.159575
0.157412
0.157347
0.173091
0.163634
0.173742
0.174255
0.170408
0.157606
0.170837
0.169970
0.168043
0.159533
0.164407
0.164669
0.164031
0.163317
0.164216
0.158797
0.163248
0.163905
0.163752
0.164627
0.164311
0.163906
0.163733
0.160468
0.163061
0.162996
0.164858
0.164224
0.164383
0.164341
0.164721
0.164783
0.169440
0.169190
0.169834
0.169749
0.171386
0.170520
0.169438
0.169828
0.172547
0.171655
0.171824
0.172202
0.170435
0.170119
0.170220
0.165874
0.166028
0.165489
0.169163
0.169274
0.168487
0.167529
0.167089
0.167066
0.162385
0.159896
0.159863
0.160192
0.158216
0.159825
0.165335
0.163627
0.160350
0.161846
0.161965
0.160521
0.087544
0.084691
0.083480
0.083654
0.083832
0.082312
0.083386
0.083170
0.082581
0.084843
0.083808
0.085142
0.084250
0.079850
0.084378
0.081963
0.082012
0.082135
0.082491
0.082580
0.082164
0.081978
0.082863
0.085671
0.085686
0.082515
0.082447
0.085357
0.087810
0.086342
0.084673
0.084567
0.087906
0.083092
0.082703
0.082896
0.082795
0.080584
0.081995
0.082897
0.078151
0.078382
0.079289
0.079250
0.079131
0.079431
0.078971
0.080774
0.080942
0.079867
0.079949
0.080902
0.083157
0.082374
0.082355
0.080918
0.081422
0.079813
0.079859
0.080474
0.085082
0.084841
0.087178
0.088029
0.087969
0.081572
0.082282
0.082041
0.087643
0.084852
0.085483
0.085679
0.082417
0.087105
0.087249
0.087511
0.087577
0.080482
0.086457
0.081118
0.081431
0.080989
0.080941
0.080842
0.081290
0.080508
0.080318
0.080184
0.081327
0.081277
0.079931
0.080922
0.081261
0.080288
0.078402
0.080616
0.080617
0.080590
0.080514
0.080748
0.081033
0.081364
0.081189
0.081500
0.081247
0.080896
0.080710
0.080430
0.081499
0.081466
0.081784
0.082661
0.088638
0.083450
0.082039
0.081846
0.081122
0.083610
0.082536
0.082737
0.085253
0.080702
0.080614
0.081857
0.082376
0.083716
0.084291
0.083164
0.084204
0.077506
0.077294
0.077390
0.077568
0.077049
0.077353
0.076582
0.077414
0.076935
0.076549
0.076742
0.077838
0.078161
0.078041
0.076713
0.076937
0.077392
0.077211
0.076918
0.083818
0.084288
0.082716
0.084249
0.083650
0.080062
0.079978
0.079113
0.081011
0.081270
0.080896
0.077183
0.080501
0.081173
0.080228
0.078996
0.081326
0.081245
0.079528
0.080168
0.079686
0.080779
0.080611
0.080676
0.080203
0.078970
0.078704
0.079876
0.080295
0.078048
0.079808
0.079758
0.080979
0.079741
0.083699
0.079696
0.079818
0.080548
0.081041
0.081136
0.080959
0.080900
0.080316
0.080620
0.079776
0.081048
0.080487
0.081846
0.081909
0.081573
0.081690
0.081005
0.081497
0.081165
0.081154
0.081553
0.081769
0.082286
0.081162
0.081074
0.081775
0.082478
0.081800
0.081705
0.081887
0.080574
0.083935
0.082561
0.081727
0.082935
0.079463
0.079766
0.083458
0.081953
0.082143
0.081838
0.082064
0.082494
0.082059
0.081721
0.082071
0.081951
0.082411
0.082655
0.084664
0.083642
0.083657
0.083879
0.082606
0.083319
0.081849
0.082466
0.081081
0.082390
0.082027
0.077822
0.077885
0.082516
0.081421
0.082226
0.080708
0.080441
0.082504
0.081521
0.082339
0.084391
0.082987
0.081454
0.084243
0.082443
0.082942
0.082760
0.084743
0.077141
0.077877
0.079214
0.079569
0.078556
0.078699
0.077771
0.077678
0.078007
0.078019
0.077833
0.075979
0.085156
0.084555
0.083833
0.083667
0.082908
0.086303
0.084347
0.084891
0.084273
0.084621
0.078615
0.078614
0.079372
0.073549
0.077882
0.077576
0.074620
0.084032
0.084367
0.084819
0.085091
0.084809
0.078784
0.078912
0.083127
0.083271
0.083120
0.082929
0.083557
0.083415
0.077285
0.077015
0.079129
0.078527
0.080524
0.080807
0.080465
0.086891
0.086152
0.086380
0.078372
0.078289
0.078334
0.082304
0.084190
0.082767
0.081973
0.082003
0.082661
0.083375
0.083261
0.082564
0.082370
0.082764
0.086872
0.087204
0.085500
0.073113
0.070114
0.071010
0.070300
0.083213
0.074876
0.074647
0.073418
0.073379
0.081233
0.073642
0.073558
0.074554
0.074469
0.075515
0.074884
0.074447
0.074804
0.077695
0.078754
0.078384
0.078646
0.078598
0.078898
0.078103
0.079073
0.079373
0.079182
0.080307
0.080210
0.079577
0.078513
0.078011
0.058492
0.044331
0.033979
0.023036
0.014322
0.007536
0.003120
0.000640
0.000169
0.000058
0.000000
0.000054
0.000185
0.000479
0.000655
0.001053
0.001734
0.002138
0.002294
0.002489
0.002414
0.002454
0.002546
0.002662
0.002859
0.003239
0.003270
0.003389
0.003629
0.003813
0.004179
0.004241
0.004409
0.004752
0.004884
0.004961
0.005026
0.004925
0.004993
0.005120
0.005190
0.005458
0.005752
0.006017
0.006337
0.006503
0.006460
0.006397
0.006544
0.006608
0.006711
0.007063
0.007647
0.007740
0.007640
0.008070
0.008096
0.007929
0.008293
0.008403
0.008428
0.008720
0.008908
0.008766
0.008898
0.009125
0.009350
0.009448
0.009485
0.009602
0.009874
0.010331
0.009961
0.010092
0.010135
0.010296
0.010499
0.010594
0.010708
0.010840
0.011023
0.011051
0.010940
0.010870
0.010738
0.010865
0.010896
0.010629
0.010623
0.010460
0.011036
0.011571
0.011969
0.012501
0.014433
0.016174
0.017793
0.020463
0.022921
0.026257
0.029680
0.033082
0.036933
0.040338
0.045208
0.049130
0.054892
0.058333
0.065722
0.070286
0.078522
0.085469
0.091360
0.100770
0.099274
0.098694
0.099840
0.098050
0.098485
0.098825
0.097574
0.097283
0.100680
0.097959
0.101619
0.100282
0.102126
0.100563
0.097823
0.096420
0.094268
0.096989
0.100571
0.102476
0.095840
0.101832
0.102086
0.101712
0.101770
0.102357
0.102194
0.101847
0.102439
0.102270
0.099812
0.100738
0.099510
0.102793
0.102074
0.098598
0.098817
0.099398
0.099499
0.098749
0.099664
0.099342
0.099593
0.099483
0.098821
0.099384
0.098704
0.100491
0.099182
0.100779
0.098810
0.099546
0.099745
0.098996
0.098582
0.100126
0.101056
0.100774
0.097087
0.100509
0.100098
0.100773
0.101270
0.100465
0.100838
0.101136
0.100121
0.100792
0.101362
0.100742
0.100564
0.099867
0.101012
0.099731
0.100101
0.099580
0.100814
0.099549
0.099697
0.099792
0.100442
0.100267
0.099325
0.100235
0.100113
0.100443
0.100031
0.099908
0.100247
0.100295
0.099993
0.099863
0.100334
0.100584
0.099642
0.100112
0.100546
0.100597
0.100250
0.100083
0.100339
0.100480
0.100744
0.100316
0.095100
0.095964
0.101006
0.100538
0.100451
0.100719
0.095524
0.097024
0.095497
0.094589
0.100349
0.101306
0.100533
0.095628
0.096676
0.095789
0.095917
0.096230
0.096601
0.094880
0.095325
0.094463
0.098227
0.093933
0.092143
0.090943
0.086768
0.083695
0.081492
0.079712
0.076909
0.076395
0.074003
0.071646
0.068533
0.067198
0.067857
0.067526
0.066839
0.064746
0.065988
0.065062
0.067217
0.066230
0.067352
0.071802
0.072371
0.072317
0.073341
0.072778
0.072471
0.073100
0.074189
0.066575
0.073528
0.073519
0.067372
0.067196
0.068566
0.068560
0.068179
0.066034
0.054711
0.073293
0.060468
0.082310
0.093319
0.111254
0.134852
0.164637
0.164287
0.164783
0.162376
0.164349
0.164418
0.165191
0.165085
0.167174
0.166267
0.168406
0.167482
0.167588
0.168267
0.168952
0.169135
0.169721
0.169613
0.170079
0.169633
0.169222
0.169067
0.168592
0.168673
0.168448
0.169977
0.169427
0.169436
0.170868
0.170118
0.169589
0.169709
0.170144
0.164453
0.170712
0.169599
0.170331
0.172124
0.170485
0.168788
0.168162
0.168568
0.168189
0.160945
0.162687
0.168930
0.169225
0.170419
0.167847
0.166672
0.158578
0.165527
0.158895
0.159200
0.158041
0.158504
0.158489
0.157294
0.157859
0.157404
0.164140
0.159642
0.164804
0.164078
0.163935
0.163566
0.164133
0.156602
0.167474
0.167465
0.166764
0.160404
0.160925
0.167247
0.167220
0.166991
0.166261
0.160526
0.166681
0.159382
0.167122
0.165747
0.160372
0.159220
0.165912
0.167782
0.167834
0.167310
0.167737
0.165042
0.165547
0.165882
0.168323
0.167244
0.167619
0.167660
0.167759
0.167722
0.168171
0.167013
0.166443
0.167137
0.167360
0.167332
0.166666
0.167783
0.166688
0.165843
0.165896
0.165814
0.165419
0.165534
0.164731
0.164717
0.163906
0.163946
0.164703
0.170075
0.178512
0.177596
0.180576
0.186714
0.202077
0.211441
0.212434
0.225727
0.240217
0.247615
0.260266
0.261852
0.280184
0.292776
0.305378
0.316475
0.330683
0.343098
0.360732
0.376589
0.394139
0.408832
0.429079
