0.086535
0.086535
0.085741
0.085738
0.083086
0.085177
0.082529
0.082415
0.083428
0.085661
0.087291
0.085390
0.085252
0.089416
0.090645
0.089611
0.091125
0.090603
0.090605
0.083853
0.090488
0.086751
0.086753
0.083661
0.089135
0.081814
0.082257
0.082039
0.081765
0.084914
0.084544
0.086337
0.086325
0.087013
0.085139
0.084903
0.082385
0.081855
0.081861
0.083257
0.082074
0.083557
0.083595
0.081695
0.081555
0.082985
0.085385
0.085488
0.083192
0.183310
0.183148
0.182003
0.207097
0.206718
0.205477
0.205953
0.143568
0.205351
0.210030
0.208992
0.151000
0.148210
0.139582
0.147382
0.151251
0.153946
0.146048
0.138218
0.137181
0.137459
0.137945
0.136414
0.136705
0.137518
0.136835
0.136458
0.137569
0.132714
0.135217
0.137001
0.136522
0.133919
0.137906
0.134394
0.132049
0.133654
0.117804
0.114418
0.106814
0.114610
0.104808
0.114500
0.174668
0.174360
0.178181
0.173324
0.175750
0.174864
0.187779
0.118190
0.175194
0.173816
0.171377
0.114479
0.170417
0.170506
0.180218
0.113692
0.173764
0.164594
0.175359
0.145368
0.118806
0.102195
0.109833
0.107649
0.104468
0.109243
0.105815
0.087207
0.097729
0.095134
0.099476
0.100759
0.132015
0.127127
0.127517
0.101095
0.128178
0.121121
0.096197
0.096506
0.097028
0.097382
0.097383
0.113599
0.098029
0.095765
0.096663
0.096222
0.107915
0.107881
0.097302
0.095343
0.093360
0.090722
0.091197
0.092235
0.120560
0.122340
0.097568
0.098072
0.124315
0.107426
0.131240
0.109322
0.108878
0.123913
0.121553
0.127907
0.131533
0.129512
0.130222
0.129193
0.127474
0.130974
0.130879
0.129785
0.130059
0.131126
0.102429
0.131069
0.095844
0.128442
0.135362
0.134807
0.097245
0.119673
0.119326
0.120643
0.116562
0.118131
0.126439
0.126589
0.125920
0.126377
0.126838
0.126437
0.123579
0.124752
0.129295
0.127790
0.126948
0.127259
0.128594
0.127086
0.120114
0.119382
0.120386
0.127318
0.124619
0.126172
0.120342
0.124570
0.121706
0.120311
0.125930
0.125838
0.123375
0.121768
0.122794
0.134423
0.134806
0.135185
0.135667
0.131956
0.131554
0.132266
0.131981
0.132045
0.130238
0.129859
0.128611
0.128624
0.127087
0.127163
0.123397
0.128304
0.128533
0.124225
0.124231
0.125139
0.122818
0.122273
0.123484
0.123955
0.084782
0.072472
0.072748
0.072569
0.079921
0.089114
0.080726
0.080197
0.081982
0.068991
0.074157
0.072398
0.072774
0.073086
0.076256
0.075258
0.076659
0.075989
0.075888
0.075710
0.084800
0.084852
0.075313
0.075742
0.084328
0.077497
0.084073
0.084763
0.084105
0.073933
0.075013
0.081131
0.084616
0.070212
0.078608
0.077787
0.079589
0.075400
0.080795
0.070926
0.079564
0.083000
0.082885
0.069366
0.075691
0.081139
0.082021
0.077305
0.083035
0.068851
0.081158
0.081509
0.080894
0.069702
0.069658
0.070007
0.081259
0.069610
0.082197
0.069865
0.074382
0.073238
0.073395
0.084291
0.071677
0.081241
0.073171
0.084545
0.084405
0.084021
0.082200
0.081745
0.082087
0.083915
0.084354
0.084366
0.084345
0.084096
0.072151
0.081331
0.108501
0.105405
0.106209
0.106187
0.108303
0.106664
0.106012
0.106662
0.106329
0.106134
0.105455
0.108625
0.115793
0.107354
0.114319
0.114803
0.106412
0.108488
0.116477
0.117012
0.115771
0.118744
0.118767
0.119222
0.119173
0.116638
0.116461
0.117958
0.117668
0.119798
0.118330
0.120212
0.120687
0.120733
0.121277
0.122454
0.123922
0.124767
0.124236
0.124826
0.124298
0.124032
0.124561
0.124498
0.122567
0.120401
0.122044
0.121755
0.121620
0.121492
0.119570
0.119038
0.119221
0.119278
0.117504
0.117633
0.118528
0.118277
0.118443
0.112670
0.110869
0.108125
0.109178
0.109489
0.108321
0.107837
0.107905
0.108795
0.108951
0.107363
0.107986
0.108363
0.109465
0.111078
0.097983
0.091770
0.096496
0.093633
0.102019
0.097762
0.095044
0.100138
0.099903
0.114733
0.117010
0.117324
0.123492
0.122542
0.122332
0.121461
0.115324
0.117180
0.117190
0.118555
0.120489
0.119186
0.117715
0.117456
0.119340
0.094590
0.121149
0.119372
0.117795
0.110753
0.115145
0.110861
0.106821
0.106685
0.107540
0.117301
0.114754
0.112940
0.112516
0.100835
0.106727
0.116136
0.118779
0.116955
0.126355
0.124605
0.125356
0.116049
0.117901
0.110504
0.111685
0.108078
0.090817
0.091063
0.090947
0.087545
0.086419
0.087692
0.086175
0.087615
0.085434
0.094090
0.087566
0.089866
0.088943
0.093679
0.090817
0.099053
0.100682
0.098519
0.097887
0.094154
0.089682
0.089688
0.088924
0.088657
0.096166
0.091609
0.091731
0.091136
0.091555
0.109055
0.110643
0.109288
0.137128
0.123260
0.123438
0.131193
0.140225
0.130893
0.136504
0.136798
0.131255
0.133992
0.124528
0.130273
0.130631
0.124364
0.128686
0.126996
0.121170
0.119164
0.116276
0.117114
0.117179
0.116374
0.116729
0.116231
0.118177
0.115163
0.110830
0.110587
0.115909
0.111480
0.112163
0.115010
0.114340
0.099227
0.107319
0.106643
0.104221
0.103978
0.104015
0.109116
0.107688
0.109721
0.110062
0.107830
0.104351
0.108678
0.106769
0.107627
0.106537
0.103557
0.106438
0.106656
0.106500
0.106032
0.106428
0.107971
0.109307
0.109256
0.107078
0.107442
0.108149
0.108812
0.107644
0.108858
0.109053
0.109715
0.109787
0.109846
0.108550
0.106655
0.106069
0.105319
0.105247
0.107928
0.108291
0.108073
0.107690
0.107982
0.107115
0.105919
0.111389
0.117169
0.110051
0.104178
0.101590
0.112764
0.098649
0.098540
0.103189
0.109863
0.109921
0.112093
0.111047
0.110797
0.112244
0.112969
0.112768
0.112821
0.097393
0.104380
0.106719
0.120292
0.120502
0.121080
0.115325
0.114118
0.117703
0.117858
0.117590
0.113650
0.116561
0.113346
0.113406
0.114536
0.117713
0.118462
0.119961
0.119973
0.118731
0.121069
0.118725
0.116137
0.116304
0.108302
0.109666
0.110079
0.111462
0.111695
0.113804
0.113286
0.112889
0.113268
0.113089
0.113010
0.113006
0.112998
0.113231
0.113101
0.119291
0.118713
0.118513
0.115704
0.114310
0.119777
0.142823
0.107109
0.107268
0.118882
0.115917
0.120236
0.115731
0.116412
0.115197
0.114759
0.102810
0.095610
0.096375
0.101319
0.101406
0.103807
0.119475
0.119662
0.096798
0.102388
0.103954
0.101911
0.102690
0.101396
0.096124
0.107841
0.111361
0.112150
0.112933
0.119630
0.120818
0.126246
0.124781
0.114029
0.111313
0.112672
0.099366
0.099271
0.137473
0.137693
0.138617
0.138147
0.144249
0.131923
0.130549
0.126256
0.118835
0.122480
0.124413
0.122612
0.125791
0.123332
0.123981
0.114014
0.113486
0.111414
0.129155
0.139763
0.130409
0.130783
0.133072
0.131819
0.132134
0.132252
0.131217
0.126699
0.128285
0.130550
0.131616
0.138711
0.128284
0.137250
0.136184
0.130214
0.130190
0.126194
0.129171
0.128218
0.137665
0.135240
0.132596
0.137606
0.123885
0.125706
0.129217
0.126170
0.129553
0.130860
0.131478
0.127633
0.121120
0.128495
0.126488
0.127244
0.126914
0.122777
0.125751
0.123368
0.123377
0.118769
0.128898
0.127873
0.127857
0.124298
0.126274
0.124082
0.124567
0.122799
0.125286
0.121409
0.117224
0.122115
0.122190
0.121256
0.116367
0.117963
0.120173
0.119648
0.120710
0.119249
0.117953
0.118221
0.119198
0.120429
0.120517
0.120810
0.119908
0.122538
0.117447
0.115481
0.115371
0.100881
0.114756
0.102329
0.120968
0.120902
0.102162
0.101407
0.112633
0.121869
0.104841
0.104228
0.118582
0.120360
0.116468
0.116875
0.105743
0.106957
0.107798
0.102848
0.104021
0.102535
0.102552
0.106701
0.102961
0.100494
0.102749
0.109227
0.101996
0.100966
0.103349
0.104606
0.100088
0.106328
0.098617
0.098460
0.098906
0.101952
0.097693
0.106396
0.106512
0.108065
0.106112
0.104851
0.107036
0.109923
0.106754
0.102367
0.103275
0.101096
0.101001
0.101662
0.102847
0.110600
0.101285
0.101979
0.125637
0.121047
0.122498
0.124375
0.120060
0.125543
0.121808
0.130240
0.136485
0.114063
0.130836
0.131043
0.131121
0.132724
0.130308
0.120934
0.119433
0.120396
0.120181
0.120419
0.120693
0.120735
0.121827
0.122881
0.123008
0.122732
0.124601
0.124416
0.123263
0.122606
0.145208
0.142438
0.143572
0.143393
0.143772
0.143996
0.145836
0.147408
0.150284
0.151338
0.152095
0.149780
0.153721
0.152099
0.154946
0.156634
0.157225
0.157101
0.153067
0.154241
0.157310
0.157235
0.154574
0.154486
0.155746
0.155518
0.158462
0.137718
0.137563
0.156008
0.155770
0.155402
0.154913
0.154912
0.139626
0.139223
0.155614
0.154790
0.155278
0.155284
0.154637
0.154453
0.154884
0.156182
0.154720
0.154837
0.155276
0.155568
0.154967
0.154203
0.154777
0.153931
0.154236
0.155821
0.154695
0.154201
0.155171
0.155640
0.155805
0.153954
0.113932
0.113636
0.113135
0.113255
0.113776
0.113774
0.113169
0.114311
0.113704
0.114139
0.114026
0.112598
0.114016
0.113993
0.113938
0.114061
0.114273
0.114034
0.114230
0.113588
0.114174
0.113832
0.113338
0.113650
0.114405
0.114299
0.114411
0.112233
0.112333
0.111871
0.111984
0.112254
0.111974
0.112712
0.111057
0.110975
0.111370
0.114608
0.112939
0.110015
0.110020
0.113580
0.103244
0.109171
0.102938
0.103244
0.104402
0.102152
0.101796
0.103914
0.101925
0.100669
0.103316
0.101050
0.101378
0.100923
0.101484
0.096757
0.099382
0.088995
0.088805
0.103042
0.102717
0.089294
0.091951
0.090972
0.092345
0.091385
0.093224
0.093367
0.092549
0.094904
0.094611
0.095115
0.094485
0.093916
0.094837
0.095442
0.096837
0.090254
0.094189
0.093614
0.091331
0.093617
0.095380
0.095210
0.095416
0.094766
0.095297
0.095457
0.094567
0.097347
0.096481
0.076789
0.072838
0.073126
0.103791
0.096800
0.097193
0.096182
0.096990
0.091112
0.102342
0.097315
0.092874
0.092891
0.097362
0.094078
0.096346
0.093110
0.068850
0.097404
0.074814
0.100696
0.085507
0.139746
0.153208
0.151769
0.146845
0.143143
0.140902
0.140806
0.140658
0.141028
0.140833
0.139317
0.140990
0.140861
0.140517
0.159574
0.140630
0.145820
0.152927
0.140823
0.143635
0.140744
0.140728
0.152665
0.153117
0.152860
0.144941
0.145938
0.152757
0.152883
0.152701
0.143766
0.146968
0.140840
0.140801
0.145699
0.209355
0.209761
0.211008
0.210839
0.213100
0.211258
0.208874
0.211251
0.209675
0.208522
0.204409
0.208255
0.206596
0.204572
0.205541
0.208062
0.211599
0.188707
0.208021
0.204028
0.207885
0.207476
0.204533
0.208957
0.211460
0.208266
0.212264
0.211880
0.214323
0.215562
0.214866
0.214333
0.219553
0.218509
0.213384
0.214145
0.214603
0.213796
0.213684
0.213487
0.213722
0.214492
0.213718
0.212755
0.213908
0.214079
0.213601
0.208693
0.214451
0.216081
0.215531
0.214995
0.210657
0.212156
0.138015
0.137851
0.138154
0.137711
0.137530
0.137002
0.137010
0.136985
0.136836
0.136259
0.137378
0.137210
0.135763
0.135250
0.137219
0.136530
0.136458
0.135185
0.135305
0.135648
0.135165
0.134572
0.134448
0.132969
0.131674
0.133861
0.133902
0.132737
0.133239
0.132996
0.133647
0.133064
0.132821
0.132674
0.131942
0.132280
0.131188
0.131382
0.128784
0.128498
0.127931
0.131120
0.131517
0.132280
0.130918
0.132555
0.129092
0.128510
0.130450
0.130116
0.130128
0.130186
0.131488
0.130883
0.131091
0.130184
0.131101
0.130220
0.129354
0.130455
0.132126
0.131539
0.130674
0.130178
0.131360
0.130324
0.129766
0.132748
0.133211
0.134731
0.133971
0.133687
0.131853
0.134094
0.132747
0.132414
0.136212
0.133820
0.135362
0.136719
0.136842
0.138073
0.132983
0.132223
0.132502
0.132734
0.133825
0.132722
0.134205
0.134192
0.137249
0.136854
0.133779
0.137009
0.138614
0.138470
0.139146
0.134767
0.135727
0.139896
0.139768
0.135265
0.141711
0.144090
0.145156
0.143266
0.138194
0.140694
0.135334
0.135031
0.135491
0.138783
0.136293
0.133192
0.142500
0.144993
0.154094
0.154124
0.155359
0.156620
0.159842
0.156071
0.156483
0.155431
0.156777
0.133546
0.137543
0.138286
0.138171
0.138428
0.139440
0.139818
0.138137
0.138679
0.132945
0.132151
0.138179
0.134596
0.138522
0.140795
0.137759
0.137134
0.137674
0.138249
0.138813
0.139297
0.138980
0.138297
0.134727
0.137229
0.153538
0.154015
0.152508
0.151789
0.149792
0.147122
0.150890
0.150980
0.150965
0.150275
0.150337
0.150047
0.150381
0.150400
0.150419
0.150425
0.150373
0.150392
0.150382
0.150613
0.148098
0.150110
0.150062
0.150262
0.150764
0.150590
0.150624
0.150705
0.150562
0.150456
0.148436
0.148378
0.149774
0.148109
0.144159
0.147600
0.133824
0.132561
0.129458
0.129072
0.129251
0.129238
0.129297
0.129286
0.129240
0.129104
0.129229
0.129355
0.129185
0.129274
0.129577
0.129396
0.129306
0.129271
0.128974
0.129129
0.128997
0.129205
0.128860
0.128961
0.129267
0.129098
0.129378
0.129243
0.129345
0.129372
0.129480
0.129204
0.129042
0.129457
0.129258
0.129350
0.129327
0.129313
0.129225
0.129321
0.129417
0.129424
0.129659
0.129146
0.129154
0.129415
0.129392
0.129547
0.129240
0.129441
0.129405
0.129440
0.129281
0.129175
0.129410
0.129290
0.129313
0.128958
0.129375
0.129309
0.129285
0.128925
0.129046
0.129270
0.128910
0.128910
0.128959
0.129813
0.129385
0.128972
0.129014
0.129450
0.129293
0.129323
0.129291
0.129035
0.128999
0.129409
0.129498
0.129658
0.129539
0.129374
0.058909
0.058336
0.056661
0.056704
0.056413
0.052467
0.058817
0.057545
0.057172
0.056977
0.056822
0.055399
0.056800
0.056202
0.056466
0.053328
0.054291
0.055103
0.055554
0.056350
0.057687
0.059419
0.060314
0.056517
0.054995
0.052758
0.054087
0.058448
0.057614
0.060699
0.057519
0.058137
0.058397
0.058754
0.051011
0.051544
0.052756
0.051240
0.052892
0.053012
0.053385
0.060857
0.054909
0.056011
0.056857
0.056121
0.052052
0.052845
0.060336
0.058989
0.062730
0.062873
0.060682
0.058716
0.058266
0.063824
0.053798
0.057435
0.058360
0.056564
0.054584
0.060747
0.058015
0.055685
0.055314
0.060463
0.052780
0.053725
0.056231
0.052748
0.051711
0.054877
0.055347
0.054075
0.053802
0.057007
0.053964
0.053514
0.053767
0.052370
0.053879
0.055720
0.053951
0.057146
0.055742
0.056532
0.055461
0.052262
0.058012
0.059826
0.061397
0.058734
0.060712
0.059595
0.108597
0.108549
0.109326
0.108276
0.107205
0.109122
0.109452
0.107674
0.107722
0.110032
0.106775
0.106560
0.108235
0.107078
0.103378
0.104502
0.106867
0.107139
0.108843
0.106350
0.107599
0.108313
0.109705
0.108542
0.109715
0.109931
0.108812
0.107835
0.108490
0.107385
0.106156
0.105705
0.107840
0.107930
0.108254
0.107506
0.107623
0.108429
0.107565
0.109889
0.109562
0.110236
0.111418
0.108030
0.110418
0.110073
0.108266
0.103763
0.104191
0.109077
0.112131
0.111600
0.111734
0.146474
0.145141
0.145041
0.146080
0.144580
0.144673
0.145193
0.145168
0.144444
0.145170
0.145365
0.145072
0.144911
0.144879
0.145611
0.145748
0.145351
0.144269
0.145468
0.145205
0.145042
0.146873
0.146098
0.144731
0.145155
0.145694
0.144902
0.145904
0.145557
0.144774
0.144719
0.144419
0.145466
0.144878
0.145165
0.145171
0.144813
0.144402
0.144405
0.145617
0.145472
0.144581
0.144522
0.145482
0.144970
0.144853
0.145173
0.145404
0.145142
0.145622
0.145614
0.144872
0.145211
0.144601
0.144420
0.144571
0.145616
0.144113
0.144593
0.144293
0.144185
0.145224
0.144215
0.144084
0.143976
0.143843
0.144026
0.143976
0.144200
0.144027
0.143566
0.144040
0.144655
0.144197
0.144954
0.144673
0.147979
0.105144
0.104834
0.100141
0.103278
0.100053
0.099783
0.099533
0.100866
0.101438
0.100223
0.100584
0.099676
0.098418
0.098034
0.096776
0.097237
0.102411
0.095220
0.099695
0.098942
0.102871
0.098146
0.102610
0.097684
0.100231
0.100069
0.103015
0.102803
0.103029
0.100569
0.100454
0.100096
0.101011
0.100301
0.100440
0.100787
0.101069
0.100613
0.101644
0.101292
0.103387
0.103446
0.102699
0.099968
0.104334
0.103774
0.102727
0.103529
0.102208
0.103901
0.104443
0.103801
0.103515
0.104115
0.102052
0.103956
0.102814
0.103848
0.102389
0.101153
0.100880
0.100138
0.099405
0.101070
0.100312
0.101509
0.100950
0.100819
0.100629
0.100028
0.102190
0.101488
0.099282
0.099379
0.102211
0.098670
0.101341
0.098250
0.096782
0.100213
0.102677
0.099999
0.099657
0.100916
0.100821
0.100620
0.100921
0.102315
0.104433
0.105266
0.105123
0.105285
0.104860
0.104908
0.103910
0.102883
0.103061
0.103215
0.102831
0.103321
0.102996
0.104488
0.103044
0.103122
0.105514
0.105697
0.105186
0.104757
0.105434
0.106035
0.106234
0.106245
0.152164
0.132936
0.114378
0.105863
0.121433
0.156009
0.162389
0.181146
0.192698
0.206104
0.234429
0.252823
0.272178
0.283361
0.293988
0.273724
0.253698
0.193083
0.126544
0.103742
0.113402
0.146771
0.151509
0.144687
0.144767
0.154190
0.140758
0.140060
0.149010
0.149075
0.146153
0.148916
0.149299
0.149562
0.149680
0.132080
0.140819
0.153205
0.157576
0.158055
0.161720
0.150085
0.130928
0.104058
0.107362
0.103742
0.116154
0.123680
0.130290
0.130146
0.136489
0.144287
0.150886
0.156809
0.155637
0.159779
0.158372
0.158147
0.144889
0.148817
0.143537
0.146508
0.142524
0.147576
0.147131
0.142705
0.158249
0.147232
0.148556
0.148524
0.132648
0.135476
0.134031
0.133898
0.134288
0.132801
0.004518
0.003530
0.002767
0.002458
0.002071
0.002071
0.002011
0.001703
0.001327
0.001218
0.001217
0.001196
0.001370
0.000883
0.001071
0.001066
0.000626
0.000000
0.000606
0.001007
0.000992
0.001591
0.002375
0.002953
0.003358
0.003347
0.003650
0.004028
0.004464
0.004641
0.004632
0.004913
0.005205
0.005034
0.005123
0.005106
0.005250
0.005492
0.005604
0.005463
0.069687
0.071211
0.070206
0.069578
0.070340
0.070536
0.070595
0.063046
0.064200
0.065367
0.065282
0.062935
0.061925
0.061869
0.063546
0.063249
0.067943
0.065329
0.064328
0.067917
0.064194
0.064890
0.065615
0.067960
0.068275
0.066556
0.064098
0.064761
0.064208
0.064537
0.065310
0.064280
0.063694
0.066002
0.070389
0.070344
0.073638
0.071983
0.070768
0.074743
0.075028
0.075544
0.079935
0.066187
0.066254
0.071196
0.070475
0.085384
0.087247
0.086091
0.086151
0.086243
0.086919
0.088111
0.086792
0.087808
0.086779
0.086137
0.074614
0.074826
0.074114
0.073607
0.073272
0.074515
0.075199
0.075794
0.074761
0.073886
0.086109
0.074257
0.074680
0.087517
0.086599
0.086863
0.086920
0.086351
0.085275
0.087075
0.086949
0.085616
0.085894
0.085834
0.086480
0.085731
0.085967
0.086176
0.085401
0.086062
0.086567
0.086065
0.086613
0.085561
0.086088
0.084702
0.083714
0.084085
0.085571
0.081371
0.081370
0.081002
0.081045
0.083954
0.085226
0.085902
0.086115
0.086080
0.086188
0.085185
0.085099
0.085651
0.085673
0.084668
0.085557
0.085527
0.085982
0.081620
0.080959
0.082159
0.082217
0.085902
0.082851
0.086658
0.088238
0.088774
0.089447
0.089494
0.089414
0.089628
0.091727
0.092361
0.091933
0.091994
0.092211
0.091420
0.091358
0.091301
0.092302
0.092295
0.092614
0.092898
0.093753
0.092918
0.091368
0.092534
0.091885
0.093106
0.155939
0.131206
0.131112
0.131562
0.131703
0.130346
0.158037
0.130272
0.131536
0.129763
0.130088
0.158705
0.158516
0.158149
0.159369
0.159219
0.163249
0.163735
0.159909
0.134603
0.162746
0.158328
0.157790
0.159353
0.159769
0.159622
0.164284
0.136896
0.132884
0.130515
0.131473
0.134188
0.131828
0.166681
0.166372
0.160528
0.131525
0.135633
0.131041
0.133427
0.133057
0.130400
0.131747
0.133371
0.139545
0.132152
0.132026
0.132835
0.132664
0.132518
0.128815
0.134176
0.130479
0.129385
0.129970
0.144814
0.132972
0.131006
0.145813
0.146386
0.145712
0.133671
0.130566
0.146957
0.135971
0.133565
0.139140
0.133191
0.133819
0.146572
0.167132
0.169188
0.167718
0.168148
0.167291
0.167843
0.168808
0.168526
0.145665
0.133311
0.145748
0.133287
0.139786
0.140740
0.133903
0.136986
0.132434
0.137665
0.131150
0.131714
0.134152
0.130455
0.133561
0.152296
0.166444
0.131515
0.152201
0.151931
0.152838
0.152349
0.161000
0.131722
0.131162
0.161080
0.126758
0.152750
0.126980
0.124656
0.126775
0.125103
0.134042
0.132653
0.133206
0.133960
0.164033
0.161951
0.162526
0.164872
0.161051
0.160951
0.162537
0.162083
0.163183
0.163945
0.164072
0.163842
0.162026
0.164095
0.167369
0.167760
0.164048
0.164826
0.108954
0.107409
0.107665
0.107251
0.108115
0.117357
0.107155
0.114788
0.115887
0.106829
0.116112
0.107064
0.105285
0.107765
0.106792
0.117161
0.106593
0.116674
0.117467
0.107406
0.117790
0.105726
0.108554
0.109018
0.106195
0.106541
0.110236
0.111257
0.108976
0.101793
0.108797
0.110676
0.104715
0.104692
0.104020
0.108808
0.106321
0.108359
0.102360
0.104327
0.104425
0.103565
0.105288
0.103083
0.103696
0.103164
0.106700
0.107717
0.107554
0.183410
0.189079
0.192172
0.192051
0.192317
0.192204
0.192189
0.188748
0.189681
0.191429
0.186739
0.186649
0.186170
0.187253
0.186306
0.187522
0.187510
0.187260
0.186648
0.186082
0.185556
0.185928
0.186614
0.186500
0.186123
0.185376
0.184908
0.185768
0.186042
0.186285
0.184628
0.185128
0.186192
0.186141
0.184964
0.187220
0.186097
0.183366
0.183566
0.184647
0.186098
0.185667
0.183599
0.183466
0.185564
0.184848
0.180396
0.185467
0.185405
0.185450
0.184522
0.183239
0.183271
0.182709
0.185971
0.185135
0.182063
0.182295
0.179950
0.181016
0.182004
0.180621
0.180177
0.178806
0.176108
0.175271
0.177085
0.168330
0.168460
0.176800
0.179636
0.177612
0.175414
0.181427
0.179801
0.180526
0.180671
0.180346
0.181499
0.181714
0.181993
0.182680
0.183632
0.182672
0.183004
0.184307
0.183318
0.185407
0.182101
0.183759
0.183278
0.183335
0.183685
0.186187
0.185340
0.184588
0.185670
0.185515
0.185140
0.186324
0.185004
0.186291
0.183294
0.185044
0.186401
0.185432
0.183606
0.187361
0.184212
0.184433
0.182691
0.182807
0.185152
0.185923
0.180590
0.184441
0.183234
0.183365
0.183039
0.181191
0.184096
0.182331
0.181070
0.184022
0.187060
0.186775
0.185815
0.185470
0.187231
0.185539
0.187371
0.183961
0.182335
0.184168
0.185317
0.186244
0.185218
0.185499
0.182747
0.182932
0.183393
0.182865
0.182655
0.183073
0.182868
0.186918
0.187298
0.183138
0.182601
0.186731
0.186298
0.183836
0.183768
0.180046
0.180886
0.180879
0.181995
0.181150
0.183397
0.181696
0.181468
0.182812
0.182236
0.183015
0.162564
0.162249
0.164481
0.164707
0.164365
0.166110
0.163292
0.165624
0.166948
0.167773
0.163492
0.165919
0.162717
0.163411
0.163626
0.159882
0.160055
0.166191
0.166329
0.166633
0.168313
0.166555
0.168411
0.171290
0.171438
0.170160
0.168179
0.168886
0.179753
0.169880
0.171042
0.170652
0.174054
0.173720
0.174256
0.171062
0.168059
0.170881
0.173132
0.172687
0.173334
0.177326
0.172765
0.172773
0.172121
0.168984
0.160765
0.166807
0.164222
0.164102
0.164613
0.174712
0.171905
0.167626
0.167065
0.158583
0.164176
0.166947
0.159447
0.158295
0.165107
0.157937
0.157591
0.164620
0.163553
0.158787
0.166897
0.166452
0.153867
0.156593
0.156515
0.153942
0.163879
0.162831
0.162893
0.158900
0.163070
0.164206
0.167814
0.167498
0.164074
0.166074
0.162650
0.162170
0.162443
0.164660
0.163680
0.163351
0.163259
0.167481
0.164114
0.163399
0.168828
0.163388
0.163118
0.158611
0.158731
0.160285
0.159994
0.159901
0.165521
0.159263
0.158790
0.161475
0.158836
0.161291
0.161711
0.161153
0.160136
0.160278
0.160295
0.158770
0.155528
0.158977
0.158781
0.158761
0.164747
0.171627
0.168264
0.168222
0.168493
0.172540
0.172998
0.173530
0.175000
0.167870
0.168500
0.170646
0.170695
0.171541
0.177018
0.179232
0.169243
0.171469
0.170095
0.171624
0.177073
0.175782
0.176001
0.175426
0.178356
0.174438
0.168734
0.170607
0.174018
0.070942
0.073041
0.070827
0.072840
0.072371
0.071998
0.069397
0.069403
0.068996
0.070413
0.071159
0.070352
0.070674
0.077558
0.072986
0.073362
0.074543
0.074322
0.076121
0.077804
0.074437
0.077835
0.077410
0.078776
0.076944
0.076641
0.077366
0.077465
0.075745
0.074383
0.078120
0.075177
0.078645
0.079126
0.079744
0.078337
0.077357
0.078697
0.078889
0.076864
0.077046
0.076847
0.076778
0.075552
0.075371
0.069514
0.070517
0.070734
0.070684
0.075860
0.076950
0.073037
0.072953
0.075052
0.075870
0.075569
0.075885
0.075986
0.075590
0.074548
0.074520
0.073216
0.073081
0.073757
0.075399
0.074253
0.073809
0.074143
0.074379
0.073849
0.074179
0.075974
0.075648
0.074152
0.076526
0.075605
0.073701
0.073915
0.075679
0.075605
0.076809
0.075499
0.076069
0.074041
0.077344
0.077608
0.076735
0.074295
0.074597
0.076226
0.074826
0.107278
0.146293
0.105615
0.105663
0.110969
0.135715
0.112276
0.092588
0.073676
0.059067
0.093929
0.107886
0.126492
0.126302
0.133342
0.143389
0.146982
0.117936
0.115952
0.122726
0.124299
0.125924
0.132815
0.124114
0.125685
0.124666
0.134833
0.144542
0.149073
0.142837
0.143837
0.149959
0.167596
0.138868
0.154389
0.154502
0.155216
0.164618
0.167438
0.170188
0.169065
0.182964
0.125343
0.148762
0.124834
0.123077
0.127483
0.128027
0.125718
0.164673
0.164841
0.118279
0.117191
0.113459
0.116112
0.115635
0.146440
0.147766
0.135336
0.139408
0.137566
0.144439
0.145201
0.144666
0.147788
0.145817
0.151620
0.157984
0.138441
0.137422
0.136850
0.139188
0.142052
0.141136
0.138097
0.138330
0.136791
0.139675
0.139223
0.141138
0.140827
0.129731
0.137221
0.139230
0.140040
0.139715
0.140853
0.139959
0.124475
0.123051
0.123622
0.139294
0.142189
0.138884
0.142557
0.142852
0.138549
0.129668
0.127706
0.128398
0.128657
0.128661
0.128411
0.126161
0.137759
0.137650
0.120201
0.110771
0.106352
0.108440
0.108973
0.122344
0.119531
0.105805
0.107948
0.107072
0.108563
0.107703
0.105611
0.116848
0.116263
0.103694
0.103594
0.103294
0.112855
0.113494
0.098497
0.115001
0.114188
0.112203
0.111137
0.108567
0.097089
0.092633
0.093644
0.093743
0.096039
0.096788
0.095571
0.094086
0.093610
0.096822
0.095143
0.095726
0.090064
0.092583
0.091092
0.095786
0.091664
0.091842
0.091891
0.090867
0.084968
0.090467
0.090347
0.090295
0.113398
0.089661
0.088600
0.092160
0.091428
0.092696
0.091892
0.092518
0.097594
0.092429
0.098842
0.088296
0.090973
0.090332
0.088894
0.092682
0.091080
0.094982
0.094527
0.093460
0.093556
0.120239
0.093223
0.093540
0.088784
0.088325
0.088762
0.099189
0.092999
0.094092
0.092915
0.093844
0.093388
0.093979
0.093992
0.096244
0.097198
0.101561
0.101477
0.101209
0.105610
0.098342
0.099894
0.102047
0.100872
0.105405
0.100481
0.103918
0.099893
0.106906
0.103309
0.105884
0.099156
0.103916
0.104565
0.103263
0.101471
0.099089
0.100274
0.097551
0.105431
0.098095
0.099068
0.103162
0.103808
0.104754
0.104930
0.106517
0.106605
0.106820
0.106716
0.105750
0.105543
0.109398
0.108895
0.108705
0.104220
0.098882
0.102802
0.099205
0.128181
0.094589
0.127533
0.099798
0.097030
0.117565
0.095961
0.098913
0.106685
0.108417
0.113999
0.116158
0.121097
0.103414
0.121625
0.102694
0.097811
0.103399
0.123275
0.117557
0.104185
0.103683
0.100914
0.102938
0.103020
0.132872
0.103138
0.101224
0.101614
0.107550
0.103213
0.102148
0.102089
0.102576
0.101210
0.099694
0.099125
0.114540
0.115533
0.115486
0.115532
0.116068
0.099058
0.115490
0.115251
0.115478
0.097319
0.097540
0.097471
0.112828
0.113170
0.114922
0.096674
0.097154
0.096942
0.096637
0.096577
0.095672
0.096077
0.096614
0.100796
0.097290
0.096006
0.103216
0.101321
0.105305
0.104227
0.111875
0.124707
0.098207
0.096590
0.098070
0.097446
0.097391
0.097091
0.103160
0.093720
0.098811
0.103727
0.097134
0.097367
0.099357
0.099285
0.097275
0.097156
0.099568
0.100907
0.099472
0.096212
0.099314
0.099246
0.100484
0.098578
0.098205
0.099528
0.098988
0.099150
0.099154
0.092794
0.102635
0.094823
0.102667
0.092000
0.092392
0.102273
0.093529
0.093144
0.096340
0.096027
0.098642
0.094669
0.094195
0.095328
0.095288
0.095190
0.095115
0.094999
0.094767
0.095739
0.095796
0.096136
0.094947
0.095386
0.096591
0.097639
0.098592
0.096937
0.096101
0.097484
0.096109
0.096019
0.097073
0.102720
0.097025
0.096748
0.103257
0.103624
0.104682
0.105167
0.103501
0.103689
0.104066
0.105112
0.105214
0.103658
0.104041
0.103340
0.102995
0.102620
0.102445
0.103085
0.126816
0.127364
0.125755
0.125994
0.129490
0.127738
0.128462
0.126001
0.129022
0.126287
0.130099
0.126497
0.126726
0.126469
0.126237
0.125879
0.126733
0.126839
0.127031
0.126749
0.127691
0.126770
0.126939
0.127158
0.127180
0.127141
0.126815
0.127167
0.126674
0.126829
0.126537
0.126413
0.126813
0.125925
0.120569
0.120834
0.119352
0.123416
0.127305
0.125978
0.126574
0.126796
0.126790
0.127141
0.123497
0.123208
0.124473
0.124677
0.127103
0.126541
0.124846
0.127336
0.122202
0.127538
0.125666
0.128031
0.125949
0.125335
0.125635
0.125238
0.123968
0.125158
0.127050
0.126527
0.125184
0.125641
0.125594
0.125362
0.125151
0.128514
0.124614
0.123457
0.123980
0.126305
0.124677
0.123200
0.125379
0.124659
0.125797
0.128227
0.128648
0.127991
0.126272
0.125551
0.126355
0.126286
0.126168
0.128124
0.126401
0.126703
0.126172
0.126114
0.126370
0.126466
0.123615
0.128468
0.127531
0.127159
0.126317
0.125279
0.125159
0.125422
0.129012
0.128335
0.125286
0.125255
0.127851
0.126648
0.127002
0.128024
0.126345
0.128616
0.128691
0.128100
0.129809
0.130143
0.127534
0.123236
0.128252
0.124878
0.125003
0.125609
0.130792
0.130127
0.128556
0.127432
0.127879
0.128198
0.128735
0.127442
0.128758
0.130499
0.128546
0.126425
0.126945
0.127741
0.128664
0.128359
0.128798
0.128281
0.088018
0.086959
0.086772
0.087307
0.086885
0.086440
0.086504
0.087339
0.087911
0.086412
0.087049
0.087884
0.086384
0.087159
0.086756
0.086359
0.087170
0.085563
0.087245
0.085698
0.085234
0.085757
0.086409
0.085734
0.086150
0.086367
0.086620
0.087300
0.087157
0.086669
0.087201
0.086288
0.086038
0.085366
0.085809
0.084526
0.082111
0.082583
0.081592
0.081879
0.080481
0.079036
0.075500
0.071866
0.071834
0.070080
0.074648
0.064628
0.062660
0.062179
0.062729
0.061676
0.065497
0.056003
0.060343
0.053764
0.053333
0.053350
0.056662
0.052201
0.050191
0.049613
0.050884
0.050893
0.050800
0.050822
0.050821
0.050765
0.050762
0.050285
0.050753
0.050678
0.050768
0.050579
0.050422
0.050573
0.050292
0.050861
0.050443
0.050464
0.050365
0.050534
0.050567
0.049110
0.049438
0.049162
0.049560
0.049276
0.049117
0.048965
0.048933
0.049949
0.049879
0.049557
0.049365
0.049610
0.049390
0.049346
0.050654
0.050490
0.050620
0.050415
0.050603
0.050316
0.049150
0.049926
0.049955
0.049671
0.049697
0.049728
0.049731
0.049723
0.049745
0.049770
0.049712
0.049633
0.049621
0.049878
0.049619
0.049594
0.049908
0.049624
0.049826
0.049507
0.049866
0.049842
0.049844
0.049834
0.049842
0.049631
0.049041
0.049058
0.049085
0.049672
0.049710
0.049579
0.049702
0.049659
0.049956
0.049839
0.049909
0.049905
0.049791
0.050592
0.050007
0.049598
0.049707
0.050108
0.049922
0.049718
0.090876
0.089611
0.091046
0.093195
0.093749
0.091848
0.090394
0.089659
0.093269
0.090173
0.090192
0.087001
0.087233
0.088551
0.090452
0.094399
0.095239
0.093454
0.092867
0.091614
0.091450
0.089437
0.085997
0.087992
0.087471
0.087828
0.087820
0.087407
0.094464
0.092729
0.092861
0.092699
0.094094
0.092891
0.092526
0.094697
0.092974
0.089858
0.088346
0.087450
0.088209
0.087578
0.090305
0.092361
0.091952
0.092940
0.095255
0.092388
0.093643
0.092449
0.087293
0.093186
0.077181
0.079248
0.079099
0.079399
0.079083
0.078676
0.076446
0.077074
0.076886
0.078340
0.078954
0.079343
0.078093
0.075774
0.077318
0.077406
0.074833
0.076417
0.076489
0.075701
0.077657
0.076425
0.084094
0.083293
0.082954
0.081609
0.081652
0.084310
0.083552
0.084863
0.084811
0.084845
0.082748
0.083093
0.082296
0.081730
0.081727
0.083714
0.083659
0.082038
0.085599
0.085529
0.082421
0.082516
0.086101
0.082251
0.081677
0.084368
0.090792
0.091490
0.084940
0.085357
0.085842
0.086103
0.084532
0.083557
0.083623
0.083697
0.091412
0.088782
0.090028
0.090043
0.091436
0.091194
0.090867
0.090951
0.090167
0.090038
0.089894
0.093570
0.091584
0.091385
0.084435
0.086297
0.090262
0.090674
0.090967
0.088752
0.090468
0.090318
0.089074
0.089298
0.089967
0.092495
0.089967
0.091046
0.090729
0.091156
0.085653
0.090808
0.089449
0.088960
0.084464
0.085187
0.089522
0.091761
0.089984
0.114001
0.111392
0.112270
0.121838
0.112593
0.111871
0.110896
0.110928
0.111849
0.113667
0.112679
0.115488
0.108278
0.105348
0.111943
0.110361
0.109129
0.093169
0.109881
0.112776
0.114419
0.125433
0.111884
0.112231
0.125745
0.113164
0.112930
0.113950
0.127681
0.111209
0.114521
0.102656
0.116817
0.116382
0.117076
0.120391
0.115734
0.115826
0.115417
0.082476
0.074769
0.082142
0.082180
0.079043
0.080332
0.074832
0.070796
0.071323
0.070622
0.071209
0.073836
0.075749
0.075607
0.075200
0.105906
0.105560
0.081985
0.118515
0.113737
0.124939
0.111453
0.115294
0.095780
0.116137
0.118682
0.109940
0.118349
0.116476
0.106434
0.110139
0.118533
0.111381
0.118499
0.109369
0.112965
0.117555
0.121694
0.119152
0.126255
0.127954
0.114443
0.112357
0.109982
0.111409
0.110385
0.110035
0.109864
0.113666
0.111856
0.113514
0.111464
0.111173
0.112628
0.110106
0.122131
0.108180
0.109995
0.109933
0.112211
0.110942
0.109490
0.111475
0.119923
0.120355
0.121750
0.119928
0.118329
0.106545
0.110970
0.109978
0.103289
0.111294
0.107832
0.106059
0.107208
0.106537
0.114294
0.105878
0.108079
0.115267
0.106259
0.107080
0.109045
0.105875
0.104343
0.106665
0.107770
0.109642
0.108521
0.105520
0.121076
0.122601
0.107342
0.112187
0.117388
0.112475
0.109190
0.111412
0.114021
0.114523
0.115295
0.116974
0.116654
0.117679
0.117700
0.118092
0.119442
0.086632
0.087685
0.070489
0.072512
0.073228
0.072927
0.070414
0.070001
0.090998
0.090304
0.088645
0.088153
0.092096
0.086487
0.086805
0.084943
0.084614
0.085528
0.086553
0.086860
0.086055
0.086098
0.088202
0.096747
0.090654
0.096459
0.096457
0.097646
0.096614
0.093896
0.091477
0.091741
0.089828
0.090175
0.089370
0.091166
0.091224
0.087489
0.087472
0.090128
0.089013
0.089009
0.089424
0.089438
0.090826
0.090250
0.089792
0.090061
0.089909
0.089841
0.092510
0.092756
0.089165
0.089923
0.090368
0.091053
0.090793
0.090418
0.089990
0.093297
0.091620
0.091586
0.091056
0.091644
0.089008
0.090627
0.090841
0.089666
0.088000
0.089113
0.089041
0.089289
0.088250
0.090234
0.090058
0.090677
0.090228
0.089970
0.090545
0.089973
0.090145
0.090134
0.090033
0.089934
0.088978
0.089297
0.089278
0.091083
0.089730
0.090838
0.085890
0.085982
0.084375
0.084994
0.084985
0.085038
0.085088
0.085220
0.085164
0.084468
0.084369
0.084365
0.083775
0.085084
0.084983
0.085600
0.085589
0.085027
0.084654
0.085052
0.084139
0.083556
0.082988
0.092083
0.093400
0.093395
0.094672
0.072148
0.073325
0.094688
0.094728
0.074138
0.091348
0.091978
0.092939
0.090908
0.092497
0.091584
0.092383
0.088886
0.088911
0.089006
0.091689
0.089022
0.091496
0.090209
0.089598
0.090915
0.091437
0.091630
0.091649
0.091134
0.089600
0.090029
0.089406
0.089396
0.089201
0.090034
0.088696
0.088702
0.088573
0.090167
0.088465
0.090192
0.084922
0.086483
0.086354
0.086296
0.083936
0.086248
0.089633
0.089720
0.091106
0.083162
0.081872
0.081995
0.082173
0.083839
0.081895
0.081973
0.081776
0.082093
0.082168
0.083068
0.082523
0.083130
0.083835
0.083179
0.084361
0.082588
0.083191
0.084542
0.084471
0.083931
0.082827
0.084368
0.086391
0.084494
0.084863
0.081631
0.085713
0.086104
0.084574
0.084311
0.084383
0.084225
0.083794
0.085649
0.083742
0.086527
0.084426
0.085387
0.083917
0.084671
0.085928
0.084317
0.084311
0.086996
0.087220
0.084011
0.086534
0.086540
0.085985
0.085539
0.091544
0.092236
0.092180
0.083579
0.083877
0.083153
0.084089
0.083510
0.088638
0.081924
0.081554
0.084883
0.085116
0.086340
0.088532
0.084423
0.085398
0.085547
0.081660
0.087694
0.086204
0.083950
0.083840
0.084752
0.084041
0.087842
0.085343
0.085390
0.085932
0.087484
0.087807
0.087856
0.088400
0.088171
0.084764
0.086616
0.088897
0.086862
0.083509
0.082903
0.082375
0.085227
0.084836
0.084426
0.084341
0.083088
0.083356
0.083338
0.083088
0.082496
0.082740
0.083382
0.083322
0.083977
0.085716
0.082205
0.083610
0.084177
0.083254
0.082311
0.082858
0.086089
0.085721
0.086236
0.084458
0.085013
0.086096
0.084961
0.085757
0.085586
0.081040
0.080770
0.080681
0.082752
0.086017
0.084503
0.080594
0.077953
0.078710
0.079873
0.079428
0.077691
0.079725
0.077370
0.077843
0.075974
0.080170
0.078952
0.079810
0.078990
0.080266
0.079264
0.079696
0.079458
0.079244
0.078273
0.078046
0.080656
0.078014
0.077693
0.072061
0.080233
0.072170
0.077692
0.072188
0.079579
0.079142
0.080391
0.080336
0.080099
0.079489
0.080048
0.080136
0.079690
0.079646
0.079424
0.083090
0.083053
0.080651
0.081934
0.078378
0.079665
0.079293
0.080893
0.079143
0.081944
0.081006
0.081123
0.081775
0.081968
0.079980
0.082331
0.080908
0.081417
0.082227
0.082540
0.112854
0.129460
0.128773
0.128904
0.127921
0.126863
0.126283
0.119182
0.120269
0.109744
0.111751
0.126836
0.126217
0.126125
0.110148
0.126494
0.125662
0.125365
0.125543
0.114604
0.125229
0.124728
0.122874
0.123307
0.124034
0.122444
0.122000
0.113590
0.113557
0.122645
0.123018
0.126514
0.127152
0.127530
0.124522
0.127444
0.129433
0.120246
0.120120
0.113684
0.118445
0.199491
0.198175
0.198855
0.204124
0.202528
0.202675
0.203831
0.195277
0.195344
0.196228
0.197566
0.197244
0.196508
0.197959
0.197407
0.195905
0.196627
0.196813
0.197056
0.197732
0.200220
0.200469
0.196448
0.195834
0.196123
0.197184
0.197061
0.196272
0.196076
0.196856
0.201295
0.201120
0.196990
0.196964
0.196724
0.201716
0.201714
0.197506
0.197228
0.198559
0.203871
0.203630
0.205503
0.204545
0.202176
0.205929
0.207041
0.205158
0.205105
0.206496
0.207231
0.208264
0.203717
0.204026
0.205367
0.206249
0.206664
0.205935
0.205463
0.204048
0.204087
0.204124
0.203407
0.203665
0.204141
0.203416
0.204350
0.203859
0.204508
0.209647
0.208420
0.208767
0.205566
0.208479
0.208479
0.203814
0.204339
0.207638
0.205698
0.203773
0.206174
0.205812
0.205656
0.204132
0.205666
0.204947
0.204389
0.204566
0.113735
0.113967
0.113651
0.114651
0.114585
0.114829
0.114789
0.114723
0.114552
0.114652
0.114915
0.114598
0.114797
0.115059
0.116815
0.116745
0.116825
0.114418
0.113969
0.115044
0.113969
0.114803
0.114048
0.114672
0.113770
0.114659
0.114744
0.113749
0.113961
0.114331
0.114088
0.113309
0.113899
0.114047
0.113695
0.114495
0.114517
0.114007
0.114305
0.113932
0.114231
0.116293
0.114295
0.114111
0.114137
0.114060
0.114279
0.113660
0.113524
0.113667
0.114018
0.114254
0.114034
0.114185
0.114203
0.114069
0.114350
0.114083
0.113821
0.113929
0.113979
0.115301
0.115986
0.114765
0.115283
0.115983
0.115541
0.113827
0.115581
0.115610
0.115730
0.113903
0.114377
0.116202
0.116233
0.113972
0.116168
0.113616
0.114082
0.114000
0.114489
0.114830
0.114383
0.114262
0.113647
0.113421
0.113242
0.112870
0.112613
0.112504
0.112718
0.114158
0.112612
0.112772
0.112408
0.112357
0.112446
0.113347
0.112896
0.112836
0.112442
0.112613
0.112473
0.113250
0.112905
0.112865
0.112661
0.074847
0.080629
0.081821
0.082345
0.082230
0.081398
0.085115
0.085784
0.084845
0.089498
0.086404
0.090860
0.090260
0.079756
0.079656
0.085333
0.081521
0.082507
0.103633
0.103614
0.101806
0.105152
0.104757
0.102322
0.104832
0.105061
0.104259
0.100921
0.096834
0.100305
0.090575
0.091017
0.090857
0.089139
0.091287
0.098424
0.097636
0.099855
0.099039
0.098995
0.091593
0.094759
0.094537
0.088922
0.088691
0.089775
0.088270
0.090401
0.088313
0.088108
0.086523
0.090703
0.089972
0.087734
0.087608
0.088333
0.087225
0.086913
0.087548
0.087597
0.091472
0.088855
0.089007
0.090606
0.090285
0.090681
0.088990
0.087020
0.101670
0.105105
0.108657
0.089472
0.090237
0.088202
0.088779
0.091470
0.091367
0.089498
0.088744
0.089443
0.090619
0.107950
0.109235
0.104389
0.105659
0.105590
0.103201
0.107341
0.108444
0.105643
0.104596
0.105127
0.106619
0.096924
0.097664
0.110173
0.112430
0.111512
0.110772
0.110610
0.111129
0.120425
0.120155
0.117323
0.117553
0.120472
0.119835
0.120934
0.119500
0.119298
0.120589
0.120501
0.121029
0.118538
0.118029
0.116655
0.117156
0.110879
0.114301
0.114565
0.113621
0.113791
0.106753
0.108643
0.109637
0.108766
0.107254
0.096217
0.110730
0.109805
0.113345
0.112106
0.111380
0.109705
0.109786
0.108112
0.087992
0.079336
0.076824
0.076737
0.078076
0.077052
0.077085
0.077471
0.094950
0.077040
0.076612
0.094007
0.094045
0.094100
0.077191
0.092734
0.093272
0.078033
0.077833
0.083403
0.084485
0.084879
0.083701
0.082971
0.082390
0.082574
0.083983
0.084138
0.083777
0.082709
0.083604
0.083435
0.093003
0.093186
0.084853
0.086729
0.082940
0.083812
0.084612
0.084866
0.083506
0.082368
0.082699
0.082928
0.083229
0.082951
0.084867
0.084978
0.085000
0.087172
0.085582
0.086127
0.084678
0.085314
0.084562
0.085435
0.083098
0.083020
0.083961
0.085806
0.091428
0.089224
0.091208
0.091370
0.093003
0.090816
0.089941
0.086961
0.087104
0.093283
0.095209
0.093227
0.093198
0.093518
0.104802
0.098721
0.096964
0.092103
0.092010
0.096934
0.094738
0.091856
0.092584
0.092606
0.091023
0.090610
0.089931
0.092161
0.092253
0.092705
0.095835
0.094161
0.093048
0.093277
0.092529
0.093306
0.093087
0.072797
0.073148
0.072887
0.072237
0.072001
0.071784
0.072455
0.068807
0.068689
0.068662
0.068744
0.069254
0.071381
0.071663
0.071206
0.070813
0.071133
0.071392
0.071498
0.069251
0.067847
0.072137
0.068402
0.072286
0.072926
0.073358
0.069284
0.071446
0.072028
0.071847
0.071859
0.072913
0.073284
0.071964
0.073443
0.073609
0.073191
0.073019
0.073074
0.073126
0.071836
0.071751
0.067729
0.065337
0.061709
0.061298
0.062133
0.061591
0.062606
0.062209
0.061684
0.061311
0.062038
0.064351
0.065627
0.065055
0.065373
0.065325
0.066869
0.069346
0.069745
0.072858
0.075132
0.073513
0.069531
0.072277
0.075297
0.075798
0.076780
0.072172
0.071454
0.078902
0.075123
0.075029
0.075007
0.075178
0.077528
0.078312
0.075679
0.075988
0.075977
0.073964
0.074721
0.076957
0.077508
0.077532
0.075507
0.075302
0.078226
0.076637
0.077828
0.076682
0.074329
0.076201
0.075970
0.075966
0.074868
0.075676
0.076652
0.074153
0.074177
0.073212
0.073595
0.073432
0.072263
0.072477
0.074669
0.074777
0.072511
0.073669
0.072534
0.071980
0.072788
0.073529
0.072447
0.073680
0.071654
0.073194
0.074499
0.073168
0.072664
0.075262
0.074190
0.075068
0.070483
0.070140
0.072116
0.065844
0.066116
0.065423
0.074618
0.065564
0.065821
0.072643
0.079069
0.079284
0.075164
0.076194
0.075890
0.077969
0.077864
0.079240
0.076666
0.077542
0.076282
0.076276
0.078750
0.078188
0.076891
0.076163
0.075657
0.074912
0.074347
0.075378
0.076979
0.076862
0.077462
0.077203
0.075960
0.076748
0.077051
0.074853
0.075566
0.076023
0.075102
0.075139
0.075118
0.075710
0.076447
0.075837
0.075907
0.077388
0.076596
0.080486
0.080417
0.079864
0.073154
0.072458
0.071360
0.073047
0.072257
0.071027
0.072087
0.072167
0.072062
0.071722
0.070843
0.071694
0.071100
0.071132
0.070457
0.070943
0.071132
0.071025
0.072210
0.072189
0.072217
0.072351
0.072079
0.071803
0.072430
0.071971
0.071518
0.071396
0.076085
0.072368
0.072471
0.076754
0.076693
0.076758
0.076736
0.078958
0.081238
0.080340
0.080374
0.080372
0.081817
0.078694
0.075918
0.074595
0.074583
0.074338
0.074569
0.076276
0.076132
0.077008
0.077226
0.076696
0.075530
0.076984
0.078491
0.078280
0.077257
0.077127
0.076833
0.076847
0.075851
0.078263
0.075835
0.076494
0.076113
0.076450
0.077549
0.076465
0.077798
0.077856
0.077859
0.078022
0.079776
0.077054
0.077120
0.077411
0.076777
0.077884
0.077086
0.076969
0.077135
0.076533
0.079380
0.074903
0.079355
0.079760
0.079544
0.079835
0.079028
0.079070
0.079301
0.072675
0.078974
0.081885
0.080170
0.081998
0.080532
0.081462
0.083200
0.083201
0.083273
0.082835
0.083163
0.082755
0.082210
0.083511
0.080582
0.078272
0.077254
0.077318
0.075995
0.074406
0.073402
0.072310
0.072233
0.070499
0.070186
0.069884
0.069136
0.068051
0.066809
0.067190
0.066913
0.066597
0.066331
0.168095
0.166759
0.167381
0.166425
0.169018
0.169304
0.167624
0.167904
0.165446
0.160583
0.165581
0.172247
0.170058
0.171349
0.172038
0.172526
0.170892
0.171301
0.170932
0.171967
0.171046
0.170110
0.171524
0.171516
0.172798
0.173815
0.172553
0.165325
0.167107
0.171980
0.172433
0.171411
0.171227
0.171104
0.166973
0.168911
0.169007
0.162829
0.162365
0.164229
0.164536
0.163009
0.163490
0.163571
0.163782
0.166717
0.171701
0.172165
0.172431
0.168160
0.174512
0.175891
0.176091
0.179606
0.179645
0.178442
0.179277
0.175058
0.175973
0.179357
0.179045
0.178216
0.178313
0.178381
0.177793
0.177308
0.074622
0.074257
0.074154
0.074392
0.074123
0.070703
0.073705
0.076286
0.074527
0.073664
0.073371
0.075672
0.071014
0.073451
0.073832
0.072074
0.071670
0.071875
0.071698
0.071634
0.070794
0.070894
0.069526
0.069513
0.069925
0.070160
0.071342
0.071150
0.071120
0.070936
0.072576
0.072809
0.070275
0.070124
0.071038
0.070687
0.070167
0.072979
0.074401
0.073548
0.075021
0.072098
0.072546
0.072398
0.071637
0.072523
0.071609
0.072163
0.071863
0.072007
0.071908
0.072110
0.071397
0.071082
0.071931
0.072177
0.072037
0.074154
0.074561
0.073182
0.073529
0.074024
0.074545
0.074113
0.075569
0.074214
0.074175
0.074070
0.074032
0.073543
0.074146
0.075155
0.074523
0.072033
0.075051
0.074507
0.069567
0.073859
0.073603
0.073601
0.074075
0.072796
0.070043
0.069937
0.071149
0.070756
0.070037
0.070182
0.071313
0.073458
0.072978
0.073130
0.071594
0.070593
0.069610
0.071576
0.072534
0.071863
0.072287
0.072874
0.072991
0.073419
0.073125
0.072990
0.071562
0.071785
0.073388
0.072976
0.072404
0.071928
0.073339
0.072940
0.072797
0.072705
0.074042
0.072361
0.071916
0.073812
0.074211
0.073733
0.072589
0.072434
0.067651
0.068986
0.067222
0.066695
0.066881
0.068118
0.068201
0.067373
0.068206
0.067148
0.067801
0.066160
0.068458
0.066902
0.066903
0.068492
0.067664
0.068800
0.068474
0.068002
0.068336
0.066670
0.068430
0.066954
0.066226
0.068036
0.068123
0.065070
0.070694
0.070977
0.068669
0.068477
0.070131
0.068024
0.068098
0.069310
0.070366
0.069619
0.066819
0.069945
0.069865
0.071125
0.067526
0.070567
0.070566
0.072024
0.072243
0.070628
0.070276
0.068590
0.071207
0.071330
0.070735
0.068606
0.068622
0.070661
0.070882
0.071712
0.070286
0.070257
0.069818
0.071466
0.071128
0.072066
0.068228
0.071952
0.071914
0.068739
0.070964
0.070828
0.072393
0.071100
0.071716
0.068603
0.068021
0.070111
0.071378
0.071147
0.071456
0.071904
0.071515
0.071514
0.070890
0.071006
0.071419
0.072403
0.071558
0.072785
0.071996
0.072679
0.071878
0.072074
0.070077
0.070572
0.072521
0.068537
0.071769
0.071105
0.072103
0.068225
0.067946
0.068146
0.072505
0.071249
0.072225
0.073147
0.072520
0.071898
0.066917
0.069695
0.073201
0.070924
0.071976
0.069731
0.069651
0.072140
0.072876
0.073057
0.072530
0.072215
0.072115
0.072378
0.072126
0.071869
0.071821
0.071818
0.072559
0.072056
0.071201
0.072179
0.072976
0.072607
0.072398
0.072000
0.071793
0.072890
0.071174
0.071387
0.071461
0.070715
0.071392
0.071638
0.072045
0.071286
0.072242
0.072886
0.072820
0.073454
0.073665
0.072946
0.072990
0.072893
0.073767
0.122341
0.140038
0.093160
0.071997
0.071757
0.072737
0.056601
0.054747
0.055167
0.056956
0.057540
0.055395
0.065365
0.061403
0.050574
0.048369
0.040780
0.039851
0.040690
0.040304
0.040616
0.040128
0.039875
0.040202
0.039820
0.038191
0.033163
0.027349
0.028401
0.028698
0.040214
0.033746
0.032997
0.033038
0.033713
0.032833
0.031878
0.032177
0.031992
0.032746
0.031048
0.027362
0.038590
0.027014
0.025727
0.025486
0.028097
0.026486
0.032186
0.026913
0.026909
0.039965
0.027400
0.027821
0.027323
0.027201
0.028331
0.027778
0.029051
0.040145
0.027826
0.032583
0.033563
0.031788
0.034172
0.035235
0.033675
0.032305
0.073548
0.074207
0.073799
0.068585
0.069986
0.071223
0.071211
0.060959
0.061127
0.074851
0.074372
0.076312
0.064258
0.067026
0.069313
0.070652
0.070768
0.071465
0.073357
0.079344
0.074070
0.071915
0.070752
0.069857
0.071822
0.072519
0.072605
0.068600
0.067005
0.069135
0.069325
0.069769
0.065709
0.065867
0.065306
0.080994
0.081945
0.081957
0.081993
0.083136
0.082438
0.080197
0.078478
0.080426
0.081348
0.081983
0.079992
0.073420
0.074588
0.083123
0.078615
0.078435
0.081838
0.081113
0.080893
0.081039
0.080988
0.082275
0.081288
0.082345
0.080428
0.080687
0.080871
0.080072
0.081076
0.081517
0.080058
0.081051
0.081430
0.080671
0.079699
0.080673
0.074841
0.071484
0.071386
0.069918
0.069099
0.070090
0.068993
0.071803
0.070352
0.071036
0.070959
0.072470
0.072447
0.072170
0.070747
0.071475
0.071827
0.072220
0.071390
0.069140
0.071484
0.072654
0.070956
0.071667
0.061135
0.061487
0.061194
0.071778
0.072151
0.061453
0.070627
0.070727
0.071871
0.071219
0.070855
0.072087
0.074183
0.073247
0.072359
0.072015
0.072017
0.072823
0.072512
0.061543
0.071645
0.071634
0.072795
0.073080
0.070845
0.071416
0.072067
0.076793
0.074614
0.072789
0.071847
0.071799
0.060706
0.072384
0.073725
0.070961
0.071139
0.059765
0.059958
0.058435
0.061286
0.061456
0.059813
0.059167
0.058985
0.059092
0.075394
0.088822
0.087406
0.087276
0.088390
0.083692
0.082504
0.083866
0.081287
0.081566
0.081601
0.081707
0.083113
0.083392
0.081549
0.082781
0.082684
0.084334
0.082755
0.083528
0.080933
0.080412
0.080440
0.078763
0.078512
0.081765
0.080941
0.081594
0.078867
0.078282
0.077773
0.075108
0.078048
0.075989
0.078693
0.075799
0.075736
0.076803
0.078569
0.078691
0.079506
0.079432
0.077559
0.076721
0.076348
0.077200
0.077239
0.078105
0.078317
0.077022
0.074608
0.074976
0.077657
0.077651
0.078595
0.076462
0.079259
0.076829
0.079075
0.079525
0.079805
0.078733
0.082749
0.081082
0.084520
0.085994
0.086139
0.081190
0.080201
0.080876
0.081457
0.081204
0.080938
0.081728
0.081743
0.109785
0.109739
0.109958
0.106825
0.108273
0.109434
0.108362
0.108924
0.110261
0.107237
0.109549
0.113454
0.113883
0.110826
0.109151
0.102750
0.104007
0.104300
0.107403
0.105808
0.102544
0.108785
0.108727
0.108455
0.109059
0.105845
0.107687
0.106629
0.107083
0.105162
0.107101
0.108504
0.105479
0.109119
0.105483
0.105909
0.102845
0.103049
0.101230
0.102742
0.101582
0.101910
0.101821
0.101828
0.100967
0.103930
0.104065
0.104213
0.104065
0.103246
0.103713
0.104375
0.103235
0.104111
0.104430
0.103872
0.104344
0.104307
0.104295
0.103785
0.103758
0.103274
0.102909
0.106385
0.105321
0.105439
0.104518
0.106399
0.104784
0.105292
0.105608
0.105519
0.104259
0.105246
0.106527
0.108217
0.107476
0.107354
0.106726
0.106830
0.106009
0.106310
0.106559
0.106920
0.105750
0.106233
0.107789
0.107148
0.107563
0.107460
0.107857
0.108229
0.108247
0.107636
0.107436
0.108719
0.105788
0.107392
0.108969
0.109136
0.109042
0.109183
0.109031
0.108818
0.106046
0.107973
0.105639
0.109115
0.105493
0.108047
0.104884
0.105576
0.108932
0.107685
0.108367
0.106881
0.106035
0.107017
0.106823
0.109875
0.109304
0.108964
0.106866
0.110095
0.109803
0.109140
0.109719
0.108924
0.109060
0.108467
0.112579
0.111257
0.108825
0.110425
0.107125
0.106081
0.106366
0.106169
0.106430
0.105458
0.109266
0.104888
0.105335
0.110545
0.107308
0.106159
0.105991
0.109337
0.107371
0.109181
0.108299
0.106511
0.107733
0.107443
0.110457
0.110278
0.108820
0.110121
0.109509
0.109639
0.108708
0.106467
0.108902
0.105922
0.108556
0.108437
0.108600
0.106778
0.107586
0.107820
0.108675
0.109711
0.108319
0.108444
0.108920
0.109658
0.109601
0.110706
0.109627
0.109145
0.109648
0.106678
0.107582
0.109481
0.106103
0.105621
0.111512
0.110922
0.108951
0.108930
0.110409
0.110219
0.110477
0.104073
0.108850
0.104294
0.108280
0.109333
0.109252
0.108898
0.109341
0.109526
0.108996
0.109624
0.109218
0.108712
0.109857
0.104742
0.109470
0.108868
0.109007
0.109366
0.109395
0.109181
0.101378
0.107891
0.109166
0.108787
0.105191
0.105355
0.107580
0.104549
0.102754
0.103562
0.104241
0.104735
0.106824
0.107163
0.106236
0.105584
0.102814
0.103423
0.102844
0.107125
0.108852
0.108526
0.108215
0.107415
0.108259
0.108633
0.106888
0.106890
0.106003
0.100238
0.099118
0.102757
0.101327
0.099893
0.101189
0.100396
0.099927
0.099128
0.099902
0.095749
0.100695
0.102174
0.102749
0.103356
0.102884
0.104563
0.103954
0.098575
0.098531
0.098296
0.103099
0.098269
0.099146
0.099219
0.099629
0.098584
0.112828
0.107361
0.097839
0.097739
0.156885
0.105157
0.154195
0.150904
0.150795
0.069313
0.120255
0.142908
0.127124
0.127240
0.156602
0.119092
0.155842
0.128579
0.157081
0.157456
0.157373
0.157917
0.158135
0.158073
0.157682
0.158224
0.159357
0.147065
0.124308
0.114743
0.118429
0.116868
0.126410
0.126209
0.154074
0.140359
0.163830
0.155761
0.163445
0.150809
0.131960
0.127241
0.141974
0.130296
0.119171
0.144929
0.138676
0.116747
0.145626
0.136386
0.135045
0.118946
0.138533
0.138647
0.143413
0.161686
0.131591
0.138024
0.131963
0.119189
0.126232
0.126076
0.125414
0.123114
0.118993
0.138177
0.138553
0.124496
0.124157
0.124335
0.121186
0.122509
0.128129
0.127735
0.127955
0.126827
0.128909
0.128173
0.128109
0.128919
0.186899
0.186878
0.191598
0.189027
0.177728
0.185310
0.174184
0.128339
0.105142
0.127030
0.126521
0.128744
0.127251
0.127202
0.127893
0.132613
0.144954
0.139453
0.105332
0.187238
0.185655
0.139274
0.140705
0.139141
0.126234
0.136437
0.150453
0.141500
0.140323
0.140403
0.186899
0.139060
0.137435
0.137842
0.141407
0.142961
0.143625
0.141969
0.140585
0.138275
0.183803
0.134730
0.183051
0.183381
0.133843
0.134711
0.131976
0.131807
0.131356
0.130941
0.135100
0.133873
0.132016
0.132275
0.124162
0.139068
0.138573
0.137815
0.137829
0.135065
0.128467
0.128606
0.127750
0.127297
0.126270
0.125917
0.127972
0.129158
0.127508
0.126894
0.124564
0.123534
0.123252
0.122656
0.135094
0.137424
0.127264
0.125707
0.126362
0.124958
0.122704
0.122982
0.134584
0.134542
0.122550
0.123329
0.126133
0.125882
0.125629
0.124269
0.125680
0.128695
0.165475
0.163006
0.165338
0.137849
0.134365
0.125569
0.125424
0.122504
0.126270
0.127308
0.127443
0.126553
0.127106
0.126326
0.127422
0.135571
0.134173
0.112589
0.110978
0.107145
0.121840
0.121243
0.120687
0.121889
0.122386
0.125255
0.122932
0.124223
0.125554
0.124102
0.124880
0.123606
0.123565
0.125231
0.127015
0.124747
0.125408
0.125243
0.124179
0.125465
0.125748
0.124481
0.124616
0.123809
0.124412
0.121594
0.123937
0.124258
0.121412
0.123764
0.124708
0.122093
0.123580
0.124234
0.125655
0.125514
0.126085
0.125750
0.125845
0.126727
0.127618
0.127513
0.127707
0.128305
0.126733
0.129438
0.131902
0.131195
0.133060
0.132508
0.130856
0.133184
0.133030
0.134530
0.135825
0.137169
0.137301
0.138344
0.135053
0.137168
0.136168
0.136806
0.136097
0.136535
0.134677
0.136952
0.135079
0.135432
0.134163
0.135710
0.132183
0.132509
0.129873
0.142015
0.133980
0.132590
0.138620
0.136990
0.137578
0.135965
0.138350
0.138153
0.138164
0.137306
0.138126
0.139557
0.139362
0.140069
0.137872
0.139171
0.135360
0.132170
0.135319
0.132376
0.135506
0.132554
0.131629
0.131868
0.129943
0.130011
0.132550
0.133672
0.130916
0.128625
0.130448
0.130826
0.129718
0.130470
0.128602
0.132366
0.130690
0.130300
0.130337
0.132123
0.131005
0.131575
0.129407
0.129704
0.130275
0.132601
0.132521
0.127924
0.402376
0.396434
0.400198
0.381126
0.369221
0.367583
0.357043
0.353442
0.342787
0.344965
0.331173
0.325275
0.310676
0.328643
0.300901
0.326619
0.325943
0.306578
0.316273
0.318521
0.318204
0.314900
0.310440
0.294766
0.300729
0.311073
0.310061
0.294943
0.289640
0.284654
0.306575
0.296251
0.292024
0.298499
0.305838
0.303619
0.275694
0.277061
0.275701
0.275772
0.273868
0.277728
0.278670
0.281287
0.282974
0.297772
0.294256
0.299191
0.298773
0.297258
0.296024
0.293386
0.285816
0.288969
0.286372
0.280180
0.258121
0.257478
0.244712
0.245061
0.240900
0.222364
0.246039
0.237918
0.234475
0.239587
0.232044
0.238271
0.231293
0.231923
0.224583
0.226104
0.228422
0.229347
0.216871
0.223546
0.229062
0.224568
0.223448
0.225362
0.238622
0.235115
0.236713
0.239963
0.242115
0.222938
0.226295
0.226807
0.226226
0.227109
0.231958
0.218712
0.221817
0.229645
0.226430
0.248153
0.236125
0.251301
0.237382
0.260164
0.257016
0.258352
0.263272
0.262021
0.267036
0.269753
0.269944
0.269834
0.269834
0.276969
0.278652
0.270089
0.271657
0.274774
0.279768
0.280605
0.276177
0.278150
0.281833
0.282550
0.283175
0.284981
0.283366
0.282954
0.284203
0.286404
0.290120
0.290477
0.291287
0.290767
0.274881
0.277036
0.277504
0.278681
0.279738
0.277157
0.280039
0.279731
0.281439
0.300723
0.293698
0.300993
0.299167
0.300602
0.299517
0.300051
0.107478
0.107945
0.108368
0.108497
0.109171
0.108920
0.109437
0.109596
0.107633
0.108937
0.108771
0.107603
0.107498
0.108409
0.115336
0.115358
0.114885
0.114953
0.115060
0.114562
0.115769
0.115933
0.115864
0.123511
0.123848
0.107986
0.125665
0.122281
0.122022
0.109073
0.108628
0.123117
0.109377
0.106562
0.108149
0.106935
0.120577
0.120705
0.126094
0.125381
0.122650
0.122864
0.121075
0.128432
0.122250
0.116049
0.117618
0.118270
0.128016
0.125891
0.130233
0.128051
0.127746
0.128408
0.128208
0.124036
0.128025
0.124437
0.127651
0.109391
0.113263
0.112756
0.112777
0.111035
0.106629
0.104522
0.105077
0.104806
0.103365
0.102256
0.104777
0.104143
0.104059
0.103315
0.103752
0.104675
0.103627
0.103925
0.103451
0.102279
0.102434
0.102137
0.102240
0.100808
0.100145
0.102408
0.101976
0.101700
0.100845
0.406159
0.406574
0.405846
0.405859
0.402616
0.403687
0.403802
0.403415
0.401453
0.401388
0.400443
0.400337
0.402922
0.404575
0.404440
0.404534
0.404466
0.404473
0.404286
0.404411
0.403219
0.402781
0.402824
0.402815
0.403013
0.402316
0.403001
0.402545
0.402563
0.402367
0.402250
0.403850
0.404020
0.403080
0.404801
0.404734
0.404437
0.404659
0.404701
0.404621
0.404500
0.404721
0.404636
0.404488
0.403911
0.404493
0.402190
0.402425
0.402598
0.080162
0.083348
0.084461
0.081577
0.086870
0.081094
0.082199
0.082091
0.089947
0.084354
0.081504
0.081416
0.082608
0.084239
0.084286
0.086614
0.089540
0.088067
0.085504
0.085246
0.082782
0.084745
0.085561
0.085193
0.085153
0.085683
0.088287
0.082049
0.081667
0.081533
0.086278
0.085959
0.102159
0.102056
0.101438
0.101234
0.101753
0.193635
0.188149
0.191848
0.192293
0.193251
0.192867
0.193109
0.190938
0.184696
0.186425
0.186539
0.179190
0.180346
0.188019
0.186885
0.184812
0.150265
0.150341
0.184642
0.155548
0.156231
0.155037
0.154606
0.155635
0.155468
0.155151
0.161240
0.162054
0.155788
0.184716
0.182922
0.182912
0.161652
0.182761
0.157425
0.146341
0.146549
0.146748
0.146755
0.145869
0.147693
0.146125
0.146619
0.148311
0.147817
0.147205
0.147652
0.149488
0.147098
0.146963
0.149061
0.148749
0.148166
0.144716
0.147335
0.147650
0.141953
0.143276
0.139437
0.146055
0.137941
0.141866
0.139685
0.139103
0.140734
0.146433
0.141285
0.147276
0.139624
0.141340
0.183477
0.183039
0.183423
0.180855
0.181293
0.138303
0.137487
0.136498
0.137279
0.140080
0.138451
0.137192
0.139280
0.134691
0.135187
0.132810
0.136277
0.135497
0.138082
0.134321
0.139798
0.138295
0.136680
0.139003
0.138663
0.138751
0.138178
0.142459
0.128361
0.128013
0.129661
0.128916
0.128882
0.126506
0.126923
0.128492
0.140754
0.137056
0.135999
0.139463
0.140615
0.128660
0.129329
0.127712
0.127708
0.129168
0.129933
0.130504
0.128798
0.129150
0.130561
0.125505
0.126143
0.125280
0.125462
0.126183
0.130783
0.130651
0.121136
0.123059
0.120160
0.119071
0.121772
0.134936
0.130606
0.120885
0.120469
0.117813
0.118743
0.134487
0.130926
0.055311
0.055212
0.051318
0.050301
0.051490
0.055213
0.053515
0.056810
0.055220
0.053505
0.050960
0.050855
0.051208
0.050937
0.051171
0.050843
0.049191
0.050207
0.050428
0.050238
0.049958
0.050366
0.050444
0.050168
0.051235
0.050950
0.051019
0.051111
0.050234
0.050964
0.050368
0.050328
0.051080
0.050483
0.049823
0.051216
0.051012
0.051409
0.051583
0.050463
0.051457
0.050682
0.051537
0.050910
0.051285
0.051062
0.053958
0.050232
0.050280
0.050748
0.050712
0.050832
0.050849
0.050203
0.050661
0.050894
0.050569
0.050393
0.050637
0.050777
0.050983
0.051300
0.051114
0.050915
0.050797
0.050825
0.050583
0.050298
0.051134
0.050566
0.050844
0.051463
0.050766
0.050157
0.050201
0.050680
0.050694
0.054185
0.051269
0.050277
0.051304
0.051171
0.050695
0.051303
0.050646
0.094810
0.094526
0.094860
0.096231
0.094849
0.094143
0.094116
0.092636
0.091963
0.089664
0.090350
0.090379
0.090457
0.091571
0.090861
0.091076
0.090724
0.091093
0.090579
0.092857
0.089499
0.089762
0.089878
0.094095
0.092750
0.092164
0.092057
0.091736
0.091527
0.087204
0.092166
0.092460
0.092566
0.087046
0.092382
0.093295
0.093309
0.093003
0.094856
0.088254
0.088608
0.089768
0.095246
0.095783
0.093130
0.105987
0.093550
0.106641
0.106904
0.108170
0.107145
0.107793
0.095952
0.097545
0.096038
0.093605
0.104164
0.102433
0.102811
0.102289
0.099555
0.099976
0.103166
0.102635
0.102895
0.099737
0.100136
0.100891
0.088890
0.096534
0.094509
0.094135
0.094036
0.093967
0.093091
0.092726
0.093072
0.093004
0.094771
0.094247
0.093691
0.093775
0.094769
0.092228
0.092061
0.083005
0.094989
0.093390
0.095296
0.094817
0.094222
0.093510
0.093384
0.094460
0.094158
0.092321
0.092482
0.093059
0.092181
0.080944
0.094332
0.080011
0.093611
0.092513
0.092943
0.092267
0.082879
0.096154
0.093633
0.094066
0.094284
0.093705
0.093581
0.090740
0.089921
0.090665
0.090513
0.089509
0.104566
0.115912
0.118353
0.117505
0.116162
0.120884
0.116256
0.121856
0.121115
0.123591
0.123288
0.117490
0.118543
0.118429
0.104711
0.119029
0.105278
0.116253
0.104862
0.105800
0.106457
0.106318
0.109833
0.118640
0.110376
0.110651
0.121085
0.120129
0.120783
0.121842
0.120360
0.112410
0.126161
0.125607
0.121635
0.122662
0.120742
0.125064
0.114972
0.121978
0.121003
0.120300
0.115617
0.114338
0.116111
0.120223
0.117258
0.125548
0.124374
0.123735
0.122666
0.117840
0.111154
0.111476
0.110913
0.110758
0.071015
0.073180
0.074883
0.074675
0.074047
0.073658
0.075195
0.074532
0.074096
0.074547
0.074492
0.074340
0.074468
0.074596
0.075883
0.075337
0.076254
0.075723
0.075100
0.076107
0.075751
0.075886
0.075836
0.074397
0.076080
0.075493
0.075608
0.075464
0.075292
0.076051
0.076006
0.074601
0.076155
0.075812
0.074419
0.075253
0.075400
0.074366
0.075531
0.076022
0.076279
0.077047
0.076602
0.075922
0.075883
0.074536
0.074977
0.074169
0.074377
0.073939
0.073885
0.073597
0.073465
0.074155
0.074397
0.075069
0.074196
0.074795
0.074599
0.075636
0.075661
0.253805
0.251044
0.249178
0.249434
0.390207
0.390287
0.390749
0.390631
0.390844
0.386613
0.388199
0.388384
0.388024
0.387417
0.387420
0.388603
0.387200
0.387173
0.387172
0.387173
0.313064
0.314212
0.317183
0.326295
0.332799
0.329807
0.329693
0.319311
0.398370
0.397888
0.397362
0.397858
0.398263
0.398220
0.407575
0.407576
0.397865
0.397794
0.397793
0.397793
0.397780
0.398338
0.407804
0.407894
0.406643
0.407710
0.407724
0.406638
0.406684
0.406683
0.406685
0.406758
0.407710
0.407478
0.407452
0.407608
0.407395
0.407137
0.406145
0.406132
0.406080
0.406078
0.406070
0.406090
0.348423
0.347435
0.348243
0.347712
0.406026
0.406131
0.398168
0.398170
0.398174
0.400954
0.401008
0.398215
0.398181
0.401003
0.401008
0.401020
0.398132
0.400872
0.401071
0.401070
0.399439
0.399440
0.399441
0.399442
0.399442
0.399449
0.399330
0.399427
0.399444
0.399433
0.400863
0.399438
0.399443
0.399088
0.399088
0.399088
0.399091
0.398657
0.213141
0.212621
0.210604
0.213838
0.213508
0.213405
0.210241
0.214043
0.212359
0.213057
0.215213
0.209888
0.211918
0.214648
0.214071
0.221003
0.216348
0.219597
0.216382
0.215781
0.220670
0.212124
0.216447
0.215980
0.215523
0.213335
0.218507
0.218693
0.213825
0.211194
0.220012
0.213224
0.212421
0.202742
0.203559
0.213817
0.214290
0.204031
0.211167
0.206823
0.213393
0.213777
0.210501
0.209631
0.211373
0.208720
0.211688
0.209241
0.213164
0.213216
0.210393
0.214497
0.216200
0.211964
0.209225
0.213069
0.213187
0.213960
0.216275
0.216258
0.213976
0.214108
0.216614
0.214346
0.218775
0.219416
0.215415
0.218212
0.211870
0.211641
0.211836
0.215212
0.214379
0.216824
0.211796
0.210692
0.213213
0.210077
0.209258
0.208210
0.208142
0.210057
0.211906
0.207655
0.215451
0.215174
0.212407
0.215363
0.210734
0.207303
0.210752
0.210747
0.208747
0.211055
0.211755
0.210621
0.208573
0.205584
0.210685
0.207403
0.215615
0.211801
0.214507
0.212054
0.212424
0.208831
0.211154
0.215247
0.217936
0.214637
0.207319
0.207651
0.212347
0.212314
0.216737
0.207710
0.211732
0.213654
0.209776
0.213358
