0.055556
0.055555
0.055556
0.055558
0.055562
0.055556
0.055559
0.084274
0.055562
0.055557
0.055552
0.055558
0.055555
0.055567
0.055554
0.055556
0.055556
0.055569
0.055561
0.055561
0.056045
0.055555
0.055562
0.055561
0.055568
0.055562
0.055567
0.055567
0.055561
0.055568
0.055562
0.056491
0.055566
0.055558
0.055557
0.056178
0.055554
0.056025
0.035363
0.062549
0.061382
0.061253
0.058997
0.086256
0.102463
0.107739
0.107806
0.126534
0.140643
0.131164
0.121826
0.152581
0.161401
0.168751
0.181959
0.166665
0.177871
0.180018
0.154005
0.167138
0.157770
0.144650
0.135341
0.140427
0.148318
0.154877
0.156012
0.170102
0.188348
0.268972
0.297866
0.316291
0.340284
0.373113
0.374784
0.382174
0.404967
0.402566
0.392118
0.394980
0.384561
0.388293
0.393636
0.393200
0.397123
0.405051
0.414205
0.442635
0.428994
0.408139
0.393610
0.401142
0.412681
0.410792
0.404887
0.401961
0.384960
0.371189
0.424699
0.422236
0.391873
0.398257
0.433724
0.421200
0.394547
0.386737
0.388173
0.474829
0.452204
0.456736
0.399985
0.394911
0.403352
0.412974
0.414231
0.403433
0.410694
0.400043
0.401417
0.393024
0.378249
0.397183
0.429665
0.412055
0.381506
0.403211
0.364408
0.385613
0.387165
0.385122
0.398421
0.389886
0.355288
0.358304
0.059487
0.063044
0.076494
0.074343
0.073430
0.070393
0.073539
0.091615
0.062808
0.096541
0.062514
0.048574
0.067203
0.064656
0.067970
0.078982
0.066631
0.100105
0.083656
0.061715
0.052883
0.093204
0.056904
0.043582
0.044625
0.041880
0.036593
0.040256
0.040200
0.040254
0.031967
0.033860
0.036258
0.030306
0.040563
0.030640
0.037004
0.033373
0.034120
0.029883
0.040416
0.036751
0.025274
0.032087
0.041116
0.037524
0.031239
0.048085
0.065576
0.073557
0.069069
0.054898
0.058616
0.078558
0.061149
0.066115
0.074416
0.084159
0.067677
0.095441
0.084668
0.105296
0.092042
0.111641
0.094591
0.103556
0.107937
0.125857
0.104411
0.095970
0.090591
0.108298
0.095400
0.102925
0.108492
0.087149
0.088865
0.074922
0.110573
0.095560
0.076086
0.065198
0.047278
0.038745
0.062528
0.055866
0.102002
0.058145
0.045845
0.058673
0.096326
0.076888
0.008003
0.010651
0.008739
0.012797
0.009775
0.001868
0.014859
0.033009
0.017579
0.000000
0.007142
0.012516
0.011743
0.010946
0.010861
0.006772
0.009117
0.008696
0.011577
0.018559
0.017159
0.018458
0.012236
0.022279
0.025267
0.016692
0.021658
0.036370
0.019459
0.020230
0.010780
0.015774
0.017796
0.025535
0.021755
0.018995
0.019211
0.022129
0.026589
0.031130
0.015782
0.018691
0.012469
0.012309
0.029665
0.011910
0.025165
0.013788
0.008236
0.011744
0.024217
0.029166
0.014517
0.015735
0.022102
0.013791
0.023766
0.025562
0.033754
0.038831
0.035982
0.045717
0.039906
0.034097
0.032736
0.034801
0.045911
0.028977
0.033706
0.042037
0.041036
0.029979
0.039681
0.023898
0.032172
0.013983
0.020642
0.021586
0.035177
0.020846
0.030592
0.030285
0.024025
0.023225
0.032158
0.035648
0.018173
0.024497
0.029160
0.011918
0.014024
0.015340
0.018652
0.015274
0.028575
0.029571
0.024952
0.034785
0.016032
0.019158
0.012405
0.010870
0.015522
0.014333
0.014137
0.013103
0.026372
0.020619
0.017991
0.389910
0.390576
0.393047
0.410303
0.397765
0.392207
0.398074
0.398145
0.396351
0.395562
0.396959
0.396251
0.390947
0.408293
0.405804
0.391364
0.394601
0.400145
0.394066
0.397671
0.390938
0.396040
0.398010
0.393321
0.394479
0.396474
0.398082
0.396699
0.397044
0.397911
0.397966
0.397944
0.394768
0.408282
0.410721
0.414935
0.414100
0.399251
0.400093
0.398442
0.400737
0.400941
0.173195
0.172963
0.175251
0.174399
0.180921
0.181628
0.169706
0.193754
0.174958
0.199384
0.178591
0.169373
0.171550
0.181764
0.192020
0.178121
0.203959
0.168841
0.168602
0.201387
0.179229
0.177388
0.178235
0.173211
0.172795
0.179288
0.195104
0.159629
0.159970
0.160596
0.160789
0.159152
0.158855
0.159889
0.159732
0.159299
0.158606
0.157007
0.158747
0.158945
0.165946
0.156580
0.164313
0.164513
0.157205
0.157526
0.157315
0.164175
0.155444
0.162934
0.305327
0.302926
0.301427
0.304994
0.304207
0.303183
0.315849
0.315495
0.315196
0.302630
0.303370
0.301007
0.302544
0.310214
0.318266
0.319705
0.310536
0.316900
0.303868
0.319162
0.302357
0.305280
0.300708
0.303112
0.323261
0.306693
0.307579
0.306498
0.309180
0.308919
0.305557
0.308291
0.311138
0.316916
0.318780
0.318810
0.320090
0.319284
0.310017
0.319973
0.321684
0.324436
0.318955
0.323360
0.316773
0.320233
0.319688
0.320843
0.329407
0.320130
0.321865
0.322019
0.327875
0.328370
0.327366
0.326229
0.343590
0.331852
0.331291
0.368725
0.331619
0.333854
0.367561
0.367609
0.363590
0.364845
0.366375
0.366133
0.366327
0.388161
0.393223
0.394337
0.392908
0.392423
0.393275
0.393455
0.394502
0.392001
0.393101
0.393480
0.394137
0.395023
0.395303
0.394969
0.395092
0.393654
0.393977
0.392113
0.392272
0.392379
0.392759
0.392355
0.392861
0.391896
0.394925
0.391632
0.394411
0.393767
0.394097
0.388917
0.393528
0.393722
0.393459
0.393901
0.393626
0.394496
0.393209
0.393002
0.394775
0.394401
0.394568
0.393970
0.393135
0.392564
0.392045
0.392387
0.392189
0.393071
0.393073
0.392837
0.394089
0.394666
0.394414
0.392232
0.392761
0.347466
0.343629
0.348440
0.350562
0.346406
0.348047
0.349283
0.347821
0.346421
0.347635
0.346554
0.349437
0.345992
0.349051
0.349779
0.350766
0.326298
0.327286
0.326409
0.326517
0.326374
0.348906
0.349579
0.348511
0.344793
0.347748
0.357914
0.348717
0.347402
0.348301
0.342819
0.352281
0.347875
0.330265
0.334823
0.349414
0.332927
0.346412
0.347366
0.336315
0.335425
0.335643
0.336191
0.334273
0.350853
0.346619
0.345315
0.348562
0.331596
0.329239
0.329088
0.345805
0.346218
0.332113
0.325546
0.344336
0.331910
0.332578
0.331241
0.329391
0.327837
0.329341
0.329518
0.329686
0.331643
0.329761
0.330692
0.330364
0.341481
0.331386
0.336733
0.333711
0.342363
0.333110
0.335306
0.332139
0.333510
0.329691
0.331350
0.302407
0.302477
0.304503
0.306032
0.300252
0.300649
0.303819
0.304196
0.300348
0.297887
0.300326
0.303440
0.305123
0.305024
0.305970
0.305777
0.306794
0.305522
0.307779
0.303957
0.300474
0.301808
0.301714
0.302213
0.306296
0.306892
0.301572
0.302980
0.302491
0.300458
0.301642
0.301028
0.301410
0.301667
0.301983
0.303685
0.303414
0.303356
0.307171
0.305740
0.306589
0.305607
0.308492
0.312692
0.310671
0.311948
0.305978
0.309219
0.308200
0.308548
0.455560
0.457749
0.460174
0.452927
0.453415
0.457821
0.437942
0.435468
0.427041
0.428081
0.481364
0.432111
0.514216
0.531893
0.523915
0.499775
0.500158
0.504433
0.502022
0.503679
0.500445
0.495521
0.506529
0.495123
0.493799
0.515851
0.518502
0.516286
0.516440
0.524218
0.529719
0.511505
0.510287
0.488520
0.498129
0.507615
0.499375
0.493790
0.491503
0.492751
0.474344
0.496738
0.463007
0.502636
0.503984
0.500418
0.490779
0.460588
0.463333
0.470635
0.462110
0.460138
0.467631
0.459078
0.450996
0.464674
0.474431
0.452454
0.459138
0.479152
0.452184
0.463619
0.438734
0.468048
0.472873
0.470314
0.464721
0.465105
0.479763
0.471094
0.448906
0.457922
0.465118
0.457474
0.490360
0.492672
0.470746
0.463302
0.450323
0.466296
0.458175
0.476244
0.448913
0.465928
0.480909
0.487173
0.477495
0.495481
0.473785
0.472764
0.475327
0.473343
0.489643
0.489806
0.491040
0.473228
0.465158
0.470357
0.480152
0.477421
0.415805
0.414698
0.407342
0.405179
0.403998
0.400698
0.395114
0.387743
0.389074
0.383561
0.369915
0.367575
0.363432
0.362492
0.362320
0.374890
0.368581
0.361506
0.358837
0.366651
0.380918
0.366288
0.368370
0.349390
0.359499
0.374284
0.352969
0.354339
0.352413
0.355134
0.349677
0.350127
0.352221
0.353142
0.351245
0.350348
0.223592
0.223288
0.223243
0.222686
0.224638
0.226655
0.227259
0.233082
0.231677
0.232277
0.232397
0.233453
0.232858
0.232429
0.232371
0.233530
0.231544
0.233886
0.233696
0.233228
0.233007
0.232732
0.233847
0.230639
0.234253
0.231552
0.232660
0.230747
0.231339
0.234015
0.233475
0.230572
0.229402
0.228135
0.232914
0.232828
0.219608
0.233796
0.236656
0.231928
0.231106
0.237004
0.236692
0.235243
0.234215
0.237685
0.239037
0.225197
0.228728
0.235207
0.230137
0.231033
0.238803
0.220257
0.238313
0.221612
0.221471
0.223519
0.232445
0.221862
0.224532
0.225141
0.225204
0.224429
0.226412
0.224320
0.233219
0.235141
0.234040
0.228544
0.228296
0.234065
0.232208
0.227016
0.233225
0.226170
0.227896
0.225919
0.224733
0.225773
0.216496
0.225704
0.225590
0.225953
0.226317
0.226191
0.225783
0.223391
0.224435
0.221933
0.220973
0.223909
0.480761
0.360055
0.351502
0.490595
0.487873
0.504754
0.482157
0.420675
0.500783
0.521759
0.511392
0.505483
0.504417
0.513869
0.546917
0.507055
0.488643
0.491635
0.487547
0.511740
0.523061
0.511761
0.512768
0.526802
0.541237
0.522669
0.521456
0.530888
0.531655
0.522825
0.506290
0.535984
0.543006
0.502590
0.503103
0.511984
0.519903
0.540853
0.624652
0.531835
0.564873
0.609555
0.527852
0.617118
0.619709
0.608493
0.618819
0.630020
0.624212
0.658090
0.675751
0.638314
0.687099
0.652605
0.698962
0.699041
0.701668
0.670248
0.631554
0.686660
0.593766
0.578531
0.554840
0.568170
0.550448
0.554599
0.527223
0.540340
0.508030
0.503931
0.491526
0.486984
0.482702
0.486971
0.480760
0.479043
0.442745
0.475802
0.427473
0.434731
0.438018
0.438494
0.437656
0.434661
0.434309
0.438071
0.431883
0.422800
0.426516
0.421063
0.409743
0.399273
0.399879
0.404915
0.396542
0.407267
0.398438
0.393668
0.392384
0.385501
0.389543
0.366681
0.365397
0.366256
0.356904
0.352327
0.346074
0.349059
0.352259
0.346286
0.348483
0.355209
0.360572
0.357455
0.355981
0.350467
0.344291
0.350289
0.349006
0.341694
0.336845
0.332747
0.338444
0.336809
0.332027
0.329702
0.333829
0.341659
0.333898
0.274229
0.178061
0.105830
0.063224
0.049203
0.054306
0.037176
0.023203
0.015828
0.009821
0.005661
0.006679
0.011862
0.011938
0.012178
0.011327
0.010533
0.009593
0.015412
0.013034
0.010735
0.021558
0.020653
0.017250
0.018002
0.018846
0.015220
0.014304
0.015855
0.016847
0.023853
0.017878
0.025650
0.016267
0.016987
0.019707
0.018962
0.017968
0.020874
0.024993
0.016838
0.016515
0.017610
0.019236
0.017240
0.019494
0.019941
0.019239
0.019884
0.023512
0.020159
0.020524
0.014832
0.017911
0.021604
0.016686
0.014590
0.015142
0.016064
0.012417
0.018646
0.012683
0.015411
0.017969
0.022655
0.017156
0.015270
0.019482
0.022446
0.025415
0.023238
0.022818
0.022742
0.024480
0.024430
0.021107
0.028363
0.019152
0.017691
0.021068
0.016810
0.022583
0.015590
0.014565
0.015005
0.017661
0.015107
0.018507
0.018308
0.026705
0.019669
0.021767
0.022763
0.024810
0.020775
0.020889
0.021214
0.021373
0.021069
0.025804
0.029625
0.028393
0.034696
0.054738
0.067711
0.054362
0.050774
0.072070
0.112336
0.177176
0.252627
0.259544
0.235631
0.239012
0.242470
0.237956
0.237383
0.244957
0.246172
0.281959
0.269934
0.256597
0.246957
0.266422
0.261679
0.267334
0.260483
0.253591
0.263165
0.260961
0.247847
0.277638
0.257614
0.278564
0.256580
0.261762
0.265818
0.277718
0.270949
0.265102
0.250194
0.231504
0.234502
0.236131
0.225633
0.223946
0.224287
0.223700
0.222342
0.226502
0.221632
0.221225
0.220898
0.232918
0.230884
0.223161
0.231849
0.232317
0.232729
0.235012
0.228160
0.223097
0.225676
0.225890
0.217250
0.214460
0.219241
0.218540
0.225132
0.224863
0.213694
0.208444
0.212742
0.186737
0.204595
0.231998
0.198737
0.180659
0.182044
0.179761
0.177194
0.178521
0.176700
0.176949
0.178102
0.177826
0.180494
0.178022
0.179819
0.176508
0.175932
0.180002
0.177476
0.179971
0.176006
0.181418
0.177579
0.177423
0.176129
0.173506
0.178726
0.181469
0.192705
0.189686
0.182460
0.183547
0.180267
0.020164
0.014102
0.025000
0.015976
0.014069
0.021407
0.052485
0.058776
0.061081
0.017745
0.023590
0.024938
0.014403
0.013666
0.015645
0.022747
0.016273
0.017369
0.020275
0.014385
0.014489
0.018990
0.021222
0.019399
0.020790
0.022030
0.030716
0.022287
0.016478
0.017771
0.013905
0.023447
0.018519
0.017238
0.017329
0.016007
0.015865
0.014079
0.011190
0.018073
0.019036
0.011855
0.013732
0.018850
0.029178
0.013367
0.024058
0.015498
0.017708
0.019120
0.015206
0.018434
0.013947
0.016576
0.014083
0.040223
0.044539
0.036233
0.041651
0.037545
0.035312
0.039320
0.052270
0.043290
0.040294
0.035504
0.040879
0.038346
0.043966
0.040145
0.063974
0.110169
0.130983
0.116130
0.061791
0.108077
0.111382
0.122535
0.060587
0.039988
0.058141
0.111139
0.064043
0.056986
0.050399
0.059375
0.068125
0.074375
0.046375
0.044394
0.046348
0.042414
0.046654
0.048988
0.059110
0.053585
0.055787
0.057437
0.060891
0.063805
0.056194
0.057045
0.058254
0.071668
0.059700
0.056369
0.058265
0.059573
0.059744
0.306952
0.301413
0.300884
0.301499
0.301885
0.302456
0.309561
0.301867
0.310522
0.308662
0.301991
0.302398
0.301960
0.308152
0.307496
0.308256
0.308740
0.308017
0.308505
0.308692
0.309452
0.309010
0.307790
0.307296
0.307339
0.308288
0.312911
0.308551
0.302486
0.305253
0.301976
0.437891
0.433595
0.430827
0.429946
0.427896
0.427926
0.428328
0.433307
0.436070
0.436463
0.447607
0.455404
0.452750
0.460044
0.451167
0.458756
0.461904
0.457563
0.449901
0.447675
0.453277
0.441395
0.436488
0.462810
0.441029
0.440067
0.451423
0.399529
0.448327
0.459240
0.454306
0.456142
0.456124
0.410058
0.404718
0.409918
0.413964
0.409691
0.421175
0.408211
0.437094
0.448069
0.431419
0.444694
0.425806
0.441958
0.444962
0.441843
0.446360
0.429934
0.434644
0.443854
0.438014
0.439016
0.426688
0.415442
0.410406
0.413901
0.408389
0.412357
0.404446
0.408269
0.419393
0.412152
0.409456
0.407144
0.405807
0.445004
0.431953
0.430022
0.427696
0.428874
0.428766
0.374993
0.421784
0.428427
0.428268
0.451783
0.430238
0.424939
0.425908
0.380333
0.383807
0.370741
0.360554
0.397046
0.305077
0.328469
0.324465
0.337460
0.330365
0.339146
0.349947
0.348313
0.354250
0.350272
0.417959
0.307988
0.504947
0.352844
0.391346
0.423529
0.518055
0.511872
0.510230
0.454322
0.503845
0.449265
0.454968
0.451203
0.470015
0.504671
0.503065
0.449130
0.458782
0.474620
0.513248
0.476502
0.483797
0.484707
0.481271
0.487290
0.478478
0.483859
0.459552
0.471372
0.552580
0.566791
0.575650
0.442904
0.477078
0.461881
0.465322
0.457404
0.438837
0.468922
0.474578
0.489825
0.480194
0.481893
0.457535
0.469293
0.458463
0.494618
0.517237
0.512932
0.511703
0.487350
0.456608
0.469946
0.470644
0.501097
0.468424
0.494374
0.495521
0.494335
0.482129
0.492268
0.481310
0.481706
0.482633
0.485212
0.486490
0.483718
0.481198
0.483576
0.480752
0.479611
0.486215
0.332861
0.305969
0.302197
0.306910
0.379502
0.386830
0.383732
0.373739
0.383674
0.384683
0.366399
0.385798
0.384638
0.394892
0.385764
0.389678
0.387878
0.386832
0.363492
0.358361
0.357426
0.349793
0.350418
0.350062
0.366596
0.352821
0.354022
0.354132
0.359660
0.358343
0.363385
0.340112
0.339185
0.340165
0.358632
0.354264
0.353103
0.277860
0.353709
0.357666
0.357939
0.357451
0.356522
0.360518
0.358415
0.365024
0.363298
0.362911
0.365327
0.331616
0.386118
0.356404
0.353437
0.355202
0.273774
0.272852
0.274302
0.274977
0.271660
