0.099464
0.100736
0.100870
0.100246
0.099437
0.103201
0.097209
0.098362
0.095885
0.095843
0.098195
0.097817
0.098246
0.094841
0.095311
0.098868
0.098374
0.099879
0.100431
0.100161
0.100839
0.101475
0.102355
0.102503
0.099432
0.098442
0.098124
0.099712
0.099824
0.098447
0.099385
0.100121
0.098864
0.095708
0.095645
0.095567
0.095037
0.094221
0.093906
0.095855
0.095862
0.095475
0.094583
0.095153
0.099431
0.097088
0.092932
0.097420
0.097116
0.097668
0.098846
0.096888
0.096840
0.096281
0.097318
0.097659
0.107155
0.107487
0.099053
0.102543
0.100301
0.101530
0.101761
0.099259
0.098074
0.097585
0.096338
0.100476
0.100072
0.100621
0.101180
0.099883
0.106747
0.103399
0.106249
0.105324
0.099764
0.100505
0.101678
0.102421
0.102240
0.099540
0.097013
0.097563
0.095579
0.099560
0.093539
0.093174
0.093828
0.092216
0.092490
0.093806
0.094331
0.093450
0.094264
0.093800
0.092385
0.092898
0.092893
0.093484
0.094621
0.094877
0.096956
0.097191
0.097679
0.096922
0.097746
0.098921
0.095289
0.099582
0.099549
0.099339
0.098494
0.098707
0.098966
0.094292
0.094243
0.094208
0.100165
0.100812
0.100228
0.101728
0.099985
0.097047
0.100967
0.098531
0.098786
0.099975
0.100349
0.101928
0.100806
0.102398
0.101896
0.100158
0.102322
0.099216
0.099112
0.095987
0.100453
0.099991
0.099512
0.100624
0.098688
0.098683
0.101703
0.101870
0.099461
0.101532
0.100273
0.100252
0.103123
0.104772
0.100755
0.101554
0.100984
0.101813
0.101840
0.103259
0.103774
0.103110
0.092512
0.089930
0.104062
0.102549
0.098202
0.094779
0.094660
0.092964
0.095254
0.095201
0.094831
0.096349
0.096336
0.095388
0.095850
0.096084
0.096131
0.096966
0.096788
0.096483
0.096415
0.093878
0.096862
0.092255
0.094899
0.094666
0.094173
0.094899
0.096890
0.096319
0.095016
0.094574
0.093254
0.098545
0.092917
0.092807
0.091411
0.094466
0.092993
0.096469
0.093493
0.092914
0.095010
0.099929
0.102336
0.103014
0.104446
0.098622
0.102400
0.102734
0.102350
0.101518
0.103147
0.096977
0.096331
0.095212
0.100199
0.100998
0.105118
0.104661
0.103579
0.102958
0.103532
0.098263
0.099536
0.094037
0.100696
0.100922
0.095459
0.099386
0.110728
0.103297
0.102100
0.106462
0.099067
0.099521
0.098937
0.157256
0.158599
0.159508
0.158626
0.199730
0.155507
0.178414
0.191529
0.146568
0.166590
0.164876
0.165004
0.161336
0.161426
0.166364
0.150122
0.151042
0.153061
0.106165
0.103466
0.108501
0.105362
0.108483
0.107642
0.109066
0.105699
0.105454
0.106245
0.105869
0.104946
0.102034
0.107744
0.105540
0.105929
0.107035
0.096010
0.108937
0.107607
0.108216
0.110855
0.122427
0.119181
0.114440
0.128139
0.119275
0.125645
0.126222
0.123480
0.119208
0.116539
0.108422
0.116411
0.119448
0.128768
0.121507
0.116984
0.102828
0.119643
0.113541
0.146597
0.133855
0.132435
0.136515
0.147185
0.148197
0.133295
0.131353
0.131965
0.128734
0.135804
0.136236
0.132244
0.130542
0.138463
0.136968
0.136696
0.147592
0.166025
0.162912
0.145862
0.110073
0.118993
0.131165
0.108444
0.079293
0.079480
0.079704
0.079590
0.082132
0.081528
0.081557
0.082696
0.081701
0.080526
0.081006
0.080834
0.079384
0.080785
0.082213
0.081171
0.081080
0.081220
0.081281
0.079539
0.078336
0.078746
0.078892
0.079170
0.081465
0.081324
0.080585
0.080830
0.081622
0.083153
0.083247
0.079236
0.079114
0.082906
0.082536
0.154517
0.155215
0.129529
0.167672
0.132397
0.132665
0.133135
0.132683
0.131591
0.131159
0.128632
0.129824
0.123767
0.123866
0.123384
0.122682
0.122296
0.128003
0.129213
0.122102
0.120834
0.122479
0.124338
0.122817
0.116360
0.108943
0.130443
0.154609
0.089388
0.144358
0.146527
0.089244
0.085994
0.093404
0.097658
0.126203
0.101409
0.116303
0.112874
0.112044
0.118600
0.113437
0.115753
0.107787
0.126932
0.119216
0.128746
0.128542
0.122380
0.122591
0.118752
0.119726
0.117321
0.117748
0.114777
0.120874
0.113048
0.121424
0.108588
0.113897
0.114159
0.115571
0.129620
0.124353
0.115295
0.132130
0.081431
0.079646
0.079015
0.078176
0.082082
0.082720
0.082083
0.083154
0.081971
0.081196
0.088359
0.090089
0.096656
0.097118
0.095806
0.096723
0.095663
0.096750
0.094698
0.098528
0.100733
0.097888
0.102075
0.099075
0.094893
0.092433
0.099213
0.100307
0.099994
0.093762
0.092753
0.097646
0.104347
0.106213
0.110983
0.091080
0.092391
0.093541
0.093273
0.084952
0.094921
0.104160
0.099480
0.095263
0.094423
0.100390
0.098452
0.093451
0.090428
0.088497
0.091355
0.095259
0.091869
0.088025
0.088425
0.088982
0.087132
0.086199
0.086478
0.085984
0.085517
0.085213
0.086695
0.092868
0.091814
0.094531
0.088471
0.093904
0.097183
0.093385
0.094327
0.091217
0.090058
0.090594
0.096860
0.085577
0.084321
0.084079
0.083203
0.077346
0.077884
0.078439
0.080346
0.081682
0.079398
0.079836
0.081763
0.078560
0.079401
0.079701
0.078182
0.080100
0.079259
0.080277
0.079676
0.079681
0.080147
0.078377
0.080029
0.086847
0.087439
0.083822
0.080257
0.081255
0.082514
0.083830
0.081047
0.083320
0.083477
0.081258
0.083002
0.074606
0.075799
0.074489
0.075342
0.078434
0.077595
0.081094
0.072568
0.079743
0.080167
0.078641
0.076497
0.076578
0.076662
0.077288
0.099488
0.100522
0.099234
0.101141
0.104407
0.104469
0.092876
0.095987
0.081266
0.083522
0.080634
0.092844
0.092790
0.096915
0.098727
0.095228
0.099957
0.098359
0.099241
0.094583
0.093939
0.093378
0.094395
0.095252
0.097475
0.096890
0.097237
0.096391
0.096974
0.096898
0.098419
0.098232
0.098563
0.098767
0.097183
0.096907
0.099695
0.096603
0.096958
0.098962
0.097495
0.098695
0.098883
0.099307
0.103327
0.104481
0.097645
0.097531
0.096636
0.093588
0.091739
0.096368
0.094887
0.109011
0.093259
0.096651
0.096446
0.099141
0.103154
0.107370
0.092509
0.093833
0.088642
0.092474
0.095466
0.088311
0.093567
0.093209
0.094241
0.101113
0.102347
0.103924
0.140547
0.139742
0.138266
0.138757
0.142242
0.137873
0.138316
0.133607
0.135346
0.138421
0.142760
0.144008
0.145400
0.144603
0.146168
0.151085
0.149867
0.151115
0.149802
0.150866
0.153862
0.154222
0.153324
0.155406
0.155985
0.140252
0.134988
0.143696
0.137397
0.131176
0.142216
0.129303
0.129017
0.127509
0.129422
0.128485
0.141669
0.142596
0.142623
0.144179
0.143770
0.148981
0.127555
0.058986
0.058626
0.057650
0.062935
0.062226
0.060874
0.062378
0.061217
0.062616
0.062920
0.060745
0.060527
0.060969
0.059358
0.058998
0.065656
0.065132
0.059510
0.059575
0.058976
0.058152
0.057630
0.057711
0.049949
0.056456
0.052214
0.052610
0.052984
0.060257
0.051994
0.057601
0.059836
0.060279
0.058974
0.058366
0.058067
0.058912
0.058583
0.057916
0.059112
0.104143
0.122198
0.122812
0.118835
0.119809
0.114002
0.114164
0.119322
0.125991
0.120990
0.132409
0.123663
0.125987
0.095756
0.106718
0.106399
0.105266
0.097164
0.099985
0.105717
0.112670
0.111825
0.109457
0.110907
0.110892
0.114855
0.113965
0.115726
0.121367
0.124241
0.124446
0.122280
0.113137
0.110108
0.056557
0.054677
0.052468
0.051805
0.051311
0.051786
0.051084
0.054374
0.051352
0.052785
0.051742
0.051181
0.050495
0.051377
0.051243
0.053803
0.051707
0.052510
0.052475
0.050957
0.050379
0.051377
0.050167
0.048330
0.047481
0.046491
0.047231
0.047175
0.047977
0.081076
0.078576
0.090905
0.089647
0.092782
0.086576
0.088228
0.098510
0.085569
0.084906
0.087711
0.086488
0.086005
0.083572
0.090930
0.086158
0.083248
0.083347
0.082204
0.085569
0.085018
0.083769
0.085360
0.086083
0.083685
0.086821
0.088932
0.089489
0.090341
0.089226
0.092667
0.090573
0.091793
0.094572
0.090194
0.094802
0.095065
0.093740
0.091690
0.093173
0.093263
0.091069
0.089498
0.089458
0.090393
0.090380
0.090886
0.091515
0.095830
0.094632
0.094785
0.095443
0.095689
0.096819
0.096466
0.094223
0.093657
0.093024
0.094343
0.100104
0.082510
0.077627
0.075431
0.084145
0.087256
0.072539
0.085629
0.083765
0.091699
0.068255
0.057764
0.054504
0.071840
0.068461
0.070066
0.072185
0.064579
0.075328
0.075240
0.073218
0.076137
0.074687
0.072421
0.070713
0.076972
0.068477
0.078783
0.074038
0.078897
0.078709
0.077620
0.069988
0.074334
0.070888
0.066028
0.070651
0.077327
0.068523
0.069859
0.071136
0.082848
0.067569
0.063337
0.076055
0.077098
0.074675
0.075972
0.077271
0.083582
0.073137
0.077883
0.081629
0.021025
0.020327
0.020558
0.020947
0.020908
0.020875
0.021609
0.022128
0.021693
0.021565
0.021933
0.022060
0.022323
0.021952
0.022120
0.021783
0.020894
0.021294
0.021444
0.021362
0.021581
0.021149
0.020719
0.020721
0.020807
0.020671
0.020454
0.020675
0.020664
0.020476
0.020378
0.020356
0.020402
0.020445
0.020650
0.020382
0.020088
0.019031
0.018778
0.018957
0.019585
0.019666
0.019382
0.019820
0.096317
0.097554
0.102647
0.099617
0.094872
0.091974
0.092376
0.098192
0.093573
0.094596
0.095131
0.095261
0.100288
0.101099
0.093054
0.094208
0.091820
0.092187
0.090134
0.002352
0.002416
0.002342
0.002351
0.002186
0.001973
0.002004
0.002101
0.002473
0.002530
0.002410
0.002242
0.002213
0.002343
0.002485
0.003407
0.003288
0.003212
0.003267
0.003207
0.003137
0.003181
0.002988
0.003064
0.003023
0.002667
0.002445
0.002079
0.002022
0.001976
0.002043
0.001840
0.002128
0.002258
0.002185
0.002414
0.002578
0.002417
0.002639
0.002692
0.002621
0.002494
0.002441
0.001723
0.000820
0.000000
0.001516
0.002279
0.002166
0.002113
0.002493
0.002829
0.002765
0.102290
0.102625
0.104575
0.113348
0.114441
0.106368
0.107488
0.099093
0.097690
0.098494
0.109002
0.109614
0.100679
0.104844
0.100816
0.108162
0.116606
0.108524
0.014342
0.016109
0.015331
0.014271
0.015459
0.015433
0.015845
0.015882
0.016366
0.017541
0.018276
0.019112
0.018423
0.018813
0.017939
0.018654
0.018371
0.018265
0.017380
0.016746
0.016897
0.015593
0.015915
0.016752
0.015270
0.015146
0.016490
0.014130
0.014067
0.014649
0.014252
0.015166
0.015147
0.014832
0.014991
0.015484
0.017097
0.017428
0.018025
0.018108
0.018430
0.017683
0.018431
0.018148
0.017896
0.018346
0.018363
0.018740
0.018841
0.018452
0.080673
0.083560
0.082548
0.085489
0.083861
0.084080
0.084884
0.085657
0.085195
0.085116
0.086342
0.085154
0.084983
0.085875
0.088531
0.089057
0.086475
0.086935
0.090225
0.090039
0.086554
0.083794
0.087256
0.099737
0.083700
0.079903
0.091014
0.091795
0.091720
0.091379
0.091532
0.093582
0.090142
0.089977
0.088956
0.089938
0.088451
0.090674
0.089703
0.086686
0.087733
0.093161
0.093357
0.091311
0.090266
0.088760
0.086728
0.087548
0.021398
0.021730
0.021619
0.022229
0.022168
0.021712
0.022104
0.022246
0.021593
0.022380
0.022034
0.021844
0.022579
0.022517
0.022660
0.022390
0.021172
0.021184
0.021213
0.021351
0.021675
0.021878
0.021948
0.021764
0.021190
0.020937
0.021252
0.021206
0.021409
0.021526
0.021611
0.022216
0.022645
0.022235
0.021999
0.021724
0.021696
0.021566
0.022005
0.022637
0.022436
0.021643
0.021378
0.021027
0.021054
0.021355
0.021655
0.021899
0.021431
0.021382
0.082726
0.080594
0.081376
0.080804
0.066314
0.066044
0.073988
0.065097
0.075266
0.074354
0.076112
0.082862
0.081128
0.080332
0.079555
0.076685
0.077134
0.073708
0.073154
0.069141
0.069182
0.072083
0.067171
0.065565
0.063014
0.061894
0.061350
0.068978
0.069083
0.066698
0.071551
0.070878
0.071602
0.066118
0.064399
0.018314
0.017956
0.018622
0.018585
0.018333
0.018672
0.018413
0.017946
0.017671
0.017870
0.018076
0.018390
0.018328
0.018167
0.018180
0.019094
0.019195
0.019160
0.019756
0.019354
0.019492
0.019600
0.019091
0.019381
0.019578
0.019760
0.019816
0.019088
0.019817
0.019480
0.020059
0.019273
0.019802
0.019921
0.019941
0.020201
0.019683
0.019481
0.019733
0.019869
0.019989
0.019812
0.021054
0.021270
0.021586
0.021801
0.021874
0.021568
0.022142
0.022059
0.108626
0.107375
0.108970
0.108961
0.108335
0.107995
0.106754
0.108784
0.109903
0.108826
0.109465
0.109315
0.104876
0.105256
0.103307
0.104370
0.107604
0.107670
0.109636
0.103871
0.103071
0.102962
0.101331
0.101680
0.103020
0.105640
0.105462
0.103805
0.101136
0.104532
0.102634
0.103529
0.103001
0.103595
0.098891
0.019573
0.020170
0.020784
0.020448
0.020726
0.020101
0.019942
0.019961
0.020711
0.020816
0.020549
0.020254
0.020251
0.020599
0.020287
0.020756
0.021148
0.021033
0.020789
0.020587
0.020925
0.020842
0.021200
0.021027
0.020920
0.076951
0.086674
0.080216
0.084202
0.084664
0.086290
0.086257
0.087652
0.093735
0.089658
0.093833
0.087813
0.081950
0.018504
0.018456
0.018298
0.017877
0.018269
0.018377
0.018378
0.017617
0.018516
0.017443
0.017195
0.017464
0.016832
0.016734
0.016692
0.017149
0.018236
0.018246
0.018113
0.017983
0.018107
0.017788
0.017805
0.017996
0.017955
0.018366
0.018264
0.018350
0.017384
0.017278
0.017490
0.017625
0.017798
0.017861
0.018179
0.017831
0.017791
0.017957
0.017976
0.017650
0.017788
0.018790
0.018827
0.018048
0.018944
0.105587
0.103758
0.100859
0.102691
0.101496
0.100106
0.105010
0.102446
0.099150
0.101145
0.103005
0.103445
0.099477
0.103543
0.100894
0.102772
0.105596
0.102831
0.100735
0.101837
0.101550
0.019529
0.019000
0.019042
0.018963
0.019745
0.019869
0.019303
0.019400
0.019381
0.020122
0.020055
0.020276
0.019101
0.019177
0.018844
0.019182
0.019631
0.020394
0.020771
0.020657
0.020545
0.021007
0.021291
0.105653
0.105160
0.102095
0.110014
0.106479
0.106146
0.110520
0.111379
0.105226
0.108840
0.113587
0.109885
0.106849
0.109817
0.110815
0.110975
0.112815
0.106796
0.111496
0.109308
0.105960
0.108046
0.109988
0.109280
0.106792
0.111299
0.109266
0.110658
0.108591
0.109778
0.116779
0.116982
0.117178
0.121366
0.114807
0.110319
0.109635
0.103680
0.105277
0.098988
0.107925
0.108392
0.107945
0.108091
0.114171
0.109327
0.107104
0.110579
0.114988
0.112055
0.114456
0.115614
0.115252
0.111849
0.112817
0.111620
0.109561
0.111666
0.023014
0.022729
0.021775
0.021017
0.021925
0.022263
0.021663
0.021912
0.021380
0.021676
0.021739
0.021733
0.021503
0.021646
0.021618
0.021504
0.021741
0.023167
0.021655
0.021344
0.021191
0.021435
0.021580
0.021497
0.021964
0.022013
0.022305
0.022444
0.022434
0.023116
0.023201
0.023950
0.023461
0.022879
0.022835
0.022727
0.022398
0.022743
0.022271
0.022358
0.022526
0.022775
0.023020
0.023583
0.023899
0.023571
0.024053
0.023915
0.023769
0.024098
0.024335
0.024035
0.023762
0.023803
0.023568
0.023084
0.023266
0.023020
0.023297
0.022735
0.021760
0.022079
0.021659
0.021244
0.022295
0.021334
0.021032
0.021484
0.021599
0.021585
0.021815
0.021566
0.021481
0.021609
0.022081
0.021765
0.022001
0.022573
0.022863
0.022692
0.023764
0.023290
0.023897
0.023669
0.022476
0.023468
0.023656
0.023979
0.023745
0.023729
0.023701
0.023832
0.022948
0.022839
0.023146
0.023627
0.023396
0.022590
0.022622
0.022410
0.022763
0.022161
0.021354
0.021365
0.021283
0.021461
0.021307
0.021029
0.020760
0.020529
0.020530
0.020060
0.020401
0.020118
0.020283
0.020036
0.019993
0.019485
0.019936
0.019485
0.019436
0.019639
0.019692
0.019745
0.019363
0.019305
0.111832
0.115419
0.114240
0.114872
0.112290
0.109786
0.111308
0.108084
0.107398
0.106581
0.106777
0.108237
0.110465
0.110528
0.111476
0.109466
0.106175
0.104045
0.099603
0.097207
0.100212
0.112441
0.103868
0.101722
0.102280
0.106541
0.102525
0.097718
0.105142
0.105198
0.105277
0.105454
0.104096
0.105417
0.107255
0.107796
0.104746
0.109658
0.105977
0.112953
0.019949
0.020118
0.020065
0.020004
0.020048
0.020219
0.019971
0.019909
0.019464
0.019611
0.019470
0.019556
0.019966
0.019969
0.019903
0.019942
0.020202
0.020204
0.020263
0.020370
0.020357
0.020370
0.020536
0.020535
0.020251
0.020061
0.019133
0.019927
0.019923
0.019885
0.019765
0.019557
0.019549
0.019406
0.019484
0.019581
0.019693
0.019530
0.019599
0.019579
0.019608
0.019849
0.019888
0.019940
0.020034
0.019881
0.019907
0.019908
0.019142
0.019532
0.019544
0.019570
0.019883
0.019803
0.020045
0.019829
0.019709
0.019383
0.019546
0.019621
0.019711
0.019698
0.020459
0.020697
0.020765
0.019856
0.020535
0.020825
0.020819
0.019591
0.019712
0.020417
0.020458
0.019581
0.019533
0.019519
0.019645
0.019634
0.018937
0.019048
0.018852
0.018595
0.018643
0.018734
0.018808
0.018829
0.018845
0.018737
0.018672
0.018720
0.018715
0.018769
0.018672
0.018806
0.018931
0.019032
0.018996
0.019116
0.019311
0.019098
0.019046
0.019223
0.019386
0.019118
0.018767
0.019070
0.018813
0.019317
0.019101
0.019081
0.019721
0.019690
0.019549
0.019353
0.019253
0.019299
0.019309
0.019358
0.019438
0.019517
0.019411
0.019615
0.019689
0.019726
0.019705
0.019339
0.019621
0.019429
0.019682
0.098508
0.100163
0.099648
0.100003
0.099293
0.101842
0.094789
0.104405
0.087803
0.090826
0.091562
0.093019
0.096683
0.094060
0.094379
0.094040
0.095126
0.092021
0.095235
0.088958
0.086788
0.086779
0.085431
0.086029
0.095284
0.098518
0.097538
0.097078
0.097251
0.098110
0.098934
0.099088
0.105086
0.104547
0.017735
0.017236
0.017518
0.017639
0.017893
0.017967
0.017788
0.017709
0.017930
0.018161
0.017734
0.017616
0.017506
0.017580
0.017629
0.017524
0.017563
0.017559
0.017598
0.017646
0.017708
0.017734
0.017737
0.017737
0.017775
0.017705
0.017580
0.082152
0.057297
0.058471
0.061971
0.064097
0.061747
0.083210
0.075732
0.082198
0.075608
0.075208
0.076190
0.078997
0.078168
0.081264
0.058257
0.055426
0.058203
0.060178
0.059855
0.062200
0.062785
0.069289
0.070487
0.068689
0.070854
0.069527
0.074640
0.083910
0.084900
0.084780
0.084842
0.083476
0.083908
0.089984
0.085311
0.083613
0.017462
0.017706
0.017640
0.017402
0.017572
0.017272
0.017353
0.017290
0.017359
0.017224
0.016823
0.017038
0.016858
0.017106
0.017248
0.017237
0.016660
0.017072
0.017240
0.017250
0.017290
0.017800
0.017521
0.017322
0.017455
0.017164
0.017172
0.016966
0.016962
0.016925
0.017573
0.017372
0.017411
0.017435
0.017352
0.017455
0.017337
0.017193
0.017187
0.017184
0.017153
0.017186
0.017169
0.017419
0.017445
0.017010
0.017321
0.017353
0.017598
0.017546
0.017745
0.017737
0.017875
0.017744
0.017646
0.017628
0.017769
0.017562
0.017761
0.102575
0.100141
0.099178
0.100455
0.099327
0.097192
0.098324
0.097995
0.096935
0.096949
0.097366
0.096107
0.098775
0.100263
0.097850
0.097529
0.097707
0.096731
0.094970
0.095286
0.093907
0.095760
0.097824
0.096499
0.021258
0.020982
0.021101
0.021002
0.020427
0.021263
0.020916
0.020903
0.020566
0.020426
0.020002
0.019904
0.020013
0.020362
0.020455
0.020071
0.020541
0.020201
0.020365
0.020474
0.020203
0.020280
0.020060
0.020054
0.020116
0.019975
0.021160
0.020245
0.020867
0.020996
0.020332
0.020471
0.019886
0.019863
0.019919
0.020228
0.019951
0.020136
0.020142
0.020042
0.019529
0.019907
0.019929
0.019895
0.019961
0.020132
0.020134
0.020504
0.019985
0.020053
0.019821
0.019641
0.019701
0.019859
0.019905
0.064343
0.064320
0.065142
0.067228
0.067866
0.066635
0.068268
0.068138
0.068494
0.067501
0.069606
0.066644
0.068358
0.066302
0.068133
0.068560
0.080264
0.079123
0.081491
0.081310
0.080999
0.083151
0.083606
0.082581
0.082584
0.083413
0.081597
0.079103
0.081888
0.083319
0.081786
0.084290
0.084429
0.082097
0.080085
0.080262
0.082180
0.084738
0.084858
0.081887
0.082671
0.074784
0.071902
0.073327
0.072319
0.071753
0.070948
0.067861
0.075052
0.075062
0.073825
0.069594
0.069038
0.071529
0.068946
0.069481
0.064903
0.066513
0.065811
0.020464
0.020677
0.020538
0.020714
0.020177
0.020165
0.020084
0.019808
0.019711
0.019719
0.019506
0.019572
0.019576
0.019882
0.019797
0.020277
0.020027
0.019510
0.019939
0.019988
0.019121
0.019178
0.019015
0.019337
0.018982
0.019040
0.019033
0.018920
0.018657
0.019637
0.019420
0.019234
0.019083
0.019176
0.019260
0.019428
0.019198
0.019439
0.019661
0.019657
0.019487
0.019533
0.019362
0.019211
0.018950
0.019241
0.019223
0.019309
0.019604
0.019775
0.019785
0.019797
0.019831
0.019916
0.019544
0.019394
0.019279
0.019442
0.019693
0.019757
0.019271
0.019546
0.019585
0.019508
0.019704
0.019634
0.019378
0.019126
0.019293
0.019602
0.019446
0.019747
0.019511
0.019336
0.019471
0.019537
0.019445
0.019479
0.019856
0.019473
0.019537
0.019400
0.019577
0.019482
0.019542
0.019552
0.019853
0.019784
0.019546
0.019423
0.019381
0.019262
0.019222
0.019408
0.019448
0.019512
0.019409
0.019565
0.019633
0.019568
0.019563
0.019457
0.019793
0.019723
0.019777
0.019783
0.020021
0.019593
0.019495
0.019241
0.019810
0.019641
0.019463
0.019317
0.019500
0.019436
0.019315
0.019402
0.019710
0.019819
0.019520
0.019785
0.019855
0.020132
0.020067
0.020366
0.020160
0.019765
0.019654
0.019633
0.020474
0.021543
0.024003
0.023812
0.023720
0.023547
0.023679
0.023174
0.022673
0.023483
0.022495
0.022617
0.023722
0.023704
0.023450
0.023822
0.023006
0.023536
0.023286
0.023300
0.023426
0.023192
0.023196
0.023100
0.023851
0.023868
0.023870
0.024037
0.024162
0.024062
0.023784
0.023906
0.023968
0.023869
0.023837
0.023071
0.023967
0.023770
0.023517
0.023930
0.023723
0.023213
0.023618
0.023648
0.023972
0.024059
0.023823
0.023869
0.023746
0.023712
0.023692
0.023841
0.023078
0.022389
0.022175
0.021909
0.021856
0.023499
0.023320
0.021614
0.022604
0.022477
0.023654
0.023303
0.022373
0.022810
0.022349
0.022672
0.022680
0.022921
0.023793
0.022796
0.023977
0.023780
0.023886
0.023948
0.023945
0.022661
0.022374
0.022293
0.022497
0.022449
0.022486
0.022933
0.023909
0.022850
0.022624
0.023769
0.024258
0.022671
0.022762
0.023051
0.022953
0.021092
0.021673
0.021799
0.021665
0.021801
0.021679
0.021965
0.021871
0.022320
0.021733
0.020926
0.021937
0.021904
0.021071
0.022016
0.021889
0.022282
0.021881
0.021762
0.021492
0.021642
0.021879
0.021947
0.021788
0.021685
0.021453
0.021974
0.021941
0.021687
0.021930
0.022015
0.021931
0.022106
0.021841
0.063215
0.066983
0.067665
0.065556
0.072584
0.068090
0.070164
0.072417
0.072296
0.072023
0.074473
0.073598
0.075487
0.074577
0.076684
0.077316
0.078195
0.077857
0.078158
0.070423
0.073868
0.075004
0.079666
0.075025
0.072020
0.067337
0.070448
0.065877
0.064210
0.073040
0.066613
0.077744
0.077316
0.068522
0.064975
0.064724
0.073828
0.073212
0.079130
0.074994
0.073552
0.074525
0.074490
0.069181
0.068993
0.066231
0.065775
0.065774
0.022803
0.022862
0.022402
0.023342
0.023430
0.023506
0.023406
0.023283
0.023360
0.022951
0.023116
0.022987
0.023049
0.023435
0.023069
0.022804
0.022715
0.022896
0.022786
0.023125
0.023001
0.023039
0.023136
0.023616
0.023595
0.023729
0.023242
0.022980
0.023082
0.022977
0.023077
0.023174
0.023086
0.023092
0.023015
0.023021
0.022972
0.023137
0.023076
0.023105
0.022997
0.023045
0.022912
0.022982
0.022872
0.023008
0.023016
0.023073
0.022836
0.022699
0.022786
0.022792
0.022973
0.023078
0.023194
0.023363
0.023212
0.023090
0.023072
0.022717
0.022583
0.022618
0.022510
0.022278
0.022234
0.022075
0.022152
0.022033
0.021930
0.021755
0.021885
0.021935
0.021933
0.021975
0.022431
0.022608
0.022242
0.022472
0.022518
0.022634
0.022749
0.022717
0.022411
0.022144
0.022217
0.022222
0.022364
0.022286
0.022530
0.022647
0.022649
0.022926
0.023133
0.022949
0.023060
0.022872
0.022174
0.022195
0.022123
0.022400
0.022504
0.022588
0.023269
0.023170
0.023678
0.022686
0.022574
0.022682
0.022565
0.022692
0.022900
0.023247
0.023397
0.022811
0.023521
0.023608
0.023872
0.023199
0.023011
0.023388
0.023172
0.022926
0.022995
0.023172
0.023110
0.022709
0.022586
0.023108
0.021889
0.023062
0.022766
0.022888
0.022811
0.022886
0.022661
0.022738
0.023005
0.023091
0.023060
0.023423
0.023613
0.023440
0.023389
0.023729
0.023959
0.024561
0.024077
0.024569
0.024064
0.023204
0.023267
0.023224
0.023404
0.023359
0.023183
0.023397
0.024057
0.024197
0.023974
0.024033
0.024010
0.023706
0.024009
0.023570
0.023313
0.023379
0.023337
0.023280
0.023002
0.023164
0.023514
0.023327
0.023010
0.077080
0.101861
0.076487
0.082834
0.082134
0.083042
0.082837
0.088919
0.085760
0.087223
0.090766
0.087364
0.091210
0.087085
0.093132
0.088991
0.090528
0.090898
0.091317
0.090897
0.090641
0.093140
0.091876
0.091590
0.092519
0.093263
0.090774
0.096285
0.096863
0.021406
0.021386
0.021346
0.020616
0.021052
0.020823
0.020074
0.020073
0.020160
0.020329
0.020260
0.020262
0.020496
0.020959
0.020877
0.020685
0.020921
0.019527
0.019948
0.020778
0.020657
0.020575
0.021411
0.020655
0.020307
0.020289
0.020031
0.020117
0.020203
0.020223
0.020821
0.020734
0.020600
0.020619
0.020666
0.020719
0.020707
0.020815
0.020800
0.021261
0.021045
0.021245
0.021317
0.021197
0.021607
0.021665
0.021693
0.021677
0.021900
0.022170
0.021901
0.021786
0.021837
0.021991
0.022100
0.022260
0.022312
0.022505
0.021944
0.022089
0.022063
0.022331
0.022132
0.022324
0.022003
0.021712
0.021528
0.020906
0.020679
0.020519
0.020409
0.020657
0.020645
0.020869
0.020779
0.021173
0.020811
0.020650
0.020772
0.020939
0.020896
0.020941
0.082124
0.081156
0.081444
0.093235
0.087744
0.091910
0.086769
0.087709
0.089255
0.087798
0.081485
0.086076
0.088317
0.086706
0.080183
0.082457
0.080797
0.092178
0.090524
0.091777
0.084044
0.086966
0.080383
0.083217
0.080709
0.078406
0.090889
0.091278
0.081431
0.079724
0.080547
0.080133
0.080322
0.078216
0.079934
0.080029
0.081359
0.087786
0.018917
0.019214
0.019245
0.019096
0.019231
0.018979
0.019104
0.019669
0.019218
0.019690
0.019121
0.019540
0.020353
0.019449
0.018859
0.019148
0.020089
0.020120
0.019775
0.019527
0.019495
0.019301
0.019687
0.019712
0.019890
0.019720
0.019832
0.019645
0.019163
0.019504
0.019654
0.019261
0.019438
0.020006
0.019733
0.019888
0.019691
0.020095
0.019654
0.019544
0.019721
0.020236
0.019267
0.019453
0.019144
0.019482
0.019986
0.019991
0.020522
0.019195
0.019276
0.019363
0.019257
0.019776
0.020222
0.020415
0.020580
0.020028
0.020598
0.022055
0.021566
0.020806
0.021135
0.020621
0.020903
0.021953
0.020700
0.022244
0.022255
0.021070
0.020579
0.020331
0.020567
0.020402
0.020203
0.019807
0.019807
0.019568
0.019689
0.019741
0.019984
0.020382
0.019104
0.019603
0.019570
0.019657
0.020380
0.020229
0.019923
0.020243
0.021156
0.021119
0.020675
0.020116
0.019837
0.019774
0.019629
0.019497
0.019848
0.019795
0.019681
0.019635
0.019608
0.020321
0.019848
0.019708
0.019297
0.019413
0.019530
0.018802
0.018544
0.018017
0.018171
0.018247
0.018297
0.017980
0.018005
0.018068
0.018101
0.018045
0.018070
0.018092
0.017805
0.018101
0.017710
0.018536
0.018602
0.019042
0.019187
0.019686
0.019441
0.019317
0.019898
0.019943
0.020910
0.020513
0.108172
0.109844
0.108565
0.104010
0.108264
0.105093
0.105949
0.101777
0.103943
0.111025
0.103893
0.103342
0.103706
0.104664
0.105807
0.105044
0.103320
0.106704
0.106413
0.107175
0.104109
0.102901
0.101805
0.100783
0.101881
0.101780
0.103220
0.094709
0.103649
0.092915
0.097752
0.097252
0.095010
0.094397
0.095704
0.101402
0.090506
0.085828
0.095251
0.095778
0.096194
0.086164
0.086856
0.087270
0.086939
0.088261
0.088482
0.087713
0.089341
0.018947
0.018664
0.019024
0.019021
0.019184
0.019064
0.018746
0.018340
0.018681
0.018362
0.018282
0.018497
0.018692
0.018902
0.018895
0.019338
0.019263
0.019272
0.019004
0.019248
0.019025
0.018964
0.018927
0.018734
0.018534
0.018712
0.019274
0.019093
0.019318
0.019187
0.019856
0.019420
0.019630
0.019728
0.019911
0.020106
0.019960
0.020203
0.019847
0.019900
0.020005
0.019951
0.019475
0.019310
0.019507
0.019353
0.019499
0.019945
0.020771
0.020881
0.020759
0.020683
0.080449
0.077008
0.073419
0.074998
0.072456
0.072586
0.071581
0.068978
0.067012
0.070131
0.068947
0.062517
0.069753
0.058071
0.052702
0.062768
0.063959
0.065375
0.063435
0.063747
0.061658
0.062046
0.061806
0.059960
0.060099
0.057006
0.056823
0.054535
0.056478
0.022422
0.022667
0.022612
0.022565
0.022919
0.022936
0.022864
0.022908
0.022442
0.022580
0.022640
0.022536
0.022360
0.022562
0.022587
0.022517
0.023099
0.022652
0.022721
0.022581
0.022625
0.022573
0.022686
0.022791
0.022437
0.022452
0.022512
0.022318
0.022471
0.022449
0.022460
0.022827
0.023117
0.022656
0.023143
0.022773
0.023133
0.023368
0.023059
0.024203
0.024274
0.024413
0.023636
0.023963
0.023404
0.023599
0.097433
0.096511
0.096787
0.096831
0.096313
0.096602
0.095331
0.096724
0.108713
0.110975
0.108729
0.099693
0.097966
0.097738
0.095928
0.098043
0.100904
0.098266
0.102481
0.098387
0.100119
0.089728
0.105095
0.103162
0.100651
0.095672
0.083030
0.099268
0.101490
0.051840
0.053276
0.052931
0.053065
0.053168
0.051693
0.053232
0.052582
0.052433
0.052410
0.051889
0.051339
0.051474
0.051572
0.052213
0.051916
0.051728
0.051699
0.050083
0.052207
0.050935
0.038976
0.038547
0.040135
0.040416
0.040239
0.040083
0.040510
0.040233
0.039806
0.041022
0.040437
0.040979
0.040609
0.040498
0.036541
0.039168
0.039136
0.035697
0.038364
0.039070
0.038870
0.039043
0.038327
0.038136
0.040300
0.040831
0.041714
0.042262
0.041236
0.036111
0.037662
0.041035
0.040755
0.040751
0.042148
0.037318
0.037385
0.036415
0.036046
0.040282
0.037504
0.045220
0.040419
0.038855
0.046041
0.044597
0.044541
0.046929
0.044744
0.038900
0.046179
0.046324
0.046912
0.046622
0.044783
0.045294
0.045044
0.045395
0.045900
0.047525
0.047280
0.045866
0.046219
0.046160
0.049064
0.046260
0.038748
0.036869
0.038719
0.037260
0.038548
0.045681
0.046858
0.050038
0.045405
0.052505
0.051533
0.044064
0.043431
0.044178
0.042510
0.045946
0.043938
0.048740
0.044922
0.039104
0.039489
0.040374
0.039426
0.038122
0.074727
0.103008
0.106386
0.106994
0.101029
0.103352
0.097273
0.091755
0.091827
0.089237
0.091815
0.068075
0.068934
0.091607
0.091101
0.095297
0.068571
0.072894
0.071697
0.073147
0.073662
0.075850
0.070919
0.072800
0.068615
0.070162
0.069243
0.060533
0.066212
0.066546
0.061892
0.061324
0.066362
0.067871
0.066447
0.065852
0.066007
0.066885
0.067653
0.068780
0.069629
0.068750
0.069366
0.068777
0.069741
0.069345
0.069618
0.069537
0.076424
0.073031
0.074522
0.074549
0.075024
0.073302
0.072485
0.073962
0.071610
0.074343
0.074548
0.069359
0.081195
0.074840
0.075629
0.048946
0.046119
0.048792
0.049528
0.048336
0.050236
0.051887
0.050498
0.047329
0.052412
0.051559
0.050222
0.054225
0.051962
0.052027
0.049004
0.055587
0.056128
0.056386
0.054350
0.054174
0.048611
0.049858
0.046851
0.054287
0.054797
0.056336
0.057122
0.052699
0.057769
0.047611
0.047549
0.042071
0.047625
0.042427
0.042503
0.041769
0.041661
0.046146
0.046999
0.047203
0.047490
0.042065
0.041900
0.042365
0.041986
0.048983
0.056833
0.045032
0.048317
0.049929
0.053441
0.044153
0.048024
0.050350
0.051102
0.050443
0.054178
0.049840
0.048625
0.047356
0.049363
0.048162
0.047948
0.048488
0.049350
0.049202
0.048991
0.048818
0.049355
0.049162
0.048619
0.048890
0.049197
0.049465
0.049712
0.048383
0.049772
0.050223
0.050109
0.049621
0.050527
0.050729
0.050485
0.053954
0.045867
0.046060
0.045548
0.049727
0.046842
0.046360
0.044306
0.042235
0.043524
0.043385
0.043880
0.048531
0.048064
0.049389
0.047934
0.047440
0.047996
0.048311
0.049416
0.049759
0.051003
0.051055
0.049979
0.051578
0.052834
0.051462
0.052042
0.052237
0.050150
0.049550
0.050417
0.051993
0.052677
0.043876
0.049092
0.047076
0.050946
0.050059
0.047310
0.049016
0.050681
0.052134
0.051797
0.051044
0.052726
0.053983
0.053729
0.053728
0.052234
0.049084
0.052793
0.051560
0.053515
0.052999
0.048000
0.046625
0.081187
0.081444
0.080649
0.079848
0.085777
0.082886
0.077468
0.067986
0.066088
0.070324
0.083728
0.083585
0.087284
0.086815
0.085195
0.086898
0.084766
0.083114
0.085564
0.085713
0.084098
0.081738
0.079945
0.081684
0.082369
0.082285
0.081142
0.080559
0.087742
0.083342
0.085121
0.086280
0.098696
0.091509
0.085969
0.084036
0.099797
0.045344
0.047161
0.047467
0.048744
0.049149
0.048251
0.047191
0.046794
0.047556
0.050937
0.049389
0.048938
0.048733
0.048925
0.048047
0.048952
0.049794
0.049995
0.050183
0.049625
0.049610
0.048142
0.050100
0.048815
0.048418
0.048060
0.048716
0.049994
0.049721
0.049833
0.049831
0.048443
0.048749
0.050354
0.052099
0.049946
0.049969
0.050417
0.049114
0.049495
0.050605
0.050130
0.051063
0.048675
0.047644
0.047600
0.047426
0.047367
0.048992
0.045643
0.053916
0.050642
0.049365
0.048920
0.044209
0.044235
0.049288
0.051149
0.047551
0.044972
0.051044
0.051353
0.051615
0.044231
0.042695
0.043404
0.042698
0.043277
0.043484
0.044775
0.045174
0.050046
0.049738
0.049695
0.049951
0.049043
0.047750
0.047439
0.048143
0.042345
0.048151
0.044713
0.048847
0.047524
0.044066
0.044666
0.045694
0.043374
0.043273
0.047615
0.048430
0.048925
0.047821
0.047743
0.039583
0.038348
0.040470
0.043787
0.045259
0.047527
0.045820
0.049024
0.046782
0.048293
0.048208
0.047988
0.048949
0.048127
0.052792
0.053361
0.055936
0.055303
0.050054
0.046598
0.046127
0.045933
0.046342
0.047751
0.045015
0.047321
0.047278
0.048327
0.045754
0.048782
0.046345
0.045602
0.045873
0.045106
0.045405
0.045761
0.046899
0.050632
0.049979
0.051099
0.051575
0.052019
0.050169
0.047341
0.046884
0.048188
0.049160
0.048061
0.049264
0.045347
0.049391
0.049292
0.050704
0.047252
0.049990
0.050938
0.050331
0.052134
0.051940
0.051896
0.052678
0.052112
0.049755
0.050528
0.052013
0.052321
0.051332
0.053091
0.051884
0.051227
0.047329
0.049547
0.048253
0.050685
0.047075
0.049670
0.050803
0.049348
0.051474
0.045876
0.052027
0.052556
0.050544
0.050412
0.049428
0.049689
0.049509
0.049672
0.089606
0.088646
0.087371
0.088681
0.089435
0.086633
0.086996
0.083742
0.082485
0.087014
0.088029
0.085896
0.084833
0.084028
0.082091
0.084574
0.103082
0.088392
0.088950
0.088687
0.087219
0.087815
0.086093
0.086950
0.087379
0.086719
0.087371
0.087516
0.087411
0.087244
0.087941
0.088738
0.101174
0.104578
0.104896
0.103136
0.104005
0.098957
0.096748
0.096739
0.096734
0.096870
0.100646
0.099276
0.096451
0.099773
0.100109
0.101822
0.105770
0.102992
0.100377
0.102723
0.103492
0.098793
0.100677
0.099455
0.084170
0.099156
0.087777
0.083965
0.085512
0.082355
0.094964
0.093394
0.100396
0.103456
0.055420
0.053378
0.052440
0.055052
0.054339
0.047054
0.052822
0.052562
0.051966
0.049929
0.050388
0.051401
0.050476
0.049589
0.049417
0.048585
0.048213
0.051340
0.051254
0.050955
0.050418
0.050865
0.050461
0.050355
0.050858
0.042985
0.049147
0.047480
0.047744
0.052575
0.047487
0.048649
0.048637
0.048340
0.041289
0.047448
0.047596
0.047584
0.047165
0.047562
0.042014
0.043401
0.045475
0.046635
0.045321
0.048082
0.048402
0.047817
0.046888
0.046779
0.044293
0.044491
0.044357
0.044956
0.045506
0.044496
0.045694
0.047752
0.046740
0.047202
0.047888
0.046165
0.046990
0.046987
0.046915
0.045790
0.045985
0.045386
0.045067
0.046542
0.045605
0.045921
0.106135
0.104570
0.104891
0.105038
0.105263
0.106080
0.099701
0.104648
0.102999
0.101864
0.102347
0.113427
0.105273
0.112042
0.106008
0.102413
0.107927
0.101599
0.106107
0.096874
0.097853
0.101196
0.100988
0.086905
0.103243
0.088149
0.084294
0.086145
0.086078
0.084930
0.086479
0.107129
0.083417
0.082547
0.104427
0.098791
0.098785
0.105604
0.103252
0.103879
0.115020
0.100145
0.089543
0.100788
0.087668
0.087457
0.093950
0.094445
0.102060
0.104841
0.102026
0.070788
0.071005
0.070117
0.071175
0.070156
0.068911
0.065331
0.062822
0.067097
0.067109
0.067312
0.066742
0.066753
0.066302
0.049866
0.048810
0.048652
0.049609
0.049379
0.047913
0.048370
0.049773
0.049189
0.047490
0.049362
0.047741
0.048000
0.047904
0.047413
0.048281
0.047911
0.048216
0.046567
0.046010
0.046365
0.047307
0.045405
0.045612
0.044692
0.044370
0.045050
0.045558
0.045762
0.045973
0.046213
0.045803
0.046057
0.046956
0.061451
0.062159
0.063480
0.069112
0.061623
0.061092
0.067875
0.068672
0.066935
0.063393
0.067324
0.067892
0.067266
0.067713
0.066827
0.098266
0.065867
0.067203
0.086979
0.085695
0.088054
0.089275
0.088218
0.089154
0.085953
0.089810
0.089668
0.087475
0.087700
0.087062
0.093450
0.087892
0.088169
0.089127
0.087323
0.087758
0.085377
0.086101
0.087116
0.087672
0.085774
0.092507
0.097755
0.088459
0.088605
0.078026
0.079316
0.088637
0.067512
0.092407
0.083607
0.082495
0.092935
0.094502
0.095566
0.095608
0.097498
0.093352
0.091951
0.092714
0.092108
0.091934
0.096658
0.092117
0.068809
0.068056
0.069017
0.092643
0.092573
0.091412
0.090706
0.047797
0.048126
0.048786
0.045017
0.045624
0.045305
0.045467
0.044424
0.043778
0.045729
0.043795
0.046814
0.046336
0.045488
0.044389
0.043831
0.044173
0.044534
0.044187
0.044516
0.043011
0.046013
0.044406
0.044096
0.045766
0.048610
0.045348
0.048838
0.049713
0.048239
0.049170
0.050039
0.048479
0.048797
0.048087
0.048847
0.049874
0.048442
0.043749
0.048124
0.048694
0.048705
0.048421
0.047596
0.048232
0.048258
0.049573
0.042989
0.046125
0.048726
0.047573
0.046805
0.052603
0.049929
0.049247
0.049686
0.047757
0.048300
0.042144
0.042330
0.044039
0.044513
0.044566
0.044468
0.068644
0.068962
0.069169
0.069176
0.069459
0.068158
0.069146
0.068563
0.068877
0.069108
0.067353
0.081037
0.068127
0.096724
0.096469
0.096655
0.098284
0.109230
0.095433
0.101589
0.096133
0.072040
0.070391
0.065746
0.066777
0.066474
0.065158
0.065971
0.067224
0.062023
0.064312
0.066865
0.068010
0.068543
0.070112
0.068339
0.065457
0.066215
0.066514
0.068397
0.070550
0.069391
0.068931
0.062650
0.062293
0.066417
0.062332
0.070698
0.069703
0.066842
0.062506
0.092490
0.090452
0.085356
0.109806
0.105311
0.097361
0.100403
0.099594
0.101747
0.110191
0.131902
0.143065
0.129508
0.148439
0.117603
0.122497
0.041225
0.046845
0.043026
0.043073
0.042085
0.042064
0.041363
0.045062
0.047345
0.048283
0.049051
0.047272
0.047983
0.045638
0.046488
0.046557
0.047639
0.048317
0.048400
0.047133
0.044973
0.049693
0.047545
0.047039
0.050310
0.046212
0.046648
0.045656
0.046699
0.047308
0.048948
0.047728
0.047806
0.048479
0.047633
0.046840
0.047327
0.046271
0.044476
0.045506
0.041921
0.039981
0.039280
0.039522
0.040752
0.043060
0.041319
0.040733
0.042293
0.041485
0.043153
0.041472
0.044214
0.043768
0.044318
0.043642
0.042171
0.042153
0.041420
0.040390
0.041774
0.041395
0.042215
0.039576
0.040732
0.038964
0.041443
0.040620
0.042195
0.042504
0.042572
0.043753
0.044460
0.044889
0.044310
0.045936
0.046929
0.045336
0.045349
0.045100
0.044613
0.044180
0.043995
0.043220
0.043274
0.042222
0.042900
0.044294
0.043497
0.044875
0.046567
0.056111
0.048605
0.049985
0.049505
0.046781
0.052252
0.050091
0.050595
0.051535
0.050960
0.049156
0.047347
0.052620
0.052715
0.054037
0.051624
0.045893
0.047574
0.043920
0.043457
0.043590
0.044548
0.047017
0.041287
0.049387
0.055337
0.093738
0.093444
0.095689
0.096725
0.097492
0.094818
0.102210
0.104817
0.104458
0.109157
0.107122
0.106683
0.103531
0.101343
0.100973
0.101213
0.103039
0.103539
0.099591
0.099654
0.099923
0.098432
0.105885
0.092574
0.103324
0.102305
0.104450
0.106309
0.105472
0.100132
0.104934
0.105578
0.105642
0.104234
0.099681
0.101491
0.103785
0.105572
0.105700
0.103366
0.102404
0.100043
0.100946
0.095160
0.100011
0.098696
0.100622
0.101326
0.095683
0.098822
0.099875
0.099361
0.081325
0.075228
0.073335
0.068406
0.068950
0.101279
0.086748
0.102746
0.075546
0.101616
0.101279
0.084830
0.106156
0.102867
0.106975
0.102173
0.104664
0.104351
0.108832
0.104631
0.101840
0.086875
0.096127
0.086555
0.085557
0.090783
0.103082
0.096037
0.095410
0.093241
0.088191
0.090874
0.094033
0.092879
0.091702
0.094198
0.094960
0.096227
0.098154
0.094943
0.094879
0.098349
0.096385
0.097979
0.094604
0.095096
0.094927
0.094310
0.092224
0.090863
0.093136
0.091876
0.089880
0.094884
0.094959
0.099751
0.101127
0.091706
0.093373
0.094729
0.089749
0.072552
0.087818
0.072516
0.075929
0.064323
0.077642
0.092935
0.097658
0.083835
0.096023
0.095601
0.070810
0.078423
0.103031
0.077773
0.099685
0.101924
0.109255
0.101761
0.114135
0.113408
0.104213
0.110212
0.098735
0.100080
0.100246
0.097106
0.110635
0.107141
0.105749
0.108245
0.101573
0.095927
0.090458
0.093710
0.092117
0.091850
0.093799
0.092216
0.093069
0.091807
0.093082
0.091565
0.092584
0.091011
0.093651
0.092515
0.091364
0.091930
0.091630
0.090752
0.095283
0.097996
0.095629
0.091950
0.090461
0.079987
0.078872
0.078165
0.077182
0.077681
0.078413
0.075908
0.077833
0.079453
0.075908
0.079389
0.078984
0.076745
0.073868
0.079657
0.076275
0.038665
0.039415
0.038582
0.038913
0.037927
0.038163
0.038402
0.039763
0.039554
0.039377
0.039282
0.039574
0.039299
0.039256
0.039233
0.039050
0.039000
0.039212
0.039331
0.039325
0.038754
0.038953
0.038538
0.037194
0.036785
0.037134
0.038576
0.039261
0.039219
0.039264
0.039239
0.039591
0.038251
0.038362
0.038402
0.038297
0.037139
0.038425
0.037012
0.039759
0.039769
0.039179
0.038882
0.039588
0.039261
0.038949
0.038012
0.037868
0.039324
0.039209
0.039173
0.038733
0.037625
0.038686
0.038078
0.039055
0.038606
0.039011
0.038844
0.038607
0.038760
0.038747
0.038095
0.037972
0.037664
0.038115
0.038726
0.038138
0.038134
0.036151
0.038976
0.038972
0.038920
0.038748
0.039020
0.039583
0.051758
0.039701
0.049327
0.039153
0.039152
0.039369
0.039411
0.039672
0.041655
0.041457
0.040694
0.040847
0.039820
0.040231
0.041386
0.040429
0.039777
0.040558
0.039646
0.040952
0.039768
0.039539
0.039720
0.040010
0.039748
0.040550
0.050414
0.046829
0.047885
0.046521
0.045709
0.046218
0.049021
0.048250
0.049545
0.051858
0.040294
0.040518
0.042554
0.042210
0.043084
0.042126
0.042982
0.043102
0.042773
0.042681
0.043395
0.044025
0.044199
0.044274
0.043286
0.043312
0.042193
0.043423
0.043098
0.042706
0.043130
0.043257
0.043972
0.043774
0.043880
0.043906
0.044078
0.042955
0.040488
0.043053
0.043450
0.043159
0.042517
0.043273
0.043128
0.043106
0.041732
0.041003
0.076243
0.075121
0.076884
0.076672
0.077495
0.078314
0.078220
0.079622
0.076071
0.079827
0.077225
0.075411
0.078006
0.078234
0.081713
0.081701
0.092177
0.094927
0.087514
0.088176
0.082367
0.087006
0.091601
0.089806
0.091086
0.078265
0.079674
0.078228
0.079319
0.080291
0.077594
0.081276
0.075840
0.078464
0.072910
0.072593
0.073997
0.072883
0.071114
0.077037
0.068194
0.063410
0.067334
0.071374
0.044423
0.046200
0.040280
0.040595
0.041381
0.040730
0.041156
0.040349
0.043798
0.042609
0.043518
0.043264
0.043571
0.043646
0.043781
0.044584
0.043740
0.044193
0.043738
0.043842
0.043762
0.043438
0.044635
0.043961
0.043914
0.043511
0.042926
0.043527
0.043303
0.043001
0.043175
0.043011
0.043233
0.043906
0.043155
0.043292
0.042931
0.042524
0.042765
0.042844
0.042385
0.043822
0.043392
0.042024
0.043605
0.043123
0.044491
0.044653
0.043683
0.044232
0.044608
0.044487
0.045612
0.044329
0.043353
0.045051
0.045003
0.043331
0.045789
0.042845
0.042541
0.040338
0.039734
0.042401
0.039264
0.038575
0.038035
0.037402
0.043516
0.036958
0.037414
0.037720
0.038208
0.037372
0.037879
0.039257
0.037294
0.037207
0.037132
0.036883
0.040378
0.037307
0.043759
0.037372
0.037716
0.037496
0.037912
0.038315
0.038188
0.039213
0.040011
0.039720
0.039142
0.038928
0.038904
0.039010
0.039825
0.087422
0.090409
0.085011
0.082645
0.081047
0.074890
0.074909
0.073717
0.072812
0.072214
0.074352
0.077681
0.077541
0.078226
0.076895
0.078101
0.076437
0.076361
0.077035
0.078226
0.078055
0.074016
0.076587
0.075475
0.076073
0.073346
0.075629
0.073596
0.072071
0.083031
0.088157
0.042511
0.042762
0.042135
0.039599
0.037915
0.037334
0.036880
0.037825
0.037447
0.037747
0.037212
0.036931
0.036929
0.036844
0.036831
0.037891
0.037079
0.036863
0.036826
0.036723
0.036619
0.036839
0.036632
0.036608
0.036144
0.036060
0.036687
0.036277
0.036795
0.040561
0.040829
0.040879
0.039800
0.040363
0.038138
0.040025
0.039653
0.038629
0.039630
0.036869
0.035487
0.035405
0.037559
0.036462
0.036988
0.037979
0.038843
0.038343
0.037785
0.037922
0.040153
0.038045
0.038224
0.038715
0.038766
0.037543
0.036644
0.036670
0.035894
0.036117
0.036460
0.037642
0.037702
0.038997
0.039170
0.039517
0.038633
0.039160
0.039607
0.039210
0.040342
0.039912
0.039986
0.039847
0.039588
0.078132
0.077774
0.078827
0.079408
0.079975
0.077434
0.084141
0.083527
0.083592
0.083574
0.080608
0.083376
0.083855
0.080363
0.082148
0.083624
0.085027
0.082508
0.083611
0.081673
0.083637
0.084173
0.077625
0.079971
0.080999
0.080824
0.079181
0.079280
0.078144
0.082026
0.080934
0.079866
0.082650
0.081674
0.081653
0.079386
0.080847
0.080052
0.079219
0.079099
0.082009
0.081483
0.081825
0.081414
0.037253
0.037575
0.035858
0.036976
0.037590
0.037221
0.036977
0.037746
0.036578
0.036794
0.037533
0.037800
0.039272
0.037766
0.037980
0.037643
0.039214
0.038265
0.038969
0.038811
0.038812
0.039478
0.101973
0.102713
0.102487
0.103167
0.102788
0.102858
0.103055
0.070620
0.102610
0.071325
0.104207
0.104397
0.104068
0.107685
0.094706
0.104297
0.038278
0.036338
0.039445
0.039262
0.038921
0.037455
0.045958
0.040821
0.041736
0.037757
0.038015
0.037157
0.043450
0.042362
0.042080
0.041154
0.041286
0.040366
0.039742
0.044098
0.044394
0.046860
0.042799
0.042763
0.038954
0.048174
0.050147
0.046120
0.054636
0.045265
0.053130
0.046408
0.046656
0.047656
0.051482
0.092641
0.097048
0.093271
0.089636
0.090966
0.088031
0.088197
0.087547
0.086687
0.088297
0.087634
0.088272
0.082470
0.088281
0.083769
0.088631
0.088572
0.088619
0.088889
0.088663
0.089689
0.092426
0.089980
0.092488
0.095795
0.095984
0.093608
0.093273
0.093969
0.094254
0.092413
0.092252
0.090718
0.079941
0.083128
0.081334
0.084407
0.084243
0.099662
0.098286
0.097390
0.082851
0.083656
0.083153
0.084627
0.085533
0.080049
0.083815
0.081611
0.072382
0.090149
0.084976
0.081960
0.069031
0.070503
0.065095
0.066436
0.071846
0.072315
0.070587
0.069671
0.066794
0.066480
0.068367
0.063147
0.060605
0.065248
0.064245
0.062568
0.062136
0.065386
0.064915
0.061233
0.072763
0.069068
0.068753
0.069885
0.064677
0.063516
0.066019
0.061167
0.060582
0.067985
0.071046
0.019546
0.019530
0.018274
0.018369
0.018716
0.019242
0.019192
0.018766
0.018200
0.017757
0.017679
0.018059
0.017903
0.017877
0.017917
0.017829
0.017865
0.018204
0.017563
0.018818
0.018781
0.018528
0.018688
0.018744
0.018347
0.018885
0.018431
0.018714
0.018787
0.018839
0.018427
0.018299
0.017543
0.017782
0.017622
0.017679
0.017940
0.017523
0.017609
0.017809
0.017970
0.017184
0.017074
0.016823
0.016892
0.017242
0.017804
0.017760
0.018158
0.018106
0.018610
0.018393
0.018257
0.018673
0.018891
0.018624
0.018509
0.018315
0.017671
0.017792
0.018315
0.017766
0.017263
0.017193
0.018420
0.018631
0.019025
0.019098
0.018690
0.018448
0.018763
0.019161
0.019147
0.019088
0.019197
0.019804
0.019637
0.019731
0.019570
0.020083
0.020150
0.019770
0.018986
0.018880
0.018928
0.019405
0.018527
0.018798
0.019269
0.019366
0.019296
0.018802
0.018910
0.019895
0.019302
0.019631
0.020320
0.021208
0.058819
0.058438
0.058802
0.059942
0.058274
0.057969
0.057812
0.059271
0.059153
0.058395
0.057439
0.061550
0.057977
0.061318
0.056605
0.058231
0.059360
0.058751
0.056106
0.057024
0.058941
0.058442
0.061704
0.058076
0.058672
0.058492
0.062164
0.057002
0.051074
0.060449
0.058212
0.058680
0.059357
0.060618
0.057020
0.056900
0.055245
0.053920
0.056238
0.063714
0.053303
0.057745
0.066082
0.066144
0.066550
0.055220
0.065425
0.060232
0.066544
0.062521
0.065217
0.065390
0.070267
0.097907
0.106018
0.106350
0.111588
0.106678
0.096133
0.103563
0.102914
0.103456
0.102894
0.105199
0.105999
0.107352
0.108628
0.104307
0.113203
0.106119
0.104446
0.105382
0.105029
0.105449
0.106224
0.103080
0.112689
0.112539
0.108467
0.096456
0.102454
0.098529
0.096396
0.097520
0.097653
0.100254
0.009601
0.009978
0.010189
0.009883
0.009928
0.009612
0.009753
0.009457
0.009376
0.009492
0.009034
0.008663
0.008550
0.008240
0.008183
0.007909
0.007806
0.007984
0.008084
0.007877
0.007749
0.007577
0.007815
0.062783
0.063528
0.064011
0.063952
0.065337
0.064869
0.065278
0.064743
0.063022
0.063645
0.062757
0.064267
0.063424
0.066181
0.065951
0.066564
0.066402
0.063191
0.066406
0.064431
0.064449
0.064874
0.063921
0.063997
0.065190
0.062973
0.067566
0.065634
0.064692
0.064178
0.063944
0.064604
0.064214
0.062820
0.064161
0.063734
0.062270
0.064135
0.063262
0.064210
0.066084
0.064345
0.063276
0.065362
0.066546
0.066755
0.067555
0.070538
0.065265
0.063615
0.063122
0.067053
0.057270
0.055571
0.056309
0.053541
0.056951
0.060807
0.057553
0.057251
0.057877
0.055754
0.056882
0.058332
0.053616
0.054166
0.058928
0.056621
0.058635
0.060287
0.060447
0.066011
0.062088
0.063859
0.059843
0.062849
0.061940
0.057227
0.066318
0.059617
0.064864
0.064993
0.057540
0.060936
0.067232
0.065979
0.059463
0.057625
0.057319
0.055446
0.056311
0.056049
0.054929
0.055606
0.067984
0.055171
0.062539
0.054770
0.066852
0.067090
0.066002
0.066896
0.060511
0.059331
0.060857
0.063677
0.062402
0.062408
0.061618
0.062600
0.059473
0.059687
0.062981
0.065859
0.066752
0.060735
0.062916
0.063479
0.060763
0.065889
0.060713
0.062099
0.068953
0.067338
0.067702
0.067889
0.065422
0.068479
0.068012
0.067695
0.069116
0.068398
0.068806
0.069964
0.066998
0.067506
0.067392
0.067685
0.067406
0.068507
0.066656
0.065583
0.066626
0.066656
0.069161
0.069593
0.068018
0.068461
0.069720
0.067687
0.096264
0.096486
0.081862
0.096624
0.100297
0.096796
0.098012
0.099350
0.102691
0.103154
0.097741
0.096524
0.096476
0.097041
0.096630
0.099043
0.041914
0.044483
0.041968
0.044118
0.042780
0.041926
0.043013
0.043754
0.043408
0.043006
0.042960
0.043558
0.042635
0.044245
0.042908
0.040446
0.043159
0.042647
0.043171
0.041023
0.040281
0.040592
0.041997
0.042660
0.044434
0.044937
0.043726
0.044751
0.042251
0.044253
0.044423
0.042947
0.040394
0.040769
0.041577
0.040698
0.041836
0.041588
0.040787
0.041640
0.043821
0.043659
0.042979
0.042112
0.043493
0.044063
0.043721
0.043986
0.041827
0.043390
0.041262
0.042165
0.041797
0.041604
0.042090
0.041895
0.042605
0.042589
0.040266
0.041928
0.045088
0.043537
0.041660
0.042635
0.044817
0.044579
0.042886
0.040847
0.039702
0.040609
0.038966
0.036432
0.039010
0.037183
0.038236
0.038825
0.037634
0.037628
0.039104
0.038659
0.037686
0.037951
0.040126
0.037324
0.040238
0.040652
0.037118
0.037902
0.038192
0.038469
0.038499
0.038890
0.039555
0.041076
0.040999
0.040881
0.042327
0.041764
0.041118
0.041360
0.041867
0.041137
0.041554
0.041376
0.041253
0.041703
0.041775
0.042144
0.041827
0.041439
0.042365
0.042075
0.041640
0.041680
0.042061
0.042060
0.041507
0.041946
0.042001
0.041981
0.042257
0.042397
0.041970
0.039932
0.041078
0.040398
0.040638
0.042428
0.042955
0.043817
0.043714
0.043121
0.043680
0.044040
0.043959
0.043515
0.043030
0.041416
0.042504
0.040674
0.042708
0.042999
0.043524
0.042506
0.043275
0.042641
0.042149
0.042338
0.042508
0.043601
0.043579
0.043053
0.043230
0.043950
0.042778
0.041946
0.042295
0.041906
0.041472
0.041590
0.042388
0.041515
0.044795
0.044962
0.361371
0.361381
0.361356
0.273247
0.255142
0.289425
0.271690
0.276601
0.250802
0.239541
0.232730
0.237341
0.235648
0.207011
0.216069
0.228805
0.202944
0.194630
0.151880
0.191897
0.183687
0.179545
0.172697
0.165600
0.161830
0.167225
0.168653
0.170830
0.170492
0.169216
0.168057
0.170180
0.168203
0.171752
0.171599
0.170613
0.169248
0.171177
0.170639
0.170633
0.171525
0.169829
0.170925
0.168666
0.170271
0.168095
0.170266
0.170776
0.168215
0.175115
0.172797
0.176583
0.170573
0.172799
0.176917
0.187378
0.171430
0.174672
0.189519
0.173132
0.177519
0.167363
0.156731
0.147753
0.141463
0.142528
0.121171
0.121723
0.118239
0.329943
0.336456
0.336910
0.296510
0.292642
0.313579
0.318129
0.306404
0.310210
0.317186
0.301671
0.303190
0.296799
0.292818
0.283973
0.258924
0.253975
0.277754
0.267832
0.271070
0.244425
0.255763
0.249266
0.224116
0.243740
0.226443
0.230292
0.235186
0.233069
0.231118
0.244160
0.233059
0.232175
0.242030
0.235039
0.232526
0.218695
0.231121
0.233208
0.236484
0.233778
0.231001
0.228276
0.230685
0.235812
0.226747
0.226527
0.226569
0.226965
0.226615
0.226635
0.226037
0.225410
0.226103
0.226929
0.226812
0.226103
0.226929
0.235168
0.235733
0.226929
0.227043
0.227040
0.226944
0.228044
0.227002
0.081936
0.078214
0.081274
0.080295
0.081462
0.080752
0.081961
0.081468
0.076997
0.079280
0.075862
0.087440
0.087667
0.089633
0.090766
0.089907
0.085916
0.084836
0.095445
0.096017
0.096488
0.090480
0.081222
0.114502
0.111652
0.111618
0.110127
0.109576
0.112808
0.111294
0.095285
0.109831
0.109088
0.110825
0.113669
0.112583
0.113852
0.111654
0.112281
0.114612
0.114693
0.113619
0.097895
0.101992
0.099315
0.098945
0.102189
0.102239
0.091648
0.090185
0.090485
0.090536
0.089206
0.091467
0.088314
0.089146
0.089688
0.098859
0.100292
0.090262
0.089883
0.090129
0.098645
0.101024
0.100171
0.098811
0.098600
0.099515
0.098465
0.098642
0.099198
0.100350
0.099145
0.096851
0.099690
0.100991
0.100706
0.100834
0.098646
0.098770
0.097237
0.095821
0.102464
0.102660
0.095391
0.098246
0.098638
0.098760
0.100292
0.101005
0.101530
0.101699
0.101791
0.101150
0.100683
0.100963
0.100484
0.100861
0.099530
0.099611
0.100674
0.099336
0.100316
0.099838
0.099308
0.098476
0.099389
0.098451
0.099239
0.094909
0.101413
0.098658
0.097122
0.094580
0.097204
0.113060
0.092652
0.096153
0.095212
0.096093
0.096596
0.096012
0.097276
0.102165
0.096681
0.098169
0.098685
0.097369
0.097325
0.098402
0.096605
0.094347
0.101330
0.103323
0.101725
0.104072
0.094090
0.094470
0.095980
0.095083
0.091597
0.095360
0.094542
0.095421
0.095231
0.094725
0.093822
0.098378
0.099783
0.099338
0.103437
0.103899
0.102068
0.103514
0.102988
0.104708
0.105418
0.105191
0.099696
0.098326
0.094983
0.096897
0.097150
0.095849
0.096172
0.097019
0.101426
0.098148
0.098474
0.092726
0.094376
0.094510
0.094872
0.094181
0.089911
0.089527
0.089980
0.089879
0.089312
0.090333
0.097422
0.097686
0.096148
0.096622
0.091715
0.090783
0.091119
0.091595
0.091970
0.092494
0.091410
0.088488
0.090962
0.088096
0.090293
0.090454
0.088664
0.088621
0.086937
0.088519
0.087736
0.088069
0.088312
0.088924
0.088691
0.089282
0.088675
0.086510
0.074723
0.070056
0.085355
0.083227
0.081707
0.088705
0.075411
0.079328
0.080241
0.079896
0.076531
0.075993
0.077125
0.074177
0.083262
0.086352
0.091238
0.085760
0.081999
0.074931
0.077176
0.076258
0.079811
0.076561
0.076977
0.077408
0.077109
0.075744
0.075247
0.074364
0.077178
0.075832
0.077755
0.076223
0.077478
0.079044
0.079893
0.075536
0.080783
0.084881
0.085353
0.094451
0.092167
0.095955
0.260088
0.204096
0.162171
0.114326
0.092013
0.068431
0.064213
0.066006
0.087478
0.113853
0.151959
0.205778
0.174574
0.159938
0.156225
0.186453
0.178558
0.215462
0.212113
0.211279
0.202532
0.203267
0.184355
0.188461
0.190440
0.179176
0.173615
0.150314
0.149084
0.147366
0.169985
0.197217
0.203979
0.173982
0.193865
0.196978
0.182637
0.187882
0.183306
0.197970
0.224599
0.217854
0.205069
0.204344
0.210469
0.218925
0.205776
0.224075
0.206291
0.204608
0.218139
0.204790
0.205174
0.218154
0.216987
0.206207
0.206417
0.216963
0.217104
0.215843
0.229465
0.219986
0.233138
0.229653
0.220277
0.229316
0.226761
0.226457
0.215297
0.219902
0.222612
0.209910
0.231127
0.226567
0.220983
0.227889
0.219874
0.230895
0.233599
0.232871
0.222137
0.232880
0.233372
0.233725
0.214922
0.214891
0.214743
0.215060
0.214243
0.215352
0.218406
0.217841
0.214501
0.215737
0.216672
0.215669
0.260959
0.260960
0.260960
0.260963
0.254175
0.259803
0.249736
0.231252
0.238383
0.230115
0.171624
0.194996
0.197074
0.230257
0.173078
0.168276
0.151652
0.121574
0.122600
0.118969
0.186746
0.203116
0.150130
0.156438
0.111927
0.109334
0.155611
0.145501
0.171462
0.146701
0.140911
0.153171
0.121876
0.121590
0.116554
0.106840
0.101304
0.131098
0.102175
0.096877
0.115759
0.094904
0.093089
0.095504
0.089662
0.094497
0.096201
0.092668
0.101469
0.106923
0.117153
0.126526
0.145420
0.142648
0.142302
0.146578
0.152119
0.142565
0.142094
0.131904
0.131973
0.126600
0.143648
0.131681
0.130160
0.123539
0.119650
0.119937
0.119514
0.119109
0.125451
0.126436
0.137550
0.162516
0.145845
0.159369
0.161355
0.158119
0.160959
0.173906
0.175701
0.175498
0.221765
0.215719
0.225874
0.207050
0.223462
0.212352
0.212820
0.214997
0.210412
0.219204
0.216666
0.218087
0.219395
0.218148
0.216218
0.212573
0.204720
0.215037
0.213723
0.213491
0.170213
0.170210
0.170204
0.170201
0.166309
0.167075
0.169885
0.169016
0.167580
0.168116
0.165543
0.165734
0.168368
0.165429
0.163660
0.169217
0.163015
0.163105
0.162985
0.163046
0.163000
0.162522
0.162865
0.162518
0.162876
0.162787
0.162833
0.162863
0.162841
0.162744
0.162210
0.162042
0.162313
0.163045
0.168974
0.163621
0.163274
0.168930
0.162309
0.162099
0.161946
0.162076
0.161856
0.162110
0.161661
0.162129
0.169856
0.169497
0.165917
0.165917
0.165917
0.165917
0.165917
0.165917
0.165917
0.165917
0.165917
0.165917
0.165917
0.165917
0.165917
0.165917
0.165917
0.165917
0.165917
0.165917
0.165917
0.165917
0.165917
0.165917
0.165917
0.165917
0.260738
