0.009754
0.009719
0.009479
0.009554
0.009487
0.009362
0.009399
0.009433
0.009475
0.009306
0.009151
0.009358
0.009200
0.009136
0.009181
0.008766
0.008766
0.008830
0.008823
0.008936
0.009035
0.009230
0.009209
0.009653
0.009726
0.009946
0.010835
0.011318
0.011449
0.011276
0.011391
0.011673
0.011682
0.011662
0.011089
0.011618
0.012125
0.012087
0.012184
0.012182
0.012466
0.012330
0.012415
0.012393
0.012136
0.012533
0.012611
0.012344
0.012635
0.012150
0.012070
0.011933
0.011653
0.011727
0.011485
0.011361
0.011402
0.011058
0.010908
0.010834
0.011225
0.011172
0.011397
0.011564
0.011917
0.011628
0.011273
0.011439
0.010852
0.011068
0.010708
0.011317
0.011927
0.013906
0.013317
0.013538
0.013975
0.013639
0.014237
0.013528
0.013908
0.013724
0.013629
0.013502
0.013656
0.013568
0.013809
0.014025
0.014054
0.014169
0.014123
0.014483
0.014471
0.014597
0.014476
0.014216
0.013945
0.013751
0.013970
0.014046
0.013538
0.013518
0.013462
0.013678
0.013484
0.013109
0.012956
0.012881
0.013639
0.011871
0.011985
0.011371
0.011098
0.011092
0.011226
0.010777
0.010743
0.011111
0.011213
0.011126
0.011336
0.011101
0.011510
0.011240
0.011328
0.011774
0.011664
0.012368
0.012203
0.011340
0.011339
0.011735
0.012073
0.012341
0.011345
0.010565
0.010372
0.010133
0.010877
0.010806
0.011249
0.011244
0.010933
0.010959
0.010836
0.010827
0.011159
0.011446
0.011332
0.011339
0.011383
0.011780
0.011626
0.011575
0.010827
0.010698
0.010845
0.010525
0.010711
0.010777
0.010823
0.010872
0.010884
0.010727
0.010574
0.009993
0.009848
0.009867
0.009892
0.009940
0.009926
0.009798
0.009702
0.009715
0.009701
0.009825
0.010147
0.010057
0.010211
0.010589
0.011134
0.011136
0.011724
0.012164
0.013126
0.013441
0.014007
0.014023
0.014138
0.014102
0.014151
0.014285
0.014276
0.013975
0.013828
0.013604
0.013192
0.013140
0.011968
0.011406
0.011032
0.010583
0.010031
0.009934
0.009858
0.010042
0.009989
0.009796
0.010050
0.010013
0.009926
0.009913
0.009793
0.009886
0.010150
0.010090
0.010042
0.010016
0.009991
0.009928
0.009794
0.009817
0.009784
0.009811
0.009844
0.009976
0.009908
0.009960
0.009890
0.009729
0.009528
0.009477
0.009389
0.009303
0.009079
0.009076
0.008994
0.009060
0.008921
0.008744
0.008630
0.008751
0.008654
0.008633
0.008635
0.008458
0.008508
0.008360
0.008308
0.008767
0.008504
0.008469
0.008355
0.008220
0.008281
0.008220
0.008165
0.007919
0.007913
0.007772
0.007757
0.007801
0.007941
0.007934
0.007580
0.007548
0.007413
0.007467
0.007360
0.007189
0.007071
0.007064
0.006869
0.006786
0.006657
0.006495
0.006449
0.006452
0.006371
0.006214
0.006169
0.006135
0.006129
0.006079
0.006088
0.006118
0.006080
0.006072
0.006099
0.006160
0.006209
0.006224
0.006054
0.006257
0.006251
0.006553
0.006731
0.006456
0.005964
0.005932
0.005793
0.006070
0.005698
0.005680
0.005718
0.005720
0.005766
0.005635
0.005489
0.005362
0.005501
0.005423
0.005393
0.005268
0.005774
0.005594
0.005398
0.005239
0.005100
0.004813
0.004570
0.004366
0.004150
0.003989
0.003786
0.003645
0.003447
0.003314
0.003170
0.002640
0.001970
0.001615
0.001365
0.001201
0.001020
0.000945
0.000593
0.000214
0.000000
0.000231
0.000572
0.000758
0.001157
0.001468
0.001920
0.002220
0.002684
0.003085
0.003220
0.003227
0.003136
0.003266
0.003487
0.003359
0.003487
0.003933
0.004028
0.003986
0.004002
0.003944
0.004006
0.004085
0.004251
0.004497
0.004628
0.004763
0.004865
0.005094
0.005248
0.005344
0.005446
0.005840
0.005979
0.006124
0.006330
0.006501
0.007042
0.007248
0.007069
0.006810
0.007099
0.007089
0.006799
0.006808
0.007104
0.007098
0.007184
0.007189
0.007230
0.007377
0.007334
0.007422
0.007439
0.007528
0.007343
0.007632
0.007477
0.007516
0.007460
0.007481
0.007380
0.007469
0.007797
0.007971
0.007849
0.007831
0.007575
0.007755
0.007911
0.007854
0.007952
0.007836
0.008312
0.008104
0.008277
0.008460
0.008431
0.008434
0.008319
0.008511
0.008457
0.008479
0.008492
0.008503
0.008814
0.008785
0.008795
0.008981
0.008989
0.008841
0.008712
0.008681
0.008667
0.008512
0.008624
0.008621
0.008538
0.008754
0.008704
0.008689
0.008695
0.008673
0.008571
0.008566
0.008538
0.008621
0.008767
0.008820
0.008844
0.008714
0.008429
0.008317
0.008029
0.008443
0.008520
0.008456
0.008271
0.008283
0.008457
0.008365
0.008337
0.008281
0.008258
0.008240
0.008260
0.008324
0.008294
0.008188
0.008300
0.008249
0.008202
0.008217
0.008139
0.008104
0.008102
0.153191
0.146849
0.154127
0.076015
0.077714
0.080568
0.151945
0.162313
0.086211
0.089123
0.077693
0.158305
0.160274
0.157126
0.155888
0.155538
0.154453
0.152055
0.152791
0.151174
0.151271
0.151341
0.149982
0.152507
0.081127
0.155035
0.155960
0.155536
0.160056
0.159465
0.159378
0.160892
0.167723
0.162578
0.166910
0.161507
0.158572
0.153874
0.142291
0.151203
0.139864
0.141603
0.143530
0.146846
0.146574
0.143343
0.139730
0.145831
0.143071
0.152526
0.153026
0.153700
0.141448
0.144440
0.147351
0.147128
0.139699
0.145149
0.139841
0.151890
0.098703
0.137867
0.128033
0.137562
0.151991
0.148698
0.147422
0.132416
0.131675
0.132417
0.146602
0.131997
0.130801
0.131035
0.132934
0.131664
0.131947
0.130460
0.144032
0.144427
0.132071
0.145625
0.131381
0.130631
0.131416
0.130230
0.130221
0.144160
0.146195
0.144003
0.142610
0.129418
0.142704
0.129779
0.142406
0.143476
0.141044
0.138785
0.142917
0.139321
0.139573
0.134742
0.136093
0.124828
0.127504
0.148590
0.148976
0.145952
0.145161
0.142033
0.141767
0.144662
0.140565
0.117721
0.116776
0.150184
0.123148
0.116502
0.118773
0.119875
0.114019
0.113053
0.149453
0.142653
0.132316
0.144793
0.142000
0.107175
0.082851
0.075198
0.069576
0.067596
0.078186
0.084747
0.081068
0.092090
0.096133
0.096199
0.086414
0.094060
0.091872
0.102629
0.103778
0.095244
0.107051
0.127531
0.130721
0.126404
0.124683
0.129681
0.129801
0.125447
0.137168
0.134279
0.096085
0.086923
0.081551
0.076218
0.075375
0.078558
0.087790
0.085265
0.083025
0.082525
0.077279
0.080859
0.080023
0.085134
0.082194
0.083653
0.080434
0.079012
0.075299
0.082464
0.077117
0.077023
0.095702
0.100048
0.089185
0.088934
0.065087
0.067185
0.088211
0.089554
0.061298
0.065591
0.066408
0.066138
0.068607
0.064605
0.062820
0.067282
0.068700
0.104986
0.106414
0.103823
0.077020
0.142356
0.142511
0.149026
0.145029
0.144545
0.149058
0.141675
0.145446
0.144839
0.144958
0.144182
0.144181
0.143856
0.145128
0.141837
0.141032
0.145409
0.141756
0.145491
0.148277
0.148903
0.148089
0.149536
0.088241
0.088664
0.148388
0.081642
0.140273
0.139866
0.144727
0.141118
0.144347
0.147690
0.148692
0.147830
0.147293
0.146592
0.145534
0.145683
0.148449
0.146871
0.149735
0.147837
0.146545
0.149102
0.146904
0.147191
0.145709
0.146202
0.146705
0.145406
0.143290
0.149118
0.148609
0.144034
0.145214
0.145783
0.140202
0.149982
0.144384
0.138579
0.146146
0.144238
0.141204
0.140702
0.148142
0.144476
0.146536
0.096279
0.068869
0.153617
0.153219
0.158589
0.156372
0.153577
0.153207
0.082921
0.073527
0.077315
0.076333
0.148406
0.142241
0.139977
0.140527
0.137222
0.147555
0.147725
0.150432
0.143263
0.144315
0.146836
0.150579
0.146210
0.150298
0.151209
0.147013
0.150886
0.149909
0.148065
0.148263
0.146758
0.148250
0.152563
0.150558
0.146776
0.147991
0.146787
0.152580
0.136858
0.145895
0.147708
0.147129
0.146255
0.144405
0.145172
0.150090
0.139698
0.148511
0.149833
0.150619
0.147328
0.145812
0.138565
0.143719
0.141715
0.142028
0.141839
0.142505
0.140998
0.141305
0.140928
0.142789
0.139462
0.146716
0.143129
0.149106
0.150305
0.146141
0.146196
0.146987
0.146497
0.145721
0.144463
0.151162
0.151628
0.147039
0.147010
0.146104
0.148086
0.148154
0.147247
0.149818
0.145974
0.145931
0.146669
0.147904
0.147459
0.147711
0.147599
0.148075
0.150788
0.146173
0.146141
0.147060
0.147126
0.147626
0.146698
0.147324
0.147389
0.147868
0.147142
0.147877
0.148747
0.148272
0.147870
0.148947
0.148571
0.151493
0.147986
0.152104
0.151766
0.152731
0.151659
0.147184
0.145668
0.145295
0.147285
0.145565
0.147798
0.143400
0.152997
0.141191
0.151990
0.147495
0.153890
0.151161
0.147256
0.155015
0.143772
0.140082
0.141858
0.142464
0.142921
0.143764
0.144044
0.080237
0.157628
0.145470
0.145962
0.160141
0.159065
0.160881
0.159141
0.161647
0.161394
0.159889
0.160869
0.162336
0.160601
0.160197
0.158334
0.143998
0.141636
0.140768
0.140396
0.142505
0.141267
0.142004
0.147094
0.147791
0.143730
0.139214
0.151849
0.142207
0.143013
0.140592
0.140672
0.139723
0.080585
0.104302
0.086791
0.087233
0.132744
0.148170
0.149112
0.148784
0.149485
0.149385
0.148174
0.150860
0.149539
0.148368
0.152277
0.148882
0.138166
0.147303
0.147638
0.147715
0.148226
0.146601
0.147478
0.148178
0.153978
0.145901
0.147938
0.149050
0.153929
0.148752
0.153353
0.155127
0.147772
0.149567
0.152342
0.149831
0.148890
0.079147
0.142565
0.141207
0.148732
0.067112
0.086203
0.070646
0.070564
0.148787
0.073275
0.071754
0.075327
0.101849
0.106742
0.097741
0.148395
0.148369
0.149411
0.148361
0.147673
0.148382
0.145753
0.149935
0.144060
0.143887
0.153241
0.145466
0.144480
0.144787
0.144712
0.144702
0.143907
0.144517
0.144834
0.144840
0.145534
0.144377
0.143945
0.144489
0.060284
0.060258
0.060520
0.055332
0.055481
0.056366
0.057072
0.060316
0.056870
0.057847
0.058697
0.059762
0.058883
0.058406
0.059431
0.058016
0.057291
0.057595
0.057944
0.057508
0.058257
0.058070
0.057282
0.056833
0.058949
0.057271
0.057437
0.058550
0.058210
0.057530
0.058348
0.058478
0.058594
0.059976
0.061516
0.063134
0.061039
0.061895
0.060424
0.059149
0.059010
0.059997
0.062236
0.063066
0.053415
0.052469
0.053145
0.053205
0.053280
0.061271
0.060966
0.062064
0.061327
0.059788
0.061143
0.057578
0.056807
0.057270
0.059154
0.062781
0.062109
0.062438
0.058873
0.058334
0.058436
0.057527
0.057738
0.058064
0.058192
0.058193
0.053021
0.052933
0.058495
0.057557
0.055215
0.055563
0.052943
0.054878
0.055026
0.054803
0.056426
0.053906
0.052529
0.052353
0.059655
0.058311
0.059975
0.058615
0.058014
0.058177
0.057229
0.055868
0.057030
0.056559
0.054605
0.053688
0.054601
0.054303
0.054643
0.054319
0.053917
0.054278
0.052792
0.053095
0.057849
0.057379
0.057580
0.057881
0.057857
0.051100
0.052302
0.052128
0.052947
0.052359
0.054921
0.053464
0.054543
0.054460
0.052433
0.051889
0.051909
0.051920
0.052315
0.052078
0.051627
0.056159
0.055442
0.052369
0.052176
0.049608
0.051332
0.051059
0.050969
0.054654
0.053098
0.053524
0.052329
0.054700
0.055020
0.056049
0.052098
0.052346
0.050768
0.051470
0.052133
0.052247
0.050796
0.051357
0.054096
0.054486
0.053158
0.054036
0.055710
0.055285
0.053052
0.056900
0.052374
0.051111
0.053176
0.053094
0.052440
0.051377
0.050617
0.052355
0.050567
0.049522
0.049885
0.050228
0.051186
0.053155
0.053303
0.053254
0.053978
0.051617
0.052321
0.052001
0.053715
0.052357
0.052759
0.053103
0.054798
0.053182
0.052776
0.053099
0.053194
0.053734
0.053709
0.053060
0.053079
0.052329
0.052791
0.051579
0.053548
0.053538
0.053877
0.137825
0.136859
0.137502
0.138567
0.136211
0.134073
0.136522
0.134767
0.133739
0.135220
0.134159
0.145713
0.140032
0.134240
0.134528
0.129778
0.127475
0.129704
0.127258
0.125876
0.124948
0.120344
0.123121
0.121147
0.123032
0.125370
0.124431
0.116765
0.126308
0.122768
0.121588
0.120787
0.119698
0.118814
0.130962
0.131664
0.132680
0.123074
0.125073
0.124344
0.126740
0.125290
0.121638
0.120653
0.104162
0.123938
0.124051
0.121652
0.110354
0.092640
0.113966
0.123539
0.123444
0.117227
0.128708
0.129466
0.130945
0.131593
0.131399
0.117173
0.105028
0.126477
0.126590
0.125521
0.134078
0.132202
0.131065
0.129053
0.113362
0.108528
0.122429
0.121028
0.118546
0.115556
0.103351
0.101178
0.093607
0.090031
0.098947
0.098375
0.101141
0.100810
0.096290
0.109413
0.110893
0.085206
0.092868
0.092481
0.108556
0.105720
0.106955
0.105833
0.113301
0.099788
0.095568
0.096876
0.107041
0.099806
0.091735
0.100440
0.092141
0.092730
0.092907
0.092223
0.090540
0.090496
0.097879
0.084810
0.088020
0.084166
0.085199
0.087650
0.090434
0.089393
0.089767
0.090699
0.089787
0.087775
0.085229
0.087818
0.087987
0.087224
0.087160
0.095637
0.095269
0.095680
0.092110
0.094063
0.091530
0.095146
0.091459
0.093294
0.087095
0.092783
0.089827
0.090330
0.090882
0.090344
0.097890
0.091945
0.095429
0.100781
0.102668
0.102888
0.108380
0.117460
0.124299
0.115380
0.104304
0.102127
0.086522
0.089242
0.104512
0.101067
0.092010
0.095815
0.098885
0.098707
0.098068
0.100124
0.100040
0.101587
0.101869
0.100038
0.100272
0.100005
0.099462
0.098980
0.098763
0.097677
0.098146
0.098081
0.099505
0.100452
0.100940
0.100093
0.100062
0.098449
0.098862
0.099417
0.098748
0.099369
0.099336
0.099502
0.100160
0.100217
0.100326
0.099992
0.100163
0.100075
0.099571
0.101071
0.100513
0.100304
0.101567
0.101345
0.101299
0.101040
0.099723
0.100701
0.099803
0.100088
0.100189
0.100374
0.100515
0.100365
0.099065
0.099389
0.098884
0.099073
0.097840
0.099806
0.098663
0.098564
0.100244
0.099392
0.099006
0.098872
0.098803
0.098864
0.100235
0.099249
0.102062
0.101540
0.101777
0.101287
0.102037
0.100259
0.098908
0.098545
0.098471
0.097972
0.097190
0.096951
0.096861
0.095859
0.098699
0.099441
0.100544
0.099381
0.099140
0.099450
0.098155
0.098871
0.098995
0.100215
0.098081
0.099695
0.099522
0.100673
0.100378
0.101062
0.102985
0.103197
0.101121
0.100944
0.103818
0.103625
0.104297
0.104098
0.104136
0.102086
0.101857
0.100489
0.101323
0.098968
0.100524
0.099314
0.099681
0.100915
0.101053
0.100858
0.101624
0.102030
0.103124
0.103616
0.102169
0.103239
0.101179
0.101265
0.102428
0.103096
0.100782
0.102196
0.101489
0.101939
0.101498
0.101426
0.100505
0.101319
0.101846
0.102090
0.101947
0.101864
0.100798
0.099512
0.099639
0.097987
0.101033
0.100623
0.101080
0.098608
0.107051
0.108872
0.103160
0.094600
0.093002
0.088803
0.090956
0.104745
0.106053
0.098801
0.105225
0.091151
0.102847
0.089729
0.090703
0.097578
0.106019
0.102611
0.101068
0.100228
0.097085
0.087880
0.087904
0.096993
0.100835
0.098001
0.096912
0.094906
0.087328
0.088056
0.099550
0.097969
0.095043
0.098301
0.103217
0.103502
0.099833
0.101509
0.101875
0.103272
0.102518
0.104637
0.103937
0.100550
0.101824
0.096236
0.100201
0.098130
0.098090
0.097270
0.097432
0.097237
0.097380
0.101324
0.101079
0.102189
0.101837
0.105860
0.104745
0.108102
0.102779
0.102914
0.101978
0.103475
0.106159
0.107354
0.106593
0.106757
0.106375
0.103200
0.101091
0.104371
0.105599
0.104583
0.101984
0.101684
0.101038
0.080224
0.082583
0.077770
0.080758
0.079589
0.080019
0.082626
0.083139
0.082546
0.082655
0.082804
0.082773
0.083173
0.081397
0.083329
0.082299
0.082751
0.082916
0.083273
0.082592
0.083142
0.082873
0.083257
0.083250
0.080834
0.081246
0.080428
0.079749
0.080616
0.082520
0.082222
0.080754
0.081312
0.083601
0.081007
0.080705
0.080729
0.080995
0.080557
0.080866
0.081568
0.081174
0.082514
0.083855
0.081995
0.083749
0.083749
0.083224
0.084069
0.083182
0.083498
0.083602
0.083158
0.083675
0.081432
0.083484
0.082790
0.082355
0.082073
0.082167
0.082232
0.082493
0.082521
0.083170
0.083242
0.082653
0.081497
0.081369
0.081415
0.083021
0.081393
0.081732
0.081423
0.081544
0.081581
0.080406
0.081829
0.081307
0.080901
0.081352
0.082653
0.082663
0.082844
0.082465
0.082686
0.082988
0.082934
0.082864
0.082907
0.083276
0.081607
0.083470
0.083696
0.083460
0.081508
0.083509
0.083524
0.083288
0.083258
0.081197
0.083298
0.083826
0.083764
0.083331
0.083331
0.083418
0.083345
0.083484
0.083393
0.083391
0.083454
0.119177
0.122965
0.122850
0.122730
0.123759
0.119380
0.119689
0.119321
0.119395
0.118057
0.119353
0.117231
0.119022
0.118435
0.118615
0.118279
0.118623
0.119152
0.117836
0.117549
0.117100
0.116657
0.118352
0.117744
0.118044
0.117589
0.118736
0.118827
0.118800
0.118591
0.117875
0.118199
0.122223
0.123593
0.122585
0.118433
0.118044
0.118571
0.121881
0.122075
0.118580
0.119255
0.118560
0.118838
0.118659
0.123383
0.122966
0.118634
0.118931
0.118353
0.123827
0.122229
0.121378
0.123027
0.118262
0.118654
0.118086
0.122231
0.117631
0.118453
0.121694
0.118045
0.118162
0.122193
0.122079
0.122456
0.122370
0.122023
0.117916
0.121930
0.118353
0.122204
0.118199
0.118061
0.122582
0.118603
0.121539
0.121952
0.117711
0.122470
0.117872
0.117812
0.122152
0.121895
0.117819
0.117911
0.118241
0.118326
0.118141
0.117774
0.118106
0.118606
0.117855
0.122012
0.117666
0.118100
0.122236
0.122555
0.122377
0.081357
0.077708
0.079040
0.078758
0.078281
0.078603
0.078836
0.079893
0.079248
0.080646
0.079680
0.078064
0.078239
0.078406
0.079236
0.081112
0.077193
0.076692
0.077302
0.078961
0.077059
0.079653
0.076549
0.078820
0.076160
0.080547
0.081170
0.080716
0.081028
0.081883
0.081428
0.081857
0.080270
0.080256
0.079068
0.079641
0.078885
0.079488
0.079912
0.079937
0.078302
0.080192
0.082367
0.080698
0.077248
0.080835
0.080833
0.084435
0.083841
0.081926
0.082182
0.081109
0.082618
0.078646
0.082326
0.074107
0.084801
0.085853
0.088497
0.086833
0.086772
0.090497
0.090119
0.078282
0.088364
0.088433
0.085106
0.087413
0.088333
0.082122
0.083538
0.087502
0.081048
0.079971
0.084962
0.071517
0.084919
0.083182
0.073120
0.088590
0.080842
0.083659
0.073242
0.075375
0.078330
0.082063
0.078436
0.078489
0.081395
0.081122
0.077655
0.080799
0.084765
0.082576
0.082592
0.084192
0.081613
0.083497
0.080344
0.081024
0.075256
0.076854
0.077001
0.076464
0.075645
0.074757
0.075198
0.074505
0.078538
0.079141
0.079373
0.080412
0.079593
0.080761
0.081094
0.081096
0.080470
0.078205
0.081134
0.081967
0.082946
0.082834
0.080167
0.082780
0.081083
0.083027
0.085147
0.085474
0.086656
0.088603
0.087825
0.089037
0.088051
0.085486
0.081998
0.080487
0.085218
0.083892
0.085542
0.087644
0.087159
0.086184
0.087190
0.084555
0.080437
0.082450
0.084463
0.080615
0.079834
0.077857
0.072405
0.073295
0.076893
0.075215
0.076261
0.072411
0.073950
0.073953
0.074196
0.077047
0.074958
0.075008
0.074515
0.075992
0.067874
0.064294
0.071882
0.070537
0.049775
0.050386
0.050742
0.049121
0.033473
0.035514
0.039780
0.037543
0.034601
0.036028
0.037266
0.039788
0.035086
0.036053
0.035034
0.036315
0.032102
0.025094
0.024939
0.025051
0.024388
0.024836
0.024077
0.023949
0.024359
0.023074
0.024448
0.023841
0.023810
0.024024
0.022874
0.023892
0.024150
0.024356
0.023538
0.023182
0.021872
0.021127
0.021432
0.019382
0.019816
0.017638
0.016409
0.020640
0.021050
0.021423
0.019813
0.018375
0.017260
0.016605
0.015258
0.014452
0.013366
0.013416
0.013592
0.013796
0.013187
0.013780
0.013471
0.013423
0.013217
0.012640
0.013464
0.013005
0.013927
0.014695
0.013629
0.013594
0.013763
0.013802
0.013548
0.014441
0.015271
0.016059
0.016495
0.016570
0.014864
0.014711
0.015929
0.015751
0.015076
0.016046
0.015591
0.015787
0.016027
0.016108
0.016235
0.017308
0.017797
0.018509
0.018616
0.018898
0.018066
0.125302
0.130313
0.127439
0.120440
0.120953
0.121603
0.121625
0.130193
0.123265
0.124404
0.125072
0.122701
0.121055
0.125412
0.121794
0.124497
0.127943
0.123677
0.124169
0.127382
0.121312
0.125769
0.143503
0.131959
0.124093
0.127695
0.129363
0.130753
0.127737
0.131011
0.133538
0.127416
0.118630
0.126291
0.128932
0.112838
0.120855
0.129194
0.128891
0.128806
0.128623
0.120025
0.130949
0.125073
0.126061
0.127474
0.127412
0.125256
0.128025
0.125798
0.126307
0.126622
0.122575
0.122348
0.131042
0.146310
0.144340
0.146618
0.125283
0.123695
0.125896
0.124801
0.128191
0.126407
0.123817
0.125879
0.126690
0.125436
0.125259
0.127432
0.123281
0.126885
0.120970
0.123412
0.125761
0.123871
0.125939
0.136716
0.131871
0.145247
0.148093
0.142594
0.146033
0.147198
0.147230
0.133881
0.135423
0.135019
0.131371
0.132849
0.128102
0.129411
0.119906
0.128598
0.130108
0.129901
0.119913
0.119234
0.123967
0.119936
0.129592
0.130290
0.132667
0.132540
0.128861
0.131329
0.128085
0.128711
0.126525
0.124226
0.131306
0.125221
0.133286
0.131234
0.124428
0.124083
0.129654
0.123690
0.119305
0.117696
0.124495
0.124889
0.119460
0.121247
0.116162
0.118383
0.118479
0.117905
0.121228
0.118521
0.117600
0.117728
0.119277
0.119855
0.118886
0.117550
0.116559
0.120324
0.119104
0.120300
0.119406
0.117153
0.115623
0.117044
0.116944
0.114212
0.113458
0.138464
0.123554
0.122953
0.110934
0.111434
0.109130
0.111919
0.113952
0.116527
0.113825
0.113865
0.121165
0.122478
0.121930
0.119793
0.120207
0.123275
0.123651
0.121262
0.120843
0.120101
0.119268
0.120924
0.128991
0.129156
0.129029
0.128650
0.129444
0.123696
0.124003
0.123434
0.130417
0.130448
0.135736
0.141787
0.144088
0.138249
0.125858
0.128722
0.129963
0.128969
0.137207
0.129666
0.136896
0.121225
0.117209
0.118328
0.118171
0.107334
0.107296
0.116433
0.112192
0.113274
0.113875
0.113538
0.108079
0.109246
0.097178
0.096118
0.095253
0.089169
0.087539
0.089513
0.089686
0.114150
