0.188593
0.185679
0.183665
0.178806
0.179986
0.178592
0.171765
0.172660
0.166758
0.168942
0.145261
0.102426
0.199244
0.121280
0.239934
0.293083
0.311666
0.359754
0.392754
0.304453
0.313432
0.145668
0.132451
0.123537
0.133318
0.131598
0.139291
0.135338
0.141467
0.149486
0.150288
0.148989
0.150779
0.147787
0.113709
0.146870
0.147610
0.151200
0.149925
0.153897
0.157959
0.154422
0.147335
0.142830
0.143023
0.143371
0.135999
0.132325
0.140410
0.135121
0.130936
0.132993
0.130588
0.133257
0.129296
0.127902
0.133097
0.132529
0.138336
0.134571
0.144882
0.139550
0.148056
0.145795
0.142742
0.151416
0.140970
0.150416
0.150116
0.145364
0.147448
0.153897
0.145019
0.145897
0.145468
0.154088
0.143987
0.131346
0.122879
0.123704
0.131472
0.123581
0.118920
0.138124
0.506322
0.413777
0.429377
0.184035
0.097572
0.086992
0.099171
0.098525
0.093689
0.106438
0.104553
0.109565
0.110715
0.121353
0.122710
0.123355
0.126015
0.111869
0.112911
0.112487
0.112134
0.115539
0.112669
0.112867
0.114386
0.114679
0.107487
0.105469
0.107818
0.111989
0.110365
0.110820
0.109128
0.112124
0.111426
0.111422
0.113202
0.113031
0.112247
0.114020
0.119290
0.118062
0.108276
0.116466
0.114178
0.111727
0.112500
0.112258
0.111994
0.111591
0.113622
0.119661
0.114899
0.114156
0.107058
0.107465
0.107151
0.115908
0.110846
0.115611
0.118583
0.114842
0.109272
0.124157
0.128547
0.120494
0.119715
0.116802
0.145487
0.146395
0.135785
0.163147
0.140047
0.137429
0.142743
0.140466
0.161140
0.144951
0.146142
0.143845
0.146575
0.148428
0.150275
0.149587
0.144890
0.143848
0.144538
0.145449
0.145469
0.143296
0.144089
0.143261
0.141712
0.143691
0.144271
0.138685
0.142248
0.149652
0.137955
0.136466
0.138089
0.137262
0.140119
0.138108
0.134467
0.147604
0.137424
0.140487
0.140687
0.139224
0.138791
0.140458
0.139780
0.145704
0.141884
0.139947
0.136234
0.140386
0.136785
0.136873
0.124937
0.126697
0.106958
0.103086
0.102557
0.099569
0.111388
0.106112
0.135459
0.183643
0.177930
0.175193
0.149506
0.176760
0.179552
0.180555
0.171477
0.171624
0.186699
0.184708
0.156456
0.153171
0.163236
0.162015
0.184196
0.184414
0.183748
0.183864
0.183692
0.183816
0.184906
0.171841
0.179585
0.166904
0.150003
0.182508
0.148240
0.172441
0.174490
0.174742
0.170199
0.147890
0.147292
0.147079
0.148309
0.150331
0.145994
0.248394
0.138941
0.140294
0.141642
0.141642
0.142625
0.139914
0.139483
0.140612
0.145585
0.142692
0.268500
0.139580
0.140046
0.144025
0.145909
0.182761
0.150736
0.160542
0.168998
0.179156
0.186615
0.201500
0.205800
0.216229
0.218360
0.231541
0.231589
0.230493
0.233925
0.232584
0.230785
0.233067
0.230535
0.236342
0.228052
0.232785
0.260688
0.222250
0.214352
0.209665
0.285783
0.131242
0.290643
0.203114
0.331220
0.123332
0.271033
0.122130
0.116170
0.219714
0.162218
0.132221
0.139497
0.141655
0.143620
0.143343
0.135977
0.143337
0.142545
0.172740
0.170111
0.235197
0.125842
0.127838
0.207056
0.132647
0.134455
0.143341
0.156985
0.141814
0.144606
0.145724
0.146348
0.199047
0.152507
0.147922
0.239005
0.148399
0.195092
0.286176
0.142107
0.197616
0.150948
0.177430
0.162829
0.297112
0.290243
0.148453
0.163832
0.197309
0.185422
0.169637
0.154904
0.148131
0.294591
0.186755
0.250187
0.184259
0.144125
0.159135
0.173506
0.137017
0.290991
0.133866
0.148439
0.133448
0.130305
0.197798
0.309866
0.135285
0.136176
0.260765
0.207299
0.136341
0.217961
0.148540
0.273893
0.145980
0.254507
0.263843
0.144206
0.220339
0.130991
0.163363
0.241580
0.217501
0.249929
0.161293
0.139306
0.160330
0.244864
0.128981
0.128476
0.137624
0.138877
0.164649
0.133022
0.195828
0.142012
0.135116
0.152776
0.152180
0.154521
0.162593
0.248118
0.273511
0.143134
0.251674
0.281204
0.137062
0.317484
0.132852
0.135550
0.210477
0.143160
0.237314
0.306392
0.249620
0.290569
0.251006
0.160959
0.183417
0.208375
0.154186
0.163310
0.177426
0.168959
0.168814
0.164937
0.178862
0.175590
0.151635
0.144294
0.152750
0.152730
0.140946
0.133099
0.122427
0.124395
0.122199
0.122299
0.116616
0.128338
0.120505
0.113617
0.121766
0.122051
0.119366
0.117657
0.133099
0.134431
0.136438
0.135721
0.135365
0.130935
0.132195
0.114406
0.112917
0.112645
0.114454
0.112943
0.115549
0.113611
0.116317
0.119635
0.116848
0.118036
0.118440
0.118761
0.130281
0.119232
0.118868
0.129152
0.130151
0.129607
0.131371
0.131523
0.130534
0.137363
0.136330
0.154076
0.173205
0.182653
0.179348
0.186320
0.159530
0.158618
0.230555
0.205374
0.181417
0.200211
0.166812
0.200771
0.155978
0.173109
0.208369
0.184824
0.181559
0.159223
0.180892
0.185618
0.179294
0.149625
0.150166
0.149736
0.182095
0.165858
0.152081
0.174430
0.149059
0.174281
0.173239
0.173736
0.182595
0.176609
0.169417
0.135384
0.111600
0.143978
0.114052
0.114875
0.110402
0.110656
0.172420
0.123466
0.145253
0.162074
0.132659
0.146285
0.146313
0.171171
0.176714
0.171723
0.170198
0.170735
0.171511
0.171910
0.172650
0.139285
0.177173
0.151741
0.145590
0.144852
0.148677
0.144284
0.144034
0.145384
0.172714
0.184807
0.150703
0.153146
0.129595
0.126944
0.128717
0.169634
0.115955
0.114254
0.115723
0.124632
0.121996
0.122918
0.106686
0.122464
0.108961
0.112686
0.111712
0.112584
0.113080
0.113237
0.115490
0.121126
0.117601
0.112827
0.113754
0.116875
0.120324
0.115818
0.099167
0.121259
0.121175
0.099991
0.121031
0.111659
0.110492
0.105656
0.104915
0.114542
0.116142
0.112929
0.119232
0.114842
0.099606
0.098191
0.097302
0.098624
0.116079
0.097645
0.123006
0.094142
0.096332
0.094293
0.120731
0.118966
0.119314
0.115833
0.118249
0.093734
0.101270
0.095927
0.096849
0.146739
0.147009
0.133218
0.132881
0.163233
0.166870
0.153676
0.159554
0.159731
0.150404
0.161812
0.191895
0.162027
0.154722
0.156168
0.165190
0.146585
0.160928
0.157326
0.159351
0.152171
0.144199
0.365865
0.183458
0.178443
0.188233
0.178225
0.188374
0.410876
0.179200
0.190209
0.385208
0.183273
0.190604
0.189742
0.190708
0.189397
0.190046
0.312270
0.245485
0.189215
0.329528
0.179608
0.192633
0.188564
0.177874
0.191868
0.355379
0.166889
0.194438
0.180745
0.202991
0.205791
0.209233
0.209531
0.194080
0.186274
0.186273
0.193019
0.191139
0.313869
0.201408
0.200971
0.199159
0.180279
0.195491
0.255496
0.323040
0.393423
0.175945
0.171315
0.171319
0.353469
0.231550
0.370870
0.419489
0.352176
0.168420
0.169855
0.172518
0.241085
0.416833
0.366665
0.344386
0.156791
0.179882
0.171432
0.368660
0.148303
0.286523
0.214106
0.217289
0.188767
0.180324
0.134150
0.119284
0.118441
0.123826
0.121371
0.118437
0.118462
0.118407
0.116453
0.117870
0.117993
0.118383
0.119771
0.122368
0.119443
0.111621
0.121731
0.120914
0.112700
0.117392
0.118392
0.119082
0.132179
0.115504
0.115499
0.117719
0.103060
0.115971
0.119135
0.112514
0.143186
0.121493
0.118867
0.120885
0.130058
0.148318
0.119421
0.129850
0.153103
0.147990
0.156688
0.148631
0.145719
0.139713
0.132518
0.149163
0.147482
0.142964
0.140267
0.130513
0.167017
0.187626
0.139740
0.133348
0.127768
0.179956
0.131464
0.163809
0.175570
0.170033
0.172865
0.170659
0.167501
0.165915
0.166659
0.180264
0.164797
0.164858
0.165754
0.170177
0.172125
0.171705
0.175099
0.171478
0.172875
0.165258
0.187470
0.144593
0.148279
0.147860
0.099703
0.135853
0.108663
0.099928
0.104705
0.099959
0.106364
0.132676
0.110000
0.165225
0.108118
0.101441
0.114473
0.128509
0.105455
0.104698
0.123590
0.125873
0.110646
0.132261
0.120242
0.112647
0.114026
0.116640
0.112836
0.097807
0.117956
0.150637
0.151268
0.110471
0.110346
0.110146
0.115758
0.094941
0.161021
0.130443
0.126929
0.092215
0.087739
0.112766
0.114416
0.130716
0.118011
0.120487
0.119077
0.121060
0.120273
0.117399
0.119467
0.115208
0.117318
0.117121
0.096122
0.118165
0.095448
0.119580
0.120957
0.117607
0.129155
0.167227
0.110736
0.115902
0.138877
0.111550
0.098810
0.094390
0.095706
0.097060
0.109172
0.184582
0.185116
0.199724
0.143211
0.113561
0.116100
0.140487
0.168903
0.159845
0.134353
0.122064
0.163257
0.138561
0.117198
0.121207
0.115237
0.211724
0.229324
0.349885
0.506523
0.342150
0.227459
0.155046
0.129931
0.133139
0.126966
0.130208
0.130894
0.132825
0.132464
0.132456
0.132248
0.131279
0.131340
0.143177
0.137080
0.136104
0.135616
0.135915
0.136969
0.134841
0.135923
0.138139
0.136015
0.137498
0.136151
0.135834
0.136873
0.136971
0.137434
0.136095
0.135065
0.135064
0.135388
0.136276
0.135740
0.136615
0.135587
0.135534
0.136044
0.137625
0.136456
0.136551
0.136078
0.136900
0.134076
0.136595
0.134419
0.134450
0.134962
0.133938
0.133820
0.134041
0.134673
0.132935
0.134019
0.133855
0.136806
0.134430
0.136582
0.137695
0.138462
0.136939
0.135602
0.136631
0.138412
0.136486
0.138386
0.140148
0.140344
0.135995
0.135028
0.137096
0.136546
0.137924
0.138417
0.141703
0.141846
0.152078
0.139280
0.141886
0.140184
0.142134
0.141359
0.142880
0.142855
0.143267
0.144256
0.141699
0.147929
0.144664
0.144554
0.143609
0.146450
0.147236
0.152898
0.152709
0.145400
0.151964
0.143072
0.144980
0.150641
0.145099
0.142636
0.142830
0.148190
0.147829
0.149401
0.159770
0.239271
0.341094
0.503701
0.313805
0.189684
0.124241
0.119035
0.118764
0.143010
0.160007
0.116462
0.110763
0.120182
0.116371
0.148423
0.122027
0.123635
0.122757
0.104888
0.112450
0.115966
0.106865
0.120021
0.115777
0.175977
0.112881
0.122289
0.104885
0.095617
0.093597
0.096354
0.100430
0.103655
0.110166
0.105568
0.090817
0.088048
0.119355
0.124090
0.155836
0.111096
0.102796
0.109362
0.105282
0.106136
0.102893
0.101730
0.113171
0.127225
0.105607
0.135743
0.107278
0.110295
0.107755
0.134691
0.108120
0.175529
0.132664
0.110109
0.172302
0.127094
0.109177
0.109441
0.128393
0.105590
0.105710
0.130320
0.121698
0.135202
0.155182
0.105533
0.105742
0.106220
0.137663
0.116035
0.106456
0.110718
0.109415
0.117974
0.175513
0.112500
0.106774
0.106258
0.108184
0.119542
0.108852
0.114874
0.109932
0.113871
0.108699
0.112714
0.109349
0.106882
0.106478
0.108913
0.129854
0.116211
0.110062
0.113781
0.106677
0.108080
0.110503
0.115540
0.123759
0.119887
0.130953
0.122394
0.125835
0.154107
0.130342
0.136110
0.123328
0.118833
0.121206
0.117282
0.124248
0.121450
0.114696
0.109288
0.108009
0.108366
0.116800
0.115121
0.123513
0.117302
0.161109
0.182071
0.109352
0.170993
0.130077
0.108814
0.110147
0.106928
0.106767
0.127504
0.104387
0.110985
0.109468
0.110980
0.113123
0.118603
0.092878
0.094324
0.089257
0.083348
0.080150
0.080902
0.088797
0.090721
0.083301
0.083375
0.084171
0.090726
0.090001
0.097628
0.093500
0.095048
0.089834
0.097219
0.094597
0.091437
0.087204
0.087962
0.091508
0.091007
0.091581
0.089572
0.094210
0.084011
0.092734
0.084691
0.083672
0.082074
0.085009
0.086861
0.087954
0.090998
0.093275
0.087490
0.087368
0.089706
0.088955
0.092861
0.093356
0.092512
0.095032
0.097206
0.099471
0.104472
0.106436
0.103388
0.112447
0.106222
0.104570
0.100954
0.096372
0.102505
0.090368
0.096855
0.084142
0.087932
0.090201
0.095951
0.095168
0.097237
0.093342
0.089446
0.096081
0.099117
0.101504
0.094863
0.093035
0.092275
0.090576
0.086076
0.081009
0.086861
0.082845
0.084928
0.077729
0.081745
0.082179
0.080342
0.092405
0.094634
0.097206
0.090711
0.094809
0.093573
0.089253
0.082989
0.084596
0.082595
0.085726
0.084413
0.086154
0.087068
0.094167
0.098565
0.090213
0.109963
0.122467
0.106360
0.189612
0.170542
0.173968
0.183033
0.183455
0.172923
0.176973
0.179960
0.186254
0.186097
0.181287
0.176501
0.171808
0.176477
0.176514
0.176936
0.176784
0.176949
0.184386
0.167151
0.184408
0.181664
0.183994
0.186879
0.167732
0.167637
0.168636
0.163299
0.160658
0.153470
0.153094
0.162968
0.169055
0.161816
0.167372
0.165803
0.164927
0.168342
0.162531
0.164802
0.164293
0.165070
0.170521
0.166462
0.165399
0.165582
0.166293
0.175111
0.160017
0.169973
0.169648
0.142614
0.160005
0.143506
0.156867
0.157697
0.149880
0.148209
0.153316
0.164683
0.159969
0.157506
0.166794
0.172453
0.170397
0.174892
0.180185
0.189120
0.168870
0.165635
0.166005
0.164577
0.180626
0.170880
0.173717
0.173961
0.177517
0.182456
0.173177
0.176213
0.175964
0.176410
0.178271
0.173647
0.166590
0.169003
0.169576
0.170035
0.170101
0.172799
0.173596
0.174657
0.170266
0.163982
0.163845
0.168329
0.167644
0.170653
0.166922
0.160626
0.162323
0.168456
0.165256
0.149141
0.162399
0.162148
0.158088
0.161860
0.164532
0.165226
0.165685
0.162013
0.163504
0.167611
0.163753
0.163659
0.160445
0.164105
0.163211
0.163192
0.163125
0.162611
0.165780
0.020849
0.014705
0.032667
0.011697
0.009662
0.007923
0.060553
0.004081
0.001984
0.000000
0.001269
0.003450
0.004740
0.005603
0.005734
0.019080
0.006992
0.007162
0.007313
0.007758
0.010194
0.008031
0.008047
0.008036
0.021824
0.008110
0.008530
0.008600
0.008691
0.008958
0.009407
0.009428
0.019051
0.009037
0.008602
0.007734
0.008016
0.007557
0.007411
0.006498
0.006806
0.019108
0.014968
0.007352
0.007168
0.007749
0.007453
0.007332
0.019287
0.017142
0.008046
0.007569
0.019768
0.007798
0.008553
0.008118
0.022305
0.008209
0.008545
0.008695
0.015679
0.029923
0.009450
0.030419
0.011509
0.010912
0.011882
0.010026
0.010996
0.010240
0.010066
0.008545
0.009874
0.008823
0.009372
0.009018
0.009036
0.009346
0.033531
0.018643
0.014262
0.040175
0.008521
0.008049
0.009320
0.008909
0.008553
0.063967
0.009860
0.010309
0.010681
0.063557
0.010164
0.009467
0.008891
0.063135
0.007883
0.008071
0.007511
0.063405
0.008607
0.008123
0.010229
0.064472
0.011996
0.015294
0.019313
0.028536
0.021498
0.024569
0.035924
0.050437
0.030793
0.029910
0.031257
0.035275
0.034488
0.035284
0.066567
0.042551
0.041345
0.052208
0.075628
0.087807
0.043283
0.091443
0.061611
0.051115
0.056930
0.083831
0.054532
0.052900
0.057298
0.084694
0.081708
0.052848
0.066199
0.182344
0.048369
0.050252
0.046903
0.049764
0.062455
0.050307
0.050923
0.048442
0.049958
0.050544
0.046263
0.049523
0.038844
0.074543
0.062640
0.086929
0.084413
0.101342
0.106584
0.106944
0.115049
0.124796
0.163928
0.124889
0.125462
0.123388
0.121723
0.122107
0.120909
0.121551
0.121974
0.117931
0.121275
0.114136
0.113228
0.122862
0.169280
0.119357
0.117921
0.120657
0.120443
0.200445
0.124390
0.187256
0.124269
0.190695
0.253356
0.117124
0.111772
0.159251
0.130984
0.175438
0.185618
0.094219
0.098076
0.191678
0.098754
0.166035
0.137361
0.093870
0.169820
0.117418
0.115458
0.164472
0.161746
0.162923
0.135750
0.206593
0.122076
0.119609
0.222276
0.114451
0.178033
0.142826
0.201044
0.118488
0.106482
0.198148
0.301754
0.212719
0.122578
0.144796
0.137281
0.144944
0.142281
0.140081
0.149055
0.146723
0.146852
0.144481
0.139959
0.147803
0.148870
0.138908
0.140850
0.134761
0.133011
0.127143
0.119464
0.129591
0.121979
0.135182
0.130721
0.127519
0.128316
0.126154
0.126775
0.105793
0.124765
0.109652
0.125356
0.129026
0.117192
0.111601
0.129732
0.111196
0.113622
0.138376
0.136336
0.135091
0.128526
0.137544
0.122612
0.128972
0.135999
0.138473
0.140661
0.142520
0.137834
0.132131
0.132619
0.136184
0.139879
0.139591
0.136824
0.138821
0.137396
0.121580
0.112451
0.105553
0.124762
0.130490
0.129777
0.135056
0.141106
0.132050
0.144205
0.139831
0.147349
0.138086
0.140345
0.140947
0.143478
0.135372
0.137698
0.137658
0.138358
0.136882
0.135641
0.139695
0.137948
0.139061
0.138866
0.137230
0.131732
0.135903
0.136773
0.137806
0.129284
0.142543
0.140358
0.142887
0.137254
0.141248
0.148437
0.162289
0.158081
0.152798
0.142862
0.171279
0.151467
0.158094
0.163794
0.173403
0.163554
0.162150
0.157359
0.158214
0.173554
0.160239
0.162956
0.157612
0.157381
0.161710
0.165781
0.161586
0.154307
0.158995
0.157660
0.154871
0.156042
0.158486
0.159781
0.153543
0.149187
0.160948
0.140843
0.149859
0.145420
0.140152
0.139285
0.125767
0.129769
0.144610
0.131880
0.138938
0.131083
0.135864
0.131956
0.132589
0.135854
0.132385
0.136312
0.122273
0.130611
0.118914
0.142761
0.139870
0.130615
0.114546
0.114999
0.128470
0.132386
0.131753
0.126870
0.141621
0.141542
0.131071
0.128980
0.131091
0.136380
0.158697
0.128169
0.134916
0.139235
0.144337
0.134562
0.136010
0.147561
0.141713
0.146020
0.144770
0.130031
0.141599
0.138528
0.146647
0.147773
0.141896
0.132601
0.132722
0.125747
0.126672
0.126546
0.126363
0.129502
0.126757
0.127010
0.125576
0.126261
0.123786
0.123378
0.123198
0.128831
0.127942
0.144565
0.143405
0.144011
0.143888
0.147170
0.140228
0.142207
0.142207
0.139589
0.133808
0.130945
0.124195
0.127806
0.128109
0.127894
0.128378
0.127676
0.126902
0.125643
0.125577
0.121300
0.117296
0.123313
0.125486
0.120230
0.121574
0.120670
0.118600
0.123372
0.120043
0.123181
0.122076
0.123137
0.125229
0.125418
0.125787
0.124934
0.126453
0.122302
0.122685
0.122643
0.122859
0.122524
0.122308
0.123286
0.122724
0.122105
0.129037
0.128808
0.130358
0.129886
0.158240
0.155168
0.156662
0.153297
0.142474
0.169439
0.159881
0.301070
0.163055
0.156066
0.154475
0.194586
0.158478
0.154850
0.156412
0.158320
0.160700
0.159666
0.158736
0.159618
0.158154
0.219656
0.182718
0.163329
0.201146
0.175091
0.143029
0.142655
0.136310
0.152461
0.219345
0.134308
0.122601
0.185350
0.259417
0.223484
0.162570
0.160454
0.150891
0.130048
0.153575
0.236720
0.138457
0.196858
0.216727
0.144418
0.137103
0.135805
0.134956
0.136964
0.137456
0.136580
0.145576
0.149683
0.133981
0.145067
0.136356
0.131881
0.127820
0.130795
0.119771
0.138120
0.138315
0.131842
0.137417
0.137852
0.139888
0.134491
0.137999
0.192902
0.163885
0.133203
0.171497
0.136115
0.139510
0.143642
0.138765
0.137433
0.152782
0.168557
0.131302
0.149465
0.263318
0.502413
0.248525
0.114165
0.101899
0.098726
0.101993
0.100318
0.100664
0.104423
0.109837
0.105515
0.097905
0.110790
0.113676
0.120336
0.117954
0.121224
0.120011
0.117950
0.118144
0.117455
0.118626
0.110782
0.114501
0.115615
0.121692
0.116366
0.123190
0.127195
0.127681
0.136160
0.125998
0.122477
0.122597
0.123511
0.119785
0.118274
0.113987
0.113737
0.113998
0.106552
0.105398
0.104877
0.103345
0.089210
0.095876
0.086856
0.093437
0.096251
0.091432
0.085447
0.087176
0.088068
0.084997
0.086120
0.086466
0.085224
0.086579
0.085454
0.093107
0.089193
0.093990
0.092499
0.087088
0.093057
0.086560
0.085628
0.083978
0.087238
0.086032
0.084024
0.082994
0.092001
0.079500
0.088704
0.079394
0.087649
0.077255
0.091753
0.076965
0.079151
0.080328
0.078332
0.080422
0.077244
0.079169
0.080541
0.082632
0.078196
0.079201
0.080255
0.081792
0.080843
0.083111
0.083630
0.086379
0.085725
0.084814
0.087363
0.094924
0.098290
0.101899
0.095869
0.083108
0.078632
0.078783
0.114656
0.089243
0.097218
0.120221
0.098772
0.157366
0.086218
0.085433
0.083668
0.085999
0.084998
0.083314
0.092185
0.088372
0.092894
0.154009
0.086530
0.086503
0.084392
0.083628
0.081460
0.133580
0.079087
0.081638
0.099155
0.076622
0.079378
0.081796
0.079194
0.078298
0.073573
0.075987
0.077544
0.074204
0.074109
0.077537
0.075219
0.076661
0.069392
0.072973
0.074238
0.078279
0.073797
0.070546
0.067156
0.069361
0.063765
0.064470
0.103319
0.066117
0.064070
0.065344
0.070085
0.069418
0.068969
0.066129
0.129395
0.072958
0.082368
0.068022
0.065777
0.070038
0.067260
0.070154
0.086204
0.069103
0.071608
0.083216
0.077784
0.074531
0.081798
0.069813
0.069554
0.067509
0.057595
0.057266
0.060024
0.062761
0.066193
0.062208
0.090341
0.094636
0.059655
0.073728
0.057338
0.059639
0.062193
0.065379
0.092110
0.115797
0.169183
0.163033
0.168106
0.136407
0.130482
0.199554
0.149755
0.241985
0.274881
0.310975
0.357833
0.377609
0.327611
0.325260
0.140433
0.137255
0.127489
0.126570
0.135016
0.132586
0.132760
0.148916
0.155497
0.153840
0.152804
0.144619
0.149889
0.146943
0.144490
0.107545
0.104620
0.110662
0.151940
0.157492
0.156939
0.145622
0.149414
0.142638
0.143909
0.138709
0.138830
0.134808
0.133813
0.133067
0.135616
0.131808
0.131630
0.130412
0.131742
0.133215
0.130434
0.133605
0.145579
0.142181
0.148603
0.139095
0.141432
0.144222
0.142701
0.149307
0.151762
0.150601
0.146057
0.150112
0.146929
0.146910
0.146947
0.146321
0.139891
0.142123
0.139203
0.127402
0.134430
0.129952
0.124012
0.103511
0.134736
0.199786
0.468633
0.477848
0.186291
0.241369
0.056104
0.098751
0.112545
0.156585
0.158491
0.159534
0.159432
0.176212
0.185662
0.191426
0.197257
0.198832
0.199364
0.199495
0.171076
0.171390
0.171553
0.171574
0.171576
