0.061037
0.060368
0.186257
0.186534
0.081312
0.110670
0.174480
0.127905
0.129921
0.164801
0.167630
0.153818
0.157254
0.162145
0.128531
0.154260
0.181340
0.083576
0.093037
0.089666
0.118934
0.089021
0.123295
0.146711
0.137209
0.231392
0.215400
0.230486
0.263592
0.240937
0.236661
0.194823
0.175745
0.172911
0.173691
0.182278
0.211028
0.212418
0.191056
0.166617
0.107166
0.130726
0.083674
0.104459
0.084529
0.129257
0.179738
0.080473
0.067575
0.080608
0.148305
0.151105
0.131635
0.126877
0.146155
0.127108
0.100531
0.096909
0.104799
0.094533
0.091984
0.091514
0.083533
0.072889
0.083007
0.084918
0.083164
0.085361
0.109098
0.129655
0.075510
0.049435
0.065845
0.055735
0.052634
0.053412
0.077172
0.063887
0.056507
0.056137
0.053513
0.056824
0.076285
0.076707
0.076217
0.056203
0.057636
0.058844
0.057889
0.055990
0.055575
0.057089
0.075362
0.057973
0.057327
0.059161
0.053775
0.054650
0.054925
0.055085
0.055244
0.076893
0.061684
0.057539
0.056659
0.065910
0.056425
0.067297
0.066924
0.074766
0.073173
0.074204
0.075021
0.074580
0.076279
0.067100
0.075652
0.067059
0.067317
0.054243
0.056341
0.056913
0.056916
0.056692
0.056837
0.056526
0.056934
0.056941
0.054043
0.043311
0.042766
0.070249
0.052518
0.052506
0.062424
0.064383
0.093600
0.311007
0.302314
0.380025
0.114164
0.092152
0.092186
0.091864
0.091715
0.091125
0.093562
0.093476
0.093251
0.089272
0.093334
0.096084
0.096166
0.095700
0.090662
0.095277
0.095228
0.093697
0.094283
0.094732
0.093267
0.093800
0.093739
0.093861
0.093619
0.093353
0.093432
0.093758
0.094479
0.093619
0.096960
0.094124
0.092421
0.096180
0.094833
0.092118
0.096110
0.095257
0.093638
0.091650
0.095996
0.095918
0.090666
0.090929
0.092050
0.091682
0.091604
0.092300
0.095347
0.095965
0.095956
0.096320
0.092535
0.095545
0.095880
0.090354
0.095081
0.094873
0.094894
0.094783
0.094565
0.095508
0.095875
0.095339
0.089873
0.094335
0.091983
0.090890
0.090145
0.090002
0.090495
0.091079
0.090570
0.090342
0.089333
0.088894
0.090670
0.089653
0.092067
0.090304
0.090172
0.090489
0.091173
0.090420
0.090290
0.090517
0.089713
0.094272
0.090612
0.093802
0.090261
0.091261
0.094857
0.091595
0.089835
0.095811
0.088968
0.094087
0.089845
0.089375
0.090336
0.090242
0.090425
0.090157
0.094129
0.090596
0.090224
0.090636
0.090385
0.089908
0.090538
0.089542
0.089357
0.090914
0.090598
0.090563
0.090281
0.091606
0.090401
0.089552
0.089609
0.089993
0.090214
0.089674
0.089732
0.090056
0.090343
0.090228
0.090049
0.088737
0.089104
0.089402
0.089950
0.093377
0.089217
0.094002
0.090656
0.093234
0.093228
0.089283
0.093378
0.089752
0.090501
0.091050
0.090176
0.090802
0.094330
0.091268
0.093906
0.093583
0.093862
0.094680
0.093701
0.093589
0.090259
0.089817
0.089868
0.089792
0.090108
0.090058
0.089838
0.089733
0.089429
0.090412
0.089389
0.090579
0.089035
0.089726
0.089942
0.089950
0.089882
0.089400
0.089198
0.090095
0.090184
0.089729
0.089845
0.089801
0.089919
0.090310
0.091970
0.089018
0.089490
0.089130
0.090242
0.090828
0.089045
0.090810
0.091295
0.090670
0.094536
0.094316
0.092463
0.090799
0.082537
0.093506
0.095512
0.095197
0.093811
0.092645
0.094773
0.096301
0.092814
0.095423
0.092088
0.092122
0.092063
0.093170
0.091967
0.092038
0.093646
0.093205
0.093231
0.093470
0.094774
0.094343
0.095177
0.094062
0.093472
0.094718
0.094232
0.094439
0.094578
0.089886
0.096279
0.094723
0.090912
0.094141
0.090579
0.093700
0.089666
0.093296
0.094119
0.093326
0.097186
0.093653
0.092986
0.093942
0.092753
0.091253
0.089129
0.087818
0.092917
0.090337
0.090397
0.089049
0.089083
0.090401
0.090542
0.090534
0.089604
0.090333
0.090701
0.090022
0.090119
0.094265
0.089232
0.094015
0.090085
0.090609
0.094338
0.093399
0.089363
0.088456
0.087772
0.088372
0.092770
0.092033
0.093020
0.092058
0.089331
0.089534
0.089431
0.090530
0.090472
0.090170
0.090207
0.090455
0.090185
0.090145
0.089600
0.090933
0.091394
0.095723
0.099514
0.092493
0.099101
0.090708
0.094910
0.090910
0.092399
0.099159
0.098992
0.092846
0.099337
0.090020
0.098852
0.090654
0.098424
0.097358
0.096202
0.092322
0.092728
0.095654
0.096850
0.094979
0.095880
0.093361
0.093293
0.094786
0.094924
0.093502
0.094818
0.095669
0.095502
0.096011
0.096099
0.094146
0.093948
0.096293
0.096419
0.096674
0.095742
0.092691
0.089380
0.093183
0.093393
0.096309
0.095866
0.091029
0.089520
0.089623
0.090083
0.095277
0.093986
0.093638
0.094173
0.093977
0.094394
0.093921
0.088954
0.093263
0.093235
0.093359
0.093179
0.093782
0.093675
0.092855
0.088137
0.093196
0.091930
0.092590
0.092952
0.088637
0.088474
0.092687
0.093355
0.092594
0.093138
0.092426
0.088326
0.088023
0.089694
0.092551
0.088128
0.087992
0.088312
0.088372
0.088202
0.088642
0.087998
0.094965
0.095044
0.095189
0.088627
0.090615
0.088753
0.088881
0.088238
0.090313
0.096184
0.090454
0.087878
0.092960
0.087845
0.093148
0.093361
0.090031
0.091918
0.087930
0.090678
0.091549
0.091979
0.089688
0.093561
0.088320
0.089031
0.087427
0.087577
0.087920
0.096217
0.089193
0.095359
0.088011
0.096713
0.091956
0.084171
0.094867
0.092391
0.092323
0.083658
0.095381
0.090212
0.092272
0.095459
0.092984
0.094943
0.093348
0.094990
0.088961
0.091895
0.091103
0.097275
0.095976
0.095633
0.092639
0.088634
0.088343
0.088806
0.092837
0.088973
0.089981
0.089247
0.089213
0.089705
0.088980
0.089660
0.088809
0.088969
0.088255
0.088590
0.088564
0.088420
0.095442
0.096393
0.090087
0.096098
0.088142
0.088357
0.090164
0.088718
0.088319
0.088391
0.088166
0.093093
0.088377
0.090229
0.093048
0.089052
0.094185
0.095545
0.088819
0.095806
0.089689
0.089230
0.089252
0.093550
0.093177
0.089687
0.093215
0.089241
0.093882
0.093317
0.093090
0.093315
0.093395
0.093788
0.093201
0.093182
0.092911
0.092756
0.092516
0.093215
0.092717
0.092462
0.093202
0.092828
0.093076
0.091793
0.092214
0.091531
0.088711
0.091825
0.091951
0.092166
0.092405
0.091412
0.092194
0.092580
0.092583
0.089878
0.093097
0.092868
0.088672
0.088743
0.093204
0.087822
0.088370
0.088685
0.088327
0.088499
0.088437
0.088501
0.095635
0.090329
0.088431
0.088003
0.088135
0.087886
0.088315
0.091830
0.088282
0.088750
0.088495
0.088451
0.088204
0.092009
0.087918
0.088075
0.092531
0.087989
0.088024
0.088993
0.090678
0.099572
0.090695
0.090414
0.091144
0.091218
0.098418
0.094298
0.095685
0.095806
0.096075
0.096405
0.094269
0.096045
0.094052
0.096446
0.096644
0.096653
0.096483
0.099532
0.100173
0.099167
0.098879
0.093582
0.094373
0.095194
0.095299
0.091889
0.094703
0.088334
0.088661
0.097531
0.093518
0.091804
0.092329
0.090388
0.090979
0.093054
0.093217
0.091737
0.093926
0.089854
0.093331
0.095834
0.090864
0.092129
0.091837
0.090392
0.092143
0.097547
0.099218
0.096438
0.091644
0.091255
0.091228
0.091023
0.090158
0.091014
0.092207
0.090246
0.091517
0.091250
0.091647
0.092212
0.091028
0.089718
0.089656
0.099930
0.091645
0.095106
0.092268
0.094805
0.094849
0.098947
0.099193
0.098929
0.098467
0.091762
0.099544
0.091193
0.092660
0.089964
0.098901
0.098499
0.099451
0.091683
0.092478
0.098177
0.098846
0.098229
0.092123
0.100271
0.090445
0.098160
0.098998
0.093266
0.091532
0.098408
0.099817
0.082128
0.082832
0.084514
0.084980
0.086365
0.085810
0.085871
0.085492
0.095925
0.095589
0.096230
0.095479
0.095723
0.095404
0.096959
0.096990
0.097982
0.085342
0.098107
0.096307
0.081180
0.094674
0.098096
0.096458
0.097616
0.096548
0.097543
0.089873
0.095737
0.096988
0.081665
0.093271
0.093993
0.094555
0.094381
0.082920
0.081230
0.094179
0.081524
0.094361
0.082700
0.095180
0.094852
0.090551
0.095132
0.090839
0.094347
0.094113
0.094566
0.095109
0.094721
0.094033
0.093400
0.091659
0.091254
0.091027
0.094675
0.091106
0.096212
0.095034
0.095010
0.098337
0.082520
0.095260
0.093606
0.081040
0.082159
0.082694
0.093353
0.091095
0.092059
0.081349
0.078819
0.077081
0.075332
0.072227
0.072184
0.056581
0.045352
0.043076
0.036535
0.044023
0.045284
0.048056
0.060453
0.061203
0.083809
0.087493
0.077108
0.081315
0.084267
0.099108
0.104743
0.084142
0.084387
0.084814
0.089028
0.087470
0.087675
0.106146
0.105796
0.104854
0.088965
0.089433
0.088105
0.089042
0.087046
0.092784
0.092895
0.091686
0.088730
0.090095
0.088640
0.089448
0.091280
0.088694
0.088583
0.089078
0.087475
0.087720
0.089039
0.087863
0.089653
0.091102
0.091146
0.090578
0.090910
0.091188
0.091302
0.090712
0.091262
0.090554
0.092210
0.092501
0.090478
0.090723
0.090269
0.087825
0.090922
0.090553
0.092967
0.089486
0.089857
0.088855
0.085131
0.087644
0.089005
0.091376
0.092988
0.088687
0.092742
0.092169
0.093930
0.094764
0.095962
0.095067
0.139507
0.139066
0.135256
0.096164
0.095738
0.096281
0.138195
0.097777
0.136114
0.138676
0.137182
0.136067
0.133748
0.136837
0.136918
0.134381
0.135326
0.131292
0.131309
0.135690
0.138623
0.137439
0.096736
0.140958
0.141720
0.138736
0.139725
0.138848
0.138438
0.175626
0.180259
0.184588
0.138153
0.173978
0.170588
0.170915
0.188717
0.171944
0.173614
0.172126
0.169279
0.196318
0.163957
0.134929
0.134510
0.127313
0.122076
0.107859
0.108207
0.125350
0.114768
0.129176
0.129713
0.140633
0.140579
0.129229
0.132625
0.133385
0.138626
0.128544
0.145150
0.142952
0.138232
0.140942
0.142044
0.141786
0.142295
0.144172
0.131666
0.131696
0.146526
0.129401
0.129409
0.135526
0.120719
0.121890
0.115526
0.129535
0.121826
0.142160
0.141059
0.141432
0.143671
0.137551
0.137549
0.143905
0.127926
0.143838
0.133816
0.138437
0.148085
0.144734
0.141800
0.140129
0.137374
0.141135
0.121695
0.132934
0.132115
0.132636
0.130521
0.127909
0.127949
0.120200
0.120239
0.111421
0.111396
0.105132
0.105145
0.096003
0.094414
0.092381
0.092386
0.087942
0.087940
0.084608
0.075792
0.054500
0.053844
0.057597
0.057424
0.086960
0.087425
0.074299
0.073577
0.073577
0.077224
0.076723
0.079623
0.079022
0.075608
0.076951
0.073925
0.081044
0.082201
0.086857
0.077877
0.080627
0.080845
0.073197
0.067228
0.067231
0.060677
0.090583
0.089543
0.097858
0.080524
0.081078
0.076805
0.078343
0.078427
0.095697
0.079407
0.079148
0.079718
0.087976
0.086876
0.089715
0.067095
0.067146
0.102737
0.102269
0.073185
0.058294
0.086786
0.086786
0.096885
0.096128
0.096361
0.096748
0.098035
0.097750
0.097883
0.099491
0.099246
0.071797
0.077418
0.079559
0.084626
0.083483
0.082050
0.063392
0.052471
0.054889
0.048238
0.046831
0.046859
0.047144
0.059106
0.060131
0.062650
0.063163
0.062397
0.061346
0.061737
0.061755
0.062876
0.062759
0.063237
0.063334
0.065086
0.064936
0.063887
0.062731
0.062682
0.064072
0.065059
0.067633
0.065024
0.064011
0.067512
0.063173
0.062493
0.062439
0.063469
0.059118
0.059143
0.060961
0.059724
0.059644
0.059191
0.055209
0.056733
0.056902
0.056196
0.056286
0.059730
0.059351
0.058766
0.062868
0.062797
0.060842
0.057626
0.062388
0.063347
0.064188
0.065576
0.065350
0.065387
0.062598
0.065279
0.065784
0.065771
0.065235
0.065656
0.065415
0.065997
0.066038
0.065820
0.066417
0.073232
0.081406
0.081406
0.072637
0.075957
0.075961
0.079195
0.078835
0.078830
0.080686
0.082394
0.082494
0.085023
0.085090
0.083543
0.084147
0.083139
0.083334
0.068637
0.068162
0.068440
0.070635
0.073348
0.073669
0.064195
0.058500
0.050410
0.053289
0.066898
0.059059
0.071322
0.081966
0.094733
0.112650
0.119160
0.118206
0.118645
0.107997
0.111309
0.113903
0.117399
0.120382
0.119967
0.117190
0.117498
0.119590
0.120816
0.121307
0.122333
0.123481
0.123150
0.122297
0.122405
0.123831
0.122771
0.124162
0.122625
0.122992
0.123836
0.122219
0.121501
0.122262
0.121659
0.122655
0.122972
0.122593
0.122532
0.124229
0.122346
0.119993
0.120778
0.119739
0.120538
0.119565
0.119182
0.119541
0.118400
0.118905
0.118396
0.118321
0.118762
0.119060
0.119581
0.118554
0.118770
0.119237
0.118834
0.118031
0.118401
0.118039
0.118175
0.118003
0.116647
0.115867
0.115224
0.107419
0.115520
0.114806
0.113934
0.114801
0.113899
0.114372
0.114142
0.113524
0.114417
0.113706
0.113696
0.113250
0.113542
0.112573
0.114752
0.113216
0.113002
0.112383
0.112456
0.112397
0.113882
0.115475
0.116038
0.115481
0.116207
0.115585
0.117057
0.117247
0.117668
0.119028
0.118684
0.118766
0.118178
0.115298
0.123538
0.124016
0.121903
0.123204
0.122964
0.122571
0.122490
0.124616
0.125531
0.123752
0.122772
0.122923
0.122959
0.123260
0.105311
0.087393
0.076918
0.067271
0.073498
0.087942
0.105568
0.116402
0.143872
0.132612
0.122937
0.125214
0.124579
0.101216
0.136418
0.142010
0.141360
0.135742
0.132178
0.122715
0.120441
0.149780
0.131635
0.118312
0.118867
0.119679
0.119726
0.118702
0.108158
0.092341
0.101383
0.105752
0.100571
0.113452
0.107556
0.100443
0.103536
0.106987
0.107120
0.109115
0.117294
0.117091
0.114685
0.120215
0.130605
0.128874
0.087224
0.093676
0.096640
0.098922
0.085421
0.099334
0.091379
0.087795
0.098202
0.103056
0.086111
0.092534
0.090508
0.094836
0.094009
0.091118
0.089914
0.079864
0.109102
0.105683
0.077174
0.063456
0.078358
0.119445
0.140773
0.113980
0.124817
0.140682
0.109102
0.128740
0.126959
0.120744
0.129992
0.122140
0.118408
0.116749
0.083496
0.075758
0.107224
0.132892
0.115891
0.134757
0.098419
0.081680
0.101897
0.110123
0.139293
0.130647
0.128294
0.120419
0.138971
0.107074
0.105140
0.109780
0.049683
0.103102
0.102634
0.100568
0.115270
0.133000
0.144900
0.122865
0.119146
0.104900
0.097808
0.095948
0.105215
0.128382
0.111845
0.138251
0.175170
0.174050
0.168135
0.170079
0.172719
0.166499
0.168819
0.154340
0.157098
0.154643
0.157537
0.123190
0.144223
0.150382
0.155653
0.154612
0.151494
0.111477
0.115876
0.125847
0.168352
0.163394
0.167941
0.163141
0.165548
0.168788
0.161001
0.179711
0.121416
0.185549
0.124846
0.127180
0.135379
0.137509
0.136262
0.134492
0.127184
0.217297
0.235527
0.129697
0.128742
0.207783
0.215829
0.080447
0.110324
0.105427
0.104430
0.096918
0.099583
0.098039
0.098016
0.101729
0.102760
0.100315
0.115365
0.140825
0.137184
0.133874
0.128429
0.110508
0.157079
0.125240
0.151923
0.119478
0.132796
0.128306
0.109736
0.123169
0.119984
0.128315
0.127865
0.123540
0.109434
0.133173
0.118613
0.142095
0.131807
0.122445
0.127584
0.137189
0.144166
0.129579
0.137271
0.132923
0.133015
0.129827
0.108399
0.130908
0.134770
0.141679
0.130682
0.129739
0.124179
0.133690
0.128435
0.121042
0.119101
0.132793
0.131305
0.121267
0.127465
0.121373
0.111583
0.110262
0.108116
0.115608
0.121210
0.117757
0.143691
0.148522
0.153440
0.156699
0.142478
0.167561
0.149799
0.162681
0.129155
0.169657
0.150861
0.152838
0.149815
0.151503
0.147240
0.147737
0.144937
0.129935
0.147961
0.114566
0.164308
0.221796
0.205387
0.221473
0.200461
0.195065
0.198209
0.190980
0.186223
0.160490
0.197759
0.195820
0.200565
0.163528
0.211549
0.209722
0.203019
0.211866
0.205276
0.205422
0.205547
0.203941
0.205531
0.209030
0.200032
0.201619
0.215488
0.207481
0.208421
0.200675
0.200612
0.200154
0.198107
0.194203
0.254061
0.249466
0.217929
0.238231
0.188205
0.240331
0.249767
0.246922
0.258578
0.249204
0.190915
0.196921
0.173409
0.198276
0.184424
0.188088
0.193291
0.178385
0.189330
0.206113
0.138757
0.147094
0.194535
0.171029
0.150987
0.160377
0.144352
0.164723
0.145220
0.141239
0.133535
0.139923
0.142248
0.174782
0.167162
0.159645
0.172398
0.167802
0.162437
0.159222
0.160437
0.146439
0.164297
0.162233
0.155259
0.162091
0.165950
0.157432
0.146811
0.142627
0.156410
0.157922
0.150048
0.148896
0.141986
0.148345
0.146397
0.139246
0.154360
0.147680
0.137776
0.137275
0.132135
0.135708
0.132168
0.138609
0.142243
0.140214
0.138158
0.137286
0.138956
0.086078
0.086662
0.086148
0.086287
0.084984
0.085600
0.085877
0.086570
0.084630
0.081803
0.079556
0.080362
0.080287
0.079889
0.077886
0.077117
0.076030
0.075962
0.077602
0.079607
0.078191
0.078772
0.079654
0.078832
0.080192
0.081237
0.081427
0.079103
0.082208
0.079009
0.078981
0.085272
0.086316
0.085199
0.082868
0.084407
0.086892
0.089531
0.081799
0.112124
0.107319
0.107299
0.095633
0.095643
0.095827
0.095415
0.084372
0.086219
0.089091
0.085836
0.088169
0.094690
0.101127
0.101536
0.096579
0.087343
0.094000
0.096678
0.096232
0.096080
0.095309
0.095770
0.095340
0.095798
0.088713
0.091301
0.091229
0.092533
0.092856
0.092856
0.103144
0.103162
0.103506
0.093775
0.098862
0.098292
0.102890
0.103577
0.102920
0.105543
0.105121
0.111570
0.258313
0.274590
0.280700
0.130548
0.074910
0.185767
0.083694
0.073699
0.192871
0.136650
0.123665
0.167008
0.166956
0.130291
0.151451
0.114585
0.111658
0.114802
0.103395
0.099392
0.105217
0.102798
0.103026
0.109674
0.109667
0.111212
0.110119
0.110893
0.116049
0.113264
0.116105
0.115183
0.077036
0.116702
0.116751
0.116084
0.110158
0.110347
0.112974
0.106061
0.106634
0.107132
0.101754
0.101746
0.100927
0.095870
0.097421
0.097064
0.098351
0.103697
0.098567
0.098676
0.105018
0.108362
0.107828
0.114587
0.116246
0.113454
0.098182
0.105405
0.110358
0.076825
0.095907
0.067610
0.069780
0.084685
0.088430
0.071408
0.069816
0.083104
0.085736
0.081993
0.079795
0.070704
0.087735
0.087576
0.085276
0.081433
0.079425
0.078741
0.080582
0.079210
0.077781
0.078340
0.080619
0.079207
0.078190
0.078601
0.079981
0.080184
0.080114
0.078727
0.080105
0.078698
0.079075
0.078329
0.079109
0.079016
0.080578
0.080762
0.080855
0.082329
0.082222
0.083578
0.083805
0.084963
0.085287
0.085752
0.086850
0.084883
0.080540
0.072090
0.084089
0.087098
0.071674
0.069395
0.077762
0.070721
0.078803
0.076064
0.072623
0.066401
0.077287
0.083409
0.075962
0.094363
0.090619
0.093767
0.089956
0.078008
0.062563
0.067076
0.060832
0.081580
0.060704
0.076811
0.093954
0.092547
0.081969
0.096835
0.083707
0.075373
0.061951
0.044315
0.043922
0.038404
0.046409
0.027608
0.027649
0.043265
0.043775
0.034235
0.050201
0.052530
0.073080
0.083625
0.086510
0.103811
0.093482
0.094049
0.093925
0.069128
0.083418
0.118188
0.084141
0.089726
0.104414
0.093410
0.123839
0.112428
0.107298
0.119742
0.147137
0.258650
0.237394
0.247587
0.236466
0.278117
0.235935
0.259874
0.265172
0.249934
0.223701
0.187488
0.131075
0.089784
0.064520
0.087039
0.094027
0.098728
0.088044
0.096641
0.088661
0.087388
0.082121
0.071448
0.065598
0.075061
0.072041
0.048982
0.083459
0.234940
0.179574
0.169362
0.188862
0.152794
0.169143
0.103262
0.056079
0.055442
0.057122
0.053861
0.062466
0.067957
0.070805
0.060754
0.056226
0.065956
0.058685
0.059862
0.105944
0.125598
0.136294
0.141385
0.142052
0.108436
0.076861
0.079432
0.087163
0.058197
0.085882
0.095868
0.115524
0.072629
0.105096
0.105392
0.126407
0.131445
0.089733
0.115851
0.114886
0.095946
0.087565
0.088857
0.085198
0.085053
0.094107
0.097056
0.113387
0.120315
0.085885
0.080088
0.124012
0.092404
0.100558
0.119203
0.096242
0.088950
0.096227
0.097042
0.096605
0.054279
0.046383
0.058642
0.049492
0.126902
0.129111
0.123843
0.129627
0.124942
0.127618
0.134369
0.107376
0.104291
0.146789
0.126898
0.123633
0.131356
0.144905
0.057459
0.115972
0.149968
0.139427
0.129778
0.132151
0.113169
0.111618
0.115132
0.129105
0.131462
0.063702
0.102192
0.070457
0.105981
0.132961
0.107370
0.116735
0.120638
0.121492
0.157561
0.103046
0.141532
0.127177
0.126819
0.111080
0.119451
0.132050
0.136348
0.143399
0.137415
0.098253
0.134077
0.129575
0.118659
0.140748
0.099155
0.175412
0.131433
0.188562
0.156563
0.139330
0.161347
0.136167
0.102618
0.126758
0.125755
0.117975
0.127963
0.125771
0.110024
0.083273
0.077302
0.084935
0.071672
0.063965
0.075220
0.073148
0.095294
0.107440
0.068418
0.106943
0.249122
0.240937
0.119842
0.113402
0.118512
0.107249
0.108977
0.079221
0.084721
0.082494
0.078413
0.080524
0.103006
0.099645
0.097836
0.095017
0.099419
0.099475
0.099003
0.104296
0.076646
0.074086
0.093680
0.095131
0.102982
0.100913
0.116605
0.115662
0.112801
0.092187
0.076138
0.072831
0.105749
0.101031
0.103270
0.092211
0.093403
0.095254
0.097971
0.095360
0.105118
0.090101
0.098959
0.098588
0.095303
0.105210
0.120085
0.119478
0.114365
0.121655
0.086936
0.091426
0.153983
0.111033
0.137930
0.117324
0.117086
0.116690
0.096510
0.098078
0.095778
0.099002
0.072246
0.089111
0.087411
0.095868
0.086819
0.080162
0.079303
0.083489
0.085751
0.076214
0.065466
0.064359
0.065145
0.060299
0.055881
0.047103
0.068667
0.055072
0.072814
0.080031
0.083294
0.070110
0.054041
0.059824
0.056445
0.055443
0.060641
0.057770
0.067348
0.103144
0.104096
0.094642
0.099287
0.098624
0.094797
0.086793
0.073349
0.073105
0.069201
0.069059
0.070134
0.073165
0.062155
0.069890
0.069884
0.073816
0.082618
0.088788
0.091917
0.089590
0.084092
0.074332
0.068893
0.083854
0.076001
0.076208
0.086410
0.080043
0.091455
0.090497
0.095593
0.100643
0.102029
0.083145
0.072364
0.071503
0.085883
0.094591
0.099138
0.087788
0.089840
0.089836
0.089914
0.080238
0.080315
0.091740
0.090808
0.094651
0.095867
0.088064
0.085411
0.081852
0.075395
0.077585
0.077062
0.087717
0.089002
0.080324
0.082690
0.103418
0.098636
0.087497
0.092132
0.092900
0.092909
0.091007
0.078595
0.081751
0.073595
0.087199
0.087542
0.083811
0.060814
0.058224
0.052578
0.045499
0.030555
0.054406
0.103204
0.110030
0.114290
0.110553
0.133299
0.139306
0.162615
0.187967
0.127056
0.196961
0.117807
0.179611
0.169917
0.195165
0.216964
0.133973
0.108392
0.236703
0.228762
0.255491
0.219753
0.075256
0.072643
0.206245
0.199569
0.107043
0.231559
0.200482
0.198066
0.215930
0.224511
0.214799
0.055820
0.231417
0.233462
0.218009
0.241448
0.058026
0.032674
0.050966
0.044162
0.104077
0.094247
0.089220
0.081622
0.086652
0.104424
0.090390
0.084841
0.085909
0.105213
0.127422
0.095383
0.103152
0.136754
0.143308
0.067213
0.053621
0.049264
0.093862
0.090619
0.107331
0.081824
0.086484
0.067538
0.069601
0.077797
0.110700
0.114582
0.114591
0.109895
0.103063
0.134870
0.092657
0.084210
0.083173
0.063499
0.087578
0.083379
0.110733
0.072283
0.086502
0.057654
0.080963
0.096471
0.113330
0.112109
0.076804
0.099694
0.121771
0.106574
0.129367
0.103101
0.100863
0.127334
0.124408
0.116970
0.129179
0.137802
0.130684
0.094524
0.125191
0.110429
0.107740
0.123732
0.128469
0.162188
0.160226
0.119263
0.189497
0.156227
0.179623
0.145100
0.206095
0.177400
0.177192
0.211785
0.216750
0.210985
0.225042
0.224099
0.177204
0.183379
0.158565
0.152126
0.159522
0.159702
0.169981
0.163485
0.153686
0.156978
0.161935
0.188063
0.165492
0.220178
0.220385
0.219108
0.241252
0.231348
0.232381
0.237684
0.249441
0.194756
0.208614
0.203408
0.200537
0.160224
0.147769
0.090889
0.111886
0.130582
0.099132
0.129300
0.087442
0.111592
0.108265
0.106334
0.122223
0.208783
0.117452
0.183281
0.127135
0.118770
0.093876
0.091684
0.089551
0.107727
0.107379
0.087478
0.090347
0.084907
0.089223
0.082923
0.085116
0.093755
0.109001
0.112031
0.069433
0.073307
0.114315
0.116801
0.092664
0.094483
0.094358
0.096032
0.093983
0.093964
0.087711
0.087769
0.089251
0.087500
0.072744
0.073007
0.075750
0.100418
0.089338
0.083321
0.084632
0.071946
0.074256
0.073971
0.084003
0.086887
0.069746
0.072179
0.085645
0.085763
0.075814
0.084183
0.081834
0.084484
0.091544
0.085908
0.094298
0.067562
0.089992
0.098895
0.098976
0.090238
0.099933
0.093775
0.097967
0.097554
0.098998
0.095247
0.096705
0.092638
0.097149
0.097118
0.093286
0.097811
0.089838
0.092115
0.095933
0.097722
0.103898
0.103951
0.106834
0.103522
0.101473
0.099317
0.093283
0.092658
0.107959
0.106592
0.106587
0.118366
0.099761
0.107577
0.108567
0.104402
0.119169
0.119242
0.118779
0.109735
0.089315
0.088512
0.088459
0.094532
0.091905
0.093284
0.100649
0.104547
0.095972
0.097432
0.100682
0.103508
0.097200
0.107496
0.122528
0.108849
0.107234
0.103096
0.104248
0.103647
0.103674
0.103592
0.077697
0.101037
0.099469
0.098334
0.083539
0.097647
0.090697
0.086796
0.081069
0.081941
0.088586
0.083710
0.087010
0.060331
0.086789
0.081346
0.081319
0.075144
0.061105
0.056966
0.049792
0.051334
0.051849
0.064557
0.066578
0.060580
0.052004
0.051046
0.064133
0.052663
0.065199
0.057548
0.058321
0.056597
0.056613
0.057383
0.050397
0.053551
0.053103
0.054081
0.061075
0.054275
0.062647
0.062310
0.061986
0.062337
0.061054
0.055124
0.054586
0.059225
0.058064
0.060497
0.060586
0.059929
0.058713
0.058388
0.056288
0.055747
0.057465
0.057829
0.060437
0.058889
0.051017
0.052757
0.057625
0.058028
0.054220
0.058645
0.070870
0.074421
0.080180
0.075923
0.076135
0.075760
0.094210
0.077966
0.076923
0.070540
0.078898
0.090685
0.076858
0.078311
0.071553
0.068937
0.088333
0.064658
0.112264
0.065227
0.086706
0.074343
0.086642
0.063754
0.084481
0.080789
0.064039
0.073834
0.064823
0.065063
0.064619
0.066926
0.066018
0.066946
0.065649
0.066912
0.066482
0.066845
0.065677
0.066898
0.066553
0.066572
0.066096
0.064608
0.064324
0.065800
0.061050
0.065127
0.064282
0.064606
0.064686
0.062936
0.062780
0.061209
0.052221
0.049953
0.054754
0.054907
0.051329
0.044240
0.057664
0.044013
0.052895
0.051148
0.051069
0.051933
0.044321
0.044284
0.045699
0.067517
0.048140
0.048637
0.045072
0.040019
0.050088
0.062519
0.058294
0.057720
0.051368
0.036481
0.029698
0.033567
0.043429
0.046950
0.062404
0.068328
0.064408
0.055414
0.070660
0.073169
0.072135
0.071704
0.066272
0.060539
0.060506
0.061107
0.042268
0.043634
0.041906
0.050639
0.057745
0.040369
0.046059
0.052536
0.066522
0.059593
0.070486
0.076620
0.079539
0.082837
0.082625
0.058623
0.064896
0.071403
0.083215
0.097244
0.116499
0.149480
0.121639
0.134072
0.132200
0.134234
0.060014
0.058031
0.063625
0.069125
0.068394
0.072483
0.067088
0.062255
0.075866
0.090659
0.089210
0.093157
0.096823
0.091686
0.085979
0.086604
0.082047
0.077741
0.068305
0.069964
0.105632
0.093713
0.068635
0.048033
0.056771
0.052309
0.041912
0.042412
0.047892
0.042120
0.054654
0.053668
0.045432
0.060093
0.038698
0.037300
0.046917
0.079244
0.085532
0.079387
0.050978
0.074942
0.071202
0.104909
0.111233
0.109168
0.103728
0.104551
0.118935
0.111556
0.086059
0.093435
0.081370
0.105517
0.083091
0.070741
0.079568
0.059450
0.081518
0.061168
0.074035
0.076792
0.092474
0.092273
0.089580
0.064705
0.052972
0.053393
0.045249
0.045092
0.048566
0.045890
0.039895
0.057703
0.061757
0.075058
0.073856
0.054375
0.046150
0.045498
0.042863
0.045538
0.059146
0.068867
0.080357
0.074071
0.067608
0.067392
0.068662
0.077341
0.083420
0.076241
0.081695
0.083064
0.086511
0.092358
0.090588
0.085781
0.079687
0.086466
0.085643
0.076857
0.079080
0.080189
0.093478
0.095519
0.075637
0.070328
0.061657
0.081406
0.075185
0.088486
0.080312
0.094258
0.071473
0.068760
0.063090
0.066057
0.073469
0.073373
0.072963
0.071859
0.052189
0.051865
0.061577
0.068338
0.073057
0.070810
0.073460
0.079643
0.079644
0.089361
0.090264
0.080686
0.078223
0.086975
0.081825
0.082717
0.088007
0.095936
0.094568
0.091370
0.093788
0.092339
0.086444
0.077990
0.067219
0.080721
0.067388
0.049389
0.067746
0.068783
0.086930
0.067728
0.067713
0.044099
0.041707
0.063340
0.079228
0.100887
0.095728
0.109067
0.097064
0.089582
0.083291
0.089651
0.074734
0.083848
0.094185
0.092633
0.097931
0.119219
0.086817
0.082850
0.084887
0.117025
0.110535
0.084660
0.090061
0.068748
0.093146
0.094299
0.101000
0.087884
0.082451
0.068502
0.086551
0.085522
0.107783
0.106170
0.072261
0.100047
0.107912
0.108562
0.109727
0.141108
0.107603
0.079701
0.080888
0.068910
0.087974
0.082086
0.087268
0.095823
0.090657
0.084551
0.110863
0.109273
0.122093
0.088172
0.098733
0.093981
0.095779
0.080998
0.096098
0.114289
0.114281
0.105863
0.085275
0.083703
0.095344
0.112472
0.100672
0.089035
0.080298
0.086238
0.078613
0.074310
0.082302
0.081856
0.074219
0.079274
0.092223
0.114134
0.104892
0.095527
0.099040
0.096045
0.091421
0.099736
0.095907
0.106603
0.079292
0.078161
0.086953
0.085730
0.096408
0.104641
0.105408
0.097209
0.113656
0.096337
0.092462
0.092101
0.089425
0.086113
0.099212
0.099272
0.098073
0.101952
0.101405
0.110491
0.110361
0.110720
0.118847
0.103756
0.104017
0.106737
0.106856
0.110209
0.110256
0.106297
0.106067
0.109595
0.111969
0.110723
0.107574
0.109006
0.109392
0.048429
0.044419
0.045821
0.052767
0.048025
0.047453
0.053877
0.055592
0.056252
0.049033
0.041642
0.039843
0.058987
0.054140
0.066351
0.051646
0.051745
0.136878
0.134426
0.142379
0.215015
0.095688
0.071300
0.077237
0.076891
0.080023
0.088620
0.091053
0.090646
0.074904
0.062506
0.066030
0.064144
0.063545
0.071081
0.064679
0.071593
0.072658
0.073387
0.075262
0.075301
0.059320
0.053286
0.052728
0.055887
0.043041
0.046224
0.059180
0.053666
0.057358
0.060385
0.058822
0.048074
0.063729
0.067132
0.088172
0.062713
0.062947
0.065117
0.067430
0.066135
0.062502
0.094970
0.070555
0.075113
0.071936
0.071476
0.070092
0.076207
0.077901
0.077316
0.078028
0.080539
0.080617
0.075632
0.069657
0.080391
0.073079
0.089222
0.092600
0.094239
0.088772
0.088895
0.085770
0.083876
0.084706
0.090286
0.090174
0.087799
0.087714
0.090334
0.090249
0.092335
0.066555
0.065818
0.055904
0.074325
0.073982
0.072810
0.051546
0.051964
0.054303
0.050144
0.056466
0.051503
0.079590
0.079754
0.085778
0.046808
0.086802
0.052360
0.046510
0.046990
0.086990
0.050197
0.048842
0.053125
0.050559
0.054348
0.053089
0.052812
0.091414
0.091909
0.091931
0.051309
0.052891
0.052627
0.053772
0.052815
0.053249
0.091170
0.091230
0.091424
0.086657
0.054853
0.054445
0.059064
0.069815
0.044583
0.043856
0.044896
0.042097
0.048301
0.048330
0.047913
0.047413
0.045469
0.051492
0.049794
0.060949
0.056300
0.056474
0.044326
0.043908
0.044013
0.048139
0.041121
0.041972
0.043020
0.048813
0.048800
0.051634
0.051975
0.054478
0.055115
0.055207
0.046613
0.046032
0.046521
0.046917
0.049281
0.049780
0.042602
0.050325
0.052935
0.052992
0.049786
0.041627
0.041662
0.044214
0.045624
0.046614
0.040470
0.045737
0.045715
0.045576
0.046419
0.046562
0.041871
0.040661
0.039105
0.039146
0.040311
0.044534
0.044493
0.042866
0.040962
0.047460
0.042188
0.041487
0.042169
0.043481
0.043318
0.042219
0.046490
0.043175
0.044221
0.045066
0.042266
0.042171
0.043943
0.045522
0.045067
0.044207
0.047036
0.047221
0.046952
0.048495
0.049941
0.047044
0.081047
0.081385
0.047867
0.048039
0.050066
0.048204
0.048224
0.083819
0.091369
0.090449
0.053066
0.095593
0.095684
0.097328
0.066012
0.066097
0.066230
0.086214
0.086115
0.084810
0.089133
0.089150
0.088496
0.086828
0.094774
0.085475
0.085907
0.084786
0.085050
0.088113
0.087450
0.087313
0.073765
0.073793
0.073501
0.073209
0.049361
0.053257
0.030436
0.029491
0.028917
0.028670
0.029992
0.030026
0.033254
0.032373
0.032483
0.035321
0.032882
0.033019
0.034210
0.034554
0.047671
0.052058
0.047759
0.032780
0.047867
0.048743
0.049645
0.048536
0.048192
0.040034
0.048775
0.044402
0.043064
0.037918
0.036508
0.041545
0.036242
0.035985
0.037350
0.037673
0.045130
0.044234
0.044472
0.047823
0.044543
0.045387
0.051683
0.051891
0.028584
0.035072
0.043094
0.033583
0.246072
0.267143
0.269048
0.266926
0.269028
0.267902
0.268228
0.263419
0.263121
0.267241
0.241882
0.241820
0.223690
0.223997
0.223006
0.223262
0.232045
0.231952
0.281277
0.292093
0.291538
0.273761
0.273910
0.279438
0.268515
0.268555
0.267998
0.264734
0.247987
0.255886
0.256316
0.251174
0.245301
0.246852
0.247024
0.247757
0.256921
0.244946
0.281691
0.289176
0.289176
0.241117
0.240968
0.307096
0.237711
0.240102
0.250606
0.197867
0.188195
0.188519
0.206491
0.193068
0.192835
0.160431
0.167479
0.180505
0.209117
0.207988
0.208130
0.138868
0.175089
0.175583
0.150681
0.156553
0.136581
0.181946
0.186610
0.186548
0.141544
0.159951
0.159928
0.185125
0.185971
0.182078
0.134380
0.129357
0.129803
0.130015
0.176601
0.169646
0.142765
0.145389
0.145498
0.127952
0.122752
0.122280
0.122389
0.127503
0.128136
0.128245
0.124909
0.125057
0.125158
0.117752
0.131451
0.129660
0.129071
0.129915
0.129706
0.132038
0.134163
0.131501
0.124359
0.137616
0.138760
0.131995
0.135354
0.131301
0.126488
0.125953
0.126011
0.122151
0.119510
0.120841
0.121087
0.117842
0.118333
0.115325
0.111280
0.115284
0.117295
0.109455
0.109583
0.111814
0.112086
0.113044
0.109714
0.113575
0.115527
0.086973
0.078917
0.082555
0.087231
0.071510
0.072075
0.107710
0.106635
0.103928
0.090741
0.075780
0.087036
0.088281
0.087903
0.086667
0.091424
0.084581
0.096974
0.090423
0.095843
0.096716
0.101953
0.100551
0.091376
0.092156
0.087561
0.091929
0.119548
0.122212
0.118612
0.116129
0.119814
0.113459
0.110788
0.113293
0.121348
0.119534
0.117323
0.174481
0.190638
0.075543
0.069328
0.061961
0.093617
0.075357
0.081733
0.081153
0.076900
0.087196
0.104733
0.094838
0.086745
0.090695
0.097780
0.097978
0.085101
0.090681
0.103995
0.107450
0.106787
0.100917
0.099393
0.100017
0.094765
0.105178
0.104545
0.107845
0.118530
0.115510
0.115687
0.118160
0.114147
0.107983
0.100970
0.094085
0.091177
0.101902
0.100728
0.095811
0.089776
0.096584
0.100766
0.094294
0.091577
0.090985
0.092246
0.087907
0.084201
0.088242
0.083109
0.083927
0.083326
0.077051
0.081218
0.083691
0.082467
0.081237
0.083115
0.092205
0.082538
0.086257
0.089217
0.095063
0.097947
0.088668
0.099385
0.101568
0.105846
0.103632
0.079629
0.079748
0.079858
0.079080
0.091381
0.080909
0.081601
0.080709
0.080858
0.077446
0.093597
0.079354
0.079943
0.084003
0.078213
0.079899
0.088789
0.095710
0.081419
0.084550
0.081606
0.088427
0.089764
0.080098
0.079361
0.092441
0.092065
0.092238
0.091311
0.088767
0.090587
0.091667
0.080400
0.071571
0.070457
0.083435
0.076447
0.072948
0.072587
0.068123
0.075677
0.075627
0.073347
0.081126
0.058858
0.072456
0.071787
0.064331
0.078933
0.077912
0.080354
0.078677
0.066631
0.080373
0.070143
0.085968
0.074122
0.066273
0.087633
0.102690
0.087287
0.097474
0.092574
0.113467
0.109276
0.101500
0.098249
0.107889
0.102751
0.096176
0.098760
0.106518
0.116283
0.110919
0.086122
0.135638
0.146375
0.153824
0.094829
0.098977
0.102889
0.092714
0.109144
0.094869
0.086297
0.104455
0.103452
0.097285
0.099195
0.093847
0.092957
0.088862
0.092995
0.088902
0.092077
0.082039
0.077182
0.069761
0.065935
0.079089
0.094424
0.097180
0.069759
0.083171
0.078922
0.106161
0.108822
0.099488
0.105865
0.099174
0.096575
0.104076
0.097338
0.103689
0.103958
0.100889
0.100474
0.103652
0.102991
0.102796
0.104179
0.101234
0.097595
0.104687
0.102505
0.103890
0.110463
0.110832
0.110784
0.077631
0.105479
0.101042
0.098209
0.084119
0.099404
0.092749
0.052956
0.049763
0.048161
0.061409
0.059891
0.061607
0.060893
0.068361
0.072723
0.076872
0.075605
0.081933
0.085876
0.089780
0.090297
0.090654
0.090851
0.091099
0.090600
0.096304
0.096103
0.092192
0.090967
0.090710
0.092244
0.091957
0.093881
0.091667
0.091986
0.087095
0.086424
0.088271
0.088362
0.087216
0.093623
0.093542
0.087083
0.087124
0.092675
0.093201
0.094262
0.093499
0.094644
0.092781
0.088256
0.093388
0.093364
0.093004
0.089553
0.091396
0.094660
0.093348
0.092601
0.094589
0.087564
0.087011
0.087125
0.081002
0.090514
0.080587
0.080624
0.090334
0.092622
0.093351
0.095835
0.094159
0.091738
0.093328
0.097069
0.095993
0.092833
0.092295
0.092520
0.093411
0.094965
0.092533
0.095988
0.097155
0.092696
0.094870
0.092821
0.092127
0.090797
0.091119
0.092011
0.090208
0.090995
0.092350
0.091257
0.082619
0.082134
0.081020
0.080567
0.081568
0.089452
0.091879
0.090615
0.090648
0.097801
0.090707
0.092339
0.091474
0.092439
0.092005
0.092319
0.092148
0.100651
0.100918
0.100063
0.101968
0.092285
0.093634
0.096904
0.097722
0.098163
0.098311
0.098053
0.097926
0.098438
0.094738
0.096944
0.097080
0.095882
0.096948
0.097761
0.098112
0.098665
0.098635
0.090415
0.090736
0.095599
0.091490
0.091729
0.095372
0.096899
0.095812
0.095837
0.095361
0.094894
0.096447
0.094728
0.095345
0.095453
0.094250
0.095147
0.095837
0.095073
0.094259
0.093070
0.095282
0.095311
0.095261
0.094886
0.094984
0.095076
0.095020
0.096226
0.096705
0.086039
0.085703
0.085837
0.079707
0.085494
0.093444
0.089655
0.090330
0.087026
0.087897
0.087077
0.087862
0.092768
0.092457
0.093571
0.093638
0.093812
0.094457
0.094576
0.094617
0.094114
0.093818
0.092500
0.093895
0.093737
0.094047
0.096266
0.095319
0.095335
0.096037
0.096670
0.093863
0.094366
0.096371
0.097593
0.096792
0.094871
0.093909
0.094887
0.096343
0.095755
0.096355
0.095272
0.095194
0.096073
0.096077
0.095972
0.095921
0.095348
0.095416
0.094103
0.095352
0.094985
0.095632
0.096303
0.093467
0.098465
0.100276
0.100424
0.103113
0.095264
0.091300
0.095838
0.092725
0.094861
0.093278
0.093077
0.091876
0.095135
0.092231
0.083552
0.088222
0.082061
0.082453
0.082211
0.083925
0.094630
0.091024
0.082673
0.081389
0.091703
0.081136
0.081676
0.081562
0.090660
0.082911
0.091922
0.083791
0.091116
0.091044
0.081940
0.082234
0.083129
0.082884
0.082790
0.082878
0.083812
0.090926
0.083914
0.082397
0.089569
0.089839
0.089306
0.089408
0.083752
0.090609
0.085128
0.085292
0.090983
0.086166
0.085992
0.085249
0.083720
0.082977
0.084476
0.085813
0.085550
0.084664
0.083205
0.084858
0.083096
0.089862
0.082920
0.083351
0.082687
0.082335
0.082287
0.082231
0.081782
0.083003
0.083204
0.083744
0.082462
0.082225
0.082768
0.081930
0.082176
0.082642
0.083362
0.082853
0.082867
0.082093
0.084409
0.082766
0.082291
0.083196
0.082160
0.081639
0.082597
0.083109
0.083200
0.083482
0.083257
0.081897
0.082810
0.082585
0.082016
0.083100
0.081721
0.081975
0.082855
0.083150
0.084056
0.084312
0.084134
0.081883
0.082583
0.082566
0.083263
0.083447
0.092724
0.082795
0.082293
0.091927
0.092630
0.092260
0.094828
0.091585
0.090477
0.090185
0.091556
0.092177
0.091847
0.091607
0.090574
0.091655
0.092274
0.092159
0.092350
0.097209
0.092095
0.092574
0.096257
0.092870
0.097000
0.091745
0.093497
0.093451
0.093279
0.091610
0.090824
0.090569
0.092431
0.092915
0.092611
0.093846
0.094011
0.095954
0.092546
0.097017
0.098031
0.095105
0.092118
0.093353
0.094146
0.093309
0.094065
0.092751
0.096587
0.091852
0.093670
0.091162
0.090411
0.092066
0.093934
0.090457
0.092760
0.092249
0.090299
0.090891
0.094500
0.094681
0.094554
0.094705
0.094454
0.094531
0.094470
0.091255
0.089660
0.094661
0.094571
0.095718
0.090036
0.089132
0.095229
0.094293
0.094063
0.094040
0.090126
0.091263
0.091721
0.092295
0.093918
0.090212
0.093888
0.091828
0.089541
0.093385
0.093572
0.092590
0.093928
0.095225
0.092587
0.093845
0.092719
0.092853
0.093894
0.090691
0.089803
0.093761
0.090496
0.092782
0.096511
0.094557
0.096005
0.095892
0.094115
0.093924
0.091333
0.090790
0.096271
0.095573
0.091683
0.096519
0.095375
0.095791
0.093802
0.093027
0.093535
0.093618
0.093766
0.093505
0.092640
0.092800
0.091373
0.092904
0.092989
0.092597
0.092594
0.092532
0.093982
0.093179
0.094637
0.093076
0.094302
0.093582
0.092890
0.096429
0.096132
0.096397
0.093005
0.093242
0.096497
0.097581
0.095232
0.093489
0.093507
0.093057
0.092685
0.092818
0.093149
0.093407
0.093664
0.093807
0.093615
0.092454
0.092886
0.094294
0.094361
0.095410
0.094960
0.097740
0.097060
0.095582
0.091611
0.091995
0.092587
0.093507
0.092714
0.092573
0.096263
0.097728
0.097432
0.097691
0.097833
0.092993
0.093615
0.097476
0.097512
0.097335
0.091863
0.093185
0.097300
0.093579
0.093460
0.093298
0.093538
0.093082
0.092904
0.097909
0.097186
0.097310
0.096111
0.097168
0.097453
0.097199
0.097196
0.094520
0.093122
0.094484
0.092830
0.093896
0.096727
0.097428
0.093479
0.096866
0.096182
0.092948
0.093664
0.093566
0.093861
0.093654
0.092189
0.093948
0.094285
0.093959
0.094127
0.093786
0.097414
0.093888
0.094021
0.093703
0.093068
0.092828
0.092928
0.091850
0.091997
0.091987
0.092216
0.093005
0.097305
0.102242
0.086840
0.093514
0.093427
0.090106
0.090648
0.092939
0.093997
0.101431
0.096007
0.097109
0.097416
0.096602
0.097922
0.097566
0.097634
0.096535
0.096967
0.097827
0.085187
0.085177
0.084246
0.084702
0.085110
0.085109
0.096437
0.096316
0.093836
0.094307
0.095710
0.093371
0.092619
0.094671
0.092981
0.093076
0.092911
0.093940
0.092211
0.094735
0.094860
0.093749
0.092574
0.085410
0.093891
0.084951
0.084875
0.097047
0.095682
0.096169
0.094947
0.098267
0.097006
0.097734
0.092560
0.092400
0.093760
0.095008
0.095824
0.093784
0.084820
0.086281
0.093265
0.093862
0.094163
0.092130
0.093020
0.095455
0.088796
0.092879
0.093936
0.094679
0.094767
0.093752
0.083352
0.092295
0.094412
0.094429
0.089853
0.082211
0.090811
0.088303
0.082588
0.089512
0.089188
0.082697
0.081956
0.080854
0.091994
0.092564
0.090616
0.087870
0.081203
0.081089
0.092631
0.087951
0.080393
0.091716
0.091377
0.088413
0.091559
0.090164
0.081685
0.081792
0.092672
0.082768
0.082868
0.082347
0.092542
0.092967
0.092392
0.093806
0.093953
0.093444
0.093357
0.091504
0.091504
0.093288
0.093509
0.092657
0.092422
0.093311
0.091747
0.094777
0.094467
0.091838
0.092023
0.081280
0.081305
0.091644
0.087541
0.089958
0.081384
0.091918
0.080701
0.081987
0.080146
0.091053
0.082035
0.080063
0.081584
0.081015
0.080963
0.080787
0.080800
0.081166
0.091399
0.080593
0.081183
0.090271
0.091760
0.090419
0.091222
0.082006
0.091033
0.091244
0.091908
0.091886
0.080362
0.079758
0.079692
0.080141
0.080156
0.095566
0.091287
0.083039
0.091267
0.090885
0.093013
0.091032
0.091924
0.092836
0.091432
0.092627
0.091740
0.081723
0.091375
0.092447
0.090725
0.082871
0.082854
0.082847
0.081058
0.081633
0.081145
0.081343
0.080365
0.081255
0.081055
0.082250
0.091571
0.091929
0.091363
0.092679
0.091375
0.090758
0.092856
0.091461
0.090402
0.092851
0.092009
0.093316
0.091064
0.093351
0.091755
0.093989
0.092267
0.094369
0.094281
0.094329
0.094547
0.092991
0.093096
0.094195
0.093277
0.091856
0.092869
0.092470
0.092731
0.091522
0.091245
0.091717
0.091801
0.091142
0.093224
0.093487
0.093296
0.092251
0.091968
0.097783
0.097584
0.097002
0.093277
0.098841
0.099546
0.097326
0.097648
0.089828
0.097679
0.093815
0.096893
0.100759
0.099238
0.101063
0.100830
0.100609
0.101220
0.090863
0.091780
0.091119
0.091809
0.091373
0.091882
0.089999
0.099639
0.098315
0.099304
0.100329
0.098841
0.082760
0.082979
0.084300
0.083418
0.091766
0.094551
0.094694
0.093136
0.092091
0.092743
0.094853
0.090841
0.091586
0.094419
0.091373
0.096307
0.099980
0.094665
0.094611
0.095345
0.094403
0.094613
0.095288
0.095317
0.090176
0.085499
0.096079
0.095288
0.095522
0.099825
0.097176
0.090493
0.089555
0.091340
0.093269
0.094875
0.090886
0.093704
0.094882
0.097069
0.089618
0.090213
0.090517
0.095385
0.090049
0.089902
0.091375
0.091075
0.090629
0.091124
0.092456
0.092734
0.091558
0.093318
0.095187
0.089898
0.095585
0.094899
0.094382
0.095789
0.094223
0.092345
0.095405
0.095971
0.091001
0.090865
0.091222
0.089539
0.094837
0.095354
0.095929
0.095786
0.093078
0.095759
0.091641
0.092434
0.091514
0.091737
0.091753
0.088269
0.092407
0.092035
0.091463
0.093926
0.088249
0.091809
0.097712
0.097524
0.097122
0.096540
0.099495
0.098608
0.083098
0.083349
0.095033
0.095192
0.095093
0.095973
0.099028
0.094098
0.095013
0.099886
0.093670
0.093517
0.082700
0.082777
0.082037
0.083726
0.083296
0.095354
0.092441
0.090426
0.090010
0.089714
0.091406
0.082929
0.090165
0.093607
0.082783
0.090833
0.091078
0.095119
0.094314
0.091400
0.094575
0.093620
0.091673
0.090535
0.096402
0.095385
0.092514
0.088072
0.088350
0.089530
0.090571
0.094829
0.088782
0.087290
0.088669
0.093272
0.088309
0.088998
0.087850
0.095007
0.093747
0.086914
0.092014
0.092909
0.086091
0.095310
0.085932
0.082493
0.082455
0.093454
0.087999
0.091680
0.091893
0.091434
0.092198
0.092571
0.083814
0.091616
0.095779
0.092599
0.092942
0.093113
0.083587
0.094999
0.086660
0.094372
0.095468
0.093172
0.093105
0.092942
0.093187
0.092934
0.095546
0.093373
0.093250
0.092637
0.092564
0.092489
0.092629
0.092893
0.093762
0.093437
0.095012
0.087169
0.093245
0.092487
0.092598
0.091620
0.094469
0.095106
0.092355
0.092062
0.091157
0.093801
0.091806
0.090511
0.095193
0.093756
0.091267
0.093147
0.083492
0.078726
0.076063
0.068644
0.065383
0.060781
0.055053
0.049809
0.045101
0.040869
0.035025
0.033259
0.031544
0.021423
0.015382
0.011360
0.008817
0.007888
0.001923
0.000440
0.000024
0.000029
0.000019
0.000019
0.000018
0.000017
0.000018
0.000005
0.000005
0.000005
0.000005
0.000005
0.000005
0.000005
0.000005
0.000005
0.000005
0.000005
0.000005
0.000005
0.000005
0.000005
0.000005
0.000005
0.000005
0.000005
0.000005
0.000005
0.000005
0.000004
0.000004
0.000004
0.000004
0.000004
0.000004
0.000004
0.000004
0.000004
0.000004
0.000003
0.000003
0.000003
0.000003
0.000003
0.000003
0.000003
0.000003
0.000003
0.000003
0.000003
0.000003
0.000003
0.000003
0.000003
0.000003
0.000003
0.000003
0.000003
0.000003
0.000003
0.000003
0.000003
0.000003
0.000003
0.000003
0.000003
0.000003
0.000003
0.000003
0.000003
0.000003
0.000003
0.000003
0.000003
0.000003
0.000003
0.000003
0.000003
0.000003
0.000003
0.000003
0.000003
0.000003
0.000003
0.000003
0.000003
0.000003
0.000003
0.000003
0.000003
0.000003
0.000003
0.000003
0.000003
0.000003
0.000003
0.000003
0.000003
0.000003
0.000003
0.000003
0.000003
0.000003
0.000003
0.000003
0.000003
0.000003
0.000003
0.000003
0.000003
0.000003
0.000003
0.000003
0.000003
0.000003
0.000003
0.000003
0.000003
0.000003
0.000003
0.000003
0.000003
0.000003
0.000003
0.000003
0.000003
0.000003
0.000002
0.000002
0.000002
0.000002
0.000002
0.000002
0.000002
0.000002
0.000002
0.000002
0.000002
0.000002
0.000002
0.000002
0.000002
0.000002
0.000002
0.000002
0.000002
0.000002
0.000002
0.000002
0.000002
0.000002
0.000002
0.000002
0.000002
0.000002
0.000002
0.000002
0.000002
0.000002
0.000002
0.000002
0.000002
0.000002
0.000002
0.000002
0.000002
0.000002
0.000002
0.000002
0.000002
0.000002
0.000002
0.000002
0.000002
0.000002
0.000002
0.000002
0.000002
0.000002
0.000002
0.000002
0.000002
0.000002
0.000002
0.000002
0.000002
0.000002
0.000000
0.000000
0.000000
0.000000
0.000000
0.000000
0.000000
0.000000
0.000000
0.000000
0.000000
0.000000
0.000001
0.000431
0.001428
0.003674
0.006701
0.010403
0.016754
0.024314
0.034226
0.048614
0.060158
0.074076
0.085301
0.100682
0.117503
0.132374
0.159048
0.139406
0.141464
0.141374
0.141438
0.142435
0.142596
0.136859
0.136876
0.136875
0.136880
0.136889
0.141775
0.141774
0.136931
0.142515
0.141556
0.141569
0.141525
0.141529
0.141529
0.141529
0.141529
0.136962
0.136958
0.136958
0.136962
0.141509
0.141511
0.141511
0.136957
0.136959
0.141617
0.141619
0.141619
0.141619
0.141629
0.141600
0.141594
0.141593
0.141557
0.141586
0.141588
0.141588
0.141599
0.141597
0.141580
0.141580
0.141580
0.141562
0.141604
0.141604
0.141606
0.141556
0.141620
0.141621
0.141623
0.141618
0.141581
0.141580
0.141581
0.141580
0.141580
0.141580
0.141580
0.141581
0.141581
0.141581
0.141581
0.141578
0.141578
0.141578
0.141608
0.141607
0.141607
0.141607
0.141608
0.141573
0.141660
0.141631
0.141631
0.141631
0.141631
0.141631
0.141632
0.141631
0.141632
0.141632
0.141632
0.141632
0.141632
0.141501
0.141539
0.141539
0.141539
0.141540
0.141538
0.141538
0.141538
0.141503
0.141553
0.141553
0.141553
0.141623
0.141585
0.141597
0.141597
0.141598
0.141543
0.141664
0.141664
0.141663
0.141664
0.141664
0.141664
0.141664
0.141627
0.141627
0.141575
0.141537
0.141525
0.141526
0.141597
0.141596
0.141596
0.141596
0.141596
0.141596
0.141596
0.141596
0.141596
0.141596
0.141596
0.141596
0.141596
0.141597
0.141596
0.141596
0.141596
0.141596
0.141596
0.141596
0.141596
0.141596
0.141595
0.141595
0.141595
0.141596
0.141595
0.141595
0.141595
0.141688
0.141687
0.141687
0.141687
0.141688
0.141688
0.141688
0.141688
0.141688
0.141589
0.141593
0.141593
0.141593
0.141593
0.141593
0.141593
0.141593
0.141593
0.141593
0.141593
0.141593
0.141593
0.141593
0.141593
