0.185459
0.179050
0.179476
0.172665
0.184882
0.178225
0.161417
0.167884
0.155569
0.115627
0.144681
0.177780
0.121906
0.144908
0.115725
0.112499
0.116113
0.118631
0.120957
0.122439
0.125012
0.127071
0.130352
0.133877
0.134653
0.138707
0.137888
0.143549
0.141844
0.145277
0.146286
0.146774
0.147120
0.147715
0.147165
0.146994
0.146735
0.146878
0.147541
0.147189
0.147464
0.147860
0.147005
0.147232
0.147181
0.147087
0.147064
0.148172
0.147613
0.149248
0.148668
0.147323
0.148726
0.148822
0.148822
0.148822
0.148822
0.148840
0.148971
0.148967
0.148913
0.148893
0.147112
0.147117
0.148311
0.148604
0.147439
0.147436
0.147434
0.147785
0.147770
0.147770
0.147770
0.147241
0.147207
0.147199
0.146593
0.147962
0.147876
0.147876
0.147876
0.148839
0.148507
0.148506
0.148726
0.147598
0.147447
0.148013
0.147546
0.148286
0.147272
0.147756
0.147724
0.147725
0.147727
0.147812
0.143411
0.143751
0.143405
0.142174
0.143424
0.144228
0.145040
0.129528
0.115221
0.131680
0.140386
0.107803
0.117092
0.122379
0.096697
0.089632
0.092704
0.083947
0.087723
0.089008
0.083045
0.082702
0.083586
0.084876
0.084553
0.085305
0.083093
0.083581
0.082475
0.087829
0.097341
0.085314
0.083743
0.083563
0.102213
0.084036
0.099448
0.105837
0.107800
0.085506
0.086330
0.087219
0.113705
0.087409
0.089636
0.088464
0.104541
0.094936
0.107350
0.079869
0.080013
0.083305
0.087304
0.090899
0.081655
0.081344
0.088199
0.084258
0.084352
0.082978
0.084936
0.083519
0.084384
0.089457
0.087899
0.085575
0.088287
0.084397
0.086707
0.087228
0.086465
0.086787
0.085859
0.084437
0.086807
0.083242
0.084162
0.084183
0.083357
0.084155
0.084583
0.086437
0.083664
0.083531
0.083833
0.085623
0.086554
0.089972
0.087142
0.087361
0.086159
0.088526
0.084911
0.086883
0.084729
0.083593
0.091390
0.091228
0.082151
0.088554
0.087029
0.087953
0.087218
0.081479
0.083627
0.091413
0.087299
0.087724
0.087518
0.086486
0.090359
0.088932
0.086449
0.088632
0.083818
0.083513
0.084150
0.084405
0.080902
0.082048
0.083877
0.081249
0.080415
0.080462
0.081332
0.091258
0.090464
0.089353
0.089202
0.075085
0.068612
0.064897
0.066756
0.064559
0.070746
0.064253
0.063851
0.063496
0.069130
0.064235
0.075014
0.063508
0.074165
0.065146
0.065368
0.069070
0.065007
0.065635
0.064531
0.064928
0.066324
0.066679
0.063944
0.064114
0.065610
0.064831
0.065721
0.075863
0.069572
0.077087
0.075560
0.069251
0.079832
0.080433
0.076410
0.080308
0.080544
0.080153
0.080382
0.079972
0.080398
0.080008
0.081061
0.081880
0.080380
0.079492
0.079394
0.078762
0.078407
0.078809
0.079145
0.078747
0.080225
0.079356
0.081696
0.080528
0.075674
0.076651
0.076023
0.076249
0.064389
0.080258
0.080957
0.077553
0.077389
0.074918
0.074366
0.076827
0.081799
0.081563
0.081022
0.081145
0.069118
0.081588
0.080481
0.081538
0.082483
0.081271
0.082053
0.082077
0.078472
0.079853
0.079389
0.079145
0.080652
0.080631
0.066821
0.065726
0.073022
0.073290
0.072858
0.074072
0.074674
0.074880
0.073985
0.074465
0.074488
0.075037
0.075391
0.075816
0.074834
0.076488
0.075912
0.076278
0.076029
0.076697
0.062421
0.061671
0.058610
0.076278
0.076519
0.076321
0.076085
0.076055
0.076544
0.076149
0.076432
0.076424
0.076390
0.076721
0.076045
0.076153
0.052775
0.063869
0.076398
0.064020
0.062884
0.063217
0.063443
0.055413
0.053235
0.063300
0.063164
0.053401
0.055988
0.053007
0.063955
0.052477
0.052476
0.053357
0.053272
0.053817
0.053156
0.052805
0.052259
0.056900
0.052370
0.169675
0.169369
0.173144
0.176214
0.173604
0.172986
0.172826
0.172471
0.173533
0.173671
0.172052
0.170717
0.169986
0.171515
0.170971
0.171014
0.170054
0.172141
0.171239
0.171275
0.170861
0.169306
0.172098
0.172966
0.173667
0.174187
0.173561
0.172745
0.174522
0.170189
0.171891
0.170882
0.169196
0.166478
0.165018
0.167252
0.167000
0.166902
0.167340
0.167577
0.166795
0.167192
0.168913
0.168015
0.169208
0.166972
0.165597
0.169265
0.170902
0.168772
0.168733
0.167029
0.169628
0.166914
0.168757
0.167478
0.163239
0.162614
0.163161
0.168247
0.170999
0.170854
0.169268
0.170139
0.172633
0.172621
0.169462
0.167477
0.168720
0.168443
0.172232
0.171632
0.171022
0.164030
0.168501
0.166891
0.164066
0.168536
0.168624
0.167588
0.164002
0.171580
0.171184
0.171325
0.171597
0.170838
0.171097
0.174072
0.167259
0.167437
0.166016
0.164600
0.169711
0.166434
0.168614
0.167589
0.171481
0.168044
0.168090
0.170286
0.169927
0.173033
0.170601
0.166396
0.170326
0.170170
0.174113
0.171086
0.178573
0.176699
0.163805
0.174765
0.182961
0.174159
0.179697
0.172301
0.169575
0.174480
0.179815
0.168284
0.168350
0.172714
0.171200
0.166473
0.172393
0.171922
0.171629
0.175131
0.173770
0.172878
0.174959
0.178567
0.179616
0.177123
0.175281
0.172704
0.177061
0.178757
0.175385
0.175818
0.175809
0.178647
0.177211
0.178720
0.176443
0.177751
0.180151
0.176882
0.176792
0.177050
0.182642
0.176899
0.181246
0.179073
0.178313
0.168809
0.167833
0.173460
0.174940
0.173149
0.173620
0.173104
0.174331
0.172955
0.174998
0.173377
0.172255
0.175417
0.174560
0.175660
0.093710
0.099830
0.102716
0.100468
0.101501
0.103036
0.101586
0.101174
0.100341
0.099105
0.104352
0.121687
0.097855
0.105455
0.104970
0.121687
0.115723
0.123435
0.106554
0.105850
0.121881
0.115152
0.106468
0.105232
0.123327
0.121079
0.104375
0.102262
0.138846
0.154620
0.198118
0.221964
0.222562
0.227145
0.219803
0.222837
0.193990
0.205859
0.135368
0.131668
0.147210
0.135824
0.139560
0.149468
0.155140
0.135890
0.140171
0.132693
0.151518
0.136497
0.115492
0.150908
0.147299
0.136643
0.141247
0.108844
0.109108
0.110538
0.124514
0.135376
0.101161
0.090605
0.093095
0.091413
0.109884
0.110820
0.135980
0.147510
0.147702
0.087923
0.145899
0.144120
0.093148
0.144878
0.146261
0.148006
0.148823
0.143613
0.147871
0.143763
0.145676
0.146457
0.147656
0.162078
0.165179
0.151093
0.150302
0.150706
0.153750
0.153258
0.153581
0.155927
0.155479
0.157340
0.154771
0.154060
0.149879
0.149401
0.148568
0.150261
0.149930
0.147603
0.145756
0.140375
0.150641
0.151214
0.143616
0.146028
0.146799
0.152118
0.150252
0.149762
0.145891
0.141050
0.143172
0.142472
0.152433
0.130797
0.130742
0.131623
0.132763
0.131038
0.129616
0.128642
0.127775
0.133689
0.130404
0.115712
0.131676
0.137302
0.134069
0.128877
0.097183
0.097622
0.101681
0.126542
0.113427
0.111243
0.106250
0.127622
0.131864
0.130474
0.127763
0.128974
0.130200
0.109907
0.172668
0.171783
0.177657
0.177588
0.178330
0.177645
0.177393
0.178808
0.179367
0.179834
0.178897
0.179829
0.179205
0.177146
0.177513
0.171991
0.172706
0.173060
0.173967
0.170599
0.166470
0.170261
0.169468
0.171581
0.165763
0.169993
0.169844
0.169580
0.169299
0.169145
0.170355
0.169368
0.170306
0.171208
0.172374
0.172295
0.170375
0.171353
0.171388
0.168248
0.168364
0.171725
0.168739
0.168187
0.168742
0.171531
0.172459
0.170012
0.172511
0.172086
0.172659
0.172501
0.171893
0.173312
0.171677
0.171064
0.171296
0.171478
0.168255
0.167936
0.169186
0.169701
0.166411
0.163310
0.163479
0.165961
0.167274
0.164380
0.163477
0.164303
0.167238
0.171411
0.173052
0.171606
0.174295
0.174264
0.175241
0.174555
0.173841
0.178689
0.178430
0.197476
0.196489
0.196239
0.196283
0.196591
0.187601
0.182768
0.200719
0.187703
0.205986
0.190926
0.201379
0.198506
0.199476
0.202019
0.231529
0.202886
0.202601
0.203962
0.146334
0.146845
0.200402
0.195340
0.196249
0.195549
0.196312
0.196808
0.196783
0.193241
0.195729
0.197538
0.198347
0.196510
0.198053
0.199074
0.197452
0.198196
0.197015
0.195555
0.196481
0.195182
0.195624
0.194978
0.188158
0.195598
0.189454
0.190596
0.190726
0.194179
0.194826
0.193668
0.196776
0.194511
0.191322
0.196319
0.199751
0.191297
0.195160
0.195326
0.194862
0.195354
0.194137
0.194576
0.197568
0.196655
0.191299
0.195769
0.195373
0.195071
0.195070
0.196077
0.195302
0.196555
0.197766
0.199000
0.196300
0.196624
0.193142
0.192818
0.195313
0.195452
0.194210
0.195495
0.195558
0.196593
0.194241
0.194128
0.193985
0.195276
0.194981
0.159768
0.193728
0.205910
0.195236
0.194018
0.195025
0.158357
0.153073
0.192083
0.150985
0.144220
0.188281
0.190822
0.193397
0.192329
0.191782
0.191732
0.191782
0.191394
0.193308
0.191112
0.193118
0.191664
0.191424
0.152487
0.155610
0.155309
0.192397
0.192136
0.191391
0.190713
0.191871
0.191475
0.191853
0.191497
0.150923
0.192148
0.191597
0.188309
0.194771
0.188613
0.188549
0.191878
0.191477
0.191288
0.194024
0.192612
0.192861
0.197118
0.196552
0.194010
0.195786
0.187282
0.187903
0.195140
0.196563
0.194687
0.196028
0.196066
0.195061
0.198713
0.195602
0.195013
0.195624
0.193983
0.191494
0.190819
0.193788
0.194481
0.193285
0.192316
0.193208
0.193212
0.193947
0.151050
0.192023
0.192375
0.150892
0.191579
0.194033
0.193061
0.192592
0.192704
0.205245
0.222885
0.205474
0.205145
0.225457
0.204537
0.198746
0.199676
0.199025
0.225627
0.217576
0.224553
0.227857
0.226864
0.226216
0.224990
0.226549
0.225676
0.219917
0.221924
0.227350
0.225424
0.227373
0.222239
0.227046
0.224620
0.225303
0.225417
0.227146
0.223044
0.227553
0.225354
0.227138
0.225987
0.217109
0.224078
0.220667
0.219546
0.219828
0.220796
0.221098
0.223638
0.223066
0.223742
0.224302
0.223002
0.221802
0.222606
0.216765
0.220752
0.218190
0.219030
0.218747
0.222653
0.224762
0.221192
0.218696
0.219410
0.220272
0.216874
0.223153
0.218400
0.219089
0.220169
0.220162
0.216833
0.214669
0.215555
0.217440
0.221401
0.222448
0.215402
0.224399
0.222158
0.215383
0.221293
0.222373
0.221705
0.212749
0.220829
0.215077
0.216061
0.216587
0.218118
0.218918
0.218435
0.220416
0.213949
0.216574
0.220827
0.214303
0.214667
0.216912
0.216718
0.215903
0.216153
0.215529
0.216686
0.215832
0.215717
0.216760
0.219526
0.221241
0.225146
0.218532
0.219645
0.218988
0.223880
0.221840
0.226221
0.223085
0.221270
0.220671
0.220844
0.220653
0.219615
0.219405
0.224732
0.222258
0.219608
0.223907
0.223824
0.219397
0.220928
0.220845
0.226079
0.219131
0.220462
0.220717
0.221694
0.223490
0.219908
0.221797
0.224350
0.224018
0.221611
0.225928
0.225530
0.226447
0.222368
0.226477
0.226267
0.225796
0.224690
0.224853
0.230096
0.224252
0.225726
0.222174
0.220160
0.228150
0.226159
0.220489
0.222096
0.226965
0.222125
0.228406
0.222625
0.230152
0.224518
0.224577
0.225185
0.225352
0.225327
0.224978
0.225791
0.225603
0.220661
0.222642
0.222438
0.222795
0.222568
0.223577
0.222144
0.220975
0.220832
0.221504
0.221891
0.222420
0.222212
0.224282
0.220952
0.217576
0.217781
0.223404
0.218447
0.221859
0.218620
0.221522
0.218212
0.217442
0.218226
0.216564
0.216869
0.222438
0.217607
0.223567
0.224792
0.222884
0.220634
0.220787
0.221760
0.219029
0.217832
0.216897
0.223936
0.224983
0.202849
0.194969
0.193757
0.192895
0.194865
0.190590
0.191571
0.198996
0.198969
0.193311
0.187543
0.182992
0.182402
0.188742
0.185116
0.181246
0.180192
0.181838
0.180401
0.179033
0.180714
0.180437
0.184575
0.181809
0.193538
0.194532
0.197123
0.183963
0.193937
0.197311
0.196699
0.192094
0.194241
0.192400
0.194191
0.192935
0.196095
0.192443
0.193900
0.195859
0.198071
0.192377
0.194349
0.198254
0.197051
0.198625
0.188168
0.197533
0.188552
0.195602
0.190136
0.205159
0.192770
0.184387
0.194139
0.192114
0.191027
0.176675
0.195439
0.192818
0.190825
0.192921
0.194445
0.193776
0.197166
0.197642
0.191474
0.199461
0.204019
0.202332
0.190648
0.189778
0.190712
0.190859
0.194261
0.189616
0.187685
0.205699
0.193236
0.200043
0.200023
0.198774
0.208019
0.194491
0.201194
0.193204
0.199675
0.193985
0.192090
0.205840
0.197253
0.196470
0.201719
0.210121
0.200771
0.205607
0.208940
0.209352
0.209295
0.209127
0.210825
0.202974
0.212549
0.214330
0.207768
0.212085
0.204952
0.201527
0.205158
0.194426
0.196085
0.198436
0.195918
0.192312
0.197456
0.197546
0.197774
0.194764
0.193917
0.193284
0.195730
0.192179
0.197557
0.191572
0.196772
0.198336
0.210519
0.197419
0.198915
0.198359
0.205294
0.197288
0.201018
0.204152
0.199717
0.196579
0.209831
0.193833
0.193306
0.207675
0.191167
0.193831
0.192293
0.195864
0.195340
0.194138
0.191835
0.190804
0.196740
0.193090
0.191153
0.193002
0.190306
0.194814
0.190547
0.193138
0.192351
0.186991
0.198894
0.202622
0.190759
0.195454
0.194878
0.193309
0.214910
0.207305
0.198535
0.197411
0.201205
0.199943
0.201391
0.202661
0.203523
0.132156
0.131360
0.131253
0.130886
0.131682
0.131467
0.131368
0.131219
0.130446
0.129920
0.129921
0.130651
0.131271
0.130469
0.130548
0.130049
0.130362
0.130045
0.130034
0.130229
0.130247
0.129562
0.130602
0.130966
0.130553
0.130917
0.131495
0.131561
0.130924
0.130839
0.131143
0.131364
0.132203
0.128320
0.131432
0.130258
0.130719
0.131019
0.131437
0.131034
0.131436
0.132207
0.132311
0.131454
0.132131
0.130729
0.131044
0.131334
0.131781
0.129050
0.132219
0.131729
0.131848
0.131842
0.131569
0.130734
0.129216
0.131904
0.128835
0.131503
0.130624
0.131840
0.130821
0.130871
0.130120
0.131294
0.132019
0.131186
0.131141
0.130768
0.130972
0.130747
0.130992
0.131174
0.131497
0.131043
0.131008
0.131327
0.131263
0.130727
0.131143
0.131240
0.132163
0.131525
0.130903
0.131841
0.131327
0.131453
0.130421
0.130823
0.130808
0.130775
0.131100
0.131927
0.131997
0.119033
0.124545
0.125501
0.124357
0.125950
0.129702
0.129857
0.130141
0.128810
0.129942
0.120387
0.121385
0.124902
0.129492
0.130588
0.129302
0.129204
0.128994
0.129186
0.129900
0.130180
0.130633
0.127898
0.128596
0.128829
0.129110
0.128420
0.129443
0.129007
0.129393
0.129106
0.128577
0.128823
0.132551
0.132964
0.129186
0.129682
0.129676
0.129152
0.132846
0.130458
0.129878
0.130331
0.133040
0.129766
0.130121
0.129999
0.131699
0.126010
0.129786
0.131495
0.132372
0.130390
0.133085
0.130028
0.129488
0.129476
0.133307
0.133019
0.132536
0.132705
0.132616
0.133358
0.132736
0.133221
0.133172
0.132236
0.132209
0.132884
0.133300
0.133567
0.134519
0.133383
0.133257
0.134032
0.134207
0.133310
0.133583
0.134333
0.133624
0.129693
0.132927
0.133455
0.133276
0.134466
0.134040
0.133080
0.132966
0.130323
0.134235
0.133351
0.131227
0.131434
0.130184
0.129610
0.134217
0.134041
0.099121
0.096922
0.095247
0.094464
0.095533
0.095492
0.094530
0.095605
0.095078
0.094934
0.095255
0.095606
0.095535
0.095210
0.098518
0.098252
0.095585
0.095814
0.097631
0.097035
0.097163
0.094584
0.095808
0.097643
0.098664
0.095587
0.133832
0.097592
0.094487
0.094198
0.094040
0.095226
0.094366
0.097804
0.133571
0.097205
0.133978
0.098143
0.134797
0.098469
0.134211
0.134606
0.134982
0.134727
0.134470
0.098649
0.098332
0.098177
0.098320
0.098641
0.099157
0.098781
0.098892
0.098312
0.098939
0.098272
0.098202
0.098316
0.098431
0.133667
0.134630
0.134082
0.097834
0.096678
0.098570
0.134639
0.134003
0.134177
0.134398
0.097477
0.097998
0.099061
0.098372
0.098260
0.097438
0.097810
0.097301
0.097162
0.097685
0.097799
0.097781
0.097499
0.097138
0.097257
0.096397
0.096915
0.097404
0.098256
0.098856
0.098806
0.097936
0.098148
0.098444
0.098992
0.098192
0.097923
0.097459
0.096300
0.116377
0.207291
0.222284
0.222222
0.224868
0.220328
0.221565
0.179450
0.159288
0.123110
0.029862
0.026227
0.024551
0.025182
0.026462
0.032432
0.032738
0.032173
0.032481
0.031154
0.028056
0.028746
0.028915
0.028461
0.028282
0.028601
0.028555
0.030168
0.031268
0.031825
0.032992
0.038191
0.037121
0.036581
0.036518
0.038018
0.036515
0.037033
0.036555
0.029195
0.029666
0.029490
0.030794
0.030744
0.030250
0.028957
0.029398
0.028180
0.028098
0.028987
0.029765
0.030099
0.035951
0.033827
0.030632
0.031748
0.032581
0.030022
0.026780
0.023549
0.027002
0.029201
0.030089
0.028968
0.028908
0.024654
0.024512
0.030212
0.028806
0.029863
0.029922
0.030067
0.030270
0.033601
0.034268
0.034536
0.035886
0.036394
0.035780
0.035662
0.035129
0.034493
0.034177
0.032722
0.033362
0.033424
0.032554
0.031774
0.028373
0.020994
0.017079
0.014956
0.013636
0.013422
0.012687
0.011917
0.011750
0.012219
0.013083
0.013240
0.013125
0.014458
0.014943
0.015112
0.014420
0.014557
0.014697
0.014990
0.015442
0.016316
0.016265
0.014467
0.014441
0.014767
0.014258
0.013735
0.014148
0.014676
0.014645
0.014078
0.013763
0.013860
0.013292
0.011920
0.011589
0.011624
0.011755
0.010645
0.010177
0.011177
0.012653
0.012538
0.012624
0.012588
0.011688
0.011019
0.010325
0.009940
0.008749
0.007729
0.005304
0.004609
0.004178
0.000805
0.000000
0.000621
0.001070
0.001556
0.002377
0.002691
0.003203
0.002359
0.002233
0.002177
0.002832
0.002815
0.002996
0.004168
0.004199
0.005664
0.005241
0.005053
0.003726
0.004222
0.004334
0.004179
0.004825
0.004729
0.004830
0.004268
0.003575
0.003501
0.003832
0.003392
0.003515
0.003008
0.003295
0.003150
0.002226
0.002238
0.004071
0.004155
0.003401
0.002227
0.002298
0.003118
0.003825
0.003110
0.004301
0.005939
0.010610
0.017125
0.018282
0.017831
0.021069
0.019850
0.018500
0.037326
0.057762
0.072783
0.071472
0.073831
0.076514
0.088457
0.080984
0.078474
0.078217
0.080203
0.079652
0.078484
0.079033
0.078619
0.078594
0.078160
0.078085
0.078381
0.078825
0.078604
0.078964
0.077856
0.077264
0.080105
0.079717
0.079350
0.079209
0.079117
0.078945
0.078729
0.077938
0.078196
0.078201
0.078007
0.077934
0.077832
0.077631
0.076656
0.077298
0.077195
0.076387
0.075662
0.075579
0.076080
0.076268
0.075624
0.126515
0.130056
0.132233
0.129715
0.129649
0.127840
0.130171
0.129008
0.129777
0.130656
0.129398
0.129016
0.128775
0.129393
0.127842
0.124045
0.127672
0.123057
0.122841
0.127515
0.129588
0.126827
0.127053
0.129197
0.127172
0.126778
0.125804
0.127412
0.127170
0.130101
0.128793
0.129461
0.126359
0.124754
0.122050
0.127286
0.127744
0.125349
0.126105
0.126783
0.126201
0.125570
0.126840
0.127157
0.131108
0.127754
0.127034
0.115369
0.115487
0.114545
0.114003
0.111216
0.112447
0.123396
0.123958
0.121609
0.132741
0.139289
0.138423
0.139895
0.144200
0.143061
0.144505
0.144096
0.145570
0.153075
0.144271
0.151235
0.161401
0.153050
0.149877
0.151568
0.155599
0.156494
0.153296
0.152763
0.151686
0.154805
0.153030
0.148860
0.161514
0.161272
0.157193
0.169556
0.152036
0.149718
0.151125
0.152851
0.143615
0.149809
0.149782
0.148779
0.143735
0.146336
0.147285
0.144977
0.149245
0.148114
0.147703
0.145699
0.145656
0.147125
0.146086
0.144095
0.143133
0.141061
0.140050
0.143397
0.141722
0.139544
0.139438
0.139454
0.128361
0.131149
0.139284
0.139939
0.142459
0.142932
0.142393
0.133665
0.141164
0.143397
0.143349
0.148025
0.149629
0.153606
0.153780
0.155926
0.152370
0.156772
0.152239
0.151266
0.143175
0.154173
0.149245
0.143697
0.144445
0.143717
0.138009
0.137616
0.142955
0.141015
0.146332
0.142827
0.150734
0.145943
0.150021
0.150138
0.148678
0.147064
0.146112
0.149229
0.149468
0.147929
0.142948
0.145242
0.144864
0.141565
0.141714
0.143276
0.142406
0.142745
0.144403
0.144381
0.145597
0.145577
0.143474
0.143888
0.145117
0.141789
0.136824
0.137263
0.136399
0.133446
0.136015
0.135459
0.138541
0.136392
0.138419
0.137979
0.138401
0.139026
0.135497
0.134311
0.133074
0.125794
0.126367
0.127100
0.127608
0.123414
0.124797
0.124533
0.122014
0.118277
0.115435
0.117448
0.116336
0.113096
0.117366
0.116741
0.116941
0.118184
0.116778
0.116322
0.116732
0.116518
0.127000
0.126728
0.115713
0.112322
0.095245
0.089979
0.085512
0.084903
0.081305
0.090667
0.090785
0.092131
0.093789
0.098692
0.096577
0.097947
0.095240
0.091392
0.087483
0.083986
0.086455
0.085944
0.089954
0.088121
0.097226
0.083391
0.084576
0.091548
0.093988
0.071241
0.125996
0.128185
0.128348
0.128437
0.127741
0.128706
0.129599
0.125518
0.128776
0.125448
0.128575
0.123573
0.125691
0.126703
0.120440
0.120226
0.120130
0.127378
0.120004
0.117516
0.126603
0.127375
0.128854
0.128035
0.120380
0.128740
0.129426
0.128604
0.120143
0.123457
0.123620
0.126245
0.122175
0.122663
0.128422
0.128989
0.129625
0.129414
0.131022
0.130343
0.133554
0.138905
0.136480
0.135046
0.140997
0.137251
0.135955
0.126742
0.122067
0.124065
0.125444
0.124215
0.125707
0.125304
0.124099
0.125349
0.123076
0.121478
0.122905
0.126247
0.124491
0.122853
0.121956
0.127932
0.120306
0.125799
0.125388
0.126487
0.126180
0.126459
0.123113
0.126335
0.126850
0.126489
0.127324
0.124730
0.122582
0.124224
0.122806
0.129335
0.129646
0.128380
0.129467
0.127784
0.126688
0.127716
0.127270
0.127005
0.129915
0.128754
0.127708
0.129344
0.128463
0.128818
0.126308
0.126094
0.124254
0.129259
0.128288
0.126619
0.129119
0.129207
0.130087
0.127233
0.128205
0.127088
0.129651
0.122397
0.129255
0.129728
0.123214
0.120824
0.123797
0.123070
0.122940
0.124752
0.126654
0.131575
0.131138
0.132145
0.126826
0.125028
0.130367
0.130118
0.130720
0.133776
0.130410
0.129374
0.131628
0.130392
0.126195
0.137311
0.126019
0.129516
0.127049
0.130188
0.128510
0.132311
0.134822
0.133930
0.132528
0.133845
0.135848
0.131138
0.132018
0.133003
0.133402
0.132813
0.141505
0.134702
0.135964
0.139679
0.139193
0.138990
0.139057
0.136546
0.139431
0.140533
0.139961
0.139515
0.141208
0.139371
0.137077
0.139233
0.129373
0.129913
0.120284
0.102304
0.098740
0.099165
0.101151
0.089129
0.104703
0.119786
0.106039
0.081313
0.085027
0.083497
0.085000
0.093234
0.116182
0.087151
0.089828
0.087122
0.086901
0.095875
0.069074
0.069538
0.093608
0.098008
0.083712
0.121202
0.111545
0.089547
0.078982
0.081181
0.064750
0.131608
0.117195
0.100964
0.105176
0.109706
0.112535
0.085364
0.085924
0.083379
0.089019
0.091341
0.110430
0.109472
0.089002
0.123573
0.123834
0.118998
0.100615
0.107117
0.106367
0.105152
0.081222
0.081237
0.091695
0.077607
0.072958
0.079672
0.096469
0.079637
0.063489
0.071552
0.098484
0.080685
0.085307
0.101577
0.091891
0.085188
0.085752
0.095741
0.104389
0.108980
0.088600
0.085555
0.087249
0.098879
0.105798
0.094344
0.090724
0.107742
0.106970
0.108815
0.100117
0.092347
0.093076
0.096296
0.093226
0.087634
0.087855
0.085885
0.089945
0.087426
0.105478
0.101896
0.095309
0.099779
0.099611
0.096260
0.091012
0.102827
0.090049
0.091021
0.090495
0.096442
0.096084
0.118794
0.121711
0.128177
0.123925
0.119601
0.117833
0.122318
0.127024
0.146174
0.113998
0.114641
0.121341
0.117264
0.114879
0.114000
0.112137
0.115776
0.120806
0.118954
0.121879
0.123892
0.147438
0.156866
0.165578
0.151592
0.152763
0.151878
0.149508
0.167619
0.159373
0.166830
0.155342
0.155759
0.154500
0.151619
0.150208
0.155974
0.157997
0.147761
0.147236
0.161959
0.141218
0.146243
0.137537
0.135878
0.096914
0.099602
0.100090
0.096593
0.095737
0.095015
0.094711
0.095134
0.093691
0.097738
0.097998
0.098044
0.097875
0.099274
0.101834
0.097817
0.099982
0.099992
0.100274
0.100035
0.099114
0.097684
0.096942
0.096732
0.096085
0.095045
0.095193
0.095418
0.098290
0.100129
0.100347
0.101858
0.101672
0.102105
0.101141
0.099696
0.099759
0.099296
0.101432
0.098825
0.098996
0.099376
0.099257
0.097343
0.102587
0.099232
0.100785
0.099996
0.096697
0.097471
0.100091
0.099644
0.096850
0.097760
0.096135
0.092882
0.099312
0.098078
0.097805
0.098219
0.095576
0.095111
0.096212
0.097104
0.096153
0.099613
0.097976
0.098071
0.095986
0.095889
0.096995
0.098832
0.101801
0.101370
0.105571
0.110499
0.112199
0.108331
0.108121
0.105973
0.108984
0.106891
0.100589
0.108722
0.108075
0.099024
0.091673
0.090006
0.094135
0.093856
0.089999
0.089081
0.094277
0.100729
0.091512
0.091994
0.098300
0.099159
0.101180
0.096868
0.099231
0.093343
0.092461
0.096785
0.097454
0.092835
0.093898
0.093443
0.093245
0.096999
0.097862
0.096734
0.098255
0.096303
0.096563
0.100315
0.101426
0.097794
0.098996
0.099937
0.097610
0.103187
0.103093
0.097185
0.096190
0.096532
0.097412
0.098221
0.097929
0.095489
0.099658
0.101438
0.102181
0.104776
0.099259
0.104984
0.098928
0.098738
0.098368
0.098486
0.100004
0.099469
0.099061
0.095598
0.095746
0.100644
0.094478
0.095874
0.096101
0.099620
0.115578
0.105967
0.103149
0.101399
0.111811
0.102610
0.102469
0.101856
0.103228
0.103020
0.100050
0.103101
0.102166
0.096281
0.098745
0.099505
0.099437
0.098059
0.098901
0.096516
0.099336
0.100232
0.099390
0.099886
0.096859
0.096647
0.097594
0.097011
0.102727
0.100030
0.099243
0.102217
0.103333
0.115462
0.115602
0.103284
0.114598
0.104503
0.105223
0.105892
0.114798
0.101428
0.101894
0.115926
0.099011
0.100348
0.102112
0.101044
0.099625
0.100206
0.100388
0.103691
0.101456
0.102912
0.100210
0.098240
0.098808
0.099105
0.099210
0.099365
0.099862
0.098601
0.101008
0.097110
0.097889
0.097618
0.098012
0.100350
0.101713
0.100127
0.095765
0.097007
0.101786
0.101783
0.098019
0.096927
0.095899
0.096018
0.115165
0.097719
0.097877
0.101023
0.100813
0.100553
0.100744
0.102510
0.102599
0.103950
0.112678
0.099674
0.099053
0.109082
0.099399
0.100759
0.099978
0.100904
0.098006
0.113112
0.114535
0.131191
0.121731
0.101114
0.103458
0.096467
0.093560
0.107424
0.092644
0.095695
0.099126
0.083150
0.082452
0.083325
0.089314
0.089134
0.087461
0.085429
0.084898
0.086368
0.084853
0.065562
0.068700
0.088817
0.079113
0.078736
0.092452
0.089489
0.081267
0.074229
0.080546
0.076204
0.079157
0.079747
0.100595
0.101581
0.093375
0.095018
0.095630
0.095351
0.092862
0.093383
0.093928
0.094963
0.095646
0.096120
0.096075
0.099194
0.101484
0.091218
0.091816
0.093236
0.093034
0.092212
0.094779
0.095093
0.092954
0.087674
0.088176
0.087954
0.087325
0.086740
0.087089
0.087354
0.087608
0.089239
0.080136
0.059803
0.059254
0.055935
0.109489
0.110617
0.111194
0.109816
0.109154
0.109115
0.108745
0.107584
0.111477
0.059916
0.057960
0.057179
0.041287
0.049468
0.045723
0.044985
0.044764
0.043671
0.046922
0.108721
0.108728
0.111753
0.111549
0.103127
0.104280
0.101303
0.103059
0.107128
0.098153
0.105172
0.061849
0.084604
0.062793
0.091439
0.086817
0.088325
0.088650
0.087966
0.089952
0.090347
0.089013
0.089510
0.091771
0.095265
0.094960
0.096046
0.095941
0.096609
0.097122
0.096086
0.095472
0.096740
0.096341
0.095849
0.097393
0.097957
0.098300
0.099810
0.099442
0.100302
0.099420
0.095154
0.046115
0.062168
0.047044
0.049803
0.099661
0.051128
0.051431
0.052041
0.091260
0.095993
0.093716
0.095316
0.094804
0.092049
0.079588
0.074219
0.075450
0.076299
0.100842
0.096341
0.090707
0.089397
0.087123
0.092407
0.065625
0.060279
0.058575
0.066137
0.060806
0.059666
0.060448
0.070982
0.061424
0.063422
0.065704
0.064230
0.064277
0.064645
0.065519
0.066663
0.066656
0.067935
0.067247
0.067154
0.067381
0.066642
0.065939
0.067632
0.103826
0.115024
0.183317
0.221125
0.221731
0.229424
0.222029
0.218595
0.178759
0.220314
0.126853
0.134948
0.146794
0.151404
0.150327
0.149300
0.145556
0.147461
0.144166
0.146133
0.147600
0.146243
0.145864
0.148430
0.147670
0.148321
0.148040
0.144314
0.149201
0.146817
0.146645
0.145650
0.147128
0.142516
0.144371
0.142796
0.141467
0.140698
0.141147
0.143487
0.143567
0.141098
0.139670
0.136797
0.134925
0.134423
0.128346
0.132103
0.133756
0.140722
0.140743
0.144288
0.141165
0.141528
0.139945
0.139273
0.134129
0.142307
0.140916
0.141852
0.141563
0.148195
0.151297
0.147984
0.155943
0.160231
0.158393
0.155686
0.157556
0.158296
0.154460
0.153130
0.153696
0.152468
0.146213
0.143957
0.147523
0.147794
0.141924
0.142897
0.144184
0.142918
0.141397
0.145535
0.138045
0.138816
0.142380
0.143966
0.144425
0.145254
0.146169
0.154841
0.152392
0.152816
0.151953
0.151112
0.150900
0.149325
0.150916
0.148677
0.151612
0.155259
0.147342
0.149557
0.142388
0.143813
0.141708
0.142398
0.144933
0.142128
0.143357
0.139084
0.142816
0.141542
0.144092
0.142411
0.144033
0.145469
0.146741
0.146448
0.144872
0.143321
0.142735
0.144604
0.144203
0.143651
0.137858
0.137076
0.140549
0.138776
0.138319
0.138799
0.137771
0.137184
0.138252
0.135518
0.134407
0.140140
0.141045
0.140045
0.139145
0.138591
0.137746
0.134936
0.136488
0.135428
0.134050
0.124060
0.125212
0.125316
0.123621
0.127440
0.127434
0.126852
0.133607
0.150975
0.199418
0.224327
0.223665
0.225559
0.220955
0.224061
0.193635
0.157052
0.080382
0.095144
0.114532
0.109667
0.118242
0.117200
0.120213
0.115045
0.113996
0.110124
0.108574
0.112651
0.113250
0.111995
0.111242
0.111383
0.111414
0.116076
0.116080
0.116082
0.115616
0.098886
0.099835
0.107505
0.101475
0.107083
0.107492
0.106905
0.092186
0.105967
0.105870
0.103304
0.101995
0.099770
0.099001
0.100255
0.099048
0.101802
0.092297
0.098686
0.098588
0.099770
0.092370
0.093645
0.091244
0.088710
0.100138
0.111734
0.095358
0.094757
0.113234
0.114361
0.113409
0.115515
0.118327
0.108641
0.120718
0.117179
0.119621
0.117360
0.117992
0.116951
0.113868
0.118996
0.120407
0.105500
0.107275
0.118193
0.121712
0.105653
0.108009
0.113222
0.120314
0.105051
0.114102
0.105358
0.107751
0.107809
0.112513
0.100477
0.101648
0.110671
0.108667
0.112974
0.103690
0.111590
0.111941
0.112638
0.113027
0.112358
0.112485
0.111903
0.112994
0.100492
0.108428
0.110259
0.109718
0.107458
0.112943
0.106105
0.109072
0.102032
0.110796
0.109369
0.115468
0.111760
0.111170
0.101652
0.101959
0.123948
0.119092
0.114044
0.113187
0.118838
0.120261
0.111135
0.119054
0.108719
0.108838
0.105843
0.107059
0.099389
0.101361
0.100692
0.106309
0.106473
0.107932
0.100231
0.108117
0.108921
0.108309
0.106792
0.108729
0.109160
0.109563
0.106822
0.107187
0.107117
0.106884
0.106385
0.105561
0.106561
0.103802
0.106258
0.107686
0.105513
0.106777
0.106176
0.109464
0.109417
0.106503
0.112058
0.106508
0.110020
0.110070
0.109933
0.109586
0.110087
0.108158
0.106850
0.108778
0.107769
0.106689
0.107559
0.107292
0.099979
0.093226
0.100283
0.098701
0.106937
0.106724
0.107235
0.106565
0.116308
0.113991
0.113759
0.108734
0.107633
0.108489
0.101056
0.102393
0.101871
0.117467
0.105685
0.102712
0.099796
0.097696
0.097802
0.105946
0.127530
0.119438
0.114276
0.098834
0.099760
0.100377
0.098184
0.106312
0.101978
0.104249
0.129315
0.111832
0.111872
0.128565
0.124818
0.111657
0.120962
0.121317
0.121172
0.105573
0.103820
0.093571
0.110923
0.118052
0.112277
0.112681
0.099744
0.124951
0.109571
0.096514
0.094672
0.104057
0.101347
0.116788
0.100097
0.113446
0.108294
0.106721
0.104770
0.113367
0.107014
0.102244
0.104265
0.102591
0.176628
0.182400
0.194098
0.204787
0.208635
0.208435
0.230063
0.223165
0.228774
0.225921
0.252092
0.236496
0.232551
0.258355
0.234293
0.233303
0.233909
0.233970
0.234174
0.232419
0.234703
0.230766
0.236691
0.234973
0.208197
0.232191
0.230641
0.232992
0.241754
0.223194
0.233572
0.235640
0.235327
0.248880
0.230765
0.244911
0.244939
0.239184
0.244192
0.225660
0.244001
0.258749
0.249924
0.260055
0.239970
0.237280
0.261105
0.259273
0.260902
0.262158
0.258780
0.268354
0.268671
0.283177
0.287075
0.265641
0.275076
0.276958
0.312554
0.292710
0.321820
0.329071
0.335024
0.341443
0.349060
0.357752
0.362212
0.369837
0.376842
