0.182888
0.174818
0.176670
0.183649
0.190948
0.181144
0.168921
0.181798
0.181737
0.181858
0.186281
0.186163
0.184365
0.184398
0.182307
0.180790
0.180949
0.177775
0.177659
0.177771
0.178077
0.179050
0.180815
0.180844
0.177644
0.181157
0.184492
0.178352
0.178352
0.183893
0.182716
0.180807
0.179252
0.179209
0.177943
0.181789
0.174235
0.169323
0.169327
0.165657
0.167303
0.167894
0.167547
0.167549
0.168339
0.168031
0.168150
0.168003
0.168003
0.167681
0.167927
0.172154
0.167774
0.167762
0.168012
0.167208
0.167442
0.167294
0.167667
0.167672
0.167044
0.167390
0.167750
0.167751
0.167751
0.167753
0.167418
0.167990
0.167992
0.167940
0.167944
0.163228
0.145056
0.126291
0.111158
0.093161
0.078763
0.066721
0.049863
0.042935
0.037855
0.033982
0.032258
0.031837
0.030609
0.029286
0.040205
0.037076
0.037958
0.037969
0.041265
0.041231
0.038261
0.033377
0.030065
0.031380
0.034507
0.031413
0.023869
0.027812
0.026982
0.022607
0.022795
0.026068
0.023166
0.023676
0.020649
0.020673
0.022021
0.021943
0.021620
0.021484
0.020193
0.020388
0.018766
0.020020
0.024032
0.019655
0.019975
0.019774
0.019905
0.022999
0.022953
0.022869
0.019245
0.019193
0.023505
0.024729
0.019940
0.019986
0.019435
0.019405
0.020865
0.021318
0.021634
0.018037
0.015660
0.015498
0.016427
0.017013
0.018529
0.018980
0.019372
0.019605
0.018163
0.017363
0.017090
0.016467
0.015188
0.014611
0.012463
0.010888
0.008911
0.008013
0.008244
0.008200
0.008365
0.008318
0.008097
0.007878
0.007887
0.007843
0.007555
0.006312
0.006276
0.005739
0.005303
0.005334
0.005625
0.005888
0.005929
0.006248
0.005877
0.005860
0.006035
0.004954
0.004873
0.005853
0.004230
0.004215
0.004203
0.004174
0.004306
0.004399
0.004038
0.003904
0.003623
0.003154
0.003280
0.003519
0.002626
0.002627
0.002397
0.002688
0.002304
0.001017
0.000009
0.000000
0.000912
0.001820
0.002239
0.004196
0.003915
0.003680
0.003440
0.003579
0.004365
0.003986
0.004172
0.004232
0.004659
0.005220
0.005657
0.005620
0.007092
0.006739
0.005451
0.007109
0.008258
0.010821
0.009139
0.008728
0.010848
0.014081
0.014755
0.015626
0.013423
0.013260
0.013918
0.017201
0.015757
0.016358
0.017667
0.018043
0.018668
0.019955
0.020544
0.020566
0.019088
0.020280
0.017866
0.015596
0.014761
0.015318
0.018757
0.017969
0.020855
0.024209
0.031328
0.029666
0.038381
0.038332
0.037402
0.040036
0.038762
0.039651
0.032118
0.031736
0.034315
0.031979
0.033230
0.032645
0.031971
0.032307
0.033470
0.033615
0.033170
0.434263
0.346393
0.425333
0.422799
0.435305
0.313441
0.314857
0.335575
0.306305
0.301499
0.312055
0.287832
0.311008
0.256542
0.249027
0.253194
0.235310
0.275588
0.279837
0.257348
0.266612
0.271967
0.268697
0.270195
0.270415
0.256118
0.252673
0.260985
0.259290
0.261778
0.261470
0.258595
0.274045
0.270371
0.256995
0.253485
0.255179
0.250725
0.244095
0.250246
0.251300
0.252433
0.252256
0.261183
0.248942
0.266208
0.271505
0.276253
0.276822
0.272747
0.272899
0.272551
0.271267
0.263468
0.261396
0.259695
0.258681
0.239627
0.238787
0.239250
0.237616
0.260911
0.256446
0.224967
0.225429
0.224306
0.224574
0.219599
0.227315
0.230369
0.259693
0.262595
0.260231
0.253419
0.258507
0.254491
0.228605
0.228241
0.227375
0.229581
0.229595
0.230047
0.252121
0.234549
0.233582
0.234102
0.215170
0.262190
0.257896
0.181512
0.181077
0.186299
0.176029
0.169689
0.144709
0.154700
0.152770
0.149211
0.143525
0.148569
0.144096
0.154223
0.154331
0.200924
0.205696
0.198693
0.200805
0.203425
0.207021
0.198918
0.203896
0.206092
0.203615
0.205208
0.207291
0.213213
0.205335
0.221239
0.216946
0.218704
0.220540
0.219257
0.225252
0.222528
0.222132
0.220810
0.221466
0.217433
0.216988
0.214183
0.218305
0.219278
0.219589
0.220012
0.214800
0.226808
0.236883
0.230990
0.232279
0.229498
0.232887
0.230430
0.221008
0.203469
0.208574
0.254998
0.242810
0.250005
0.267737
0.264394
0.289480
0.280910
0.286474
0.267598
0.268542
0.266758
0.271770
0.251504
0.250345
0.225027
0.231477
0.231674
0.232306
0.232376
0.227834
0.218464
0.206298
0.239371
0.238010
0.235469
0.242910
0.247149
0.252703
0.242295
0.254448
0.246693
0.237009
0.244199
0.250890
0.238397
0.237904
0.459158
0.459162
0.456794
0.459166
0.458541
0.456806
0.443995
0.440074
0.406386
0.389040
0.367120
0.368480
0.365290
0.369829
0.369393
0.370089
0.371239
0.374157
0.371241
0.374798
0.375519
0.374924
0.373506
0.374718
0.374541
0.374410
0.374730
0.374630
0.374938
0.377132
0.375658
0.375528
0.377352
0.377539
0.377489
0.375566
0.377533
0.378093
0.377904
0.375807
0.375407
0.378507
0.378380
0.377039
0.377529
0.378489
0.378234
0.378306
0.376800
0.378578
0.377249
0.377346
0.377240
0.378384
0.378810
0.378873
0.378123
0.378843
0.378386
0.377369
0.374790
0.376983
0.377685
0.377529
0.378164
0.377542
0.377174
0.376772
0.377870
0.379055
0.378394
0.376777
0.379840
0.378402
0.378055
0.378749
0.378699
0.378227
0.374457
0.374525
0.378029
0.374951
0.379276
0.378762
0.378517
0.379461
0.378973
0.378812
0.379091
0.379188
0.378847
0.379205
0.371454
0.376444
0.382795
0.376673
0.382180
0.373354
0.387648
0.390955
0.391874
0.391931
0.391880
0.391981
0.391192
0.391411
0.382850
0.379941
0.382550
0.382721
0.382468
0.382608
0.382574
0.388743
0.382387
0.384330
0.384055
0.391139
0.392043
0.387782
0.387410
0.385800
0.182427
0.182398
0.182511
0.172809
0.175167
0.176781
0.177453
0.179473
0.177964
0.178961
0.179548
0.156961
0.156580
0.130740
0.157298
0.162456
0.129088
0.178149
0.147782
0.153177
0.169851
0.168238
0.138903
0.134584
0.122017
0.133460
0.120646
0.123636
0.156095
0.140330
0.132140
0.137242
0.133448
0.125387
0.116988
0.069089
0.076665
0.078615
0.101772
0.075930
0.079274
0.105393
0.080815
0.106881
0.113110
0.118719
0.110604
0.115435
0.118669
0.161399
0.161634
0.172692
0.171829
0.168411
0.188051
0.184392
0.189323
0.174716
0.188775
0.155673
0.191932
0.177557
0.175971
0.157669
0.152104
0.082027
0.147641
0.152282
0.098287
0.147589
0.146757
0.144079
0.142039
0.141796
0.138432
0.134150
0.135206
0.140192
0.138748
0.138218
0.137950
0.137020
0.136831
0.136560
0.137055
0.136094
0.136368
0.135495
0.135099
0.135986
0.138446
0.137853
0.135735
0.135487
0.135591
0.136649
0.138870
0.138962
0.138454
0.137521
0.138526
0.138673
0.138225
0.139278
0.138092
0.139293
0.140091
0.139955
0.139761
0.139429
0.139495
0.139639
0.139824
0.141091
0.140649
0.139817
0.139390
0.143125
0.140067
0.141211
0.143380
0.141527
0.141990
0.142538
0.144212
0.143558
0.141905
0.142281
0.144324
0.142600
0.142001
0.141591
0.142280
0.142063
0.143029
0.140949
0.141614
0.144929
0.144379
0.144261
0.143893
0.144247
0.144774
0.142756
0.137488
0.141165
0.142391
0.141758
0.137479
0.139496
0.138437
0.139023
0.139644
0.135442
0.138447
0.135219
0.134816
0.135678
0.135244
0.135874
0.135064
0.134752
0.136178
0.133817
0.136115
0.135048
0.135733
0.135676
0.131575
0.135195
0.134934
0.136024
0.135024
0.134553
0.132723
0.134917
0.135326
0.135017
0.134219
0.135188
0.134913
0.135136
0.134717
0.134775
0.134210
0.135084
0.134598
0.135317
0.135087
0.134297
0.134528
0.135795
0.134479
0.135092
0.133254
0.133767
0.133298
0.132560
0.131577
0.130818
0.132376
0.134529
0.133290
0.131144
0.133456
0.127108
0.137174
0.131110
0.125341
0.121990
0.123948
0.118749
0.119833
0.123821
0.128464
0.129840
0.130863
0.130729
0.130735
0.131251
0.130924
0.131204
0.130922
0.131223
0.129971
0.132536
0.131741
0.131596
0.130627
0.131065
0.132299
0.132740
0.130727
0.128446
0.125785
0.183054
0.186892
0.186513
0.184378
0.173645
0.181584
0.203870
0.198870
0.188489
0.165186
0.154182
0.154347
0.142779
0.138873
0.131144
0.124166
0.130797
0.120450
0.118220
0.108308
0.132428
0.176984
0.186313
0.195004
0.190782
0.217884
0.266935
0.111555
0.112966
0.112591
0.112094
0.113404
0.115057
0.113677
0.115217
0.111988
0.112079
0.111974
0.112553
0.111160
0.110900
0.111402
0.111335
0.110261
0.110395
0.110537
0.111391
0.110521
0.109237
0.108146
0.102000
0.100362
0.099078
0.102549
0.103537
0.104508
0.100724
0.104251
0.105613
0.105393
0.104551
0.104659
0.103115
0.105081
0.105310
0.101725
0.104953
0.100542
0.100312
0.103255
0.099099
0.102109
0.101228
0.099843
0.099303
0.098633
0.101995
0.099248
0.103316
0.101328
0.099419
0.100024
0.099781
0.101932
0.099737
0.099115
0.099179
0.099691
0.099169
0.099514
0.099707
0.100081
0.099547
0.099496
0.103552
0.097593
0.098971
0.102549
0.102163
0.102052
0.102124
0.100225
0.101982
0.098426
0.100974
0.101448
0.102335
0.097632
0.098454
0.098295
0.099419
0.098758
0.102834
0.103149
0.099098
0.102023
0.102597
0.102693
0.104403
0.098711
0.098954
0.099073
0.098823
0.102245
0.099509
0.100217
0.100188
0.099191
0.103219
0.099426
0.102634
0.102880
0.102954
0.102809
0.103023
0.103355
0.103601
0.103523
0.103513
0.103988
0.104184
0.103774
0.103658
0.103334
0.103450
0.103673
0.103593
0.103488
0.103189
0.103497
0.104151
0.104287
0.103919
0.104136
0.103806
0.083607
0.082545
0.082517
0.082704
0.082702
0.083976
0.083701
0.084753
0.083500
0.084077
0.085960
0.086323
0.086464
0.084802
0.084842
0.085885
0.075692
0.076486
0.075358
0.076072
0.077161
0.077755
0.077277
0.076972
0.077226
0.077317
0.076185
0.076768
0.077403
0.078224
0.077635
0.077180
0.078079
0.076816
0.077072
0.076194
0.078202
0.077745
0.078133
0.078353
0.075802
0.076521
0.077590
0.076013
0.076616
0.078188
0.076795
0.077796
0.078503
0.078964
0.078996
0.079118
0.081638
0.078206
0.077469
0.076592
0.080820
0.080813
0.080819
0.079960
0.080731
0.080030
0.086306
0.086415
0.080069
0.081687
0.081199
0.081566
0.085618
0.081463
0.085717
0.082329
0.081624
0.086359
0.086614
0.081605
0.080810
0.081190
0.082755
0.084930
0.081012
0.082966
0.085153
0.084511
0.083858
0.084220
0.084876
0.084827
0.084623
0.084503
0.084587
0.085125
0.085049
0.085363
0.084965
0.086125
0.086855
0.086025
0.085664
0.086223
0.086567
0.086157
0.085903
0.086078
0.082091
0.085508
0.086071
0.086291
0.086008
0.086389
0.086898
0.086690
0.080862
0.085654
0.086456
0.087022
0.087074
0.086158
0.085939
0.085064
0.085823
0.085840
0.084898
0.085081
0.082900
0.081526
0.081721
0.084001
0.086270
0.083545
0.084000
0.085694
0.084804
0.084715
0.082000
0.081328
0.082006
0.085516
0.082018
0.081046
0.081664
0.080746
0.080062
0.080535
0.080318
0.080839
0.083824
0.080093
0.083950
0.083562
0.083651
0.080571
0.083797
0.084738
0.083592
0.083830
0.084847
0.080377
0.080474
0.084052
0.101129
0.085661
0.084995
0.087022
0.083902
0.085676
0.092227
0.084761
0.100351
0.100661
0.100565
0.100242
0.099322
0.099018
0.097616
0.099071
0.098194
0.098304
0.097577
0.099138
0.099148
0.098852
0.098853
0.098776
0.098804
0.098862
0.102615
0.099112
0.099425
0.098094
0.423354
0.424397
0.423331
0.423892
0.424109
0.424021
0.423681
0.424076
0.422892
0.425551
0.423250
0.422832
0.423199
0.423206
0.423383
0.422925
0.422505
0.423585
0.423157
0.423930
0.423830
0.423999
0.423588
0.423029
0.423688
0.423676
0.426191
0.420044
0.425210
0.416526
0.417353
0.416491
0.418440
0.393079
0.396229
0.422277
0.399123
0.429322
0.403148
0.403098
0.430079
0.405552
0.403010
0.403315
0.404141
0.405157
0.402814
0.402858
0.403661
0.403235
0.403233
0.403140
0.403039
0.403150
0.403045
0.403156
0.403236
0.402902
0.403020
0.403087
0.402732
0.402470
0.399410
0.403186
0.402633
0.402359
0.402226
0.402487
0.402212
0.401270
0.398793
0.402162
0.400122
0.400450
0.402237
0.403068
0.402590
0.396663
0.402046
0.402306
0.398059
0.399616
0.397765
0.397556
0.397863
0.397727
0.400980
0.400744
0.400296
0.398860
0.401466
0.399563
0.399594
0.400659
0.399244
0.399027
0.400782
0.400726
0.400618
0.400412
0.400464
0.400419
0.398714
0.419022
0.417384
0.398466
0.399883
0.396588
0.394087
0.400059
0.399807
0.399955
0.399955
0.399944
0.399804
0.399483
0.399490
0.399173
0.399366
0.399434
0.399263
0.399731
0.399970
0.418822
0.399953
0.396698
0.396493
0.396380
0.396597
0.399492
0.399428
0.398646
0.398733
0.398347
0.398177
0.398288
0.398184
0.398203
0.395109
0.394489
0.394399
0.394372
0.394905
0.394241
0.396820
0.398266
0.396989
0.396896
0.396792
0.396694
0.396816
0.396544
0.397765
0.397762
0.396363
0.396565
0.419200
0.396532
0.419090
0.396483
0.396337
0.396525
0.396372
0.396340
0.396565
0.396214
0.396187
0.396306
0.390928
0.396221
0.419709
0.396153
0.396379
0.396302
0.396288
0.396238
0.396725
0.396539
0.396662
0.389618
0.396594
0.396562
0.396571
0.390696
0.387214
0.396421
0.396429
0.396445
0.396520
0.396461
0.390336
0.396476
0.386973
0.386823
0.386770
0.391398
0.389694
0.389657
0.389263
0.389824
0.390207
0.390162
0.390168
0.387406
0.390079
0.390115
0.396552
0.396492
0.396343
0.396297
0.390933
0.396307
0.386408
0.388830
0.391270
0.388791
0.389115
0.389107
0.389013
0.389891
0.389977
0.391755
0.385623
0.385622
0.385623
0.385623
0.385623
0.386100
0.364649
0.360410
0.359738
0.184338
0.186390
0.186688
0.186406
0.187481
0.184253
0.161734
0.187694
0.189116
0.162036
0.162036
0.162042
0.172521
0.185744
0.186025
0.186051
0.186051
0.145889
0.145889
0.145794
0.148224
0.145792
0.145937
0.146364
0.145878
0.183721
0.183849
0.183623
0.183832
0.168675
0.167772
0.167780
0.167697
0.183544
0.184124
0.183552
0.184140
0.184129
0.184465
0.184465
0.184581
0.184081
0.184139
0.183579
0.184125
0.184177
0.184757
0.184502
0.184474
0.184462
0.184464
0.168323
0.168387
0.168447
0.168468
0.168468
0.168463
0.168468
0.148378
0.147860
0.148483
0.148483
0.149081
0.153127
0.154023
0.154023
0.154023
0.150619
0.150619
0.150619
0.150130
0.145893
0.145872
0.145872
0.145699
0.147199
0.165103
0.165033
0.165085
0.154717
0.146416
0.146416
0.152075
0.148384
0.187047
0.187051
0.187050
0.188931
0.189710
0.189721
0.184946
0.189897
0.189945
0.189944
0.189883
0.190286
0.190286
0.190286
0.190207
0.189717
0.189710
0.189717
0.189710
0.189867
0.189867
0.189867
0.189867
0.189971
0.150682
0.150701
0.161863
0.189626
0.186950
0.187000
0.186973
0.187062
0.187086
0.187078
0.184660
0.184671
0.229569
0.260633
0.328535
0.346178
0.325566
0.326411
0.327359
0.318184
0.297448
0.328496
0.325382
0.325314
0.325389
0.325311
0.325389
0.325311
0.325314
0.325311
0.325314
0.325311
0.325314
0.325311
0.325314
0.325311
0.327949
0.325536
0.325539
0.326522
0.325398
0.324200
0.111044
0.114490
0.116581
0.114609
0.117194
0.104640
0.110292
0.117633
0.117363
0.112027
0.115068
0.104641
0.115132
0.115309
0.110515
0.100539
0.100563
0.092123
0.115853
0.111890
0.106007
0.122684
0.118579
0.122867
0.110974
0.121537
0.121516
0.119404
0.110443
0.121209
0.103430
0.105054
0.091688
0.079849
0.086203
0.070397
0.079278
0.083826
0.086678
0.073517
0.093443
0.117944
0.121391
0.118835
0.103454
0.122377
0.118897
0.103658
0.094693
0.092250
0.094217
0.112669
0.154995
0.152551
0.147313
0.140296
0.136438
0.135289
0.142916
0.121987
0.133357
0.143811
0.147527
0.151844
0.146453
0.160979
0.170173
0.162496
0.161677
0.164608
0.163308
0.158743
0.156519
0.161568
0.149517
0.159553
0.165913
0.155186
0.159493
0.156200
0.152124
0.147234
0.138732
0.138349
0.135542
0.138976
0.144052
0.151134
0.153707
0.154231
0.161169
0.160675
0.159683
0.137408
0.150263
0.133699
0.134514
0.130647
0.142942
0.142025
0.142528
0.142287
0.143029
0.141273
0.136078
0.132600
0.135267
0.129888
0.132653
0.139378
0.139285
0.133326
0.150478
0.153036
0.151663
0.151041
0.150903
0.161430
0.181657
0.166476
0.168527
0.165935
0.163238
0.164888
0.154521
0.150388
0.149155
0.143216
0.145098
0.145749
0.153955
0.160036
0.154799
0.156373
0.159312
0.163109
0.164559
0.163090
0.164671
0.165525
0.164945
0.166194
0.163395
0.161744
0.160820
0.160060
0.162829
0.160240
0.161284
0.163985
0.159923
0.170169
0.164803
0.161781
0.151106
0.153697
0.139137
0.125143
0.121180
0.140551
0.136665
0.137915
0.136576
0.135651
0.132114
0.129938
0.123501
0.120569
0.125724
0.129718
0.129954
0.133025
0.103195
0.107533
0.119758
0.131451
0.136515
0.135820
0.123017
0.124602
0.128510
0.126014
0.112387
0.115022
0.107473
0.111187
0.114360
0.117657
0.117980
0.114275
0.119988
0.124083
0.126936
0.140925
0.157341
0.156644
0.156690
0.157440
0.155762
0.151508
0.151615
0.152301
0.149571
0.153028
0.145519
0.152312
0.152722
0.152324
0.149820
0.151283
0.155511
0.151604
0.150082
0.145651
0.156098
0.154248
0.146172
0.140752
0.146264
0.145726
0.141742
0.143585
0.138825
0.137554
0.126499
0.121395
0.134263
0.133253
0.132873
0.139614
0.166233
0.149644
0.154452
0.109668
0.108462
0.103919
0.157777
0.146403
0.158391
0.162847
0.176937
0.163211
0.136549
0.134721
0.151141
0.143800
0.144938
0.144660
0.146553
0.142246
0.141010
0.136936
0.137003
0.140350
0.138964
0.138388
0.134173
0.130060
0.130879
0.139743
0.143330
0.138693
0.144140
0.136710
0.137967
0.140046
0.137132
0.141712
0.139045
0.135553
0.132819
0.131584
0.120346
0.117086
0.117868
0.136331
0.135262
0.131806
0.127052
0.123155
0.130771
0.129608
0.127949
0.140020
0.133644
0.134193
0.133049
0.137067
0.101437
0.106975
0.099871
0.109674
0.097915
0.113615
0.108429
0.106407
0.099003
0.098522
0.076932
0.090970
0.105752
0.113626
0.114275
0.111835
0.117058
0.111554
0.117840
0.133203
0.132607
0.124645
0.128325
0.121429
0.119370
0.116727
0.124685
0.111003
0.101976
0.119346
0.119155
0.118019
0.117019
0.120810
0.131305
0.130690
0.096411
0.133466
0.133630
0.129735
0.140483
0.131372
0.131419
0.125108
0.120833
0.121076
0.114950
0.118321
0.120283
0.095821
0.103676
0.107237
0.105802
0.110377
0.117761
0.114239
0.112489
0.112338
0.111571
0.110223
0.109452
0.108742
0.110646
0.111108
0.112254
0.112382
0.088616
0.083426
0.087910
0.096944
0.097260
0.092042
0.102981
0.099963
0.099326
0.102589
0.123175
0.146088
0.157706
0.173153
0.182248
0.182156
0.190869
0.179638
0.191878
0.184511
0.184952
0.175219
0.181439
0.179971
0.180746
0.132058
0.129909
0.134469
0.133007
0.130381
0.132307
0.134483
0.131950
0.132344
0.131876
0.131865
0.131081
0.131028
0.132786
0.130089
0.130087
0.129302
0.128393
0.130160
0.170770
0.170767
0.170667
0.170894
0.170801
0.170642
0.170638
0.170504
0.170010
0.170422
0.170705
0.170777
0.170787
0.170887
0.170810
0.170588
0.170573
0.170492
0.170821
0.170425
0.170422
0.170425
0.170533
0.170883
0.170608
0.170698
0.170627
0.165298
0.164947
0.165387
0.165078
0.127801
0.126812
0.171481
0.171684
0.171344
0.163739
0.171822
0.171717
0.171743
0.171738
0.171745
0.171745
0.171745
0.171745
0.171745
0.171745
0.171745
0.171745
0.171745
0.172015
0.172015
0.172015
0.172015
0.172015
0.172014
0.172014
0.172014
0.171586
0.171379
0.171156
0.170971
0.170825
0.171138
0.171051
0.170841
0.170712
0.170835
0.170815
0.170815
0.170815
0.170813
0.170813
0.170813
0.170812
0.170819
0.170819
0.170819
0.170819
0.170819
0.170819
0.170812
0.170867
0.170833
0.170834
0.170828
0.170828
0.170828
0.170828
0.170828
0.170828
0.170829
0.170829
0.170829
0.170829
0.170829
0.170829
0.170830
0.170830
0.170830
0.170830
0.170831
0.170830
0.170830
0.170829
0.170829
0.170829
0.170829
0.170829
0.170825
0.170835
0.168976
0.168976
0.168975
0.168940
0.168974
0.168940
0.168940
0.168940
0.168940
0.168940
0.168940
0.168975
0.168975
0.168975
0.168975
0.168975
0.168975
0.168976
0.168976
0.168976
0.168976
0.168976
0.168976
0.168976
0.168976
0.168976
0.168976
