0.098270
0.098185
0.098704
0.098738
0.099115
0.099623
0.099027
0.098264
0.097964
0.098032
0.097434
0.098935
0.099032
0.099481
0.099235
0.099154
0.099008
0.099198
0.099191
0.099173
0.099248
0.099209
0.099251
0.099255
0.099215
0.099511
0.099463
0.098979
0.098864
0.098754
0.100605
0.100121
0.100074
0.100588
0.099289
0.099205
0.099986
0.100105
0.103276
0.099669
0.103070
0.103364
0.103382
0.103087
0.103338
0.103238
0.103077
0.103510
0.103125
0.103951
0.103147
0.104034
0.103082
0.103084
0.103081
0.103082
0.103073
0.103112
0.103239
0.103245
0.103216
0.103243
0.103228
0.103216
0.103231
0.103228
0.103148
0.103215
0.103228
0.103228
0.103240
0.103223
0.103214
0.103168
0.103235
0.103240
0.103219
0.103229
0.103165
0.103224
0.103218
0.103219
0.103219
0.103219
0.103219
0.103219
0.103219
0.103219
0.103218
0.103071
0.004024
0.004047
0.002534
0.002543
0.002604
0.002500
0.002276
0.002083
0.001995
0.001937
0.001938
0.001239
0.001141
0.001123
0.001090
0.001123
0.001054
0.000650
0.000000
0.003506
0.009578
0.011469
0.013453
0.014574
0.011802
0.009636
0.006746
0.005270
0.004976
0.005001
0.004328
0.004336
0.004338
0.004228
0.004342
0.006222
0.006967
0.007394
0.008365
0.008019
0.008623
0.009407
0.010262
0.010247
0.011115
0.011406
0.011909
0.013118
0.013150
0.013386
0.013898
0.014100
0.013945
0.015809
0.015687
0.015836
0.015964
0.015796
0.015494
0.015646
0.013540
0.013579
0.013774
0.013939
0.014348
0.014079
0.014540
0.014238
0.014358
0.014526
0.014030
0.014340
0.014180
0.014484
0.013839
0.013917
0.014490
0.014802
0.014731
0.014503
0.014353
0.014440
0.014340
0.014525
0.014375
0.016785
0.016730
0.016782
0.016957
0.016679
0.016963
0.016842
0.016883
0.016582
0.016984
0.016747
0.016843
0.045499
0.045508
0.045330
0.044765
0.044613
0.044530
0.045988
0.046505
0.046733
0.047281
0.045507
0.039098
0.045978
0.044779
0.044620
0.031267
0.029558
0.031691
0.032927
0.033138
0.031946
0.031200
0.031616
0.032327
0.032051
0.031518
0.032073
0.032519
0.032889
0.033182
0.033146
0.033132
0.033153
0.033834
0.034652
0.033140
0.033523
0.033668
0.033549
0.033655
0.033936
0.033893
0.033889
0.033765
0.034201
0.034200
0.033458
0.033647
0.034154
0.047499
0.046686
0.047744
0.046885
0.050961
0.052611
0.053869
0.053224
0.051639
0.051020
0.050971
0.052010
0.052936
0.053492
0.052280
0.049871
0.049828
0.049769
0.051101
0.052200
0.052176
0.051824
0.051109
0.050325
0.052571
0.049576
0.049144
0.049383
0.051965
0.051446
0.051311
0.053556
0.053522
0.048285
0.050383
0.046823
0.048300
0.049060
0.046335
0.046711
0.048340
0.053802
0.050133
0.048518
0.049021
0.049795
0.050010
0.050990
0.051490
0.052203
0.051551
0.053070
0.052474
0.052531
0.053919
0.053508
0.053324
0.054662
0.051630
0.051568
0.052618
0.051339
0.055253
0.054452
0.051272
0.051369
0.051466
0.049797
0.049381
0.050278
0.050442
0.049911
0.049351
0.050737
0.050368
0.050888
0.051435
0.051579
0.052671
0.052506
0.051676
0.051859
0.051642
0.049385
0.049472
0.049315
0.046886
0.050750
0.051122
0.050310
0.050811
0.050360
0.047906
0.051253
0.048898
0.049928
0.048982
0.050167
0.049008
0.046754
0.048639
0.049576
0.050144
0.039793
0.039375
0.050642
0.050029
0.047932
0.049221
0.047607
0.046114
0.047269
0.045480
0.045726
0.045286
0.054941
0.054868
0.058561
0.064665
0.066713
0.069231
0.070243
0.069438
0.070660
0.073031
0.071170
0.064473
0.066785
0.062301
0.059773
0.059206
0.058817
0.060808
0.061266
0.061029
0.059931
0.057202
0.057777
0.061410
0.063127
0.063593
0.064454
0.062409
0.061357
0.061438
0.067395
0.063302
0.064187
0.065165
0.063380
0.064814
0.067277
0.062601
0.061696
0.061099
0.061281
0.061063
0.061017
0.061469
0.062835
0.063491
0.060882
0.061484
0.060107
0.059250
0.060433
0.060430
0.060385
0.062766
0.062836
0.062803
0.063104
0.062853
0.062919
0.063552
0.062883
0.062544
0.063301
0.062770
0.063484
0.062893
0.061028
0.060648
0.061818
0.061399
0.060886
0.059913
0.061094
0.061363
0.060927
0.061537
0.060466
0.061083
0.060048
0.059931
0.060823
0.062641
0.061300
0.061350
0.061641
0.061541
0.061857
0.062801
0.062388
0.062508
0.062865
0.062666
0.060456
0.063683
0.063736
0.064001
0.063773
0.063533
0.063381
0.063691
0.064267
0.063641
0.062547
0.065259
0.062479
0.062765
0.064157
0.062456
0.062517
0.062319
0.061567
0.061361
0.061030
0.061009
0.056483
0.057610
0.058397
0.057644
0.059391
0.058672
0.058601
0.058772
0.058798
0.058069
0.059036
0.058794
0.058420
0.058932
0.057884
0.056019
0.055722
0.056408
0.056358
0.057273
0.056268
0.055684
0.055769
0.056336
0.055832
0.055865
0.055831
0.055799
0.055497
0.056638
0.055237
0.055370
0.054948
0.055868
0.055674
0.055846
0.056070
0.056265
0.053575
0.053954
0.056463
0.056657
0.056425
0.056626
0.056047
0.056152
0.056133
0.056248
0.056618
0.055253
0.055491
0.055192
0.055554
0.055640
0.055996
0.056676
0.055836
0.055331
0.055919
0.063510
0.065151
0.067010
0.071165
0.070179
0.075459
0.080815
0.079345
0.074301
0.073816
0.065669
0.062750
0.063982
0.061652
0.061371
0.060630
0.059865
0.058812
0.059389
0.059209
0.059976
0.057421
0.057286
0.058184
0.057286
0.060502
0.060345
0.058992
0.056486
0.056110
0.054882
0.054617
0.057632
0.057311
0.056334
0.057493
0.057557
0.057320
0.056828
0.055278
0.055305
0.055053
0.037242
0.037085
0.037123
0.036843
0.037326
0.036534
0.036905
0.037425
0.036913
0.037157
0.037238
0.036448
0.036802
0.036938
0.036727
0.036402
0.036743
0.036633
0.035850
0.036815
0.035398
0.036495
0.035726
0.036174
0.035969
0.036492
0.037002
0.036731
0.036613
0.036417
0.036164
0.036327
0.036229
0.035386
0.035875
0.036378
0.036291
0.036334
0.036144
0.036324
0.036384
0.036490
0.036166
0.035800
0.034532
0.034439
0.033321
0.031143
0.030793
0.030709
0.031129
0.030538
0.030864
0.032720
0.031351
0.032663
0.032871
0.033413
0.032727
0.032894
0.032908
0.033083
0.033094
0.033198
0.033136
0.032799
0.032405
0.032466
0.032498
0.032888
0.041529
0.036864
0.039717
0.042230
0.047567
0.052229
0.055447
0.057937
0.059026
0.056179
0.051445
0.051554
0.043223
0.054363
0.033549
0.035869
0.033581
0.036188
0.036054
0.037004
0.037960
0.034438
0.036074
0.035817
0.038627
0.042744
0.040222
0.039950
0.041437
0.035656
0.036037
0.051690
0.035932
0.035831
0.035702
0.033701
0.033535
0.037142
0.040127
0.037363
0.041268
0.041898
0.043019
0.043148
0.043713
0.048728
0.048141
0.046329
0.047027
0.046689
0.046928
0.046389
0.044186
0.042828
0.040594
0.040034
0.040064
0.039750
0.040161
0.044893
0.039903
0.043749
0.044293
0.044067
0.042456
0.041180
0.037635
0.043559
0.038555
0.038706
0.040246
0.044461
0.046546
0.046252
0.044601
0.044825
0.048814
0.045171
0.040715
0.040910
0.041643
0.039843
0.043220
0.042344
0.038794
0.040005
0.040699
0.040331
0.040366
0.040322
0.040268
0.037744
0.041231
0.041102
0.040833
0.040908
0.041114
0.033618
0.033587
0.033737
0.034073
0.036078
0.036347
0.034177
0.037267
0.039018
0.040816
0.044130
0.044313
0.046561
0.049675
0.051518
0.053527
0.058676
0.051871
0.051641
0.047941
0.044783
0.035533
0.034023
0.034894
0.034875
0.035885
0.036329
0.036322
0.036488
0.037982
0.036771
0.037912
0.037994
0.038680
0.041333
0.042696
0.041583
0.041896
0.041319
0.040930
0.041417
0.040749
0.040698
0.040569
0.040976
0.040795
0.040461
0.040325
0.040107
0.040626
0.040224
0.040278
0.040345
0.040597
0.040290
0.039935
0.040868
0.039191
0.040944
0.041244
0.041409
0.041281
0.037469
0.036244
0.036044
0.035543
0.037453
0.036868
0.037763
0.038586
0.036728
0.036803
0.040988
0.037021
0.041458
0.041905
0.041114
0.041434
0.040990
0.041206
0.040899
0.040873
0.041872
0.039823
0.039338
0.039840
0.041118
0.041064
0.040137
0.040520
0.040220
0.041691
0.042079
0.040363
0.040176
0.040130
0.039749
0.039242
0.035978
0.033917
0.035218
0.035203
0.035861
0.035487
0.035689
0.035477
0.034508
0.034833
0.031894
0.035229
0.035127
0.033723
0.039727
0.039624
0.039558
0.036079
0.034769
0.035505
0.035937
0.039724
0.040235
0.039990
0.040022
0.040101
0.040908
0.040673
0.040295
0.040748
0.040619
0.040443
0.040359
0.040467
0.039508
0.037327
0.036762
0.035613
0.034380
0.037825
0.054598
0.054110
0.047998
0.039589
0.037327
0.037097
0.039834
0.037885
0.037528
0.039771
0.039296
0.040107
0.040180
0.039358
0.039708
0.039901
0.039965
0.038764
0.031886
0.031102
0.035272
0.037385
0.039322
0.042561
0.045501
0.044380
0.045501
0.044581
0.041869
0.039093
0.035251
0.032306
0.032041
0.031423
0.031772
0.031760
0.031745
0.031466
0.031925
0.031165
0.032080
0.029579
0.030061
0.030380
0.032328
0.033556
0.031189
0.030795
0.034357
0.032918
0.031464
0.032420
0.031652
0.032497
0.032308
0.032723
0.033159
0.033657
0.032863
0.034205
0.032748
0.032940
0.033085
0.036128
0.037882
0.037893
0.036168
0.034146
0.036260
0.033964
0.033293
0.033435
0.033965
0.033425
0.033652
0.033901
0.033583
0.034266
0.034992
0.034985
0.034258
0.034410
0.034515
0.034289
0.033847
0.033226
0.032534
0.032685
0.032099
0.030392
0.034650
0.032861
0.037510
0.036517
0.036705
0.040818
0.034950
0.033151
0.034164
0.034295
0.036850
0.042713
0.041233
0.041047
0.039874
0.042213
0.043797
0.043597
0.039631
0.036968
0.036265
0.032878
0.034740
0.036687
0.034058
0.035568
0.033377
0.034515
0.033973
0.034355
0.035203
0.034950
0.033369
0.035622
0.034205
0.035053
0.034322
0.037424
0.037814
0.034486
0.034871
0.031836
0.039976
0.035109
0.033733
0.033172
0.032634
0.031524
0.032104
0.052904
0.054845
0.052814
0.056238
0.057440
0.053533
0.059184
0.055111
0.056960
0.058483
0.057249
0.057725
0.052767
0.048983
0.057001
0.058608
0.047442
0.046780
0.046273
0.045848
0.043799
0.047579
0.042973
0.046295
0.042256
0.045199
0.043992
0.048162
0.048165
0.049637
0.052887
0.050366
0.050697
0.050347
0.046512
0.051023
0.052651
0.054123
0.055016
0.054333
0.054191
0.055437
0.053394
0.054149
0.040045
0.048388
0.051249
0.051742
0.048162
0.047066
0.046789
0.046740
0.045526
0.040216
0.040538
0.041253
0.042259
0.040605
0.045799
0.040332
0.039931
0.039228
0.039496
0.039473
0.039019
0.039311
0.039442
0.042864
0.038525
0.039607
0.041100
0.042740
0.041022
0.037720
0.038703
0.035713
0.034225
0.034008
0.034144
0.038247
0.039048
0.040276
0.040420
0.039795
0.039859
0.039949
0.044072
0.032532
0.032720
0.034512
0.034278
0.034350
0.034364
0.029042
0.033216
0.032399
0.032686
0.032547
0.032857
0.033862
0.029818
0.029387
0.030882
0.081672
0.083445
0.080121
0.079791
0.080384
0.080782
0.078692
0.076162
0.074637
0.076252
0.075577
0.076674
0.077837
0.078167
0.077116
0.077196
0.080071
0.077891
0.079345
0.078290
0.079365
0.079724
0.081119
0.076547
0.080387
0.081549
0.081313
0.073980
0.072753
0.075765
0.068191
0.074039
0.069428
0.069833
0.069346
0.068643
0.070554
0.070019
0.068627
0.068103
0.068519
0.067967
0.068416
0.069153
0.067212
0.068725
0.068989
0.068995
0.068066
0.069178
0.069611
0.067697
0.068226
0.069429
0.068194
0.067972
0.069767
0.070588
0.070962
0.068651
0.066788
0.070780
0.069657
0.072083
0.072411
0.073035
0.071292
0.072637
0.072713
0.068411
0.070811
0.071681
0.071562
0.068632
0.072744
0.073467
0.072064
0.031253
0.032320
0.031880
0.032054
0.033388
0.032928
0.032440
0.032546
0.032658
0.032645
0.032266
0.032881
0.032621
0.032558
0.032746
0.039650
0.031760
0.031008
0.031296
0.031448
0.030251
0.030162
0.030521
0.030554
0.031483
0.031054
0.027471
0.027135
0.027070
0.030633
0.030418
0.040200
0.030614
0.030609
0.030783
0.030529
0.040384
0.027404
0.040845
0.027796
0.030872
0.030270
0.040274
0.030049
0.030178
0.029547
0.030328
0.029776
0.027672
0.028019
0.028031
0.028554
0.027999
0.041041
0.041039
0.041105
0.040592
0.041674
0.027569
0.041519
0.026526
0.026708
0.027408
0.031779
0.031877
0.030981
0.031983
0.032633
0.031677
0.029072
0.028750
0.030569
0.040679
0.037835
0.038418
0.022415
0.019349
0.019461
0.019520
0.019386
0.022259
0.022473
0.022509
0.022879
0.022806
0.022692
0.022533
0.018329
0.022101
0.021451
0.021892
0.021578
0.021907
0.021265
0.021841
0.022307
0.021989
0.023199
0.021608
0.022055
0.021367
0.022221
0.023414
0.024803
0.024022
0.022162
0.021797
0.023877
0.023885
0.023829
0.023748
0.022110
0.021712
0.022004
0.022359
0.022314
0.021644
0.032316
0.021637
0.033488
0.033340
0.033138
0.033493
0.034066
0.033909
0.035351
0.034602
0.032416
0.032496
0.032313
0.032116
0.032243
0.025077
0.020703
0.020898
0.020508
0.023891
0.020693
0.020105
0.023345
0.023822
0.032288
0.033043
0.032940
0.032902
0.033113
0.033053
0.034229
0.033113
0.032960
0.037313
0.034187
0.021791
0.023364
0.023292
0.023860
0.031982
0.031721
0.033234
0.043375
0.043395
0.043521
0.044714
0.045243
0.044762
0.044809
0.044787
0.044750
0.044550
0.044503
0.034451
0.020957
0.020809
0.044318
0.044382
0.022478
0.022714
0.022743
0.022460
0.022419
0.022658
0.022526
0.059014
0.058801
0.059066
0.058679
0.059793
0.059045
0.059872
0.058156
0.058158
0.057647
0.059150
0.058855
0.058653
0.059796
0.057942
0.060585
0.059406
0.059268
0.059236
0.043393
0.042992
0.056502
0.056090
0.043366
0.059538
0.041423
0.042216
0.042289
0.042200
0.057411
0.042317
0.056793
0.057529
0.057533
0.058365
0.058961
0.059769
0.042441
0.042337
0.042578
0.042342
0.043288
0.042605
0.042286
0.041934
0.042424
0.042600
0.042731
0.042485
0.041835
0.042397
0.042242
0.041786
0.042290
0.042417
0.042262
0.042506
0.042105
0.042362
0.042770
0.042839
0.042777
0.042737
0.042846
0.042822
0.042795
0.042683
0.042557
0.042800
0.042478
0.042645
0.042399
0.042795
0.042586
0.042576
0.042503
0.042625
0.041768
0.042579
0.042878
0.042690
0.042783
0.042659
0.042695
0.042499
0.042283
0.043019
0.042459
0.042233
0.042787
0.042327
0.042960
0.057756
0.060457
0.058638
0.042566
0.042283
0.042545
0.060120
0.060046
0.060546
0.059527
0.059476
0.060111
0.060256
0.058465
0.058887
0.060651
0.060945
0.059782
0.059120
0.058824
0.061307
0.058575
0.058893
0.059122
0.061386
0.060892
0.061267
0.061911
0.061639
0.062036
0.058574
0.058639
0.058832
0.059068
0.066563
0.072147
0.075750
0.081808
0.084190
0.086255
0.085449
0.083815
0.085228
0.073988
0.070601
0.068611
0.067483
0.065540
0.064530
0.063895
0.065264
0.063028
0.064493
0.065313
0.088577
0.089027
0.090258
0.087214
0.089425
0.090401
0.089394
0.089052
0.088303
0.090077
0.090187
0.085129
0.085852
0.084092
0.083105
0.086625
0.084423
0.085995
0.085378
0.085065
0.088471
0.084041
0.087069
0.083927
0.083808
0.083936
0.083977
0.084124
0.083811
0.083945
0.084280
0.083892
0.083671
0.083936
0.084126
0.084307
0.083945
0.085714
0.083730
0.084339
0.084209
0.084511
0.084659
0.085230
0.084927
0.084533
0.085096
0.082358
0.082217
0.084794
0.084447
0.084199
0.084027
0.084054
0.084146
0.085288
0.083874
0.083298
0.085119
0.084300
0.084535
0.083650
0.083148
0.083503
0.083588
0.085582
0.085109
0.084696
0.086418
0.085515
0.085128
0.085688
0.086054
0.087630
0.084759
0.087590
0.087907
0.085897
0.086142
0.083814
0.085232
0.086600
0.085937
0.083990
0.083964
0.083807
0.083357
0.082015
0.081926
0.082296
0.082427
0.082463
0.056963
0.056819
0.061680
0.061477
0.060723
0.057502
0.058233
0.060477
0.060413
0.060371
0.060896
0.060703
0.060739
0.060825
0.061208
0.060782
0.061259
0.061893
0.059786
0.060971
0.061089
0.063459
0.063510
0.063215
0.063128
0.062913
0.059159
0.060324
0.059589
0.059129
0.065431
0.065591
0.058957
0.058820
0.058894
0.059035
0.058654
0.058926
0.058774
0.059022
0.059301
0.060816
0.064476
0.064682
0.064693
0.065913
0.066201
0.065066
0.066641
0.067711
0.066896
0.066960
0.067511
0.066921
0.066240
0.066748
0.066643
0.067642
0.066008
0.065602
0.065641
0.065839
0.065018
0.026924
0.023869
0.029958
0.037390
0.038861
0.041459
0.040349
0.044854
0.044460
0.041239
0.036042
0.029884
0.026570
0.026646
0.026569
0.027015
0.028153
0.027573
0.027771
0.027781
0.027629
0.027925
0.026362
0.026682
0.026167
0.026999
0.028133
0.028102
0.029505
0.029878
0.029531
0.028614
0.028311
0.027617
0.028512
0.027979
0.027884
0.028195
0.028038
0.028190
0.027674
0.026595
0.027661
0.027767
0.027722
0.027655
0.028183
0.028093
0.028100
0.028471
0.029150
0.028006
0.027891
0.027763
0.028046
0.027723
0.028545
0.028437
0.028243
0.028155
0.028823
0.028006
0.027674
0.027686
0.027568
0.027608
0.027766
0.027646
0.027624
0.027474
0.027301
0.026604
0.027525
0.026225
0.026966
0.026916
0.027164
0.027501
0.027777
0.027960
0.027435
0.027704
0.027608
0.028332
0.027980
0.027841
0.028114
0.027868
0.028955
0.028766
0.028880
0.028122
0.027678
0.027704
0.027739
0.027147
0.027146
0.027626
0.027503
0.027552
0.027349
0.027586
0.027259
0.027600
0.027386
0.027275
0.027141
0.027374
0.027618
0.028571
0.028208
0.028297
0.027853
0.027784
0.027289
0.027032
0.027288
0.027821
0.027363
0.027207
0.027263
0.027395
0.027921
0.028436
0.030688
0.026998
0.026938
0.026602
0.026930
0.025661
0.025583
0.037584
0.041955
0.037528
0.028565
0.024228
0.024458
0.024338
0.024243
0.024294
0.024377
0.024173
0.024328
0.024065
0.024034
0.023582
0.023552
0.023550
0.023637
0.023656
0.024125
0.024222
0.023989
0.024103
0.023756
0.024037
0.023657
0.023748
0.023456
0.023919
0.024374
0.025171
0.025323
0.024916
0.024869
0.024763
0.024262
0.025193
0.025079
0.024957
0.023948
0.024251
0.024841
0.023873
0.023993
0.024571
0.024708
0.024485
0.024857
0.024608
0.024906
0.024644
0.023784
0.024043
0.023856
0.023981
0.023607
0.023899
0.023998
0.024186
0.024240
0.024193
0.024116
0.024141
0.024051
0.024150
0.024283
0.024145
0.024008
0.024098
0.023802
0.024010
0.023846
0.023148
0.022900
0.022661
0.022131
0.021569
0.021453
0.021782
0.021742
0.021891
0.021772
0.022276
0.022232
0.022453
0.022645
0.022905
0.022900
0.022470
0.022491
0.022934
0.023843
0.023642
0.023060
0.023609
0.023561
0.024680
0.023825
0.023407
0.024219
0.024001
0.023974
0.023707
0.023523
0.023459
0.023765
0.023506
0.023503
0.023139
0.023768
0.024098
0.022991
0.023107
0.023274
0.023198
0.021804
0.023247
0.023204
0.023054
0.023545
0.023409
0.023727
0.023791
0.023773
0.023902
0.024265
0.023767
0.024442
0.025015
0.025202
0.025057
0.023744
0.023827
0.022378
0.023343
0.024298
0.023662
0.023935
0.022924
0.023606
0.022968
0.022495
0.023035
0.022484
0.022465
0.022565
0.022399
0.022490
0.023325
0.023307
0.023163
0.023238
0.022941
0.022885
0.023495
0.024073
0.023774
0.023801
0.022743
0.023297
0.023821
0.023875
0.023793
0.023911
0.023703
0.023546
0.024493
0.023533
0.023838
0.023620
0.023284
0.023875
0.024030
0.024478
0.024360
0.024851
0.024928
0.024864
0.024711
0.024390
0.024300
0.024332
0.024332
0.024259
0.024299
0.024424
0.117902
0.117917
0.118144
0.118019
0.117553
0.117827
0.118141
0.118228
0.118697
0.118474
0.118798
0.119229
0.119186
0.119171
0.118872
0.118566
0.119607
0.119463
0.119697
0.119930
0.118316
0.119269
0.119246
0.119991
0.123259
0.121979
0.121964
0.123237
0.122493
0.122169
0.120945
0.123404
0.122475
0.122319
0.123461
0.123780
0.123481
0.121755
0.123215
0.122556
0.123613
0.124120
0.120592
0.119080
0.119601
0.122764
0.127995
0.125582
0.127754
0.135831
0.129982
0.127307
0.127658
0.126450
0.123774
0.125845
0.126304
0.122767
0.121562
0.121625
0.119993
0.118078
0.115374
0.118876
0.116692
0.121359
0.116177
0.116347
0.116602
0.116822
0.117348
0.116834
0.116207
0.115758
0.116964
0.121968
0.122708
0.117130
0.122007
0.115304
0.122950
0.115348
0.118850
0.115628
0.115277
0.115088
0.121831
0.115704
0.114930
0.123462
0.122179
0.122685
0.122372
0.116757
0.122399
