0.180990
0.183765
0.183500
0.182024
0.121832
0.125018
0.177182
0.123763
0.123167
0.124028
0.130158
0.130294
0.129940
0.124443
0.130933
0.124877
0.124186
0.128750
0.128986
0.170521
0.171961
0.125437
0.114419
0.187641
0.096359
0.096595
0.096069
0.095558
0.090973
0.091384
0.090064
0.094127
0.100560
0.100394
0.095115
0.092417
0.094540
0.094453
0.092898
0.213726
0.213759
0.205484
0.191489
0.213472
0.212996
0.257434
0.193938
0.210830
0.210925
0.200696
0.200616
0.184547
0.182216
0.191023
0.242227
0.184973
0.187007
0.173878
0.247562
0.190521
0.193578
0.180855
0.193577
0.192869
0.157426
0.157424
0.151640
0.137673
0.111077
0.111749
0.153031
0.154112
0.142002
0.139710
0.135422
0.148121
0.143848
0.142709
0.110548
0.131196
0.141808
0.141861
0.136632
0.119261
0.159514
0.158643
0.143460
0.142494
0.108334
0.110724
0.120843
0.131780
0.144011
0.142642
0.144331
0.144449
0.140791
0.156596
0.139246
0.139406
0.144220
0.142749
0.145155
0.145162
0.145896
0.139928
0.140998
0.142232
0.141990
0.083728
0.083634
0.068358
0.079738
0.074233
0.070722
0.077167
0.082236
0.068251
0.070812
0.067927
0.069478
0.076965
0.078438
0.057335
0.062205
0.066227
0.072017
0.086095
0.086557
0.075178
0.122333
0.123204
0.122617
0.140319
0.139312
0.140232
0.141562
0.142332
0.145846
0.144375
0.136239
0.136356
0.134804
0.140183
0.138246
0.138777
0.137357
0.136680
0.105178
0.101579
0.116982
0.113702
0.118752
0.117579
0.111485
0.111088
0.116822
0.116995
0.116693
0.116697
0.114736
0.111899
0.109861
0.109861
0.107645
0.115355
0.113025
0.113025
0.108032
0.134474
0.134461
0.141026
0.144076
0.141409
0.140260
0.141705
0.141601
0.141232
0.143115
0.139637
0.138642
0.141451
0.142557
0.141179
0.142528
0.143275
0.143522
0.143397
0.143568
0.142714
0.143977
0.141891
0.144497
0.143430
0.144502
0.143207
0.143552
0.142500
0.142287
0.140969
0.140127
0.138347
0.138440
0.137966
0.138893
0.138758
0.139176
0.136575
0.138484
0.137993
0.136659
0.136636
0.139636
0.139263
0.140195
0.140046
0.139412
0.139781
0.139833
0.138777
0.138732
0.139103
0.138840
0.138889
0.138816
0.138832
0.141508
0.141259
0.141310
0.141172
0.141477
0.141470
0.141430
0.141507
0.141256
0.141544
0.141600
0.141353
0.141533
0.117911
0.118571
0.118184
0.115030
0.113342
0.115735
0.133853
0.126874
0.133105
0.110252
0.109788
0.108455
0.125610
0.122528
0.107440
0.124089
0.128266
0.112392
0.111586
0.109633
0.111999
0.112021
0.124581
0.113776
0.115934
0.116769
0.113728
0.124863
0.112866
0.112063
0.112879
0.115440
0.114401
0.112438
0.112184
0.111805
0.112976
0.111645
0.113431
0.112542
0.112051
0.111589
0.122506
0.110406
0.115801
0.112581
0.116047
0.112783
0.109025
0.111665
0.111251
0.111808
0.113224
0.021852
0.021513
0.020764
0.020411
0.020298
0.018568
0.019739
0.019804
0.018512
0.015835
0.014642
0.013744
0.013177
0.012941
0.011810
0.011669
0.010302
0.010519
0.010759
0.010155
0.010455
0.009678
0.009095
0.009550
0.008713
0.007952
0.007869
0.007074
0.006475
0.006016
0.006369
0.005661
0.004801
0.004415
0.004469
0.003497
0.002870
0.001945
0.001344
0.000870
0.000372
0.000000
0.000388
0.000490
0.001128
0.001317
0.001704
0.002032
0.002423
0.002590
0.002918
0.003026
0.002964
0.002926
0.002971
0.003002
0.172590
0.172550
0.172536
0.174704
0.166258
0.165983
0.173504
0.173162
0.172460
0.169609
0.169455
0.151361
0.150470
0.151632
0.145348
0.147620
0.147129
0.147236
0.144315
0.144891
0.145582
0.152282
0.155803
0.159062
0.165059
0.165812
0.159171
0.159879
0.170178
0.169220
0.170350
0.168071
0.166853
0.167285
0.167479
0.168544
0.167556
0.094619
0.093874
0.098714
0.104304
0.106753
0.104248
0.106736
0.098256
0.099303
0.093931
0.094800
0.099435
0.098792
0.098386
0.094362
0.104774
0.108215
0.105690
0.107928
0.107447
0.100849
0.103014
0.101984
0.095056
0.097348
0.100839
0.100947
0.095293
0.096940
0.098272
0.096111
0.096642
0.096879
0.098886
0.099986
0.098872
0.099253
0.099717
0.100873
0.099406
0.098921
0.096291
0.094807
0.101503
0.112839
0.117693
0.100510
0.116836
0.108186
0.105986
0.112969
0.117862
0.135841
0.137032
0.130105
0.136367
0.135169
0.129488
0.138987
0.130612
0.139725
0.147835
0.147642
0.150551
0.151101
0.144630
0.136340
0.138609
0.138721
0.140774
0.140567
0.072826
0.081549
0.082520
0.073034
0.076510
0.072341
0.067331
0.068303
0.068538
0.062002
0.061239
0.061915
0.072911
0.072018
0.066164
0.062523
0.074789
0.080637
0.078485
0.072077
0.077623
0.064270
0.066419
0.065832
0.067965
0.078609
0.070205
0.065231
0.072867
0.072635
0.077202
0.074787
0.081630
0.081999
0.075444
0.077952
0.073547
0.070295
0.086129
0.076457
0.079099
0.070024
0.072853
0.064500
0.068574
0.085691
0.067887
0.067627
0.066901
0.068057
0.067271
0.069428
0.071410
0.070294
0.067188
0.061826
0.060349
0.060460
0.058279
0.060138
0.064719
0.080165
0.074225
0.064297
0.073262
0.057208
0.072389
0.065940
0.070425
0.065810
0.069577
0.071302
0.077014
0.084744
0.081665
0.062984
0.070014
0.060950
0.063846
0.066486
0.140629
0.132259
0.136941
0.136102
0.134267
0.135554
0.141270
0.137619
0.138493
0.141142
0.142700
0.141606
0.142201
0.140632
0.142649
0.138476
0.138901
0.137764
0.135215
0.135712
0.130383
0.128879
0.128349
0.127316
0.128363
0.127979
0.128514
0.128560
0.138567
0.139159
0.140656
0.138668
0.138460
0.139236
0.139627
0.126716
0.128166
0.130749
0.128477
0.130167
0.127335
0.127936
0.143416
0.143604
0.142768
0.104795
0.108157
0.106864
0.106160
0.104602
0.103589
0.103163
0.108980
0.107059
0.108022
0.107775
0.111767
0.104861
0.103619
0.103983
0.104354
0.106196
0.105126
0.127517
0.103926
0.102880
0.102228
0.102389
0.104700
0.104231
0.104645
0.101712
0.098131
0.103148
0.103373
0.099509
0.101164
0.105110
0.096339
0.097458
0.100753
0.084029
0.083919
0.100902
0.106194
0.107810
0.104277
0.091919
0.089923
0.091451
0.095642
0.104806
0.110850
0.119307
0.119389
0.119988
0.111367
0.118655
0.120438
0.134974
0.125224
0.127017
0.126336
0.127639
0.127445
0.124825
0.125375
0.126348
0.126219
0.125328
0.144566
0.141064
0.133128
0.139204
0.137835
0.147786
0.153543
0.148582
0.077447
0.085497
0.091178
0.082698
0.079652
0.079533
0.070352
0.066091
0.086542
0.090109
0.088103
0.077786
0.068873
0.065734
0.063908
0.070434
0.070956
0.072336
0.066899
0.070585
0.067658
0.070984
0.075016
0.073933
0.087987
0.072199
0.086351
0.082753
0.081655
0.073304
0.067928
0.069527
0.076798
0.085072
0.074293
0.074536
0.075727
0.076376
0.086103
0.079936
0.073007
0.078508
0.081496
0.076569
0.067806
0.070827
0.074262
0.067716
0.063408
0.065850
0.074734
0.058766
0.060260
0.068197
0.059604
0.067973
0.056253
0.057073
0.057151
0.068877
0.058727
0.058238
0.150939
0.151477
0.151162
0.151334
0.150898
0.150993
0.150814
0.150691
0.145614
0.143024
0.144961
0.143260
0.144515
0.144205
0.142922
0.142541
0.143061
0.143335
0.147169
0.145395
0.144211
0.147497
0.147464
0.147629
0.148779
0.149262
0.147939
0.149325
0.149341
0.153238
0.149767
0.149184
0.150263
0.153283
0.152293
0.152732
0.152894
0.152284
0.152034
0.152728
0.152954
0.152797
0.058549
0.057653
0.064349
0.084214
0.052877
0.073228
0.074977
0.074740
0.074399
0.068570
0.069146
0.070061
0.054953
0.061718
0.061963
0.063222
0.058929
0.048711
0.035652
0.039206
0.045025
0.043367
0.033551
0.034796
0.035823
0.042782
0.098507
0.091078
0.095807
0.086213
0.083808
0.083697
0.086684
0.084283
0.088964
0.090323
0.088716
0.084945
0.088376
0.084327
0.085590
0.107009
0.104135
0.111516
0.096067
0.100688
0.103279
0.093282
0.086059
0.086184
0.085828
0.083781
0.081101
0.081896
0.083166
0.103432
0.107475
0.105492
0.102444
0.102947
0.105731
0.110386
0.110123
0.111304
0.110338
0.113322
0.115546
0.110506
0.109680
0.108595
0.110266
0.110375
0.109169
0.109435
0.110588
0.113080
0.112825
0.114208
0.109006
0.112432
0.111625
0.110631
0.111382
0.110944
0.112994
0.109572
0.111316
0.111343
0.110446
0.110965
0.110663
0.110980
0.109439
0.115681
0.115080
0.114395
0.109758
0.109148
0.109747
0.110338
0.104879
0.104832
0.107025
0.106679
0.106198
0.105820
0.108173
0.108573
0.127857
0.127594
0.131364
0.127318
0.130404
0.128585
0.129360
0.124778
0.137179
0.125169
0.129648
0.114178
0.116720
0.121269
0.118286
0.119241
0.121743
0.121834
0.120591
0.121416
0.119759
0.119638
0.107104
0.110544
0.101180
0.100571
0.102001
0.106659
0.103202
0.133892
0.133118
0.120661
0.118760
0.119711
0.118073
0.115953
0.107714
0.109311
0.107382
0.106949
0.105921
0.103466
0.110033
0.110121
0.106543
0.105580
0.109352
0.110071
0.100857
0.117482
0.109274
0.116394
0.116111
0.123642
0.134345
0.135040
0.138223
0.125744
0.124020
0.112491
0.111898
0.116357
0.133303
0.125721
0.133762
0.074519
0.073587
0.077777
0.076252
0.069854
0.069278
0.071098
0.065725
0.063675
0.063315
0.062774
0.066471
0.071138
0.066107
0.059767
0.064921
0.062994
0.067771
0.067692
0.071314
0.071203
0.072177
0.071437
0.075762
0.076462
0.078279
0.082065
0.086484
0.092625
0.094308
0.095358
0.092180
0.095612
0.093542
0.089694
0.088989
0.095728
0.092765
0.096100
0.095538
0.110168
0.113182
0.112967
0.116071
0.096336
0.102569
0.103979
0.117021
0.120564
0.121879
0.120562
0.121671
0.115951
0.115286
0.089924
0.094561
0.090147
0.088068
0.099878
0.095406
0.082061
0.072848
0.076314
0.069637
0.070277
0.067052
0.065824
0.079721
0.077057
0.087003
0.088820
0.075637
0.083969
0.081860
0.084067
0.088644
0.088005
0.080729
0.077668
0.073185
0.052633
0.050360
0.059631
0.053401
0.043847
0.044562
0.042536
0.041234
0.043230
0.040873
0.039977
0.041375
0.033060
0.051999
0.034619
0.052017
0.046793
0.105035
0.102111
0.102289
0.107210
0.108542
0.110666
0.113980
0.108592
0.110285
0.114125
0.109933
0.105418
0.091700
0.088584
0.084783
0.088237
0.088513
0.087044
0.089736
0.091623
0.090060
0.088221
0.088954
0.099618
0.096864
0.096739
0.037757
0.044228
0.035805
0.039898
0.049330
0.035714
0.042021
0.045123
0.038560
0.045892
0.038347
0.048666
0.047109
0.047490
0.046313
0.050495
0.049099
0.046325
0.044303
0.044563
0.109630
0.113920
0.104650
0.106606
0.108114
0.107649
0.113913
0.117147
0.117472
0.120176
0.121317
0.119832
0.118043
0.118864
0.123291
0.123430
0.123960
0.118447
0.118972
0.125949
0.130850
0.129251
0.133579
0.138434
0.132285
0.122564
0.122335
0.121857
0.124151
0.131667
0.130270
0.123647
0.128556
0.128984
0.130416
0.128668
0.135076
0.134907
0.135976
0.126070
0.121615
0.121176
0.121508
0.120200
0.123700
0.122682
0.159932
0.153574
0.162113
0.160923
0.159990
0.158885
0.142450
0.142135
0.158681
0.161137
0.142880
0.138236
0.142759
0.138540
0.137354
0.159771
0.159998
0.160245
0.158029
0.121270
0.158969
0.158625
0.156227
0.157178
0.156359
0.150805
0.155895
0.151320
0.155867
0.120165
0.156350
0.156833
0.156383
0.158124
0.158085
0.157207
0.159003
0.157512
0.156954
0.159888
0.159359
0.156987
0.158482
0.159869
0.159722
0.161009
0.159214
0.158862
0.151894
0.158428
0.151674
0.121793
0.150472
0.148286
0.146341
0.145844
0.112366
0.118568
0.117207
0.116634
0.119433
0.114125
0.116334
0.116084
0.116078
0.114766
0.117129
0.118628
0.115263
0.115030
0.119864
0.114900
0.114430
0.113244
0.110986
0.111509
0.110883
0.112772
0.110045
0.110153
0.108171
0.144554
0.145843
0.144201
0.143209
0.144946
0.116180
0.145886
0.147558
0.115936
0.115357
0.130251
0.115089
0.138108
0.134335
0.137742
0.126192
0.130305
0.130271
0.133606
0.126928
0.140659
0.116529
0.117450
0.117822
0.111867
0.094543
0.101653
0.099925
0.114906
0.098387
0.092458
0.107741
0.148018
0.151283
0.153357
0.157536
0.160332
0.157974
0.158544
0.160784
0.162931
0.153364
0.149896
0.149488
0.149782
0.124487
0.129914
0.130866
0.138065
0.120565
0.121869
0.119082
0.120605
0.119748
0.118957
0.130327
0.114133
0.126759
0.129787
0.131129
0.130727
0.128911
0.130760
0.125543
0.129344
0.128715
0.121746
0.127612
0.116699
0.117552
0.119244
0.123111
0.125801
0.132303
0.122927
0.125863
0.129779
0.127096
0.141017
0.122590
0.126848
0.124096
0.127008
0.125425
0.126729
0.130570
0.128500
0.145720
0.145705
0.144241
0.139595
0.143056
0.117591
0.140717
0.129781
0.093379
0.102200
0.109479
0.108762
0.094772
0.142304
0.096053
0.137890
0.138967
0.142385
0.126454
0.143641
0.143693
0.143122
0.144088
0.119342
0.145416
0.145286
0.112389
0.111158
0.142255
0.140976
0.113663
0.137833
0.135633
0.110269
0.136844
0.135420
0.135593
0.132275
0.138175
0.116214
0.112853
0.114468
0.115961
0.115890
0.116194
0.140082
0.111810
0.136710
0.135887
0.140434
0.120572
0.137814
0.134497
0.117618
0.140053
0.140883
0.141314
0.082012
0.097910
0.093316
0.103981
0.084225
0.082871
0.080940
0.081371
0.081119
0.079799
0.081911
0.080628
0.081836
0.080742
0.080625
0.080764
0.082460
0.081317
0.080174
0.081569
0.082114
0.080632
0.079803
0.104658
0.087377
0.060333
0.073884
0.069018
0.062412
0.134422
0.134998
0.147484
0.134680
0.134116
0.137868
0.145316
0.150165
0.148616
0.150144
0.151627
0.151188
0.117401
0.118465
0.123892
0.124447
0.122859
0.123299
0.125282
0.127859
0.136674
0.079712
0.064097
0.081762
0.052663
0.054396
0.085775
0.089012
0.084240
0.097136
0.080691
0.082840
0.086556
0.082178
0.078285
0.077652
0.079217
0.082290
0.078828
0.106523
0.094413
0.112836
0.093901
0.094813
0.086483
0.137677
0.136973
0.138334
0.147339
0.126798
0.138641
0.138622
0.137804
0.144036
0.138719
0.137107
0.123714
0.137899
0.139252
0.139192
0.137742
0.138257
0.138278
0.137794
0.134832
0.136458
0.138467
0.137332
0.136681
0.136158
0.134889
0.134792
0.137424
0.135707
0.136001
0.137237
0.136852
0.135289
0.135399
0.134837
0.135357
0.136203
0.135519
0.136046
0.136801
0.125465
0.137194
0.135855
0.136340
0.137300
0.136892
0.136923
0.136277
0.136040
0.107411
0.108495
0.120760
0.128806
0.105777
0.113399
0.106219
0.119827
0.126661
0.107336
0.127971
0.125047
0.130066
0.128100
0.128294
0.127417
0.126374
0.129055
0.129245
0.130138
0.118789
0.123668
0.124791
0.126475
0.125753
0.120529
0.086468
0.081241
0.104930
0.116342
0.118085
0.122909
0.124501
0.123692
0.127390
0.130338
0.131385
0.123049
0.122238
0.121652
0.123106
0.121731
0.119778
0.122734
0.122565
0.121198
0.117500
0.115293
0.116715
0.115478
0.116804
0.117998
0.123423
0.119272
0.121220
0.128100
0.125971
0.115363
0.116077
0.122710
0.119719
0.118534
0.120706
0.122694
0.110217
0.107905
0.105433
0.113279
0.109660
0.103192
0.119435
0.114417
0.113819
0.118212
0.135933
0.126002
0.085365
0.127016
0.116336
0.131148
0.126578
0.145723
0.141067
0.146884
0.150022
0.138242
0.134008
0.138882
0.128847
0.127188
0.130145
0.116878
0.116456
0.131819
0.112466
0.109522
0.127966
0.126537
0.121360
0.106521
0.108640
0.108574
0.114002
0.112939
0.116506
0.118098
0.133319
0.120356
0.111198
0.111647
0.122019
0.116943
0.115010
0.117999
0.119437
0.115892
0.118073
0.127067
0.116312
0.109235
0.109758
0.119468
0.113009
0.119630
0.133373
0.130045
0.132325
0.130648
0.123401
0.122798
0.121720
0.119137
0.109671
0.121278
0.134107
0.133421
0.133870
0.127012
0.128458
0.130446
0.124690
0.135442
0.122611
0.122728
0.129203
0.154518
0.151213
0.147009
0.150952
0.144841
0.145711
0.144541
0.147479
0.148094
0.149777
0.137037
0.102002
0.109686
0.107577
0.148680
0.152810
0.106344
0.105011
0.106688
0.106487
0.106413
0.113215
0.108843
0.108136
0.105637
0.101816
0.098709
0.096996
0.094195
0.094405
0.111282
0.115089
0.112065
0.116737
0.102733
0.107491
0.104263
0.099151
0.099664
0.101259
0.112797
0.103145
0.094537
0.092177
0.102690
0.097347
0.103119
0.107004
0.105526
0.092608
0.096255
0.101451
0.100328
0.105224
0.108161
0.103982
0.109096
0.104513
0.099249
0.098082
0.110244
0.107370
0.113785
0.111808
0.094011
0.096540
0.087597
0.088165
0.082901
0.091932
0.097885
0.098052
0.104198
0.092924
0.087909
0.093959
0.096034
0.100454
0.103343
0.109140
0.110248
0.108025
0.100998
0.094812
0.114865
0.114317
0.114054
0.127234
0.115222
0.131865
0.133836
0.137216
0.139943
0.107685
0.136140
0.089027
0.115366
0.125577
0.128242
0.129807
0.123072
0.118378
0.117349
0.115064
0.111628
0.120526
0.120863
0.122063
0.123316
0.122141
0.130539
0.125643
0.110645
0.104759
0.109877
0.109956
0.119181
0.106560
0.111008
0.111432
0.110367
0.114909
0.118992
0.112666
0.114988
0.109160
0.107984
0.107755
0.109225
0.107078
0.109798
0.112147
0.111077
0.112379
0.112237
0.110889
0.115810
0.112241
0.115411
0.122726
0.121509
0.123582
0.124185
0.111701
0.112169
0.110157
0.129973
0.113982
0.115358
0.112196
0.110635
0.109551
0.132506
0.120441
0.112002
0.121062
0.128350
0.121705
0.134846
0.124157
0.109607
0.113319
0.111673
0.109515
0.111010
0.106980
0.108066
0.110287
0.112170
0.109769
0.109226
0.109802
0.065958
0.063257
0.064613
0.055924
0.057196
0.061105
0.053833
0.074936
0.065510
0.065321
0.068513
0.060606
0.070063
0.060231
0.062289
0.061666
0.066282
0.058433
0.056108
0.053833
0.055989
0.058266
0.111340
0.115222
0.115463
0.110976
0.107266
0.106334
0.111481
0.113650
0.113112
0.112617
0.121973
0.136423
0.134508
0.122731
0.068415
0.069752
0.071215
0.090494
0.062142
0.071999
0.109347
0.105971
0.118453
0.120626
0.119527
0.139237
0.117982
0.118164
0.119140
0.118687
0.117592
0.116532
0.117703
0.116503
0.115333
0.115365
0.113993
0.114162
0.114597
0.113998
0.113714
0.117907
0.114637
0.120200
0.074169
0.070903
0.092263
0.083455
0.083251
0.079996
0.063674
0.082642
0.073389
0.070777
0.068021
0.067900
0.075079
0.080964
0.067901
0.072095
0.084394
0.060313
0.073009
0.066581
0.071197
0.075471
0.059957
0.065960
0.063256
0.056166
0.091147
0.090987
0.088474
0.110990
0.116763
0.105352
0.104972
0.082007
0.121307
0.130398
0.126424
0.127705
0.126673
0.125785
0.127449
0.127965
0.129658
0.125526
0.129405
0.121112
0.127029
0.127857
0.126126
0.127229
0.126721
0.127381
0.127780
0.130433
0.127225
0.127528
0.124214
0.123923
0.124613
0.127825
0.126490
0.128579
0.127793
0.127087
0.123746
0.121313
0.121840
0.122004
0.122557
0.125922
0.124686
0.120117
0.119846
0.121106
0.120734
0.119648
0.128702
0.120275
0.060808
0.056240
0.056350
0.053609
0.051904
0.048990
0.049612
0.043121
0.064474
0.063038
0.073800
0.063450
0.064357
0.072338
0.067142
0.074061
0.072122
0.063596
0.060766
0.051275
0.052305
0.069553
0.079373
0.081112
0.082853
0.079517
0.078946
0.078726
0.078253
0.078699
0.077888
0.077482
0.071835
0.071148
0.072462
0.074972
0.078184
0.076366
0.076649
0.078173
0.079542
0.078135
0.077228
0.076096
0.074465
0.070862
0.128313
0.127525
0.117649
0.126883
0.124146
0.123430
0.126126
0.123879
0.139250
0.131735
0.131031
0.136039
0.133385
0.131597
0.137567
0.135468
0.135169
0.126007
0.133977
0.133245
0.132609
0.128166
0.127580
0.126675
0.124910
0.124442
0.125755
0.123723
0.124292
0.127210
0.125922
0.119680
0.123117
0.119207
0.122283
0.122325
0.125706
0.124201
0.120694
0.119746
0.121216
0.119812
0.118554
0.118432
0.116025
0.117624
0.109670
0.117640
0.123370
0.120115
0.115899
0.119475
0.113941
0.118710
0.121133
0.030453
0.031188
0.031010
0.031044
0.035241
0.031462
0.035445
0.031004
0.034256
0.040009
0.039229
0.035980
0.040771
0.038250
0.043281
0.036165
0.043441
0.043218
0.042688
0.039821
0.041198
0.040663
0.038911
0.040163
0.036883
0.038901
0.037161
0.037376
0.037752
0.038012
0.043933
0.042754
0.042410
0.042865
0.044347
0.040648
0.043835
0.046234
0.048573
0.047219
0.048344
0.047542
0.047222
0.050763
0.050714
0.051131
0.049286
0.049640
0.046743
0.046533
0.227169
0.227148
0.227118
0.227122
0.227118
0.227118
0.227075
0.227058
0.227058
0.227066
0.227098
0.227009
0.227009
0.227076
0.225217
0.225293
0.225293
0.226388
0.225325
0.225290
0.225290
0.225801
0.225749
0.226179
0.226179
0.227489
0.226259
0.226096
0.225844
0.226043
0.225995
0.226796
0.226344
0.226321
0.226100
0.226194
0.226183
0.226361
0.225780
0.223724
0.223857
0.224799
0.222759
0.224293
0.224292
0.224957
0.223513
0.224095
0.224460
0.223898
0.224137
0.224131
0.224178
0.223178
0.222246
0.222734
0.221466
0.221693
0.222338
0.217503
0.222227
0.214199
0.220867
0.219983
0.221121
0.220439
0.222611
0.223911
0.223996
0.224097
0.221838
0.223915
0.221419
0.221380
0.224372
0.224370
0.224370
0.224370
0.224369
0.224684
0.224029
0.220313
0.220313
0.219891
0.219904
0.219905
0.219905
0.219905
0.219905
0.219905
0.219905
0.219905
0.219905
0.219904
0.223869
