0.767802
0.767642
0.764448
0.764383
0.756829
0.759715
0.759717
0.759867
0.760727
0.760825
0.759632
0.761127
0.750375
0.738928
0.698217
0.707000
0.703133
0.693300
0.718432
0.700296
0.699510
0.699502
0.699550
0.699520
0.699636
0.700111
0.701002
0.700577
0.707327
0.699082
0.683722
0.658285
0.643531
0.536327
0.470004
0.137907
0.137914
0.135687
0.135276
0.132969
0.132198
0.131246
0.144864
0.137340
0.138419
0.138481
0.137738
0.137796
0.149348
0.145866
0.151201
0.146975
0.149750
0.148256
0.163363
0.162310
0.154076
0.148711
0.149094
0.146943
0.140805
0.145007
0.143444
0.147353
0.142410
0.153274
0.151432
0.156385
0.160071
0.158889
0.156605
0.158358
0.159525
0.159010
0.159010
0.159010
0.159009
0.158995
0.158951
0.158992
0.158688
0.158452
0.158291
0.158291
0.158882
0.158158
0.158158
0.158158
0.158159
0.158136
0.158136
0.158136
0.158137
0.158136
0.158136
0.158136
0.158167
0.158167
0.158167
0.158167
0.158146
0.158540
0.158343
0.158343
0.158493
0.158633
0.158629
0.158629
0.158621
0.158704
0.158702
0.158702
0.158702
0.158096
0.042546
0.042077
0.042025
0.041804
0.041806
0.042164
0.042580
0.042178
0.042142
0.044398
0.044256
0.041380
0.044650
0.044665
0.044642
0.044733
0.041295
0.036251
0.035725
0.035687
0.036583
0.037081
0.036965
0.037166
0.036871
0.036042
0.036671
0.037096
0.034238
0.034073
0.036033
0.035768
0.035972
0.035914
0.035864
0.036941
0.036725
0.036518
0.037348
0.037484
0.036804
0.036395
0.036449
0.036477
0.036598
0.034154
0.035821
0.034949
0.033453
0.034510
0.033394
0.034499
0.036447
0.038717
0.037150
0.035446
0.034866
0.035264
0.035566
0.002834
0.002753
0.002581
0.002119
0.001809
0.001455
0.001606
0.001599
0.001660
0.001654
0.002728
0.001397
0.001364
0.001342
0.002761
0.001379
0.001440
0.001312
0.002503
0.001349
0.001411
0.001471
0.001449
0.002979
0.003644
0.003641
0.003261
0.003668
0.003657
0.002658
0.001421
0.001420
0.001425
0.001415
0.001381
0.003368
0.001757
0.001901
0.002017
0.002094
0.002171
0.002186
0.002120
0.002058
0.001978
0.001940
0.001968
0.002281
0.002370
0.002498
0.002402
0.002743
0.004023
0.003501
0.004503
0.002950
0.003242
0.003233
0.002618
0.003809
0.002593
0.002511
0.002538
0.002525
0.004357
0.002638
0.004104
0.004137
0.004848
0.006884
0.005356
0.005868
0.004972
0.004748
0.004745
0.005864
0.006176
0.005996
0.006049
0.005866
0.004225
0.003268
0.003605
0.003482
0.004726
0.003893
0.004042
0.004012
0.004677
0.005317
0.004761
0.006402
0.007177
0.003315
0.003572
0.004338
0.005367
0.005186
0.003749
0.007459
0.005826
0.005008
0.003920
0.003810
0.004828
0.006598
0.006570
0.005248
0.003221
0.002741
0.002203
0.002816
0.002907
0.002786
0.002823
0.002327
0.002408
0.002837
0.002561
0.002684
0.003002
0.002930
0.003212
0.003562
0.003430
0.002224
0.002922
0.002563
0.003005
0.004846
0.004943
0.002858
0.001213
0.002768
0.003286
0.002854
0.004903
0.004644
0.002736
0.001168
0.001253
0.001245
0.000975
0.001814
0.002593
0.002656
0.002760
0.002756
0.002324
0.001946
0.002810
0.001507
0.001190
0.001971
0.000622
0.001098
0.000737
0.000450
0.000432
0.000428
0.000000
0.000247
0.001660
0.002382
0.003029
0.003195
0.001944
0.001429
0.001488
0.002741
0.002884
0.002862
0.002776
0.002778
0.002863
0.002912
0.002884
0.002899
0.002032
0.002924
0.002928
0.002056
0.002071
0.002954
0.002964
0.002977
0.002014
0.002026
0.002946
0.002021
0.002029
0.002930
0.002933
0.003023
0.002965
0.002982
0.002889
0.002911
0.003004
0.002132
0.002983
0.003021
0.003052
0.002067
0.003055
0.002980
0.002978
0.002044
0.002086
0.002067
0.002131
0.001984
0.002035
0.002962
0.002019
0.002913
0.001255
0.001312
0.001340
0.001310
0.001476
0.001480
0.001558
0.001314
0.001293
0.001458
0.001310
0.001291
0.001295
0.001326
0.001323
0.001347
0.001371
0.001372
0.001330
0.001318
0.001321
0.001281
0.001267
0.001291
0.001311
0.001890
0.001973
0.001929
0.001415
0.001695
0.001720
0.001466
0.001997
0.002038
0.001458
0.002143
0.001958
0.002023
0.002024
0.002043
0.002131
0.001990
0.001985
0.001413
0.001402
0.001482
0.001527
0.002144
0.002186
0.001584
0.001594
0.001592
0.002213
0.002215
0.001570
0.001549
0.001521
0.001503
0.001488
0.002123
0.002200
0.001506
0.001499
0.001503
0.002114
0.001496
0.002090
0.001482
0.002100
0.001493
0.001491
0.001514
0.001490
0.001522
0.001518
0.001528
0.001489
0.001486
0.001496
0.001796
0.001477
0.001454
0.001785
0.001706
0.001499
0.001476
0.001485
0.001524
0.001531
0.001726
0.001523
0.001533
0.001520
0.001526
0.001529
0.001555
0.001530
0.001529
0.001532
0.001534
0.001530
0.001552
0.001521
0.001524
0.001522
0.001530
0.001536
0.001571
0.002178
0.001580
0.001589
0.001594
0.001560
0.001547
0.001549
0.001546
0.001536
0.001535
0.001524
0.001752
0.001538
0.001561
0.001573
0.001592
0.001605
0.001606
0.001467
0.001600
0.001560
0.001544
0.001536
0.001539
0.001558
0.001564
0.001610
0.001604
0.001584
0.001430
0.001730
0.001574
0.001571
0.001565
0.001559
0.001551
0.001421
0.001615
0.001560
0.001581
0.001561
0.001573
0.001571
0.001569
0.001612
0.001621
0.001422
0.001581
0.001582
0.001558
0.001615
0.001549
0.001564
0.001519
0.001514
0.001497
0.001497
0.001474
0.001467
0.001479
0.001479
0.001484
0.001495
0.001533
0.001523
0.001345
0.001332
0.001441
0.001439
0.001374
0.001406
0.001399
0.001393
0.001382
0.001969
0.001973
0.001345
0.001375
0.001379
0.001402
0.001405
0.001395
0.001941
0.001713
0.001738
0.003113
0.002122
0.002161
0.002188
0.002182
0.002284
0.002226
0.001868
0.002218
0.002215
0.001843
0.001595
0.001982
0.001982
0.001827
0.002033
0.001663
0.002382
0.001971
0.001753
0.001442
0.002394
0.002338
0.002307
0.002287
0.002223
0.003470
0.001534
0.001526
0.002162
0.002167
0.001529
0.001539
0.002187
0.001877
0.002113
0.001595
0.001580
0.001581
0.001568
0.001558
0.001581
0.001539
0.001516
0.001488
0.001498
0.001458
0.001991
0.001975
0.001464
0.002863
0.002841
0.002831
0.002836
0.002820
0.001405
0.001394
0.001371
0.001372
0.001366
0.001377
0.001393
0.001365
0.001371
0.001381
0.001402
0.001409
0.001420
0.001439
0.001463
0.001478
0.001728
0.001470
0.001471
0.002090
0.002000
0.001982
0.001971
0.001452
0.001448
0.001456
0.001438
0.001450
0.001410
0.001445
0.001454
0.002019
0.001483
0.001419
0.001417
0.001423
0.001404
0.001410
0.001403
0.001396
0.001933
0.001953
0.001935
0.001406
0.001989
0.001398
0.001372
0.001407
0.001365
0.001398
0.001415
0.001415
0.001400
0.001403
0.001415
0.001331
0.001321
0.001314
0.001575
0.001374
0.001381
0.001444
0.001418
0.001430
0.001385
0.001421
0.001409
0.001434
0.001413
0.001408
0.001377
0.001366
0.001369
0.001342
0.001312
0.001299
0.001287
0.001908
0.001486
0.001301
0.001323
0.001319
0.001338
0.001363
0.001338
0.001336
0.001318
0.001344
0.001349
0.001567
0.001353
0.001364
0.001361
0.001342
0.001325
0.001924
0.001364
0.001321
0.001319
0.001345
0.001343
0.001348
0.001348
0.001336
0.001314
0.001304
0.001312
0.001272
0.001324
0.001329
0.001314
0.001325
0.001314
0.001330
0.001339
0.001346
0.001297
0.001290
0.001296
0.001897
0.001302
0.001229
0.001643
0.001232
0.001225
0.001253
0.001236
0.002914
0.002913
0.001299
0.001232
0.001237
0.001249
0.001270
0.001237
0.001331
0.001277
0.001272
0.001257
0.001257
0.001289
0.001314
0.001327
0.001330
0.001341
0.001376
0.001391
0.001401
0.001372
0.001355
0.001385
0.001388
0.001393
0.001402
0.001411
0.001945
0.001402
0.001392
0.001389
0.001385
0.001382
0.001390
0.001382
0.001388
0.001384
0.001380
0.001591
0.001347
0.001379
0.001385
0.001376
0.001344
0.001348
0.001984
0.001374
0.001354
0.002047
0.001959
0.001335
0.001333
0.001498
0.001639
0.001299
0.001320
0.001353
0.001390
0.001377
0.001360
0.001930
0.001928
0.033497
0.033834
0.033623
0.034573
0.034696
0.034464
0.033823
0.033726
0.034500
0.034910
0.034666
0.034556
0.034362
0.034257
0.033334
0.034108
0.034111
0.034367
0.034451
0.034471
0.034395
0.034488
0.034459
0.034463
0.034401
0.034734
0.002036
0.002045
0.002050
0.002028
0.002021
0.001987
0.001956
0.001942
0.001996
0.002162
0.008815
0.007870
0.005984
0.002843
0.001797
0.003958
0.003408
0.002324
0.002363
0.002298
0.002552
0.002274
0.002348
0.002320
0.002317
0.002284
0.002284
0.002279
0.002296
0.002365
0.003366
0.003580
0.004733
0.004507
0.004724
0.004926
0.005166
0.004258
0.005560
0.004819
0.003696
0.004455
0.002427
0.002402
0.002532
0.002764
0.003222
0.002823
0.003739
0.003708
0.003651
0.004129
0.003833
0.003707
0.003705
0.004067
0.004471
0.004056
0.003387
0.002384
0.002700
0.004100
0.002785
0.002741
0.003817
0.002876
0.002535
0.002601
0.002542
0.002392
0.002407
0.002573
0.002510
0.002565
0.002533
0.002520
0.002489
0.002782
0.002815
0.004257
0.004537
0.004365
0.004360
0.002599
0.002500
0.002326
0.002329
0.002353
0.002346
0.002337
0.002357
0.002308
0.002332
0.003563
0.002384
0.002419
0.004067
0.002379
0.004122
0.002345
0.004080
0.002357
0.003183
0.002439
0.002496
0.002681
0.002678
0.003762
0.002904
0.002646
0.003785
0.002680
0.002940
0.002765
0.002611
0.002764
0.002790
0.003703
0.003182
0.003829
0.003000
0.002688
0.002682
0.002681
0.002565
0.002650
0.002802
0.002626
0.002611
0.002862
0.002785
0.002724
0.002545
0.002520
0.002564
0.002660
0.002657
0.002644
0.002646
0.002443
0.002716
0.002516
0.002438
0.002463
0.002535
0.002531
0.002475
0.002481
0.002437
0.004049
0.002411
0.003581
0.002411
0.003137
0.002429
0.002429
0.002418
0.002455
0.002483
0.002474
0.002488
0.002452
0.002411
0.002375
0.003585
0.002376
0.002409
0.002406
0.002411
0.002413
0.002453
0.003655
0.004515
0.003627
0.003497
0.003582
0.003588
0.003507
0.003466
0.004483
0.004141
0.004024
0.002652
0.003121
0.002356
0.002357
0.003500
0.003479
0.002474
0.002477
0.002493
0.002489
0.002413
0.004128
0.003679
0.004124
0.003313
0.003517
0.003641
0.003527
0.003637
0.003581
0.003199
0.002570
0.002713
0.002517
0.003237
0.002877
0.004291
0.003993
0.004207
0.004510
0.004502
0.004185
0.004128
0.002729
0.004190
0.002489
0.004192
0.004167
0.004131
0.004196
0.004145
0.004160
0.002682
0.003853
0.002415
0.004525
0.004186
0.002481
0.002494
0.002708
0.002437
0.002447
0.002365
0.002621
0.004121
0.002543
0.002358
0.003997
0.003882
0.003540
0.004411
0.004025
0.004408
0.003726
0.004403
0.004390
0.004383
0.003521
0.002350
0.002355
0.002366
0.002301
0.002627
0.002306
0.002412
0.002309
0.002305
0.002288
0.002270
0.002243
0.002243
0.002236
0.002269
0.002258
0.002293
0.002295
0.002366
0.002399
0.002447
0.002473
0.002787
0.002546
0.002596
0.002753
0.002649
0.002663
0.002604
0.002569
0.002450
0.002593
0.002465
0.002447
0.002473
0.002438
0.002458
0.002452
0.002487
0.002378
0.002322
0.002317
0.002403
0.002348
0.002339
0.002396
0.004041
0.002550
0.002311
0.002309
0.002324
0.002265
0.002333
0.002258
0.002255
0.002262
0.002336
0.002274
0.002334
0.002372
0.003105
0.003037
0.002961
0.002772
0.002768
0.002820
0.002939
0.003474
0.004374
0.005851
0.006839
0.014732
0.015193
0.006780
0.007301
0.008501
0.008920
0.008397
0.008414
0.007455
0.007057
0.006366
0.014980
0.014774
0.013696
0.013616
0.013743
0.013525
0.013520
0.013957
0.013820
0.013340
0.013799
0.013782
0.013774
0.013306
0.013494
0.004821
0.004786
0.012998
0.013032
0.013498
0.004848
0.004812
0.013499
0.004872
0.013510
0.013518
0.013523
0.013543
0.013548
0.013550
0.013083
0.013956
0.013408
0.013573
0.013585
0.013542
0.013525
0.013534
0.013558
0.013555
0.013537
0.013555
0.013544
0.013806
0.013513
0.013821
0.013830
0.013836
0.013888
0.013130
0.013174
0.013911
0.013480
0.013125
0.004948
0.013893
0.013553
0.004913
0.004920
0.004911
0.013817
0.004871
0.013811
0.013565
0.013832
0.013718
0.013827
0.013765
0.013508
0.014135
0.013786
0.013469
0.013761
0.013877
0.013777
0.013043
0.013840
0.013507
0.013527
0.013907
0.013539
0.013552
0.013080
0.013548
0.013654
0.013591
0.013655
0.013622
0.013596
0.013588
0.013579
0.013552
0.013599
0.013580
0.013569
0.013548
0.013551
0.013021
0.013846
0.013494
0.013763
0.013408
0.013399
0.013795
0.013764
0.013722
0.013674
0.013772
0.013764
0.013796
0.013237
0.013809
0.013730
0.013036
0.013385
0.013382
0.013862
0.013903
0.013962
0.013908
0.013572
0.013605
0.013611
0.013982
0.013628
0.013612
0.013159
0.013121
0.013809
0.013373
0.013378
0.013423
0.013379
0.013416
0.013435
0.013387
0.013401
0.013456
0.013882
0.013962
0.013898
0.014019
0.013909
0.013990
0.014018
0.013963
0.013162
0.013951
0.013906
0.013945
0.013958
0.004892
0.013829
0.013825
0.013827
0.013798
0.013754
0.013714
0.013758
0.013700
0.013641
0.013840
0.013689
0.013397
0.013339
0.013409
0.013547
0.013954
0.013665
0.013189
0.013711
0.013882
0.013737
0.013722
0.013975
0.014665
0.014551
0.005677
0.006151
0.006632
0.006982
0.007359
0.007654
0.007914
0.007627
0.007132
0.006393
0.005596
0.013876
0.016778
0.005537
0.003407
0.003551
0.058804
0.058804
0.058804
0.058804
0.058834
0.058834
0.058834
0.058834
0.058834
0.058834
