0.091781
0.091781
0.086410
0.086410
0.151851
0.120690
0.097006
0.082715
0.078316
0.078456
0.078360
0.078722
0.078727
0.078328
0.078787
0.079015
0.078975
0.078926
0.078941
0.079012
0.079126
0.079120
0.079286
0.079195
0.079539
0.079043
0.079034
0.079566
0.079553
0.080049
0.080244
0.080198
0.080420
0.080149
0.080882
0.080916
0.081305
0.081075
0.081400
0.081682
0.083275
0.081817
0.081977
0.082151
0.082468
0.082644
0.082880
0.083454
0.083275
0.083731
0.083919
0.084348
0.084261
0.085080
0.085114
0.086177
0.085544
0.085790
0.086294
0.086331
0.087084
0.087345
0.087667
0.087483
0.088513
0.088996
0.088833
0.089141
0.089182
0.089642
0.089701
0.090397
0.091075
0.091419
0.091781
0.091781
0.091781
0.091781
0.091781
0.091781
0.091781
0.091781
0.091781
0.042567
0.043381
0.043431
0.043445
0.043615
0.043188
0.043344
0.042310
0.042200
0.042978
0.043133
0.042566
0.042443
0.034135
0.033972
0.033611
0.033285
0.033762
0.033556
0.033689
0.033365
0.033452
0.034025
0.034185
0.033905
0.034137
0.033691
0.051878
0.050901
0.050442
0.055360
0.057064
0.056137
0.052097
0.055972
0.055871
0.051143
0.052243
0.052034
0.052401
0.053216
0.057127
0.056329
0.055921
0.054736
0.054743
0.059037
0.059974
0.057738
0.058193
0.058241
0.058275
0.058437
0.058256
0.058250
0.058035
0.057794
0.056829
0.046855
0.040868
0.041253
0.042481
0.046008
0.042596
0.046239
0.042277
0.042642
0.045824
0.045783
0.045389
0.043240
0.041178
0.045810
0.045868
0.045792
0.041438
0.041108
0.041295
0.041244
0.041053
0.042399
0.042986
0.048435
0.043605
0.042572
0.044104
0.044110
0.050513
0.048295
0.051843
0.052299
0.048926
0.050935
0.053243
0.044128
0.048307
0.055928
0.051394
0.051313
0.051998
0.054264
0.053863
0.049451
0.048177
0.052900
0.052205
0.055712
0.053470
0.115084
0.103994
0.104812
0.104270
0.104626
0.105549
0.104739
0.102780
0.107332
0.115844
0.135483
0.135197
0.138354
0.135147
0.134176
0.134313
0.134369
0.133703
0.134282
0.134299
0.133927
0.133933
0.134374
0.132790
0.134033
0.127707
0.115002
0.132144
0.135351
0.116220
0.128953
0.132931
0.136724
0.134440
0.136984
0.136192
0.134959
0.047515
0.048048
0.048235
0.048093
0.048002
0.048493
0.048861
0.048808
0.048049
0.048247
0.048084
0.048034
0.048308
0.048365
0.068244
0.069653
0.066816
0.066756
0.066969
0.069756
0.067281
0.069024
0.067033
0.068574
0.066992
0.060902
0.061641
0.069774
0.069766
0.068454
0.070044
0.067448
0.067342
0.069417
0.067733
0.069708
0.068413
0.067990
0.094990
0.095548
0.095760
0.094715
0.095242
0.095308
0.096188
0.095565
0.096022
0.096071
0.096138
0.096516
0.062310
0.061837
0.061728
0.061049
0.060139
0.062032
0.061581
0.060314
0.061253
0.059365
0.061384
0.060667
0.060621
0.061968
0.059425
0.062079
0.056020
0.060967
0.060928
0.061120
0.060937
0.060822
0.061258
0.039139
0.040233
0.041409
0.042131
0.043858
0.043334
0.045516
0.045199
0.045856
0.046218
0.041854
0.046964
0.042789
0.044534
0.045034
0.047818
0.051407
0.059778
0.059804
0.054226
0.059900
0.050540
0.056300
0.059410
0.050659
0.051472
0.051717
0.051717
0.050968
0.051646
0.051542
0.051534
0.051627
0.051186
0.050196
0.053880
0.052975
0.157475
0.138753
0.126485
0.125968
0.136219
0.153366
0.143261
0.139463
0.143099
0.148845
0.138049
0.139033
0.129479
0.132658
0.130052
0.130601
0.139742
0.115156
0.123518
0.107210
0.111189
0.114111
0.098617
0.111131
0.126448
0.144670
0.145582
0.125943
0.128879
0.131944
0.129377
0.146507
0.151702
0.155553
0.149692
0.149625
0.153429
0.142963
0.140032
0.144938
0.137072
0.137618
0.049707
0.056077
0.049138
0.049560
0.045913
0.052886
0.050642
0.049144
0.054872
0.059126
0.058756
0.050537
0.054664
0.058084
0.057620
0.057049
0.056645
0.056512
0.052864
0.057822
0.055934
0.052128
0.057296
0.051175
0.051430
0.051403
0.051021
0.050048
0.049726
0.049219
0.043794
0.044547
0.041427
0.042786
0.041020
0.048536
0.048301
0.048351
0.047299
0.047065
0.045830
0.046616
0.048350
0.047751
0.048966
0.044974
0.045284
0.044291
0.052039
0.047547
0.047139
0.047366
0.048875
0.051122
0.050656
0.051303
0.050456
0.052751
0.053113
0.054757
0.055856
0.054910
0.055644
0.055656
0.057195
0.058899
0.057614
0.056468
0.060338
0.064551
0.059220
0.062186
0.058197
0.057332
0.060375
0.061642
0.063883
0.036153
0.063736
0.055006
0.053266
0.039262
0.039503
0.078840
0.078767
0.078978
0.079031
0.078832
0.078756
0.078752
0.078756
0.078832
0.057260
0.057234
0.057419
0.057890
0.057639
0.060475
0.060381
0.058376
0.058912
0.058390
0.078670
0.076407
0.074824
0.074922
0.074566
0.074142
0.073616
0.075665
0.072757
0.073719
0.072896
0.072609
0.072727
0.076019
0.072818
0.075979
0.073056
0.064158
0.063242
0.063197
0.062168
0.064733
0.066395
0.044572
0.065309
0.064048
0.064935
0.065115
0.066036
0.064204
0.064495
0.064586
0.064530
0.063991
0.064749
0.063605
0.063630
0.063532
0.063194
0.062102
0.062698
0.061871
0.061879
0.064338
0.061792
0.062466
0.061341
0.060747
0.113885
0.113320
0.113695
0.111538
0.112126
0.113204
0.113256
0.115436
0.115005
0.114754
0.117221
0.116988
0.116318
0.115130
0.115140
0.114999
0.115267
0.115851
0.113133
0.114678
0.114359
0.115337
0.114426
0.107143
0.108634
0.108047
0.108113
0.108666
0.110527
0.112207
0.113161
0.113204
0.112954
0.114621
0.110710
0.109450
0.108812
0.109713
0.108800
0.116492
0.114281
0.058358
0.058061
0.058257
0.058988
0.058566
0.058384
0.058530
0.058273
0.057738
0.053335
0.051889
0.050471
0.052537
0.053224
0.051578
0.051511
0.052099
0.052036
0.051763
0.057296
0.061711
0.057690
0.057440
0.057443
0.059256
0.057496
0.060112
0.057838
0.060879
0.062064
0.059352
0.058640
0.058105
0.058498
0.058286
0.058747
0.059721
0.059662
0.057737
0.060425
0.059411
0.060605
0.060017
0.061865
0.058509
0.059313
0.041498
0.041417
0.040929
0.041055
0.039804
0.040960
0.040918
0.041569
0.039472
0.039480
0.040400
0.040079
0.040044
0.040083
0.040141
0.040086
0.040158
0.040281
0.055690
0.056480
0.057112
0.058238
0.058543
0.057344
0.056059
0.058299
0.058606
0.056004
0.057173
0.056204
0.056035
0.056159
0.057099
0.058147
0.056251
0.059074
0.057419
0.058631
0.059168
0.058608
0.058554
0.058795
0.057302
0.058527
0.056452
0.057894
0.057611
0.059257
0.058275
0.058534
0.059472
0.058678
0.057918
0.058496
0.058185
0.056915
0.057946
0.057627
0.058770
0.058166
0.058005
0.057271
0.057878
0.060509
0.059201
0.059500
0.060798
0.060368
0.059904
0.057800
0.059648
0.057952
0.058617
0.050204
0.049839
0.050078
0.050017
0.051199
0.050068
0.050292
0.051110
0.051343
0.051365
0.049529
0.049165
0.049251
0.049365
0.049138
0.049072
0.048779
0.048553
0.048715
0.050386
0.050564
0.050553
0.050480
0.050787
0.050434
0.050920
0.050894
0.050363
0.050377
0.050382
0.129320
0.126589
0.106014
0.115875
0.135645
0.146587
0.141001
0.135167
0.144552
0.135776
0.135123
0.134822
0.135335
0.136749
0.136496
0.138470
0.132563
0.133690
0.135395
0.162947
0.146451
0.143792
0.150279
0.160182
0.133053
0.132764
0.134999
0.135067
0.128061
0.128683
0.130291
0.130274
0.130023
0.128615
0.124195
0.120271
0.123385
0.164637
0.162229
0.146868
0.145006
0.144191
0.165037
0.165924
0.126289
0.127583
0.050778
0.050860
0.052793
0.053554
0.054046
0.057214
0.052244
0.052151
0.052500
0.049098
0.051634
0.051804
0.052745
0.052031
0.051175
0.052625
0.050743
0.051622
0.050843
0.049891
0.051503
0.051645
0.052878
0.051842
0.050786
0.052866
0.073592
0.076452
0.077910
0.071122
0.077314
0.071299
0.071090
0.070290
0.079160
0.071258
0.071491
0.074619
0.070980
0.073441
0.073700
0.073574
0.072765
0.074809
0.070637
0.073351
0.070526
0.070172
0.070622
0.072878
0.070711
0.069960
0.069926
0.070408
0.074224
0.070375
0.074059
0.074222
0.080201
0.080213
0.080118
0.080137
0.079644
0.078855
0.078292
0.079183
0.079439
0.079629
0.078131
0.078668
0.078467
0.078418
0.080307
0.080056
0.079562
0.079867
0.080154
0.080057
0.079887
0.080727
0.079676
0.080118
0.054764
0.052338
0.053525
0.052764
0.053192
0.053881
0.053229
0.053136
0.052787
0.053051
0.052784
0.053181
0.052820
0.053012
0.053355
0.053718
0.053151
0.053301
0.055344
0.053256
0.053269
0.053230
0.074730
0.074049
0.063541
0.078760
0.074124
0.077741
0.080135
0.072922
0.075928
0.078298
0.075309
0.074884
0.074624
0.073749
0.075272
0.075314
0.074876
0.075549
0.078418
0.073819
0.075727
0.102681
0.102824
0.102591
0.073266
0.073833
0.047725
0.047732
0.047363
0.046993
0.048867
0.048274
0.048371
0.045414
0.047125
0.045122
0.047040
0.047260
0.047885
0.046715
0.047253
0.045121
0.049530
0.050411
0.047267
0.046058
0.048289
0.046167
0.046784
0.047233
0.046598
0.046109
0.047685
0.059338
0.058514
0.057565
0.057926
0.058343
0.062533
0.061485
0.055016
0.052377
0.052218
0.054440
0.055724
0.058250
0.056689
0.056339
0.055499
0.055200
0.052744
0.053069
0.054114
0.055049
0.055460
0.057338
0.054299
0.053318
0.054560
0.053150
0.054185
0.052883
0.053148
0.054147
0.047568
0.048471
0.048605
0.048346
0.048563
0.048504
0.047908
0.048531
0.048261
0.048227
0.049127
0.047843
0.046858
0.048159
0.048373
0.049327
0.049396
0.049081
0.048754
0.047210
0.048697
0.048139
0.047829
0.046619
0.046762
0.048060
0.047461
0.048342
0.048380
0.047091
0.047254
0.046576
0.046696
0.046525
0.051334
0.049609
0.050715
0.050707
0.051127
0.050790
0.053298
0.048913
0.052807
0.048277
0.048595
0.097773
0.098953
0.097709
0.097712
0.096747
0.097021
0.096782
0.097415
0.095701
0.095947
0.096392
0.094584
0.096390
0.098081
0.097106
0.097333
0.100255
0.096048
0.094352
0.096540
0.095913
0.096485
0.096447
0.095790
0.151208
0.151914
0.151951
0.150922
0.156945
0.149698
0.149366
0.145738
0.145447
0.145905
0.145752
0.145787
0.142150
0.142081
0.142113
0.142031
0.142104
0.148017
0.144321
0.144491
0.149129
0.145201
0.139798
0.083609
0.089485
0.086284
0.089440
0.087876
0.088487
0.085296
0.085384
0.084911
0.081905
0.087462
0.084832
0.082504
0.081677
0.082377
0.083078
0.078673
0.077763
0.082514
0.078503
0.028726
0.079814
0.082366
0.085234
0.084357
0.084765
0.085686
0.084683
0.084076
0.084289
0.084296
0.083196
0.084473
0.085353
0.085363
0.086059
0.086872
0.084877
0.084482
0.085223
0.083984
0.084718
0.086331
0.084184
0.084999
0.084012
0.085183
0.085090
0.085757
0.083005
0.082767
0.080231
0.076862
0.077561
0.080089
0.078444
0.079600
0.081368
0.069536
0.070266
0.073006
0.073475
0.084372
0.092807
0.092738
0.091736
0.092110
0.091397
0.087497
0.090843
0.091856
0.095664
0.095385
0.098982
0.092224
0.095578
0.093248
0.098155
0.099377
0.097805
0.100526
0.106242
0.094923
0.100558
0.096919
0.093530
0.098098
0.104543
0.102995
0.054309
0.052635
0.049778
0.051099
0.054470
0.054215
0.054384
0.053973
0.053888
0.052384
0.052714
0.057267
0.052357
0.054175
0.054014
0.052986
0.052814
0.052582
0.053865
0.053508
0.052692
0.053803
0.054056
0.054793
0.054775
0.055393
0.068219
0.068252
0.066102
0.067398
0.068775
0.066455
0.064333
0.068986
0.069605
0.073353
0.071948
0.076716
0.070261
0.071037
0.071405
0.078122
0.069919
0.076152
0.068858
0.073955
0.072140
0.067969
0.068268
0.064122
0.067905
0.063128
0.061668
0.060653
0.062459
0.062954
0.061072
0.067457
0.069952
0.069250
0.065390
0.065131
0.070420
0.072116
0.074086
0.064670
0.078656
0.079530
0.072955
0.072316
0.072856
0.071733
0.074516
0.070393
0.068767
0.068302
0.066346
0.066193
0.066867
0.135249
0.138696
0.142626
0.137097
0.138719
0.139993
0.127695
0.125414
0.125229
0.138036
0.134350
0.133453
0.126789
0.129591
0.129840
0.125107
0.143793
0.137303
0.128268
0.146415
0.133777
0.134862
0.136983
0.136795
0.135622
0.141006
0.135266
0.136966
0.149237
0.144664
0.146648
0.063840
0.063616
0.064976
0.062213
0.066377
0.065231
0.061751
0.059570
0.059511
0.060113
0.061987
0.059352
0.061590
0.059155
0.059261
0.061689
0.061765
0.061706
0.061861
0.061659
0.235142
0.232420
0.236740
0.235981
0.234929
0.234543
0.235940
0.233433
0.225473
0.223519
0.236019
0.227537
0.225603
0.222477
0.221669
0.226899
0.237079
0.244933
0.239773
0.231701
0.236790
0.246545
0.256410
0.253362
0.266876
0.260618
0.252814
0.271936
0.253889
0.256437
0.253185
0.275566
0.264722
0.253508
0.253769
0.254015
0.252326
0.253189
0.255483
0.256155
0.253882
0.263839
0.253387
0.275046
0.253737
0.253861
0.254518
0.252325
0.252194
0.254750
0.254683
0.271400
0.259950
0.271949
0.274113
0.258018
0.253543
0.252974
0.254140
0.251338
0.274064
0.255444
0.256545
0.252172
0.253487
0.250954
0.252577
0.251434
0.254949
0.251831
0.251677
0.249466
0.252000
0.251988
0.251433
0.255858
0.253193
0.255393
0.254256
0.252714
0.251784
0.251462
0.251584
0.252417
0.254605
0.252990
0.256497
0.252463
0.254794
0.252026
0.250742
0.256686
0.252433
0.253547
0.255179
0.254313
0.252748
0.252973
0.253424
0.254787
0.252068
0.252144
0.251716
0.106725
0.106741
0.106161
0.105391
0.115065
0.115152
0.115165
0.114860
0.110126
0.114909
0.114997
0.115845
0.116131
0.108924
0.114516
0.112409
0.114798
0.113984
0.114645
0.113411
0.114231
0.113979
0.054707
0.055545
0.055393
0.053203
0.050996
0.049802
0.050922
0.046162
0.049876
0.049445
0.048819
0.046450
0.049793
0.050818
0.053724
0.053991
0.052983
0.054172
0.051405
0.054559
0.048844
0.051841
0.050934
0.053733
0.051749
0.051359
0.050199
0.052402
0.046361
0.048963
0.046031
0.045961
0.044807
0.044294
0.043361
0.044147
0.045677
0.044889
0.047171
0.047768
0.045215
0.045816
0.046844
0.048894
0.048638
0.054181
0.053555
0.054592
0.055831
0.055078
0.054862
0.054761
0.054757
0.060703
0.052302
0.053975
0.058214
0.058221
0.058885
0.059852
0.058577
0.043227
0.043239
0.043258
0.043333
0.043339
0.043129
0.043089
0.043051
0.043084
0.043186
0.043106
0.087451
0.080855
0.078851
0.079028
0.087519
0.146100
0.146103
0.146101
0.146103
0.146100
0.040440
0.040363
0.040016
0.040728
0.039821
0.039821
0.084844
0.082466
0.083329
0.084140
0.086643
0.088817
0.106560
0.098474
0.098662
0.099174
0.099018
0.099094
0.098563
0.099814
0.100999
0.089036
0.091008
0.090911
0.088657
0.088637
0.088964
0.089285
0.090717
0.086708
0.110788
0.099467
0.100025
0.099918
0.117278
0.101988
0.101787
0.100738
0.100415
0.098364
0.102199
0.102287
0.099032
0.101967
0.105300
0.105144
0.105760
0.105428
0.106043
0.105109
0.105681
0.106201
0.105070
0.106885
0.100085
0.101259
0.111238
0.098928
0.095934
0.130316
0.130741
0.132139
0.132233
0.132618
0.126912
0.125291
0.130765
0.124961
0.131149
0.131347
0.130524
0.131104
0.131820
0.132039
0.132439
0.132077
0.138479
0.128340
0.136339
0.146506
0.128700
0.128131
0.129046
0.126934
0.129086
0.126786
0.130023
0.129320
0.129521
0.127609
0.127558
0.040571
0.041331
0.048355
0.041369
0.046100
0.041466
0.046316
0.043195
0.047040
0.041207
0.046631
0.048244
0.047418
0.043036
0.046413
0.040423
0.040583
0.046921
0.046571
0.046558
0.041476
0.042772
0.046422
0.046779
0.046319
0.048520
0.048413
0.045676
0.051792
0.050952
0.040166
0.045080
0.039517
0.040490
0.046529
0.114289
0.111679
0.110741
0.108897
0.110234
0.109705
0.110756
0.112545
0.111747
0.109545
0.110628
0.111502
0.112666
0.112967
0.110902
0.110394
0.110404
0.110170
0.109921
0.110167
0.111697
0.109897
0.110066
0.110221
0.110688
0.110527
0.110186
0.109843
0.110774
0.110661
0.110090
0.109821
0.114129
0.081108
0.079969
0.081027
0.092945
0.086186
0.087363
0.087521
0.079508
0.086651
0.084185
0.079175
0.084289
0.082155
0.070786
0.082199
0.081040
0.072807
0.083911
0.088199
0.082147
0.086293
0.083978
0.084283
0.083650
0.083847
0.084571
0.083572
0.082351
0.085441
0.086322
0.088276
0.084529
0.084948
0.085433
0.065626
0.065720
0.068001
0.066730
0.066448
0.066818
0.066763
0.064548
0.065247
0.064583
0.062519
0.065601
0.065149
0.063435
0.064351
0.066055
0.061942
0.064391
0.060838
0.063084
0.064461
0.067614
0.064259
0.064433
0.062298
0.081251
0.081609
0.086260
0.083479
0.083023
0.081091
0.081954
0.081846
0.081752
0.082045
0.081950
0.081602
0.077971
0.080284
0.084453
0.085341
0.084428
0.084771
0.084103
0.084690
0.085614
0.084842
0.082172
0.077409
0.075609
0.062988
0.049310
0.051494
0.049540
0.078196
0.050166
0.051142
0.081993
0.052365
0.052344
0.063930
0.050781
0.049640
0.049309
0.051454
0.055616
0.056885
0.056223
0.058487
0.059399
0.060155
0.059862
0.056198
0.055000
0.058766
0.063803
0.061710
0.057007
0.057310
0.058046
0.102450
0.099607
0.102039
0.099291
0.102863
0.102587
0.101249
0.101074
0.100816
0.100252
0.101874
0.107608
0.112579
0.110101
0.111049
0.110103
0.109150
0.110343
0.101466
0.109201
0.111707
0.111561
0.110831
0.111090
0.111784
0.111473
0.110992
0.113411
0.112880
0.114802
0.101661
0.104199
0.101423
0.104985
0.103615
0.104193
0.102983
0.103834
0.103828
0.098651
0.110715
0.121098
0.121687
0.122450
0.124287
0.124247
0.125037
0.125761
0.118164
0.117971
0.109583
0.106638
0.117700
0.120604
0.127719
0.121077
0.120688
0.123880
0.115741
0.089045
0.091168
0.089976
0.092068
0.091768
0.092165
0.093074
0.094321
0.107751
0.092437
0.090309
0.090050
0.087998
0.090069
0.087087
0.088931
0.111247
0.105489
0.100987
0.098167
0.089859
0.091387
0.090022
0.101325
0.137250
0.131810
0.158434
0.174153
0.132499
0.128097
0.120008
0.113392
0.127794
0.131729
0.134404
0.149530
0.157547
0.165979
0.129477
0.146521
0.108357
0.111808
0.125758
0.123573
0.121480
0.126797
0.131419
0.128438
0.132663
0.136781
0.113872
0.110641
0.110486
0.131606
0.100034
0.100255
0.090982
0.100953
0.083680
0.085051
0.075630
0.092546
0.091249
0.091051
0.079434
0.087311
0.087687
0.090412
0.103669
0.096504
0.102664
0.107717
0.106050
0.114307
0.119790
0.123968
0.124727
0.101563
0.100151
0.100357
0.101155
0.102092
0.107597
0.119709
0.118342
0.103673
0.106177
0.102847
0.104651
0.104471
0.106086
0.107062
0.105577
0.106570
0.107341
0.097593
0.109089
0.104782
0.103371
0.100914
0.100592
0.100941
0.095419
0.094501
0.088488
0.086164
0.191229
0.190699
0.187256
0.184696
0.181494
0.174265
0.148526
0.144982
0.123575
0.125342
0.115715
0.110887
0.131490
0.156911
0.172566
0.186190
0.187672
0.191316
0.191566
0.192220
0.189619
0.177844
0.191387
0.191942
0.190907
0.236057
0.242926
0.243021
0.242280
0.240051
0.240340
0.241262
0.240389
0.238881
0.239440
0.241096
0.242312
0.239668
0.240490
0.243274
0.242972
0.241082
0.240125
0.239948
0.241835
0.240216
0.240931
0.240261
0.244288
0.246568
0.241536
0.244801
0.241154
0.242728
0.243401
0.246923
0.119753
0.117095
0.110670
0.110231
0.112326
0.111186
0.113022
0.111886
0.111379
0.112221
0.113094
0.109776
0.111894
0.112228
0.110564
0.110683
0.111773
0.113255
0.113639
0.112796
0.113268
0.113024
0.113564
0.113541
0.110788
0.114760
0.114058
0.114189
0.113401
0.113030
0.065637
0.066214
0.066414
0.066440
0.061398
0.067532
0.067327
0.061487
0.063743
0.059736
0.061196
0.065620
0.055585
0.066683
0.059221
0.045578
0.059016
0.047367
0.050154
0.049385
0.046459
0.045498
0.049193
0.049726
0.048811
0.049489
0.048092
0.049437
0.058923
0.055419
0.059407
0.046474
0.046086
0.049313
0.049706
0.048654
0.051734
0.048908
0.048587
0.050400
0.049331
0.049919
0.049938
0.050407
0.048648
0.051824
0.052182
0.051581
0.053619
0.053014
0.053821
0.053691
0.054106
0.054313
0.054012
0.054271
0.056124
0.055681
0.057483
0.057336
0.057060
0.057663
0.054545
0.054267
0.054618
0.054604
0.053119
0.053301
0.053423
0.053928
0.052262
0.053094
0.051830
0.052583
0.048076
0.048557
0.046684
0.045603
0.049178
0.057450
0.059319
0.058279
0.061259
0.063128
0.062136
0.065674
0.065492
0.060598
0.064748
0.112933
0.112300
0.113621
0.113901
0.117145
0.111297
0.111521
0.112480
0.112082
0.111968
0.114232
0.114231
0.112713
0.112440
0.113785
0.113212
0.113213
0.113081
0.113341
0.114327
0.113403
0.113831
0.113455
0.112999
0.113067
0.114433
0.112195
0.113430
0.114018
0.113517
0.172401
0.171783
0.172790
0.171319
0.174345
0.171462
0.172685
0.167392
0.172226
0.166522
0.165924
0.171800
0.169732
0.166996
0.168427
0.173698
0.170636
0.171183
0.173424
0.171749
0.171538
0.170843
0.167870
0.173667
0.169991
0.169611
0.169218
0.166795
0.169713
0.166776
0.167482
0.164867
0.167293
0.168369
0.086656
0.087435
0.086876
0.087488
0.097641
0.096701
0.088038
0.087678
0.096470
0.096899
0.090750
0.087382
0.091318
0.087975
0.087469
0.088215
0.088038
0.088351
0.089075
0.088983
0.089030
0.089550
0.090761
0.089140
0.089646
0.089879
0.089030
0.088853
0.088808
0.088692
0.088568
0.099972
0.099446
0.096488
0.097751
0.096219
0.094098
0.093993
0.094546
0.091494
0.087968
0.087785
0.095971
0.096330
0.097161
0.096247
0.097881
0.098374
0.095915
0.094205
0.094263
0.094114
0.094989
0.096891
0.096731
0.092510
0.095178
0.088295
0.087847
0.087954
0.087971
0.086192
0.087610
0.087462
0.090311
0.086314
0.087494
0.090106
0.089844
0.081571
0.081624
0.092573
0.089063
0.085808
0.090922
0.089027
0.085842
0.085647
0.083775
0.094863
0.100411
0.093355
0.093742
0.094041
0.096106
0.094900
0.086976
0.096489
0.096040
0.096527
0.095699
0.096391
0.094671
0.096875
0.085128
0.083826
0.087469
0.090191
0.087363
0.090042
0.087965
0.088570
0.087131
0.078294
0.083487
0.077085
0.091831
0.089527
0.089594
0.089007
0.089205
0.089692
0.089469
0.088276
0.089580
0.090792
0.089042
0.089661
0.092951
0.090076
0.092943
0.093347
0.093583
0.093787
0.092373
0.094548
0.095180
0.092097
0.087691
0.092968
0.088430
0.093577
0.084755
0.086221
0.086754
0.087219
0.086680
0.084772
0.084423
0.087268
0.085789
0.083791
0.079670
0.079583
0.081785
0.079886
0.082960
0.087646
0.085297
0.085800
0.083968
0.079787
0.075116
0.080432
0.080427
0.078741
0.077017
0.074551
0.072721
0.072713
0.070723
0.069943
0.068126
0.069022
0.069179
0.070537
0.066410
0.068540
0.066450
0.078582
0.074621
0.067702
0.065344
0.067139
0.068819
0.068929
0.069141
0.068635
0.067555
0.070070
0.069283
0.070651
0.065375
0.042275
0.042733
0.043333
0.043376
0.043072
0.043234
0.043104
0.043098
0.043715
0.043528
0.043237
0.042788
0.042972
0.043262
0.043503
0.043518
0.043440
0.043394
0.043168
0.042598
0.044763
0.044830
0.043195
0.043695
0.044694
0.044716
0.044776
0.043873
0.043539
0.044694
0.043654
0.044034
0.043940
0.043644
0.043680
0.043755
0.043771
0.043803
0.074969
0.074769
0.074947
0.074129
0.074738
0.071876
0.070078
0.071355
0.071572
0.071734
0.071528
0.070984
0.070478
0.068488
0.072908
0.073648
0.074479
0.063064
0.074541
0.074745
0.065335
0.065112
0.065074
0.074751
0.075083
0.075655
0.076118
0.075548
0.071680
0.071668
0.073960
0.065207
0.074346
0.073927
0.065075
0.067149
0.067174
0.066618
0.066867
0.065982
0.061745
0.065468
0.065099
0.065731
0.067715
0.074585
0.069153
0.148700
0.141585
0.073957
0.071555
0.073731
0.078466
0.081337
0.085013
0.080645
0.084944
0.073137
0.139987
0.083359
0.088692
0.090256
0.153515
0.155457
0.153147
0.151198
0.048923
0.048460
0.046613
0.054890
0.051456
0.050817
0.049737
0.047290
0.048865
0.047559
0.050392
0.047496
0.046978
0.048122
0.049257
0.047592
0.049210
0.043649
0.044627
0.048542
0.047397
0.046802
0.047258
0.046730
0.047510
0.049527
0.049595
0.048751
0.049179
0.050387
0.048927
0.048156
0.046620
0.046532
0.044876
0.044370
0.043431
0.051611
0.047911
0.041950
0.044780
0.044812
0.049138
0.048270
0.046386
0.043063
0.042654
0.042822
0.044489
0.038182
0.038472
0.038349
0.038611
0.045170
0.045345
0.041955
0.042477
0.043730
0.043812
0.043178
0.042677
0.043803
0.043440
0.041543
0.069776
0.070723
0.069061
0.067392
0.066233
0.066048
0.066594
0.068485
0.067781
0.066779
0.064883
0.065160
0.066957
0.068260
0.070600
0.070065
0.070993
0.070126
0.061866
0.062398
0.064282
0.069659
0.069813
0.069590
0.070108
0.069049
0.069674
0.070585
0.068553
0.069172
0.069068
0.069947
0.069061
0.068061
0.069665
0.068012
0.068862
0.068510
0.069432
0.067476
0.068051
0.067071
0.069091
0.068617
0.067370
0.068292
0.067856
0.068367
0.069920
0.068212
0.063056
0.062134
0.061758
0.062293
0.061538
0.061788
0.061379
0.060957
0.060955
0.061863
0.062378
0.060945
0.064930
0.059536
0.059931
0.060826
0.067604
0.060224
0.056504
0.051846
0.059105
0.058705
0.060219
0.059096
0.053814
0.057435
0.056015
0.056990
0.056751
0.055858
0.057055
0.058097
0.057952
0.054270
0.054243
0.059200
0.061135
0.063968
0.057224
0.058661
0.054498
0.053770
0.054968
0.059149
0.059833
0.057246
0.056916
0.055762
0.056807
0.059215
0.057746
0.060734
0.059370
0.059222
0.058059
0.056582
0.058268
0.062673
0.059041
0.059195
0.044504
0.045013
0.041766
0.043444
0.044570
0.045766
0.042736
0.045423
0.045448
0.044835
0.042060
0.042371
0.044662
0.044046
0.042383
0.043357
0.045446
0.045718
0.043008
0.045595
0.045081
0.045934
0.045756
0.045935
0.045534
0.046199
0.045578
0.044539
0.046233
0.046281
0.046189
0.047880
0.047349
0.048559
0.048330
0.047590
0.050223
0.049083
0.047605
0.047735
0.047599
0.058986
0.057525
0.058121
0.067318
0.067094
0.066713
0.066261
0.067071
0.068873
0.069447
0.069275
0.056698
0.057149
0.055514
0.054193
0.062474
0.055888
0.053693
0.053195
0.055616
0.060723
0.056144
0.057154
0.057562
0.058654
0.058487
0.058326
0.057113
0.057500
0.057839
0.055067
0.055860
0.055287
0.055058
0.061471
0.060754
0.063995
0.063407
0.062940
0.062394
0.063049
0.061457
0.061625
0.061227
0.061609
0.065217
0.067077
0.064445
0.064875
0.067907
0.063208
0.063663
0.064614
0.064085
0.066590
0.065736
0.063790
0.056443
0.058731
0.063118
0.055957
0.056835
0.064778
0.093044
0.092516
0.094639
0.094567
0.093134
0.091879
0.089207
0.090216
0.085183
0.082314
0.078625
0.081544
0.078204
0.077702
0.074243
0.081555
0.072823
0.070931
0.072555
0.072291
0.073091
0.072009
0.075619
0.075787
0.072613
0.077957
0.078684
0.081434
0.089529
0.074806
0.072098
0.072710
0.072175
0.071967
0.072079
0.072343
0.072095
0.094512
0.098784
0.089391
0.093493
0.071218
0.093420
0.071154
0.089448
0.088815
0.074849
0.069681
0.070772
0.067944
0.067078
0.081361
0.069851
0.069042
0.068563
0.069381
0.070095
0.071735
0.071739
0.070413
0.069118
0.069201
0.067344
0.067491
0.065593
0.063860
0.068508
0.067064
0.066134
0.065132
0.064654
0.064035
0.062967
0.064295
0.064849
0.065278
0.063740
0.062314
0.063257
0.063024
0.065780
0.065517
0.065228
0.066879
0.063028
0.064968
0.065081
0.064432
0.063677
0.066001
0.064023
0.062476
0.065854
0.067305
0.066187
0.065688
0.064813
0.064359
0.064556
0.065131
0.063752
0.062387
0.064119
0.063849
0.064857
0.065764
0.065628
0.065369
0.065778
0.064574
0.065745
0.066876
0.056200
0.060416
0.056878
0.057070
0.057208
0.057839
0.056600
0.056817
0.060315
0.057798
0.069269
0.070543
0.067026
0.067582
0.060014
0.059228
0.058338
0.059392
0.062614
0.062578
0.058304
0.065587
0.061487
0.061768
0.061461
0.062070
0.062860
0.062555
0.056905
0.057137
0.057042
0.057996
0.059286
0.055280
0.056481
0.061753
0.058924
0.060793
0.057945
0.058337
0.053822
0.059068
0.059222
0.054002
0.053642
0.053741
0.055546
0.060350
0.053380
0.053600
0.052830
0.054167
0.054046
0.062166
0.061686
0.061978
0.059953
0.058488
0.060005
0.059864
0.064810
0.059648
0.058736
0.058208
0.054589
0.055109
0.059668
0.059343
0.057516
0.061470
0.058067
0.057634
0.059897
0.075819
0.058861
0.059321
0.060118
0.060525
0.058140
0.057941
0.058227
0.062046
0.055134
0.058425
0.057768
0.061692
0.062528
0.062747
0.063304
0.064356
0.061908
0.064498
0.073994
0.073894
0.073713
0.073323
0.073782
0.074723
0.075161
0.076225
0.079199
0.087114
0.093199
0.079611
0.094063
0.094493
0.094886
0.095985
0.071782
0.072428
0.072155
0.072058
0.071799
0.072571
0.072392
0.084464
0.072908
0.079399
0.087246
0.086800
0.076297
0.076566
0.075403
0.075376
0.059644
0.059464
0.060254
0.059479
0.059806
0.059744
0.059772
0.059311
0.059338
0.059722
0.059258
0.059167
0.059208
0.059089
0.059156
0.059742
0.058968
0.059393
0.059384
0.059126
0.059421
0.059387
0.059433
0.060133
0.058039
0.058430
0.058751
0.059412
0.058349
0.060830
0.061063
0.060855
0.060221
0.059434
0.061053
0.060884
0.058612
0.057327
0.058843
0.058831
0.059382
0.059676
0.060161
0.058346
0.059428
0.058979
0.059574
0.059950
0.060646
0.059907
0.060240
0.059760
0.058931
0.060838
0.060705
0.061312
0.047060
0.046713
0.047041
0.046048
0.048442
0.051474
0.046826
0.047492
0.050623
0.048575
0.047966
0.051693
0.050679
0.051446
0.050980
0.051512
0.052020
0.051245
0.051065
0.052537
0.052055
0.051643
0.051833
0.051626
0.051797
0.052608
0.051812
0.051711
0.052070
0.051381
0.052198
0.056288
0.062335
0.070928
0.061235
0.063764
0.069073
0.066817
0.067772
0.067205
0.067062
0.066732
0.067650
0.069830
0.069237
0.069209
0.067608
0.067775
0.067039
0.070622
0.083936
0.084629
0.084809
0.084054
0.083715
0.084334
0.082085
0.086277
0.087334
0.086602
0.086475
0.087112
0.087807
0.085494
0.083537
0.085464
0.085898
0.084008
0.084945
0.085253
0.084581
0.085135
0.081713
0.081986
0.083284
0.081416
0.082250
0.063908
0.067680
0.060696
0.065933
0.063103
0.067702
0.069433
0.066725
0.066791
0.081619
0.071048
0.066632
0.067632
0.074018
0.075777
0.076375
0.072083
0.072984
0.069745
0.071352
0.070158
0.074335
0.072729
0.074361
0.074373
0.077412
0.076949
0.071909
0.072705
0.079334
0.079405
0.076436
0.076916
0.070834
0.070887
0.072983
0.074581
0.074960
0.074998
0.074727
0.073551
0.073163
0.073562
0.073044
0.072053
0.072500
0.075837
0.072656
0.063488
0.065607
0.061178
0.062456
0.062710
0.062910
0.063435
0.062374
0.064485
0.063478
0.062438
0.065268
0.061245
0.058601
0.057998
0.063297
0.056520
0.061965
0.058627
0.060168
0.058503
0.058403
0.059227
0.060529
0.058777
0.060794
0.061476
0.057515
0.057253
0.071947
0.056840
0.057129
0.057110
0.053381
0.052231
0.063582
0.052722
0.052792
0.062173
0.052605
0.058968
0.059244
0.062267
0.058355
0.058808
0.060014
0.057902
0.051613
0.063438
0.055902
0.055878
0.062890
0.064390
0.063322
0.057375
0.062065
0.051589
0.054434
0.050977
0.069804
0.069538
0.070443
0.073894
0.068418
0.072862
0.070412
0.070699
0.073618
0.074502
0.068069
0.067935
0.067806
0.069236
0.069137
0.069544
0.077407
0.068214
0.075730
0.068453
0.068430
0.072512
0.071838
0.077587
0.077332
0.078212
0.077527
0.077094
0.076580
0.049515
0.050801
0.050033
0.048421
0.042514
0.047024
0.051179
0.041436
0.048221
0.055301
0.044912
0.049948
0.048116
0.047964
0.046195
0.047528
0.043763
0.056401
0.055484
0.060061
0.058681
0.052761
0.049356
0.059231
0.060720
0.051432
0.050779
0.052642
0.060000
0.039194
0.051846
0.061850
0.065929
0.066720
0.067694
0.067199
0.066537
0.064296
0.060470
0.051914
0.052193
0.053243
0.052589
0.052101
0.051524
0.052192
0.050233
0.053710
0.051191
0.058115
0.052085
0.050585
0.060463
0.058616
0.062751
0.062076
0.054533
0.057924
0.052233
0.057008
0.057427
0.056415
0.060840
0.056123
0.056073
0.056045
0.047315
0.056981
0.059165
0.056433
0.115418
0.115197
0.115069
0.116296
0.116467
0.115443
0.115543
0.095453
0.095683
0.095931
0.095195
0.096122
0.095882
0.095018
0.095590
0.095584
0.096982
0.095544
0.095718
0.097058
0.095721
0.096233
0.095707
0.095794
0.095774
0.116287
0.095286
0.095117
0.095461
0.048021
0.048429
0.057506
0.055456
0.054869
0.054545
0.047160
0.047191
0.047122
0.047176
0.055419
0.055524
0.056348
0.056981
0.055403
0.055450
0.055960
0.055281
0.055597
0.055676
0.055779
0.056426
0.054678
0.054749
0.056132
0.083469
0.084572
0.082815
0.085557
0.084093
0.088188
0.086360
0.088396
0.089776
0.089035
0.087363
0.081719
0.083334
0.083540
0.082227
0.081008
0.082471
0.083991
0.083216
0.085577
0.079440
0.079514
0.085533
0.081461
0.090227
0.080260
0.086135
0.083814
0.111343
0.110271
0.117084
0.114047
0.112221
0.111342
0.108134
0.100521
0.095310
0.094332
0.090521
0.089059
0.076281
0.073964
0.088526
0.089686
0.086653
0.087200
0.087316
0.088183
0.088561
0.087153
0.086398
0.086428
0.087657
0.086278
0.086088
0.086029
0.084083
0.083542
0.083995
0.085029
0.086244
0.086107
0.085624
0.086332
0.085926
0.086979
0.087034
0.087074
0.083725
0.085093
0.085315
0.195794
0.181885
0.213677
0.179865
0.198092
0.192417
0.210662
0.211522
0.207983
0.204635
0.206682
0.189299
0.205283
0.222415
0.204969
0.202765
0.203830
0.204584
0.203440
0.214641
0.200397
0.216291
0.217511
0.218339
0.221789
0.223938
0.222536
0.220822
0.225264
0.225231
0.217262
0.216087
0.163628
0.129492
0.127565
0.185934
0.209567
0.139211
0.217590
0.211922
0.202238
0.206802
0.122769
0.123984
0.121433
0.118211
0.118423
0.120601
0.126190
0.116784
0.124478
0.138517
0.127588
0.138086
0.136865
0.118938
0.134935
0.141307
0.129325
0.131517
0.149084
0.160042
0.149185
0.145453
0.131564
0.155899
0.158177
0.157264
0.144107
0.139912
0.137865
0.159614
0.145270
0.156029
0.156529
0.139053
0.132137
0.132852
0.136314
0.136350
0.139347
0.139750
0.137992
0.140914
0.137130
0.138483
0.133368
0.137144
0.140500
0.142864
0.121172
0.192857
0.197863
0.198797
0.199440
0.201706
0.203001
0.211331
0.214423
0.207022
0.212181
0.209708
0.211638
0.209510
0.220994
0.216672
0.217667
0.213652
0.217388
0.218555
0.220300
0.232263
0.237214
0.226680
0.228458
0.230941
0.155975
0.171800
0.171772
0.177609
0.179403
0.150499
0.198098
0.225874
0.194495
0.165364
0.165455
0.168461
0.183758
0.189807
0.193661
0.211362
0.220211
0.218566
0.209936
0.207189
0.209255
0.228723
0.230477
0.228532
0.140096
0.145753
0.120529
0.099481
0.100933
0.129713
0.129253
0.133427
0.120229
0.105902
0.116429
0.117065
0.087695
0.082493
0.063637
0.071428
0.085097
0.063740
0.081171
0.098733
0.126712
0.131040
0.062809
0.131093
0.133000
0.135843
0.113876
0.107523
0.082093
0.082540
0.070909
0.043948
0.034819
0.037236
0.041903
0.047240
0.052224
0.167161
0.157186
0.150339
0.154871
0.159944
0.140613
0.156153
0.153731
0.147376
0.153966
0.152436
0.146143
0.161947
0.159426
0.159019
0.151306
0.152739
0.150437
0.152902
0.153533
0.149919
0.147198
0.153459
0.153516
0.147168
0.142051
0.144497
0.143670
0.147805
0.151034
0.170350
0.113473
0.117887
0.113749
0.113699
0.113591
0.116796
0.116779
0.116855
0.114032
0.114012
0.114126
0.114137
0.113992
0.113847
0.114087
0.113933
0.114501
0.114028
0.114132
0.113969
0.113886
0.113667
0.114208
0.116024
0.116598
0.117644
0.116906
0.117078
0.118204
0.117173
0.116850
0.113937
0.114086
0.117684
0.114506
0.117206
0.117328
0.114333
0.117202
0.113588
0.114462
0.114823
0.114567
0.114447
0.113861
0.114746
0.116919
0.116683
0.117888
0.114067
0.115128
0.113501
0.114736
0.114429
0.114199
0.113847
0.113915
0.114253
0.114225
0.117357
0.114111
0.115024
0.078610
0.074383
0.077540
0.077314
0.079271
0.078483
0.076989
0.077963
0.078147
0.079614
0.079977
0.077306
0.079699
0.078358
0.078686
0.078614
0.079076
0.078042
0.086525
0.085544
0.080977
0.085548
0.083537
0.077364
0.085795
0.078201
0.080222
0.079210
0.072723
0.060401
0.052301
0.050323
0.053425
0.055682
0.052305
0.052967
0.056069
0.056882
0.057619
0.060164
0.051466
0.051226
0.054143
0.059500
0.056650
0.056949
0.055460
0.056783
0.056945
0.054760
0.055831
0.055961
0.060076
0.061128
0.061945
0.079627
0.057102
0.074964
0.083520
0.082531
0.075265
0.147880
0.147338
0.143054
0.142926
0.143043
0.143071
0.143031
0.142814
0.143043
0.078798
0.078051
0.078425
0.077878
0.078622
0.078673
0.077302
0.097877
0.098781
0.098781
0.098563
0.097953
0.097482
0.097743
0.097261
0.097582
0.042865
0.050294
0.050562
0.050412
0.050373
0.050803
0.056008
0.056059
0.056235
0.056028
0.056016
0.055870
0.055826
0.055904
0.056564
0.056005
0.052109
0.057997
0.056279
0.057254
0.058471
0.059050
0.058946
0.057398
0.060810
0.058528
0.058371
0.057126
0.059038
0.058180
0.058458
0.058527
0.058690
0.058098
0.058549
0.053933
0.054778
0.054616
0.054620
0.053807
0.055293
0.056157
0.056427
0.056166
0.056567
0.058691
0.058920
0.057520
0.059315
0.058075
0.057508
0.058283
0.059335
0.057264
0.059739
0.057768
0.058444
0.057083
0.056918
0.058998
0.058727
0.059085
0.058043
0.058915
0.059913
0.056828
0.058706
0.059553
0.059080
0.058054
0.060133
0.107631
0.107231
0.106160
0.106161
0.106157
0.108307
0.108386
0.108228
0.107909
0.107340
0.106580
0.107298
0.105679
0.106044
0.105997
0.105964
0.105986
0.105867
0.108027
0.106262
0.108364
0.107883
0.110107
0.109397
0.110617
0.116645
0.115356
0.117177
0.115165
0.115724
0.117398
0.117106
0.117027
0.117403
0.119691
0.119780
0.116157
0.119553
0.119883
0.119891
0.119400
0.118235
0.098583
0.099253
0.099548
0.100055
0.098954
0.099640
0.099271
0.098358
0.098706
0.100252
0.098256
0.098128
0.098026
0.098809
0.097156
0.097500
0.098046
0.098040
0.097864
0.098080
0.096848
0.097477
0.092904
0.093369
0.094664
0.094899
0.094851
0.095644
0.094792
0.094573
0.095283
0.095176
0.094100
0.095031
0.094857
0.095350
0.094780
0.095307
0.094775
0.095138
0.094468
0.095468
0.095299
0.096366
0.100275
0.094578
0.098493
0.099838
0.098320
0.098448
0.095834
0.095776
0.095513
0.095551
0.106005
0.111544
0.118508
0.093547
0.094588
0.094079
0.095107
0.095259
0.094128
0.105726
0.113846
0.104051
0.102472
0.102097
0.101885
0.100392
0.100174
0.099819
0.099752
0.100412
0.099965
0.102618
0.102773
0.102437
0.100225
0.100069
0.100253
0.100288
0.100082
0.100766
0.100639
0.099974
0.099723
0.278183
0.277881
0.277674
0.277273
0.276951
0.278825
0.277794
0.277623
0.276764
0.277273
0.277506
0.279336
0.279402
0.279542
0.279542
0.279420
0.279124
0.279083
0.279015
0.279749
0.279606
0.279508
0.279493
0.280060
0.246942
0.242637
0.241939
0.243122
0.247192
0.246398
0.248007
0.247287
0.247120
0.249469
0.245812
0.245901
0.248602
0.249065
0.248024
0.248902
0.243312
0.250238
0.246082
0.246413
0.245608
0.246202
0.246556
0.247657
0.247430
0.246614
0.247065
0.261476
0.214341
0.208966
0.209446
0.225016
0.223442
0.213594
0.222629
0.226872
0.228525
0.234651
0.233817
0.236767
0.236305
0.235808
0.235357
0.237094
0.238109
0.238788
0.240445
0.246262
0.238462
0.239621
0.242139
0.255203
0.240781
0.247293
0.241146
0.227096
0.226084
0.227193
0.226988
0.237561
0.244705
0.126794
0.126891
0.127334
0.126164
0.126690
0.127453
0.127862
0.127840
0.127789
0.129443
0.128938
0.127697
0.120163
0.118737
0.128019
0.129371
0.120570
0.118008
0.119785
0.118781
0.118626
0.127485
0.123998
0.123655
0.118882
0.118900
0.119664
0.128093
0.128307
0.120504
0.128231
0.119956
0.120120
0.125232
0.124921
0.129445
0.135901
0.133944
0.128618
0.140145
0.143675
0.140302
0.142124
0.142719
0.142862
0.129902
0.130546
0.129734
0.130107
0.135004
0.129731
0.123689
0.131160
0.126413
0.142046
0.140939
0.142340
0.135979
0.143259
0.136383
0.141769
0.141647
0.141499
0.143003
0.132547
0.134452
0.134634
0.129898
0.131639
0.135737
0.143658
0.144014
0.142782
0.144359
0.142154
0.141451
0.133804
0.132680
0.139426
0.134061
0.143774
0.131749
0.131586
0.131686
0.127104
0.131197
0.131312
0.126682
0.124559
0.123133
0.122276
0.123036
0.123620
0.125112
0.126100
0.124112
0.122138
0.123305
0.122413
0.118287
0.119172
0.119861
0.117357
0.118225
0.120858
0.118528
0.120460
0.118834
0.116201
0.117717
0.118077
0.120940
0.119799
0.120380
0.121022
0.116426
0.117109
0.118932
0.117528
0.120269
0.119036
0.119624
0.118902
0.116581
0.119296
0.044157
0.041734
0.042910
0.043363
0.040911
0.042099
0.041710
0.043015
0.043209
0.039726
0.041983
0.039967
0.041654
0.041241
0.041340
0.039564
0.040399
0.040698
0.040113
0.041206
0.040774
0.039609
0.040055
0.039974
0.039693
0.040510
0.039963
0.068711
0.067891
0.067247
0.068407
0.068482
0.068409
0.068134
0.067518
0.068634
0.067331
0.069727
0.070266
0.068806
0.067063
0.067859
0.068402
0.069664
0.071409
0.073465
0.072463
0.073700
0.073129
0.072185
0.067353
0.067181
0.071957
0.072821
0.073544
0.073399
0.072605
0.074249
0.076580
0.077227
0.075113
0.075268
0.074535
0.073641
0.074540
0.074921
0.075062
0.075005
0.074565
0.074750
0.074588
0.072382
0.075530
0.075255
0.075147
0.073713
0.075214
0.075732
0.074766
0.075956
0.075629
0.073547
0.076508
0.077442
0.076032
0.075593
0.075760
0.075771
0.074159
0.074784
0.074380
0.074991
0.074521
0.074814
0.076207
0.075280
0.075268
0.073364
0.058770
0.058885
0.059250
0.059565
0.058854
0.058998
0.058725
0.058846
0.058140
0.059292
0.060089
0.059940
0.059837
0.059850
0.059765
0.058764
0.058759
0.058859
0.058851
0.058943
0.058740
0.058734
0.058833
0.058881
0.058855
0.058894
0.058888
0.058816
0.058925
0.058952
0.058954
0.058857
0.058853
0.058757
0.058902
0.058903
0.057494
0.055592
0.057951
0.056093
0.055673
0.055257
0.055984
0.057062
0.056234
0.056239
0.058798
0.060038
0.058092
0.058184
0.057594
0.061099
0.059973
0.059299
0.058677
0.061764
0.060364
0.062254
0.062960
0.062108
0.063685
0.056186
0.061532
0.060215
0.060186
0.062589
0.056289
0.054959
0.058954
0.061157
0.061026
0.060612
0.061041
0.061725
0.060711
0.062020
0.062572
0.062466
0.062175
0.060709
0.125352
0.125307
0.125368
0.125372
0.125348
0.125281
0.126645
0.127839
0.126643
0.127213
0.127902
0.128398
0.127787
0.127605
0.126704
0.126574
0.126553
0.126969
0.126437
0.126960
0.127395
0.127749
0.127577
0.127879
0.129631
0.129719
0.129732
0.129709
0.129705
0.130136
0.127641
0.127830
0.128122
0.127935
0.127539
0.090776
0.091279
0.090714
0.091400
0.090854
0.090415
0.090381
0.088908
0.090565
0.091496
0.090352
0.088823
0.088859
0.090554
0.090066
0.089802
0.090144
0.090198
0.091077
0.090701
0.091860
0.089490
0.088802
0.092270
0.092174
0.091608
0.092611
0.091676
0.094004
0.092121
0.091959
0.088825
0.092203
0.095336
0.092717
0.088920
0.088378
0.088381
0.092012
0.091178
0.092224
0.092429
0.092116
0.091285
0.092058
0.092183
0.091468
0.092301
0.109959
0.105875
0.109510
0.105692
0.104831
0.115157
0.104653
0.115167
0.116743
0.117541
0.110336
0.115411
0.104698
0.107056
0.104834
0.103823
0.113062
0.120059
0.104324
0.106369
0.113192
0.107898
0.113612
0.127666
0.127611
0.146650
0.146652
0.147632
0.143848
0.143919
0.151624
0.146824
0.147848
0.144050
0.143041
0.143795
0.143484
0.142929
0.143134
0.143969
0.141764
0.142350
0.142842
0.143187
0.140783
0.142975
0.143629
0.143794
0.116649
0.144405
0.146511
0.147683
0.145609
0.148346
0.145240
0.146897
0.115637
0.114905
0.147323
0.145541
0.149584
0.148082
0.114076
0.144611
0.113441
0.145697
0.054720
0.054487
0.054797
0.054841
0.054768
0.054929
0.054990
0.054870
0.055262
0.055339
0.055422
0.055257
0.055118
0.054952
0.055055
0.055183
0.054942
0.054395
0.053806
0.054786
0.054150
0.054260
0.054631
0.053706
0.054221
0.053974
0.054297
0.054374
0.054260
0.054064
0.054367
0.054412
0.051008
0.050437
0.050128
0.050267
0.050852
0.050988
0.051028
0.051056
0.051216
0.051209
0.051233
0.051196
0.050795
0.051001
0.050769
0.050755
0.050733
0.050531
0.050615
0.050925
0.050551
0.050467
0.057270
0.058494
0.058331
0.058209
0.058350
0.058360
0.058558
0.058506
0.058390
0.052613
0.052643
0.054050
0.052580
0.052785
0.053942
0.052628
0.053283
0.052540
0.052566
0.052321
0.052681
0.052522
0.122992
0.126172
0.127285
0.127445
0.126845
0.126113
0.126718
0.126818
0.125632
0.126410
0.125675
0.124909
0.124610
0.124110
0.124421
0.124180
0.123658
0.124196
0.124529
0.123952
0.124525
0.124704
0.124903
0.124879
0.125641
0.125684
0.125604
0.125254
0.125725
0.124473
0.124522
0.121463
0.124634
0.123997
0.087437
0.087288
0.086793
0.089386
0.090115
0.090004
0.094145
0.092722
0.094729
0.092317
0.117284
0.119732
0.091523
0.088266
0.119574
0.119667
0.094878
0.095002
0.094881
0.092628
0.087399
0.037755
0.037960
0.037890
0.037935
0.037029
0.037802
0.037821
0.038820
0.038602
0.037896
0.037786
0.037718
0.039699
0.036910
0.038054
0.037111
0.037692
0.037614
0.037697
0.037474
0.037162
0.037200
0.038173
0.137081
0.135673
0.135699
0.133763
0.133648
0.135642
0.136588
0.142238
0.141132
0.145764
0.144849
0.144168
0.144399
0.144149
0.144870
0.145752
0.145184
0.145572
0.131647
0.130728
0.128648
0.129272
0.133414
0.131418
0.071650
0.071557
0.071266
0.071363
0.073418
0.073985
0.077168
0.079103
0.081714
0.086287
0.093331
0.094977
0.099066
0.103049
0.091417
0.098994
0.098896
0.098996
0.104209
0.098887
0.098720
0.104550
0.098662
0.088358
0.093723
0.092534
0.085830
0.072327
0.072426
0.072501
0.074348
0.040302
0.084307
0.074799
0.102185
0.101093
0.100867
0.083715
0.074001
0.072641
0.075099
0.074527
0.074201
0.073851
0.073686
0.074583
0.075300
0.072575
0.072488
0.074000
0.074084
0.073123
0.069911
0.073646
0.073952
0.073622
0.069439
0.069677
0.069650
0.070221
0.070047
0.069809
0.069864
0.072917
0.072921
0.072920
0.072918
0.072921
0.072923
0.072393
0.072393
0.072384
0.125205
0.125174
0.123562
0.127926
0.127312
0.123028
0.130357
0.112002
0.121681
0.126130
0.110872
0.123998
0.118578
0.117720
0.118509
0.118548
0.118084
0.119725
0.120353
0.122988
0.116035
0.118284
0.101082
0.101671
0.107776
0.108094
0.106825
0.101491
0.069286
0.068004
0.068585
0.074623
0.068296
0.068485
0.068681
0.068699
0.068526
0.068157
0.068804
0.073872
0.067428
0.067550
0.067430
0.067645
0.067607
0.067606
0.067549
0.067529
0.067572
0.078347
0.078863
0.078250
0.077638
0.077610
0.078815
0.079177
0.073694
0.071918
0.071882
0.073056
0.072751
0.072638
0.073084
0.072221
0.073388
0.083117
0.080470
0.075320
0.076186
0.075119
0.074944
0.074736
0.075410
0.073863
0.074893
0.073874
0.074345
0.151837
0.152798
0.152871
0.152940
0.152849
0.154423
0.154407
0.151042
0.153472
0.155946
0.144803
0.144892
0.155764
0.145221
0.145951
0.145336
0.144806
0.144811
0.144564
0.058397
0.056827
0.085880
0.089053
0.062815
0.057389
0.058830
0.058877
0.060055
0.061140
0.060988
0.059656
0.064723
0.064109
0.063261
0.061354
0.061082
0.061683
0.061819
0.061434
0.062124
0.062239
0.060817
0.060058
0.062164
0.074794
0.075380
0.074005
0.069500
0.069834
0.108995
0.107827
0.108601
0.108701
0.109064
0.105445
0.103749
0.112025
0.100945
0.097940
0.109872
0.108594
0.108266
0.108725
0.108044
0.108792
0.108722
0.114306
0.113615
0.108481
0.108811
0.108762
0.102708
0.105399
0.104283
0.103893
0.106743
0.106363
0.106634
0.104110
0.104857
0.106292
0.104412
0.105327
0.106071
0.082400
0.083298
0.083639
0.082234
0.082010
0.081955
0.081821
0.082807
0.085339
0.083360
0.086966
0.082330
0.081990
0.084768
0.086709
0.084929
0.082586
0.084022
0.084579
0.085330
0.084060
0.056083
0.055586
0.056237
0.055411
0.055298
0.054841
0.054298
0.055547
0.054890
0.053887
0.053520
0.051591
0.052130
0.052158
0.053430
0.053044
0.052752
0.052599
0.052189
0.051791
0.051765
0.051865
0.051836
0.054518
0.054068
0.055060
0.054895
0.054680
0.058247
0.056942
0.059501
0.057986
0.058186
0.059629
0.059142
0.059603
0.061236
0.059634
0.060712
0.057393
0.057160
0.057810
0.057434
0.057699
0.057570
0.056316
0.056628
0.058318
0.058123
0.056903
0.056906
0.056311
0.113787
0.112035
0.110635
0.111199
0.114495
0.114534
0.114354
0.111988
0.112604
0.115076
0.115126
0.114465
0.114959
0.113731
0.114459
0.114103
0.112376
0.114558
0.114608
0.112199
0.108524
0.107504
0.107054
0.108307
0.108726
0.107656
0.110688
0.070773
0.070667
0.070612
0.070622
0.070194
0.070792
0.071300
0.070835
0.069841
0.071183
0.070894
0.070363
0.070531
0.070555
0.070608
0.070673
0.070955
0.071086
0.072365
0.071439
0.072120
0.072826
0.071419
0.072832
0.071471
0.072682
0.072721
0.072780
0.073022
0.071567
0.071906
0.071935
0.106679
0.106483
0.106513
0.106962
0.113146
0.109178
0.107007
0.111016
0.110471
0.107380
0.109504
0.116383
0.114911
0.114610
0.116721
0.117478
0.114321
0.116207
0.118598
0.118313
0.120159
0.114607
0.118318
0.116733
0.115329
0.115319
0.121024
0.118165
0.117575
0.121254
0.119204
0.118861
0.118691
0.117013
0.122249
0.117783
0.120156
0.103407
0.103287
0.103232
0.102865
0.100588
0.111218
0.109117
0.108864
0.104312
0.122478
0.121103
0.103072
0.111565
0.123411
0.108075
0.109411
0.108358
0.104919
0.103478
0.105517
0.102273
0.104780
0.104476
0.106848
0.105491
0.105136
0.105086
0.090424
0.096205
0.096055
0.084615
0.094372
0.085568
0.084228
0.084908
0.097724
0.096711
0.094954
0.097242
0.122041
0.119525
0.119631
0.109606
0.115153
0.118107
0.106231
0.100241
0.091078
0.111477
0.134275
0.135575
0.135063
0.135112
0.135073
0.135852
0.135732
0.135889
0.136042
0.135951
0.138819
0.136104
0.136227
0.136131
0.136215
0.135994
0.136018
0.135922
0.135958
0.135917
0.135900
0.136099
0.126717
0.127099
0.119940
0.125818
0.119644
0.125939
0.125742
0.127023
0.125003
0.125697
0.126191
0.128265
0.127366
0.126435
0.125973
0.126762
0.125329
0.126542
0.127122
0.126498
0.126523
0.128904
0.102674
0.102135
0.102757
0.100923
0.100786
0.100642
0.102063
0.101730
0.095895
0.101743
0.096898
0.098218
0.096545
0.095933
0.088391
0.098596
0.097261
0.096132
0.096025
0.096440
0.097860
0.097519
0.096477
0.096820
0.098011
0.098086
0.098043
0.096381
0.097349
0.098646
0.098865
0.100242
0.100402
0.099470
0.100189
0.099459
0.099904
0.100686
0.101641
0.100477
0.100511
0.100167
0.067564
0.067541
0.066517
0.066770
0.067341
0.068069
0.072608
0.067304
0.068375
0.067643
0.066940
0.067712
0.067662
0.067081
0.064542
0.066860
0.064825
0.065062
0.069307
0.069166
0.068963
0.064534
0.068868
0.068140
0.068067
0.067801
0.068383
0.068026
0.067943
0.068220
0.067762
0.067752
0.069241
0.068853
0.068671
0.068831
0.077979
0.078874
0.080384
0.079418
0.081135
0.078427
0.078936
0.080117
0.080836
0.081643
0.082511
0.083718
0.083653
0.081621
0.082758
0.080705
0.080755
0.081031
0.079237
0.079396
0.081757
0.083334
0.083080
0.082744
0.081953
0.081362
0.081348
0.080919
0.079859
0.079970
0.079949
0.079002
0.079646
0.078286
0.079825
0.083827
0.080368
0.084409
0.063284
0.067258
0.055714
0.072859
0.062939
0.063063
0.063967
0.063244
0.062855
0.064621
0.067073
0.066288
0.065884
0.065818
0.067264
0.068339
0.070065
0.070610
0.070145
0.070729
0.069784
0.070439
0.070299
0.071210
0.070698
0.072238
0.071973
0.069312
0.068868
0.068979
0.066146
0.069778
0.069891
0.067715
0.068604
0.070504
0.069906
0.069319
0.068645
0.066226
0.102315
0.113448
0.102516
0.103557
0.097552
0.099384
0.097039
0.105483
0.108891
0.108999
0.103290
0.110525
0.104893
0.103404
0.103288
0.102836
0.103984
0.102404
0.094719
0.087026
0.085756
0.090612
0.086979
0.086818
0.091534
0.059465
0.059401
0.059809
0.060356
0.059858
0.060693
0.060007
0.060717
0.060721
0.061345
0.061803
0.061466
0.061432
0.061658
0.061115
0.060532
0.062137
0.063034
0.062209
0.061408
0.061686
0.061194
0.060993
0.061686
0.063233
0.062997
0.063143
0.062518
0.136246
0.095287
0.096430
0.095338
0.188890
0.188739
0.187320
0.186329
0.184520
0.187879
0.187037
0.188282
0.189340
0.189135
0.189698
0.189755
0.190315
0.186615
0.190966
0.187896
0.191141
0.188206
0.189859
0.189873
0.189998
0.189831
0.188893
0.188759
0.188725
0.188591
0.190663
0.191353
0.190859
0.128366
0.127604
0.129041
0.129529
0.142769
0.131166
0.141371
0.143305
0.128889
0.128831
0.130731
0.141580
0.127422
0.138654
0.137979
0.122898
0.138945
0.130615
0.126192
0.122158
0.121003
0.135696
0.134915
0.146733
0.131354
0.125086
0.124101
0.125683
0.125811
0.128415
0.130958
0.127398
0.141104
0.129718
0.127403
0.128845
0.128922
0.104593
0.104344
0.103575
0.106903
0.094828
0.094216
0.093151
0.093868
0.093683
0.105997
0.106086
0.105657
0.105452
0.105419
0.106635
0.099417
0.106580
0.100608
0.098540
0.101067
0.099353
0.098652
0.098423
0.103844
0.103429
0.099762
0.105621
0.110047
0.102947
0.110177
0.110839
0.106662
0.099829
0.107019
0.101428
0.108553
0.105739
0.108024
0.110881
0.109605
0.112462
0.111766
0.113691
0.107405
0.113571
0.117426
0.108081
0.107727
0.121765
0.122332
0.122498
0.122989
0.122584
0.123109
0.121316
0.123327
0.120583
0.122088
0.118520
0.118291
0.117807
0.119467
0.117966
0.122568
0.121490
0.122392
0.126707
0.124221
0.123423
0.123777
0.123625
0.123748
0.124048
0.123215
0.123515
0.124768
0.125742
0.123139
0.123440
0.124269
0.123222
0.122110
0.121979
0.052570
0.048845
0.050037
0.048322
0.053404
0.049152
0.049811
0.053634
0.052780
0.048661
0.047979
0.049112
0.048134
0.051843
0.053899
0.049074
0.049935
0.053200
0.050028
0.051390
0.050972
0.050269
0.051221
0.050888
0.045755
0.049959
0.050774
0.050468
0.051546
0.052254
0.049874
0.048486
0.053120
0.049487
0.048659
0.052297
0.051178
0.049835
0.047600
0.050339
0.047635
0.047956
0.047972
0.047185
0.047269
0.047230
0.047766
0.047843
0.038570
0.039445
0.041532
0.040100
0.041302
0.041289
0.049801
0.045214
0.042205
0.038990
0.040928
0.036163
0.040281
0.039873
0.038986
0.038094
0.040078
0.040742
0.042608
0.042171
0.044634
0.050056
0.047428
0.047410
0.048017
0.045830
0.047813
0.048297
0.048585
0.045753
0.046589
0.045871
0.049740
0.049662
0.046429
0.049268
0.050167
0.049640
0.049421
0.049015
0.112417
0.112409
0.110731
0.111008
0.110357
0.111803
0.112252
0.112303
0.112386
0.112403
0.112244
0.113814
0.113798
0.113501
0.111938
0.112380
0.113140
0.111566
0.113171
0.111726
0.113355
0.113060
0.111176
0.111317
0.111403
0.065579
0.066579
0.066868
0.066697
0.066617
0.069605
0.068670
0.067104
0.067350
0.067849
0.067943
0.070032
0.069102
0.068790
0.069901
0.069643
0.068907
0.069349
0.066887
0.069584
0.069189
0.070191
0.070381
0.069587
0.067966
0.067809
0.068745
0.068174
0.068091
0.068430
0.067240
0.067794
0.068271
0.067641
0.068089
0.067237
0.067361
0.067392
0.062618
0.063711
0.062761
0.066504
0.075247
0.078636
0.078387
0.079182
0.079710
0.076019
0.079049
0.079879
0.075941
0.076787
0.075911
0.076536
0.076827
0.076962
0.077351
0.077423
0.077765
0.077977
0.076443
0.074707
0.078124
0.178070
0.179063
0.179032
0.177531
0.182938
0.170907
0.178761
0.178837
0.178670
0.178801
0.193552
0.181347
0.178319
0.186662
0.183039
0.176188
0.185670
0.178380
0.175808
0.174792
0.177680
0.180960
0.176496
0.178713
0.171967
0.173201
0.170841
0.167555
0.165392
0.165296
0.168859
0.169029
0.167665
0.166495
0.167764
0.168479
0.168074
0.166642
0.167858
0.166898
0.128077
0.133552
0.132926
0.131674
0.131581
0.131017
0.131086
0.130734
0.128354
0.127491
0.128358
0.133952
0.130128
0.123926
0.125053
0.128308
0.125839
0.124267
0.124665
0.122550
0.127416
0.130670
0.127415
0.127850
0.124886
0.128426
0.131060
0.127761
0.126166
0.126319
0.125212
0.125312
0.131053
0.128862
0.129783
0.124850
0.129220
0.129107
0.128539
0.121959
0.122620
0.121080
0.120295
0.124728
0.122287
0.123057
0.126403
0.122524
0.120576
0.124025
0.127921
0.125932
0.124625
0.129873
0.129751
0.127652
0.134426
0.131638
0.128655
0.129227
0.057190
0.058164
0.057943
0.059506
0.058257
0.057583
0.059369
0.056949
0.059838
0.057321
0.057591
0.058047
0.060236
0.057596
0.058422
0.057828
0.058193
0.058049
0.058269
0.059766
0.059591
0.057633
0.058146
0.059864
0.058009
0.059896
0.059807
0.060007
0.059937
0.059822
0.059785
0.060133
0.060354
0.057822
0.042049
0.041656
0.042014
0.041797
0.041749
0.041745
0.041836
0.042009
0.042105
0.042360
0.041993
0.042102
0.041776
0.041915
0.042265
0.042082
0.041988
0.042030
0.041839
0.041984
0.042028
0.041848
0.041839
0.041949
0.041338
0.041898
0.041935
0.041835
0.041956
0.041948
0.042103
0.041351
0.041234
0.041289
0.041504
0.041491
0.041386
0.041066
0.042356
0.041926
0.041433
0.042020
0.041959
0.041479
0.041704
0.042657
0.039303
0.039071
0.039058
0.038304
0.038232
0.039469
0.038631
0.039060
0.039005
0.038619
0.038681
0.037431
0.038627
0.042229
0.042357
0.041095
0.038382
0.038289
0.038654
0.039938
0.039936
0.039920
0.038809
0.039076
0.040158
0.040422
0.042150
0.042494
0.043694
0.044688
0.038007
0.041870
0.041889
0.043118
0.042299
0.038018
0.042055
0.041166
0.038007
0.043625
0.037623
0.043387
0.039289
0.043671
0.039342
0.035423
0.043609
0.043244
0.043436
0.042437
0.043214
0.039056
0.042683
0.042574
0.053674
0.050865
0.053604
0.054031
0.053452
0.053696
0.048960
0.052864
0.053432
0.051374
0.048296
0.047863
0.047020
0.047159
0.048769
0.048354
0.048398
0.048136
0.048435
0.047953
0.047994
0.046139
0.048170
0.047192
0.047247
0.045437
0.050918
0.048340
0.053263
0.050137
0.048948
0.049939
0.048862
0.049915
0.050752
0.047795
0.047501
0.048322
0.047850
0.126846
0.123205
0.125039
0.125374
0.118546
0.122970
0.123930
0.117956
0.124686
0.123201
0.086489
0.120554
0.120053
0.085600
0.086754
0.085288
0.124760
0.085968
0.086473
0.088164
0.089874
0.090171
0.089356
0.089775
0.090747
0.090396
0.090920
0.123373
0.102484
0.089547
0.097946
0.098894
0.097818
0.100583
0.122522
0.126936
0.101256
0.101571
0.117540
0.138633
0.176928
0.177459
0.177082
0.178077
0.176132
0.173068
0.177356
0.100276
0.178182
0.175320
0.178006
0.099493
0.094482
0.098878
0.195155
0.122535
0.125666
0.123343
0.125539
0.123120
0.126551
0.125627
0.124511
0.125059
0.127077
0.125365
0.125649
0.124584
0.125475
0.124668
0.125235
0.126005
0.129107
0.128860
0.128542
0.127589
0.126793
0.130113
0.130406
0.130314
0.131379
0.132298
0.130462
0.132725
0.132404
0.132922
0.131544
0.131088
0.130269
0.129646
0.129278
0.128363
0.125251
0.127167
0.137250
0.127780
0.126989
0.127683
0.122756
0.128698
0.127659
0.124576
0.128066
0.127603
0.137143
0.123903
0.124279
0.124727
0.123218
0.123920
0.125954
0.123142
0.121249
0.126638
0.126335
0.125748
0.124109
0.123654
0.124076
0.122996
0.123423
0.121821
0.121178
0.121430
0.140669
0.139544
0.141087
0.120330
0.128169
0.138786
0.128956
0.131576
0.128536
0.128238
0.130290
0.129571
0.130715
0.131244
0.126626
0.130164
0.127429
0.130390
0.128670
0.127152
0.128871
0.127821
0.127408
0.126642
0.127874
0.125828
0.000003
0.000000
0.000000
0.000000
0.000001
0.000001
0.000001
0.000001
0.043761
0.043870
0.043492
0.043497
0.043583
0.042657
0.043944
0.043532
0.112795
0.113036
0.113316
0.113370
0.112098
0.112277
0.112215
0.112146
0.057035
0.058058
0.056685
0.056756
0.056916
0.056904
0.056913
0.058167
0.061226
0.061279
0.061187
0.062185
0.062208
0.061885
0.061866
0.061916
0.057074
0.059247
0.056696
0.056764
0.056784
0.057783
0.060171
0.059167
0.077012
0.077243
0.077305
0.077382
0.076583
0.077289
0.077287
0.076576
0.055220
0.057433
0.056746
0.069245
0.067358
0.073203
0.074429
0.076312
0.078306
0.078182
0.077499
0.075584
0.077369
0.078431
0.079655
0.079654
0.083502
0.067956
0.069390
0.077177
0.072459
0.070019
0.073474
0.074738
0.073948
0.075255
0.080397
0.078378
0.082495
0.085415
0.087578
0.086253
0.087176
0.088205
0.088753
0.088990
0.087652
0.088671
0.087680
0.087727
0.088633
0.088550
0.089363
0.089319
0.088929
0.088984
0.087243
0.090373
0.090630
0.090951
0.090200
0.090403
0.091862
0.091930
0.089185
0.090051
0.094950
0.097483
0.089210
0.089113
0.091092
0.090427
0.055943
0.061061
0.065063
0.053708
0.058483
0.056828
0.047475
0.048536
0.059916
0.064095
0.066535
0.063528
0.058183
0.065113
0.060243
0.064222
0.078803
0.077493
0.078756
0.081304
0.081563
0.081451
0.081570
0.143244
0.125049
0.124941
0.125083
0.142588
0.124732
0.124509
0.125388
0.124796
0.144708
0.145880
0.128063
0.123458
0.124373
0.124734
0.124821
0.125230
0.124793
0.124760
0.119362
0.118833
0.124950
0.125139
0.119313
0.119112
0.118656
0.118388
0.118071
0.125450
0.139181
0.060672
0.059733
0.057488
0.056294
0.055378
0.056839
0.062237
0.059902
0.066100
0.064574
0.060223
0.061874
0.051998
0.056704
0.061153
0.060848
0.048748
0.046789
0.049049
0.045925
0.048132
0.050981
0.056356
0.055936
0.058810
0.048049
0.048209
0.048290
0.050685
0.047619
0.049381
0.049634
0.050153
0.052699
0.053140
0.055175
0.048292
0.048073
0.055322
0.052431
0.053595
0.052397
0.054773
0.055814
0.056665
0.051131
0.049967
0.052036
0.051247
0.071636
0.054522
0.054688
0.051363
0.055423
0.056711
0.058286
0.058029
0.058859
0.053554
0.075566
0.076171
0.075573
0.076151
0.076606
0.076424
0.075892
0.081459
0.076518
0.073924
0.074118
0.074226
0.072405
0.073973
0.077177
0.086003
0.083867
0.081608
0.085869
0.078997
0.080645
0.083759
0.082226
0.081196
0.078972
0.077854
0.077751
0.055237
0.054541
0.053972
0.053381
0.051651
0.054372
0.053324
0.051418
0.049412
0.053179
0.050720
0.049111
0.048321
0.051733
0.052105
0.053530
0.052290
0.052778
0.055931
0.050835
0.049723
0.055238
0.052131
0.050915
0.054774
0.051235
0.052310
0.053124
0.051885
0.054320
0.052725
0.055020
0.054245
0.054971
0.055144
0.056622
0.057436
0.070431
0.067901
0.068996
0.068578
0.069944
0.071557
0.068755
0.069876
0.068015
0.068736
0.066480
0.069431
0.070818
0.070862
0.071960
0.074288
0.070841
0.069967
0.068613
0.070793
0.072292
0.074021
0.081306
0.078565
0.073343
0.072276
0.070284
0.070363
0.071811
0.070824
0.070200
0.069745
0.070646
0.070506
0.061456
0.060753
0.065030
0.063006
0.061427
0.060202
0.059028
0.055046
0.051342
0.049134
0.043431
0.043699
0.043402
0.043866
0.043513
0.043982
0.043735
0.043154
0.043340
0.043623
0.042451
0.047131
0.048529
0.055551
0.056228
0.056035
0.054368
0.054050
0.053636
0.054875
0.053154
0.054225
0.053745
0.053895
0.053874
0.055073
0.053298
0.053372
0.051330
0.050994
0.051063
0.049815
0.050108
0.051050
0.050294
0.049866
0.049364
0.047270
0.047873
0.046988
0.046458
0.055196
0.054062
0.055742
0.055059
0.059406
0.058718
0.058367
0.056990
0.056543
0.057009
0.056582
0.057034
0.057524
0.056373
0.054611
0.055399
0.056734
0.056353
0.055196
0.054994
0.054860
0.054496
0.053991
0.054487
0.053687
0.054832
0.055750
0.056405
0.056994
0.058507
0.060778
0.058470
0.057291
0.057254
0.057986
0.056765
0.056356
0.049905
0.048898
0.049765
0.050177
0.050329
0.049206
0.049128
0.057143
0.049895
0.056913
0.056430
0.048519
0.048965
0.047436
0.053801
0.051909
0.053048
0.052822
0.055782
0.055466
0.055801
0.056062
0.055656
0.056239
0.055949
0.057147
0.057021
0.058296
0.056746
0.056933
0.056405
0.055953
0.055604
0.055416
0.049550
0.051864
0.053875
0.050277
0.050685
0.077796
0.079459
0.079136
0.078678
0.080121
0.077633
0.080778
0.078911
0.078273
0.077366
0.077609
0.078074
0.079221
0.079696
0.076825
0.078794
0.078329
0.075505
0.075080
0.075367
0.074882
0.074283
0.074450
0.075582
0.074263
0.076392
0.074360
0.075090
0.073156
0.073738
0.073371
0.073286
0.071840
0.072906
0.074222
0.073488
0.073608
0.072716
0.077399
0.091264
0.091549
0.091380
0.091329
0.091204
0.092544
0.085866
0.089184
0.089959
0.090301
0.090909
0.092764
0.092319
0.095542
0.094366
0.095665
0.093684
0.093494
0.096542
0.053484
0.054682
0.054141
0.054885
0.055555
0.057805
0.055552
0.055713
0.057998
0.057136
0.058427
0.058600
0.058338
0.059061
0.058361
0.057656
0.058032
0.057543
0.057439
0.058684
0.059021
0.058639
0.058001
0.057569
0.057316
0.056960
0.057814
0.058428
0.058326
0.058345
0.086728
0.084936
0.083955
0.087427
0.094740
0.096336
0.095657
0.095903
0.091830
0.091966
0.093734
0.085140
0.091517
0.087417
0.090953
0.086687
0.089145
0.089682
0.088961
0.089064
0.081325
0.081986
0.081736
0.082408
0.081208
0.082377
0.082561
0.083222
0.081420
0.081899
0.081817
0.081716
0.083189
0.080011
0.058237
0.058678
0.057568
0.053770
0.053825
0.057003
0.056395
0.056574
0.059426
0.058232
0.058437
0.058390
0.059333
0.061340
0.063101
0.064098
0.061953
0.061583
0.063823
0.063537
0.067109
0.069441
0.061995
0.062841
0.064266
0.062368
0.062181
0.060621
0.062113
0.061009
0.080265
0.080538
0.079772
0.080863
0.087667
0.088481
0.088208
0.088193
0.089156
0.087758
0.089671
0.086871
0.087542
0.078978
0.067175
0.078442
0.063823
0.059926
0.065505
0.072852
0.066749
0.067796
0.067789
0.067075
0.083988
0.085360
0.101358
0.073384
0.073633
0.073479
0.073335
0.073716
0.074011
0.074004
0.076574
0.073531
0.072901
0.072628
0.072596
0.073499
0.072399
0.072572
0.075035
0.074813
0.074804
0.074937
0.074835
0.075173
0.074485
0.075163
0.072829
0.073222
0.073170
0.073056
0.073236
0.073114
0.072884
0.071987
0.069700
0.071474
0.071931
0.071481
0.069721
0.069696
0.069822
0.069709
0.069817
0.071762
0.071653
0.069588
0.071435
0.071707
0.069490
0.071384
0.069118
0.070885
0.069480
0.069505
0.072118
0.069537
0.069549
0.072051
0.061123
0.060748
0.060341
0.061077
0.060993
0.061043
0.060901
0.061069
0.060906
0.060484
0.061195
0.061101
0.061074
0.060711
0.061107
0.060766
0.074050
0.073449
0.073566
0.073849
0.081196
0.074112
0.075824
0.075789
0.072184
0.080147
0.073768
0.089936
0.081923
0.081904
0.082106
0.084126
0.076675
0.073468
0.073693
0.071790
0.070937
0.071147
0.089426
0.094889
0.080600
0.080668
0.092913
0.089653
0.106534
0.081161
0.081991
0.102044
0.099284
0.073622
0.104217
0.071716
0.105392
0.069976
0.105940
0.102085
0.108162
0.104253
0.103585
0.109271
0.107093
0.110451
0.099991
0.106760
0.095483
0.097794
0.096473
0.106757
0.096487
0.106719
0.106910
0.080092
0.094817
0.105617
0.082893
0.082560
0.091223
0.057204
0.082251
0.084286
0.085288
0.053748
0.053299
0.053134
0.053640
0.052814
0.052879
0.052739
0.052821
0.054446
0.051825
0.052503
0.052179
0.053665
0.052101
0.053937
0.051798
0.051320
0.053611
0.054356
0.053580
0.054487
0.054045
0.053960
0.053930
0.053902
0.052815
0.051628
0.052451
0.051749
0.053091
0.052214
0.053133
0.051342
0.053290
0.051912
0.053031
0.053826
0.053859
0.053812
0.053750
0.054521
0.054001
0.053041
0.053787
0.053438
0.054057
0.053931
0.053883
0.054011
0.053905
0.053625
0.052415
0.053574
0.043393
0.039179
0.039149
0.035819
0.038405
0.036933
0.038204
0.039097
0.037833
0.036445
0.037941
0.036636
0.039099
0.038701
0.039343
0.036646
0.037175
0.036610
0.037574
0.038824
0.037253
0.038544
0.037571
0.038341
0.036596
0.037706
0.037574
0.036255
0.035495
0.037547
0.037780
0.037657
0.035916
0.037287
0.037446
0.035960
0.037702
0.038585
0.038657
0.038277
0.047219
0.041675
0.042651
0.041122
0.041813
0.041228
0.048694
0.049157
0.042453
0.042643
0.049002
0.044722
0.044111
0.045386
0.044406
0.049121
0.048615
0.049178
0.051672
0.051183
0.052431
0.052052
0.051506
0.051599
0.051581
0.051405
0.051911
0.052089
0.049273
0.045633
0.045243
0.045310
0.046543
0.044864
0.045955
0.047467
0.045769
0.044738
0.038869
0.039151
0.039350
0.039192
0.042805
0.041997
0.042865
0.044352
0.043069
0.043903
0.047240
0.046127
0.046358
0.046292
0.051243
0.046701
0.045741
0.046633
0.045719
0.046391
0.045897
0.046390
0.046449
0.046313
0.046243
0.046196
0.046192
0.045634
0.045750
0.045797
0.045559
0.045856
0.045531
0.045502
0.045383
0.045355
0.045351
0.045738
0.045526
0.045737
0.045698
0.045204
0.045739
0.045628
0.045883
0.045639
0.045919
0.045972
0.046195
0.029251
0.029585
0.029394
0.029397
0.029390
0.029363
0.029054
0.029434
0.029600
0.029434
0.029427
0.029274
0.029671
0.029517
0.029737
0.029386
0.029224
0.029309
0.029181
0.029004
0.029287
0.029486
0.029347
0.029521
0.029453
0.029203
0.029507
0.029420
0.029165
0.029222
0.029446
0.029558
0.029150
0.029349
0.029490
0.029458
0.029278
0.029390
0.029338
0.029416
0.029526
0.029303
0.029679
0.029572
0.029568
0.029547
0.029662
0.029483
0.029483
0.029580
0.029562
0.029579
0.029567
0.029596
0.029829
0.029781
0.047497
0.049401
0.049934
0.047862
0.047898
0.048932
0.048671
0.048892
0.046967
0.046774
0.047758
0.046798
0.046114
0.045313
0.044911
0.047563
0.048884
0.047179
0.048516
0.048763
0.048579
0.048738
0.048599
0.049444
0.049079
0.049755
0.049717
0.050761
0.051521
0.050623
0.050035
0.050271
0.048888
0.051571
0.049101
0.048888
0.049091
0.049365
0.049168
0.048434
0.049567
0.089566
0.081519
0.052062
0.081565
0.085710
0.091473
0.102936
0.101515
0.097988
0.093166
0.105766
0.100984
0.094074
0.098170
0.106458
0.080191
0.099806
0.072576
0.081804
0.062407
0.066161
0.074482
0.084666
0.126553
0.087655
0.130513
0.135456
0.172686
0.149496
0.147457
0.133119
0.133032
0.137159
0.139176
0.125841
0.128498
0.118031
0.116152
0.146543
0.126358
0.116477
0.108449
0.122901
0.126395
0.127117
0.121758
0.120313
0.126023
0.048107
0.047992
0.047065
0.047392
0.047407
0.045997
0.046860
0.046449
0.046495
0.046182
0.045368
0.045187
0.045621
0.045190
0.046260
0.046317
0.046289
0.046274
0.045902
0.045165
0.045495
0.046507
0.046361
0.046613
0.046238
0.045449
0.046179
0.045967
0.046094
0.046433
0.045526
0.045933
0.045953
0.045652
0.045691
0.045769
0.046326
0.045878
0.045413
0.046249
0.061118
0.060903
0.060749
0.060974
0.061746
0.061281
0.061221
0.061243
0.061290
0.060805
0.060750
0.060975
0.061637
0.061171
0.061231
0.059978
0.059993
0.060524
0.059735
0.059919
0.060768
0.061897
0.060762
0.060056
0.059363
0.038931
0.041036
0.038468
0.038371
0.040590
0.038154
0.038435
0.039526
0.038702
0.040546
0.038573
0.040462
0.039887
0.038253
0.037743
0.040197
0.037816
0.038788
0.039297
0.038574
0.040176
0.041456
0.038582
0.042074
0.039391
0.039954
0.038979
0.039788
0.040268
0.037128
0.040502
0.040460
0.040493
0.041476
0.042941
0.041925
0.041083
0.041146
0.090421
0.089971
0.089817
0.090745
0.089953
0.091016
0.090428
0.090561
0.090242
0.090845
0.089617
0.090071
0.089452
0.090313
0.090575
0.090731
0.090564
0.091046
0.091504
0.090867
0.090669
0.042184
0.043890
0.042123
0.047190
0.045764
0.042840
0.047356
0.044091
0.045489
0.047351
0.041798
0.044754
0.047073
0.043361
0.043405
0.043563
0.044295
0.044228
0.042154
0.042282
0.044266
0.046402
0.046006
0.044810
0.045258
0.044136
0.043919
0.044046
0.043817
0.042258
0.041261
0.040577
0.045052
0.047455
0.047441
0.047801
0.050617
0.048107
0.050899
0.049718
0.048525
0.049673
0.050134
0.050269
0.050438
0.050933
0.052657
0.050857
0.051502
0.050884
0.051222
0.050880
0.051102
0.052964
0.051705
0.051172
0.050602
0.049217
0.071386
0.071476
0.072201
0.069554
0.071248
0.063123
0.070919
0.062866
0.063532
0.062771
0.062765
0.061876
0.061499
0.061861
0.059953
0.060295
0.060398
0.059969
0.059112
0.059608
0.059408
0.059514
0.058692
0.060174
0.059002
0.060671
0.067695
0.070647
0.082247
0.083156
0.083602
0.084903
0.085045
0.086425
0.085746
0.082627
0.082870
0.085857
0.086168
0.086255
0.086032
0.082717
0.081371
0.082065
0.087912
0.090851
0.090721
0.083116
0.085184
0.084634
0.076778
0.072409
0.070520
0.073877
0.064871
0.065485
0.068035
0.069478
0.051606
0.051178
0.050709
0.050814
0.050289
0.050990
0.050800
0.050223
0.050877
0.051327
0.050392
0.052482
0.050328
0.052399
0.052044
0.052501
0.053283
0.055186
0.051250
0.051278
0.086908
0.088418
0.088070
0.084483
0.087232
0.083145
0.078788
0.085170
0.087301
0.084852
0.086674
0.088007
0.088671
0.087958
0.084234
0.088189
0.088657
0.091767
0.090173
0.087225
0.087272
0.086816
0.085729
0.085927
0.086470
0.086457
0.086545
0.087684
0.091592
0.096663
0.105031
0.095636
0.095855
0.096084
0.099613
0.102385
0.102722
0.102319
0.101561
0.101481
0.103031
0.104348
0.104237
0.103467
0.062919
0.054719
0.073011
0.052767
0.054385
0.053582
0.053890
0.056277
0.055576
0.055673
0.056602
0.055171
0.053281
0.052701
0.064030
0.063445
0.063056
0.062547
0.079762
0.062430
0.063797
0.063408
0.063632
0.065113
0.058598
0.063436
0.054591
0.053860
0.073245
0.074859
0.071547
0.068224
0.068169
0.068950
0.071769
0.074290
0.065794
0.074146
0.071618
0.070404
0.071229
0.065860
0.069743
0.068123
0.075168
0.070422
0.073220
0.071353
0.070129
0.070442
0.071503
0.072979
0.072650
0.066470
0.073229
0.074020
0.069891
0.071133
0.073116
0.068597
0.068219
0.067575
0.068345
0.072006
0.071339
0.065772
0.066498
0.071841
0.071700
0.071640
0.064251
0.061763
0.061536
0.061196
0.060566
0.061732
0.061857
0.061675
0.061156
0.061524
0.062378
0.061682
0.062080
0.060620
0.061690
0.060561
0.058973
0.057523
0.057126
0.057310
0.061291
0.061062
0.060267
0.059133
0.060332
0.061474
0.059988
0.061722
0.060874
0.060890
0.061196
0.061772
0.061350
0.061213
0.060148
0.066553
0.066430
0.067776
0.066420
0.066739
0.067270
0.067068
0.067232
0.067807
0.065228
0.066784
0.065849
0.066341
0.065770
0.068230
0.069809
0.067752
0.069268
0.067487
0.066990
0.065992
0.063058
0.064423
0.065635
0.071144
0.071912
0.068469
0.068902
0.070330
0.070569
0.067367
0.064801
0.065304
0.072732
0.064473
0.066749
0.076136
0.061420
0.065424
0.065522
0.071384
0.071519
0.073937
0.072853
0.073261
0.075416
0.077360
0.077610
0.072564
0.072910
0.072023
0.068793
0.073819
0.065342
0.063838
0.064374
0.065558
0.067261
0.064863
0.065604
0.063968
0.065159
0.066758
0.067736
0.066736
0.066423
0.063101
0.176154
0.068024
0.067955
0.068740
0.073849
0.071882
0.070607
0.151097
0.078641
0.148622
0.146786
0.144618
0.144845
0.143716
0.145362
0.148203
0.148415
0.150051
0.151209
0.152037
0.149370
0.149527
0.147731
0.146407
0.164021
0.146566
0.146392
0.068556
0.156345
0.054056
0.053930
0.053947
0.052498
0.051911
0.053243
0.050750
0.053307
0.052266
0.050133
0.050007
0.050039
0.053156
0.052453
0.050272
0.051157
0.053488
0.052450
0.052782
0.051752
0.051420
0.051353
0.049212
0.051767
0.049146
0.056289
0.050127
0.050514
0.056549
0.056087
0.056587
0.056261
0.050086
0.055624
0.056520
0.058054
0.058197
0.062076
0.060444
0.061941
0.065249
0.064556
0.060278
0.061132
0.060922
0.060959
0.065984
0.058999
0.064088
0.063695
0.060493
0.066838
0.068664
0.068563
0.067916
0.070484
0.060835
0.062603
0.061323
0.061079
0.062047
0.064703
0.063145
0.062440
0.061340
0.072041
0.071284
0.072537
0.072297
0.072709
0.072245
0.072408
0.072037
0.071604
0.071180
0.071875
0.070088
0.072024
0.071487
0.071520
0.070694
0.056809
0.054841
0.053682
0.052688
0.056635
0.058481
0.059096
0.074800
0.065127
0.058019
0.079629
0.065373
0.065175
0.063568
0.062813
0.063573
0.059117
0.060081
0.060983
0.068992
0.068029
0.068213
0.060990
0.059083
0.063375
0.069421
0.071188
0.063818
0.068560
0.068833
0.066941
0.067746
0.072338
0.074255
0.070365
0.068698
0.072243
0.076420
0.069605
0.068065
0.076479
0.071304
0.074833
0.073088
0.070506
0.070465
0.072107
0.076526
0.076765
0.072465
0.069882
0.074276
0.076797
0.078309
0.076987
0.076920
0.076691
0.075960
0.075430
0.069062
0.071975
0.072369
0.075428
0.070616
0.071308
0.070212
0.075226
0.072832
0.072757
0.073531
0.068984
0.074144
0.074735
0.070012
0.069320
0.071080
0.070331
0.070971
0.070892
0.076372
0.071704
0.071067
0.071831
0.072046
0.072826
0.070713
0.075172
0.076591
0.076780
0.077203
0.075217
0.076207
0.073005
0.078092
0.082135
0.055354
0.063202
0.065075
0.068226
0.064533
0.066694
0.064522
0.064523
0.064120
0.062647
0.064763
0.063536
0.059839
0.064883
0.067377
0.067196
0.063841
0.066078
0.065357
0.067020
0.064472
0.061561
0.065679
0.065763
0.071209
0.080507
0.081063
0.078907
0.078098
0.069475
0.066639
0.067573
0.066108
0.070273
0.071070
0.059506
0.060704
0.059198
0.059320
0.060008
0.060660
0.058603
0.059324
0.061716
0.059623
0.059462
0.059542
0.062994
0.062564
0.062406
0.059531
0.062623
0.057360
0.057575
0.059816
0.059950
0.059269
0.059698
0.058332
0.058179
0.062866
0.061737
0.058541
0.062170
0.063215
0.062000
0.061935
0.060076
0.059619
0.059479
0.059298
0.058742
0.058470
0.058169
0.058186
0.058288
0.057698
0.060083
0.066167
0.066764
0.066389
0.066867
0.066317
0.066248
0.067289
0.066191
0.066882
0.066179
0.066175
0.067274
0.066760
0.066221
0.066075
0.065393
0.066398
0.066690
0.066502
0.066356
0.066436
0.066075
0.066687
0.065494
0.066400
0.066878
0.066903
0.066760
0.066970
0.066790
0.066831
0.066888
0.066849
0.066811
0.067030
0.065734
0.066024
0.065237
0.065490
0.065719
0.066454
0.066526
0.066557
0.068076
0.066878
0.042383
0.047990
0.042251
0.042072
0.042234
0.041841
0.041345
0.040870
0.041866
0.041006
0.041640
0.041116
0.041704
0.041707
0.041673
0.041902
0.042227
0.043307
0.044168
0.045039
0.044994
0.045115
0.044829
0.045818
0.045146
0.044445
0.045282
0.045119
0.044402
0.043638
0.041874
0.042317
0.042457
0.042480
0.042471
0.042371
0.042556
0.043079
0.071426
0.071316
0.071992
0.072285
0.072773
0.071369
0.072155
0.070131
0.071329
0.070155
0.070105
0.072047
0.071620
0.069592
0.069124
0.069698
0.069177
0.069663
0.070634
0.066963
0.071759
0.070973
0.070643
0.067114
0.067117
0.070923
0.066792
0.067565
0.069078
0.070662
0.071877
0.082072
0.079306
0.079170
0.084735
0.080400
0.084236
0.086795
0.084571
0.085999
0.085169
0.078084
0.080792
0.079623
0.080126
0.079806
0.079860
0.081834
0.085395
0.083143
0.099944
0.099988
0.095225
0.096422
0.083778
0.097994
0.099346
0.089314
0.088710
0.083624
0.082856
0.083865
0.087556
0.089656
0.085645
0.055976
0.056151
0.057980
0.057529
0.056926
0.057354
0.057621
0.058632
0.058116
0.057679
0.054643
0.057121
0.055908
0.055838
0.055066
0.052855
0.053130
0.056265
0.056194
0.053841
0.053030
0.053193
0.050533
0.053116
0.049962
0.048972
0.050750
0.050129
0.052176
0.052280
0.051176
0.051680
0.052458
0.053055
0.051760
0.050770
0.050825
0.049416
0.066252
0.065971
0.066638
0.065999
0.067062
0.067475
0.070171
0.068649
0.067965
0.068368
0.068591
0.068661
0.069356
0.070425
0.068543
0.068200
0.068244
0.069009
0.069503
0.067323
0.067373
0.067975
0.068410
0.068730
0.067223
0.080008
0.079058
0.081375
0.081290
0.081259
0.081154
0.080735
0.080779
0.080760
0.081623
0.080879
0.081029
0.080844
0.080805
0.081021
0.081394
0.080899
0.080871
0.080709
0.080812
0.080948
0.081465
0.081558
0.081459
0.080184
0.078042
0.077943
0.078317
0.079291
0.040630
0.043979
0.041917
0.041513
0.041999
0.042892
0.042135
0.040718
0.040723
0.040685
0.043545
0.039498
0.039849
0.043246
0.039089
0.039802
0.039014
0.038485
0.039016
0.039054
0.038958
0.038660
0.038776
0.042540
0.040904
0.042604
0.041402
0.040517
0.040161
0.043123
0.040332
0.042401
0.041854
0.042165
0.042563
0.041737
0.043323
0.042476
0.042090
0.043152
0.043099
0.097751
0.097626
0.098121
0.099252
0.098233
0.098757
0.098082
0.097578
0.097352
0.097364
0.100318
0.097261
0.097408
0.098540
0.097364
0.096419
0.100363
0.096896
0.100012
0.098997
0.098023
0.100147
0.099423
0.099835
0.098089
0.098476
0.098530
0.099534
0.099467
0.096164
0.095143
0.095498
0.065732
0.065617
0.057355
0.065038
0.065644
0.057429
0.058247
0.055341
0.049504
0.054405
0.055533
0.049695
0.052761
0.050508
0.048688
0.056970
0.062735
0.044486
0.059399
0.055618
0.058407
0.058532
0.060407
0.057023
0.062446
0.059173
0.058915
0.059110
0.058668
0.058922
0.058496
0.058352
0.058392
0.059353
0.059459
0.059005
0.058519
0.057574
0.056982
0.056630
0.057356
0.057666
0.056875
0.057948
0.057819
0.057365
0.056309
0.056080
0.057014
0.057557
0.056742
0.056648
0.057327
0.057682
0.058060
0.057329
0.057332
0.057273
0.060081
0.067088
0.069297
0.061615
0.064373
0.064659
0.065175
0.065547
0.064321
0.063067
0.066951
0.067358
0.067761
0.068661
0.067077
0.067690
0.068126
0.065720
0.066760
0.066892
0.065959
0.066650
0.065198
0.066225
0.064331
0.065002
0.067866
0.068685
0.066738
0.067403
0.067890
0.067866
0.067363
0.065883
0.066407
0.065849
0.067398
0.065845
0.067435
0.066965
0.067775
0.065612
0.065475
0.066461
0.067430
0.065408
0.065286
0.066182
0.065762
0.066197
0.066182
0.066097
0.065577
0.066042
0.065680
0.066322
0.065184
0.065957
0.066117
0.066646
0.065478
0.065472
0.065266
0.066523
0.066688
0.065993
0.066537
0.067053
0.066749
0.066827
0.067195
0.066574
0.066243
0.065807
0.106795
0.107893
0.105675
0.101541
0.107434
0.106654
0.107737
0.107273
0.108894
0.108841
0.108173
0.108849
0.108399
0.107919
0.108554
0.107982
0.108317
0.108792
0.105947
0.105801
0.105936
0.106507
0.109378
0.107425
0.106247
0.108189
0.104452
0.107614
0.104870
0.106125
0.107662
0.109135
0.107874
0.124258
0.107606
0.110719
0.115024
0.117993
0.108500
0.114966
0.123389
0.125521
0.098133
0.099228
0.106196
0.120500
0.118947
0.120257
0.121760
0.121328
0.123912
0.123252
0.122829
0.122815
0.124985
0.122797
0.122633
0.122616
0.122182
0.122345
0.122047
0.122327
0.122925
0.122880
0.122939
0.122436
0.123633
0.123199
0.123435
0.123351
0.122396
0.130530
0.127217
0.137328
0.124468
0.126055
0.139557
0.147605
0.147177
0.147920
0.140583
0.133668
0.131688
0.135520
0.136235
0.134027
0.131789
0.130870
0.125797
0.135376
0.128090
0.132458
0.133071
0.135093
0.127982
0.119013
0.138200
0.147254
0.150126
0.138375
0.139856
0.152904
0.133433
0.148479
0.137650
0.121036
0.122643
0.125618
0.121921
0.126383
0.145194
0.143492
0.144750
0.137098
0.135695
0.129329
0.130155
0.129769
0.128123
0.123812
0.123062
0.124084
0.129389
0.122860
0.123221
0.129379
0.138084
0.127078
0.140429
0.140445
0.139682
0.145931
0.153719
0.140602
0.138468
0.147574
0.149210
0.149199
0.148884
0.150037
0.150681
0.150038
0.143275
0.143959
0.139235
0.140782
0.140493
0.141248
0.156088
0.140979
0.136051
0.137872
0.138351
0.137610
0.145184
0.146197
0.151884
0.144070
0.143942
0.148324
0.164629
0.154164
0.154291
0.159409
0.158197
0.159839
0.161494
0.169903
0.169091
0.169207
0.168989
0.170058
0.169756
0.169825
0.169807
0.091780
0.058955
0.058665
0.058665
0.058677
0.058817
0.058643
0.060499
0.061368
0.061473
0.066220
0.065691
0.065597
0.064729
0.065636
0.065826
0.063695
0.068821
0.069112
0.068397
0.071202
0.065152
0.072287
0.060446
0.060267
0.063770
0.069800
0.067262
0.068210
0.067743
0.067295
0.069307
0.072578
0.069832
0.070423
0.068441
0.069093
0.066441
0.069174
0.066277
0.067856
0.068086
0.065877
0.065887
0.067670
0.063330
0.066318
0.066525
0.065066
0.065419
0.067019
0.065700
0.065614
0.063391
0.064879
0.063090
0.068753
0.063290
0.060567
0.060901
0.059180
0.058507
0.061050
0.060483
0.058860
0.059688
0.059363
0.059603
0.059272
0.059093
0.059077
0.059478
0.061387
0.061696
0.061544
0.061728
0.061578
0.061729
0.059377
0.060758
0.064536
0.065451
0.066121
0.062041
0.062439
0.061871
0.074726
0.078477
0.074921
0.078546
0.072134
0.071392
0.070290
0.076696
0.068087
0.065921
0.065826
0.066422
0.067165
0.067048
0.065997
0.067113
0.065874
0.067956
0.065773
0.066898
0.066382
0.069139
0.069396
0.068410
0.068955
0.069073
0.065872
0.066413
0.065766
0.066550
0.065637
0.066249
0.072373
0.066314
0.075033
0.075047
0.075129
