0.139200
0.139394
0.139394
0.139031
0.137698
0.134187
0.129842
0.126381
0.127342
0.129010
0.123281
0.119047
0.112466
0.106120
0.101700
0.101998
0.096191
0.085687
0.083143
0.073693
0.072010
0.067564
0.068547
0.066169
0.062265
0.069077
0.061687
0.053111
0.040005
0.035580
0.032453
0.041637
0.054135
0.056935
0.056604
0.058256
0.058385
0.054784
0.052942
0.055591
0.053937
0.055897
0.052423
0.038335
0.032742
0.019326
0.047653
0.027304
0.044669
0.052610
0.063159
0.071943
0.069370
0.073089
0.076743
0.075205
0.035302
0.073614
0.061728
0.106690
0.080619
0.051759
0.049612
0.089825
0.094996
0.085293
0.096196
0.099249
0.079192
0.083789
0.088713
0.087758
0.075007
0.069336
0.068324
0.060288
0.069074
0.069486
0.068630
0.063997
0.064486
0.049380
0.041164
0.059589
0.061650
0.062696
0.061554
0.054984
0.041824
0.040736
0.041295
0.043479
0.040714
0.040524
0.056750
0.039920
0.058468
0.060994
0.063320
0.061739
0.065656
0.063750
0.065723
0.067268
0.065373
0.059298
0.059946
0.059423
0.058434
0.062616
0.058878
0.058034
0.051503
0.060434
0.059028
0.060845
0.058719
0.060003
0.062878
0.066945
0.063895
0.061655
0.060405
0.048762
0.049456
0.034657
0.035328
0.038292
0.040134
0.044211
0.055803
0.054761
0.055947
0.057048
0.053384
0.055523
0.056258
0.056734
0.062387
0.064206
0.064603
0.064570
0.066252
0.066061
0.066542
0.066784
0.066203
0.066650
0.065952
0.066093
0.066513
0.066241
0.067200
0.069492
0.067683
0.068893
0.068672
0.071636
0.071838
0.069615
0.085221
0.073694
0.067825
0.082058
0.066850
0.083692
0.067461
0.080029
0.080087
0.076733
0.075636
0.076338
0.063222
0.074180
0.061376
0.057730
0.054550
0.052923
0.050425
0.049800
0.050704
0.051813
0.054251
0.054957
0.055864
0.056434
0.057497
0.060098
0.060264
0.060907
0.056711
0.054519
0.054032
0.054807
0.056896
0.057196
0.058496
0.057617
0.055429
0.054494
0.053672
0.054780
0.054016
0.053251
0.051897
0.052346
0.051138
0.100394
0.099303
0.101674
0.102041
0.099900
0.101007
0.102037
0.101574
0.101426
0.100564
0.101679
0.101000
0.101041
0.101357
0.101134
0.100416
0.100811
0.100733
0.100707
0.100532
0.099158
0.099975
0.100398
0.100599
0.100191
0.098898
0.098793
0.099689
0.099378
0.098668
0.096655
0.097119
0.097922
0.099799
0.100016
0.099889
0.100017
0.098131
0.097072
0.096376
0.095649
0.095502
0.098363
0.097438
0.095419
0.096868
0.098498
0.097593
0.098446
0.095413
0.094704
0.093907
0.091557
0.093460
0.094955
0.095632
0.012679
0.013797
0.013808
0.012119
0.011118
0.011115
0.009974
0.009392
0.009016
0.008252
0.008440
0.008574
0.008565
0.008494
0.008208
0.007993
0.008464
0.009228
0.009763
0.009331
0.009149
0.009341
0.008814
0.008284
0.007093
0.005470
0.005551
0.004744
0.003708
0.002363
0.001905
0.001530
0.000727
0.000000
0.000841
0.002184
0.002871
0.003423
0.003365
0.003557
0.008148
0.009818
0.011498
0.010778
0.011354
0.011783
0.013523
0.013502
0.014132
0.014747
0.014599
0.014498
0.013629
0.014073
0.013813
0.014291
0.014281
0.014142
0.014197
0.014362
0.014040
0.014398
0.014622
0.015008
0.016048
0.016584
0.016633
0.017080
0.017064
0.017341
0.017553
0.017586
0.017415
0.016948
0.017584
0.017715
0.017969
0.018152
0.018030
0.018062
0.018817
0.053984
0.111069
0.176962
0.245619
0.313850
0.397763
0.389354
0.334474
0.300957
0.268642
0.246186
0.208282
0.212720
0.171857
0.166775
0.212393
0.207361
0.206924
0.192779
0.210269
0.192457
0.189846
0.184659
0.190270
0.195053
0.210370
0.184713
0.148711
0.146556
0.128015
0.110166
0.112663
0.125250
0.130323
0.124735
0.122328
0.111650
0.117650
0.135146
0.136107
0.126594
0.123502
0.120265
0.119859
0.124043
0.124291
0.122694
0.111851
0.106488
0.116109
0.122375
0.119465
0.116423
0.121523
0.120451
0.117101
0.120595
0.120019
0.107778
0.128586
0.127775
0.128975
0.148957
0.153980
0.155048
0.167297
0.168686
0.167713
0.162292
0.152720
0.165082
0.191969
0.173076
0.174209
0.162924
0.169264
0.165996
0.170067
0.145059
0.148700
0.130923
0.128010
0.121069
0.117755
0.124404
0.132710
0.126794
0.121568
0.117511
0.117046
0.114585
0.109384
0.108529
0.108241
0.109423
0.081962
0.082240
0.082266
0.082659
0.082325
0.082194
0.082760
0.083127
0.082301
0.081867
0.081613
0.080656
0.080680
0.080662
0.082125
0.082241
0.082026
0.082271
0.082774
0.082778
0.082690
0.082909
0.082995
0.082827
0.081828
0.081949
0.081805
0.081856
0.081914
0.082105
0.081324
0.081297
0.081262
0.081857
0.081837
0.082087
0.081835
0.082428
0.082050
0.082317
0.081424
0.081175
0.081035
0.081169
0.080902
0.080904
0.082200
0.081913
0.081751
0.081757
0.081597
0.082281
0.081698
0.081752
0.081802
0.082371
0.081942
0.082062
0.081884
0.081634
0.081129
0.080472
0.081050
0.080818
0.081727
0.081517
0.081526
0.081821
0.081759
0.081612
0.082051
0.081430
0.082059
0.081917
0.081987
0.081918
0.082168
0.081445
0.081933
0.081714
0.081593
0.081705
0.081885
0.080227
0.079830
0.094036
0.141493
0.197812
0.246216
0.304611
0.365524
0.432730
0.351490
0.278465
0.204218
0.140666
0.089100
0.070222
0.070786
0.072261
0.073851
0.079329
0.080074
0.076343
0.075865
0.077452
0.076942
0.075445
0.081585
0.079374
0.076530
0.076191
0.086218
0.069638
0.075769
0.075803
0.075846
0.067824
0.067809
0.067915
0.068205
0.067848
0.061428
0.065147
0.064250
0.064261
0.064111
0.063575
0.075253
0.066593
0.072740
0.072771
0.066626
0.074456
0.074614
0.079337
0.079240
0.070711
0.078857
0.084372
0.067340
0.061845
0.061116
0.075026
0.076841
0.071994
0.085229
0.073874
0.074540
0.074400
0.083005
0.074923
0.071837
0.069644
0.070273
0.083131
0.073105
0.087660
0.088625
0.070176
0.068853
0.095825
0.092353
0.071542
0.093890
0.094076
0.093336
0.090665
0.093915
0.085585
0.079021
0.075173
0.075205
0.062820
0.070975
0.079697
0.086264
0.044645
0.043352
0.045502
0.075285
0.085498
0.091461
0.086700
0.084140
0.076220
0.087515
0.083589
0.083747
0.085250
0.082322
0.083569
0.088885
0.088939
0.084775
0.068616
0.068839
0.070255
0.076276
0.079595
0.070538
0.078312
0.075459
0.074500
0.077488
0.065330
0.069108
0.063803
0.016416
0.012782
0.012755
0.012757
0.012630
0.012643
0.012663
0.012682
0.012698
0.012952
0.013344
0.013902
0.014218
0.015592
0.017273
0.015990
0.016019
0.016118
0.015772
0.014020
0.013755
0.013693
0.013761
0.013668
0.015704
0.015739
0.015882
0.015760
0.017225
0.015631
0.015367
0.013897
0.015774
0.016389
0.016617
0.015993
0.016182
0.015931
0.013560
0.013530
0.015505
0.017039
0.017190
0.017218
0.017090
0.017100
0.017105
0.017000
0.017114
0.017100
0.017184
0.017143
0.017130
0.017040
0.016373
0.016777
0.016837
0.016812
0.016320
0.016964
0.016937
0.016964
0.016184
0.016668
0.016179
0.016213
0.016755
0.016775
0.016644
0.016964
0.016720
0.016195
0.016907
0.015809
0.016885
0.016773
0.016171
0.016085
0.015942
0.016179
0.016263
0.016877
0.016855
0.016821
0.016085
0.016804
0.016689
0.016651
0.016732
0.016984
0.016808
0.017010
0.016993
0.016707
0.016883
0.017005
0.016960
0.016719
0.016855
0.015788
0.015778
0.016833
0.017006
0.016940
0.016928
0.017087
0.016952
0.016954
0.017090
0.016989
0.016453
0.016966
0.017106
0.017133
0.017106
0.017087
0.017369
0.017148
0.017090
0.017390
0.017118
0.015806
0.016062
0.016784
0.013937
0.013550
0.013403
0.013319
0.013309
0.013419
0.013269
0.013415
0.013503
0.016733
0.016574
0.013584
0.013404
0.013497
0.013772
0.013645
0.013604
0.013538
0.013887
0.013450
0.013601
0.013350
0.013747
0.013287
0.013455
0.013303
0.013237
0.013254
0.013358
0.013369
0.013351
0.013375
0.013514
0.013567
0.013841
0.013751
0.013749
0.013915
0.013831
0.013996
0.013996
0.013950
0.015009
0.013925
0.013940
0.013875
0.014869
0.013915
0.013995
0.014742
0.013891
0.013963
0.013889
0.014045
0.014010
0.014113
0.013870
0.014822
0.014700
0.015204
0.015077
0.015188
0.014807
0.015098
0.014074
0.014112
0.014264
0.015099
0.014361
0.014248
0.014232
0.014240
0.015143
0.014257
0.015140
0.015123
0.015117
0.014275
0.014328
0.013653
0.013678
0.013627
0.013824
0.014552
0.014533
0.013835
0.014508
0.014450
0.014484
0.014523
0.015226
0.014296
0.015100
0.014293
0.015156
0.014877
0.015279
0.014348
0.014382
0.014362
0.015080
0.014310
0.016615
0.015079
0.015120
0.015246
0.015216
0.015333
0.015031
0.015135
0.015133
0.015122
0.015104
0.015188
0.015252
0.015533
0.015383
0.015414
0.015473
0.015415
0.014487
0.015053
0.014258
0.015214
0.015237
0.015280
0.015159
0.015242
0.015253
0.015096
0.015255
0.015413
0.014016
0.014053
0.014099
0.014066
0.014088
0.014038
0.014428
0.014186
0.014195
0.014146
0.014235
0.013925
0.014208
0.014192
0.017085
0.015299
0.014191
0.015262
0.014148
0.014160
0.014157
0.014001
0.014779
0.016948
0.014115
0.014215
0.014144
0.014155
0.014151
0.014125
0.015861
0.014626
0.015106
0.014258
0.014322
0.014300
0.014214
0.016098
0.015119
0.015104
0.015101
0.015120
0.015085
0.014148
0.014221
0.014177
0.014955
0.014203
0.014222
0.014298
0.014153
0.014153
0.014227
0.014303
0.014160
0.015202
0.016074
0.015856
0.019320
0.018160
0.019125
0.025337
0.024894
0.025286
0.025640
0.025861
0.025798
0.025697
0.025242
0.024945
0.025007
0.025275
0.025473
0.025248
0.025373
0.024925
0.025329
0.025035
0.025127
0.025015
0.025592
0.025228
0.025229
0.025322
0.025374
0.025256
0.025348
0.024885
0.025119
0.026047
0.026113
0.025228
0.025171
0.024834
0.024747
0.024449
0.025578
0.024676
0.024591
0.024996
0.025875
0.025576
0.025134
0.025408
0.024985
0.025201
0.025316
0.024904
0.025017
0.025513
0.024902
0.025873
0.025904
0.025920
0.025643
0.025278
0.025342
0.025105
0.025107
0.025303
0.025321
0.025152
0.025387
0.025382
0.025268
0.025362
0.025399
0.025287
0.025185
0.025393
0.025380
0.025376
0.025295
0.025282
0.025247
0.025230
0.025201
0.025213
0.025456
0.025353
0.024815
0.025049
0.025011
0.025054
0.025165
0.025094
0.025416
0.025711
0.025710
0.025775
0.024841
0.025669
0.025139
0.024967
0.024421
0.025244
0.024781
0.024796
0.025196
0.024887
0.024567
0.024402
0.024990
0.024880
0.025769
0.025576
0.025883
0.025711
0.025736
0.025768
0.025697
0.026131
0.025780
0.025848
0.025975
0.026352
0.024701
0.063579
0.117397
0.184859
0.253894
0.318500
0.389988
0.397264
0.333606
0.256338
0.197981
0.138684
0.088079
0.085333
0.084942
0.092086
0.089461
0.092033
0.083560
0.092151
0.091451
0.078193
0.093593
0.081817
0.091571
0.093391
0.094132
0.097911
0.091508
0.097768
0.098871
0.102822
0.101192
0.104235
0.118333
0.075811
0.146491
0.121058
0.121411
0.151414
0.136071
0.128333
0.121747
0.124313
0.121407
0.151119
0.128244
0.149277
0.168580
0.167994
0.170106
0.176412
0.130075
0.130181
0.129574
0.127477
0.126179
0.156422
0.126078
0.125177
0.127166
0.133212
0.135126
0.136086
0.140139
0.166432
0.154170
0.152063
0.149541
0.150415
0.144235
0.152702
0.135628
0.177738
0.150588
0.151302
0.155600
0.155956
0.154099
0.166739
0.103409
0.115972
0.106103
0.144447
0.197312
0.138357
0.144011
0.144372
0.138543
0.105252
0.105300
0.157638
0.102467
0.100773
0.143912
0.172138
0.101170
0.101794
0.170413
0.140639
0.096291
0.095632
0.111892
0.097644
0.117944
0.138255
0.149894
0.144623
0.150169
0.096358
0.150148
0.154155
0.117582
0.100957
0.102308
0.097497
0.067869
0.068996
0.106985
0.104452
0.168940
0.148999
0.096118
0.094207
0.031798
0.030568
0.030444
0.030413
0.030434
0.029950
0.029950
0.029947
0.029660
0.029675
0.029883
0.030028
0.026898
0.055310
0.055245
0.051504
0.054375
0.054380
0.054381
0.054304
0.053607
0.053679
0.053834
0.056568
0.056175
0.056821
0.050107
0.033050
0.035247
0.037578
0.038917
0.040274
0.040057
0.040226
0.039908
0.042560
0.042640
0.042719
0.042723
0.043356
0.043315
0.043337
0.056294
0.056025
0.056025
0.055743
0.055736
0.055292
0.055393
0.055676
0.045699
0.044391
0.046358
0.046494
0.054050
0.054433
0.056089
0.056086
0.055535
0.055649
0.055913
0.056463
0.056022
0.056103
0.055533
0.058815
0.057939
0.057349
0.057219
0.056143
0.056271
0.056273
0.056319
0.060191
0.060203
0.060295
0.060931
0.064597
0.061282
0.061250
0.046183
0.046756
0.046579
0.046662
0.046636
0.058847
0.050109
0.047663
0.056974
0.056888
0.056814
0.057027
0.058074
0.058136
0.058118
0.064820
0.064768
0.063593
0.063676
0.063175
0.063215
0.063123
0.063595
0.061021
0.060805
0.060728
0.059895
0.062813
0.062816
0.062749
0.062803
0.060819
0.060937
0.060687
0.061502
0.050469
0.106991
0.166761
0.239034
0.310186
0.391828
0.390732
0.307761
0.237690
0.163072
0.093469
0.044420
0.065353
0.065405
0.065149
0.064332
0.063385
0.065222
0.069626
0.068935
0.060094
0.063181
0.060196
0.066103
0.066394
0.062537
0.062115
0.058314
0.059647
0.059813
0.059462
0.059760
0.060213
0.053049
0.051957
0.052302
0.052318
0.057322
0.054509
0.054567
0.053357
0.053494
0.051979
0.051041
0.050807
0.055032
0.054828
0.052608
0.057804
0.057435
0.061443
0.060991
0.066684
0.064424
0.064578
0.064336
0.064347
0.050365
0.049991
0.050112
0.056693
0.062073
0.060935
0.047219
0.048010
0.045745
0.043265
0.043266
0.046164
0.046708
0.043468
0.045785
0.044390
0.043581
0.048193
0.043689
0.053134
0.053484
0.050739
0.054346
0.050189
0.057304
0.056875
0.055665
0.055488
0.051823
0.051044
0.051239
0.056192
0.055360
0.052990
0.052336
0.053072
0.052919
0.051612
0.292479
0.284867
0.289178
0.287767
0.297952
0.287079
0.293607
0.297883
0.288581
0.288303
0.284923
0.307214
0.311853
0.346541
0.367660
0.334639
0.368122
0.369421
0.372801
0.361317
0.353067
0.363741
0.358034
0.364844
0.364304
0.361897
0.359449
0.356808
0.358697
0.361050
0.359102
0.351028
0.354619
0.359120
0.359819
0.355632
0.358199
0.358446
0.360367
0.357040
0.357301
0.357352
0.360658
0.357161
0.353739
0.356192
0.354274
0.349070
0.327496
0.356750
0.351875
0.351513
0.351312
0.347345
0.348570
0.345797
0.348553
0.348628
0.350661
0.349888
0.350670
0.348991
0.349083
0.349181
0.350801
0.348924
0.351647
0.343860
0.348139
0.350437
0.350391
0.348033
0.345639
0.346475
0.344083
0.348434
0.347814
0.352146
0.344623
0.347506
0.351192
0.351127
0.352719
0.352596
0.350876
0.352969
0.350573
0.352741
0.350973
0.352840
0.348949
0.352263
0.349642
0.352488
0.349911
0.353116
0.352553
0.351463
0.351327
0.349120
0.348843
0.351440
0.348782
0.348223
0.350684
0.346524
0.353032
0.351148
0.348696
0.346184
0.351370
0.350494
0.350340
0.348430
0.349467
0.353407
0.353029
0.348291
0.347936
0.343638
0.352663
0.350906
0.344124
0.335272
0.284894
0.212762
0.238021
0.172604
0.195099
0.150815
0.149624
0.139859
0.131602
0.118895
0.101236
0.095655
0.089342
0.085111
0.074347
0.065127
0.060341
0.052357
0.055258
0.048769
0.046479
0.042008
0.038463
0.058605
0.058520
0.055209
0.057592
0.053864
0.059253
0.061738
0.062475
0.056932
0.065047
0.062294
0.059773
0.061806
0.063342
0.065439
0.059267
0.065498
0.066470
0.066707
0.066313
0.067060
0.069314
0.067273
0.067523
0.067135
0.065141
0.065315
0.067337
0.067263
0.066194
0.063860
0.066096
0.064930
0.056499
0.054468
0.054618
0.058471
0.059949
0.062680
0.062051
0.056460
0.061043
0.061446
0.060382
0.062895
0.055279
0.053217
0.068185
0.063359
0.063314
0.063067
0.063247
0.051099
0.049436
0.051167
0.050081
0.048064
0.051420
0.065910
0.063688
0.061670
0.063716
0.064921
0.064164
0.061076
0.063369
0.063759
0.061124
0.044178
0.046309
0.047462
0.048314
0.048591
0.062794
0.055717
0.054302
0.037575
0.076823
0.122647
0.186315
0.334004
0.297162
0.237304
0.192858
0.136195
0.048584
0.045764
0.046385
0.045938
0.046022
0.046447
0.046493
0.045981
0.074124
0.074497
0.081252
0.078258
0.086491
0.092333
0.081378
0.085948
0.092965
0.094623
0.097340
0.103427
0.092275
0.080731
0.073624
0.087568
0.087666
0.126890
0.128706
0.133478
0.135107
0.133869
0.134946
0.134204
0.133535
0.134868
0.092347
0.091923
0.091451
0.089912
0.134346
0.093364
0.093258
0.092094
0.091127
0.095671
0.093834
0.093242
0.094133
0.093475
0.093301
0.093273
0.093301
0.093154
0.093501
0.094399
0.094570
0.094704
0.094979
0.095265
0.096467
0.095359
0.095479
0.095327
0.093435
0.094027
0.093716
0.092755
0.093002
0.093030
0.092737
0.093329
0.091880
0.092011
0.091531
0.094627
0.095294
0.094522
0.094444
0.094680
0.094918
0.094684
0.091586
0.092605
0.091413
0.092341
0.093353
0.093848
0.092555
0.093451
0.093417
0.092031
0.092839
0.091556
0.091542
0.089934
0.090887
0.086606
0.088375
0.090052
0.090550
0.090312
0.090111
0.090362
0.090487
0.090046
0.090205
0.090556
0.090507
0.089085
0.089578
0.090507
0.089055
0.088630
0.088695
0.088753
0.088710
0.088609
0.088758
0.089673
0.089602
0.090233
0.090508
0.090642
0.089839
0.089823
0.089568
0.085557
0.085795
0.085927
0.085654
0.085656
0.088120
0.085221
0.085366
0.084335
0.084455
0.085491
0.085656
0.085017
0.085751
0.089435
0.089669
0.086318
0.086947
0.087113
0.086217
0.086913
0.086133
0.087086
0.084965
0.086883
0.087113
0.086825
0.087480
0.114737
0.113716
0.108803
0.106009
0.099724
0.104555
0.107285
0.105586
0.104394
0.097845
0.086805
0.094656
0.082536
0.083061
0.072737
0.070285
0.068494
0.066801
0.069239
0.067835
0.068331
0.068380
0.069983
0.070497
0.071073
0.071161
0.071207
0.071236
0.071786
0.070822
0.070440
0.070676
0.070863
0.071296
0.070032
0.070401
0.070260
0.069996
0.070181
0.070059
0.070310
0.070521
0.070601
0.070318
0.132809
0.131848
0.131675
0.134528
0.134357
0.134168
0.134462
0.134518
0.134717
0.134941
0.135253
0.135731
0.135388
0.135826
0.135963
0.135898
0.135962
0.136004
0.135990
0.136054
0.136050
0.136017
0.136048
0.135271
0.135302
0.135381
0.135406
0.135597
0.135682
0.137158
0.137471
0.135837
0.135995
0.135979
0.136022
0.136159
0.136169
0.136161
0.136161
0.134897
0.134881
0.134887
0.134895
0.134882
0.136687
0.136145
0.136203
0.136056
0.136076
0.137263
0.136435
0.134912
0.134895
0.134913
0.134884
0.134632
0.134605
0.134609
0.134734
0.134580
0.134580
0.134830
0.134439
0.139433
0.137201
0.135635
0.135607
0.135509
0.135405
0.135381
0.135726
0.135614
0.135938
0.135943
0.135954
0.135950
0.135995
0.136083
0.136038
0.136046
0.136159
0.136232
0.136358
0.135980
0.136381
0.136373
0.136351
0.136331
0.136069
0.136068
0.136119
0.135886
0.135920
0.135872
0.135847
0.136063
0.136059
0.136119
0.136120
0.135812
0.135780
0.135909
0.135912
0.135787
0.135782
0.136215
0.136159
0.136180
0.135922
0.135862
0.135905
0.135802
0.135834
0.135711
0.135675
0.135616
0.135698
0.135302
0.134723
0.134232
0.133842
0.133654
0.133534
0.133553
0.133841
0.134177
0.134687
0.135280
0.136112
0.136760
0.137856
0.139200
0.139200
0.139200
0.139200
0.139200
0.139200
0.139200
0.139200
0.139200
0.139200
0.139200
0.139200
