0.178501
0.169601
0.167406
0.162465
0.161191
0.161282
0.159003
0.160444
0.156668
0.155143
0.144291
0.123443
0.167231
0.185925
0.216700
0.300041
0.298009
0.397177
0.444232
0.401630
0.429921
0.299211
0.130564
0.123276
0.110875
0.130035
0.120303
0.123453
0.131518
0.137071
0.156893
0.150614
0.149334
0.147465
0.151635
0.146400
0.149639
0.155522
0.159034
0.147594
0.143815
0.143670
0.143618
0.145315
0.148135
0.149060
0.133710
0.139728
0.138049
0.139503
0.140618
0.141001
0.144190
0.142470
0.142620
0.140811
0.165392
0.163267
0.162784
0.145014
0.145070
0.130188
0.152830
0.145873
0.141833
0.135263
0.132534
0.142824
0.141653
0.135727
0.136640
0.128122
0.139002
0.134758
0.142862
0.145232
0.153096
0.160365
0.166022
0.159592
0.164493
0.163088
0.225683
0.297416
0.388001
0.494089
0.514113
0.330782
0.377231
0.088661
0.180364
0.134946
0.113462
0.109380
0.094197
0.089437
0.085497
0.086168
0.091276
0.085413
0.087453
0.090194
0.091058
0.089604
0.089263
0.086646
0.085972
0.084171
0.081395
0.159223
0.076740
0.079759
0.082551
0.083990
0.084021
0.087317
0.084389
0.083665
0.088312
0.098971
0.103902
0.107280
0.109743
0.111374
0.116575
0.111081
0.107175
0.100432
0.097080
0.110510
0.108448
0.097687
0.093857
0.083229
0.084091
0.083888
0.080062
0.085261
0.084581
0.088675
0.099568
0.095159
0.095527
0.095011
0.097784
0.091234
0.091109
0.090410
0.091588
0.095588
0.097041
0.099245
0.098066
0.104573
0.098885
0.102596
0.097400
0.098959
0.097975
0.094188
0.094449
0.099988
0.103173
0.096050
0.106251
0.103593
0.089791
0.115655
0.102189
0.100367
0.083915
0.098800
0.105122
0.104567
0.094909
0.093169
0.092004
0.090697
0.092628
0.088262
0.094067
0.095476
0.086900
0.093738
0.097696
0.092647
0.093605
0.095891
0.092976
0.094703
0.100729
0.096476
0.094444
0.092455
0.091877
0.093285
0.099437
0.099459
0.101112
0.108498
0.093336
0.108318
0.088480
0.093516
0.091930
0.090040
0.087601
0.083879
0.085190
0.077344
0.089586
0.087163
0.089213
0.092033
0.092101
0.094469
0.094553
0.091539
0.086384
0.076935
0.089281
0.092420
0.088639
0.091899
0.082627
0.086828
0.086365
0.082983
0.083119
0.081915
0.080982
0.080358
0.074241
0.072618
0.077733
0.068235
0.074333
0.086254
0.086287
0.099404
0.083457
0.080185
0.072935
0.072257
0.075189
0.073664
0.075222
0.073802
0.077837
0.078854
0.075476
0.077403
0.077817
0.077991
0.080632
0.078350
0.111297
0.081530
0.084588
0.082133
0.076273
0.066465
0.081904
0.083552
0.087578
0.075538
0.089112
0.073426
0.073753
0.072566
0.081605
0.096472
0.105822
0.086955
0.086262
0.079701
0.079448
0.070677
0.074437
0.073205
0.071428
0.076513
0.080307
0.087190
0.084104
0.085351
0.074903
0.086079
0.085045
0.090245
0.079287
0.068021
0.066953
0.091964
0.095588
0.092703
0.091330
0.088532
0.093436
0.093579
0.096359
0.092626
0.095699
0.092652
0.097137
0.097896
0.091412
0.090534
0.068287
0.067751
0.069615
0.067027
0.066728
0.068752
0.067810
0.067606
0.055625
0.057795
0.083066
0.071972
0.087167
0.081976
0.080198
0.080945
0.079169
0.076408
0.077332
0.074406
0.070151
0.065894
0.049616
0.048739
0.057783
0.054729
0.055516
0.055485
0.054007
0.054257
0.054649
0.050407
0.052385
0.056719
0.054172
0.056682
0.057560
0.057049
0.074699
0.073709
0.067490
0.065372
0.064608
0.063221
0.061750
0.056788
0.048526
0.042348
0.029490
0.029853
0.025763
0.028391
0.030156
0.031258
0.025201
0.025188
0.024261
0.024526
0.026495
0.024329
0.026294
0.027522
0.025712
0.023949
0.026070
0.023158
0.020931
0.021218
0.020874
0.020189
0.020132
0.019636
0.019795
0.018997
0.018350
0.017717
0.018620
0.019544
0.018400
0.018126
0.018319
0.018565
0.018560
0.019417
0.019176
0.018910
0.017203
0.016352
0.016199
0.015384
0.015015
0.013114
0.011001
0.008759
0.007735
0.005397
0.004439
0.001939
0.000000
0.002029
0.004152
0.006031
0.007642
0.009296
0.010316
0.011433
0.012295
0.013463
0.015195
0.016236
0.109097
0.018076
0.018931
0.020332
0.021414
0.023462
0.023317
0.023972
0.023169
0.021444
0.022561
0.023043
0.023097
0.021365
0.021487
0.021812
0.021271
0.020501
0.021403
0.019706
0.020466
0.020823
0.021898
0.023131
0.022547
0.021570
0.024013
0.025234
0.026280
0.026241
0.027468
0.025275
0.027196
0.027457
0.026458
0.024632
0.026361
0.025676
0.024980
0.024740
0.026085
0.026938
0.023510
0.026305
0.027677
0.026595
0.025670
0.024712
0.024236
0.024165
0.024752
0.023415
0.022684
0.023418
0.023262
0.022770
0.022302
0.021643
0.021312
0.021895
0.022525
0.022782
0.024515
0.025216
0.027022
0.026451
0.027055
0.026541
0.027492
0.027022
0.026400
0.026699
0.027009
0.025679
0.025757
0.027042
0.028497
0.027157
0.029542
0.029181
0.036478
0.062499
0.223946
0.507491
0.246784
0.102351
0.100868
0.110907
0.097112
0.097815
0.095862
0.102787
0.107935
0.105510
0.118766
0.111590
0.103872
0.106766
0.107358
0.106706
0.101529
0.098768
0.096900
0.101611
0.102004
0.103401
0.104061
0.107583
0.125657
0.129576
0.121965
0.129534
0.130549
0.130850
0.119257
0.114080
0.132588
0.132225
0.117053
0.116019
0.112955
0.112631
0.119126
0.117951
0.114029
0.103167
0.113482
0.102495
0.105794
0.117387
0.115090
0.110170
0.100055
0.105445
0.106817
0.107960
0.114060
0.114773
0.116226
0.109918
0.120479
0.125418
0.129167
0.109408
0.106008
0.110872
0.113899
0.114003
0.118754
0.109337
0.113158
0.108731
0.106204
0.105340
0.102772
0.103892
0.100304
0.095512
0.095300
0.094016
0.091388
0.081629
0.082711
0.098607
0.095272
0.082089
0.079125
0.092566
0.074235
0.079689
0.081968
0.094322
0.089445
0.086318
0.091178
0.080916
0.084740
0.086277
0.092562
0.093255
0.083764
0.077367
0.077329
0.076020
0.075040
0.072328
0.069186
0.063582
0.063021
0.065085
0.064363
0.063973
0.062439
0.062834
0.062514
0.064296
0.066672
0.067403
0.065866
0.067005
0.065432
0.058537
0.050968
0.057528
0.056346
0.057278
0.056253
0.057476
0.057438
0.059745
0.064899
0.071952
0.087218
0.067156
0.078184
0.112596
0.143268
0.136589
0.230546
0.089072
0.079300
0.138536
0.136805
0.238439
0.148162
0.123210
0.148128
0.147168
0.235735
0.141417
0.139483
0.135300
0.138965
0.146136
0.264297
0.398010
0.135419
0.258462
0.134228
0.257104
0.262174
0.362920
0.270201
0.219424
0.307853
0.125750
0.227721
0.230402
0.119396
0.123915
0.120927
0.122037
0.121700
0.121000
0.309165
0.117388
0.218067
0.098868
0.127596
0.107121
0.121612
0.311696
0.122224
0.280657
0.123990
0.235901
0.122872
0.119463
0.340883
0.122108
0.224256
0.125625
0.147747
0.239110
0.226328
0.123811
0.122007
0.120201
0.121012
0.316351
0.120620
0.269682
0.125632
0.125053
0.327009
0.314887
0.122053
0.226970
0.115840
0.188188
0.173075
0.125303
0.108908
0.112568
0.115243
0.137644
0.134160
0.145811
0.134018
0.131323
0.132717
0.123356
0.128523
0.126344
0.155506
0.139565
0.138675
0.138924
0.137889
0.137441
0.158758
0.134608
0.131195
0.131005
0.123859
0.129345
0.140583
0.140239
0.145075
0.126442
0.122443
0.121432
0.127197
0.128097
0.124876
0.112807
0.122979
0.125501
0.118136
0.118636
0.135415
0.125447
0.137470
0.131200
0.130853
0.135811
0.134781
0.128633
0.124215
0.135618
0.129879
0.125936
0.131007
0.144944
0.133786
0.126205
0.134612
0.132008
0.128960
0.127215
0.125852
0.126936
0.126476
0.134330
0.136366
0.125526
0.152894
0.150377
0.127452
0.127691
0.128216
0.127928
0.115212
0.168038
0.144529
0.122354
0.126549
0.131365
0.121892
0.142218
0.152541
0.145486
0.204040
0.305982
0.401953
0.502977
0.518017
0.274843
0.200371
0.139490
0.093507
0.069149
0.078472
0.078285
0.077450
0.076376
0.067921
0.070180
0.079190
0.080111
0.072412
0.069549
0.068168
0.066084
0.068378
0.068391
0.068534
0.069686
0.069207
0.075545
0.068647
0.068432
0.071451
0.071792
0.074439
0.072528
0.079462
0.076830
0.076694
0.074494
0.073655
0.075584
0.073801
0.075647
0.075126
0.077463
0.076409
0.074027
0.074547
0.075711
0.077563
0.081060
0.078295
0.075156
0.074233
0.074870
0.073561
0.072541
0.072073
0.069266
0.068117
0.072564
0.067378
0.073614
0.072298
0.073715
0.080338
0.075328
0.076188
0.075963
0.077243
0.082432
0.076662
0.077065
0.074347
0.076651
0.071568
0.076682
0.074039
0.073506
0.072353
0.074472
0.076530
0.077243
0.072353
0.071827
0.070425
0.066777
0.069206
0.068607
0.061916
0.065791
0.069084
0.076082
0.070772
0.074651
0.069828
0.070042
0.070106
0.075078
0.075526
0.074853
0.083059
0.075694
0.069990
0.069919
0.076999
0.069358
0.069706
0.068656
0.070503
0.074944
0.075747
0.078079
0.088538
0.097450
0.080730
0.086974
0.091614
0.098781
0.102549
0.090546
0.091527
0.092908
0.079724
0.080436
0.094472
0.089808
0.089032
0.088098
0.084821
0.083953
0.083070
0.082637
0.078493
0.079231
0.078515
0.080824
0.085915
0.089022
0.084095
0.084987
0.089690
0.088410
0.087865
0.088217
0.086910
0.085025
0.082589
0.081567
0.087451
0.090855
0.094592
0.094934
0.087301
0.093253
0.089380
0.088048
0.083284
0.085679
0.088078
0.090130
0.091455
0.081039
0.086882
0.083091
0.080195
0.083712
0.086240
0.085508
0.077569
0.078382
0.080354
0.079333
0.079619
0.080052
0.078339
0.075740
0.075766
0.075478
0.075459
0.073811
0.074702
0.072722
0.075991
0.074251
0.072795
0.078062
0.078661
0.076653
0.076025
0.075412
0.076332
0.078673
0.076038
0.074997
0.073158
0.075643
0.073318
0.072933
0.073457
0.072418
0.072810
0.076033
0.079711
0.079904
0.080272
0.082840
0.075047
0.075463
0.079140
0.077442
0.082783
0.079228
0.080273
0.078416
0.081564
0.080257
0.080401
0.095342
0.086629
0.096726
0.096802
0.095119
0.094387
0.087243
0.094817
0.095199
0.098159
0.092254
0.092435
0.092007
0.094839
0.096422
0.090854
0.090396
0.088773
0.092725
0.091185
0.096298
0.089926
0.088348
0.089405
0.090907
0.091776
0.090289
0.091616
0.090708
0.087566
0.096784
0.090869
0.085776
0.087348
0.079472
0.079809
0.082580
0.083234
0.075831
0.073653
0.075996
0.070956
0.076885
0.070686
0.074556
0.074599
0.074672
0.073495
0.076286
0.076339
0.078634
0.082685
0.080630
0.082922
0.082712
0.080166
0.080312
0.082839
0.081901
0.080686
0.079331
0.079076
0.079366
0.080463
0.083264
0.082109
0.082803
0.082093
0.087223
0.081371
0.090045
0.087563
0.089162
0.091922
0.087324
0.081510
0.082066
0.083871
0.083357
0.088170
0.091220
0.089068
0.089161
0.085471
0.094068
0.094224
0.086970
0.075908
0.067398
0.065644
0.069183
0.066737
0.064658
0.061703
0.063288
0.064199
0.064333
0.063153
0.061932
0.058318
0.062214
0.060742
0.059962
0.059047
0.060997
0.063074
0.061509
0.070025
0.068015
0.064259
0.067290
0.063333
0.068334
0.068158
0.061426
0.070324
0.071411
0.071502
0.069867
0.071786
0.070765
0.074576
0.074167
0.065516
0.066391
0.067111
0.066953
0.070281
0.070850
0.072961
0.072149
0.070033
0.070751
0.074619
0.071986
0.076457
0.077124
0.081614
0.084032
0.078236
0.076794
0.082631
0.079838
0.083236
0.086394
0.088053
0.087442
0.088369
0.087696
0.088553
0.090897
0.089359
0.086528
0.086849
0.087350
0.082584
0.082063
0.149838
0.080596
0.077539
0.080926
0.085938
0.083956
0.085411
0.082971
0.084948
0.084497
0.094434
0.097381
0.111376
0.106338
0.109801
0.112435
0.109645
0.105717
0.095608
0.095409
0.115478
0.106276
0.098766
0.092736
0.094553
0.084109
0.086979
0.081593
0.083935
0.090354
0.090120
0.100496
0.093504
0.096701
0.094007
0.099554
0.095451
0.091970
0.091593
0.089298
0.090973
0.098288
0.102070
0.099499
0.104286
0.098394
0.097431
0.097672
0.097026
0.098909
0.094367
0.094880
0.091478
0.092027
0.093400
0.098289
0.097328
0.083806
0.085222
0.108779
0.095880
0.080031
0.103076
0.087851
0.093897
0.095271
0.092916
0.092527
0.099182
0.101041
0.100172
0.093737
0.093042
0.098186
0.088299
0.092153
0.079999
0.093770
0.086181
0.093314
0.089812
0.092742
0.089817
0.089909
0.091046
0.094474
0.099703
0.099976
0.093801
0.092410
0.085914
0.079689
0.074056
0.098685
0.087693
0.086939
0.083870
0.084195
0.087829
0.084987
0.083715
0.081452
0.081699
0.082037
0.072481
0.084443
0.079807
0.067601
0.078004
0.085378
0.089330
0.095633
0.088506
0.087822
0.076659
0.072337
0.075296
0.077765
0.072911
0.075374
0.072294
0.074115
0.073883
0.077604
0.078059
0.076963
0.074794
0.080737
0.117985
0.081955
0.084214
0.083567
0.067359
0.067609
0.068058
0.067714
0.078050
0.076716
0.075259
0.074250
0.074286
0.074085
0.076894
0.089722
0.078981
0.089365
0.084179
0.084404
0.073446
0.073513
0.071728
0.072638
0.072714
0.076011
0.077065
0.081646
0.084609
0.087521
0.088196
0.076913
0.084075
0.086196
0.078125
0.067043
0.068381
0.089389
0.095321
0.094963
0.091649
0.089748
0.092727
0.094510
0.097816
0.093628
0.098613
0.080843
0.088962
0.076989
0.090292
0.083373
0.068012
0.069282
0.058209
0.056243
0.053614
0.058888
0.057257
0.059168
0.054543
0.056386
0.056925
0.090847
0.096104
0.090066
0.084800
0.079194
0.079052
0.078321
0.080696
0.074548
0.061700
0.057257
0.048164
0.050041
0.047918
0.051391
0.053479
0.051285
0.049623
0.053696
0.052806
0.052317
0.051978
0.052368
0.052972
0.058702
0.059754
0.071739
0.073161
0.073892
0.073270
0.064927
0.067515
0.067535
0.069190
0.068421
0.071302
0.073123
0.074558
0.057770
0.058534
0.057139
0.058307
0.059891
0.056010
0.066567
0.067708
0.086208
0.086460
0.080045
0.078581
0.084373
0.087118
0.088589
0.098559
0.104384
0.099481
0.114404
0.096046
0.100041
0.087854
0.096300
0.090672
0.096305
0.097180
0.096781
0.096349
0.099324
0.102795
0.100615
0.093642
0.096782
0.098933
0.088077
0.090723
0.096470
0.097416
0.099242
0.091779
0.089095
0.085828
0.056380
0.053938
0.054211
0.053673
0.050738
0.050790
0.057111
0.058059
0.054296
0.057678
0.055542
0.053949
0.046177
0.048490
0.047358
0.046564
0.045430
0.049748
0.059614
0.052532
0.050301
0.058160
0.055178
0.044549
0.030995
0.032277
0.028100
0.033136
0.030963
0.032130
0.031087
0.041673
0.043515
0.041618
0.031730
0.035440
0.035730
0.036215
0.037192
0.036388
0.036616
0.035610
0.034338
0.033141
0.032223
0.031485
0.029045
0.027471
0.029430
0.029504
0.029856
0.027597
0.025864
0.027994
0.027180
0.026265
0.025475
0.025264
0.023920
0.024615
0.023440
0.022531
0.020591
0.020288
0.019977
0.020438
0.020852
0.020180
0.019731
0.019735
0.020840
0.022052
0.019388
0.018405
0.017602
0.016337
0.016484
0.017172
0.016730
0.015676
0.014460
0.013338
0.010819
0.009664
0.007308
0.006431
0.003710
0.001849
0.003692
0.005854
0.007614
0.009548
0.010994
0.011788
0.012387
0.013378
0.014639
0.015211
0.017939
0.112252
0.019947
0.021226
0.021641
0.020377
0.021785
0.021868
0.023049
0.022244
0.021792
0.022674
0.023387
0.023282
0.021608
0.020874
0.021856
0.021426
0.020867
0.021531
0.019688
0.021089
0.020911
0.022817
0.022740
0.023836
0.023507
0.026296
0.026690
0.027481
0.024715
0.031113
0.028026
0.026815
0.027545
0.024927
0.025217
0.029255
0.026856
0.025761
0.025845
0.025736
0.025992
0.025095
0.030011
0.027757
0.027116
0.027140
0.026304
0.026091
0.025571
0.024746
0.025139
0.024423
0.023644
0.024095
0.023513
0.023749
0.022888
0.023814
0.023129
0.023543
0.024558
0.025609
0.025561
0.026689
0.025940
0.026240
0.027652
0.027738
0.027447
0.027045
0.027555
0.027170
0.027099
0.026429
0.027312
0.027131
0.027789
0.029801
0.031302
0.031735
0.031040
0.031054
0.030767
0.034466
0.032788
0.034607
0.033679
0.034665
0.034084
0.034067
0.051074
0.035933
0.072737
0.037587
0.047063
0.046980
0.048795
0.044700
0.044205
0.048180
0.041841
0.045684
0.046462
0.052085
0.076825
0.044899
0.051701
0.050925
0.050116
0.046499
0.045115
0.046020
0.071835
0.072029
0.072506
0.071799
0.071853
0.072371
0.070292
0.069836
0.071054
0.071796
0.045102
0.072652
0.070628
0.069465
0.047173
0.048846
0.071052
0.052909
0.069440
0.071313
0.072970
0.071679
0.075912
0.077294
0.073050
0.062975
0.057137
0.059841
0.058864
0.056604
0.055007
0.055091
0.055968
0.055920
0.056259
0.056879
0.056798
0.055994
0.060299
0.059503
0.056976
0.058572
0.056381
0.054226
0.076853
0.133186
0.224530
0.354558
0.518015
0.331535
0.201111
0.105588
0.072526
0.099768
0.106526
0.108625
0.104185
0.107152
0.110874
0.102824
0.106113
0.100656
0.105822
0.104747
0.096310
0.095652
0.095049
0.097361
0.103286
0.108383
0.106577
0.128968
0.133003
0.127012
0.129648
0.129625
0.125677
0.123553
0.127540
0.123568
0.130634
0.118250
0.113144
0.112281
0.110405
0.111604
0.117348
0.111358
0.109773
0.109163
0.101521
0.119534
0.116968
0.113691
0.114174
0.098736
0.103935
0.108650
0.104634
0.110618
0.110537
0.115642
0.119701
0.119465
0.125958
0.119159
0.110891
0.111789
0.111030
0.113874
0.111098
0.125061
0.111045
0.116162
0.109764
0.102740
0.106225
0.101694
0.103199
0.098669
0.093949
0.095889
0.095460
0.100170
0.083012
0.082926
0.099177
0.087866
0.074806
0.082825
0.081079
0.080424
0.072834
0.081748
0.108119
0.095071
0.089567
0.101503
0.082191
0.085693
0.079219
0.078973
0.067247
0.066629
0.066966
0.076739
0.091159
0.160169
0.159364
0.155455
0.124290
0.123188
0.205714
0.184522
0.203714
0.375802
0.393204
0.456461
0.448954
0.404481
0.459357
0.317409
0.117910
0.119315
0.111054
0.149675
0.119203
0.123771
0.133923
0.138967
0.136485
0.123180
0.150524
0.155512
0.147277
0.156928
0.145195
0.145200
0.145959
0.146774
0.143341
0.143851
0.141772
0.147077
0.144648
0.149704
0.143436
0.139517
0.142778
0.136483
0.137135
0.136912
0.144285
0.141584
0.135962
0.142985
0.142201
0.162394
0.170660
0.161332
0.145716
0.139738
0.155126
0.153971
0.148593
0.134953
0.132730
0.140414
0.140173
0.132896
0.137272
0.131151
0.139272
0.135969
0.142339
0.145068
0.153658
0.164707
0.166090
0.160164
0.162494
0.165017
0.221507
0.357041
0.271604
0.462819
0.492131
0.335011
0.375775
0.158917
0.168266
0.166549
0.158285
0.162916
0.175829
0.175480
0.161385
0.169435
0.178614
0.174267
0.176268
0.178771
0.178762
0.181279
0.181257
0.181291
0.181296
0.181308
0.181308
