0.064098
0.063684
0.063861
0.065040
0.065454
0.065407
0.065726
0.065571
0.065036
0.066263
0.066008
0.066118
0.066662
0.066178
0.066565
0.066662
0.067189
0.066362
0.066444
0.065784
0.066568
0.066720
0.067481
0.067190
0.067545
0.066926
0.067828
0.068191
0.069152
0.070983
0.070198
0.071372
0.070258
0.069116
0.069993
0.070618
0.070871
0.070360
0.070784
0.068110
0.069075
0.068993
0.069361
0.069890
0.070133
0.069006
0.069899
0.068520
0.068487
0.067348
0.067716
0.067860
0.071743
0.069754
0.069851
0.070046
0.068962
0.068184
0.068280
0.067871
0.072118
0.071542
0.070209
0.069978
0.069923
0.070230
0.070379
0.070632
0.071724
0.070294
0.071174
0.070646
0.065823
0.070084
0.070266
0.070384
0.071460
0.070143
0.069836
0.068904
0.068612
0.068846
0.069532
0.068705
0.069689
0.070875
0.109919
0.103278
0.110210
0.101570
0.124174
0.109046
0.108809
0.106560
0.111883
0.114597
0.112099
0.116268
0.127202
0.113153
0.115009
0.112906
0.120457
0.108446
0.109089
0.122103
0.120899
0.122177
0.127291
0.127617
0.127057
0.125076
0.126034
0.125631
0.126353
0.134332
0.146049
0.127400
0.127244
0.127931
0.126356
0.128347
0.129034
0.126604
0.122515
0.126731
0.131153
0.130713
0.128859
0.129247
0.125338
0.139676
0.128855
0.137650
0.137670
0.129860
0.129413
0.130908
0.132238
0.131188
0.131911
0.128817
0.125550
0.126707
0.127055
0.123741
0.126402
0.126223
0.132997
0.132503
0.133419
0.111604
0.127915
0.112973
0.116692
0.113615
0.130159
0.117243
0.131007
0.111051
0.110912
0.121679
0.114231
0.137332
0.125484
0.133192
0.120896
0.124107
0.121643
0.125133
0.124097
0.066895
0.068031
0.065348
0.066214
0.065067
0.066662
0.073013
0.075321
0.068922
0.072493
0.072028
0.072524
0.072831
0.073120
0.073682
0.074161
0.073836
0.074257
0.070908
0.075480
0.076457
0.070631
0.082690
0.084318
0.084755
0.086724
0.086387
0.084249
0.084288
0.083064
0.082363
0.081351
0.081470
0.083975
0.081075
0.082766
0.084419
0.083545
0.083440
0.080048
0.079220
0.083194
0.080656
0.079104
0.077228
0.079810
0.080754
0.082295
0.080618
0.082949
0.082758
0.084703
0.085178
0.083809
0.083318
0.086487
0.086468
0.085689
0.082077
0.081744
0.081935
0.082911
0.082884
0.082130
0.081743
0.081752
0.082472
0.082401
0.081780
0.082780
0.082148
0.082404
0.082314
0.081771
0.081915
0.081760
0.081017
0.081438
0.080967
0.082234
0.081566
0.080830
0.080327
0.081088
0.098900
0.093149
0.081698
0.082089
0.081294
0.090316
0.084348
0.086037
0.079751
0.085869
0.084324
0.083765
0.076096
0.083535
0.083851
0.087409
0.089192
0.087651
0.086258
0.089281
0.090691
0.090533
0.098321
0.098505
0.102627
0.106713
0.105476
0.104029
0.105534
0.108227
0.105977
0.106654
0.105720
0.107051
0.079856
0.078818
0.078233
0.081552
0.082234
0.082015
0.082516
0.090663
0.079859
0.104129
0.090567
0.081117
0.111643
0.109629
0.093408
0.085899
0.094052
0.087222
0.084885
0.082357
0.080462
0.083156
0.082107
0.082925
0.082587
0.080660
0.082287
0.081889
0.082713
0.090377
0.090675
0.091785
0.082166
0.091102
0.091146
0.082425
0.082487
0.096030
0.096979
0.094950
0.097940
0.089666
0.083242
0.094631
0.094947
0.082004
0.083153
0.091878
0.089543
0.109787
0.109785
0.111946
0.111121
0.107969
0.111784
0.111017
0.109466
0.107955
0.111380
0.111954
0.112336
0.112123
0.113248
0.112689
0.108943
0.107468
0.109833
0.109721
0.109076
0.107793
0.108615
0.110537
0.109259
0.096824
0.108250
0.096652
0.099586
0.099326
0.102032
0.098547
0.096890
0.098001
0.098037
0.098873
0.093532
0.099682
0.093294
0.093796
0.098150
0.096675
0.099713
0.096521
0.096572
0.095089
0.093504
0.094532
0.094914
0.138177
0.264596
0.401286
0.481191
0.481209
0.481181
0.481173
0.481173
0.481171
0.481212
0.481212
0.481210
0.481209
0.394188
0.235278
0.100296
0.040811
0.041068
0.040667
0.040440
0.040492
0.040645
0.040753
0.040145
0.040940
0.041145
0.040803
0.040903
0.040722
0.040496
0.040498
0.040498
0.040824
0.040373
0.040489
0.040480
0.040332
0.040254
0.040344
0.043054
0.043110
0.043511
0.043032
0.042578
0.044008
0.043646
0.042908
0.042360
0.042644
0.042776
0.042953
0.043156
0.043012
0.043283
0.043308
0.043252
0.043138
0.043350
0.042957
0.043039
0.042879
0.042918
0.042947
0.042936
0.042920
0.042634
0.042914
0.042912
0.042995
0.043347
0.042938
0.042884
0.042901
0.042855
0.042935
0.043075
0.037241
0.037060
0.037003
0.037608
0.036871
0.039791
0.039618
0.039829
0.040476
0.040351
0.039930
0.045999
0.046338
0.046484
0.046742
0.047159
0.047210
0.047896
0.043313
0.043570
0.043583
0.043551
0.043676
0.048629
0.043480
0.043536
0.048345
0.043554
0.048342
0.048654
0.043416
0.043955
0.043604
0.043640
0.043628
0.043762
0.043616
0.048697
0.043842
0.043440
0.047775
0.048074
0.048034
0.048487
0.048493
0.048081
0.048206
0.047265
0.048486
0.048152
0.043787
0.101980
0.101884
0.100862
0.100708
0.101512
0.101893
0.102531
0.101581
0.100775
0.100587
0.101321
0.100515
0.100535
0.100967
0.101707
0.101679
0.101621
0.104057
0.102794
0.102818
0.101946
0.100428
0.101743
0.101282
0.102138
0.101631
0.101793
0.101950
0.100177
0.100448
0.100574
0.100753
0.099906
0.101146
0.101730
0.098026
0.095845
0.094651
0.093338
0.092975
0.093316
0.095974
0.098210
0.097089
0.096502
0.097978
0.096002
0.096329
0.094631
0.096234
0.099498
0.100617
0.089895
0.092751
0.092890
0.093442
0.094356
0.094021
0.095387
0.092583
0.087505
0.097035
0.090987
0.080526
0.080785
0.076098
0.079975
0.083464
0.084972
0.087161
0.088425
0.086525
0.087029
0.088713
0.087294
0.086336
0.093400
0.094271
0.093103
0.094333
0.093277
0.094695
0.090578
0.091335
0.090886
0.091526
0.091779
0.091714
0.094316
0.098308
0.091751
0.092914
0.095737
0.095645
0.097959
0.096236
0.099598
0.099021
0.100716
0.101027
0.096135
0.094882
0.097611
0.095520
0.095336
0.095608
0.095530
0.101777
0.099368
0.099896
0.101642
0.101572
0.102059
0.098799
0.098981
0.099075
0.100008
0.100808
0.102839
0.102803
0.102679
0.102590
0.099484
0.099699
0.101437
0.099846
0.101883
0.094841
0.101595
0.101479
0.101027
0.100059
0.101871
0.098685
0.098540
0.098418
0.100406
0.100002
0.103696
0.102885
0.103572
0.105808
0.106443
0.105503
0.106057
0.106555
0.106701
0.107347
0.106442
0.106247
0.106462
0.104784
0.106465
0.105759
0.104795
0.106066
0.104483
0.107350
0.105216
0.103275
0.106898
0.107045
0.107692
0.108469
0.107764
0.106348
0.107744
0.108612
0.106871
0.109532
0.106235
0.106215
0.103278
0.105297
0.105479
0.104759
0.103759
0.095848
0.100827
0.101086
0.091841
0.093826
0.090696
0.093870
0.093873
0.104581
0.104714
0.106981
0.106686
0.106492
0.106899
0.105977
0.106302
0.104274
0.104269
0.108202
0.108127
0.105951
0.105013
0.104993
0.105290
0.105071
0.103302
0.105266
0.105680
0.103361
0.103014
0.104952
0.101649
0.104030
0.104155
0.103803
0.103543
0.101983
0.101495
0.101601
0.101597
0.102097
0.102705
0.102261
0.102655
0.101132
0.099306
0.100492
0.099109
0.102870
0.103276
0.098040
0.098680
0.105352
0.104919
0.105152
0.105618
0.104146
0.105467
0.101014
0.099861
0.104613
0.106921
0.106860
0.106445
0.105965
0.103998
0.104237
0.104263
0.103738
0.099194
0.103673
0.102653
0.099115
0.102952
0.103351
0.103543
0.101549
0.101188
0.101719
0.101732
0.102274
0.100398
0.100786
0.100095
0.098891
0.098981
0.098779
0.100216
0.097482
0.099124
0.099250
0.100158
0.099945
0.101409
0.103058
0.099420
0.103663
0.104958
0.098147
0.099719
0.104104
0.106701
0.107717
0.105002
0.105771
0.105302
0.106115
0.106685
0.105056
0.104480
0.102792
0.104917
0.103064
0.103388
0.103500
0.105582
0.105773
0.106562
0.105583
0.105957
0.105947
0.109593
0.106130
0.107106
0.104237
0.105520
0.110326
0.110455
0.109860
0.110144
0.106500
0.103040
0.105982
0.105278
0.106331
0.104509
0.099566
0.104296
0.098746
0.099358
0.103877
0.103277
0.103496
0.105144
0.040860
0.040601
0.040743
0.041148
0.040831
0.040705
0.040291
0.040833
0.040602
0.040868
0.040851
0.039719
0.041011
0.040724
0.040620
0.040645
0.040691
0.040710
0.040658
0.040907
0.040628
0.041164
0.040668
0.040540
0.041003
0.041119
0.040575
0.040655
0.040428
0.040797
0.040408
0.040609
0.040561
0.040416
0.040578
0.040300
0.040489
0.040266
0.040566
0.040556
0.040912
0.041001
0.041197
0.040914
0.040675
0.041218
0.040879
0.041464
0.041402
0.040971
0.041154
0.041247
0.041382
0.047288
0.047097
0.047288
0.048737
0.046664
0.042729
0.043113
0.043093
0.047069
0.047589
0.048461
0.047742
0.047351
0.045705
0.045913
0.046359
0.045995
0.046267
0.045207
0.046133
0.046154
0.044214
0.049187
0.049409
0.044287
0.045556
0.042930
0.045402
0.049527
0.049515
0.046188
0.046154
0.046157
0.045955
0.046075
0.046068
0.046211
0.046198
0.043360
0.046021
0.045986
0.045929
0.045997
0.046000
0.045998
0.045918
0.046239
0.043173
0.149746
0.360955
0.481239
0.481239
0.481239
0.481239
0.481239
0.481239
0.481239
0.481239
0.481239
0.481239
0.481239
0.481239
0.366814
0.159765
0.047789
0.052201
0.059377
0.060559
0.060925
0.059202
0.060696
0.058454
0.056922
0.054282
0.053913
0.055309
0.045693
0.054780
0.060893
0.052666
0.052484
0.050255
0.048959
0.056550
0.045672
0.045309
0.044842
0.048970
0.059963
0.059210
0.052214
0.058000
0.049052
0.050418
0.046541
0.047971
0.049411
0.050432
0.050722
0.050017
0.050168
0.046854
0.047038
0.048295
0.048156
0.047766
0.047830
0.046868
0.045633
0.045036
0.043948
0.044243
0.047706
0.043996
0.055365
0.052934
0.043327
0.043256
0.048183
0.043162
0.057500
0.050964
0.048655
0.049231
0.047713
0.049795
0.049431
0.047731
0.048901
0.048855
0.048397
0.046257
0.046310
0.045931
0.046468
0.046654
0.045247
0.045056
0.045432
0.046879
0.046206
0.046181
0.045035
0.047484
0.044446
0.045779
0.046664
0.046105
0.043806
0.044439
0.044055
0.043366
0.043962
0.043885
0.043161
0.044590
0.103777
0.104476
0.105316
0.105608
0.105601
0.104933
0.104401
0.106974
0.107853
0.109461
0.106487
0.107027
0.109024
0.109315
0.105762
0.106989
0.103181
0.102890
0.097726
0.099534
0.103861
0.103869
0.107695
0.108190
0.109217
0.109129
0.123252
0.123953
0.120451
0.117866
0.117977
0.118557
0.117609
0.108650
0.112084
0.110413
0.106611
0.104359
0.105795
0.101954
0.101641
0.101019
0.100948
0.102995
0.101843
0.105036
0.101243
0.101694
0.101626
0.099238
0.099258
0.101076
0.101553
0.102868
0.109357
0.104349
0.091682
0.095698
0.100767
0.099641
0.092151
0.088688
0.041877
0.042494
0.042539
0.042972
0.043159
0.043352
0.043321
0.042472
0.034088
0.034396
0.041021
0.040711
0.036134
0.044229
0.044425
0.043666
0.042575
0.041662
0.042468
0.044617
0.044211
0.045101
0.044755
0.041874
0.041580
0.034260
0.034212
0.034273
0.034817
0.034167
0.033920
0.033551
0.032705
0.034235
0.035519
0.037593
0.038354
0.038284
0.043946
0.044218
0.043427
0.041485
0.046010
0.046790
0.047333
0.047019
0.046111
0.043315
0.044069
0.043327
0.044179
0.043389
0.044038
0.043731
0.044248
0.044049
0.044624
0.045125
0.045121
0.045612
0.045593
0.045581
0.045689
0.056564
0.059544
0.056441
0.056583
0.056977
0.056570
0.060077
0.058528
0.057523
0.057448
0.057265
0.057121
0.053787
0.054577
0.067860
0.068151
0.059554
0.059261
0.057675
0.057894
0.054575
0.054578
0.058268
0.057915
0.061451
0.061162
0.076357
0.075819
0.075115
0.075759
0.058472
0.058870
0.072718
0.073158
0.073230
0.073855
0.070815
0.070607
0.079413
0.079034
0.084642
0.084652
0.078253
0.075003
0.080119
0.080398
0.079970
0.079793
0.079721
0.079565
0.077852
0.077109
0.080146
0.081522
0.086675
0.087155
0.044750
0.044827
0.043682
0.042895
0.041976
0.043091
0.056378
0.055802
0.055298
0.052846
0.057295
0.057577
0.057334
0.057405
0.053033
0.053698
0.053591
0.053498
0.051760
0.051291
0.057126
0.056805
0.061842
0.061643
0.054519
0.054874
0.053693
0.054013
0.054122
0.054308
0.056009
0.056862
0.056301
0.057537
0.055677
0.055860
0.055182
0.055319
0.056154
0.058280
0.058570
0.059574
0.058714
0.058751
0.058362
0.059992
0.057094
0.056678
0.058938
0.054804
0.058800
0.058912
0.056379
0.060072
0.056602
0.056255
0.069975
0.069992
0.069744
0.069769
0.067208
0.070297
0.069963
0.069775
0.069922
0.067265
0.066115
0.066161
0.068452
0.072526
0.066865
0.069293
0.067121
0.068904
0.066980
0.067057
0.067292
0.066277
0.066553
0.068129
0.067235
0.067323
0.067083
0.067009
0.067270
0.067077
0.066998
0.066709
0.067173
0.066934
0.066491
0.066466
0.066708
0.067180
0.066855
0.065440
0.066185
0.065225
0.065846
0.065699
0.065463
0.065339
0.066801
0.065434
0.066402
0.066622
0.064877
0.066444
0.066782
0.066762
0.066793
0.067059
0.066371
0.066517
0.066469
0.066636
0.066303
0.066223
0.066813
0.066492
0.066253
0.066176
0.065748
0.066466
0.066457
0.065898
0.066080
0.065872
0.065284
0.065675
0.065915
0.064992
0.065310
0.064556
0.064643
0.064725
0.064719
0.064477
0.064041
0.062009
0.061470
0.062498
0.061998
0.061843
0.062090
0.060970
0.059073
0.060568
0.061155
0.060606
0.060256
0.060357
0.059186
0.059745
0.057646
0.059126
0.058505
0.058423
0.058738
0.059339
0.056178
0.056329
0.056003
0.058672
0.057650
0.056385
0.056886
0.055270
0.055944
0.055477
0.056055
0.056976
0.056504
0.057123
0.055555
0.054786
0.055852
0.056058
0.055846
0.055772
0.055645
0.054926
0.054132
0.055991
0.055590
0.055174
0.055386
0.055150
0.055081
0.054778
0.053215
0.054366
0.052686
0.039551
0.039548
0.043115
0.048697
0.045482
0.041212
0.031884
0.032353
0.029009
0.034917
0.037800
0.036109
0.051165
0.051615
0.043898
0.045272
0.053295
0.061226
0.052501
0.054793
0.046309
0.047148
0.056539
0.056253
0.052870
0.052837
0.054846
0.055315
0.056058
0.054618
0.055548
0.055598
0.052728
0.058539
0.067847
0.067595
0.066913
0.066697
0.067070
0.055551
0.057859
0.056303
0.056954
0.057157
0.057986
0.055909
0.052103
0.057290
0.059209
0.059181
0.063302
0.054438
0.064126
0.064493
0.090865
0.087908
0.100084
0.029594
0.029557
0.029422
0.030980
0.031010
0.030392
0.029915
0.030822
0.030408
0.030660
0.032592
0.033672
0.034884
0.034880
0.034626
0.034471
0.034066
0.033933
0.036422
0.043340
0.043162
0.044517
0.043881
0.043441
0.042758
0.039956
0.042251
0.042090
0.043280
0.044919
0.044954
0.045140
0.044118
0.044040
0.043261
0.034705
0.035889
0.036345
0.033955
0.034527
0.035197
0.035177
0.034311
0.033883
0.034300
0.034521
0.034782
0.035513
0.035332
0.035763
0.036319
0.034826
0.037486
0.038622
0.039185
0.038864
0.041083
0.038516
0.044657
0.043645
0.042910
0.047397
0.045390
0.043735
0.043600
0.044732
0.045855
0.045048
0.042924
0.043738
0.043286
0.043693
0.043174
0.043413
0.046716
0.046051
0.044690
0.043961
0.044905
0.045375
0.136036
0.358137
0.481196
0.481197
0.481197
0.481260
0.481260
0.481260
0.481260
0.481260
0.481260
0.481260
0.481260
0.481260
0.390358
0.218713
0.111041
0.111731
0.111775
0.106224
0.112157
0.113042
0.114400
0.112684
0.109746
0.108931
0.111654
0.101004
0.102827
0.097954
0.113265
0.106276
0.130770
0.130928
0.144194
0.142304
0.141635
0.142605
0.143241
0.145235
0.151091
0.167075
0.165810
0.154778
0.171391
0.169388
0.169698
0.171527
0.170739
0.173007
0.181943
0.177226
0.174314
0.190656
0.191584
0.173107
0.177054
0.186833
0.186836
0.190654
0.192262
0.070770
0.070331
0.070328
0.071624
0.071660
0.074343
0.075273
0.074983
0.077917
0.065856
0.072560
0.075022
0.074752
0.071166
0.067805
0.071600
0.080704
0.082384
0.076295
0.075477
0.084766
0.081730
0.070946
0.070977
0.064806
0.071581
0.070043
0.069294
0.071963
0.072055
0.069651
0.070157
0.070556
0.072420
0.073135
0.072535
0.072560
0.073488
0.074976
0.059910
0.066633
0.067149
0.065544
0.065838
0.063328
0.063616
0.063658
0.060191
0.067760
0.066493
0.069063
0.069055
0.059376
0.060360
0.060624
0.061958
0.062303
0.057608
0.060518
0.058941
0.059206
0.059005
0.059565
0.060252
0.062731
0.059782
0.059752
0.069536
0.067138
0.067311
0.066696
0.066848
0.066029
0.066521
0.067327
0.068693
0.069220
0.067772
0.067528
0.066801
0.066553
0.067635
0.067994
0.066464
0.066944
0.066273
0.066321
0.067282
0.065684
0.058235
0.067081
0.067292
0.066397
0.066256
0.066671
0.067080
0.066996
0.066238
0.066112
0.066390
0.066768
0.066814
0.066554
0.067453
0.066329
0.065314
0.065426
0.064848
0.065058
0.064749
0.065863
0.065873
0.064684
0.065416
0.064896
0.065675
0.065782
0.064445
0.064466
0.062654
0.063548
0.063627
0.063643
0.062080
0.062363
0.061532
0.061178
0.060740
0.060801
0.061224
0.039536
0.039052
0.039961
0.039560
0.041031
0.040456
0.040773
0.039893
0.039664
0.040239
0.038384
0.038401
0.039564
0.038600
0.038581
0.039118
0.039159
0.039197
0.039301
0.039429
0.039607
0.039490
0.041198
0.040200
0.040325
0.038928
0.039969
0.040131
0.040000
0.040430
0.039862
0.039857
0.041052
0.039237
0.038519
0.040029
0.039709
0.039915
0.037609
0.039060
0.037711
0.037652
0.039497
0.038488
0.036655
0.037941
0.037856
0.041054
0.039243
0.036953
0.038773
0.038692
0.039555
0.039241
0.039691
0.039629
0.039882
0.040448
0.035111
0.039640
0.036599
0.036468
0.037415
0.037112
0.037213
0.036054
0.036370
0.037019
0.037627
0.064792
0.059600
0.060343
0.060298
0.059516
0.060059
0.060029
0.062009
0.062007
0.061512
0.061343
0.062819
0.063060
0.064063
0.063905
0.064822
0.063314
0.062993
0.063060
0.062139
0.063975
0.063341
0.065071
0.065931
0.062942
0.063666
0.063053
0.063159
0.063147
0.063999
0.063911
0.064339
0.064273
0.064291
0.063680
0.064212
0.064062
0.063847
0.063891
0.064562
0.064064
0.064612
0.064136
0.064231
0.062833
0.066839
0.067266
0.068916
0.068335
0.065214
0.067991
0.069347
0.070016
0.070124
0.070896
0.071029
0.071417
0.068333
0.072097
0.068328
0.068820
0.068457
0.069423
0.069328
0.069711
0.072827
0.069170
0.073804
0.073512
0.073351
0.073489
0.074109
0.065694
0.065866
0.065530
0.065810
0.052314
0.052980
0.052816
0.053331
0.050099
0.050559
0.049545
0.049604
0.048767
0.050920
0.048817
0.051248
0.051438
0.049964
0.052026
0.050376
0.054302
0.054137
0.059792
0.052255
0.055001
0.047080
0.046953
0.048055
0.046720
0.052287
0.050691
0.051179
0.049527
0.050168
0.053424
0.052386
0.051947
0.050525
0.048928
0.048875
0.049676
0.048292
0.049000
0.051353
0.051172
0.055042
0.053668
0.050101
0.058557
0.054592
0.049590
0.049259
0.059788
0.059906
0.061504
0.060358
0.052464
0.053322
0.053429
0.064123
0.065272
0.067040
0.069448
0.069485
0.073284
0.096399
0.075735
0.091764
0.091784
0.083395
0.082856
0.081210
0.084990
0.085519
0.083837
0.069929
0.071426
0.070283
0.070671
0.068991
0.075354
0.075767
0.073669
0.073766
0.074649
0.061754
0.065707
0.069827
0.068912
0.061012
0.063198
0.060885
0.064690
0.064664
0.056753
0.086386
0.070041
0.065224
0.065027
0.066773
0.052471
0.050604
0.048934
0.045268
0.044608
0.052964
0.056045
0.067496
0.063247
0.067119
0.066783
0.066778
0.066878
0.067056
0.067247
0.067304
0.067132
0.066971
0.066835
0.066815
0.066472
0.067127
0.069682
0.069620
0.068868
0.068901
0.067882
0.067913
0.068087
0.067943
0.067021
0.066835
0.067401
0.067591
0.066345
0.066435
0.066156
0.066402
0.065774
0.065629
0.065739
0.065784
0.065291
0.065731
0.064678
0.064908
0.065807
0.065934
0.065264
0.065212
0.065946
0.065620
0.066634
0.066543
0.066333
0.066107
0.066176
0.065496
0.066136
0.065211
0.065255
0.065648
0.065181
0.058932
0.058955
0.059647
0.061651
0.065960
0.065872
0.066861
0.065725
0.065920
0.065598
0.065613
0.065539
0.065141
0.064997
0.065107
0.065110
0.067000
0.066432
0.066957
0.067036
0.066178
0.066710
0.066373
0.066878
0.066440
0.066450
0.066640
0.066502
0.065053
0.064972
0.063642
0.063605
0.064123
0.064337
0.062799
0.062858
0.062384
0.062453
0.063008
0.063211
0.062835
0.129555
0.353555
0.481477
0.481477
0.481477
0.481477
0.481477
0.481477
0.481480
0.481480
0.481480
0.481480
0.481480
0.481480
0.356823
0.140303
0.061289
0.063549
0.055227
0.055114
0.060270
0.060131
0.060514
0.056212
0.054919
0.054146
0.053722
0.054633
0.054465
0.053185
0.053929
0.054780
0.053762
0.055945
0.057705
0.057451
0.057962
0.055746
0.055662
0.052593
0.053090
0.053333
0.057071
0.052312
0.045085
0.043892
0.043518
0.035461
0.032699
0.032946
0.031495
0.031526
0.028917
0.025037
0.024718
0.025197
0.025565
0.024052
0.026868
0.022947
0.029959
0.029960
0.035176
0.035490
0.037519
0.038314
0.038384
0.043949
0.042584
0.045103
0.025660
0.025706
0.026477
0.029086
0.034830
0.065412
0.065418
0.059426
0.061008
0.062054
0.065917
0.067080
0.064729
0.068555
0.070735
0.060477
0.060724
0.066598
0.054635
0.083075
0.078963
0.079295
0.073363
0.145657
0.151385
0.155298
0.156665
0.156544
0.153522
0.149297
0.147404
0.149988
0.150024
0.149543
0.143106
0.140846
0.141014
0.143572
0.139370
0.147340
0.144301
0.104550
0.105262
0.105240
0.150958
0.148721
0.192009
0.189614
0.172489
0.145787
0.146138
0.145767
0.144472
0.134355
0.134427
0.143754
0.136354
0.136032
0.134577
0.155460
0.167450
0.167765
0.157158
0.155837
0.163392
0.163458
0.170431
0.161948
0.169821
0.168431
0.141034
0.163969
0.169940
0.170018
0.169918
0.167803
0.171146
0.164536
0.126987
0.161218
0.168597
0.165831
0.159638
0.161798
0.120170
0.157706
0.169174
0.169473
0.167579
0.171724
0.160659
0.157758
0.161221
0.154109
0.153020
0.148412
0.117665
0.154281
0.115143
0.109502
0.107262
0.114257
0.111839
0.114644
0.155007
0.113127
0.111127
0.101361
0.108235
0.145703
0.117014
0.113311
0.117529
0.106840
0.114767
0.067245
0.111944
0.110680
0.050178
0.105831
0.106731
0.106613
0.106617
0.106514
0.115747
0.113154
0.107346
0.105759
0.115956
0.115281
0.116836
0.101898
0.101976
0.105064
0.104285
0.104265
0.123567
0.125835
0.104520
0.098916
0.098619
0.100109
0.100331
0.091131
0.091448
0.090993
0.090293
0.090331
0.090677
0.087729
0.100886
0.099683
0.098622
0.096750
0.122902
0.099747
0.097660
0.097660
0.097332
0.102359
0.102181
0.089058
0.090041
0.089583
0.075641
0.079158
0.083860
0.084241
0.084784
0.085393
0.078853
0.077016
0.077661
0.077630
0.074474
0.075274
0.068740
0.068506
0.066406
0.070462
0.070061
0.068882
0.068867
0.064249
0.065781
0.062117
0.062086
0.062192
0.062241
0.056605
0.058906
0.067577
0.067890
0.067802
0.066424
0.066756
0.060909
0.060922
0.058653
0.059684
0.059151
0.057653
0.062359
0.060000
0.057971
0.036369
0.035494
0.035892
0.041295
0.036248
0.041375
0.105293
0.105205
0.112255
0.113226
0.107289
0.112217
0.114860
0.114302
0.113161
0.113284
0.063156
0.063271
0.056709
0.051024
0.056389
0.052078
0.052685
0.054762
0.067746
0.071955
0.043918
0.044261
0.041736
0.045498
0.050403
0.048699
0.048083
0.048886
0.057534
0.051570
0.049605
0.049493
0.055450
0.052022
0.046612
0.042935
0.042411
0.101854
0.093414
0.089977
0.088090
0.086938
0.068366
0.065614
0.065245
0.061544
0.062029
0.058901
0.058374
0.065272
0.058449
0.058422
0.056434
0.125048
0.121935
0.123342
0.122812
0.105475
0.120977
0.121483
0.112611
0.112712
0.107708
0.110507
0.110109
0.104014
0.104020
0.108234
0.055300
0.061984
0.053345
0.051871
0.052521
0.055028
0.051669
0.056236
0.057030
0.056621
0.049865
0.052656
0.053623
0.050169
0.056209
0.057646
0.058569
0.053774
0.058681
0.053457
0.052959
0.053368
0.126678
0.133369
0.133442
0.119427
0.126620
0.125744
0.132302
0.133745
0.133221
0.133010
0.134824
0.123641
0.123483
0.119598
0.119944
0.126920
0.120373
0.116614
0.127368
0.122488
0.126964
0.126962
0.126659
0.128950
0.125976
0.123470
0.067515
0.066676
0.066275
0.066260
0.066668
0.066948
0.067539
0.067495
0.067495
0.067495
0.067498
0.067855
0.068171
0.067836
0.067550
0.067019
0.067352
0.067369
0.067788
0.067822
0.068674
0.064683
0.067420
0.067601
0.065297
0.064327
0.067542
0.068844
0.068949
0.064090
0.064274
0.064184
0.064392
0.064316
0.064264
0.065605
0.063283
0.064918
0.064133
0.066066
0.063747
0.066709
0.066153
0.066858
0.066862
0.066444
0.066138
0.067959
0.070016
0.077114
0.076403
0.076353
0.071462
0.071489
0.072310
0.072149
0.071645
0.072431
0.071415
0.074083
0.076128
0.076631
0.075561
0.076005
0.076475
0.076508
0.076865
0.078252
0.077063
0.077218
0.075021
0.123074
0.252310
0.398779
0.481480
0.481480
0.481480
0.481480
0.481480
0.481480
0.481480
0.481480
0.481480
0.481480
0.382432
0.207180
0.065328
0.109932
0.110197
0.107215
0.107541
0.107169
0.106762
0.107785
0.110376
0.110760
0.108166
0.111374
0.110491
0.110351
0.108728
0.109786
0.108633
0.108108
0.107016
0.107089
0.106663
0.106167
0.098499
0.097862
0.099141
0.098987
0.097250
0.098877
0.101297
0.102071
0.102551
0.103958
0.106148
0.107022
0.063864
0.063869
0.051943
0.078444
0.069497
0.072145
0.071218
0.069909
0.082591
0.078579
0.064518
0.066569
0.071618
0.070111
0.069082
0.073128
0.070560
0.068748
0.071240
0.073329
0.078694
0.076199
0.077525
0.082624
0.078697
0.075462
0.075292
0.077176
0.075994
0.080194
0.059951
0.058743
0.067206
0.071038
0.068945
0.072655
0.085791
0.073450
0.077465
0.069964
0.093388
0.090731
0.110122
0.072331
0.089720
0.107231
0.105695
0.103404
0.105180
0.073508
0.096921
0.097009
0.096413
0.077824
0.085302
0.078281
0.082906
0.073842
0.078262
0.082449
0.077761
0.075135
0.073933
0.077408
0.073697
0.075409
0.074535
0.077167
0.076783
0.080490
0.070736
0.070906
0.069831
0.073964
0.080574
0.068835
0.068877
0.048788
0.050193
0.051991
0.047824
0.047809
0.051092
0.048005
0.051079
0.050186
0.049814
0.052130
0.074638
0.076407
0.080810
0.083115
0.079740
0.072675
0.069516
0.070229
0.070939
0.061603
0.061784
0.061949
0.093749
0.096183
0.097640
0.079000
0.080638
0.100880
0.079039
0.067063
0.073860
0.074155
0.063223
0.065159
0.064661
0.066994
0.066989
0.066626
0.065379
0.065957
0.073987
0.073996
0.097986
0.056048
0.075811
0.003082
0.003042
0.000000
0.000866
0.000909
0.001492
0.001695
0.002668
0.002201
0.002206
0.004310
0.006029
0.009508
0.009930
0.009920
0.009063
0.010795
0.010535
0.012686
0.012731
0.013588
0.050562
0.053843
0.042315
0.050083
0.046094
0.045122
0.045736
0.046168
0.043920
0.043864
0.044832
0.048868
0.045115
0.045012
0.043362
0.043787
0.043430
0.043951
0.044177
0.048263
0.046232
0.046559
0.048534
0.054194
0.052405
0.050630
0.051188
0.048692
0.055514
0.055725
0.053764
0.044396
0.044527
0.042965
0.042867
0.044469
0.045448
0.045504
0.048879
0.043083
0.046759
0.046640
0.046917
0.046457
0.049018
0.069945
0.069832
0.069845
0.069978
0.069541
0.069930
0.069842
0.069862
0.068297
0.069797
0.070084
0.069782
0.069535
0.069760
0.074243
0.074137
0.074124
0.074127
0.074131
0.074132
0.069762
0.066211
0.075609
0.075514
0.076434
0.074866
0.079322
0.078382
0.078536
0.078538
0.078623
0.079890
0.080010
0.080001
0.083115
0.080934
0.077862
0.077862
0.077862
0.077899
0.077754
0.082758
0.084338
0.093364
0.083814
0.083757
0.095146
0.098437
0.098372
0.098376
0.098639
0.099192
0.128514
0.128364
0.127895
0.133482
0.130992
0.130869
0.126851
0.132104
0.060491
0.066550
0.063087
0.059452
0.063085
0.058292
0.060927
0.062868
0.054169
0.054014
0.053074
0.069954
0.060928
0.066574
0.066486
0.061304
0.063884
0.063833
0.065053
0.064840
0.063047
0.059177
0.073428
0.070934
0.070869
0.067803
0.066331
0.071677
0.071965
0.071698
0.065703
0.070881
0.070121
0.063513
0.067560
0.067943
0.051367
0.049334
0.049003
0.048023
0.047326
0.047225
0.049454
0.049086
0.061873
0.063047
0.052471
0.050926
0.050513
0.050998
0.053615
0.053848
0.054311
0.055164
0.051995
0.057295
0.051992
0.059353
0.059372
0.060471
0.088692
0.097737
0.094526
0.097133
0.078819
0.076543
0.076534
0.078714
0.079409
0.085477
0.071666
0.071569
0.067879
0.065141
0.065375
0.067420
0.067560
0.065814
0.065559
0.067741
0.073431
0.109429
0.097705
0.056511
0.065756
0.089232
0.091148
0.090720
0.096759
0.095814
0.095925
0.096534
0.096020
0.096898
0.096719
0.101277
0.101278
0.101554
0.101184
0.101513
0.101518
0.100780
0.101230
0.095537
0.097841
0.096547
0.095573
0.093060
0.101196
0.096962
0.096980
0.101581
0.097131
0.096750
0.097102
0.097366
0.091809
0.091160
0.097298
0.090096
0.092012
0.112287
0.112235
0.111689
0.111140
0.111573
0.111425
0.110716
0.112089
0.110808
0.110654
0.110734
0.110720
0.111101
0.111302
0.111471
0.111860
0.111707
0.112445
0.111959
0.111743
0.111066
0.112586
0.112591
0.112668
0.112488
0.112236
0.110822
0.111841
0.111586
0.111303
0.111395
0.111775
0.111728
0.086384
0.093336
0.098009
0.096182
0.087320
0.094962
0.092813
0.090618
0.094017
0.089316
0.092451
0.082973
0.074238
0.096609
0.097029
0.096235
0.097261
0.095636
0.093557
0.092537
0.095221
0.103594
0.085374
0.090446
0.068409
0.081871
0.102408
0.102094
0.098954
0.083460
0.098573
0.087960
0.101806
0.101257
0.098857
0.095548
0.105660
0.091061
0.086105
0.091478
0.090787
0.086399
0.080128
0.090622
0.091302
0.079631
0.097969
0.099635
0.096220
0.102909
0.101095
0.065084
0.121633
0.117718
0.119509
0.118911
0.118473
0.115835
0.119120
0.115679
0.124979
0.121553
0.128004
0.130645
0.136557
0.138214
0.130526
0.084719
0.094853
0.106834
0.099837
0.103783
0.092780
0.079792
0.082061
0.082895
0.082087
0.088643
0.087438
0.091775
0.093402
0.090986
0.094649
0.092202
0.100674
0.099522
0.137887
0.116494
0.138858
0.133371
0.110331
0.117723
0.113342
0.128945
0.115630
0.107491
0.100361
0.121146
0.109992
0.115286
0.119076
0.102608
0.121425
0.108665
0.128996
0.112904
0.119702
0.118572
0.123141
0.123137
0.115711
0.107896
0.106765
0.107390
0.107739
0.107183
0.117292
0.112596
0.109761
0.109954
0.087629
0.087732
0.087969
0.091632
0.092048
0.088444
0.088442
0.087986
0.087851
0.091391
0.088058
0.087876
0.087903
0.087358
0.087353
0.086984
0.087247
0.087364
0.087409
0.087425
0.087331
0.087327
0.087251
0.087251
0.086681
0.086785
0.086871
0.087404
0.086700
0.087137
0.087562
0.087623
0.087151
0.087366
0.087310
0.087323
0.087316
0.086885
0.086882
0.086882
0.086921
0.085768
0.085732
0.085698
0.085756
0.085803
0.087557
0.087281
0.087142
0.087035
0.087167
0.087167
0.087189
0.086504
0.087222
0.087250
0.087241
0.087241
0.087197
0.087007
0.088315
0.087776
0.087772
0.086971
0.087439
0.087442
0.087431
0.086619
0.086706
0.086706
0.086706
0.086683
0.086719
0.086716
0.086716
0.086741
0.086925
0.086690
0.086690
0.086759
0.086833
0.086848
0.086848
0.086789
0.086838
0.087021
0.087169
0.086951
0.086356
0.087059
0.087007
0.084945
0.082343
0.079742
0.086883
0.088982
0.089014
0.092970
0.097751
0.102036
0.125669
0.125669
0.125670
0.125670
0.125670
0.125670
0.125670
0.125669
0.125670
0.125670
0.125670
0.125670
0.125670
0.125670
0.125670
0.125670
0.125670
0.125670
0.125670
0.125670
0.125670
0.125670
0.125670
0.125670
0.125670
0.125670
0.125670
0.125670
0.125670
0.125670
0.125670
0.125670
0.125670
0.125670
0.125670
0.125670
0.125670
0.125670
0.125670
0.125670
0.125670
0.125670
0.125670
0.125670
