0.119965
0.120687
0.128768
0.127987
0.122064
0.129498
0.127440
0.127683
0.120415
0.122230
0.121079
0.120689
0.121684
0.121969
0.122301
0.122201
0.121513
0.120505
0.122281
0.121725
0.123674
0.124265
0.117651
0.117627
0.122784
0.117560
0.122966
0.133017
0.133155
0.129267
0.120655
0.133172
0.132080
0.123566
0.130668
0.137110
0.124972
0.107840
0.111228
0.110566
0.109950
0.111001
0.111064
0.122988
0.121618
0.111417
0.112342
0.118498
0.131584
0.135836
0.135731
0.134060
0.128405
0.129254
0.113748
0.115992
0.127773
0.117841
0.122050
0.120766
0.123985
0.117166
0.123193
0.117279
0.112922
0.113844
0.113028
0.115676
0.114691
0.112844
0.111400
0.113041
0.112975
0.107764
0.109155
0.112672
0.108387
0.111313
0.105168
0.114953
0.103282
0.106423
0.109946
0.143785
0.142011
0.104185
0.116752
0.108294
0.128720
0.143032
0.125602
0.136024
0.127066
0.149056
0.145824
0.149209
0.146912
0.148493
0.129405
0.129013
0.124387
0.128393
0.125857
0.127271
0.123011
0.125501
0.117519
0.118000
0.147194
0.135541
0.106000
0.127044
0.105237
0.125766
0.127894
0.105079
0.139161
0.096521
0.101439
0.101723
0.078943
0.086135
0.060671
0.055635
0.082163
0.078209
0.081403
0.105491
0.106645
0.084823
0.058517
0.056124
0.075708
0.091103
0.098841
0.094302
0.091446
0.089088
0.086931
0.083527
0.082890
0.084686
0.082186
0.075673
0.079191
0.079265
0.076122
0.086193
0.086806
0.083987
0.084375
0.083500
0.085404
0.085392
0.091090
0.082427
0.067345
0.079261
0.074607
0.083385
0.078297
0.078129
0.067878
0.080580
0.079384
0.082709
0.084306
0.082527
0.083608
0.089166
0.087477
0.084185
0.086266
0.083772
0.081440
0.082377
0.077062
0.086971
0.098992
0.082655
0.082706
0.082115
0.081962
0.081313
0.089674
0.101118
0.101356
0.104897
0.101960
0.100254
0.100845
0.098094
0.101139
0.103822
0.103294
0.103310
0.098859
0.100967
0.101564
0.102011
0.112356
0.114848
0.099969
0.115644
0.104537
0.101872
0.106034
0.104466
0.110426
0.104233
0.105822
0.098797
0.114061
0.106833
0.098015
0.107731
0.105584
0.104790
0.108271
0.136517
0.134709
0.133921
0.133697
0.131399
0.128918
0.125821
0.118935
0.119269
0.122414
0.124631
0.110488
0.123579
0.123238
0.121797
0.121037
0.121589
0.123341
0.121048
0.127296
0.138412
0.142847
0.143969
0.145749
0.192680
0.140219
0.145135
0.144756
0.101506
0.102318
0.131676
0.107809
0.106518
0.096535
0.098965
0.093837
0.096000
0.104724
0.106326
0.115458
0.105118
0.105392
0.116189
0.104189
0.099256
0.098568
0.097884
0.101423
0.101199
0.101437
0.097525
0.101323
0.101415
0.102106
0.095369
0.101403
0.096545
0.102209
0.102290
0.102764
0.122131
0.122008
0.116643
0.119763
0.152309
0.144683
0.146433
0.114638
0.112514
0.112411
0.111882
0.119078
0.118644
0.118489
0.119338
0.112143
0.124404
0.147148
0.117141
0.114618
0.118826
0.122973
0.125786
0.123250
0.123475
0.121432
0.118269
0.118037
0.116980
0.119459
0.115381
0.125118
0.125475
0.117985
0.118300
0.118142
0.115760
0.115967
0.113837
0.090975
0.090589
0.086562
0.091717
0.085382
0.082416
0.063227
0.062329
0.079422
0.073813
0.073860
0.061723
0.062711
0.061963
0.058848
0.062601
0.075456
0.076922
0.063312
0.072677
0.063702
0.075492
0.062229
0.063051
0.064200
0.068569
0.066905
0.063029
0.066197
0.063790
0.139498
0.136803
0.135692
0.136799
0.133280
0.110677
0.106338
0.096798
0.097900
0.095749
0.098513
0.099790
0.096652
0.098976
0.097587
0.105039
0.105191
0.104862
0.105030
0.104967
0.104858
0.105077
0.104591
0.104779
0.105779
0.104470
0.104401
0.104264
0.104062
0.104507
0.103889
0.103093
0.101970
0.102605
0.101884
0.108955
0.113301
0.112500
0.112040
0.112412
0.112538
0.111938
0.111922
0.110162
0.112292
0.112212
0.110809
0.110691
0.112264
0.111729
0.111985
0.111621
0.112314
0.111518
0.112296
0.112208
0.112349
0.111409
0.114007
0.113415
0.111626
0.111715
0.110282
0.112333
0.109942
0.111089
0.111920
0.112174
0.111481
0.113182
0.112136
0.110491
0.110945
0.111584
0.110963
0.110271
0.109838
0.111710
0.111623
0.112017
0.111170
0.111547
0.111535
0.111567
0.112158
0.111623
0.111603
0.111710
0.110011
0.110546
0.111179
0.111182
0.109619
0.110022
0.110002
0.109882
0.109994
0.110172
0.110128
0.109458
0.110305
0.110092
0.110099
0.110018
0.109916
0.110152
0.110062
0.110045
0.109897
0.112749
0.109798
0.103539
0.103514
0.102202
0.103485
0.105249
0.105920
0.105163
0.105187
0.105398
0.104677
0.104546
0.104752
0.104790
0.104713
0.104658
0.104903
0.111044
0.108149
0.111729
0.097570
0.098326
0.090763
0.099201
0.095198
0.099492
0.093997
0.095701
0.094858
0.099848
0.108111
0.108695
0.109349
0.114222
0.108752
0.107821
0.112104
0.107171
0.106376
0.105686
0.105220
0.110408
0.111021
0.111531
0.109974
0.111992
0.108543
0.110101
0.111165
0.112751
0.107448
0.108870
0.108264
0.104758
0.105006
0.105010
0.104881
0.104630
0.104609
0.104287
0.107009
0.105065
0.117547
0.118879
0.116440
0.116696
0.106630
0.104113
0.106768
0.106207
0.108342
0.115857
0.117211
0.110256
0.109700
0.107168
0.099177
0.102334
0.099125
0.105949
0.105786
0.105322
0.105450
0.102189
0.094189
0.093837
0.095265
0.095132
0.096242
0.098657
0.094582
0.093368
0.099541
0.097548
0.100883
0.097281
0.096377
0.095292
0.092882
0.094831
0.096016
0.097921
0.104702
0.112402
0.101186
0.099216
0.090700
0.107715
0.112568
0.111448
0.108976
0.108228
0.102245
0.115207
0.105768
0.109617
0.111116
0.112920
0.104895
0.117377
0.115900
0.112686
0.112255
0.096431
0.014049
0.014000
0.014130
0.013652
0.014134
0.013399
0.012808
0.009790
0.008848
0.009584
0.012419
0.011091
0.008728
0.006210
0.003573
0.000615
0.000594
0.000588
0.000540
0.000585
0.000652
0.000746
0.000689
0.000725
0.000786
0.000857
0.000882
0.000973
0.000917
0.000827
0.000741
0.000695
0.000720
0.000700
0.000605
0.000600
0.000634
0.000579
0.000589
0.000675
0.000624
0.000639
0.000677
0.000655
0.000633
0.000677
0.000620
0.000655
0.000592
0.000553
0.000506
0.000532
0.000579
0.000620
0.000688
0.000644
0.000654
0.000570
0.000436
0.000322
0.000197
0.000118
0.000000
0.000181
0.000410
0.000520
0.000686
0.000830
0.000896
0.000992
0.001088
0.001168
0.001225
0.001408
0.001519
0.001533
0.001639
0.001779
0.001923
0.002047
0.002035
0.002215
0.002283
0.002388
0.002385
0.002436
0.002458
0.002431
0.002491
0.002386
0.002255
0.002047
0.002021
0.001800
0.001700
0.001508
0.001440
0.001436
0.001434
0.001442
0.001371
0.001324
0.001387
0.001531
0.001816
0.001967
0.002048
0.001969
0.002072
0.002175
0.002199
0.002362
0.002387
0.002376
0.002529
0.002630
0.002706
0.002742
0.002782
0.002822
0.002679
0.002724
0.002694
0.002523
0.002577
0.002580
0.002641
0.002609
0.002615
0.002645
0.002572
0.002497
0.002392
0.002481
0.002507
0.002492
0.002556
0.002565
0.002551
0.002443
0.002442
0.002309
0.002262
0.002216
0.002311
0.002311
0.002431
0.002458
0.002643
0.002769
0.002644
0.002649
0.002607
0.002670
0.002593
0.002517
0.002506
0.002492
0.002489
0.002393
0.002294
0.002287
0.002309
0.002353
0.002357
0.002421
0.002527
0.002376
0.002442
0.002370
0.002218
0.002206
0.002319
0.002378
0.002444
0.002390
0.002397
0.002478
0.002583
0.002537
0.002261
0.002175
0.002072
0.002084
0.001962
0.001948
0.002121
0.001888
0.001973
0.002261
0.001812
0.001987
0.001966
0.002120
0.002333
0.002546
0.002656
0.002596
0.002686
0.002889
0.002863
0.002759
0.002625
0.002467
0.002494
0.002407
0.002126
0.002202
0.002038
0.002262
0.002135
0.002218
0.002014
0.002016
0.002363
0.002299
0.002142
0.002095
0.002069
0.001946
0.002023
0.002258
0.002365
0.002360
0.002317
0.002132
0.001868
0.001735
0.001715
0.001778
0.001786
0.001773
0.001772
0.001787
0.001856
0.001894
0.001862
0.001831
0.001872
0.001873
0.001818
0.001805
0.001886
0.001958
0.001948
0.001790
0.001855
0.002003
0.001993
0.001994
0.002104
0.002227
0.002320
0.002421
0.002719
0.005388
0.101168
0.099874
0.105781
0.104248
0.106465
0.101857
0.103836
0.099001
0.104179
0.103802
0.103958
0.104406
0.104614
0.107220
0.104263
0.102059
0.105579
0.107073
0.101412
0.098919
0.098585
0.098264
0.097895
0.097435
0.093774
0.094084
0.092033
0.096820
0.095273
0.091838
0.094963
0.098775
0.097969
0.091218
0.092677
0.092571
0.091004
0.091215
0.092147
0.094526
0.094170
0.095545
0.097253
0.096664
0.097783
0.098172
0.099149
0.095625
0.099584
0.098632
0.098455
0.100200
0.101526
0.099408
0.096660
0.098896
0.098724
0.096551
0.098881
0.099065
0.099170
0.096083
0.099706
0.097032
0.098434
0.098804
0.104960
0.103506
0.110781
0.110604
0.111245
0.111370
0.105709
0.113115
0.107180
0.102491
0.102178
0.102317
0.101106
0.106666
0.105154
0.105120
0.108664
0.109055
0.109763
0.110140
0.110076
0.109951
0.109763
0.110138
0.110921
0.110854
0.108350
0.106670
0.106439
0.106356
0.106492
0.105545
0.112811
0.102644
0.100222
0.100217
0.107450
0.108759
0.112344
0.112064
0.112858
0.108903
0.112166
0.121388
0.117156
0.117371
0.117303
0.118722
0.115314
0.117278
0.117475
0.111212
0.119088
0.107727
0.112287
0.109296
0.109961
0.114766
0.115412
0.115076
0.114327
0.115545
0.117261
0.110613
0.116113
0.118042
0.115333
0.115369
0.110468
0.115298
0.115307
0.113991
0.120690
0.120054
0.120060
0.120723
0.116352
0.116133
0.109722
0.112586
0.111483
0.113378
0.113373
0.113928
0.109434
0.111946
0.113998
0.115098
0.114267
0.114311
0.114469
0.119305
0.114959
0.111512
0.113334
0.113388
0.112718
0.114271
0.113172
0.114703
0.114288
0.112655
0.112975
0.123322
0.115170
0.115595
0.114741
0.115193
0.116367
0.115092
0.114681
0.114856
0.113965
0.113751
0.113869
0.113266
0.112353
0.113691
0.112449
0.112449
0.112420
0.109995
0.109066
0.108706
0.107944
0.108094
0.106030
0.112028
0.111992
0.113377
0.113369
0.117147
0.119611
0.117494
0.118814
0.118858
0.112562
0.117623
0.116569
0.118014
0.111744
0.117213
0.100227
0.105058
0.106071
0.108654
0.116855
0.114637
0.117033
0.098637
0.098532
0.099019
0.108270
0.107054
0.123824
0.123955
0.109645
0.106902
0.106614
0.104490
0.107097
0.105198
0.105092
0.108193
0.109410
0.108537
0.101444
0.108872
0.116992
0.112334
0.112203
0.107506
0.109288
0.109476
0.108675
0.109630
0.112554
0.112822
0.106711
0.107170
0.107948
0.108423
0.108236
0.106973
0.109551
0.109500
0.099420
0.108043
0.107954
0.106458
0.106600
0.107531
0.100095
0.100818
0.098993
0.102664
0.100858
0.098493
0.097264
0.102199
0.102423
0.102532
0.104679
0.104390
0.105628
0.105961
0.106809
0.105718
0.106069
0.105571
0.105350
0.104958
0.105089
0.104828
0.104536
0.104557
0.104363
0.104519
0.104621
0.102722
0.101707
0.101051
0.098294
0.098546
0.094615
0.096791
0.097131
0.096739
0.097211
0.097531
0.098611
0.096425
0.099191
0.096482
0.096931
0.097381
0.099231
0.099359
0.098050
0.094531
0.102004
0.102858
0.103297
0.102757
0.102158
0.101791
0.101970
0.103578
0.104064
0.104023
0.104399
0.101639
0.101740
0.103314
0.101996
0.105436
0.106370
0.136180
0.136368
0.137189
0.138030
0.136091
0.138200
0.138333
0.136537
0.136197
0.136158
0.136187
0.131693
0.131309
0.131093
0.131152
0.133527
0.134741
0.133465
0.134725
0.114612
0.105944
0.106658
0.112652
0.110528
0.116305
0.110279
0.110377
0.115953
0.113687
0.116701
0.114923
0.115029
0.116601
0.112573
0.089180
0.089873
0.089940
0.120826
0.111383
0.110413
0.111509
0.111779
0.110859
0.120652
0.120022
0.111213
0.115167
0.116924
0.114560
0.111449
0.109114
0.111635
0.112310
0.113122
0.113051
0.112535
0.142268
0.136833
0.131775
0.131566
0.131910
0.125834
0.126900
0.130262
0.127528
0.126235
0.128824
0.127959
0.131182
0.130301
0.130874
0.129466
0.135331
0.138986
0.141379
0.141035
0.139873
0.140373
0.141085
0.141541
0.141429
0.141633
0.142053
0.141114
0.142060
0.141931
0.142028
0.141256
0.141853
0.142001
0.142019
0.141828
0.142434
0.142412
0.131403
0.131294
0.054951
0.054223
0.058291
0.059996
0.058381
0.058806
0.056598
0.062729
0.058043
0.059338
0.060832
0.060742
0.060421
0.057558
0.056823
0.056224
0.057590
0.057930
0.056649
0.057585
0.057133
0.058143
0.059798
0.060221
0.059085
0.058514
0.059171
0.058963
0.057853
0.058119
0.059774
0.058040
0.062856
0.056896
0.062033
0.061375
0.060926
0.064839
0.065716
0.058225
0.058831
0.060295
0.060021
0.065230
0.059831
0.059354
0.059071
0.059050
0.059095
0.058889
0.056575
0.057521
0.057990
0.059933
0.056651
0.056846
0.056790
0.058137
0.057110
0.060921
0.060548
0.058032
0.059164
0.060080
0.061372
0.057046
0.062689
0.056696
0.062574
0.061953
0.062429
0.061582
0.060707
0.061840
0.061769
0.056503
0.055634
0.055701
0.055191
0.054968
0.054855
0.055145
0.055235
0.054818
0.052965
0.054392
0.055037
0.055450
0.055933
0.054801
0.067560
0.067920
0.067635
0.068216
0.067587
0.067519
0.067864
0.067687
0.069088
0.067684
0.068666
0.069908
0.069465
0.069269
0.069612
0.069346
0.068413
0.068402
0.068330
0.056345
0.055854
0.056710
0.054625
0.068374
0.068448
0.068614
0.068604
0.067677
0.067219
0.069108
0.067530
0.068712
0.067735
0.068186
0.068236
0.068419
0.067248
0.067375
0.067077
0.066685
0.066602
0.058042
0.058384
0.057174
0.056050
0.057812
0.058429
0.058499
0.057592
0.056952
0.057271
0.057195
0.059017
0.056992
0.056791
0.056427
0.057597
0.058701
0.057125
0.057174
0.054757
0.058002
0.059270
0.059166
0.067202
0.067558
0.067823
0.069110
0.069301
0.069340
0.070891
0.066896
0.069778
0.071628
0.069106
0.057151
0.057004
0.062629
0.053714
0.059392
0.056057
0.066094
0.065663
0.064970
0.065012
0.058871
0.062786
0.068805
0.061569
0.060114
0.059968
0.056548
0.071516
0.070776
0.069752
0.069296
0.063373
0.070924
0.064563
0.071568
0.062202
0.070022
0.069563
0.072604
0.072017
0.069983
0.071245
0.075327
0.071069
0.072078
0.073477
0.071042
0.070118
0.069912
0.068827
0.069105
0.057671
0.069354
0.066839
0.061652
0.068084
0.067542
0.060395
0.061306
0.060731
0.059572
0.060100
0.060115
0.061351
0.060856
0.060606
0.060892
0.067374
0.054999
0.060746
0.065835
0.055890
0.067164
0.057241
0.067166
0.056094
0.066315
0.056648
0.056007
0.055950
0.057131
0.056432
0.056363
0.055890
0.057940
0.056158
0.056671
0.056200
0.055473
0.057282
0.052139
0.050509
0.052078
0.056841
0.057748
0.056652
0.055496
0.056224
0.055974
0.056864
0.056771
0.056737
0.056536
0.056895
0.052835
0.053028
0.057034
0.056767
0.057068
0.056769
0.057141
0.056652
0.056143
0.056198
0.056574
0.054994
0.054775
0.054963
0.055005
0.055139
0.056693
0.056579
0.060366
0.060158
0.060578
0.067340
0.060351
0.059630
0.067458
0.068675
0.067215
0.067967
0.067706
0.067678
0.067464
0.067981
0.063313
0.065401
0.067761
0.069058
0.067874
0.068957
0.062612
0.068837
0.067862
0.067564
0.067921
0.067708
0.063295
0.060563
0.050713
0.051578
0.057792
0.062014
0.060749
0.065886
0.066260
0.069108
0.077174
0.084842
0.099048
0.111109
0.110548
0.110548
0.111719
0.112505
0.111623
0.111700
0.112131
0.112138
0.112206
0.112757
0.129300
0.129037
0.129320
0.112395
0.112304
0.112455
0.112887
0.112375
0.112441
0.111690
0.110534
0.111480
0.111482
0.111607
0.111488
0.111493
0.111536
0.111550
0.112210
0.111548
0.111285
0.111248
0.111981
0.112005
0.112014
0.112075
0.112019
0.112002
0.112201
0.112651
0.112549
0.112431
0.112060
0.112094
0.112459
0.113007
0.113009
0.113037
0.113024
0.113039
0.113038
0.112844
0.112845
0.112829
0.112820
0.113051
0.112819
0.112846
0.112850
0.112851
0.112850
0.112851
0.112811
0.112942
0.112957
0.116344
0.114226
0.113625
0.113413
0.113931
0.115725
0.117087
0.118957
0.119989
0.120864
0.122627
0.123367
0.127090
0.126896
0.129368
0.129290
0.129287
0.129295
0.129378
0.129262
0.129266
0.129269
0.129301
0.129332
0.129383
0.129300
0.129509
0.129408
0.129406
0.129407
0.128665
0.128641
0.128647
0.129090
0.129110
0.129098
0.129160
0.129015
0.129582
0.129555
0.129748
0.130206
0.130206
0.130206
0.130208
0.129642
0.129634
0.129637
0.129684
0.129674
0.129674
0.129681
0.129684
0.129660
0.129661
0.129661
0.129663
0.130288
0.130396
0.129814
0.129646
0.128974
0.128974
0.128974
0.128959
0.129061
0.129074
0.129073
0.129067
0.128906
0.128668
0.128682
0.128712
0.128665
0.128574
0.128569
0.128576
0.128687
0.128694
0.128694
0.128675
0.128930
0.129023
0.129023
0.128944
0.128495
0.128495
0.128495
0.128931
0.129963
0.129922
0.129912
0.129917
0.129495
0.129495
0.129494
0.129494
0.129453
0.129130
0.129167
0.129728
0.129726
0.129644
0.129726
0.129728
0.129710
0.125577
0.129690
0.129281
0.134041
0.124234
0.115772
0.119370
0.142551
0.150313
0.143119
0.155573
0.170821
0.180473
0.171537
0.185874
0.185872
0.185819
0.185815
0.171294
0.170853
0.185306
0.185273
0.185470
0.185793
0.171459
0.187715
0.180312
0.196238
0.187968
0.190466
0.173611
0.182634
0.182408
0.168644
0.175817
0.166956
0.169921
0.171223
0.164316
0.162470
0.154006
0.160566
0.150808
0.165795
0.163083
0.163175
0.164513
0.160103
0.159463
0.165266
0.159564
0.162029
0.163205
0.163015
0.171902
0.178507
0.163764
0.177205
0.160699
0.157521
0.161282
0.168822
0.172009
0.169312
0.159419
0.161105
0.164502
0.162286
0.162609
0.176432
0.169556
0.166645
0.159581
0.172023
0.167924
0.162592
0.171223
0.170975
0.170968
0.164942
0.164855
0.157812
0.152523
0.153247
0.152366
0.154202
0.152715
0.152307
0.150428
0.149974
0.161115
0.163204
0.164977
0.149224
0.146232
0.148427
0.141761
0.116846
0.116677
0.117687
0.116711
0.112174
0.111506
0.111544
0.111928
0.112482
0.116464
0.117368
0.117184
0.117048
0.117617
0.117987
0.117968
0.117883
0.117733
0.117525
0.116921
0.117398
0.070387
0.070066
0.069478
0.070088
0.067966
0.063857
0.064789
0.064907
0.063996
0.061004
0.060953
0.061139
0.058823
0.061400
0.061777
0.061869
0.062019
0.062161
0.062133
0.061669
0.062035
0.061971
0.061857
0.096947
0.097244
0.099184
0.100431
0.103702
0.100253
0.096264
0.103329
0.096921
0.096968
0.099677
0.100569
0.101070
0.097328
0.097307
0.098181
0.097969
0.097566
0.103834
0.104435
0.098671
0.101469
0.104714
0.105229
0.102358
0.104890
0.104762
0.104354
0.104492
0.104453
0.103894
0.102943
0.103364
0.103981
0.104722
0.102995
0.097351
0.097524
0.097016
0.096671
0.096499
0.095989
0.096194
0.095561
0.088222
0.085562
0.090360
0.087526
0.087011
0.088431
0.086674
0.083329
0.082943
0.082914
0.082985
0.083229
0.082834
0.082652
0.082905
0.083115
0.065065
0.064953
0.064861
0.065020
0.065034
0.065230
0.064870
0.064984
0.083985
0.064838
0.064737
0.065147
0.082490
0.065408
0.081630
0.081583
0.081771
0.064653
0.064532
0.082119
0.081923
0.082737
0.082049
0.082170
0.081471
0.082074
0.082170
0.082619
0.077585
0.089814
0.098246
0.120773
0.120914
0.126883
0.132372
0.124513
0.127869
0.125681
0.124078
0.125891
0.126013
0.124099
0.124154
0.135299
0.134427
0.134713
0.128766
0.134422
0.131934
0.132544
0.122590
0.132789
0.128052
0.132023
0.122630
0.123567
0.122993
0.122944
0.121817
0.123828
0.124899
0.124962
0.125507
0.124197
0.122376
0.122466
0.122475
0.122427
0.096484
0.093991
0.093508
0.096646
0.093460
0.098251
0.099745
0.099337
0.099364
0.098581
0.099073
0.100197
0.099784
0.099220
0.099364
0.111171
0.111821
0.110343
0.110687
0.098734
0.098271
0.101412
0.097751
0.098007
0.098383
0.098522
0.098010
0.098145
0.098175
0.098170
0.098257
0.097826
0.098380
0.099423
0.097776
0.098010
0.099064
0.096319
0.096504
0.096079
0.096336
0.096178
0.096153
0.093701
0.094407
0.093925
0.066569
0.067554
0.067757
0.067886
0.065879
0.068122
0.067030
0.067152
0.067139
0.067488
0.067737
0.066858
0.064996
0.066696
0.068472
0.067425
0.067599
0.067543
0.067481
0.067839
0.067162
0.066458
0.066751
0.066806
0.066539
0.066400
0.066702
0.067315
0.067229
0.067283
0.067459
0.122197
0.120469
0.122549
0.120740
0.118450
0.104929
0.107073
0.105135
0.093405
0.102342
0.086544
0.082687
0.083332
0.078147
0.068814
0.062457
0.067346
0.067510
0.058127
0.057411
0.057778
0.069316
0.069512
0.067749
0.067970
0.059593
0.057919
0.057737
0.059308
0.057787
0.059024
0.072805
0.066739
0.063503
0.062980
0.061077
0.073536
0.074173
0.063687
0.063713
0.108868
0.109650
0.108164
0.108440
0.107331
0.109900
0.107238
0.109290
0.111373
0.110728
0.108752
0.109397
0.108579
0.108194
0.108014
0.108857
0.108199
0.108589
0.108708
0.110343
0.109683
0.109295
0.108191
0.108633
0.108519
0.108550
0.109564
0.110664
0.109988
0.109559
0.109681
0.109443
0.110945
0.109200
0.109598
0.109755
0.109541
0.109373
0.109471
0.108682
0.108000
0.108405
0.109732
0.108787
0.110028
0.110028
0.110028
0.110610
0.109246
0.110179
0.109810
0.109844
0.109578
0.109578
0.109578
0.109679
0.109679
0.109679
0.109679
0.109383
0.110422
0.110422
0.110422
0.109100
0.108900
0.108997
0.109329
0.110141
0.108900
0.108883
0.108922
0.108795
0.108941
0.109045
0.109012
0.108610
0.108933
0.109358
0.109288
0.109286
0.109288
0.091033
0.074692
0.064241
0.059960
0.048227
0.045990
0.044954
0.044786
0.043337
0.042284
0.041946
0.044757
0.042086
0.041031
0.042216
0.043331
0.042513
0.038793
0.033659
0.031778
0.033118
0.032882
0.032955
0.033235
0.033406
0.033076
0.032688
0.033174
0.032666
0.032592
0.032396
0.032576
0.032523
0.032643
0.032854
0.033110
0.033174
0.033781
0.033415
0.033751
0.033617
0.033383
0.033326
0.033437
0.034164
0.033142
0.033539
0.032322
0.032033
0.033159
0.032772
0.033210
0.033215
0.033088
0.033305
0.033130
0.033465
0.031917
0.032456
0.032476
0.032991
0.032978
0.032776
0.030710
0.031456
0.031674
0.032334
0.032925
0.032575
0.032256
0.032140
0.031035
0.031313
0.030586
0.032023
0.031488
0.032561
0.032026
0.031988
0.032091
0.031101
0.031147
0.031787
0.031054
0.030892
0.031382
0.031720
0.032159
0.032319
0.029526
0.029236
0.029824
0.030722
0.030740
0.030702
0.032911
0.033567
0.032981
0.032933
0.033681
0.033212
0.033448
0.037716
0.038683
0.037798
0.037836
0.029779
0.037322
0.037093
0.033638
0.033655
0.037426
0.037058
0.037470
0.037757
0.034068
0.037458
0.034117
0.034055
0.036644
0.038707
0.036515
0.036941
0.034720
0.036894
0.035761
0.035496
0.034666
0.033782
0.034671
0.035075
0.034303
0.033958
0.034598
0.038061
0.033499
0.034051
0.033902
0.033916
0.030253
0.029619
0.030641
0.031100
0.030529
0.030447
0.030076
0.030760
0.030716
0.031055
0.031092
0.030871
0.030718
0.030585
0.029878
0.029450
0.033044
0.033734
0.034172
0.030422
0.032649
0.030586
0.029373
0.030548
0.029055
0.030032
0.031158
0.031614
0.030882
0.031279
0.030707
0.030742
0.031480
0.032046
0.032297
0.031991
0.030596
0.031852
0.031858
0.032384
0.032389
0.032141
0.032095
0.032228
0.031996
0.032579
0.032783
0.031781
0.031688
0.031872
0.031514
0.031758
0.031664
0.031523
0.031731
0.031874
0.031309
0.031759
0.030141
0.029813
0.031857
0.029798
0.030157
0.031779
0.031472
0.030156
0.031305
0.030391
0.031693
0.031610
0.031196
0.031304
0.031325
0.031222
0.031524
0.031591
0.031514
0.031673
0.031757
0.032356
0.031917
0.031847
0.031415
0.031956
0.031822
0.031698
0.029160
0.030091
0.031363
0.032016
0.032005
0.031314
0.029379
0.029704
0.029520
0.031422
0.031492
0.029504
0.029545
0.029668
0.029400
0.030081
0.029905
0.029707
0.029720
0.028536
0.028896
0.029570
0.030069
0.029752
0.030049
0.030004
0.029347
0.030761
0.029709
0.030215
0.029864
0.029733
0.032271
0.036055
0.041587
0.044052
0.043642
0.044665
0.044271
0.044593
0.044239
0.051150
0.044531
0.050149
0.044685
0.050945
0.050292
0.050047
0.050075
0.046277
0.044700
0.044446
0.045197
0.044432
0.044610
0.046309
0.046915
0.050517
0.055866
0.061426
0.063728
0.062976
0.065091
0.062634
0.063648
0.066951
0.067257
0.068676
0.071761
0.074282
0.084410
0.092141
0.095437
0.095347
0.095013
0.096841
0.096447
0.103534
0.100781
0.101937
0.101862
0.100615
0.096375
0.095456
0.095616
0.095575
0.095657
0.093679
0.093679
0.093664
0.096536
0.096503
0.103604
0.096676
0.096643
0.096297
0.096636
0.096662
0.103062
0.101232
0.101405
0.101532
0.101583
0.102727
0.101674
0.100710
0.101811
0.101805
0.102068
0.101545
0.100405
0.103158
0.103495
0.102759
0.100287
0.100450
0.101342
0.101471
0.101053
0.100933
0.101076
0.100937
0.100690
0.100493
0.101452
0.101436
0.101391
0.101472
0.101460
0.101228
0.101680
0.101330
0.100895
0.100096
0.100501
0.100311
0.100160
0.100681
0.100662
0.100209
0.100885
0.099920
0.100177
0.100206
0.100221
0.100327
0.100139
0.099731
0.099735
0.099840
0.099810
0.099946
0.099945
0.099821
0.099984
0.099899
0.099904
0.099767
0.099636
0.099633
0.099631
0.099624
0.099374
0.099593
0.099596
0.099655
0.100304
0.100304
0.100304
0.100305
0.101388
0.101398
0.101340
0.100029
0.099958
0.100275
0.100275
0.100279
0.099911
0.100350
0.100359
0.100358
0.100093
0.099526
0.099514
0.099404
0.099851
0.099851
0.099851
0.099850
0.099464
0.099463
0.099463
0.099462
0.099462
0.099462
0.099462
0.099462
0.099463
0.099463
0.099897
0.099721
0.099717
0.099717
0.099717
0.099198
0.099930
0.099763
0.099906
0.099680
0.099690
0.099686
0.099686
0.099685
0.099694
0.099693
0.099693
0.099692
0.099691
0.099691
0.099691
0.099684
0.098900
0.098895
0.098895
0.098868
0.097633
0.097610
0.097610
0.099517
0.098795
0.098884
0.098885
0.098833
0.099716
0.096065
0.097063
0.096634
0.099806
0.099776
0.099776
0.099777
0.099574
0.098917
0.098834
0.098833
0.098847
0.098847
0.098878
0.098825
0.098846
0.098846
0.098843
0.098702
0.098726
0.098670
0.098230
0.096653
0.096383
0.098547
0.100485
0.100896
0.101157
0.100826
0.101350
0.101463
0.102195
0.102379
0.102804
0.101646
0.102885
0.103362
0.103830
0.104829
0.103983
0.108374
0.108235
0.108116
0.108145
0.107944
0.107844
0.107913
0.107748
0.107629
0.107555
0.107440
0.107539
0.107431
0.107401
0.107173
0.107351
0.107381
0.107295
0.107211
0.107332
0.107321
0.107283
0.107103
0.106974
0.106953
0.106950
0.107144
0.107172
0.107283
0.107265
0.107273
0.107252
0.107244
0.107185
0.107188
0.107123
0.107120
0.107186
0.107189
0.107186
0.107186
0.107123
0.107122
0.107125
0.107123
0.107188
0.107009
0.107041
0.107040
0.107008
0.107007
0.107057
0.107040
0.107040
0.107040
0.107045
0.107045
0.107045
0.107044
0.107006
0.106999
0.106999
0.106998
0.106938
0.106891
0.106892
0.106902
0.106925
0.106887
0.106886
0.107061
0.106868
0.106884
0.106884
0.106886
0.106968
0.106969
0.106969
0.106966
0.106917
0.107105
0.107105
0.107080
0.107104
0.106843
0.106839
0.107107
0.106857
0.106813
0.106857
0.106774
0.106859
0.106892
0.106879
0.106909
0.107122
0.107137
0.106978
0.107136
0.107129
0.107139
0.107160
0.107201
0.107126
0.107102
0.107141
0.107003
0.107282
0.107320
0.107368
0.105161
0.105044
0.105078
0.105044
0.105074
0.104944
0.104698
0.105267
0.105214
0.105221
0.105221
0.105215
0.105211
0.105203
0.105207
0.105207
0.105259
0.105176
0.105259
0.105184
0.105257
0.105160
0.104356
0.104356
0.104645
0.104984
0.104977
0.104988
0.109705
0.104789
0.104778
0.104801
0.109558
0.109616
0.109226
0.109086
0.104800
0.104757
0.104826
0.104765
0.104495
0.104507
0.104499
0.104499
0.104502
0.104493
0.104490
0.104505
0.104500
0.104494
0.104723
0.093645
0.085291
0.079017
0.077991
0.070415
0.094722
0.102058
0.092691
0.093121
0.082794
0.075693
0.071319
0.072888
0.072585
0.093946
0.090495
0.079214
0.075529
0.075666
0.075165
0.074623
0.087048
0.092975
0.092677
0.071474
0.085655
0.105456
0.100144
0.100143
0.098153
0.102900
0.099391
0.098280
0.098657
0.099759
0.098831
0.103173
0.105561
0.104937
0.100064
0.102487
0.104534
0.104074
0.102078
0.098129
0.101230
0.102746
0.108655
0.107937
0.108423
0.110370
0.109672
0.100653
0.100724
0.103128
0.102471
0.107453
0.108888
0.109109
0.107980
0.107019
0.115609
0.115165
0.116425
0.115279
0.111009
0.111977
0.109750
0.110001
0.109927
0.108749
0.121520
0.120752
0.121675
0.123895
0.127698
0.127269
0.126919
0.126101
0.127017
0.125926
0.127458
0.126784
0.126614
0.125160
0.116789
0.116937
0.115383
0.115277
0.117268
0.118107
0.120018
0.116132
0.116227
0.114445
0.116168
0.115816
0.082381
0.082844
0.082594
0.081762
0.081340
0.082343
0.081450
0.081754
0.081062
0.081877
0.080314
0.083194
0.082791
0.080969
0.081718
0.080424
0.082397
0.083136
0.081206
0.087178
0.079753
0.080729
0.080856
0.088418
0.095543
0.085016
0.079723
0.079076
0.082872
0.085361
0.086036
0.085635
0.086398
0.086397
0.088282
0.083615
0.096656
0.096613
0.097424
0.085460
0.089849
0.092575
0.089188
0.074105
0.071003
0.079727
0.079726
0.079738
0.079296
0.079430
0.079876
0.079549
0.079252
0.073167
0.073338
0.073286
0.073286
0.073645
0.073230
0.072687
0.070858
0.073083
0.080589
0.072953
0.080640
0.072601
0.079119
0.079119
0.079119
0.073445
0.073445
0.073445
0.073294
0.079649
0.073647
0.073221
0.073274
0.073047
0.073048
0.073091
0.073085
0.073581
0.073270
0.073270
0.072917
0.073038
0.072804
0.231101
0.233824
0.232145
0.232519
0.231907
0.231137
0.231978
0.231428
0.231206
0.232953
0.234170
0.233441
0.234205
0.239831
0.239858
0.240556
0.239115
0.238824
0.238644
0.238617
0.240674
0.240903
0.241145
0.237000
0.238314
0.238859
0.238685
0.237511
0.236305
0.240768
0.238276
0.236253
0.237685
0.236607
0.236807
0.236773
0.236086
0.234841
0.239655
0.240889
0.240627
0.241160
0.241416
0.241411
0.241012
0.241059
0.245708
0.243205
0.246135
0.245955
0.245869
0.242100
0.245691
0.246412
0.246296
0.243969
0.241474
0.235682
0.235677
0.239945
0.242390
0.242550
0.242706
0.242061
0.241877
0.242596
0.238962
0.237767
0.243954
0.242521
0.241541
0.238378
0.240222
0.243131
0.243111
0.242203
0.234424
0.241847
0.240795
0.240101
0.239308
0.233703
0.231770
0.238661
0.123369
0.122115
0.121026
0.119651
0.119630
0.121643
0.119658
0.121139
0.120966
0.123141
0.120306
0.119527
0.119755
0.121075
0.120394
0.124315
0.125105
0.123149
0.123261
0.122956
0.124099
0.121422
0.117969
0.118678
0.114490
0.121976
0.141838
0.152288
0.150406
0.159852
0.173359
0.167648
0.168958
0.174567
0.168479
0.169583
0.171337
0.171376
0.171354
0.171331
0.170541
0.171253
0.172802
0.156286
0.158797
0.171772
0.163690
0.124905
0.124850
0.125117
0.123596
0.123398
0.122480
0.123803
0.123641
0.123022
0.122676
0.124196
0.123728
0.123996
0.123396
0.123930
0.123561
0.123655
0.123943
0.123585
0.123873
0.123622
0.124031
0.123901
0.123245
0.123581
0.123554
0.103057
0.107892
0.107296
0.107383
0.109495
0.108968
0.109361
0.108896
0.108248
0.107541
0.110165
0.112619
0.110378
0.110551
0.110353
0.109458
0.110532
0.109868
0.110627
0.111459
0.133475
0.134055
0.136958
0.129410
0.128483
0.124113
0.125621
0.126005
0.125290
0.125163
0.125296
0.124967
0.130142
0.134813
0.129838
0.134782
0.134034
0.135061
0.135057
0.134951
0.135808
0.123810
0.122013
0.109009
0.116918
0.125712
0.123477
0.122735
0.121744
0.121936
0.121517
0.119530
0.121378
0.120925
0.121283
0.122999
0.122714
0.121901
0.124491
0.123711
0.124027
0.125035
0.126160
0.126157
0.123264
0.121588
0.123201
0.121828
0.124610
0.121994
0.121270
0.121949
0.125081
0.122104
0.124738
0.122798
0.122765
0.123249
0.122867
0.124835
0.125194
0.125537
0.124818
0.122678
0.122577
0.122749
0.122690
0.122192
0.123290
0.122417
0.122374
0.122348
0.122644
0.122655
0.122833
0.122284
0.123176
0.122996
0.122972
0.125441
0.125309
0.123510
0.125527
0.125754
0.122530
0.123493
0.118914
0.116603
0.121050
0.120123
0.122291
0.123343
0.117231
0.134829
0.120964
0.116808
0.119953
0.133213
0.133731
0.117938
0.128245
0.119759
0.139426
0.140846
0.139834
0.141993
0.142677
0.138701
0.137572
0.135833
0.138457
0.109150
0.111164
0.142289
0.137074
0.138082
0.136397
0.136715
0.136225
0.137926
0.139485
0.099134
0.105292
0.119841
0.119722
0.125673
0.124637
0.124195
0.123624
0.122123
0.119236
0.118212
0.117464
0.145677
0.141714
0.138680
0.123477
0.140626
0.125625
0.124863
0.125183
0.123784
0.118655
0.122473
0.122461
0.122538
0.122819
0.122792
0.123647
0.118024
0.126499
0.127549
0.131793
0.130048
0.131987
0.121682
0.127825
0.124161
0.127914
0.130583
0.125828
0.131301
0.131182
0.122447
0.124141
0.127508
0.137082
0.130854
0.131748
0.131398
0.130062
0.130436
0.119872
0.120144
0.098530
0.085092
0.078720
0.072074
0.066566
0.062704
0.068777
0.066301
0.066491
0.051874
0.049737
0.048478
0.044999
0.046858
0.045025
0.046961
0.048967
0.045421
0.046827
0.045402
0.045229
0.047212
0.046690
0.044920
0.046775
0.045294
0.044751
0.046234
0.046451
0.045260
0.045557
0.050916
0.052725
0.052751
0.052779
0.053867
0.053182
0.053771
0.045340
0.045651
0.044853
0.045447
0.045794
0.045612
0.045634
0.046360
0.045017
0.055736
0.055800
0.055077
0.055708
0.044521
0.055773
0.057203
0.055966
0.055042
0.044862
0.046945
0.058631
0.046292
0.046910
0.054449
0.045364
0.045613
0.045347
0.054828
0.049659
0.048005
0.045128
0.050435
0.051024
0.050486
0.050422
0.051064
0.056616
0.056401
0.056131
0.055592
0.055197
0.055397
0.055167
0.055577
0.050528
0.050386
0.050474
0.055012
0.049903
0.056462
0.056065
0.056411
0.056055
0.050157
0.056140
0.057017
0.055219
0.055120
0.055973
0.056919
0.055876
0.055892
0.056637
0.055138
0.055786
0.055944
0.055512
0.054916
0.048350
0.054769
0.054256
0.057566
0.056742
0.057031
0.045071
0.045174
0.045048
0.057738
0.057091
0.057647
0.057444
0.057618
0.056230
0.057745
0.057447
0.055842
0.058284
0.056016
0.055413
0.058306
0.055825
0.057741
0.055926
0.058072
0.055999
0.059792
0.054399
0.047654
0.054665
0.047552
0.048711
0.048352
0.056729
0.057020
0.048341
0.057129
0.056574
0.056291
0.045148
0.049234
0.057057
0.056529
0.054147
0.046247
0.053536
0.056201
0.056738
0.055792
0.055124
0.048817
0.093106
0.092890
0.092490
0.095667
0.095159
0.095004
0.092240
0.094861
0.094000
0.094410
0.094652
0.092589
0.092466
0.092864
0.092802
0.094795
0.093807
0.094360
0.095374
0.095976
0.092814
0.094453
0.094167
0.091799
0.093581
0.090195
0.090078
0.090948
0.088416
0.089192
0.086571
0.088162
0.089322
0.090737
0.090316
0.088805
0.086074
0.090328
0.084857
0.087679
0.084929
0.087493
0.086399
0.083139
0.083938
0.086212
0.084362
0.085822
0.084397
0.087804
0.084739
0.087361
0.084554
0.087771
0.090045
0.089901
0.090176
0.091097
0.090368
0.091543
0.093608
0.094129
0.093249
0.097350
0.092746
0.092272
0.092101
0.092371
0.092367
0.092313
0.090861
0.090785
0.090690
0.093802
0.091817
0.090296
0.093245
0.093280
0.089224
0.092771
0.089658
0.092133
0.090262
0.091245
0.092126
0.090749
0.092056
0.090857
0.091413
0.094063
0.095118
0.092091
0.091170
0.091946
0.092000
0.091578
0.091663
0.091301
0.091944
0.091879
0.091523
0.091603
0.092108
0.090598
0.090555
0.089200
0.089784
0.089160
0.089949
0.089325
0.090857
0.090196
0.090129
0.089549
0.090454
0.090566
0.091355
0.091476
0.090739
0.092770
0.092791
0.092841
0.090574
0.091023
0.090232
0.090940
0.090296
0.092079
0.088574
0.090191
0.091887
0.090070
0.090590
0.090828
0.090407
0.090548
0.090570
0.091612
0.091627
0.086495
0.085628
0.091062
0.091682
0.090078
0.091650
0.089668
0.089223
0.090522
0.091901
0.091479
0.091392
0.091359
0.087831
0.086605
0.089113
0.089184
0.088271
0.086139
0.084340
0.085598
0.088668
0.087924
0.084608
0.085833
0.084256
0.084261
0.084585
0.084441
0.084477
0.085450
0.085706
0.083955
0.084526
0.085447
0.086060
0.086241
0.086154
0.086137
0.084063
0.088971
0.089139
0.089214
0.086761
0.093161
0.093976
0.094803
0.092875
0.089667
0.088283
0.089504
0.088430
0.094684
0.092517
0.093955
0.092858
0.092002
0.092052
0.092504
0.092783
0.093700
0.094913
0.095716
0.092101
0.091906
0.094830
0.094498
0.094157
0.094343
0.091258
0.095092
0.095619
0.094009
0.092647
0.092628
0.092000
0.093063
0.092979
0.093034
0.093941
0.093415
0.093702
0.093004
0.092888
0.092746
0.093988
0.093519
0.093011
0.093466
0.093385
0.092596
0.092441
0.093528
0.092840
0.092707
0.092112
0.092036
0.092668
0.091574
0.091453
0.091247
0.090207
0.089422
0.091441
0.090285
0.090902
0.089537
0.090042
0.092512
0.091187
0.089297
0.088712
0.089419
0.093434
0.092911
0.092154
0.092709
0.091152
0.093082
0.092140
0.094197
0.094012
0.094256
0.093963
0.094254
0.087905
0.093122
0.093002
0.093638
0.086492
0.021595
0.024881
0.023066
0.023375
0.023215
0.023049
0.023239
0.021259
0.022813
0.021652
0.021211
0.022630
0.023418
0.022297
0.021900
0.024993
0.022896
0.022880
0.024116
0.023186
0.023023
0.024420
0.023368
0.021873
0.022071
0.024831
0.023316
0.024574
0.023115
0.023272
0.023347
0.022953
0.023933
0.022829
0.024157
0.023192
0.023830
0.025321
0.025293
0.025406
0.023131
0.022977
0.023156
0.023255
0.022881
0.023143
0.023398
0.023683
0.023324
0.023862
0.023747
0.022770
0.023818
0.022641
0.023667
0.023652
0.023236
0.024204
0.024343
0.024205
0.024367
0.024265
0.023664
0.023412
0.023480
0.023162
0.023280
0.024029
0.023858
0.022765
0.023840
0.023485
0.023411
0.024063
0.024158
0.023196
0.023523
0.023957
0.024168
0.024259
0.024489
0.024413
0.024296
0.024022
0.024178
0.024096
0.024719
0.023683
0.023581
0.023503
0.023831
0.024393
0.022943
0.022882
0.023263
0.023550
0.023879
0.023990
0.023869
0.023682
0.023685
0.023853
0.024208
0.023933
0.023855
0.024565
0.024286
0.023836
0.024456
0.024233
0.024278
0.023879
0.024367
0.024496
0.024235
0.024505
0.024594
0.024581
0.024557
0.023686
0.023633
0.024573
0.023784
0.023446
0.024726
0.023660
0.023649
0.023672
0.023980
0.024017
0.024008
0.023719
0.020092
0.020012
0.019997
0.023647
0.023635
0.023786
0.023550
0.023957
0.023747
0.023849
0.023943
0.023670
0.023619
0.024265
0.024175
0.024007
0.024399
0.023614
0.023806
0.023798
0.024457
0.076610
0.077440
0.077012
0.079703
0.078148
0.075293
0.075580
0.076914
0.075066
0.074637
0.075729
0.074843
0.080784
0.081146
0.080972
0.082802
0.078830
0.076249
0.074964
0.073639
0.074950
0.072012
0.077481
0.072356
0.072463
0.076279
0.072875
0.078758
0.082024
0.074330
0.077918
0.078604
0.071164
0.077301
0.082047
0.077579
0.082329
0.077670
0.076069
0.077961
0.076701
0.076849
0.076517
0.075640
0.081903
0.076561
0.071547
0.076067
0.077470
0.076304
0.076535
0.076549
0.083080
0.076389
0.077745
0.072069
0.072750
0.082004
0.077593
0.076459
0.077977
0.076538
0.076577
0.077765
0.077838
0.077375
0.083803
0.074384
0.077522
0.077759
0.077713
0.078922
0.078843
0.077060
0.076892
0.076941
0.077350
0.076375
0.076810
0.071807
0.071210
0.074824
0.081922
0.082340
0.071493
0.082542
0.071735
0.078257
0.076350
0.071998
0.071748
0.076266
0.071789
0.077936
0.076548
0.078395
0.078281
0.077660
0.079101
0.078791
0.079041
0.077603
0.079265
0.078876
0.079727
0.072893
0.080146
0.079398
0.080012
0.081288
0.072780
0.082195
0.081524
0.079312
0.081796
0.080224
0.080972
0.080274
0.081508
0.080633
0.080579
0.081662
0.079102
0.079504
0.077226
0.081790
0.081628
0.082481
0.083144
0.080422
0.082253
0.073311
0.080346
0.080307
0.075446
0.079712
0.080472
0.072853
0.071090
0.076901
0.079047
0.078868
0.064039
0.069810
0.069200
0.064930
0.062156
0.063855
0.057508
0.088589
0.084832
0.081179
0.080836
0.080853
0.080421
0.079888
0.082218
0.082389
0.082214
0.082908
0.082531
0.081132
0.081375
0.080316
0.081250
0.082520
0.082256
0.082126
0.080914
0.081653
0.081721
0.082880
0.082622
0.081641
0.082751
0.081701
0.082778
0.080937
0.081703
0.081669
0.081038
0.081115
0.081707
0.080974
0.082781
0.081216
0.082843
0.080931
0.080954
0.082465
0.080250
0.082074
0.082449
0.082264
0.082252
0.082314
0.082586
0.082489
0.082924
0.082984
0.080544
0.082142
0.082457
0.081160
0.082598
0.082528
0.082539
0.082578
0.081256
0.082696
0.081853
0.082772
0.082591
0.081781
0.081793
0.082408
0.081887
0.081391
0.082659
0.082802
0.082732
0.081008
0.081056
0.082059
0.081183
0.082031
0.081805
0.081161
0.081163
0.188341
0.143074
0.149835
0.151830
0.144184
0.167187
0.163634
0.170196
0.117769
0.098600
0.080421
0.089248
0.185406
0.185747
0.145679
0.125866
0.093560
0.073398
0.070405
0.069516
0.073847
0.096577
0.099020
0.100461
0.100854
0.101411
0.100575
0.100367
0.101123
0.100881
0.101019
0.100875
0.101156
0.101170
0.099723
0.100886
0.100469
0.100415
0.100123
0.099629
0.100049
0.099914
0.101278
0.101447
0.100587
0.101288
0.101473
0.101132
0.099281
0.101245
0.100820
0.101468
0.099976
0.100873
0.097962
0.098619
0.098447
0.098204
0.098851
0.091034
0.091658
0.100507
0.100571
0.100902
0.101023
0.099129
0.095750
0.098173
0.111044
0.090224
0.160458
0.138759
0.107224
0.114151
0.135023
0.236212
0.252880
0.252880
0.252879
0.252879
0.252879
0.252881
0.252881
0.252881
0.252881
0.252881
0.252881
