0.094840
0.094303
0.095169
0.095102
0.094768
0.095269
0.093488
0.088376
0.084893
0.084881
0.079816
0.081478
0.078466
0.077404
0.079282
0.081384
0.082186
0.085039
0.085297
0.084741
0.085307
0.085164
0.085398
0.085471
0.085144
0.085192
0.084157
0.083675
0.084500
0.085057
0.085500
0.085380
0.085242
0.085658
0.085941
0.087302
0.043611
0.043856
0.043867
0.044032
0.043769
0.043739
0.043889
0.044961
0.044209
0.044221
0.044727
0.044940
0.046041
0.045227
0.045656
0.045621
0.044614
0.044893
0.047396
0.046515
0.047817
0.047089
0.048988
0.050678
0.054845
0.055396
0.055672
0.054641
0.055871
0.054671
0.055186
0.055344
0.055765
0.055759
0.056053
0.056079
0.055282
0.055874
0.056481
0.056487
0.115185
0.115600
0.110454
0.109280
0.109095
0.107574
0.108919
0.097483
0.099205
0.098239
0.096799
0.097005
0.097162
0.099793
0.099407
0.099154
0.095235
0.089636
0.092163
0.090780
0.094281
0.091724
0.092472
0.091216
0.095136
0.092380
0.093805
0.094756
0.094229
0.091811
0.089997
0.088905
0.090544
0.088681
0.089435
0.098425
0.098355
0.096486
0.096587
0.096108
0.096622
0.094184
0.092785
0.093744
0.087063
0.085804
0.088481
0.087301
0.088614
0.088916
0.089471
0.089387
0.089230
0.086545
0.088063
0.090087
0.087334
0.089182
0.091315
0.091508
0.093168
0.093489
0.093471
0.093798
0.093918
0.094942
0.096138
0.096698
0.096684
0.097522
0.100876
0.101605
0.101494
0.100773
0.099681
0.098636
0.029081
0.028300
0.028616
0.028239
0.027730
0.027158
0.026591
0.025344
0.025636
0.025041
0.025136
0.025155
0.024902
0.024134
0.024534
0.023514
0.022293
0.022601
0.022239
0.019486
0.018592
0.017373
0.015647
0.014599
0.013894
0.013278
0.012867
0.012542
0.012112
0.011752
0.011869
0.011420
0.011344
0.011327
0.010982
0.010886
0.010741
0.010783
0.010973
0.010675
0.010508
0.010661
0.010715
0.010513
0.010664
0.010408
0.010300
0.010543
0.010806
0.010229
0.009320
0.008100
0.007988
0.006734
0.006831
0.006373
0.005699
0.003802
0.002618
0.000000
0.002111
0.003628
0.004228
0.005215
0.006248
0.006926
0.007496
0.008284
0.009271
0.009511
0.009665
0.009893
0.010484
0.010825
0.011099
0.011547
0.012272
0.012302
0.012426
0.012598
0.012749
0.012869
0.013239
0.013100
0.013325
0.013300
0.013398
0.013804
0.014245
0.014414
0.014884
0.014996
0.015642
0.015667
0.015626
0.016459
0.016461
0.017669
0.018161
0.018769
0.019237
0.019828
0.020984
0.021622
0.021462
0.023197
0.024056
0.026540
0.028362
0.031159
0.034115
0.061275
0.061319
0.061904
0.062418
0.061014
0.060561
0.060450
0.060513
0.061293
0.061289
0.061445
0.061616
0.060005
0.060095
0.059072
0.059725
0.058607
0.059197
0.058403
0.058111
0.057555
0.058471
0.058581
0.058904
0.060303
0.059939
0.060253
0.061676
0.062447
0.063590
0.062403
0.061119
0.060670
0.060649
0.059994
0.061772
0.062609
0.063553
0.066215
0.065074
0.065960
0.065973
0.064672
0.064589
0.064081
0.062673
0.063411
0.061895
0.061749
0.061743
0.061630
0.063598
0.064228
0.063285
0.063052
0.063628
0.064249
0.064341
0.061845
0.062619
0.061159
0.061349
0.060134
0.062623
0.062999
0.063015
0.063364
0.066216
0.069521
0.070343
0.069601
0.068780
0.068521
0.068015
0.068590
0.067506
0.068074
0.067360
0.066208
0.067394
0.066681
0.066585
0.066195
0.063029
0.061950
0.062137
0.061547
0.061185
0.061606
0.061698
0.061356
0.062578
0.062657
0.062978
0.061336
0.062265
0.062553
0.063356
0.064003
0.064269
0.068224
0.069789
0.072273
0.073195
0.075208
0.077646
0.074714
0.075962
0.079176
0.078102
0.055594
0.054948
0.057850
0.060061
0.060092
0.156941
0.143464
0.141799
0.093178
0.076824
0.059651
0.059948
0.058577
0.059615
0.060735
0.061606
0.060345
0.059857
0.062134
0.062779
0.061626
0.057418
0.061684
0.059158
0.063820
0.064514
0.064809
0.062953
0.062822
0.062567
0.062285
0.062665
0.062587
0.059268
0.059765
0.054511
0.057659
0.057941
0.054411
0.047430
0.046593
0.044994
0.045776
0.049898
0.055624
0.056193
0.058993
0.056849
0.056813
0.056226
0.057624
0.057646
0.057886
0.051132
0.051273
0.050504
0.052430
0.053838
0.055210
0.056720
0.055041
0.056032
0.055677
0.054960
0.054937
0.054549
0.055454
0.054957
0.056002
0.055740
0.055797
0.054026
0.053624
0.053172
0.052276
0.043083
0.042380
0.043037
0.050501
0.044454
0.049272
0.052536
0.053329
0.054436
0.054549
0.055735
0.048676
0.056764
0.052211
0.056795
0.051757
0.052215
0.051539
0.057987
0.056513
0.054083
0.051794
0.049747
0.049012
0.048656
0.048652
0.048257
0.049436
0.049745
0.051368
0.052711
0.052782
0.052471
0.053741
0.052862
0.073767
0.073249
0.073692
0.075423
0.072977
0.079157
0.083614
0.087238
0.081686
0.082357
0.083039
0.083578
0.084259
0.084111
0.082248
0.074371
0.073369
0.072634
0.064947
0.067353
0.069777
0.071817
0.078870
0.081677
0.081540
0.080888
0.077340
0.075911
0.077809
0.076581
0.078381
0.079701
0.072987
0.073602
0.077039
0.076991
0.078557
0.078010
0.079045
0.080252
0.080466
0.079566
0.083745
0.081455
0.083662
0.082900
0.080993
0.082949
0.070714
0.070708
0.069138
0.070821
0.068516
0.065436
0.078356
0.079197
0.071032
0.074460
0.074045
0.077727
0.081098
0.084032
0.089399
0.099326
0.099616
0.095448
0.093126
0.093212
0.091062
0.092830
0.096538
0.097447
0.103096
0.102997
0.101226
0.111832
0.115343
0.105691
0.108490
0.116029
0.115014
0.111865
0.112375
0.103468
0.113585
0.116660
0.116045
0.117219
0.112968
0.115750
0.117002
0.120572
0.119814
0.122317
0.121119
0.120673
0.120342
0.124692
0.128247
0.125452
0.127768
0.128256
0.128301
0.124258
0.121761
0.119117
0.132174
0.114655
0.124827
0.121483
0.118326
0.116530
0.112248
0.111858
0.110031
0.109483
0.091994
0.101122
0.107294
0.098915
0.097008
0.093209
0.081385
0.091059
0.078749
0.077165
0.078705
0.081928
0.082741
0.087771
0.087338
0.088240
0.088936
0.093975
0.100294
0.107814
0.110974
0.113867
0.113132
0.108040
0.111207
0.114287
0.124228
0.121944
0.120868
0.126560
0.122123
0.120305
0.126755
0.117141
0.120968
0.123092
0.122088
0.117223
0.114176
0.110649
0.118784
0.103447
0.067169
0.067270
0.067764
0.066814
0.067207
0.133536
0.142698
0.127820
0.115238
0.101561
0.075900
0.075474
0.077135
0.075442
0.079588
0.078019
0.079689
0.073811
0.073014
0.074061
0.075172
0.073470
0.074311
0.074141
0.071945
0.072625
0.072611
0.073089
0.073930
0.074074
0.073955
0.075683
0.073279
0.072746
0.072473
0.072613
0.072033
0.071169
0.073399
0.073658
0.073013
0.073759
0.072613
0.072100
0.072172
0.072439
0.079494
0.079083
0.086631
0.083448
0.083651
0.086142
0.082305
0.079148
0.077517
0.074664
0.074435
0.068207
0.062689
0.063861
0.061999
0.067106
0.068419
0.070990
0.071817
0.072604
0.074916
0.076790
0.059674
0.061564
0.061966
0.060899
0.061111
0.062458
0.059707
0.059416
0.070954
0.070564
0.069823
0.068793
0.069270
0.066384
0.066130
0.067055
0.069926
0.061559
0.060445
0.068553
0.062416
0.061090
0.059915
0.059916
0.062278
0.061901
0.062741
0.061892
0.060496
0.060215
0.060692
0.060293
0.060246
0.061029
0.060189
0.059201
0.058740
0.059010
0.059163
0.059347
0.059666
0.060009
0.059319
0.059241
0.058253
0.056885
0.057214
0.057623
0.058478
0.058324
0.057507
0.057330
0.056832
0.057263
0.057925
0.057464
0.059177
0.058841
0.057345
0.055687
0.056485
0.054704
0.058220
0.058492
0.055418
0.056531
0.056601
0.056973
0.057372
0.056905
0.052674
0.053262
0.052170
0.051233
0.055022
0.056693
0.056473
0.056525
0.056539
0.057395
0.056790
0.056814
0.059049
0.059677
0.060190
0.057165
0.053846
0.052122
0.051977
0.049850
0.049386
0.051302
0.050577
0.050023
0.049527
0.049870
0.052062
0.054405
0.053800
0.052949
0.054461
0.052517
0.055488
0.054353
0.054872
0.050550
0.050909
0.051527
0.053370
0.056033
0.058602
0.058901
0.059581
0.057554
0.059656
0.059421
0.055998
0.055308
0.053517
0.055612
0.056657
0.054674
0.053512
0.054440
0.057330
0.058091
0.058269
0.058380
0.057885
0.056882
0.058173
0.055721
0.057590
0.056917
0.057811
0.060731
0.062182
0.061645
0.065102
0.066097
0.063090
0.063513
0.063652
0.063511
0.064400
0.064560
0.065815
0.065332
0.064388
0.064090
0.065801
0.066786
0.066582
0.067216
0.067443
0.065949
0.066299
0.064637
0.061964
0.061246
0.059183
0.061519
0.061497
0.059395
0.061074
0.061667
0.063726
0.065522
0.061740
0.063808
0.061319
0.056274
0.103435
0.105491
0.105684
0.102050
0.103090
0.102463
0.103872
0.104976
0.106215
0.104716
0.110329
0.109334
0.109548
0.108570
0.109647
0.105679
0.104923
0.101824
0.100957
0.099121
0.096536
0.088073
0.085179
0.087744
0.085116
0.083527
0.083285
0.084349
0.082319
0.080705
0.090074
0.089944
0.086630
0.094101
0.094865
0.096482
0.105983
0.105476
0.105684
0.109195
0.108970
0.109876
0.110993
0.123082
0.124511
0.126452
0.127432
0.128072
0.127313
0.128436
0.130840
0.122033
0.127339
0.128340
0.123612
0.121940
0.122953
0.118112
0.089297
0.088699
0.087975
0.086723
0.086224
0.124877
0.110174
0.151263
0.164995
0.142440
0.075573
0.074603
0.075214
0.077192
0.076376
0.076787
0.075639
0.070068
0.068295
0.081425
0.082671
0.078045
0.083725
0.083037
0.082687
0.083427
0.077110
0.080119
0.078729
0.075661
0.074305
0.074110
0.070733
0.071567
0.073218
0.074787
0.072675
0.078045
0.078821
0.079549
0.078264
0.083282
0.084725
0.080898
0.084489
0.073469
0.083388
0.075850
0.080337
0.081914
0.080102
0.081359
0.082844
0.082137
0.084654
0.076301
0.082280
0.077267
0.081745
0.082341
0.081961
0.081972
0.082392
0.081817
0.080209
0.078478
0.077660
0.076308
0.074903
0.074094
0.073783
0.073842
0.073002
0.073463
0.073470
0.073928
0.073228
0.073158
0.073021
0.113897
0.108831
0.109024
0.110757
0.111608
0.108388
0.111786
0.113168
0.097290
0.108495
0.099603
0.104067
0.100585
0.099777
0.099245
0.099233
0.101972
0.101545
0.096756
0.095822
0.110348
0.110565
0.104688
0.106730
0.105692
0.111597
0.107203
0.104410
0.103251
0.101528
0.107025
0.105446
0.106003
0.105589
0.103762
0.106086
0.102159
0.106678
0.109601
0.108577
0.121066
0.121801
0.121552
0.121866
0.121056
0.119888
0.119695
0.119784
0.120021
0.121604
0.122500
0.122177
0.121457
0.121891
0.121177
0.125137
0.127439
0.127517
0.128142
0.129926
0.127102
0.128819
0.127935
0.127189
0.125484
0.122164
0.123587
0.121745
0.121416
0.123851
0.123251
0.122787
0.121160
0.133899
0.120665
0.124461
0.122077
0.122730
0.122006
0.121745
0.122833
0.123952
0.107728
0.129904
0.130978
0.130022
0.126983
0.129558
0.125738
0.124687
0.131012
0.132695
0.114999
0.128101
0.124817
0.126514
0.126002
0.124483
0.122763
0.121811
0.115895
0.114850
0.114389
0.114069
0.113979
0.115453
0.116435
0.115594
0.114493
0.115785
0.115470
0.115029
0.116301
0.115344
0.116211
0.115365
0.116402
0.115761
0.115423
0.115980
0.117457
0.089504
0.094759
0.103965
0.100631
0.089155
0.085002
0.093511
0.092821
0.091068
0.071284
0.072427
0.070302
0.067825
0.064615
0.063527
0.063346
0.061072
0.062326
0.058285
0.058726
0.054237
0.061663
0.051171
0.055272
0.053341
0.052561
0.052890
0.054980
0.053810
0.053560
0.052985
0.053150
0.047864
0.047850
0.046226
0.048831
0.049041
0.047331
0.049580
0.050654
0.052048
0.056166
0.056277
0.054840
0.054397
0.055358
0.055755
0.053696
0.055580
0.056329
0.054408
0.053023
0.054607
0.053498
0.051765
0.052046
0.053284
0.053704
0.054243
0.055981
0.056133
0.055448
0.054578
0.052866
0.050303
0.050304
0.049774
0.048279
0.048753
0.049259
0.048071
0.050951
0.053141
0.055183
0.057424
0.058740
0.058604
0.057417
0.056463
0.056015
0.053536
0.051393
0.050450
0.051873
0.053004
0.058685
0.059254
0.063185
0.063967
0.064618
0.065637
0.067235
0.066860
0.064142
0.064835
0.065934
0.067107
0.064061
0.064141
0.066236
0.061715
0.065613
0.067768
0.070036
0.069751
0.070670
0.073063
0.071438
0.072285
0.070816
0.071915
0.071021
0.068867
0.071121
0.070569
0.072001
0.060161
0.060092
0.059334
0.059120
0.060115
0.060955
0.061719
0.062353
0.060961
0.059801
0.059895
0.058934
0.060366
0.059817
0.059780
0.060500
0.059756
0.059233
0.062279
0.064721
0.064872
0.063855
0.064100
0.063255
0.062929
0.062535
0.064235
0.064870
0.063395
0.062671
0.065806
0.068163
0.068822
0.068824
0.067702
0.070399
0.065788
0.064099
0.062366
0.070769
0.073951
0.065750
0.070636
0.077228
0.073799
0.072996
0.074217
0.074266
0.072854
0.072178
0.071906
0.074553
0.073965
0.072095
0.071441
0.155628
0.155850
0.155852
0.155875
0.153529
0.154484
0.154452
0.141466
0.148964
0.151786
0.162756
0.163404
0.141652
0.159231
0.161997
0.119593
0.119948
0.122373
0.156891
0.126185
0.159038
0.126250
0.127761
0.136346
0.170144
0.170806
0.173026
0.176959
0.176482
0.174705
0.155068
0.176557
0.175889
0.176096
0.177710
0.177711
0.177710
0.177708
0.177604
0.177734
0.177759
0.177759
0.177759
0.177759
0.177756
0.177759
0.177759
0.177759
0.177749
0.180963
0.180963
0.180968
0.180968
0.181004
0.180969
0.177716
0.177737
0.177754
0.177736
0.180941
0.180929
0.180926
0.180922
0.180926
0.181002
0.177743
0.177745
0.177745
0.177744
0.177743
0.177743
0.177743
0.177741
0.177741
0.177739
0.178277
0.179935
0.177779
0.179567
0.179440
0.179704
0.178351
0.175805
0.176017
0.182788
0.151994
0.176183
0.173826
0.142297
0.148090
0.175940
0.174911
0.173214
0.172816
0.175983
0.176236
0.175726
0.176267
0.177180
0.178612
0.178359
0.178467
0.178470
0.178468
0.178470
0.178470
