0.478117
0.469837
0.469548
0.469500
0.477222
0.476344
0.476226
0.476168
0.476821
0.470810
0.470766
0.470766
0.470716
0.476581
0.476746
0.464638
0.466732
0.465025
0.462436
0.461834
0.464360
0.459716
0.459552
0.460450
0.460540
0.460644
0.460666
0.460710
0.460846
0.460720
0.461560
0.460692
0.461026
0.455469
0.458214
0.461200
0.459919
0.455644
0.445676
0.436286
0.426816
0.390273
0.268286
0.151132
0.094907
0.063722
0.065934
0.063865
0.064668
0.066125
0.067146
0.064967
0.066577
0.066099
0.065222
0.066001
0.072643
0.066067
0.070169
0.080692
0.097469
0.091046
0.100455
0.109793
0.117940
0.128691
0.108800
0.115824
0.116667
0.118932
0.122306
0.117301
0.113543
0.127745
0.122996
0.118952
0.118572
0.121590
0.127775
0.116573
0.079608
0.090398
0.100937
0.089574
0.110692
0.099182
0.101140
0.099808
0.086754
0.080186
0.079803
0.078930
0.079733
0.077097
0.071095
0.070997
0.070627
0.072244
0.072256
0.081794
0.081214
0.081249
0.080549
0.066941
0.060266
0.072374
0.072743
0.071899
0.064994
0.072018
0.064597
0.065734
0.065457
0.066419
0.066968
0.064862
0.066987
0.065637
0.065493
0.065557
0.065737
0.065455
0.066316
0.065712
0.065713
0.065713
0.065713
0.065713
0.065713
0.065713
0.065713
0.065716
0.065765
0.065179
0.072636
0.090287
0.104437
0.125103
0.067648
0.091896
0.061340
0.061605
0.065574
0.061853
0.062109
0.062111
0.062102
0.074753
0.153304
0.194176
0.203496
0.224103
0.221138
0.232517
0.270611
0.268113
0.234914
0.226223
0.212744
0.238649
0.225065
0.199132
0.198138
0.199189
0.223686
0.218081
0.191490
0.192187
0.183982
0.215447
0.214401
0.193896
0.203382
0.202761
0.237117
0.233950
0.199970
0.190280
0.188150
0.220127
0.225533
0.188958
0.189706
0.182973
0.258198
0.258608
0.230357
0.233584
0.228203
0.250738
0.259807
0.243013
0.251927
0.231814
0.271235
0.273932
0.240216
0.230853
0.237870
0.255375
0.274301
0.238142
0.225359
0.235212
0.240944
0.288726
0.241022
0.061182
0.061786
0.079300
0.096957
0.096092
0.102443
0.093166
0.106735
0.097488
0.113821
0.086452
0.076800
0.103194
0.093205
0.094497
0.095205
0.158682
0.171085
0.190331
0.171096
0.159422
0.163122
0.174667
0.187318
0.180286
0.169678
0.165966
0.179347
0.205406
0.184394
0.166264
0.166343
0.175964
0.204513
0.190566
0.169106
0.169906
0.178562
0.197600
0.181368
0.165754
0.163362
0.181975
0.197738
0.183535
0.118492
0.124635
0.079257
0.086126
0.063002
0.105897
0.125596
0.182341
0.146100
0.130242
0.148788
0.144377
0.164123
0.197615
0.137160
0.178553
0.190040
0.202351
0.221509
0.211912
0.145148
0.173732
0.177680
0.199744
0.188021
0.164181
0.165796
0.168734
0.192296
0.187313
0.160742
0.161119
0.162813
0.186802
0.185496
0.161901
0.168258
0.157071
0.182192
0.181521
0.162633
0.176742
0.199148
0.196272
0.182454
0.177579
0.167581
0.219230
0.204617
0.219343
0.245766
0.191128
0.206841
0.184160
0.160315
0.121956
0.123685
0.143997
0.131100
0.122192
0.117967
0.122725
0.130705
0.129866
0.116591
0.120599
0.114997
0.130760
0.129226
0.125001
0.128087
0.130338
0.135808
0.131223
0.127530
0.128042
0.124917
0.129129
0.129414
0.127160
0.126485
0.127779
0.126112
0.126175
0.102770
0.086147
0.081724
0.076042
0.060433
0.044722
0.034544
0.025209
0.019054
0.013330
0.009230
0.007879
0.008687
0.009016
0.009212
0.009719
0.010030
0.010470
0.010276
0.010314
0.010288
0.010966
0.012789
0.012755
0.012846
0.012991
0.012996
0.013457
0.013026
0.013170
0.013172
0.012015
0.012720
0.011180
0.010671
0.010757
0.010504
0.010202
0.009789
0.009668
0.009530
0.009275
0.009266
0.009367
0.009306
0.008879
0.008819
0.009267
0.008809
0.008814
0.008782
0.008808
0.008782
0.008735
0.008683
0.008688
0.008788
0.008800
0.008703
0.008517
0.008403
0.008407
0.008377
0.008417
0.008509
0.008501
0.008504
0.008533
0.008545
0.008525
0.008518
0.008393
0.008454
0.008519
0.008538
0.008509
0.008462
0.008548
0.008361
0.008405
0.008501
0.008613
0.009048
0.009533
0.010298
0.011120
0.011236
0.011192
0.011193
0.011721
0.011594
0.011263
0.010979
0.010989
0.010851
0.010927
0.011092
0.011178
0.011052
0.010990
0.011090
0.011089
0.011025
0.011052
0.011008
0.011040
0.010966
0.011063
0.010989
0.011062
0.010992
0.010987
0.010961
0.011060
0.011034
0.011092
0.011154
0.010967
0.011022
0.010800
0.010994
0.011206
0.011157
0.010945
0.011178
0.011232
0.011085
0.011065
0.010978
0.010935
0.011085
0.010927
0.010263
0.010198
0.009781
0.009774
0.009871
0.009758
0.009756
0.009621
0.009592
0.009762
0.010015
0.010274
0.010429
0.010685
0.010981
0.010976
0.010935
0.011043
0.011489
0.011244
0.011323
0.011395
0.011354
0.011280
0.010893
0.010777
0.010873
0.010907
0.011017
0.011118
0.011333
0.010885
0.010826
0.010929
0.011065
0.010970
0.010977
0.010488
0.010089
0.009704
0.009671
0.009452
0.009711
0.009811
0.009753
0.009639
0.009405
0.009674
0.009446
0.009432
0.009430
0.009398
0.009509
0.009467
0.009313
0.009854
0.009875
0.010802
0.010824
0.011415
0.011441
0.011524
0.011082
0.011289
0.010318
0.010305
0.009609
0.011551
0.011701
0.011155
0.011169
0.011850
0.011398
0.010758
0.011340
0.011703
0.011367
0.009363
0.009233
0.009678
0.009601
0.010264
0.009799
0.009666
0.009667
0.009791
0.011985
0.012839
0.013031
0.013613
0.012720
0.011244
0.010203
0.010402
0.010594
0.011187
0.012043
0.011858
0.012315
0.011256
0.011854
0.011806
0.011539
0.010933
0.010250
0.010153
0.009992
0.010232
0.010745
0.010495
0.010539
0.010097
0.009749
0.011176
0.011543
0.011660
0.011459
0.011462
0.011548
0.011408
0.011134
0.010743
0.011139
0.011235
0.011260
0.011252
0.011301
0.011179
0.010724
0.010859
0.011266
0.010809
0.009498
0.008920
0.008181
0.008700
0.008671
0.008661
0.008303
0.008198
0.008205
0.007981
0.007989
0.007900
0.007968
0.008032
0.008123
0.008158
0.008217
0.008305
0.008363
0.008384
0.008283
0.111883
0.112084
0.112919
0.113634
0.111893
0.111564
0.113454
0.114035
0.112607
0.113166
0.113567
0.115207
0.113515
0.114827
0.116983
0.121707
0.122298
0.117735
0.120780
0.120112
0.124943
0.122534
0.121577
0.121795
0.115477
0.117123
0.113665
0.110815
0.112815
0.111245
0.113056
0.115484
0.111279
0.111334
0.113784
0.117385
0.116165
0.119597
0.118072
0.121543
0.120010
0.119095
0.119214
0.115574
0.120278
0.117735
0.122065
0.128208
0.120581
0.129119
0.125313
0.123472
0.130755
0.122888
0.127141
0.126689
0.128806
0.128720
0.129726
0.119597
0.120542
0.116451
0.118739
0.121354
0.119811
0.117606
0.124267
0.120403
0.122034
0.127401
0.125689
0.122124
0.126785
0.113368
0.126459
0.111841
0.127583
0.126154
0.122457
0.119756
0.129522
0.115587
0.114849
0.118050
0.130359
0.131776
0.133096
0.134003
0.135763
0.113645
0.118186
0.118384
0.108871
0.109275
0.124709
0.122761
0.122011
0.123448
0.115134
0.122314
0.122227
0.121322
0.120468
0.123792
0.111169
0.110790
0.112032
0.117573
0.117830
0.119374
0.116832
0.116115
0.117019
0.116830
0.116628
0.116673
0.118158
0.117650
0.117380
0.116920
0.116715
0.121484
0.119014
0.117093
0.113113
0.115973
0.110066
0.109553
0.109709
0.089045
0.086550
0.085629
0.089573
0.087601
0.087009
0.085236
0.088642
0.084069
0.084498
0.084837
0.085481
0.084942
0.085561
0.084736
0.085719
0.086271
0.086855
0.086098
0.086599
0.086853
0.086284
0.085849
0.083146
0.083427
0.088055
0.087979
0.085777
0.085930
0.088320
0.088457
0.085996
0.083756
0.083241
0.084090
0.084005
0.083601
0.083688
0.083666
0.083209
0.083613
0.084380
0.084992
0.084322
0.086529
0.084145
0.083319
0.083876
0.083117
0.083417
0.083532
0.083341
0.083341
0.083421
0.083694
0.083350
0.084167
0.084099
0.084554
0.084679
0.084514
0.084360
0.085289
0.086218
0.086043
0.085466
0.084617
0.084533
0.084900
0.084143
0.085859
0.084838
0.085734
0.085826
0.085107
0.085117
0.085937
0.085717
0.086202
0.086524
0.087311
0.086238
0.085666
0.084226
0.082830
0.082800
0.082753
0.083146
0.081930
0.082429
0.080538
0.083079
0.083316
0.082257
0.083180
0.081849
0.082924
0.082705
0.082352
0.083085
0.082576
0.082480
0.081313
0.081666
0.082189
0.082707
0.083502
0.082261
0.082501
0.082654
0.083907
0.082779
0.084254
0.083143
0.082851
0.083505
0.083359
0.083526
0.083696
0.083419
0.083623
0.082634
0.082072
0.083238
0.082003
0.082425
0.082742
0.082188
0.082716
0.083359
0.082590
0.082253
0.082685
0.082606
0.082813
0.083056
0.082134
0.082447
0.082904
0.082286
0.081953
0.081626
0.080356
0.082977
0.083490
0.083396
0.083246
0.083613
0.082703
0.083895
0.081728
0.083033
0.082237
0.081319
0.080459
0.082049
0.081043
0.084814
0.083632
0.064430
0.064247
0.065526
0.064469
0.063189
0.063624
0.063285
0.063720
0.063479
0.065540
0.063535
0.065782
0.065290
0.065373
0.067107
0.064988
0.065968
0.065048
0.065252
0.065506
0.065202
0.064887
0.065181
0.067260
0.062329
0.066024
0.065816
0.062565
0.064406
0.063745
0.065580
0.066230
0.065239
0.063386
0.063398
0.065381
0.064864
0.067065
0.067691
0.068278
0.068251
0.068592
0.068194
0.068201
0.066171
0.065992
0.066964
0.066284
0.063084
0.065863
0.067178
0.063291
0.062431
0.062780
0.065841
0.063400
0.062495
0.062614
0.062215
0.063521
0.061895
0.070070
0.069273
0.068861
0.056906
0.055828
0.061880
0.064604
0.064547
0.065230
0.060990
0.058766
0.062105
0.065373
0.062172
0.065541
0.066328
0.066092
0.065264
0.066057
0.065329
0.068362
0.065414
0.063197
0.066313
0.065186
0.070070
0.064284
0.062465
0.064719
0.064808
0.064342
0.066562
0.067008
0.066168
0.067210
0.067719
0.066564
0.067176
0.065999
0.066120
0.065939
0.059769
0.067000
0.068052
0.068264
0.067317
0.063428
0.065346
0.009746
0.009059
0.008926
0.009119
0.009169
0.008996
0.009035
0.009090
0.009129
0.009009
0.008918
0.009117
0.009359
0.010964
0.011238
0.011628
0.011677
0.010559
0.009548
0.008978
0.008991
0.009516
0.009395
0.009419
0.009596
0.009579
0.009285
0.009024
0.008900
0.008938
0.008975
0.009057
0.009066
0.008839
0.008853
0.008732
0.008892
0.009421
0.009534
0.010641
0.011036
0.011121
0.010943
0.010747
0.010564
0.009243
0.008871
0.009226
0.008875
0.008633
0.008602
0.008521
0.008447
0.008308
0.008391
0.008652
0.008887
0.008554
0.008479
0.008225
0.008058
0.007955
0.008232
0.008186
0.008123
0.008179
0.008214
0.008067
0.008035
0.008167
0.008411
0.008302
0.008340
0.008302
0.008343
0.008437
0.008227
0.008214
0.008344
0.008269
0.008289
0.008245
0.008301
0.008316
0.008392
0.008648
0.008796
0.008558
0.008598
0.008568
0.008721
0.008962
0.008967
0.008927
0.008849
0.008678
0.008885
0.008930
0.008763
0.008929
0.008819
0.008644
0.008576
0.008601
0.008679
0.008488
0.008326
0.008238
0.008195
0.007930
0.008263
0.007932
0.008259
0.008328
0.008071
0.008225
0.008286
0.008144
0.008287
0.008147
0.008151
0.007998
0.008079
0.008013
0.008043
0.008104
0.008036
0.008013
0.008068
0.008089
0.007726
0.007788
0.007908
0.008063
0.007944
0.007925
0.007917
0.007838
0.007863
0.009566
0.011714
0.015809
0.020706
0.027142
0.034570
0.042586
0.051060
0.059050
0.071957
0.080193
0.084273
0.084345
0.084323
0.084709
0.082715
0.084210
0.085102
0.085121
0.085908
0.084730
0.084916
0.081739
0.085503
0.085277
0.085539
0.085753
0.085556
0.086422
0.087102
0.086376
0.085946
0.086173
0.086631
0.083971
0.084707
0.084518
0.085314
0.085088
0.085569
0.088082
0.086165
0.086589
0.086515
0.086403
0.086331
0.085311
0.087445
0.086645
0.086958
0.085970
0.088843
0.086951
0.087195
0.087320
0.088790
0.088140
0.088186
0.088074
0.088882
0.084677
0.086168
0.089388
0.089397
0.091169
0.090321
0.089331
0.090567
0.088184
0.088319
0.087912
0.089977
0.089676
0.090845
0.090167
0.089321
0.088044
0.088311
0.091822
0.088689
0.086927
0.086532
0.087689
0.087305
0.086998
0.086419
0.084671
0.086987
0.086247
0.087954
0.090856
0.091682
0.091169
0.091246
0.090823
0.090394
0.086139
0.086228
0.085305
0.084953
0.083991
0.083813
0.084909
0.084072
0.085040
0.087368
0.089192
0.088292
0.086117
0.087374
0.087980
0.088335
0.088676
0.090289
0.089308
0.086654
0.086976
0.086847
0.087364
0.087095
0.089420
0.089054
0.089430
0.086056
0.087126
0.093265
0.094141
0.094454
0.094848
0.093834
0.093756
0.093571
0.088985
0.094145
0.093316
0.089416
0.089265
0.084262
0.088073
0.088030
0.085064
0.088939
0.086584
0.086184
0.086488
0.089787
0.087998
0.086278
0.089084
0.087515
0.088274
0.088534
0.088910
0.088048
0.085269
0.087823
0.086134
0.088219
0.084417
0.086808
0.083855
0.086091
0.086493
0.086907
0.085707
0.087484
0.083715
0.085217
0.109407
0.091633
0.110764
0.110643
0.111459
0.110221
0.109132
0.109466
0.092938
0.092854
0.093079
0.094398
0.093422
0.112857
0.093877
0.093705
0.093071
0.094611
0.095212
0.094409
0.109881
0.114725
0.113402
0.096508
0.096848
0.106463
0.089452
0.088031
0.087877
0.092936
0.088360
0.087626
0.087109
0.088165
0.089863
0.090301
0.087877
0.088306
0.088286
0.088291
0.088534
0.087959
0.088367
0.090819
0.090700
0.092666
0.092198
0.091143
0.089588
0.093769
0.094796
0.094491
0.097728
0.098921
0.095218
0.094521
0.095196
0.095609
0.093963
0.096036
0.094367
0.097757
0.096162
0.097263
0.095457
0.095218
0.093817
0.094692
0.095165
0.093943
0.094900
0.095088
0.094685
0.095554
0.096308
0.095633
0.094755
0.094749
0.095069
0.096129
0.096576
0.096433
0.096098
0.094524
0.095484
0.097696
0.094839
0.095149
0.096101
0.094230
0.093698
0.096656
0.093234
0.097763
0.096997
0.098449
0.098997
0.098598
0.097616
0.098724
0.098347
0.098679
0.099623
0.097399
0.103602
0.094903
0.096105
0.103362
0.098919
0.098398
0.096833
0.096309
0.094608
0.095015
0.098232
0.098253
0.098016
0.097280
0.096892
0.095258
0.094123
0.096340
0.093878
0.096348
0.096595
0.096807
0.108929
0.105246
0.108016
0.105602
0.095686
0.097641
0.098974
0.108198
0.108277
0.105352
0.071882
0.072480
0.072755
0.073502
0.072582
0.072890
0.072829
0.073700
0.076893
0.076048
0.076801
0.077505
0.076715
0.076552
0.077191
0.076645
0.077280
0.077408
0.077865
0.077657
0.078035
0.077975
0.077988
0.077468
0.076944
0.077791
0.077718
0.078487
0.078856
0.079320
0.079343
0.079647
0.080017
0.081208
0.081397
0.080604
0.081403
0.081277
0.083778
0.083608
0.084262
0.084680
0.084538
0.084882
0.082013
0.058433
0.081859
0.085511
0.086014
0.085976
0.057916
0.085790
0.085961
0.058471
0.059107
0.061948
0.064369
0.057898
0.058726
0.062539
0.061374
0.062537
0.061779
0.064615
0.058858
0.054737
0.056453
0.065117
0.064920
0.065605
0.065218
0.066400
0.065596
0.065663
0.065716
0.065384
0.066095
0.065699
0.064326
0.066561
0.066575
0.065981
0.063609
0.065512
0.067466
0.067552
0.066856
0.064734
0.066656
0.069343
0.064944
0.066522
0.067357
0.066520
0.066192
0.066681
0.066632
0.065547
0.064888
0.064305
0.064083
0.063592
0.063404
0.063600
0.064379
0.065158
0.064045
0.064925
0.064177
0.064076
0.064381
0.064843
0.064208
0.064605
0.064799
0.064568
0.067829
0.064055
0.064006
0.063522
0.063857
0.064035
0.064251
0.064601
0.065417
0.066926
0.065669
0.065583
0.066398
0.065361
0.066666
0.066766
0.066621
0.066936
0.066726
0.067413
0.068231
0.064576
0.068532
0.068254
0.008437
0.008525
0.008626
0.009083
0.009227
0.009172
0.009033
0.008834
0.008966
0.008815
0.008143
0.008106
0.008328
0.008176
0.008675
0.008650
0.008648
0.008561
0.008558
0.008401
0.008581
0.008353
0.008332
0.008516
0.008560
0.008470
0.008436
0.008539
0.008530
0.008470
0.008482
0.008557
0.008464
0.008486
0.008567
0.008586
0.008689
0.008757
0.008798
0.008916
0.009014
0.009029
0.009091
0.009074
0.008944
0.009046
0.008956
0.008971
0.009135
0.008991
0.009539
0.009604
0.009592
0.009723
0.009698
0.009315
0.009146
0.009118
0.008761
0.009483
0.009563
0.009807
0.009960
0.009929
0.009590
0.009608
0.009577
0.009435
0.009234
0.009169
0.009531
0.009480
0.009117
0.009240
0.009139
0.009101
0.009169
0.009249
0.009388
0.009394
0.009108
0.009120
0.008760
0.008893
0.008628
0.008578
0.008929
0.009231
0.009291
0.009166
0.008760
0.008511
0.008491
0.008566
0.009066
0.009246
0.008829
0.009234
0.008687
0.008766
0.009163
0.008801
0.008866
0.009021
0.008622
0.008573
0.008827
0.008428
0.008742
0.008626
0.008750
0.008751
0.008574
0.008477
0.008709
0.009128
0.010580
0.010780
0.011075
0.010924
0.010725
0.010881
0.010787
0.010851
0.010808
0.010841
0.010786
0.010862
0.010841
0.010851
0.010804
0.010793
0.010801
0.010827
0.010747
0.010717
0.010841
0.010859
0.010871
0.010797
0.010870
0.010755
0.010673
0.010839
0.010784
0.010681
0.010693
0.010886
0.010992
0.010876
0.010030
0.009722
0.009485
0.008586
0.008554
0.008546
0.008620
0.008547
0.008618
0.008719
0.008616
0.008564
0.008538
0.007971
0.008276
0.009602
0.011826
0.011104
0.011950
0.011719
0.012053
0.012331
0.012021
0.011647
0.012433
0.010926
0.010901
0.010814
0.010333
0.010076
0.010273
0.009443
0.009338
0.009504
0.008826
0.008926
0.008981
0.009440
0.009733
0.009153
0.008910
0.009034
0.009165
0.007915
0.007036
0.006629
0.006624
0.006545
0.006230
0.005865
0.005246
0.004653
0.003919
0.003248
0.002797
0.002300
0.001833
0.001466
0.000562
0.000569
0.000624
0.000655
0.000728
0.000733
0.000745
0.000712
0.000656
0.000584
0.000599
0.000609
0.000608
0.000615
0.000618
0.000635
0.000647
0.000666
0.000835
0.000791
0.000681
0.000663
0.000690
0.000701
0.000846
0.000683
0.000641
0.000617
0.000638
0.000715
0.001046
0.001451
0.001776
0.002263
0.002371
0.002447
0.002494
0.002703
0.002705
0.002340
0.002167
0.002025
0.002174
0.002155
0.002124
0.002065
0.002015
0.001970
0.001904
0.001743
0.001535
0.001343
0.000993
0.000758
0.000644
0.000519
0.000463
0.000347
0.000299
0.000207
0.000115
0.000033
0.000000
0.000093
0.000556
0.001216
0.001649
0.002246
0.002788
0.003109
0.003690
0.004121
0.004159
0.004460
0.004622
0.004676
0.004780
0.004745
0.004611
0.004756
0.004870
0.005383
0.005547
0.005607
0.004849
0.006250
0.007262
0.007273
0.007273
0.007261
0.007263
0.007242
0.007160
0.007147
0.006918
0.008218
0.010802
0.015349
0.021681
0.029119
0.037887
0.049300
0.062158
0.077123
0.091942
