0.312626
0.252109
0.206462
0.175249
0.157246
0.155805
0.154631
0.154223
0.153817
0.154318
0.153169
0.153695
0.153584
0.153132
0.153143
0.153042
0.153508
0.153430
0.153434
0.153421
0.153421
0.153421
0.153420
0.153427
0.153381
0.153466
0.153504
0.153539
0.153599
0.153528
0.153520
0.153463
0.153568
0.153461
0.153539
0.153503
0.153527
0.153530
0.153500
0.153460
0.153574
0.153544
0.153540
0.153474
0.153479
0.153477
0.153479
0.153608
0.153607
0.153612
0.153556
0.153442
0.153442
0.153442
0.153443
0.153443
0.153443
0.153443
0.153443
0.153460
0.153460
0.153460
0.153461
0.153458
0.153458
0.153458
0.153468
0.152220
0.152511
0.105814
0.106556
0.106780
0.108682
0.109589
0.105533
0.109790
0.109878
0.101931
0.109960
0.109658
0.109742
0.111602
0.109670
0.110024
0.110154
0.110569
0.108263
0.109019
0.110176
0.111089
0.113378
0.112682
0.114697
0.109966
0.110144
0.115829
0.116352
0.116220
0.112641
0.112892
0.111099
0.102330
0.104515
0.118838
0.117210
0.086261
0.087716
0.092016
0.094613
0.105983
0.112294
0.112194
0.108972
0.108737
0.109505
0.111055
0.112072
0.117067
0.115525
0.115971
0.116487
0.102411
0.106127
0.105679
0.106939
0.105125
0.105036
0.108285
0.107108
0.103289
0.105522
0.102287
0.102373
0.103422
0.104606
0.105958
0.101150
0.107412
0.108493
0.105201
0.104848
0.117170
0.117388
0.116103
0.118567
0.121775
0.103855
0.103252
0.107255
0.105815
0.104617
0.106075
0.105408
0.107130
0.103994
0.107360
0.107277
0.113319
0.113737
0.112538
0.110899
0.111531
0.111025
0.110595
0.110558
0.106854
0.105506
0.109305
0.111747
0.116739
0.110212
0.110233
0.108141
0.104790
0.109621
0.107496
0.107541
0.107806
0.102027
0.109322
0.106988
0.100381
0.094683
0.096394
0.092566
0.101750
0.103127
0.102366
0.099326
0.100085
0.099147
0.099659
0.101909
0.101236
0.101472
0.100907
0.100414
0.102325
0.107439
0.109120
0.109608
0.109335
0.110374
0.110655
0.112044
0.111705
0.107884
0.104395
0.088628
0.087508
0.090364
0.087537
0.091238
0.092218
0.091045
0.090882
0.094492
0.090193
0.090582
0.092554
0.085048
0.090891
0.089157
0.092315
0.091183
0.088800
0.091473
0.094326
0.097323
0.098781
0.099044
0.110068
0.105728
0.264642
0.173187
0.251835
0.223244
0.235660
0.212373
0.214930
0.224618
0.178767
0.210735
0.153371
0.182092
0.198500
0.183272
0.218235
0.200076
0.201727
0.192451
0.181361
0.212993
0.224741
0.207096
0.183021
0.216390
0.188134
0.173354
0.208829
0.277780
0.176140
0.238212
0.228990
0.236416
0.194446
0.178830
0.236876
0.197967
0.246676
0.245960
0.206596
0.228392
0.224745
0.237692
0.232947
0.172514
0.192775
0.218635
0.150392
0.121563
0.209971
0.163928
0.205274
0.189317
0.168913
0.208218
0.122524
0.214793
0.218572
0.141884
0.155982
0.221639
0.235497
0.224021
0.252015
0.171180
0.149172
0.152922
0.211871
0.164264
0.213188
0.186530
0.257305
0.218419
0.230592
0.206097
0.100283
0.100657
0.100263
0.098721
0.101112
0.100543
0.107299
0.099450
0.099652
0.098589
0.107813
0.098925
0.097558
0.101181
0.103504
0.099433
0.101788
0.102877
0.103439
0.103939
0.101542
0.104883
0.105494
0.106813
0.105414
0.105466
0.105527
0.102054
0.103086
0.103095
0.106949
0.101166
0.124016
0.102119
0.104565
0.101324
0.099018
0.097088
0.096014
0.105231
0.101988
0.099716
0.099162
0.099871
0.093572
0.098962
0.099783
0.100238
0.099377
0.099164
0.098608
0.099644
0.096473
0.098183
0.099466
0.129170
0.114853
0.125095
0.117264
0.113114
0.112589
0.106366
0.123128
0.125668
0.124561
0.126043
0.123446
0.125896
0.128851
0.130858
0.136053
0.131371
0.135440
0.131309
0.133697
0.131946
0.127541
0.127249
0.122310
0.124214
0.126564
0.123204
0.124787
0.114104
0.110824
0.115033
0.112329
0.107389
0.113150
0.115398
0.116716
0.123771
0.122282
0.119188
0.110834
0.118707
0.114925
0.130727
0.112646
0.110128
0.114969
0.109146
0.115835
0.111619
0.019059
0.018132
0.015892
0.014700
0.015063
0.014237
0.014505
0.013125
0.013766
0.012521
0.012060
0.013749
0.017597
0.018978
0.022588
0.022309
0.021317
0.018336
0.004118
0.003367
0.003730
0.004022
0.006951
0.009308
0.014544
0.019392
0.022140
0.020352
0.017331
0.014755
0.011570
0.001963
0.000894
0.000164
0.000000
0.000087
0.000232
0.000602
0.001009
0.001171
0.003898
0.009550
0.013910
0.014365
0.018083
0.018703
0.020287
0.020341
0.019388
0.019431
0.020789
0.024460
0.022623
0.021777
0.024146
0.021593
0.021419
0.020947
0.020168
0.020723
0.020926
0.020460
0.019625
0.020311
0.024369
0.021528
0.024907
0.024161
0.025152
0.021476
0.016447
0.015476
0.015852
0.016718
0.016687
0.016213
0.015944
0.132230
0.120574
0.117861
0.150495
0.149363
0.155718
0.151258
0.150822
0.150556
0.153888
0.158150
0.154805
0.163030
0.133464
0.147177
0.148104
0.148754
0.150611
0.147870
0.150802
0.154799
0.160167
0.160654
0.159214
0.161298
0.158060
0.157522
0.158659
0.155827
0.154378
0.156348
0.142376
0.152815
0.156304
0.153106
0.162804
0.159804
0.143961
0.138857
0.145753
0.138316
0.142175
0.160985
0.156216
0.162415
0.158723
0.158637
0.159399
0.154291
0.155698
0.157590
0.157196
0.158445
0.157005
0.160492
0.155517
0.153358
0.139540
0.155394
0.154378
0.160448
0.142309
0.141496
0.138389
0.138974
0.146946
0.139926
0.122483
0.138764
0.154458
0.155370
0.139057
0.139180
0.138444
0.135501
0.134948
0.130803
0.145634
0.144664
0.143429
0.141619
0.147239
0.153222
0.152764
0.153765
0.156193
0.150096
0.155280
0.144522
0.143267
0.143996
0.142560
0.138773
0.135492
0.159488
0.136290
0.132759
0.138705
0.135563
0.140025
0.143717
0.092138
0.092591
0.097018
0.098613
0.095552
0.099460
0.089837
0.095392
0.093094
0.092014
0.092948
0.093280
0.092740
0.095451
0.092790
0.097764
0.095315
0.085382
0.084487
0.083419
0.083281
0.105377
0.095867
0.099298
0.093279
0.102754
0.100804
0.089291
0.105312
0.113093
0.110114
0.107849
0.106783
0.123951
0.105268
0.103876
0.096465
0.109265
0.115316
0.122437
0.118478
0.128296
0.112530
0.114529
0.119336
0.117304
0.116241
0.112350
0.107069
0.101172
0.099114
0.096373
0.100708
0.098946
0.103561
0.097133
0.091758
0.097896
0.100143
0.106887
0.110387
0.108279
0.107643
0.119818
0.114619
0.112399
0.110690
0.107226
0.102186
0.121750
0.102317
0.098312
0.097570
0.096358
0.102389
0.097879
0.099187
0.101734
0.100832
0.104553
0.108594
0.108387
0.111421
0.114865
0.114513
0.118527
0.121366
0.121433
0.120957
0.118181
0.111907
0.112180
0.113446
0.102584
0.101027
0.106640
0.104874
0.099999
0.131815
0.099876
0.134353
0.099249
0.101954
0.106867
0.107190
0.116592
0.113149
0.121152
0.103758
0.099297
0.099475
0.093536
0.130027
0.097854
0.177865
0.139141
0.116781
0.122493
0.150991
0.189016
0.131022
0.131185
0.134477
0.135790
0.120436
0.152453
0.129333
0.140437
0.151159
0.138583
0.181989
0.121275
0.134420
0.153064
0.141725
0.141233
0.121043
0.144934
0.142766
0.150962
0.143158
0.143655
0.137697
0.134061
0.180582
0.135469
0.132178
0.140032
0.133106
0.119890
0.142530
0.117916
0.197543
0.162695
0.123759
0.126507
0.112674
0.111916
0.096862
0.110129
0.109386
0.155478
0.105943
0.126347
0.130214
0.122284
0.120461
0.137239
0.130184
0.132342
0.102104
0.101045
0.116694
0.127550
0.126053
0.124364
0.125538
0.147676
0.152006
0.154125
0.108904
0.140028
0.082163
0.094820
0.090437
0.121813
0.095959
0.089186
0.093029
0.079459
0.090558
0.086276
0.083012
0.086101
0.092997
0.106082
0.112940
0.118135
0.100042
0.099495
0.100378
0.101239
0.099394
0.105905
0.100080
0.099339
0.099181
0.099009
0.099222
0.099444
0.098679
0.098844
0.098646
0.098254
0.099036
0.098312
0.099078
0.099315
0.100692
0.099880
0.100077
0.100898
0.100125
0.101075
0.100198
0.101093
0.100437
0.100383
0.100734
0.100420
0.100410
0.100206
0.099962
0.100524
0.100164
0.099873
0.100533
0.100250
0.100416
0.099770
0.100646
0.099809
0.100199
0.100380
0.099875
0.099410
0.099217
0.099044
0.099660
0.099044
0.099503
0.100292
0.100074
0.099262
0.099448
0.101148
0.099783
0.101356
0.101147
0.099478
0.101879
0.099329
0.100539
0.099148
0.100722
0.102145
0.100375
0.102616
0.102354
0.102160
0.100711
0.102505
0.103156
0.101009
0.103119
0.102471
0.101750
0.100527
0.100659
0.102219
0.114010
0.117996
0.118107
0.118100
0.116183
0.119053
0.119139
0.117457
0.118733
0.118127
0.118513
0.117348
0.120680
0.119413
0.118454
0.119095
0.118825
0.117124
0.118791
0.117254
0.119451
0.118070
0.118459
0.119090
0.118260
0.118055
0.120331
0.120610
0.121202
0.123564
0.123853
0.121691
0.121240
0.120942
0.120914
0.122257
0.121945
0.115703
0.114856
0.124106
0.123885
0.123141
0.125387
0.126426
0.126485
0.126586
0.128032
0.128013
0.128893
0.128975
0.130116
0.130328
0.127880
0.130147
0.129927
0.128726
0.131291
0.130962
0.129371
0.130525
0.130399
0.129909
0.122999
0.121734
0.127158
0.133174
0.133602
0.132751
0.130124
0.121088
0.123249
0.130324
0.130779
0.131180
0.129427
0.130757
0.131734
0.127800
0.130818
0.130571
0.127460
0.133017
0.116232
0.117834
0.125221
0.123155
0.128106
0.126608
0.110785
0.101890
0.095402
0.095302
0.094979
0.093677
0.094167
0.094226
0.093621
0.092732
0.093373
0.093174
0.093541
0.093422
0.096198
0.118179
0.096749
0.094743
0.093590
0.093194
0.093722
0.093988
0.093569
0.094243
0.094473
0.094132
0.092810
0.093248
0.093516
0.093220
0.093404
0.093912
0.093924
0.093770
0.093394
0.093560
0.093584
0.093815
0.093367
0.093520
0.093650
0.093598
0.094918
0.093665
0.093075
0.093302
0.092764
0.093853
0.093929
0.092554
0.092488
0.092396
0.092718
0.093445
0.093804
0.093746
0.094098
0.092519
0.094069
0.093888
0.103650
0.103612
0.103048
0.103316
0.102028
0.104040
0.102693
0.106490
0.105323
0.107381
0.107072
0.105114
0.104887
0.105017
0.107427
0.107903
0.107460
0.107770
0.108887
0.109559
0.109194
0.108830
0.106923
0.107199
0.108302
0.108548
0.108209
0.107107
0.108114
0.108100
0.108681
0.109259
0.108707
0.109160
0.109220
0.109606
0.108773
0.108701
0.108962
0.109034
0.109620
0.109210
0.109481
0.109924
0.109841
0.109784
0.083796
0.086931
0.086804
0.086480
0.087113
0.086755
0.087822
0.093159
0.087338
0.093866
0.094949
0.087655
0.089035
0.087355
0.086337
0.088062
0.091692
0.087712
0.088248
0.088329
0.087447
0.085532
0.082157
0.085012
0.085821
0.085488
0.083863
0.083977
0.084541
0.082439
0.083921
0.083413
0.082659
0.083219
0.082773
0.082213
0.081258
0.081122
0.081550
0.081314
0.082094
0.082265
0.080692
0.081355
0.082640
0.080650
0.080194
0.084850
0.084447
0.084477
0.085383
0.080294
0.084098
0.084188
0.085072
0.084940
0.085199
0.082097
0.085836
0.086567
0.085431
0.083544
0.083059
0.084484
0.083885
0.082960
0.082146
0.082170
0.079216
0.079508
0.080154
0.080869
0.080930
0.078326
0.079317
0.078833
0.079212
0.078357
0.078932
0.078952
0.081138
0.080300
0.082437
0.079417
0.080580
0.080621
0.080540
0.081384
0.080180
0.079404
0.080300
0.079771
0.079640
0.079907
0.080195
0.080562
0.080084
0.079968
0.081571
0.080665
0.080396
0.081840
0.080130
0.080385
0.080359
0.080496
0.080215
0.079834
0.080317
0.080763
0.080790
0.079653
0.078805
0.078674
0.080302
0.079746
0.079753
0.078512
0.077984
0.078354
0.078292
0.078649
0.078020
0.077936
0.078208
0.077410
0.078513
0.077351
0.077556
0.078241
0.079493
0.078900
0.079524
0.078829
0.080381
0.078438
0.080350
0.079495
0.081024
0.080372
0.079598
0.079906
0.080121
0.080999
0.084566
0.086086
0.084743
0.085620
0.085761
0.085543
0.084653
0.084811
0.085693
0.085350
0.085318
0.086357
0.084682
0.086217
0.088466
0.088711
0.086280
0.085381
0.085097
0.087278
0.085287
0.085329
0.083307
0.084895
0.083190
0.084867
0.087083
0.086452
0.086781
0.084332
0.087254
0.087105
0.083434
0.086265
0.083672
0.084427
0.084395
0.084456
0.084571
0.084290
0.084572
0.086077
0.083956
0.084715
0.085328
0.085356
0.086277
0.085813
0.085594
0.086736
0.087630
0.086049
0.086802
0.085032
0.087244
0.086673
0.087391
0.087534
0.086977
0.087393
0.084410
0.084351
0.084571
0.084477
0.084322
0.084304
0.083674
0.083767
0.083647
0.084244
0.084643
0.085122
0.084811
0.082912
0.084108
0.082755
0.081994
0.082540
0.084379
0.084615
0.084086
0.084244
0.082039
0.085845
0.084371
0.084044
0.083449
0.083484
0.084915
0.082575
0.083640
0.083551
0.083429
0.083195
0.083149
0.082182
0.082493
0.082322
0.083173
0.083180
0.082887
0.081660
0.081677
0.082705
0.083372
0.082592
0.083215
0.081488
0.082469
0.084587
0.084009
0.084046
0.081509
0.082918
0.084344
0.084246
0.084645
0.083160
0.085130
0.084411
0.084245
0.083093
0.083074
0.082572
0.084091
0.083878
0.083543
0.083869
0.083559
0.083695
0.083987
0.083793
0.083775
0.083436
0.083346
0.083509
0.081213
0.081255
0.081365
0.080961
0.083706
0.080996
0.080436
0.080911
0.081025
0.081440
0.081369
0.081510
0.081059
0.081361
0.081456
0.081806
0.081527
0.082050
0.082168
0.082363
0.082066
0.081629
0.082376
0.111525
0.114285
0.118246
0.120100
0.122191
0.120931
0.120396
0.127391
0.125595
0.126944
0.125578
0.128863
0.134807
0.132725
0.124891
0.125085
0.131037
0.124223
0.129115
0.103630
0.125887
0.105852
0.126198
0.117850
0.125355
0.123499
0.118904
0.127892
0.144194
0.128480
0.129407
0.131227
0.131932
0.134809
0.125547
0.126218
0.125444
0.125921
0.123691
0.122500
0.124397
0.124680
0.126163
0.125153
0.127928
0.123205
0.128890
0.125426
0.121026
0.113455
0.113910
0.116652
0.106329
0.092974
0.128146
0.123193
0.119333
0.105937
0.112523
0.119561
0.110236
0.087451
0.122361
0.102704
0.093391
0.102630
0.105055
0.122822
0.108584
0.114165
0.100540
0.130326
0.119841
0.114211
0.119493
0.124266
0.122246
0.129077
0.095780
0.104476
0.087664
0.137953
0.104098
0.127403
0.105812
0.119667
0.128176
0.134896
0.132189
0.130936
0.134928
0.130854
0.130034
0.123042
0.093604
0.123959
0.084360
0.107331
0.113709
0.100152
0.113888
0.105107
0.116190
0.119143
0.115355
0.111649
0.099761
0.117092
0.113632
0.104827
0.115298
0.076370
0.098339
0.082031
0.124584
0.116851
0.102140
0.111269
0.119520
0.118445
0.122592
0.126831
0.133392
0.122141
0.133353
0.123912
0.114838
0.131294
0.105976
0.132038
0.122517
0.103757
0.126565
0.123974
0.121950
0.098105
0.122448
0.122152
0.120731
0.121835
0.114813
0.116966
0.115361
0.115551
0.113021
0.114653
0.114726
0.114598
0.115462
0.115191
0.120456
0.127519
0.121606
0.133839
0.140906
0.140645
0.141052
0.140824
0.146350
0.144441
0.142946
0.145757
0.146647
0.143467
0.141580
0.142318
0.139914
0.142428
0.143888
0.150780
0.143992
0.149853
0.135485
0.142182
0.142845
0.152416
0.154600
0.149095
0.146654
0.145493
0.146809
0.147713
0.144876
0.146539
0.147576
0.148739
0.149883
0.151125
0.153727
0.151846
0.154395
0.157205
0.150343
0.154343
0.152864
0.148601
0.150016
0.145374
0.146327
0.143945
0.146882
0.146356
0.170544
0.169189
0.170490
0.168523
0.168517
0.164545
0.168329
0.164985
0.166309
0.165199
0.167139
0.167667
0.168228
0.169340
0.169708
0.170114
0.171027
0.164950
0.168501
0.162202
0.169792
0.168097
0.167604
0.164284
0.165165
0.159761
0.162168
0.169202
0.160945
0.170075
0.160444
0.167870
0.158998
0.159267
0.163431
0.164543
0.167966
0.166650
0.162088
0.168257
0.163523
0.165108
0.164195
0.164421
0.164758
0.165264
0.176292
0.175736
0.175886
0.179236
0.170091
0.174093
0.171600
0.168794
0.165294
0.170026
0.169045
0.166929
0.169213
0.170006
0.169312
0.171336
0.172378
0.167937
0.169757
0.172205
0.173522
0.172417
0.170640
0.171349
0.170760
0.173197
0.170685
0.172631
0.171847
0.171331
0.170219
0.169546
0.169465
0.169020
0.169120
0.168927
0.166916
0.163142
0.168597
0.159663
0.167576
0.167481
0.168576
0.164701
0.168233
0.167332
0.168522
0.167821
0.166850
0.166158
0.168073
0.169256
0.165715
0.164564
0.169183
0.168345
0.157033
0.164363
0.166909
0.163786
0.163494
0.166285
0.164150
0.163033
0.162319
0.161764
0.159106
0.161159
0.161583
0.159725
0.158443
0.160145
0.154664
0.157217
0.159421
0.159664
0.154244
0.154155
0.155167
0.154645
0.156227
0.156969
0.157122
0.156332
0.155385
0.155864
0.155276
0.119100
0.104219
0.110705
0.114194
0.115411
0.119848
0.121676
0.120342
0.137141
0.130579
0.141255
0.131206
0.127555
0.116750
0.117309
0.120261
0.099420
0.119791
0.104796
0.107822
0.102076
0.099672
0.131737
0.107782
0.103745
0.094660
0.120773
0.107803
0.105243
0.095006
0.103558
0.097503
0.108348
0.100497
0.093190
0.092555
0.095816
0.104719
0.092138
0.090651
0.101984
0.089449
0.090282
0.089048
0.092329
0.091633
0.092790
0.114921
0.094526
0.090676
0.093884
0.086179
0.089470
0.092570
0.091807
0.090456
0.107952
0.093831
0.088621
0.092574
0.112798
0.102476
0.107871
0.090844
0.111120
0.089808
0.087490
0.085999
0.089366
0.106883
0.083079
0.077202
0.080729
0.082934
0.089042
0.091170
0.081732
0.082170
0.082250
0.081266
0.080383
0.081011
0.079001
0.078085
0.082193
0.079167
0.077770
0.074309
0.072447
0.075160
0.078449
0.076447
0.074249
0.082437
0.072152
0.073947
0.073065
0.081500
0.073473
0.081925
0.073621
0.073697
0.072533
0.073149
0.071639
0.077316
0.071548
0.073158
0.081794
0.071951
0.071643
0.074772
0.072497
0.075824
0.075888
0.076141
0.091106
0.080719
0.083754
0.088481
0.087840
0.097479
0.102434
0.102412
0.101135
0.099855
0.099557
0.105603
0.102622
0.096952
0.094722
0.097467
0.094837
0.101539
0.094461
0.096075
0.098746
0.093781
0.093924
0.093505
0.091519
0.092906
0.092844
0.092621
0.092809
0.091187
0.090845
0.090321
0.090175
0.088843
0.078537
0.086480
0.094383
0.091883
0.086878
0.087407
0.088468
0.080431
0.080634
0.081514
0.090371
0.083134
0.089843
0.090677
0.095543
0.092895
0.099508
0.099571
0.099662
0.099948
0.089794
0.093518
0.091992
0.092658
0.101257
0.093431
0.126084
0.109229
0.114241
0.089952
0.088798
0.126999
0.087694
0.101292
0.084708
0.084741
0.082053
0.073736
0.081044
0.079774
0.079207
0.078922
0.079180
0.077511
0.077820
0.100205
0.076907
0.078539
0.078808
0.084971
0.078411
0.086544
0.079565
0.081359
0.079363
0.082083
0.083302
0.080142
0.079976
0.078875
0.077709
0.078463
0.079069
0.078807
0.077984
0.075865
0.075662
0.076110
0.075952
0.076198
0.080026
0.082578
0.083798
0.078969
0.078515
0.079536
0.083195
0.081899
0.089808
0.085424
0.083113
0.083816
0.082669
0.082086
0.083526
0.084858
0.085814
0.102580
0.102500
0.108750
0.110901
0.103406
0.103859
0.103520
0.113177
0.123758
0.109631
0.124961
0.123705
0.122737
0.115943
0.120098
0.119806
0.136910
0.117704
0.118821
0.133137
0.108732
0.120564
0.122580
0.123800
0.136239
0.126766
0.117922
0.121816
0.116929
0.111108
0.131154
0.149588
0.111538
0.129692
0.103809
0.120547
0.117477
0.106454
0.125674
0.124539
0.118287
0.134905
0.120367
0.121992
0.126151
0.131932
0.124000
0.146067
0.125407
0.133607
0.136104
0.109588
0.158548
0.134010
0.127282
0.125173
0.132080
0.125015
0.175245
0.127168
0.140827
0.121987
0.123115
0.138519
0.122737
0.127422
0.120281
0.112396
0.127168
0.120251
0.146825
0.115805
0.141926
0.110359
0.103921
0.132558
0.120662
0.108307
0.130992
0.110717
0.113160
0.116985
0.137130
0.116804
0.115481
0.134571
0.147344
0.135276
0.096283
0.113707
0.118183
0.115138
0.137367
0.124092
0.154983
0.126511
0.130775
0.141880
0.127915
0.161139
0.121314
0.120177
0.125836
0.133355
0.124788
0.140966
0.139941
0.143594
0.123100
0.144228
0.158898
0.126957
0.141831
0.132170
0.141287
0.130088
0.142094
0.121737
0.125113
0.129350
0.133456
0.127025
0.136077
0.147652
0.129089
0.110496
0.123237
0.157360
0.151574
0.153165
0.156079
0.158906
0.158181
0.158497
0.151967
0.143179
0.138234
0.141790
0.133945
0.133589
0.139702
0.147578
0.147206
0.144799
0.146216
0.141310
0.136581
0.130308
0.129163
0.120269
0.119660
0.113717
0.113552
0.103022
0.102290
0.088034
0.092116
0.095448
0.099318
0.087827
0.083788
0.086665
0.079611
0.076053
0.074426
0.075215
0.080197
0.074806
0.074098
0.075487
0.076554
0.075152
0.075976
0.078218
0.080446
0.076798
0.078333
0.082389
0.079428
0.080442
0.079316
0.087080
0.085164
0.087330
0.089277
0.100791
0.098610
0.096714
0.097644
0.098069
0.093890
0.091831
0.089403
0.084875
0.085623
0.082294
0.079015
0.081367
0.083563
0.080275
0.079984
0.080317
0.077177
0.075971
0.074504
0.073590
0.076004
0.074055
0.075557
0.075868
0.072835
0.069801
0.072762
0.070211
0.069901
0.068248
0.068712
0.069638
0.070134
0.071545
0.069742
0.071111
0.071979
0.073286
0.075386
0.075872
0.076520
0.077483
0.078563
0.084627
0.086499
0.084286
0.089191
0.091796
0.092757
0.088365
0.095370
0.099165
0.099009
0.098856
0.092238
0.091203
0.089107
0.089480
0.089005
0.090170
0.090054
0.079713
0.081926
0.083780
0.084695
0.081056
0.083050
0.082251
0.082454
0.082719
0.088868
0.084613
0.085098
0.084535
0.085981
0.084442
0.083435
0.079120
0.079221
0.078179
0.077058
0.079968
0.076256
0.086192
0.087105
0.087580
0.087315
0.093321
0.093294
0.092289
0.092022
0.092265
0.089508
0.089703
0.087170
0.087267
0.085063
0.084382
0.081246
0.077575
0.076501
0.079057
0.082432
0.085258
0.084470
0.082080
0.080157
0.081152
0.085490
0.097207
0.127675
0.126010
0.137336
0.144903
0.142774
0.146504
0.150829
0.140949
0.160516
0.131740
0.125370
0.130661
0.115836
0.116370
0.117829
0.119013
0.116461
0.114980
0.117428
0.111405
0.114648
0.114321
0.111684
0.112949
0.113764
0.113181
0.113651
0.113205
0.115358
0.106884
0.121784
0.122047
0.121839
0.135613
0.123011
0.122803
0.122768
0.124245
0.138739
0.121469
0.122261
0.134145
0.136578
0.132432
0.136245
0.136974
0.137643
0.137213
0.137499
0.132703
0.131247
0.130829
0.133446
0.142303
0.140496
0.128745
0.129728
0.129126
0.133065
0.143099
0.137149
0.137924
0.136259
0.135193
0.136070
0.133066
0.130956
0.132241
0.160494
0.161577
0.160327
0.155326
0.133863
0.160002
0.134292
0.134403
0.134911
0.134722
0.134687
0.134055
0.133694
0.133727
0.134311
0.134067
0.133960
0.133842
0.134302
0.134093
0.134796
0.132937
0.133636
0.133209
0.132359
0.131850
0.132445
0.133473
0.132977
0.132969
0.132996
0.149736
0.149355
0.149623
0.150349
0.150098
0.149010
0.148537
0.148084
0.149598
0.148537
0.148309
0.147675
0.148659
0.148500
0.148438
0.147705
0.148945
0.148605
0.150750
0.149170
0.148314
0.148353
0.147820
0.145646
0.145582
0.148410
0.147466
0.146858
0.147359
0.148040
0.146077
0.147364
0.146532
0.147830
0.148447
0.150333
0.165583
0.165492
0.164269
0.164948
0.164653
0.163148
0.163449
0.162464
0.162359
0.164684
0.166933
0.167807
0.165966
0.166608
0.162268
0.166385
0.166724
0.167699
0.166627
0.167431
0.167500
0.168611
0.167441
0.166309
0.167330
0.165085
0.164866
0.164208
0.164306
0.164378
0.165430
0.164811
0.164840
0.164230
0.164557
0.163481
0.163173
0.164254
0.162966
0.161746
0.161315
0.160936
0.161853
0.162175
0.162395
0.162156
0.162128
0.163729
0.163054
0.164247
0.163322
0.165980
0.165307
0.164220
0.165263
0.165832
0.165628
0.166529
0.074673
0.076127
0.078818
0.077393
0.076538
0.077202
0.078203
0.076413
0.077021
0.078361
0.079313
0.079851
0.087740
0.089169
0.087337
0.086193
0.086568
0.087376
0.085025
0.087430
0.088737
0.090226
0.090831
0.087979
0.087704
0.089225
0.092509
0.091495
0.092873
0.091035
0.090969
0.089293
0.090792
0.089174
0.089582
0.089329
0.082401
0.080605
0.080115
0.083245
0.084986
0.085991
0.088987
0.088803
0.088187
0.086142
0.083709
0.081648
0.084619
0.084668
0.086891
0.081846
0.081903
0.083345
0.088208
0.085345
0.087161
0.088483
0.091069
0.092361
0.086670
0.091177
0.091592
0.089207
0.089944
0.088217
0.089144
0.087583
0.088146
0.088182
0.088659
0.088994
0.089258
0.088621
0.088755
0.089874
0.090045
0.092529
0.091272
0.091714
0.092890
0.091525
0.090728
0.092082
0.091361
0.090610
0.090844
0.092121
0.092017
0.092465
0.090009
0.090736
0.091907
0.090612
0.091253
0.089396
0.088561
0.089007
0.086205
0.086858
0.088342
0.087855
0.087983
0.088816
0.087560
0.090409
0.088684
0.089264
0.090439
0.089382
0.088650
0.088879
0.090232
0.089683
0.084698
0.084015
0.083372
0.087017
0.085137
0.084495
0.085233
0.084206
0.084042
0.080720
0.079219
0.079350
0.082143
0.083506
0.085122
0.084851
0.085509
0.085095
0.083286
0.093538
0.093842
0.094132
0.093250
0.092783
0.092935
0.091904
0.096997
0.096142
0.096355
0.097412
0.098475
0.087670
0.086881
0.087705
0.099385
0.095086
0.096298
0.095849
0.095876
0.093814
0.093704
0.091707
0.092390
0.091291
0.094288
0.099111
0.089147
0.091673
0.088766
0.090936
0.094109
0.086410
0.087721
0.087989
0.092717
0.095838
0.093283
0.092556
0.092016
0.092118
0.092545
0.090516
0.090840
0.089971
0.094523
0.089955
0.087701
0.087103
0.091605
0.094420
0.094446
0.087732
0.086502
0.083709
0.084029
0.083117
0.083923
0.082805
0.083859
0.086429
0.083938
0.083777
0.085001
0.085644
0.084637
0.085590
0.083161
0.088763
0.085612
0.086431
0.086395
0.086823
0.086875
0.087032
0.085722
0.088262
0.086897
0.090433
0.090106
0.090406
0.087164
0.089007
0.089674
0.088601
0.088239
0.086903
0.086702
0.085940
0.087209
0.084527
0.083598
0.085377
0.084085
0.085441
0.085752
0.126734
0.135779
0.143027
0.123325
0.120215
0.131241
0.154853
0.157482
0.143023
0.141082
0.143623
0.145611
0.165819
0.155734
0.161094
0.161609
0.157908
0.161634
0.156392
0.156055
0.161076
0.152731
0.153013
0.156373
0.162650
0.159625
0.160142
0.159277
0.159286
0.156824
0.159877
0.160126
0.158423
0.168350
0.153065
0.162457
0.162465
0.162386
0.162383
0.162422
0.162507
0.162096
0.163417
0.162216
0.163592
0.163310
0.163396
0.163509
0.162902
0.163064
0.162786
0.162588
0.163969
0.162703
0.162770
0.162747
0.163994
0.164032
0.164027
0.162733
0.163577
0.162743
0.162804
0.162561
0.163494
0.161749
0.167177
0.183451
0.183464
0.183464
0.183465
0.183495
0.183539
0.183506
0.183573
0.174241
0.174303
0.183511
0.174232
0.183960
0.176220
0.176455
0.174117
0.183470
0.173686
0.173686
0.182902
0.183383
0.183605
0.183605
0.183605
0.183409
0.183628
0.183627
0.183311
0.183327
0.183305
0.183330
0.183425
0.184616
0.183549
0.183206
0.183203
0.183649
0.183763
0.183678
0.184381
0.183655
0.183654
0.183576
0.183636
0.183659
0.183476
0.183398
0.183326
0.181137
0.183470
0.183516
0.183560
0.104849
0.107306
0.107439
0.105690
0.107200
0.108101
0.106762
0.105173
0.105401
0.106679
0.105885
0.107628
0.106132
0.106810
0.105742
0.106193
0.106034
0.105616
0.105503
0.104788
0.104485
0.104620
0.106822
0.106682
0.110875
0.104014
0.103971
0.103907
0.103989
0.104025
0.104210
0.104670
0.104044
0.104532
0.112257
0.103576
0.102063
0.103761
0.103566
0.103705
0.103256
0.104766
0.104954
0.105188
0.105479
0.105847
0.105302
0.105170
0.105719
0.106000
0.106113
0.106481
0.106894
0.105216
0.105024
0.105064
0.104622
0.104445
0.104121
0.104433
0.104975
0.104311
0.104219
0.115383
0.114273
0.115592
0.115083
0.114398
0.114264
0.114592
0.114996
0.113461
0.114386
0.107019
0.110883
0.115847
0.117358
0.108242
0.113180
0.112542
0.112328
0.111624
0.110304
0.110862
0.111162
0.116889
0.116454
0.113875
0.117957
0.113801
0.112587
0.106719
0.102584
0.106936
0.106880
0.104772
0.103448
0.114359
0.115173
0.115531
0.113873
0.114376
0.103104
0.104182
0.096695
0.106128
0.104518
0.105612
0.104006
0.102796
0.101722
0.113976
0.102110
0.103725
0.104158
0.108232
0.108611
0.104910
0.114200
0.112486
0.112275
0.113134
0.108153
0.109588
0.110838
0.109693
0.109800
0.108762
0.108919
0.106182
0.105472
0.106341
0.106044
0.107541
0.104402
0.104334
0.101486
0.102277
0.104274
0.092128
0.091238
0.100964
0.101441
0.091545
0.092474
0.103348
0.114699
0.114070
0.113755
0.115289
0.113814
0.115527
0.112822
0.113801
0.115954
0.115365
0.115372
0.115577
0.114411
0.082099
0.082372
0.081900
0.082163
0.081850
0.082671
0.083291
0.082477
0.082742
0.081877
0.082559
0.081958
0.081700
0.082732
0.082768
0.083096
0.082838
0.083394
0.083289
0.083323
0.082711
0.082751
0.082940
0.083155
0.084006
0.083868
0.087160
0.087055
0.087106
0.084935
0.085120
0.084941
0.087050
0.087107
0.086977
0.083529
0.083556
0.082858
0.082613
0.082724
0.082517
0.082903
0.083335
0.083595
0.082877
0.082633
0.083588
0.082934
0.085445
0.085333
0.086008
0.085536
0.086124
0.083266
0.082838
0.080794
0.080407
0.078957
0.081429
0.080302
0.080970
0.079320
0.084722
0.084602
0.084680
0.081111
0.081869
0.081932
0.078574
0.076276
0.075340
0.081101
0.081235
0.080152
0.083255
0.084885
0.084398
0.077623
0.072891
0.073454
0.076049
0.078213
0.077203
0.076344
0.077007
0.079835
0.080495
0.078670
0.077662
0.075844
0.069748
0.097577
0.090590
0.097547
0.100344
0.096195
0.094441
0.097624
0.089635
0.081437
0.080414
0.077953
0.066690
0.066782
0.069094
0.078539
0.076681
0.077089
0.076883
0.074721
0.081207
0.074003
0.075202
0.074455
0.074058
0.076248
0.075729
0.077874
0.075479
0.077473
0.076897
0.079504
0.079299
0.078340
0.078577
0.080011
0.079332
0.080411
0.081358
0.080955
0.081566
0.081299
0.081672
0.084413
0.080220
0.078324
0.078437
0.079017
0.078092
0.073490
0.073265
0.076458
0.079159
0.071605
0.074336
0.076444
0.076391
0.076398
0.074343
0.073631
0.074582
0.076465
0.079205
0.078576
0.079698
0.078462
0.077009
0.076527
0.077118
0.077741
0.077086
0.078898
0.078481
0.077492
0.083935
0.076089
0.079748
0.079447
0.158621
0.158842
0.161406
0.154050
0.155941
0.154993
0.162096
0.131613
0.124406
0.154670
0.167063
0.137438
0.159168
0.157098
0.155246
0.131359
0.153001
0.150032
0.156506
0.147800
0.155817
0.144083
0.142180
0.141574
0.159473
0.135166
0.134726
0.138264
0.135113
0.131172
0.132323
0.141691
0.140264
0.141701
0.146929
0.141326
0.134961
0.137532
0.135484
0.136366
0.134174
0.137152
0.139391
0.139540
0.139859
0.149849
0.148703
0.148238
0.148288
0.150191
0.142977
0.143113
0.145227
0.147200
0.147176
0.151338
0.148206
0.151500
0.151871
0.149868
0.149983
0.149930
0.151690
0.149181
0.148897
0.146058
0.146044
0.142858
0.137379
0.142712
0.135794
0.142929
0.135620
0.136569
0.138124
0.131102
0.132217
0.129955
0.129500
0.131693
0.132339
0.133795
0.136446
0.134980
0.128997
0.130648
0.126972
0.131074
0.124401
0.114596
0.123764
0.122900
0.118903
0.123880
0.122541
0.126066
0.123969
0.133572
0.130956
0.119708
0.115550
0.118441
0.115844
0.115319
0.103446
0.104431
0.135189
0.135099
0.134751
0.134730
0.135201
0.133686
0.132902
0.113516
0.112684
0.114599
0.114793
0.114200
0.118349
0.118768
0.130368
0.131874
0.125288
0.119951
0.128755
0.130779
0.131834
0.128623
0.130717
0.130343
0.131942
0.130341
0.130100
0.130337
0.128351
0.128939
0.124719
0.121718
0.136897
0.136358
0.084457
0.082946
0.087621
0.089600
0.087002
0.084718
0.082990
0.080341
0.081013
0.079428
0.080857
0.081460
0.080156
0.080136
0.079047
0.078285
0.078391
0.080068
0.078811
0.077182
0.077545
0.080720
0.077676
0.076238
0.081263
0.082582
0.082662
0.082837
0.081342
0.082384
0.082196
0.079310
0.079736
0.080833
0.083460
0.082530
0.083088
0.085425
0.079671
0.081235
0.078951
0.082388
0.086517
0.085474
0.085738
0.083288
0.082165
0.082701
0.089122
0.088859
0.094590
0.095092
0.093161
0.098666
0.095846
0.096559
0.100119
0.136499
0.130270
0.126405
0.126260
0.127999
0.128244
0.129045
0.129869
0.127708
0.128672
0.128807
0.128991
0.128491
0.129320
0.126640
0.123400
0.122420
0.118781
0.117743
0.120324
0.116918
0.120193
0.119888
0.118337
0.117362
0.122045
0.123988
0.124552
0.123811
0.123106
0.121947
0.121944
0.124246
0.125004
0.123443
0.124462
0.123131
0.121398
0.122256
0.107060
0.123196
0.124756
0.123717
0.124160
0.124640
0.124757
0.123623
0.124835
0.124608
0.124731
0.124935
0.122443
0.128038
0.125636
0.128199
0.126311
0.125171
0.124786
0.124287
0.125953
0.129526
0.131053
0.133803
0.133514
0.131811
0.136080
0.139545
0.136992
0.140386
0.139118
0.138525
0.139141
0.134017
0.134279
0.134420
0.132621
0.133651
0.131702
0.131446
0.126504
0.122188
0.122442
0.123616
0.124475
0.126706
0.126986
0.127175
0.129818
0.139251
0.139746
0.141222
0.139100
0.134724
0.135175
0.136516
0.137526
0.139402
0.141159
0.144805
0.148785
0.159674
0.165200
0.166317
0.165870
0.168212
0.170119
0.171313
0.167392
0.163865
0.174389
0.174145
0.176299
0.171697
0.180835
0.179296
0.178602
0.177547
0.173646
0.173437
0.178391
0.181074
0.175715
0.175920
0.177337
0.179203
0.173731
0.167757
0.174051
0.165839
0.170436
0.171601
0.174900
0.166566
0.170087
0.166270
0.170140
0.164282
0.160472
0.150029
0.156770
0.155739
0.166592
0.173220
0.171157
0.170092
0.168779
0.171569
0.179120
0.176788
0.169573
0.170998
0.164973
0.161180
0.156953
0.160216
0.160774
0.159180
0.157587
0.151289
0.152861
0.156087
0.155670
0.160117
0.164700
0.170969
0.158727
0.160324
0.156342
0.148206
0.144216
0.144070
0.143505
0.140312
0.142264
0.141605
0.150763
0.145623
0.145838
0.151641
0.143878
0.158109
0.146979
0.141591
0.139161
0.138296
0.136218
0.140091
0.138074
0.133712
0.131308
0.133036
0.132256
0.137716
0.142360
0.132498
0.135311
0.132792
0.134131
0.131099
0.127611
0.135258
0.135437
0.136616
0.134364
0.128013
0.131812
0.130966
0.129961
0.127040
0.119439
0.124936
0.127439
0.127088
0.126181
0.126859
0.135012
0.134480
0.125175
0.130090
0.127610
0.125122
0.125855
0.076065
0.078834
0.075954
0.075545
0.078561
0.078332
0.075408
0.075443
0.075777
0.075124
0.074828
0.075305
0.076550
0.077643
0.077692
0.077896
0.076338
0.075794
0.076112
0.075495
0.077098
0.078019
0.074007
0.074103
0.072082
0.076567
0.077931
0.071393
0.073243
0.071988
0.074112
0.072626
0.072887
0.075931
0.076267
0.075768
0.076658
0.074261
0.072850
0.073976
0.072350
0.074033
0.075101
0.073000
0.072668
0.074435
0.074875
0.072042
0.201347
0.164492
0.213053
0.184553
0.202939
0.212231
0.208011
0.208312
0.196664
0.210319
0.206292
0.187288
0.191790
0.193721
0.188915
0.203089
0.172446
0.205012
0.192931
0.203453
0.203164
0.165857
0.193973
0.176185
0.175399
0.196336
0.157703
0.195118
0.201189
0.201463
0.198967
0.174072
0.166819
0.196574
0.196812
0.196839
0.196834
0.200818
0.188277
0.195566
0.204854
0.161664
0.163723
0.204084
0.178146
0.193415
0.206651
0.172685
0.206662
0.201931
0.199628
0.177571
0.169905
0.191042
0.200494
0.204207
0.196265
0.194308
0.191813
0.162495
0.173860
0.166758
0.184516
0.182577
0.183850
0.198397
0.193750
0.156240
0.203623
0.184397
0.198302
0.183162
0.194180
0.185380
0.191021
0.175219
0.192358
0.187566
0.193460
0.162356
0.099628
0.097435
0.094451
0.095056
0.097857
0.096826
0.099482
0.098439
0.098285
0.095161
0.095058
0.096287
0.095227
0.098744
0.096397
0.095188
0.096219
0.099399
0.096639
0.098535
0.096193
0.095212
0.101554
0.095088
0.095415
0.096713
0.096507
0.098292
0.100124
0.099390
0.103824
0.099543
0.099963
0.101544
0.101354
0.096493
0.100380
0.100036
0.101658
0.102145
0.104184
0.105796
0.103904
0.101504
0.097299
0.098570
0.097828
0.098495
0.096558
0.095031
0.098049
0.096748
0.095205
0.092929
0.103785
0.105126
0.100401
0.097194
0.099637
0.099763
0.090310
0.090557
0.091726
0.094692
0.092956
0.092244
0.092283
0.093868
0.096592
0.095972
0.095949
0.099749
0.102101
0.102651
0.099522
0.100700
0.098950
0.100007
0.100948
0.104924
0.105211
0.101484
0.100697
0.100198
0.099804
0.101684
0.102594
0.103385
0.102352
0.101452
0.101502
0.100718
0.099767
0.101018
0.096911
0.094831
0.097216
0.096234
0.097225
0.101322
0.118525
0.076859
0.075746
0.077432
0.079390
0.084524
0.081403
0.083927
0.084454
0.078600
0.074921
0.069296
0.071221
0.072928
0.070509
0.065880
0.074372
0.068204
0.069504
0.072101
0.070146
0.067221
0.065790
0.066686
0.067822
0.069717
0.069196
0.068559
0.067906
0.067290
0.057738
0.055420
0.056238
0.057662
0.055077
0.058413
0.058982
0.058022
0.059951
0.059185
0.059153
0.061222
0.062678
0.063430
0.061574
0.061574
0.057603
0.061896
0.061274
0.063807
0.061162
0.065129
0.070995
0.073156
0.074662
0.072355
0.073371
0.070275
0.075038
0.070731
0.070971
0.072012
0.073340
0.078238
0.073045
0.069950
0.070309
0.070682
0.069827
0.070605
0.069128
0.070977
0.073202
0.069070
0.077062
0.082173
0.071484
0.069198
0.059092
0.062272
0.066381
0.065612
0.065696
0.066799
0.066047
0.066856
0.066678
0.070863
0.071658
0.072042
0.074185
0.070899
0.074391
0.074514
0.075566
0.072465
0.072983
0.069502
0.071426
0.071802
0.071229
0.071738
0.069306
0.066301
0.067629
0.070512
0.067966
0.070200
0.071537
0.068123
0.071790
0.070060
0.068479
0.067048
0.070941
0.061499
0.061576
0.062566
0.063980
0.073756
0.063428
0.062506
0.064780
0.067729
0.069750
0.066562
0.072979
0.069489
0.069201
0.066237
0.065381
0.063197
0.063209
0.070645
0.067737
0.066094
0.065524
0.065548
0.066124
0.067466
0.068475
0.065583
0.068031
0.070266
0.069951
0.069481
0.076356
0.074820
0.066871
0.067824
0.066161
0.120697
0.121023
0.112960
0.115216
0.116557
0.118402
0.119515
0.120213
0.120488
0.117593
0.120482
0.117846
0.120051
0.118418
0.118861
0.119930
0.116336
0.117278
0.116596
0.110252
0.110809
0.110240
0.109742
0.118693
0.110353
0.109541
0.110272
0.110849
0.110581
0.111243
0.111104
0.110477
0.110341
0.112855
0.112248
0.110831
0.110783
0.111704
0.111184
0.111526
0.110878
0.112175
0.111943
0.111334
0.112128
0.112492
0.111947
0.112416
0.113017
0.112091
0.112491
0.112912
0.112834
0.111711
0.111724
0.112077
0.111932
0.110796
0.111830
0.111843
0.111067
0.112421
0.112582
0.111296
0.111585
0.111531
0.111142
0.111174
0.111002
0.111258
0.111792
0.111779
0.111871
0.112574
0.112896
0.112119
0.112826
0.113248
0.112614
0.112930
0.112533
0.112706
0.111381
0.111311
0.111757
0.135738
0.134703
0.134308
0.136946
0.137815
0.135779
0.137673
0.137898
0.136615
0.136630
0.136309
0.136819
0.137059
0.135857
0.136404
0.136776
0.134465
0.134062
0.134019
0.137335
0.136375
0.137027
0.136592
0.136305
0.141808
0.135821
0.135694
0.134184
0.137006
0.137168
0.136372
0.137426
0.137357
0.136931
0.137384
0.137127
0.138069
0.134571
0.137082
0.135866
0.137202
0.135523
0.134847
0.134397
0.134416
0.134589
0.134861
0.135988
0.135012
0.137349
0.137963
0.136125
0.136111
0.134708
0.135592
0.137602
0.137897
0.136372
0.135096
0.134653
0.135298
0.134097
0.134899
0.136576
0.137841
0.138391
0.136659
0.138263
0.138128
0.136900
0.137828
0.137596
0.137671
0.138074
0.137655
0.138094
0.137268
0.137950
0.136010
0.138404
0.135640
0.137624
0.135677
0.138069
0.135610
0.137974
0.135109
0.134576
0.134985
0.135472
0.137605
0.137673
0.135708
0.136871
0.135351
0.136084
0.134870
0.137995
0.138444
0.139310
0.139471
0.137033
0.137911
0.137155
0.137907
0.137069
0.138090
0.137473
0.138197
0.140720
0.137932
0.138840
0.138505
0.138966
0.139259
0.139630
0.140483
0.138637
0.138954
0.143207
0.142933
0.140523
0.140790
0.140853
0.141345
0.143680
0.142915
0.143690
0.143501
0.143022
0.143014
0.142873
0.142642
0.142749
0.142149
0.142735
0.142585
0.143422
0.144669
0.144440
0.141355
0.143342
0.143266
0.142995
0.143997
0.144054
0.145130
0.145257
0.145207
0.144993
0.145639
0.127948
0.118802
0.126492
0.126399
0.127861
0.129625
0.131620
0.135163
0.118562
0.110999
0.126642
0.119940
0.105635
0.113385
0.132252
0.129859
0.117544
0.131239
0.155911
0.148280
0.122549
0.132659
0.138011
0.134102
0.130765
0.131225
0.131159
0.131213
0.131300
0.131548
0.131914
0.131885
0.131590
0.131164
0.130485
0.130465
0.131006
0.131977
0.130908
0.130669
0.131354
0.129932
0.129604
0.129725
0.129426
0.129541
0.129420
0.131161
0.131510
0.130319
0.129708
0.130305
0.130175
0.129608
0.131986
0.131269
0.131445
0.131212
0.134063
0.136233
0.131433
0.134833
0.131102
0.135993
0.136184
0.136242
0.136726
0.136372
0.135951
0.136140
0.135653
0.135594
0.135668
0.135223
0.135271
0.132985
0.133582
0.133499
0.133932
0.133278
0.133371
0.133605
0.134797
0.134351
0.135165
0.134391
0.138145
0.137482
0.137926
0.138417
0.138583
0.138719
0.137542
0.137467
0.138456
0.138051
0.138323
0.134504
0.137956
0.138248
0.137632
0.138145
0.137762
0.138604
0.137535
0.137567
0.135149
0.137780
0.138094
0.137928
0.138390
0.137862
0.138051
0.138105
0.133725
0.137400
0.133457
0.137968
0.137737
0.133453
0.133137
0.133509
0.137728
0.137998
0.137285
0.137810
0.138047
0.138249
0.137393
0.137635
0.137871
0.137365
0.137848
0.138021
0.138234
0.138646
0.137506
0.133653
0.138557
0.138598
0.138206
0.138522
0.139626
0.139479
0.138617
0.139842
0.138946
0.139151
0.136139
0.139830
0.140036
0.139986
0.139988
0.140017
0.139952
0.137032
0.137414
0.139514
0.140277
0.140293
0.140103
0.137774
0.137427
0.140324
0.137040
0.137045
0.136175
0.137035
0.137080
0.136618
0.125824
0.124515
0.126974
0.120057
0.108551
0.106429
0.099350
0.115818
0.096785
0.091454
0.089331
0.088772
0.095741
0.107410
0.106509
0.106475
0.106477
0.106485
0.108119
0.107474
0.107862
0.107352
0.108229
0.108207
0.108201
0.107521
0.106688
0.106399
0.106394
0.102884
0.101514
0.101143
0.101758
0.105797
0.101367
0.102173
0.102509
0.102673
0.101507
0.097237
0.097213
0.097254
0.098231
0.098230
0.103270
0.101276
0.102964
0.102945
0.101406
0.101388
0.102725
0.103038
0.103106
0.103409
0.102671
0.101942
0.101408
0.126547
0.096786
0.118432
0.126805
0.115936
0.115990
0.115990
0.115990
0.115990
0.116039
0.116039
0.116039
0.116039
0.116116
0.116116
0.116116
0.116116
0.115932
0.115932
0.115932
0.115932
0.115989
0.115955
0.115813
0.115897
0.115818
0.116103
0.115845
0.115799
0.115583
0.115623
0.115443
0.115425
0.115814
0.116008
0.116000
0.115809
0.116262
0.116663
0.116287
0.116735
0.115855
0.116208
0.116261
0.116261
0.116302
0.116332
0.116397
0.116036
0.116460
0.116588
0.116527
0.116536
0.116250
0.116171
0.116135
0.116109
0.116562
0.116199
0.115893
0.115961
0.115907
0.115839
0.115908
0.115544
0.115548
0.116329
0.116063
0.116063
0.116063
0.115593
0.115689
0.115722
0.116152
0.115244
0.115550
0.115472
0.115256
0.115577
0.115491
0.115498
0.115630
0.115188
0.115280
0.115257
0.115139
0.115220
0.098486
0.097660
0.097780
0.097661
0.097418
0.097851
0.097437
0.099528
0.098035
0.100156
0.097456
0.099820
0.100297
0.099113
0.099913
0.099676
0.098530
0.098599
0.098775
0.098058
0.097893
0.097317
0.097839
0.097917
0.098238
0.099343
0.099487
0.099625
0.098811
0.098790
0.098498
0.098157
0.099170
0.099093
0.097527
0.098927
0.099351
0.095199
0.098687
0.098005
0.097390
0.098319
0.096910
0.096856
0.096241
0.096117
0.096321
0.098453
0.096367
0.095954
0.097955
0.097806
0.097615
0.097571
0.097101
0.097858
0.097762
0.097594
0.097773
0.097860
0.098080
0.097956
0.098432
0.098637
0.098243
0.097720
0.098289
0.097787
0.097606
0.098270
0.099379
0.099418
0.099267
0.099404
0.099707
0.099152
0.112043
0.111889
0.111294
0.111324
0.110109
0.109498
0.109047
0.109307
0.108833
0.110842
0.108856
0.107532
0.110361
0.110130
0.108166
0.111595
0.108766
0.108152
0.109660
0.109948
0.115414
0.108168
0.110539
0.111088
0.112607
0.113044
0.107255
0.107348
0.107861
0.107646
0.107900
0.106875
0.107814
0.107566
0.106942
0.106013
0.107922
0.108006
0.107700
0.107228
0.108286
0.107072
0.106309
0.107423
0.109309
0.109250
0.110464
0.108489
0.108816
0.108128
0.108144
0.107475
0.108139
0.109768
0.109506
0.109607
0.109831
0.109711
0.110920
0.106784
0.110187
0.108973
0.109315
0.108953
0.110802
0.109592
0.109790
0.110175
0.110435
0.110535
0.108245
0.107738
0.107891
0.107219
0.107955
0.106940
0.112719
0.109249
0.110783
0.112140
0.112985
0.111712
0.112946
0.113888
0.112865
0.113189
0.113323
0.113058
0.112263
0.113369
0.112651
0.113764
0.113685
0.113156
0.113869
0.111608
0.109965
0.111326
0.110797
0.110768
0.110721
0.121496
0.121166
0.127659
0.123992
0.127969
0.127271
0.127499
0.123080
0.122983
0.121200
0.118834
0.125977
0.119063
0.117817
0.118492
0.118036
0.118052
0.124374
0.123226
0.122297
0.124352
0.122688
0.123648
0.124125
0.122044
0.122879
0.122573
0.123689
0.123175
0.124282
0.124075
0.123352
0.122843
0.122668
0.123413
0.123786
0.128246
0.122265
0.124554
0.124157
0.123114
0.123324
0.122645
0.124267
0.124611
0.124474
0.123473
0.116596
0.114486
0.125310
0.114223
0.112662
0.112556
0.111798
0.120040
0.120632
0.112772
0.120345
0.126324
0.126029
0.125571
0.123110
0.125521
0.122778
0.124800
0.124619
0.124142
0.123513
0.123358
0.123741
0.122629
0.116726
0.116297
0.116446
0.116891
0.116555
0.115535
0.105563
0.106671
0.116277
0.106709
0.108463
0.106834
0.107089
0.103984
0.103836
0.103320
0.103189
0.106488
0.102517
0.102731
0.102938
0.101744
0.101952
0.102695
0.103606
0.102150
0.102209
0.102834
0.102640
0.103604
0.103490
0.104867
0.096331
0.094929
0.093119
0.092349
0.094688
0.094044
0.100465
0.079725
0.085942
0.085334
0.083490
0.083224
0.085314
0.086869
0.082341
0.082768
0.083475
0.090648
0.078097
0.080884
0.089277
0.088990
0.078487
0.078398
0.078111
0.077362
0.078206
0.077700
0.078568
0.078944
0.078963
0.078619
0.078676
0.078109
0.079499
0.078459
0.078514
0.078034
0.077904
0.077617
0.077723
0.077856
0.077894
0.097544
0.097580
0.096713
0.097612
0.096955
0.077907
0.097315
0.097675
0.078581
0.098136
0.078422
0.078144
0.097665
0.078235
0.099777
0.098294
0.079063
0.079360
0.079759
0.098332
0.100463
0.080016
0.080064
0.100651
0.101401
0.100927
0.102542
0.101852
0.102694
0.101473
0.102777
0.102343
0.100777
0.102578
0.101538
0.080506
0.080273
0.080694
0.080229
0.080602
0.080618
0.100808
0.100964
0.101266
0.102408
0.100981
0.081582
0.081619
0.081897
0.081843
0.082047
0.081944
0.081889
0.102770
0.102110
0.103201
0.102402
0.102426
0.102454
0.100640
0.102046
0.101860
0.087034
0.082949
0.087311
0.103272
0.101522
0.103733
0.103584
0.111791
0.284137
0.284177
0.284505
0.284426
0.284270
0.284378
0.284819
0.284148
0.284304
0.284334
0.284436
0.281931
0.282487
0.282175
0.281850
0.282023
0.282073
0.281913
0.281797
0.281694
0.281249
0.284021
0.284097
0.283490
0.283933
0.284814
0.284796
0.284695
0.283565
0.283862
0.282686
0.282906
0.282822
0.283050
0.282840
0.284439
0.284349
0.284432
0.286076
0.285936
0.285788
0.286172
0.285035
0.284263
0.284207
0.284596
0.285406
0.285777
0.284814
0.285569
0.285094
0.284625
0.285264
0.284412
0.284623
0.283160
0.283029
0.282909
0.282760
0.286165
0.283903
0.286313
0.283430
0.284799
0.283776
0.284789
0.284470
0.284403
0.284551
0.284376
0.284413
0.284554
0.284715
0.284411
0.284658
0.284658
0.284911
0.284899
0.284899
0.284633
0.284822
0.284843
0.284843
0.284843
0.284842
0.284842
0.284840
0.285207
0.284603
0.284319
0.284319
0.284319
0.284319
0.284319
0.284319
0.284319
0.284319
0.284319
0.284319
