0.142552
0.142453
0.142486
0.141192
0.132478
0.136367
0.132591
0.132031
0.132929
0.132928
0.133284
0.137283
0.143469
0.140806
0.139857
0.139088
0.131452
0.131325
0.131215
0.131475
0.131287
0.131221
0.131294
0.131219
0.131219
0.131515
0.135465
0.129313
0.141871
0.141931
0.138364
0.138898
0.161582
0.175092
0.256799
0.354096
0.378868
0.390103
0.400071
0.431628
0.319625
0.379737
0.374899
0.329077
0.365553
0.199272
0.202136
0.206043
0.195440
0.183854
0.215305
0.238467
0.234673
0.237532
0.237577
0.242685
0.238668
0.212082
0.209359
0.211936
0.206781
0.212483
0.213287
0.207402
0.130231
0.121258
0.132491
0.153686
0.102504
0.092016
0.090889
0.096743
0.106355
0.105287
0.107921
0.105477
0.139198
0.135998
0.135606
0.127241
0.129814
0.136936
0.136301
0.141517
0.137646
0.137886
0.136954
0.138117
0.131096
0.133790
0.138852
0.138963
0.130253
0.153168
0.152923
0.134232
0.137498
0.137303
0.099656
0.091107
0.096303
0.089345
0.100998
0.098913
0.087916
0.106468
0.120955
0.119945
0.135955
0.130353
0.129476
0.099965
0.125238
0.096049
0.110870
0.100682
0.108085
0.134502
0.138532
0.127364
0.085191
0.089883
0.087853
0.075896
0.087744
0.080204
0.082671
0.135224
0.151867
0.171471
0.172365
0.172509
0.214345
0.202725
0.199077
0.217719
0.214171
0.213130
0.258618
0.215615
0.192570
0.208811
0.208578
0.206183
0.228433
0.260088
0.261473
0.244260
0.254186
0.248587
0.245684
0.237313
0.238285
0.280513
0.263636
0.264226
0.266086
0.271774
0.227734
0.230579
0.186611
0.180839
0.183366
0.181752
0.180626
0.178338
0.180215
0.184078
0.173747
0.170758
0.169801
0.184088
0.170224
0.125152
0.127217
0.167183
0.167998
0.105459
0.108307
0.107766
0.106957
0.107455
0.108667
0.109733
0.110502
0.111362
0.112020
0.111979
0.111926
0.113085
0.112505
0.112441
0.110403
0.112215
0.110221
0.109903
0.111571
0.102752
0.112323
0.109180
0.109457
0.111259
0.110078
0.261956
0.256809
0.259586
0.252985
0.279148
0.279418
0.249399
0.249149
0.254011
0.269009
0.247509
0.264201
0.259797
0.260152
0.258251
0.187130
0.211712
0.216850
0.215101
0.212663
0.198173
0.205356
0.204000
0.210491
0.197596
0.197721
0.199067
0.188459
0.197973
0.217575
0.193463
0.197189
0.196992
0.197303
0.186626
0.213813
0.291825
0.318750
0.333076
0.347208
0.341785
0.335885
0.334755
0.338918
0.331936
0.332915
0.332194
0.325659
0.324375
0.342718
0.346134
0.350311
0.347762
0.342608
0.346137
0.316279
0.316091
0.312595
0.320421
0.314200
0.323550
0.318342
0.320984
0.309500
0.310630
0.304521
0.305540
0.300832
0.298830
0.301834
0.300269
0.300778
0.300235
0.301511
0.301573
0.301547
0.301554
0.301459
0.301528
0.301523
0.301533
0.301433
0.301462
0.301434
0.301307
0.300966
0.300964
0.300964
0.300964
0.300966
0.300966
0.300966
0.300966
0.300966
0.300958
0.300958
0.300958
0.300966
0.300956
0.301198
0.299179
0.295732
0.296098
0.297312
0.292668
0.295959
0.295590
0.303406
0.294960
0.295615
0.301137
0.298246
0.301164
0.303957
0.310355
0.296902
0.299132
0.302894
0.297329
0.298775
0.302143
0.289317
0.299666
0.302521
0.300464
0.300559
0.287323
0.301439
0.300949
0.302185
0.288461
0.286299
0.285575
0.285580
0.286271
0.285623
0.287328
0.288713
0.286536
0.288357
0.284256
0.286300
0.286466
0.287500
0.285873
0.286717
0.286550
0.284019
0.281956
0.278674
0.277666
0.281937
0.283714
0.282823
0.283101
0.283134
0.285527
0.283274
0.283567
0.279048
0.284072
0.283032
0.284125
0.281639
0.280507
0.282344
0.284364
0.283824
0.282980
0.284908
0.283598
0.283031
0.283442
0.283538
0.283091
0.283340
0.281996
0.282357
0.283028
0.283253
0.283370
0.282258
0.282390
0.281327
0.282101
0.281122
0.295840
0.294076
0.293383
0.289597
0.311437
0.288701
0.289730
0.289401
0.289139
0.289486
0.288900
0.289619
0.291434
0.291984
0.291982
0.290196
0.290530
0.290411
0.285476
0.284961
0.291127
0.289391
0.290091
0.286802
0.286835
0.287061
0.291032
0.288469
0.287218
0.286620
0.288490
0.285159
0.283027
0.287878
0.283839
0.283122
0.284556
0.284241
0.282015
0.284175
0.284161
0.283714
0.286796
0.286984
0.289259
0.289031
0.121052
0.120652
0.122241
0.115504
0.120285
0.116920
0.115408
0.115947
0.122719
0.116328
0.115863
0.115932
0.125649
0.125563
0.128354
0.126662
0.128188
0.128001
0.127793
0.117083
0.127268
0.126893
0.127043
0.126435
0.123685
0.126515
0.124449
0.125849
0.126273
0.125731
0.118588
0.120276
0.118531
0.122847
0.124994
0.125590
0.125193
0.125474
0.125242
0.120402
0.121996
0.126649
0.128179
0.126885
0.125609
0.122773
0.121116
0.124028
0.122991
0.122696
0.126415
0.126390
0.121960
0.123436
0.125130
0.122528
0.129113
0.128990
0.127684
0.127899
0.127911
0.126849
0.122594
0.127710
0.127551
0.128694
0.123393
0.128845
0.129266
0.128546
0.128350
0.128904
0.127236
0.128163
0.128158
0.127631
0.125257
0.126463
0.120844
0.126023
0.127176
0.127094
0.127249
0.126459
0.126948
0.126879
0.128260
0.127354
0.128731
0.127775
0.127187
0.123557
0.125087
0.123190
0.121394
0.121306
0.121194
0.120647
0.124091
0.125816
0.126072
0.122524
0.124758
0.116379
0.122718
0.117889
0.121760
0.119378
0.119616
0.119494
0.118859
0.118941
0.118480
0.115559
0.123437
0.118459
0.117496
0.117196
0.117976
0.118153
0.118697
0.117021
0.117926
0.117138
0.116691
0.115960
0.118651
0.116175
0.118223
0.118618
0.118541
0.117993
0.117227
0.119518
0.117062
0.120153
0.118682
0.117813
0.135683
0.131307
0.132606
0.130066
0.131838
0.132741
0.136019
0.134391
0.135597
0.132340
0.131028
0.131174
0.133089
0.127617
0.127113
0.128241
0.132366
0.128487
0.132105
0.130121
0.131072
0.129852
0.130910
0.128666
0.130748
0.130881
0.129105
0.128635
0.128092
0.129101
0.144298
0.144369
0.144140
0.128804
0.125017
0.127209
0.126823
0.130938
0.442005
0.442373
0.450318
0.460134
0.463153
0.484595
0.466965
0.500853
0.493936
0.466562
0.512265
0.483941
0.456457
0.470366
0.468065
0.469837
0.533239
0.446381
0.446941
0.509110
0.515170
0.510181
0.509899
0.511207
0.513874
0.513302
0.444839
0.440904
0.436903
0.430513
0.428598
0.429798
0.417834
0.410590
0.403198
0.406739
0.406667
0.401600
0.401121
0.382299
0.400489
0.394693
0.373158
0.382968
0.392107
0.393317
0.387352
0.373538
0.374953
0.348274
0.368066
0.348087
0.346451
0.334115
0.343120
0.329353
0.327592
0.326324
0.321143
0.311158
0.321480
0.320325
0.311972
0.338188
0.327664
0.338635
0.323173
0.319320
0.315315
0.256882
0.247516
0.244371
0.247856
0.247821
0.243946
0.255647
0.247087
0.247928
0.259283
0.257485
0.259070
0.260104
0.259411
0.249517
0.249330
0.251796
0.250617
0.250429
0.249320
0.249671
0.248693
0.252467
0.247483
0.248191
0.257030
0.248818
0.248606
0.248210
0.244807
0.245093
0.254704
0.253779
0.256199
0.241873
0.233644
0.239966
0.241760
0.241829
0.240524
0.262409
0.253628
0.245445
0.237727
0.248548
0.249269
0.247209
0.253162
0.239995
0.240400
0.278892
0.246113
0.244541
0.246277
0.244025
0.237955
0.245429
0.246365
0.246458
0.254619
0.134115
0.138202
0.138338
0.116517
0.115990
0.119229
0.119817
0.124405
0.136598
0.139983
0.127581
0.133599
0.131301
0.150109
0.149713
0.165754
0.145541
0.171489
0.157774
0.161882
0.150344
0.166063
0.165063
0.144885
0.147094
0.143885
0.167051
0.168173
0.156161
0.150802
0.145147
0.160254
0.150044
0.159012
0.154834
0.156406
0.162713
0.169992
0.166917
0.180424
0.185983
0.168293
0.174616
0.167275
0.165129
0.160353
0.151026
0.158136
0.178499
0.155945
0.167526
0.171765
0.181277
0.176900
0.169712
0.175581
0.146432
0.141306
0.132082
0.130770
0.138651
0.151156
0.144027
0.148649
0.150064
0.147408
0.150700
0.145879
0.148560
0.132443
0.129047
0.129901
0.127340
0.130602
0.116153
0.119433
0.113299
0.108206
0.131817
0.133106
0.132895
0.118618
0.118749
0.120532
0.126262
0.124302
0.126952
0.119243
0.124813
0.133586
0.130114
0.125743
0.123921
0.132307
0.128635
0.136612
0.137146
0.144630
0.143267
0.142788
0.140959
0.141306
0.140769
0.136347
0.138879
0.140723
0.140762
0.162624
0.154734
0.154236
0.116631
0.153476
0.164984
0.155105
0.155604
0.135893
0.131340
0.137021
0.149434
0.148813
0.138808
0.118570
0.142041
0.150280
0.155316
0.153630
0.137441
0.144078
0.137146
0.144490
0.135876
0.132924
0.136949
0.119134
0.136485
0.147100
0.141637
0.156082
0.139403
0.141702
0.165678
0.119016
0.105016
0.150770
0.140282
0.136469
0.140037
0.131025
0.145367
0.170730
0.141244
0.117901
0.136304
0.144186
0.128175
0.131629
0.148077
0.154692
0.142867
0.155419
0.159012
0.146900
0.147967
0.145747
0.151290
0.147877
0.157255
0.150411
0.159656
0.154461
0.156128
0.158527
0.158189
0.154085
0.162775
0.153320
0.152881
0.161239
0.128970
0.152314
0.124742
0.173248
0.159314
0.145552
0.137340
0.137284
0.152230
0.127208
0.133694
0.128605
0.132502
0.133397
0.152917
0.147085
0.153119
0.156099
0.159150
0.152278
0.154427
0.156767
0.158960
0.155965
0.158629
0.160357
0.150243
0.148157
0.153933
0.147640
0.153566
0.165007
0.154788
0.152454
0.152685
0.148732
0.145662
0.145113
0.145129
0.144192
0.141781
0.138579
0.153614
0.147326
0.159473
0.145448
0.136869
0.149449
0.150749
0.159859
0.142241
0.139495
0.133921
0.125432
0.117255
0.127630
0.113620
0.085946
0.076153
0.074400
0.084117
0.083931
0.079809
0.079165
0.088870
0.087946
0.080421
0.084149
0.082891
0.083504
0.082189
0.082568
0.080403
0.077140
0.080500
0.077313
0.087848
0.090924
0.081928
0.077778
0.077621
0.077037
0.076008
0.078715
0.080567
0.076601
0.077521
0.079212
0.079945
0.081854
0.079731
0.079867
0.081184
0.080770
0.079765
0.079319
0.080554
0.076764
0.080465
0.076372
0.074976
0.075349
0.081129
0.082279
0.081913
0.081935
0.083097
0.086859
0.080538
0.075833
0.078893
0.082486
0.081351
0.077516
0.079184
0.074161
0.106257
0.103970
0.101964
0.102033
0.098814
0.097482
0.098985
0.097488
0.105120
0.104122
0.102949
0.101820
0.111042
0.107136
0.103624
0.103589
0.109304
0.103099
0.104665
0.104996
0.099918
0.101496
0.102348
0.096650
0.093475
0.097662
0.098609
0.105546
0.094457
0.093296
0.096272
0.107712
0.105219
0.096223
0.097626
0.097944
0.097374
0.099297
0.098465
0.091512
0.097276
0.092477
0.095781
0.089618
0.088852
0.089371
0.170923
0.172058
0.141940
0.117814
0.109072
0.109056
0.106892
0.106505
0.101445
0.095177
0.099066
0.123668
0.127339
0.101538
0.137484
0.140889
0.156585
0.156434
0.143957
0.143295
0.159463
0.153026
0.148363
0.178202
0.178861
0.178555
0.178968
0.132850
0.153832
0.160594
0.167366
0.164385
0.145834
0.169806
0.137043
0.134110
0.130045
0.131614
0.130793
0.141517
0.128701
0.127412
0.124759
0.136697
0.137760
0.138858
0.136493
0.138286
0.138874
0.105955
0.140663
0.141551
0.141007
0.138366
0.144879
0.162384
0.163311
0.163881
0.180446
0.173417
0.164637
0.163724
0.152330
0.125895
0.130739
0.135784
0.139785
0.139886
0.136451
0.126850
0.136518
0.132638
0.133153
0.132013
0.134028
0.122284
0.134327
0.137375
0.138702
0.137540
0.130276
0.130708
0.130290
0.129459
0.133363
0.135676
0.134606
0.135167
0.135362
0.135728
0.134524
0.135410
0.138798
0.136675
0.138252
0.133697
0.134317
0.143982
0.134305
0.139871
0.143742
0.143089
0.122583
0.135128
0.125565
0.136744
0.022114
0.023013
0.023182
0.023259
0.023186
0.022954
0.023025
0.022852
0.022347
0.028275
0.028300
0.028173
0.027850
0.028378
0.027982
0.028080
0.028367
0.028170
0.028282
0.028090
0.028466
0.028917
0.028810
0.028748
0.028625
0.028531
0.027897
0.028364
0.028001
0.028360
0.028580
0.028933
0.028872
0.028750
0.028874
0.028580
0.028598
0.028809
0.028846
0.028799
0.028884
0.028648
0.028911
0.028927
0.028885
0.028861
0.028738
0.028940
0.028976
0.029052
0.029674
0.029504
0.029500
0.029910
0.029746
0.029599
0.029162
0.029058
0.029411
0.029032
0.028806
0.029492
0.028905
0.029523
0.029584
0.029093
0.028986
0.029013
0.029010
0.029008
0.029107
0.029453
0.029632
0.029427
0.029348
0.029617
0.029459
0.029632
0.029933
0.029292
0.029449
0.029905
0.029784
0.029075
0.029206
0.029204
0.029294
0.029216
0.029072
0.028477
0.028760
0.028783
0.028818
0.028107
0.028069
0.027891
0.027809
0.027811
0.027667
0.027750
0.027823
0.027904
0.027670
0.027748
0.027939
0.028331
0.028707
0.029016
0.029105
0.029056
0.028906
0.028759
0.028813
0.028432
0.028620
0.028705
0.028890
0.028773
0.028029
0.028103
0.028972
0.028205
0.027887
0.027967
0.028094
0.027988
0.028558
0.028397
0.033523
0.034494
0.033530
0.028834
0.034154
0.028788
0.033963
0.033809
0.171155
0.170631
0.174445
0.179875
0.178962
0.200767
0.199623
0.200172
0.199784
0.199316
0.170442
0.199801
0.200367
0.196636
0.196740
0.196805
0.196596
0.196476
0.196345
0.196449
0.196964
0.196392
0.196412
0.197423
0.197518
0.197867
0.196667
0.196682
0.197427
0.196491
0.197070
0.200075
0.196383
0.196266
0.200193
0.196611
0.196530
0.196336
0.195719
0.196493
0.200514
0.200328
0.196519
0.196526
0.216026
0.205916
0.213299
0.207648
0.213129
0.207024
0.213509
0.199176
0.219671
0.195744
0.210956
0.195719
0.195313
0.196847
0.198731
0.220763
0.197396
0.196955
0.195881
0.195696
0.201320
0.196453
0.216349
0.196088
0.195914
0.197246
0.197358
0.196577
0.286228
0.285408
0.284792
0.283683
0.286478
0.284239
0.284367
0.283417
0.284636
0.284644
0.284740
0.284197
0.287798
0.286641
0.285780
0.286554
0.286658
0.288040
0.287557
0.288463
0.287744
0.286490
0.285702
0.285960
0.286141
0.285255
0.285702
0.286544
0.287885
0.286017
0.286406
0.287059
0.287762
0.287203
0.287445
0.283003
0.283007
0.281355
0.285583
0.291388
0.285893
0.307408
0.304923
0.291545
0.298594
0.306701
0.309339
0.306835
0.306303
0.296046
0.293688
0.295712
0.266259
0.275927
0.265181
0.275210
0.270925
0.252311
0.261746
0.262478
0.247484
0.247875
0.247141
0.248949
0.254252
0.255228
0.254396
0.255411
0.255089
0.254348
0.255772
0.253811
0.255401
0.254405
0.254589
0.254152
0.249663
0.250654
0.250544
0.250537
0.255674
0.254788
0.255717
0.255607
0.255717
0.254369
0.255172
0.254835
0.255349
0.256798
0.256420
0.256651
0.257884
0.245670
0.253364
0.246963
0.257093
0.253931
0.254529
0.254652
0.257260
0.256603
0.259518
0.262156
0.258723
0.257263
0.256651
0.258598
0.258389
0.257748
0.258123
0.257322
0.258065
0.259083
0.259179
0.258729
0.257758
0.257772
0.257209
0.256832
0.256995
0.258339
0.258247
0.257048
0.256983
0.257736
0.256864
0.256669
0.258054
0.258747
0.259768
0.258771
0.261801
0.260704
0.259841
0.259618
0.259488
0.075047
0.076126
0.090161
0.081721
0.079926
0.080288
0.082035
0.082087
0.081362
0.083293
0.082962
0.082623
0.082321
0.081978
0.081992
0.078706
0.083639
0.087577
0.085718
0.080612
0.089248
0.088358
0.086027
0.089611
0.086237
0.085025
0.081110
0.087425
0.089868
0.081329
0.081799
0.086932
0.079543
0.082593
0.082306
0.087923
0.088276
0.088325
0.088906
0.089178
0.088162
0.088219
0.147350
0.146976
0.101008
0.100738
0.100650
0.100244
0.101290
0.101764
0.099768
0.099660
0.121840
0.150152
0.151040
0.121254
0.100520
0.101778
0.101212
0.101414
0.111975
0.150869
0.152747
0.151890
0.152855
0.147716
0.100888
0.118811
0.119913
0.144640
0.100756
0.101765
0.096847
0.101035
0.157668
0.102671
0.151216
0.100991
0.096966
0.096297
0.100400
0.143799
0.099769
0.099901
0.100308
0.100417
0.156062
0.157510
0.157426
0.156368
0.157268
0.157744
0.157918
0.157613
0.157046
0.104984
0.159149
0.163324
0.156416
0.161798
0.157269
0.149141
0.154248
0.153415
0.155436
0.152366
0.151987
0.152662
0.153421
0.111954
0.102373
0.161748
0.152214
0.097375
0.097044
0.097059
0.098333
0.103485
0.097791
0.102083
0.108875
0.097769
0.095365
0.097692
0.161277
0.165664
0.116759
0.102361
0.101907
0.101754
0.102024
0.103940
0.164841
0.104421
0.120643
0.164707
0.165397
0.117229
0.161848
0.160494
0.163047
0.098644
0.113399
0.073423
0.069597
0.071179
0.070208
0.075278
0.075000
0.075861
0.078133
0.090246
0.092276
0.077663
0.078052
0.076535
0.076821
0.078788
0.095586
0.080711
0.091418
0.093971
0.092955
0.089764
0.092573
0.091286
0.091170
0.091846
0.076319
0.077449
0.079950
0.094765
0.092040
0.103645
0.095321
0.079918
0.078921
0.083451
0.084397
0.080662
0.090508
0.082595
0.081477
0.083149
0.082265
0.089586
0.093536
0.093341
0.090268
0.092093
0.092226
0.095758
0.098510
0.099053
0.096229
0.098247
0.093658
0.092529
0.094854
0.093703
0.094454
0.094275
0.099890
0.099524
0.096874
0.100015
0.099897
0.099993
0.094931
0.097016
0.097088
0.097085
0.097058
0.097118
0.096960
0.096703
0.096952
0.096783
0.102839
0.102968
0.096184
0.097208
0.097093
0.097866
0.097067
0.097450
0.096851
0.097057
0.098707
0.096963
0.097001
0.098235
0.098374
0.096994
0.098467
0.099223
0.098432
0.098366
0.098206
0.098529
0.098696
0.098695
0.098984
0.097694
0.097759
0.097866
0.098018
0.098434
0.098581
0.098500
0.098857
0.099135
0.098583
0.098781
0.098153
0.095430
0.094221
0.097006
0.094757
0.095012
0.094439
0.094407
0.094845
0.095821
0.096059
0.097371
0.097109
0.097362
0.094904
0.095630
0.095583
0.094932
0.099657
0.095021
0.094678
0.094810
0.095613
0.118752
0.112084
0.115000
0.115466
0.109938
0.114258
0.110417
0.114729
0.119560
0.119531
0.118166
0.119347
0.114260
0.110447
0.118885
0.115781
0.116100
0.118753
0.119119
0.119888
0.119375
0.119253
0.119056
0.119187
0.118824
0.119228
0.119487
0.113571
0.112749
0.112748
0.117806
0.113994
0.114257
0.114798
0.115500
0.118148
0.114927
0.114603
0.114750
0.115028
0.115114
0.115626
0.117933
0.118549
0.118590
0.114424
0.114071
0.114061
0.116913
0.117235
0.117167
0.114418
0.116020
0.116399
0.115663
0.115448
0.117700
0.113696
0.113900
0.113950
0.116013
0.113701
0.114960
0.195614
0.225736
0.208752
0.240184
0.235507
0.237174
0.240956
0.256467
0.238226
0.237896
0.229370
0.209640
0.237319
0.235361
0.236062
0.199545
0.197953
0.217794
0.222958
0.229850
0.233545
0.222801
0.214951
0.239583
0.202789
0.186241
0.200528
0.198997
0.177408
0.186620
0.187813
0.213030
0.212806
0.224413
0.237441
0.208543
0.216007
0.234072
0.206321
0.213173
0.211421
0.236490
0.205011
0.218269
0.216970
0.220767
0.183698
0.224555
0.217218
0.213894
0.196635
0.170431
0.169267
0.192343
0.194783
0.206899
0.193908
0.205291
0.198801
0.209645
0.204680
0.183837
0.184503
0.181488
0.183385
0.479742
0.452538
0.437727
0.414868
0.388980
0.373591
0.354738
0.332498
0.316340
0.301829
0.282435
0.275412
0.254528
0.249277
0.244210
0.222315
0.225323
0.208230
0.214784
0.198136
0.199935
0.202088
0.201562
0.197994
0.197782
0.197861
0.197671
0.200316
0.202538
0.202568
0.202679
0.201108
0.202200
0.202267
0.202267
0.202268
0.200819
0.200801
0.201587
0.200947
0.200851
0.201164
0.201158
0.201130
0.200668
0.211286
0.213222
0.213228
0.212866
0.213556
0.218825
0.215954
0.218187
0.216770
0.221026
0.221084
0.221135
0.221115
0.221583
0.221041
0.221411
0.220818
0.221439
0.221415
0.221419
0.221611
0.221033
0.221573
0.221554
0.220757
0.221751
0.221630
0.221630
0.221650
0.221451
0.221462
0.221492
0.221437
0.222922
0.224713
0.224826
0.224828
0.213465
0.221000
0.220306
0.221242
0.213430
0.219199
0.220564
0.220223
0.391209
0.461216
0.430569
0.360196
0.338449
0.312763
0.289996
0.284762
0.257122
0.228098
0.216320
0.201646
0.184347
0.167416
0.148162
0.135393
0.126357
0.108693
0.103532
0.094686
0.087845
0.081264
0.080586
0.076963
0.077091
0.077029
0.076850
0.076862
0.076851
0.076861
0.076953
0.077036
0.076575
0.076966
0.077082
0.077178
0.075668
0.075399
0.075327
0.076612
0.075187
0.078237
0.076650
0.076712
0.076432
0.077016
0.075338
0.075645
0.075709
0.076594
0.076521
0.076547
0.076172
0.076333
0.075828
0.076002
0.075965
0.075928
0.075926
0.075977
0.075977
0.076106
0.075771
0.075813
0.075852
0.076763
0.076763
0.076411
0.076392
0.075988
0.076236
0.076236
0.076236
0.076284
0.076284
0.076284
0.076284
0.076124
0.076091
0.076091
0.076097
0.076037
0.076034
0.076034
0.076069
0.194484
0.175756
0.175900
0.174199
0.170892
0.170608
0.174017
0.173123
0.164509
0.166589
0.167542
0.172914
0.166736
0.167324
0.174478
0.170183
0.172292
0.193389
0.211614
0.229051
0.226459
0.210200
0.212706
0.227350
0.235335
0.243855
0.235427
0.247834
0.245651
0.253691
0.258415
0.281375
0.273353
0.297292
0.280707
0.303920
0.299359
0.278372
0.298958
0.284423
0.297298
0.306794
0.310347
0.337813
0.350689
0.352166
0.354343
0.351703
0.361447
0.367252
0.389790
0.376213
0.382639
0.399083
0.380213
0.367575
0.358297
0.360692
0.370526
0.371188
0.364750
0.359022
0.365586
0.376745
0.377388
0.379923
0.369413
0.345950
0.329185
0.336401
0.331096
0.318587
0.260629
0.312222
0.231893
0.246729
0.248677
0.260618
0.266703
0.267187
0.269161
0.223885
0.256024
0.265214
0.284920
0.283920
0.293017
0.275008
0.286576
0.252489
0.268352
0.262148
0.271451
0.266349
0.270996
0.306480
0.294030
0.290822
0.296452
0.311564
0.306843
0.291430
0.285094
0.289877
0.281564
0.278200
0.269311
0.276099
0.299358
0.269435
0.268006
0.265793
0.312573
0.318560
0.333935
0.348696
0.357107
0.339473
0.363014
0.379321
0.370365
0.391144
0.373903
0.349437
0.360740
0.361071
0.361289
0.365445
0.361182
0.356222
0.364627
0.174059
0.173344
0.167522
0.177018
0.158903
0.178699
0.165770
0.182640
0.181704
0.182931
0.182407
0.185126
0.177741
0.175470
0.181426
0.182487
0.175566
0.174428
0.170995
0.169909
0.171902
0.174578
0.171883
0.171011
0.174404
0.184683
0.176792
0.171280
0.172846
0.173871
0.176776
0.177779
0.175572
0.234229
0.177332
0.175656
0.174560
0.175914
0.178080
0.177063
0.176287
0.178089
0.172863
0.175580
0.170596
0.120129
0.124118
0.131912
0.128816
0.130535
0.129408
0.132377
0.120211
0.116148
0.130486
0.118815
0.119102
0.130515
0.130956
0.131364
0.134345
0.135530
0.140738
0.126136
0.132110
0.128326
0.132752
0.131932
0.133080
0.133953
0.133164
0.132859
0.137360
0.131625
0.131320
0.129844
0.131088
0.129626
0.130628
0.133294
0.130106
0.127634
0.131016
0.130385
0.124960
0.129261
0.130270
0.137715
0.134038
0.128978
0.135815
0.136516
0.141158
0.136179
0.136130
0.137327
0.134617
0.134608
0.143439
0.140152
0.137841
0.135861
0.135853
0.132897
0.134112
0.136456
0.136276
0.132896
0.132393
0.140667
0.137749
0.137194
0.136388
0.136545
0.131854
0.133024
0.069630
0.068687
0.067793
0.066699
0.067023
0.061933
0.067644
0.069209
0.067441
0.064723
0.066916
0.070951
0.065493
0.067534
0.067552
0.067845
0.068086
0.067100
0.066719
0.066594
0.063414
0.066531
0.067237
0.062833
0.066155
0.066263
0.065701
0.067718
0.066525
0.066131
0.066500
0.066546
0.067365
0.065944
0.067386
0.067284
0.065318
0.069803
0.066686
0.067541
0.066636
0.068239
0.069756
0.069335
0.069502
0.063900
0.071391
0.065154
0.066466
0.062566
0.063477
0.068042
0.065891
0.062774
0.063203
0.063354
0.062666
0.062381
0.066600
0.062331
0.064261
0.063742
0.070163
0.062567
0.061800
0.069653
0.068025
0.069448
0.062158
0.062944
0.062635
0.068862
0.064607
0.067391
0.263127
0.262530
0.268217
0.265877
0.253203
0.266020
0.253508
0.252428
0.259292
0.259842
0.259724
0.258596
0.245701
0.256041
0.255503
0.257468
0.244760
0.241980
0.243259
0.236296
0.235538
0.243413
0.249983
0.254129
0.251646
0.243192
0.243310
0.248742
0.251493
0.246617
0.252099
0.237355
0.237132
0.240795
0.244582
0.243848
0.241394
0.242474
0.244364
0.240443
0.241282
0.240147
0.243197
0.237469
0.238536
0.232531
0.224983
0.226238
0.222292
0.222733
0.231863
0.231807
0.228344
0.225930
0.229507
0.226879
0.228880
0.236467
0.226856
0.224540
0.229209
0.224423
0.224832
0.224472
0.225495
0.220673
0.227435
0.225680
0.227701
0.215422
0.217859
0.214895
0.214571
0.216139
0.210582
0.210422
0.210480
0.209297
0.210425
0.206787
0.204875
0.203800
0.207710
0.205993
0.202115
0.205758
0.203993
0.204883
0.211140
0.133133
0.153607
0.152049
0.151730
0.153690
0.150813
0.152065
0.151228
0.151222
0.150888
0.152214
0.150521
0.150525
0.150239
0.151638
0.151071
0.152082
0.155718
0.153384
0.153356
0.152983
0.155815
0.159983
0.161335
0.159368
0.160126
0.163191
0.159342
0.159964
0.160685
0.159558
0.157360
0.159158
0.164219
0.163245
0.164155
0.163901
0.162620
0.165030
0.166849
0.158782
0.165101
0.166178
0.165117
0.164739
0.153694
0.152488
0.151812
0.152734
0.153209
0.161031
0.149797
0.152381
0.165843
0.165091
0.164791
0.163705
0.162148
0.508115
0.473556
0.460727
0.438214
0.441632
0.450000
0.436423
0.433360
0.422854
0.418869
0.397871
0.395982
0.360244
0.351791
0.348805
0.338068
0.335012
0.321611
0.321818
0.329354
0.312123
0.337746
0.324514
0.296984
0.328651
0.285742
0.278700
0.281703
0.318204
0.304948
0.307618
0.307158
0.285030
0.273012
0.289717
0.278228
0.267523
0.236326
0.230984
0.243038
0.218418
0.221831
0.220216
0.204906
0.206053
0.202505
0.193554
0.199456
0.175982
0.169584
0.174452
0.168852
0.204136
0.108731
0.108963
0.114161
0.167086
0.167808
0.152302
0.111556
0.113302
0.113575
0.125206
0.151409
0.180274
0.161237
0.149262
0.130338
0.142123
0.111105
0.178586
0.114095
0.184546
0.184744
0.183014
0.179974
0.175801
0.139395
0.139055
0.179918
0.180744
0.181327
0.121744
0.115015
0.114719
0.182531
0.180302
0.185268
0.114483
0.115245
0.110191
0.110087
0.157250
0.112101
0.176068
0.112349
0.113724
0.134696
0.162741
0.167798
0.164484
0.163805
0.187801
0.183894
0.168898
0.169087
0.171004
0.168324
0.167051
0.143688
0.146149
0.166698
0.124345
0.153811
0.118846
0.124053
0.162845
0.154979
0.121886
0.138573
0.122580
0.171756
0.170317
0.164056
0.166077
0.169245
0.182499
0.181040
0.178648
0.179821
0.179354
0.182131
0.161822
0.183767
0.163617
0.165445
0.159516
0.163313
0.165757
0.169452
0.166090
0.169792
0.166512
0.167908
0.168250
0.168596
0.162025
0.162796
0.158815
0.163033
0.162427
0.157327
0.153773
0.152809
0.154836
0.155756
0.155642
0.151744
0.149353
0.148588
0.149130
0.149092
0.143920
0.142523
0.137407
0.141516
0.155986
0.157174
0.156505
0.154913
0.154751
0.131022
0.111069
0.121032
0.121967
0.120834
0.125795
0.128607
0.129212
0.127452
0.130543
0.133579
0.133522
0.128926
0.135625
0.125820
0.123017
0.115980
0.121059
0.119991
0.119967
0.128288
0.131101
0.155753
0.149921
0.148498
0.146608
0.150107
0.144556
0.146293
0.139830
0.142371
0.150241
0.156101
0.156868
0.136342
0.145733
0.138128
0.141926
0.137560
0.150783
0.160132
0.147434
0.157061
0.140848
0.135664
0.139784
0.133964
0.135117
0.137093
0.132722
0.136535
0.139644
0.168962
0.158625
0.149523
0.147771
0.154685
0.161139
0.165192
0.164315
0.191567
0.189939
0.173212
0.143575
0.138976
0.151581
0.144841
0.145989
0.151641
0.145133
0.159973
0.146946
0.140117
0.138613
0.151569
0.151606
0.160380
0.166454
0.166320
0.180576
0.146837
0.144270
0.147713
0.161062
0.164612
0.164259
0.173130
0.171236
0.172269
0.171035
0.175146
0.174264
0.172488
0.173022
0.005208
0.005165
0.005144
0.005142
0.005084
0.005081
0.005048
0.005030
0.005005
0.004979
0.004953
0.004925
0.004888
0.004868
0.004834
0.004806
0.004820
0.004807
0.004795
0.004787
0.004800
0.004754
0.004707
0.004697
0.004697
0.004692
0.004666
0.004634
0.004614
0.004599
0.004589
0.004583
0.004585
0.004587
0.004592
0.004608
0.004626
0.004614
0.004669
0.004661
0.004660
0.004676
0.004604
0.004611
0.004660
0.004680
0.004662
0.004671
0.004671
0.004680
0.004673
0.004702
0.004695
0.004714
0.004706
0.004295
0.004278
0.004248
0.004232
0.004232
0.004273
0.004246
0.004250
0.004406
0.004475
0.004521
0.004404
0.004461
0.004310
0.004198
0.003945
0.003830
0.004226
0.004774
0.005581
0.005871
0.005714
0.005314
0.005232
0.004662
0.004074
0.002924
0.001895
0.000436
0.000000
0.000202
0.000536
0.000583
0.000705
0.000580
0.000774
0.000757
0.000538
0.000532
0.000536
0.000669
0.000667
0.000751
0.000845
0.001163
0.001265
0.001133
0.000799
0.000818
0.000999
0.000939
0.001007
0.001174
0.002152
0.002561
0.179681
0.163659
0.164175
0.164406
0.163220
0.169643
0.173755
0.178308
0.178821
0.171595
0.172668
0.157244
0.167153
0.164389
0.163523
0.166434
0.163746
0.161787
0.162415
0.162775
0.163101
0.161921
0.163911
0.166909
0.163178
0.162148
0.164339
0.165616
0.164826
0.166827
0.162907
0.163061
0.162996
0.161338
0.157041
0.157714
0.155589
0.132077
0.153252
0.150311
0.153882
0.155477
0.153366
0.154556
0.151896
0.152962
0.150857
0.151744
0.132535
0.133257
0.139893
0.148847
0.161284
0.146900
0.152700
0.158422
0.159096
0.134510
0.137817
0.135118
0.142041
0.139399
0.144536
0.146472
0.145527
0.138623
0.146098
0.148255
0.150856
0.150311
0.145276
0.129976
0.131848
0.129833
0.127627
0.120102
0.124730
0.128385
0.116613
0.122640
0.130935
0.136470
0.135063
0.133806
0.141362
0.128808
0.128980
0.125630
0.125455
0.126590
0.128005
0.136528
0.133972
0.126606
0.123005
0.120004
0.126133
0.121822
0.116135
0.122557
0.124255
0.116075
0.112204
0.110362
0.114109
0.115262
0.117527
0.107837
0.109851
0.113652
0.113537
0.111003
0.118987
0.129575
0.118520
0.105278
0.105903
0.105519
0.102337
0.024607
0.024402
0.024490
0.024254
0.024280
0.024141
0.024270
0.024388
0.024099
0.023982
0.023819
0.023661
0.023817
0.023779
0.023595
0.023640
0.023812
0.023624
0.023580
0.023683
0.023664
0.023891
0.023972
0.024156
0.024058
0.024321
0.024617
0.024535
0.024329
0.025122
0.024418
0.024584
0.024843
0.024830
0.024124
0.024511
0.024767
0.024009
0.024070
0.024011
0.024061
0.024227
0.024376
0.024806
0.024659
0.025045
0.024985
0.025097
0.024792
0.024996
0.025346
0.025044
0.025029
0.024031
0.024724
0.024348
0.025499
0.025223
0.025265
0.025098
0.025108
0.025262
0.025253
0.025196
0.025424
0.025164
0.025162
0.024830
0.024649
0.024822
0.024293
0.024792
0.024514
0.024427
0.024525
0.024904
0.024781
0.025070
0.025221
0.024972
0.025079
0.025306
0.025307
0.025125
0.024962
0.024828
0.024985
0.024854
0.024998
0.025129
0.025141
0.025041
0.025298
0.025189
0.025163
0.025266
0.025182
0.025846
0.026108
0.026083
0.026309
0.026381
0.026693
0.026537
0.026227
0.026038
0.026309
0.026073
0.026058
0.026142
0.025493
0.025215
0.024787
0.024548
0.024524
0.024547
0.024701
0.024616
0.024915
0.024933
0.024629
0.024549
0.024282
0.023778
0.023786
0.023901
0.023807
0.023798
0.023793
0.023858
0.023902
0.023982
0.024400
0.024641
0.024522
0.024503
0.024505
0.024551
0.024426
0.024429
0.024559
0.024505
0.024493
0.024640
0.024514
0.024413
0.024498
0.024411
0.024706
0.024798
0.024496
0.024244
0.024213
0.024364
0.024309
0.023875
0.024356
0.023966
0.023887
0.024537
0.024328
0.024324
0.024508
0.024644
0.024495
0.024551
0.024413
0.024486
0.024503
0.024804
0.024807
0.024740
0.024736
0.024892
0.024747
0.024611
0.024638
0.024582
0.024581
0.024591
0.024803
0.024885
0.025026
0.025043
0.025356
0.025289
0.025233
0.025016
0.024812
0.024922
0.024887
0.024930
0.024905
0.024952
0.024958
0.024975
0.024940
0.025015
0.024973
0.024994
0.025039
0.025040
0.025086
0.024844
0.024933
0.024852
0.024966
0.024753
0.025023
0.025021
0.025123
0.025167
0.025094
0.025150
0.025245
0.025155
0.025216
0.025249
0.025163
0.025109
0.025057
0.024928
0.024493
0.024482
0.024333
0.024318
0.024527
0.024894
0.024791
0.024947
0.025791
0.026666
0.027166
0.027703
0.027793
0.027228
0.026907
0.026817
0.026689
0.025746
0.025946
0.025694
0.025772
0.025630
0.025007
0.025175
0.025190
0.025203
0.025185
0.024950
0.025010
0.025000
0.024859
0.024729
0.024804
0.024698
0.024691
0.024868
0.024807
0.024813
0.024790
0.024806
0.025022
0.024737
0.024672
0.024762
0.024815
0.024475
0.024424
0.117384
0.116114
0.114514
0.116401
0.116105
0.116446
0.115333
0.115206
0.117311
0.118571
0.116232
0.116577
0.115152
0.116113
0.115177
0.118282
0.116350
0.118230
0.114837
0.118880
0.115182
0.115326
0.114795
0.117733
0.115652
0.116350
0.116709
0.117324
0.118123
0.117941
0.119260
0.117766
0.119112
0.118213
0.120082
0.120267
0.118974
0.118725
0.119315
0.119672
0.117353
0.112370
0.112774
0.112288
0.115809
0.113634
0.117535
0.114992
0.116308
0.115917
0.116441
0.117014
0.115283
0.115410
0.114819
0.115125
0.115450
0.114454
0.113695
0.115691
0.113941
0.114518
0.114867
0.114040
0.112823
0.113433
0.113717
0.113436
0.113740
0.113695
0.114379
0.114573
0.115899
0.115479
0.116626
0.116079
0.117090
0.114510
0.114091
0.117072
0.107883
0.116907
0.115776
0.118931
0.121066
0.109086
0.109810
0.103526
0.106748
0.104823
0.104597
0.106448
0.106692
0.088837
0.107978
0.080837
0.074902
0.074422
0.071548
0.076048
0.079395
0.097817
0.098553
0.099147
0.097321
0.097750
0.104895
0.110899
0.121487
0.132814
0.119959
0.085126
0.083016
0.077364
0.078982
0.126610
0.126017
0.132007
0.139568
0.130354
0.090290
0.092861
0.080684
0.080311
0.081355
0.077713
0.076593
0.076107
0.079312
0.074997
0.072801
0.077830
0.117054
0.117708
0.116392
0.116760
0.114921
0.112053
0.111865
0.110269
0.109174
0.101505
0.104246
0.104613
0.111732
0.102724
0.094002
0.096756
0.102010
0.107269
0.114348
0.116666
0.115982
0.118315
0.119766
0.121644
0.117146
0.121338
0.123128
0.130650
0.139830
0.124381
0.123298
0.109204
0.113924
0.115296
0.119216
0.118803
0.120252
0.119897
0.123535
0.138758
0.123720
0.136068
0.115497
0.135194
0.119963
0.122204
0.120133
0.117880
0.126169
0.115652
0.115326
0.126361
0.131090
0.129506
0.107640
0.121463
0.110398
0.114038
0.103862
0.105745
0.109168
0.111826
0.109879
0.116390
0.112093
0.109600
0.106049
0.105027
0.106151
0.100378
0.103727
0.099975
0.022900
0.022842
0.022862
0.022605
0.022891
0.022742
0.022803
0.022768
0.022795
0.022708
0.022986
0.022634
0.022547
0.022441
0.022745
0.022999
0.023052
0.023036
0.022781
0.022677
0.022700
0.022906
0.022960
0.022773
0.022758
0.022936
0.023016
0.023666
0.023076
0.023621
0.023592
0.023535
0.023336
0.023216
0.023276
0.023308
0.022805
0.022885
0.022903
0.022883
0.022784
0.022674
0.022448
0.022377
0.022379
0.022492
0.022473
0.022527
0.022565
0.022654
0.022637
0.022734
0.023008
0.023181
0.023199
0.023108
0.023334
0.023314
0.023038
0.023295
0.022966
0.022915
0.023281
0.022947
0.023594
0.023124
0.023338
0.023168
0.023188
0.023290
0.023190
0.023243
0.023173
0.022510
0.022518
0.022603
0.022749
0.022516
0.022716
0.022862
0.022734
0.022831
0.022666
0.022663
0.022913
0.021881
0.137506
0.135920
0.131447
0.137243
0.138647
0.127463
0.170770
0.136649
0.171558
0.171946
0.153980
0.165946
0.159435
0.171087
0.123474
0.132168
0.148684
0.149924
0.139323
0.130441
0.135376
0.136398
0.133195
0.142511
0.136942
0.134552
0.141380
0.168720
0.166315
0.149607
0.154791
0.153828
0.165149
0.163960
0.152061
0.147423
0.150436
0.162606
0.163966
0.144630
0.142126
0.152394
0.097630
0.097194
0.096924
0.097793
0.099736
0.097983
0.094095
0.099144
0.099123
0.098423
0.103747
0.104544
0.106372
0.097390
0.151417
0.159648
0.159605
0.159273
0.159499
0.157997
0.156232
0.158374
0.157050
0.157941
0.158553
0.155595
0.157395
0.157292
0.157009
0.155125
0.156448
0.151052
0.149663
0.154916
0.154889
0.159424
0.154849
0.158846
0.157983
0.152949
0.158282
0.151929
0.153808
0.156379
0.033690
0.033612
0.033184
0.032939
0.032963
0.033207
0.033084
0.033188
0.033386
0.033347
0.033460
0.033982
0.034295
0.033833
0.033687
0.033725
0.033361
0.032949
0.033154
0.033075
0.033209
0.032740
0.033143
0.033037
0.297672
0.299246
0.294241
0.294178
0.299601
0.297666
0.297934
0.295765
0.298588
0.300539
0.300559
0.296471
0.298525
0.295688
0.303233
0.300849
0.295273
0.294686
0.301681
0.302497
0.297256
0.300330
0.300670
0.300690
0.310834
0.302061
0.301832
0.300641
0.299701
0.300726
0.296819
0.303425
0.303020
0.303478
0.303058
0.300436
0.302474
0.301420
0.300167
0.299466
0.300571
0.298014
0.299205
0.300677
0.300667
0.293565
0.293932
0.293112
0.292570
0.293675
0.294413
0.294666
0.295420
0.297263
0.294305
0.293946
0.295611
0.295424
0.297131
0.297367
0.298700
0.299466
0.296822
0.296768
0.295358
0.295888
0.296794
0.298202
0.296927
0.298193
0.296986
0.294319
0.298235
0.296458
0.297653
0.296950
0.296965
0.298696
0.297318
0.296552
0.298558
0.298568
0.297659
0.032592
0.032550
0.032627
0.032761
0.032670
0.032905
0.032099
0.032333
0.032516
0.032452
0.032284
0.031928
0.033470
0.033131
0.033070
0.033148
0.033170
0.033149
0.032792
0.032344
0.032773
0.031896
0.031883
0.033047
0.033098
0.032715
0.032304
0.032450
0.032662
0.032474
0.032623
0.032527
0.032310
0.032201
0.032499
0.032532
0.032341
0.032048
0.032330
0.032202
0.032513
0.032337
0.031805
0.032688
0.032767
0.032221
0.032718
0.032596
0.032595
0.032697
0.032579
0.032218
0.032658
0.032333
0.032829
0.032902
0.032890
0.032915
0.032936
0.032652
0.032669
0.032314
0.032986
0.032616
0.032747
0.032811
0.032945
0.032885
0.032947
0.032613
0.032676
0.032372
0.032731
0.032724
0.032833
0.032735
0.032585
0.032967
0.033093
0.032965
0.032838
0.255228
0.256432
0.256862
0.247423
0.255814
0.249200
0.257117
0.258345
0.261171
0.251599
0.257398
0.256830
0.257783
0.257656
0.260099
0.260346
0.261734
0.260194
0.260568
0.259987
0.260013
0.262993
0.258891
0.258275
0.265918
0.261361
0.262846
0.267384
0.254035
0.254002
0.255501
0.254998
0.252374
0.254473
0.254315
0.253975
0.257775
0.255542
0.269980
0.269669
0.264952
0.259231
0.276607
0.259660
0.259778
0.245354
0.258911
0.244219
0.258567
0.243350
0.242629
0.259546
0.259613
0.259074
0.261731
0.260992
0.259819
0.260785
0.260658
0.261298
0.263159
0.261356
0.258650
0.258963
0.258317
0.257866
0.254178
0.258288
0.250582
0.253493
0.257205
0.253546
0.248248
0.254740
0.254382
0.256519
0.255763
0.119647
0.118841
0.119070
0.113607
0.113824
0.113978
0.114510
0.112365
0.112476
0.110957
0.111116
0.115410
0.116484
0.120450
0.114788
0.113692
0.114567
0.126275
0.122750
0.123992
0.125550
0.124713
0.123332
0.122223
0.123136
0.121718
0.122430
0.123208
0.121997
0.122747
0.125934
0.126003
0.124424
0.123573
0.124859
0.125146
0.122346
0.123962
0.124595
0.120355
0.120547
0.119162
0.120560
0.120843
0.120124
0.113943
0.118211
0.122896
0.123318
0.115630
0.120522
0.116364
0.118263
0.117747
0.118291
0.113797
0.132991
0.132917
0.132124
0.130615
0.127389
0.129018
0.114755
0.114416
0.118253
0.118028
0.117642
0.111843
0.112205
0.111905
0.118519
0.112468
0.112127
0.111588
0.111696
0.111616
0.111400
0.112771
0.111442
0.111947
0.112390
0.110595
0.111125
0.111901
0.109556
0.111435
0.111378
0.110851
0.110372
0.111369
0.110520
0.113944
0.111092
0.111429
0.111537
0.111279
0.111824
0.112598
0.112991
0.111704
0.112984
0.111001
0.109284
0.108353
0.110983
0.108522
0.108518
0.110784
0.114771
0.110082
0.112998
0.112193
0.112015
0.114190
0.114375
0.114287
0.112708
0.113465
0.112866
0.114210
0.116158
0.116625
0.141076
0.140429
0.141163
0.140737
0.141525
0.141466
0.141320
0.141789
0.141833
0.141827
0.150637
0.151012
0.140706
0.140994
0.140494
0.141952
0.149856
0.151213
0.142622
0.142079
0.151245
0.141885
0.141947
0.143166
0.142944
0.141986
0.142249
0.142011
0.142657
0.142839
0.154727
0.153820
0.154257
0.153799
0.153804
0.154752
0.143929
0.153477
0.143802
0.151187
0.152350
0.151978
0.151657
0.151302
0.151919
0.152424
0.153474
0.151975
0.151800
0.152044
0.151581
0.149213
0.151856
0.151670
0.149847
0.149641
0.150537
0.148828
0.148762
0.150003
0.148820
0.148660
0.149275
0.148306
0.147749
0.150219
0.148989
0.150912
0.149981
0.149767
0.148818
0.152534
0.151120
0.149866
0.150451
0.154056
0.151392
0.153654
0.153267
0.154214
0.257702
0.236179
0.253614
0.256626
0.257421
0.261941
0.263897
0.270986
0.270920
0.263569
0.259507
0.273342
0.253511
0.250318
0.265970
0.247451
0.265601
0.259423
0.263131
0.261347
0.257329
0.248003
0.245634
0.260945
0.242616
0.243481
0.242013
0.243753
0.245554
0.246450
0.245163
0.250297
0.247329
0.247995
0.259786
0.257668
0.174609
0.189169
0.266521
0.264736
0.248777
0.263184
0.269579
0.182394
0.272522
0.258368
0.149031
0.268432
0.149760
0.181931
0.208199
0.183364
0.185944
0.275718
0.270843
0.268834
0.194534
0.262019
0.162521
0.207525
0.199083
0.172523
0.112991
0.111950
0.111708
0.106012
0.111615
0.116513
0.114557
0.128143
0.117607
0.118542
0.119236
0.118224
0.118356
0.117174
0.118503
0.113354
0.114383
0.112502
0.113956
0.112372
0.114132
0.114008
0.112846
0.111787
0.110685
0.118803
0.109316
0.109426
0.108827
0.109276
0.113676
0.115864
0.115222
0.114083
0.114764
0.117402
0.111756
0.115505
0.116753
0.117580
0.111381
0.108845
0.109540
0.108039
0.109265
0.105636
0.107528
0.111379
0.102965
0.103883
0.210378
0.218445
0.177392
0.156550
0.164495
0.196958
0.219131
0.215297
0.221700
0.225017
0.194581
0.239714
0.224239
0.221821
0.226182
0.237597
0.239385
0.225705
0.244372
0.238783
0.212733
0.216093
0.220728
0.208749
0.208793
0.200265
0.187465
0.182781
0.209262
0.219848
0.207118
0.206824
0.209041
0.171913
0.163352
0.207927
0.218880
0.224890
0.223455
0.211239
0.210903
0.210175
0.210181
0.210209
0.210251
0.209827
0.222605
0.221675
0.213943
0.212103
0.213002
0.211626
0.212673
0.213544
0.212179
0.211586
0.212278
0.210902
0.212974
0.212144
0.225977
0.140483
0.148841
0.149493
0.149464
0.147175
0.164921
0.154023
0.148556
0.150827
0.150040
0.150485
0.156053
0.156421
0.151783
0.154627
0.150043
0.147515
0.146964
0.149884
0.149388
0.149118
0.143862
0.144133
0.146368
0.147647
0.145412
0.147855
0.146149
0.146582
0.160321
0.146693
0.146552
0.148569
0.147461
0.147753
0.146633
0.146382
0.147220
0.146282
0.146549
0.146702
0.144558
0.144483
0.146182
0.161570
0.160694
0.147120
0.162941
0.145899
0.161481
0.148327
0.163129
0.159702
0.162727
0.145219
0.148761
0.149136
0.147695
0.146853
0.146386
0.160423
0.156845
0.169902
0.171441
0.154519
0.143436
0.142794
0.142949
0.149241
0.145334
0.139095
0.141851
0.140179
0.155326
0.144620
0.151562
0.179583
0.189318
0.185087
0.197757
0.194630
0.197466
0.195296
0.203064
0.202246
0.201096
0.197659
0.195131
0.202924
0.193727
0.191212
0.194359
0.192434
0.185718
0.189063
0.195410
0.188639
0.187503
0.188416
0.186594
0.195066
0.190596
0.208053
0.182058
0.190138
0.200710
0.213534
0.152418
0.150268
0.149402
0.154206
0.130681
0.135837
0.119246
0.124535
0.108193
0.109359
0.099612
0.112824
0.127644
0.146103
0.130990
0.127632
0.131067
0.127126
0.127135
0.158438
0.137120
0.141612
0.140478
0.141925
0.127922
0.136385
0.188845
0.147979
0.127011
0.154375
0.125698
0.122837
0.168048
0.156378
0.239832
0.199961
0.153923
0.157539
0.177040
0.149065
0.180377
0.157801
0.170829
0.157567
0.114876
0.345845
0.331856
0.351011
0.329646
0.332841
0.333687
0.317275
0.330640
0.334893
0.341306
0.333773
0.358780
0.371362
0.353051
0.183958
0.180839
0.162094
0.181634
0.182062
0.181107
0.182821
0.196722
0.184186
0.186152
0.184799
0.182600
0.183655
0.180637
0.179641
0.179723
0.167829
0.174543
0.159886
0.156414
0.154247
0.218835
0.209648
0.168948
0.208387
0.210777
0.209852
0.201282
0.209916
0.161132
0.211199
0.203034
0.202755
0.200089
0.208194
0.152061
0.172026
0.184423
0.178906
0.207046
0.214315
0.207855
0.203743
0.214414
0.223697
0.238589
0.233904
0.236486
0.263506
0.224619
0.216650
0.219099
0.211269
0.205136
0.215653
0.208414
0.204356
0.203202
0.201906
0.209459
0.264024
0.266308
0.256166
0.271184
0.253800
0.236504
0.249517
0.246744
0.246330
0.209377
0.254309
0.253467
0.219109
0.258947
0.274560
0.194256
0.252410
0.260956
0.272169
0.283008
0.269620
0.235467
0.253303
0.233570
0.258519
0.247320
0.255887
0.202059
0.250100
0.254290
0.242257
0.240940
0.241207
0.244041
0.242072
0.240687
0.241657
0.128216
0.127709
0.129955
0.128408
0.123029
0.121177
0.136987
0.126558
0.124471
0.134461
0.140617
0.139467
0.140366
0.136906
0.137587
0.122093
0.140549
0.141090
0.139282
0.136572
0.131880
0.121880
0.132991
0.119701
0.149314
0.149256
0.137194
0.124232
0.137649
0.132387
0.206134
0.208115
0.208971
0.205177
0.207754
0.205990
0.203388
0.208184
0.201491
0.210265
0.200795
0.198159
0.196857
0.194522
0.190797
0.185734
0.180305
0.181005
0.187577
0.188370
0.186379
0.204160
0.197807
0.193311
0.200463
0.192075
0.190648
0.193533
0.188750
0.198151
0.198410
0.200053
0.198701
0.197339
0.201513
0.195609
0.194243
0.197761
0.203126
0.220426
0.226657
0.194307
0.198897
0.210287
0.212254
0.151056
0.108192
0.102503
0.122760
0.140446
0.147030
0.145266
0.128471
0.129371
0.139663
0.128473
0.154158
0.153737
0.108899
0.148506
0.148196
0.148934
0.154038
0.147959
0.128407
0.139516
0.126545
0.124379
0.119544
0.141558
0.142882
0.140988
0.160574
0.142608
0.148619
0.134392
0.132285
0.140474
0.150083
0.167192
0.162097
0.141450
0.126279
0.135518
0.138606
0.162203
0.169090
0.162650
0.145056
0.122714
0.126448
0.127240
0.144008
0.124219
0.144404
0.143487
0.147721
0.142181
0.159209
0.157055
0.151729
0.138041
0.118255
0.134094
0.161593
0.181096
0.601739
0.601739
0.601739
0.601739
0.601739
0.601739
0.601739
0.601739
0.601739
0.601739
0.601739
0.601739
0.601739
0.601739
0.601739
0.601739
0.601739
0.601739
0.601739
0.601739
0.601739
0.601739
0.601739
0.601739
0.601739
0.601739
0.601739
0.601739
0.601739
0.601739
0.601739
0.601739
0.601739
0.601739
0.601739
0.601739
0.601739
0.601739
0.601739
0.601739
0.601739
