0.126743
0.132324
0.130251
0.133598
0.131187
0.129792
0.127943
0.131002
0.137300
0.139639
0.140327
0.138664
0.140141
0.143701
0.144513
0.138170
0.137766
0.136002
0.136810
0.133935
0.136885
0.135861
0.135974
0.136912
0.133344
0.133675
0.135179
0.138434
0.134645
0.136547
0.134739
0.134934
0.137314
0.137000
0.134243
0.135885
0.135873
0.135104
0.136647
0.135876
0.135535
0.135272
0.137798
0.137423
0.137305
0.136806
0.136303
0.135778
0.133275
0.137968
0.133339
0.137040
0.134348
0.135480
0.133147
0.137843
0.136121
0.136860
0.138266
0.136826
0.138610
0.135127
0.133245
0.134273
0.136989
0.138976
0.139402
0.139426
0.137924
0.136824
0.136600
0.136357
0.136393
0.137405
0.136114
0.000000
0.000008
0.000127
0.000495
0.001304
0.001829
0.002913
0.004419
0.007128
0.007948
0.010031
0.011056
0.013900
0.015422
0.015753
0.018703
0.021327
0.023644
0.025265
0.026640
0.031329
0.034346
0.036441
0.037788
0.042069
0.044804
0.046789
0.047229
0.047960
0.051548
0.058418
0.055898
0.063578
0.066333
0.070738
0.072822
0.067782
0.076737
0.080928
0.077181
0.069286
0.068726
0.080073
0.067006
0.067084
0.025021
0.042315
0.030293
0.072482
0.077846
0.081914
0.085038
0.082103
0.093257
0.041367
0.039979
0.049195
0.047784
0.047523
0.049281
0.047047
0.048145
0.060858
0.081521
0.166443
0.205460
0.256955
0.377305
0.457745
0.587467
0.576508
0.583620
0.506279
0.552203
0.387618
0.078124
0.016130
0.006881
0.006678
0.006023
0.006441
0.006340
0.008851
0.008489
0.007590
0.010334
0.009426
0.007591
0.008292
0.007664
0.008081
0.008212
0.006967
0.006983
0.008808
0.007133
0.008785
0.007146
0.007253
0.007025
0.007078
0.007629
0.007568
0.007782
0.007790
0.007233
0.007890
0.007252
0.006823
0.007530
0.007290
0.007080
0.007047
0.007043
0.007207
0.006877
0.006960
0.006358
0.006731
0.007106
0.006622
0.006552
0.006645
0.006664
0.006836
0.006649
0.006539
0.006512
0.006260
0.006524
0.006471
0.006273
0.006117
0.006311
0.006642
0.006562
0.006947
0.006235
0.006243
0.006363
0.006153
0.006595
0.006706
0.007073
0.005968
0.005836
0.006070
0.005640
0.006252
0.005924
0.006161
0.006111
0.006551
0.006338
0.006722
0.006906
0.006934
0.006638
0.006077
0.006249
0.006639
0.006282
0.006630
0.006123
0.006136
0.006454
0.006402
0.006523
0.006559
0.006965
0.006678
0.006852
0.006235
0.006662
0.006537
0.006095
0.006344
0.006400
0.006253
0.006531
0.006998
0.007129
0.007090
0.007119
0.007433
0.007191
0.007473
0.007622
0.005965
0.005833
0.006147
0.006186
0.006292
0.006205
0.006049
0.006618
0.006308
0.006305
0.006570
0.006588
0.006729
0.006613
0.006647
0.006577
0.006634
0.006295
0.006313
0.006215
0.006150
0.006522
0.006613
0.006564
0.006555
0.006530
0.006213
0.006159
0.006012
0.006018
0.005958
0.006100
0.007185
0.007349
0.007444
0.006429
0.006448
0.006366
0.007225
0.006583
0.006113
0.006220
0.007503
0.007583
0.007404
0.007606
0.006534
0.006657
0.007731
0.007847
0.007580
0.007518
0.007099
0.007744
0.007650
0.008022
0.007926
0.006682
0.007956
0.007048
0.006262
0.006862
0.006912
0.012672
0.013290
0.013913
0.031532
0.060935
0.089265
0.122472
0.161847
0.183077
0.191883
0.157899
0.185080
0.156394
0.159528
0.158737
0.159165
0.100080
0.159212
0.158879
0.162355
0.191817
0.184615
0.170017
0.169600
0.173789
0.174072
0.175437
0.165305
0.103927
0.103599
0.169562
0.165543
0.173140
0.168741
0.181762
0.190126
0.177169
0.176667
0.159413
0.156717
0.189816
0.192035
0.195677
0.186632
0.124308
0.115392
0.191310
0.191312
0.193231
0.192429
0.186459
0.186211
0.187497
0.193832
0.171188
0.175332
0.187938
0.175364
0.183260
0.183840
0.189360
0.188925
0.188799
0.191299
0.185322
0.178432
0.188843
0.187971
0.189134
0.189383
0.188646
0.187894
0.187826
0.187853
0.189697
0.190500
0.191698
0.189885
0.189970
0.186124
0.185807
0.187163
0.186753
0.186766
0.187055
0.191598
0.191860
0.177461
0.176078
0.176388
0.186090
0.086035
0.084325
0.094375
0.093823
0.096084
0.095287
0.096213
0.098382
0.097060
0.097697
0.094915
0.094745
0.094193
0.096633
0.095339
0.095222
0.096131
0.096711
0.096676
0.094754
0.093820
0.095790
0.097985
0.100598
0.096427
0.097932
0.096321
0.097116
0.098512
0.094651
0.098230
0.111252
0.104026
0.096733
0.101867
0.101433
0.098647
0.100051
0.101204
0.100598
0.100031
0.097252
0.100439
0.100979
0.101112
0.097594
0.096091
0.099939
0.097606
0.095962
0.096123
0.104706
0.107849
0.105046
0.105400
0.096553
0.103517
0.104885
0.099811
0.104651
0.103721
0.106050
0.103294
0.097975
0.096452
0.097558
0.103177
0.101959
0.091312
0.100146
0.089062
0.089586
0.095981
0.101421
0.092746
0.101633
0.095108
0.094243
0.096114
0.101212
0.097474
0.093636
0.101599
0.091335
0.092387
0.096863
0.098443
0.095072
0.098030
0.095649
0.101895
0.101589
0.099345
0.099369
0.101931
0.097525
0.099479
0.096870
0.097918
0.102762
0.100837
0.101744
0.102304
0.098711
0.108549
0.106955
0.105907
0.103871
0.106651
0.100870
0.112528
0.108677
0.112904
0.113912
0.112131
0.108509
0.108913
0.106049
0.102639
0.112543
0.098248
0.102916
0.102132
0.096862
0.096301
0.096912
0.095857
0.096608
0.107732
0.098572
0.105046
0.113804
0.115622
0.113387
0.111596
0.113996
0.114028
0.108543
0.108090
0.116737
0.111790
0.114212
0.104957
0.112600
0.102443
0.106205
0.109869
0.093909
0.104324
0.101242
0.095173
0.082013
0.085242
0.073048
0.084799
0.089016
0.100142
0.118197
0.111192
0.174900
0.263468
0.292936
0.334641
0.420681
0.590439
0.399379
0.332877
0.288903
0.261487
0.245082
0.267912
0.300995
0.370515
0.384776
0.407520
0.386985
0.380111
0.410907
0.379190
0.410341
0.409999
0.381887
0.380600
0.408810
0.378744
0.405910
0.405290
0.402795
0.400476
0.400894
0.400139
0.392486
0.172068
0.150784
0.158748
0.159525
0.157592
0.159071
0.158487
0.158281
0.159428
0.162183
0.162672
0.164382
0.164639
0.164573
0.164883
0.164627
0.167318
0.166646
0.163738
0.161444
0.166373
0.166938
0.168135
0.167404
0.166092
0.166083
0.166202
0.153058
0.150948
0.151540
0.151536
0.147739
0.151465
0.148579
0.154627
0.149262
0.149443
0.146102
0.149494
0.155577
0.154558
0.151218
0.151462
0.150912
0.163068
0.163356
0.162712
0.160317
0.159253
0.157771
0.150442
0.150033
0.155285
0.156890
0.160857
0.156374
0.157361
0.153648
0.150641
0.152593
0.156063
0.154827
0.159332
0.157336
0.156308
0.161954
0.164998
0.162315
0.185797
0.160182
0.163576
0.166985
0.162037
0.100227
0.151588
0.158852
0.151854
0.169677
0.169689
0.187073
0.178939
0.176901
0.176748
0.182824
0.169128
0.100424
0.100462
0.101217
0.097582
0.167616
0.167097
0.185109
0.184176
0.187873
0.176504
0.157882
0.158611
0.188629
0.196916
0.195131
0.187875
0.123872
0.115971
0.190991
0.190639
0.192632
0.192375
0.185583
0.185787
0.190323
0.192044
0.187241
0.187091
0.188540
0.190788
0.182554
0.183850
0.187527
0.189138
0.187984
0.191740
0.186029
0.185157
0.185270
0.186250
0.186777
0.187233
0.187695
0.179037
0.183234
0.181282
0.187139
0.193740
0.091982
0.085895
0.080012
0.071295
0.066895
0.066642
0.111540
0.116141
0.104998
0.120706
0.160015
0.228090
0.288490
0.372652
0.457263
0.587851
0.563302
0.582492
0.496314
0.509428
0.386131
0.127877
0.129430
0.176615
0.207693
0.198382
0.209580
0.207173
0.210480
0.216240
0.211406
0.219442
0.208794
0.208576
0.210572
0.212220
0.214060
0.212505
0.212247
0.200279
0.203342
0.212893
0.211963
0.210268
0.212184
0.213572
0.198297
0.213200
0.211159
0.210784
0.210861
0.212401
0.201798
0.209488
0.211551
0.212799
0.209490
0.210087
0.212098
0.205634
0.211060
0.210945
0.203499
0.202827
0.208494
0.203021
0.202251
0.205364
0.202374
0.210454
0.210662
0.212644
0.213346
0.210322
0.202483
0.203136
0.203199
0.210653
0.209230
0.203865
0.203539
0.202554
0.199964
0.209054
0.210573
0.209328
0.195729
0.210497
0.213156
0.212089
0.210894
0.212031
0.213014
0.212446
0.212546
0.212985
0.215173
0.215077
0.223102
0.214846
0.212169
0.211396
0.211776
0.212955
0.211342
0.211139
0.202274
0.209529
0.218259
0.212794
0.213022
0.212853
0.213428
0.215740
0.214077
0.212908
0.211401
0.210262
0.211131
0.211656
0.216846
0.214083
0.247083
0.251265
0.252537
0.252052
0.227972
0.230234
0.250345
0.238989
0.242240
0.253019
0.248169
0.249378
0.241053
0.246397
0.226410
0.220007
0.216943
0.213010
0.215986
0.221813
0.101445
0.082840
0.086454
0.083878
0.110990
0.176907
0.107649
0.108504
0.103832
0.075814
0.074977
0.090370
0.091659
0.078135
0.100121
0.153239
0.121422
0.074595
0.081013
0.089249
0.082762
0.076373
0.069650
0.099414
0.064296
0.067883
0.069303
0.070673
0.073331
0.077976
0.081069
0.077658
0.077919
0.077832
0.065227
0.066632
0.084360
0.087637
0.074453
0.093069
0.090971
0.074439
0.091364
0.107038
0.155907
0.153764
0.130973
0.131380
0.131249
0.117367
0.115672
0.115941
0.119394
0.120339
0.093650
0.098358
0.040141
0.040414
0.041576
0.038126
0.044242
0.041238
0.043951
0.038985
0.057127
0.062795
0.069192
0.060809
0.068657
0.067413
0.070842
0.071912
0.064791
0.061261
0.075583
0.066529
0.277519
0.240418
0.250235
0.252420
0.235601
0.275161
0.280230
0.263226
0.269271
0.247780
0.260922
0.255014
0.245058
0.192670
0.201248
0.179409
0.208629
0.205049
0.205249
0.220359
0.338117
0.357194
0.364561
0.330980
0.286925
0.282247
0.289744
0.283268
0.288406
0.289511
0.294394
0.151277
0.150905
0.105476
0.103293
0.119435
0.099985
0.099767
0.128856
0.102785
0.089883
0.145415
0.118566
0.158665
0.159674
0.187326
0.176593
0.223632
0.293755
0.280366
0.240753
0.225606
0.199823
0.225588
0.243224
0.216373
0.198650
0.192198
0.177714
0.177931
0.142382
0.164786
0.164956
0.194354
0.194644
0.194586
0.189855
0.123644
0.062099
0.065323
0.089413
0.118275
0.091109
0.161014
0.158874
0.191060
0.233073
0.227025
0.234238
0.222198
0.224582
0.216993
0.221815
0.216286
0.193897
0.193434
0.218106
0.255043
0.366033
0.385279
0.387043
0.375431
0.363099
0.344603
0.337424
0.335936
0.325053
0.328044
0.291276
0.280264
0.293816
0.299099
0.309877
0.326422
0.362943
0.363019
0.383470
0.382328
0.388499
0.388671
0.394830
0.397110
0.395945
0.399569
0.396723
0.393780
0.390596
0.394991
0.390844
0.391125
0.375407
0.301854
0.248821
0.247590
0.265130
0.262736
0.265792
0.265363
0.262665
0.271055
0.273678
0.273322
0.272609
0.281763
0.346774
0.285787
0.280454
0.272142
0.283314
0.252551
0.249986
0.265833
0.268395
0.274659
0.260220
0.271014
0.269431
0.257670
0.178724
0.178960
0.180602
0.176340
0.178778
0.186279
0.191366
0.192274
0.212636
0.231709
0.230553
0.234561
0.227384
0.219895
0.219050
0.227916
0.226524
0.229807
0.180802
0.175756
0.171505
0.183668
0.183702
0.183808
0.186602
0.184090
0.186107
0.182994
0.184154
0.183191
0.186323
0.179434
0.188121
0.191508
0.193165
0.193023
0.188770
0.190138
0.184635
0.186216
0.187591
0.186246
0.186611
0.187251
0.186139
0.190171
0.186469
0.186920
0.235879
0.236569
0.233774
0.236152
0.238546
0.242882
0.237238
0.235968
0.237022
0.234790
0.236178
0.209406
0.176891
0.158705
0.231812
0.239793
0.280768
0.232874
0.267843
0.261486
0.343477
0.341723
0.376668
0.384223
0.381204
0.379535
0.352576
0.386517
0.384341
0.381018
0.386080
0.387979
0.379843
0.385495
0.384403
0.390849
0.385880
0.386401
0.378369
0.378927
0.387318
0.387575
0.383943
0.380978
0.376731
0.382780
0.369252
0.380759
0.384535
0.387535
0.383722
0.384130
0.378980
0.373885
0.378097
0.378916
0.376168
0.373705
0.380014
0.378509
0.372699
0.373889
0.380885
0.374780
0.372312
0.376153
0.371443
0.377337
0.373264
0.373918
0.375739
0.374719
0.375446
0.375654
0.373749
0.370278
0.370053
0.383301
0.384574
0.372310
0.382591
0.343097
0.333054
0.342264
0.344136
0.352049
0.344051
0.357509
0.355729
0.356021
0.357666
0.364421
0.379532
0.380131
0.381939
0.384281
0.358549
0.370135
0.331840
0.340922
0.365028
0.347841
0.347614
0.345626
0.345696
0.328200
0.351411
0.342764
0.355543
0.329907
0.329596
0.330039
0.321616
0.306577
0.307114
0.323434
0.378981
0.370617
0.298331
0.298302
0.296152
0.306328
0.286412
0.310605
0.371704
0.367404
0.305398
0.305830
0.305230
0.309969
0.309174
0.285060
0.297565
0.323287
0.337345
0.332258
0.336282
0.319207
0.317043
0.298871
0.297306
0.298255
0.286814
0.288856
0.305353
0.309921
0.308826
0.312666
0.320807
0.323682
0.321431
0.321354
0.318562
0.327524
0.325289
0.328125
0.329034
0.102041
0.102043
0.070852
0.071036
0.070606
0.070494
0.102525
0.072524
0.068301
0.070995
0.071135
0.101212
0.102640
0.101676
0.101639
0.103841
0.121020
0.108405
0.108231
0.108218
0.108537
0.108844
0.108504
0.104936
0.106679
0.106675
0.103208
0.107902
0.103417
0.104572
0.107624
0.103537
0.105780
0.104658
0.105605
0.105839
0.106102
0.069524
0.069490
0.070221
0.070397
0.069918
0.067966
0.069209
0.068647
0.067517
0.067316
0.081766
0.084585
0.084071
0.070079
0.081857
0.082493
0.133967
0.134156
0.125158
0.133950
0.125750
0.134960
0.135056
0.134623
0.133716
0.137092
0.137032
0.139469
0.141612
0.139709
0.136864
0.136838
0.135479
0.137138
0.136254
0.135413
0.135115
0.133201
0.136651
0.125474
0.115801
0.116726
0.115700
0.114609
0.114388
0.114236
0.110683
0.110518
0.111272
0.110907
0.110672
0.110132
0.111403
0.111949
0.110047
0.111050
0.111188
0.110971
0.114115
0.111095
0.111193
0.112877
0.110853
0.110710
0.111206
0.110921
0.110793
0.110271
0.110694
0.109960
0.115227
0.110605
0.108612
0.111054
0.110320
0.108556
0.111182
0.110299
0.109889
0.111149
0.110970
0.111081
0.110707
0.110667
0.110333
0.110937
0.111146
0.113717
0.112759
0.110850
0.115484
0.112955
0.110814
0.109722
0.111275
0.110445
0.110678
0.109931
0.113051
0.109996
0.115524
0.113777
0.115681
0.114231
0.114713
0.114557
0.110902
0.110905
0.110662
0.110946
0.110745
0.109915
0.110296
0.110898
0.110631
