0.148921
0.148778
0.145080
0.149063
0.148324
0.150245
0.149658
0.147480
0.147494
0.148176
0.148929
0.148227
0.149518
0.148704
0.149627
0.150550
0.147523
0.150426
0.151463
0.151393
0.151006
0.152880
0.155242
0.153735
0.149103
0.146324
0.153969
0.148463
0.149944
0.149318
0.149765
0.152352
0.148958
0.150362
0.130546
0.142079
0.136289
0.144762
0.139389
0.136638
0.136794
0.138497
0.135580
0.136289
0.136287
0.135981
0.138816
0.138011
0.135951
0.133481
0.138970
0.138438
0.139735
0.139870
0.145465
0.138200
0.136860
0.137538
0.138427
0.139127
0.150763
0.140485
0.144382
0.140031
0.139942
0.136119
0.132534
0.130844
0.128191
0.129776
0.144203
0.135652
0.136713
0.132747
0.147312
0.141746
0.139194
0.138197
0.141495
0.135653
0.137927
0.137138
0.139837
0.149542
0.147223
0.148723
0.150828
0.126239
0.123978
0.126304
0.127008
0.124571
0.125287
0.117639
0.125817
0.119196
0.119231
0.123652
0.133511
0.131031
0.132919
0.123273
0.158957
0.135551
0.130585
0.134508
0.135757
0.138862
0.137904
0.126703
0.136974
0.140564
0.140298
0.139548
0.141107
0.136542
0.136600
0.143578
0.146247
0.159589
0.159864
0.182365
0.171428
0.169113
0.177106
0.172733
0.184934
0.182578
0.173934
0.172983
0.168837
0.184055
0.190239
0.192760
0.196939
0.197399
0.196837
0.185565
0.190508
0.190210
0.187347
0.194134
0.193647
0.195583
0.190122
0.176608
0.178466
0.194312
0.188230
0.195750
0.192844
0.183907
0.181152
0.182243
0.181882
0.177884
0.181135
0.182726
0.182240
0.180175
0.183096
0.188116
0.187660
0.178716
0.174672
0.176168
0.175198
0.172895
0.179575
0.176891
0.174537
0.173756
0.171020
0.174028
0.175840
0.175544
0.177865
0.176670
0.176398
0.176389
0.178019
0.176233
0.169853
0.170923
0.169943
0.166627
0.168463
0.168296
0.170752
0.172182
0.170958
0.170948
0.167103
0.171549
0.166656
0.168170
0.168034
0.165963
0.166458
0.168833
0.166914
0.166466
0.166148
0.164602
0.166507
0.168571
0.167304
0.169909
0.165899
0.169732
0.169443
0.167058
0.166407
0.167942
0.167209
0.166298
0.113949
0.115079
0.113916
0.113900
0.114116
0.114621
0.115082
0.115085
0.115621
0.115681
0.116281
0.115614
0.116601
0.116102
0.116699
0.116835
0.116041
0.117472
0.117468
0.118222
0.118589
0.117522
0.117315
0.117802
0.117122
0.129336
0.135260
0.127384
0.119462
0.130210
0.135818
0.132499
0.132760
0.134660
0.131418
0.130904
0.131382
0.131868
0.131920
0.131570
0.131021
0.131806
0.132288
0.132372
0.132073
0.131674
0.131569
0.131329
0.142038
0.142691
0.142357
0.143026
0.142630
0.142397
0.142837
0.142312
0.142915
0.142856
0.142929
0.142745
0.142561
0.142446
0.142726
0.142531
0.143042
0.142690
0.143384
0.142736
0.142617
0.117198
0.117773
0.133093
0.113749
0.120716
0.119360
0.120577
0.119997
0.123458
0.116297
0.103900
0.121886
0.120910
0.118063
0.114530
0.124133
0.114440
0.109928
0.127677
0.120059
0.131605
0.122068
0.138380
0.137742
0.140086
0.139925
0.140004
0.139969
0.136390
0.129253
0.128625
0.121452
0.128376
0.129409
0.124329
0.126321
0.124483
0.114798
0.113804
0.117289
0.111778
0.115887
0.114801
0.117040
0.112830
0.118342
0.115624
0.113651
0.116781
0.105301
0.103269
0.100248
0.124524
0.109623
0.115028
0.110368
0.114002
0.101998
0.113908
0.113446
0.152245
0.155430
0.172939
0.155273
0.156159
0.159650
0.158328
0.156737
0.158013
0.161603
0.156862
0.131183
0.156724
0.159867
0.152688
0.156152
0.157501
0.153540
0.151869
0.154905
0.149291
0.144308
0.144424
0.155235
0.112517
0.114333
0.113690
0.114997
0.113647
0.113631
0.114414
0.112077
0.115893
0.114667
0.115028
0.115642
0.114108
0.113991
0.115932
0.116324
0.114101
0.113882
0.121607
0.120803
0.115431
0.119129
0.122862
0.120181
0.118042
0.118888
0.115027
0.118019
0.117247
0.118804
0.121648
0.118698
0.118638
0.117799
0.117532
0.120974
0.120937
0.116976
0.118043
0.118816
0.119344
0.119182
0.114288
0.118598
0.114186
0.116436
0.116468
0.163423
0.163857
0.163735
0.163342
0.163796
0.164035
0.163660
0.164596
0.164059
0.163945
0.164300
0.164104
0.164007
0.164243
0.164915
0.164995
0.164883
0.164544
0.164967
0.164928
0.165043
0.164861
0.165308
0.165432
0.164050
0.163696
0.164420
0.164858
0.164917
0.165128
0.164969
0.165086
0.165106
0.165503
0.165616
0.165552
0.166022
0.165911
0.167347
0.145781
0.141465
0.142015
0.139932
0.142184
0.140257
0.140314
0.141811
0.140346
0.139201
0.139724
0.139551
0.140075
0.138928
0.140999
0.140162
0.139834
0.140144
0.139802
0.139772
0.139177
0.140261
0.139162
0.140068
0.139668
0.139270
0.139582
0.138835
0.138066
0.138388
0.139474
0.141627
0.142424
0.141481
0.138389
0.139477
0.139903
0.139362
0.138453
0.135145
0.140227
0.134579
0.131616
0.134216
0.132731
0.131054
0.133965
0.134666
0.134723
0.129392
0.134524
0.134676
0.136601
0.140339
0.137107
0.149024
0.152452
0.152312
0.152198
0.152713
0.147399
0.149638
0.147870
0.147506
0.151725
0.153793
0.156162
0.151560
0.153976
0.149698
0.149330
0.154684
0.155603
0.156070
0.155083
0.156420
0.156620
0.155179
0.157469
0.156375
0.154128
0.157637
0.152904
0.154262
0.159602
0.157340
0.158008
0.158618
0.158476
0.159117
0.158987
0.155297
0.156927
0.153408
0.160764
0.162051
0.164421
0.165659
0.164805
0.160925
0.165799
0.153564
0.154643
0.158813
0.153275
0.157823
0.158330
0.163176
0.159814
0.158164
0.158587
0.158045
0.156006
0.156714
0.158322
0.158158
0.160905
0.159792
0.160445
0.161150
0.160412
0.159964
0.157110
0.159148
0.157319
0.157462
0.155028
0.154250
0.157036
0.157478
0.136501
0.136424
0.136420
0.136466
0.136584
0.136512
0.136548
0.136600
0.136720
0.136634
0.136569
0.136720
0.136412
0.136751
0.136774
0.136822
0.136771
0.136975
0.136755
0.136870
0.136738
0.136628
0.136798
0.136859
0.136858
0.136928
0.136838
0.137208
0.137129
0.136896
0.136813
0.137058
0.137160
0.137021
0.137043
0.137212
0.137072
0.136855
0.137042
0.137036
0.137053
0.136918
0.137079
0.137081
0.137179
0.137184
0.074720
0.075524
0.074884
0.074778
0.075125
0.074702
0.074661
0.074635
0.073953
0.074327
0.075560
0.077534
0.077697
0.075391
0.075995
0.075382
0.074830
0.093332
0.074721
0.074733
0.079759
0.093120
0.099246
0.093498
0.102601
0.100826
0.086987
0.094341
0.101152
0.093972
0.087401
0.273210
0.269892
0.265934
0.223609
0.224659
0.222514
0.262309
0.263896
0.261228
0.268042
0.213005
0.207457
0.218113
0.250913
0.238542
0.246448
0.227697
0.242289
0.229187
0.242767
0.210097
0.223122
0.204534
0.220207
0.200161
0.228801
0.218896
0.216109
0.213465
0.227008
0.230941
0.228778
0.213834
0.229179
0.205258
0.209310
0.224765
0.228759
0.232453
0.233352
0.246189
0.243496
0.245134
0.250867
0.248271
0.250070
0.240811
0.237269
0.230228
0.219522
0.221287
0.236982
0.228250
0.233689
0.193584
0.207860
0.206958
0.180169
0.173963
0.187673
0.211770
0.187583
0.186883
0.187156
0.209006
0.186016
0.183440
0.162431
0.206349
0.169117
0.157903
0.162330
0.162752
0.162900
0.164121
0.205347
0.210334
0.163809
0.163683
0.162273
0.158786
0.090786
0.093065
0.090951
0.090624
0.091233
0.092097
0.091968
0.095583
0.092501
0.092067
0.097035
0.095529
0.104412
0.102841
0.101542
0.101423
0.093449
0.099984
0.096598
0.095039
0.098229
0.096160
0.102940
0.101707
0.105530
0.104957
0.108673
0.125630
0.125382
0.126414
0.124868
0.105549
0.110298
0.109354
0.103563
0.099905
0.100880
0.101570
0.102373
0.106657
0.123711
0.123493
0.101416
0.123459
0.122555
0.122902
0.119401
0.111458
0.114926
0.116260
0.107508
0.107963
0.106410
0.105363
0.108558
0.104910
0.103751
0.115712
0.103801
0.105682
0.113380
0.113103
0.114372
0.109972
0.185732
0.180668
0.183166
0.187752
0.184515
0.188491
0.186899
0.188054
0.183449
0.183685
0.180115
0.181768
0.181111
0.182704
0.180062
0.180208
0.180388
0.183566
0.184479
0.187015
0.186180
0.189434
0.186406
0.180543
0.181714
0.194357
0.189126
0.190918
0.186878
0.193505
0.176977
0.171791
0.192063
0.174873
0.175627
0.178174
0.176127
0.179039
0.177967
0.175117
0.102589
0.106814
0.103966
0.107157
0.110038
0.098300
0.106378
0.104913
0.103743
0.112385
0.108031
0.113793
0.118576
0.117683
0.119199
0.127145
0.136931
0.136988
0.126656
0.136202
0.131302
0.124636
0.129775
0.130817
0.129771
0.126889
0.128071
0.126960
0.129077
0.130973
0.126524
0.128792
0.127135
0.128498
0.129125
0.128188
0.127684
0.128164
0.128795
0.129441
0.129619
0.129869
0.132594
0.131122
0.130738
0.128410
0.238828
0.237268
0.243357
0.235151
0.242213
0.231481
0.229583
0.230528
0.231369
0.230889
0.231512
0.231319
0.234356
0.238608
0.238020
0.238193
0.238550
0.237322
0.237765
0.238355
0.239701
0.227582
0.211334
0.232066
0.220686
0.221359
0.225295
0.230560
0.230879
0.223430
0.222897
0.229471
0.230225
0.236119
0.235206
0.236224
0.232780
0.232306
0.221168
0.220857
0.220542
0.226698
0.222380
0.223085
0.222966
0.219618
0.223217
0.223417
0.218742
0.218184
0.217971
0.217357
0.217460
0.212960
0.218836
0.209759
0.209254
0.218667
0.210660
0.215319
0.209410
0.210318
0.210575
0.210649
0.213469
0.213364
0.210594
0.210693
0.210001
0.221712
0.211639
0.220449
0.219262
0.220236
0.210582
0.211591
0.212333
0.221210
0.212555
0.215496
0.217933
0.217799
0.211718
0.220439
0.221887
0.221464
0.213670
0.222453
0.222878
0.214620
0.212833
0.215337
0.212771
0.212835
0.216546
0.200984
0.226481
0.241117
0.266752
0.280693
0.321253
0.318837
0.313409
0.257501
0.183572
0.160613
0.138784
0.415035
0.127365
0.127391
0.126875
0.126410
0.126456
0.126381
0.126817
0.132424
0.132467
0.126974
0.133211
0.134452
0.133311
0.133089
0.133841
0.134133
0.133103
0.127217
0.134199
0.133484
0.125751
0.134292
0.133473
0.133614
0.133357
0.133712
0.128224
0.133820
0.128004
0.129508
0.129897
0.129286
0.129569
0.129263
0.134499
0.134273
0.134743
0.127800
0.126997
0.127175
0.124527
0.128539
0.128613
0.128576
0.136608
0.135959
0.135864
0.136483
0.136731
0.138250
0.138085
0.140977
0.137817
0.140755
0.140688
0.130973
0.131019
0.130588
0.132432
0.131677
0.131667
0.137999
0.138389
0.140685
0.137940
0.138361
0.141383
0.138110
0.137166
0.138893
0.141409
0.137507
0.136371
0.138720
0.141466
0.141380
0.138187
0.132590
0.138272
0.132444
0.132726
0.131790
0.137621
0.139071
0.139118
0.138152
0.138888
0.135099
0.133688
0.131869
0.129816
0.138933
0.138921
0.132321
0.134743
0.131733
0.144126
0.145144
0.142475
0.144988
0.151353
0.153301
0.151616
0.148610
0.146552
0.146645
0.141535
0.139646
0.138269
0.133659
0.142697
0.143376
0.133728
0.137663
0.135496
0.137454
0.138919
0.130264
0.135898
0.124786
0.134205
0.132713
0.135481
0.138562
0.124940
0.119233
0.132394
0.135089
0.133793
0.113767
0.148373
0.146914
0.146436
0.144250
0.146860
0.148482
0.148434
0.147508
0.146918
0.149276
0.150185
0.136196
0.153295
0.151124
0.150719
0.147903
0.146843
0.150397
0.148872
0.150116
0.150689
0.158222
0.157842
0.155083
0.155654
0.157979
0.161050
0.148615
0.146963
0.145764
0.150001
0.144531
0.145886
0.149637
0.145216
0.157312
0.150166
0.159753
0.150592
0.214066
0.215357
0.215455
0.211719
0.214924
0.210615
0.214412
0.208630
0.209122
0.214401
0.212877
0.213325
0.220243
0.215711
0.207167
0.213652
0.205314
0.213769
0.218709
0.215263
0.226873
0.227979
0.228372
0.237897
0.243535
0.238110
0.247544
0.254507
0.256614
0.248971
0.246207
0.241083
0.238673
0.243352
0.237870
0.240616
0.240870
0.239975
0.240271
0.240434
0.240595
0.242068
0.242627
0.242415
0.239867
0.242741
0.237789
0.242562
0.237382
0.239580
0.241501
0.238120
0.235077
0.245895
0.247113
0.235914
0.241046
0.121985
0.123950
0.122782
0.125307
0.122274
0.122525
0.120243
0.122829
0.114249
0.123142
0.120175
0.113429
0.125071
0.126636
0.126250
0.124300
0.127072
0.128218
0.129164
0.130100
0.128495
0.132657
0.133340
0.132915
0.132125
0.132298
0.133103
0.135964
0.138478
0.140129
0.141618
0.142757
0.143133
0.142899
0.142872
0.143279
0.145356
0.144633
0.146521
0.146247
0.146873
0.146062
0.146666
0.146889
0.146963
0.147871
0.146255
0.145367
0.143593
0.141797
0.142436
0.142944
0.138534
0.134194
0.085467
0.082437
0.083831
0.082793
0.086817
0.082840
0.083063
0.084216
0.088434
0.089088
0.088820
0.092217
0.091555
0.091604
0.086598
0.090817
0.088540
0.089007
0.089031
0.090637
0.089990
0.090655
0.088789
0.086691
0.088945
0.089292
0.090289
0.090257
0.085498
0.087566
0.088569
0.082974
0.085275
0.083255
0.094907
0.090360
0.090690
0.091041
0.091566
0.087618
0.089587
0.085744
0.081110
0.088805
0.099405
0.088571
0.090294
0.090772
0.093834
0.094204
0.093993
0.091004
0.089837
0.090061
0.088970
0.089434
0.091995
0.090471
0.088535
0.088625
0.088756
0.089859
0.085024
0.087474
0.088785
0.089088
0.088677
0.088803
0.085794
0.087157
0.086546
0.092874
0.085674
0.085878
0.088608
0.086723
0.086451
0.087542
0.092916
0.089571
0.089151
0.096878
0.094940
0.095035
0.093010
0.090004
0.093054
0.088372
0.091940
0.092765
0.094029
0.092702
0.092095
0.091721
0.090675
0.090756
0.089899
0.090755
0.091806
0.090649
0.088217
0.089339
0.091240
0.088842
0.090587
0.089859
0.094723
0.095487
0.095609
0.096249
0.095103
0.091084
0.091891
0.095116
0.090074
0.095696
0.088483
0.086588
0.090724
0.091717
0.089191
0.090385
0.091548
0.092469
0.091357
0.091015
0.089940
0.088992
0.089822
0.089955
0.089458
0.086186
0.089155
0.088795
0.090881
0.090441
0.088863
0.088023
0.090402
0.084160
0.087313
0.087346
0.098663
0.100029
0.098500
0.098862
0.099764
0.100114
0.099883
0.099825
0.100211
0.101161
0.099942
0.107502
0.107114
0.106984
0.106343
0.102884
0.107582
0.103450
0.107682
0.104773
0.107792
0.106525
0.106606
0.102075
0.106645
0.100307
0.101900
0.101902
0.105469
0.102786
0.106945
0.106865
0.117327
0.122118
0.119360
0.119317
0.113850
0.121148
0.135924
0.139327
0.112122
0.107828
0.122524
0.106997
0.096041
0.098720
0.117110
0.120451
0.117333
0.117677
0.119295
0.122259
0.121543
0.134170
0.120512
0.089262
0.104838
0.112200
0.195923
0.157841
0.144124
0.143285
0.145504
0.142178
0.146274
0.146280
0.172288
0.178158
0.168732
0.186265
0.191885
0.180026
0.188366
0.181313
0.142630
0.118943
0.109816
0.116100
0.111610
0.117220
0.117791
0.117375
0.114093
0.120511
0.113933
0.107799
0.106174
0.114445
0.119671
0.106182
0.177414
0.176783
0.146199
0.111161
0.114874
0.113644
0.138827
0.129297
0.132049
0.113286
0.129460
0.142301
0.116720
0.127291
0.144694
0.147579
0.135012
0.133144
0.146627
0.141937
0.111951
0.100166
0.111804
0.110452
0.103657
0.104433
0.102354
0.103978
0.103514
0.134883
0.103972
0.104579
0.111421
0.095482
0.112786
0.112813
0.112434
0.137422
0.125368
0.102990
0.105643
0.138126
0.111950
0.136781
0.128154
0.130896
0.100616
0.107914
0.114026
0.124095
0.123960
0.116290
0.121903
0.107450
0.111565
0.117378
0.113049
0.110316
0.101206
0.109876
0.128952
0.107903
0.129358
0.128185
0.220829
0.222071
0.227508
0.227651
0.229286
0.225872
0.224765
0.221667
0.210545
0.210476
0.221612
0.160908
0.210512
0.221750
0.211340
0.209426
0.221792
0.221190
0.221384
0.221719
0.210336
0.229777
0.225767
0.158424
0.169559
0.191532
0.170784
0.171448
0.165634
0.165550
0.220419
0.173607
0.178496
0.137890
0.163530
0.228569
0.225077
0.229210
0.232245
0.231989
0.230603
0.239232
0.240216
0.282672
0.248798
0.230964
0.281627
0.283236
0.249822
0.298935
0.291406
0.223888
0.281933
0.280697
0.241505
0.115222
0.115952
0.113413
0.114386
0.113473
0.110335
0.110908
0.110633
0.112901
0.110448
0.111454
0.111556
0.109843
0.110604
0.110600
0.109519
0.108797
0.111561
0.113408
0.114033
0.114035
0.111523
0.112283
0.112882
0.112447
0.112042
0.110243
0.110262
0.115517
0.112718
0.111864
0.111444
0.112148
0.112319
0.108818
0.113422
0.111677
0.110258
0.109844
0.109630
0.111966
0.112503
0.111559
0.109993
0.110912
0.107586
0.108181
0.108598
0.111596
0.108408
0.107767
0.106930
0.106800
0.110026
0.110363
0.109862
0.107921
0.108926
0.106916
0.108970
0.107738
0.112554
0.110927
0.110490
0.112378
0.112425
0.112616
0.113967
0.113210
0.110709
0.112512
0.111087
0.110239
0.110181
0.110139
0.109255
0.110030
0.109679
0.111441
0.108720
0.108176
0.111894
0.107948
0.110496
0.110404
0.109183
0.148760
0.154149
0.148588
0.149706
0.151241
0.152336
0.148180
0.148974
0.153389
0.150801
0.151370
0.183312
0.186439
0.184033
0.158724
0.187039
0.187121
0.188212
0.189382
0.193265
0.191560
0.165676
0.199942
0.201102
0.196118
0.197976
0.197634
0.196573
0.199184
0.200277
0.155114
0.156261
0.204959
0.204892
0.164972
0.204269
0.207377
0.205819
0.207077
0.160981
0.160609
0.179007
0.206228
0.203609
0.185657
0.201024
0.201945
0.177991
0.177216
0.162106
0.161344
0.162781
0.165473
0.164114
0.164460
0.167331
0.168735
0.181845
0.180364
0.170176
0.170047
0.169589
0.166698
0.174635
0.166686
0.168312
0.180729
0.189781
0.181821
0.177314
0.183147
0.170519
0.169582
0.179511
0.172330
0.170231
0.191924
0.182099
0.168884
0.186622
0.166310
0.171692
0.170435
0.178811
0.180215
0.173750
0.180848
0.181086
0.181834
0.182475
0.180102
0.181766
0.179285
0.179036
0.173708
0.176685
0.180354
0.180555
0.173773
0.176700
0.188009
0.191932
0.188718
0.191089
0.193651
0.185872
0.188812
0.185418
0.183815
0.184569
0.181786
0.184439
0.183607
0.184383
0.187890
0.188121
0.189914
0.182100
0.176992
0.188617
0.186679
0.186233
0.178339
0.189133
0.186029
0.182845
0.190655
0.191790
0.185718
0.188360
0.191786
0.194212
0.189618
0.192983
0.189897
0.194571
0.193949
0.192469
0.194288
0.195980
0.194290
0.193624
0.189702
0.191064
0.195050
0.194450
0.193770
0.195047
0.192744
0.193755
0.193519
0.190543
0.189911
0.190482
0.194904
0.191638
0.201239
0.201175
0.209065
0.204540
0.195948
0.199362
0.110721
0.102485
0.104550
0.097427
0.093973
0.099833
0.093915
0.184847
0.185153
0.182801
0.182895
0.180736
0.182519
0.181094
0.180129
0.181999
0.181130
0.181979
0.179499
0.180001
0.179794
0.180707
0.191546
0.192519
0.221660
0.220658
0.219995
0.217861
0.221404
0.220004
0.219744
0.220927
0.223483
0.222385
0.222045
0.221163
0.224259
0.222673
0.221469
0.221561
0.222896
0.225862
0.226644
0.226639
0.225072
0.225488
0.223070
0.226711
0.223476
0.222895
0.221820
0.224925
0.227407
0.224866
0.227987
0.219249
0.222975
0.219160
0.223479
0.223360
0.223323
0.223102
0.222943
0.221080
0.222180
0.222218
0.222658
0.223151
0.223375
0.223266
0.223395
0.223282
0.222947
0.223109
0.223113
0.222085
0.223319
0.223188
0.223288
0.222748
0.220467
0.223227
0.219469
0.221858
0.223155
0.223876
0.221975
0.223757
0.222153
0.222328
0.223518
0.222163
0.222195
0.223517
0.223674
0.223378
0.223833
0.223186
0.224622
0.224637
0.224171
0.223899
0.223708
0.224856
0.221985
0.223550
0.223799
0.224596
0.224884
0.224672
0.225022
0.224545
0.224890
0.224232
0.225113
0.225511
0.225142
0.224598
0.225931
0.224526
0.226048
0.226078
0.225812
0.226080
0.223226
0.225483
0.221323
0.225887
0.222042
0.221608
0.221834
0.221311
0.221601
0.221128
0.222209
0.220802
0.220559
0.221005
0.220924
0.222222
0.221691
0.222811
0.223963
0.222091
0.221864
0.222025
0.221843
0.222154
0.221852
0.222263
0.222087
0.221511
0.222946
0.223122
0.223122
0.223179
0.221606
0.221193
0.221624
0.220578
0.221831
0.220327
0.225150
0.225984
0.225332
0.224796
0.225533
0.225410
0.225569
0.225559
0.225291
0.225438
0.222120
0.225887
0.222742
0.225891
0.225943
0.224396
0.224294
0.225771
0.225497
0.226230
0.226322
0.224291
0.223904
0.224674
0.224361
0.225098
0.226110
0.226486
0.226189
0.226603
0.226223
0.226196
0.225509
0.225810
0.225945
0.225941
0.226323
0.225320
0.225150
0.224881
0.225001
0.225530
0.225620
0.224094
0.225940
0.225429
0.336109
0.342083
0.298760
0.306054
0.304265
0.304805
0.308792
0.306873
0.305031
0.306945
0.301704
0.305676
0.304357
0.306387
0.308121
0.314882
0.310600
0.307256
0.309226
0.305344
0.305086
0.309384
0.304086
0.309352
0.310609
0.309530
0.305251
0.300292
0.306175
0.307084
0.307856
0.310828
0.309594
0.306980
0.306125
0.308471
0.308745
0.308329
0.305819
0.307544
0.308555
0.308642
0.308451
0.307898
0.308965
0.304322
0.308943
0.308846
0.276175
0.304881
0.306884
0.286963
0.311339
0.282595
0.280151
0.309217
0.302841
0.300540
0.301715
0.303150
0.306469
0.305889
0.307597
0.304154
0.305346
0.306496
0.309643
0.310338
0.309085
0.311920
0.312070
0.312652
0.312849
0.311314
0.311803
0.313031
0.289642
0.311694
0.286708
0.308190
0.277759
0.309719
0.309937
0.310435
0.311232
0.310950
0.312479
0.313575
0.312292
0.312167
0.311206
0.262225
0.312176
0.309713
0.319261
0.319333
0.265145
0.258235
0.270277
0.293896
0.277014
0.318331
0.272894
0.308886
0.309898
0.312538
0.308533
0.252212
0.252135
0.229302
0.234592
0.253170
0.229057
0.228490
0.227442
0.248810
0.249223
0.249686
0.237670
0.236046
0.233412
0.228248
0.237620
0.237789
0.228873
0.245997
0.237001
0.237587
0.250867
0.248639
0.235705
0.236941
0.251149
0.251247
0.251211
0.247551
0.238548
0.239248
0.241563
0.239926
0.245536
0.230080
0.236029
0.232386
0.230363
0.234517
0.228331
0.245865
0.245337
0.242030
0.238337
0.236155
0.232879
0.247535
0.249112
0.250031
0.236304
0.237741
0.237105
0.235972
0.235664
0.235064
0.234453
0.234789
0.234966
0.235200
0.236342
0.238017
0.238494
0.239381
0.239379
0.237559
0.233835
0.237755
0.236774
0.236978
0.233855
0.234014
0.236970
0.234618
0.232427
0.247923
0.233208
0.238634
0.234825
0.238109
0.232108
0.233904
0.233913
0.232787
0.237293
0.236880
0.235393
0.238291
0.235494
0.236268
0.231668
0.237573
0.241573
0.236087
0.236045
0.236544
0.246750
0.250102
0.235428
0.236214
0.234579
0.132995
0.135103
0.130696
0.134938
0.132431
0.136074
0.133850
0.134064
0.135220
0.134175
0.136343
0.137539
0.135204
0.135539
0.135986
0.136442
0.138659
0.135499
0.135427
0.133843
0.137706
0.132671
0.131621
0.132960
0.134204
0.138193
0.131508
0.132219
0.133770
0.132230
0.133913
0.132394
0.132713
0.132763
0.133139
0.134428
0.135057
0.133790
0.134618
0.133166
0.128649
0.131758
0.136839
0.135792
0.128053
0.127405
0.128628
0.134230
0.135541
0.134249
0.137047
0.133493
0.135799
0.126878
0.127826
0.127160
0.126333
0.127681
0.127602
0.127314
0.128394
0.128241
0.127740
0.127469
0.128699
0.128790
0.129014
0.128197
0.128472
0.128593
0.128804
0.128185
0.128672
0.128752
0.128976
0.129489
0.127394
0.127867
0.128732
0.165502
0.173002
0.170644
0.165297
0.161896
0.173294
0.169216
0.168290
0.170101
0.169590
0.158165
0.170827
0.168703
0.160891
0.164864
0.165015
0.163662
0.163842
0.162566
0.162138
0.164048
0.160449
0.161226
0.158131
0.160146
0.145462
0.162825
0.146148
0.145398
0.144544
0.160639
0.158095
0.147402
0.149822
0.152995
0.165658
0.146204
0.152968
0.169379
0.172961
0.156663
0.166219
0.164253
0.165942
0.161080
0.164873
0.167430
0.170934
0.168689
0.168706
0.169299
0.171864
0.169345
0.172402
0.170030
0.166281
0.172242
0.164929
0.166622
0.169667
0.170357
0.170749
0.168224
0.168871
0.167285
0.168684
0.169392
0.166430
0.164662
0.165299
0.160072
0.158970
0.164285
0.164321
0.155363
0.159314
0.157526
0.163572
0.160024
0.180377
0.181125
0.182879
0.185451
0.179253
0.169782
0.184111
0.186415
0.186296
0.178895
0.181382
0.201734
0.171773
0.175928
0.183839
0.162859
0.172914
0.168441
0.167976
0.171506
0.241848
0.234115
0.235190
0.226696
0.239353
0.239181
0.227616
0.230122
0.231502
0.227520
0.229984
0.227933
0.235203
0.224424
0.226007
0.234425
0.229486
0.229121
0.230229
0.226989
0.243736
0.231176
0.227869
0.230342
0.231997
0.232128
0.231403
0.228402
0.222803
0.226932
0.220745
0.236888
0.236682
0.230153
0.226494
0.236593
0.242651
0.236973
0.236676
0.227186
0.206735
0.211175
0.202154
0.205533
0.226521
0.213581
0.205375
0.208745
0.192205
0.192432
0.195968
0.198990
0.205696
0.199020
0.205403
0.204859
0.185907
0.189695
0.190882
0.193945
0.179504
0.185419
0.181639
0.181097
0.186326
0.184010
0.181278
0.183735
0.182620
0.183477
0.184199
0.183046
0.190316
0.184936
0.187187
0.186662
0.193232
0.186128
0.195196
0.192868
0.186096
0.186151
0.184290
0.185337
0.191674
0.181552
0.183568
0.181995
0.182558
0.182733
0.188126
0.187797
0.185649
0.191625
0.190437
0.190553
0.204674
0.193551
0.193511
0.193021
0.192548
0.192092
0.192944
0.193738
0.182168
0.192901
0.194305
0.195281
0.187465
0.146005
0.136144
0.134566
0.130795
0.132791
0.130463
0.159151
0.160648
0.168018
0.163463
0.164310
0.116524
0.117578
0.114353
0.166185
0.165385
0.163935
0.161851
0.163676
0.159126
0.157642
0.158865
0.156957
0.157467
0.159830
0.152746
0.154518
0.152959
0.162268
0.145746
0.151247
0.160379
0.174534
0.192084
0.187234
0.162815
0.172221
0.189618
0.162970
0.166410
0.191016
0.180324
0.181238
0.182904
0.189708
0.191427
0.196297
0.190780
0.192169
0.190129
0.200429
0.193433
0.200338
0.212562
0.207903
0.186329
0.193803
0.184882
0.189985
0.191903
0.192736
0.192144
0.223596
0.277008
0.303983
0.308218
0.315481
0.306292
0.303036
0.307074
0.266151
0.253812
0.279153
0.291928
0.266491
0.275371
0.275199
0.271885
0.311179
0.317541
0.306014
0.301018
0.278697
0.310535
0.311828
0.314452
0.313204
0.306460
0.308636
0.310495
0.305799
0.301104
0.301657
0.300385
0.301996
0.303738
0.312779
0.305003
0.303134
0.304444
0.302274
0.302846
0.308659
0.324354
0.309653
0.306078
0.316186
0.299540
0.301839
0.172945
0.200512
0.211214
0.214527
0.217059
0.209601
0.207222
0.165685
0.169622
0.197685
0.198432
0.223006
0.209710
0.212679
0.234000
0.168897
0.170718
0.170459
0.170679
0.174221
0.170324
0.170185
0.173235
0.168219
0.169366
0.168250
0.168956
0.168618
0.171892
0.171631
0.238442
0.215489
0.169747
0.181557
0.203652
0.249361
0.237137
0.227178
0.236050
0.215969
0.250091
0.239790
0.161416
0.160440
0.159792
0.152495
0.151738
0.152667
0.152892
0.168234
0.160630
0.160444
0.165651
0.166333
0.161361
0.158764
0.160029
0.160240
0.160229
0.160156
0.160726
0.160774
0.161284
0.160151
0.161056
0.173792
0.171774
0.181335
0.158138
0.159847
0.173568
0.177273
0.176514
0.176496
0.167144
0.167687
0.166777
0.182264
0.182774
0.168151
0.175504
0.182222
0.184086
0.173864
0.164810
0.169802
0.171061
0.160593
0.176523
0.156890
0.173342
0.162685
0.110597
0.117992
0.124118
0.120628
0.118886
0.122808
0.124376
0.118339
0.128689
0.130589
0.137811
0.141762
0.151159
0.132655
0.134701
0.130610
0.132553
0.141694
0.137080
0.138133
0.140826
0.142657
0.140824
0.139665
0.141145
0.138438
0.140409
0.141125
0.137742
0.138547
0.141459
0.139606
0.143441
0.145226
0.144223
0.146270
0.141867
0.144576
0.147308
0.145033
0.143287
0.133420
0.145762
0.145132
0.141458
0.146817
0.142533
0.142957
0.135134
0.148242
0.137998
0.138775
0.139492
0.146308
0.148182
0.128419
0.145441
0.130327
0.155945
0.155606
0.155269
0.155516
0.155896
0.155729
0.156077
0.155911
0.156327
0.155848
0.156225
0.155815
0.156031
0.155836
0.156019
0.155795
0.155891
0.155992
0.155935
0.155905
0.155112
0.156750
0.158630
0.155305
0.156932
0.157561
0.155281
0.155783
0.156155
0.155282
0.157774
0.158075
0.157406
0.158086
0.158650
0.156110
0.155935
0.155748
0.155932
0.156811
0.155045
0.156183
0.155636
0.156001
0.156227
0.157876
0.154781
0.154758
0.155941
0.155422
0.156546
0.156427
0.156268
0.155246
0.156850
0.156592
0.155911
0.155961
0.154972
0.154768
0.155306
0.165567
0.165275
0.164964
0.175749
0.167137
0.162596
0.163336
0.179559
0.174499
0.178728
0.174731
0.170742
0.167509
0.164919
0.167832
0.167440
0.175408
0.176184
0.173738
0.173679
0.163687
0.166970
0.166855
0.173757
0.174630
0.167365
0.193166
0.192859
0.192057
0.192544
0.193944
0.194672
0.188126
0.205027
0.193569
0.194813
0.192803
0.193379
0.198174
0.190503
0.191588
0.191794
0.190306
0.192874
0.191426
0.190859
0.196400
0.190625
0.191122
0.191962
0.191646
0.191892
0.195959
0.196836
0.197136
0.196666
0.196404
0.195703
0.197032
0.197909
0.197630
0.107922
0.110511
0.111890
0.111876
0.111278
0.112915
0.114180
0.114092
0.116010
0.115487
0.114766
0.117009
0.116815
0.117342
0.116060
0.115540
0.117333
0.119281
0.123480
0.116290
0.115493
0.135410
0.147045
0.127578
0.125285
0.122186
0.132339
0.152114
0.147751
0.153130
0.170111
0.171438
0.173721
0.173688
0.195160
0.198069
0.182795
0.185941
0.195985
0.196663
0.200980
0.249008
0.250455
0.249513
0.249283
0.249113
0.248067
0.244733
0.251229
0.252466
0.248943
0.238921
0.193375
0.214200
0.225508
0.246024
0.255449
0.259336
0.268370
0.272038
0.261468
0.260570
0.270662
0.263969
0.265967
0.154930
0.260076
0.218834
0.195062
0.234172
0.234488
0.220959
0.205915
0.208663
0.238911
0.248322
0.254738
0.252464
0.242749
0.238053
0.248093
0.245457
0.241475
0.259395
0.248936
0.246318
0.243420
0.244333
0.243530
0.241362
0.210095
0.239470
0.239211
0.239243
0.239031
0.239779
0.237233
0.232408
0.231755
0.240933
0.187079
0.180517
0.159570
0.156448
0.193769
0.187292
0.193429
0.156830
0.189105
0.183300
0.183603
0.182819
0.183628
0.160194
0.159854
0.160049
0.161196
0.155631
0.159624
0.159893
0.159625
0.155443
0.152188
0.159789
0.160591
0.158771
0.159520
0.156108
0.191648
0.194110
0.154724
0.192464
0.191558
0.154146
0.156290
0.191839
0.190537
0.190373
0.198723
0.189826
0.200844
0.199012
0.198422
0.196827
0.195158
0.196532
0.198099
0.199284
0.195471
0.198900
0.199155
0.202125
0.194544
0.184939
0.191977
0.186696
0.186461
0.160768
0.182081
0.180704
0.155105
0.155182
0.155095
0.154959
0.154896
0.154900
0.154941
0.155142
0.154967
0.155236
0.155053
0.155180
0.154778
0.155024
0.154970
0.154580
0.154646
0.154674
0.154561
0.154664
0.154613
0.154693
0.154677
0.154829
0.154530
0.163663
0.163885
0.163754
0.163774
0.163722
0.163469
0.164634
0.164493
0.164495
0.164032
0.164108
0.164302
0.164358
0.164174
0.164440
0.163603
0.164292
0.163650
0.164067
0.163595
0.164354
0.162826
0.164410
0.164268
0.164432
0.163099
0.164326
0.163545
0.163915
0.163075
0.164015
0.164001
0.163932
0.164022
0.115683
0.114828
0.115863
0.115630
0.116519
0.117445
0.111178
0.112011
0.119329
0.114996
0.112258
0.112475
0.112533
0.118241
0.117532
0.123232
0.122673
0.120099
0.125069
0.118797
0.127828
0.121947
0.122371
0.122069
0.121087
0.121548
0.119822
0.120059
0.125125
0.125362
0.125490
0.127931
0.123292
0.124853
0.128574
0.122427
0.128286
0.127850
0.128355
0.125204
0.128331
0.125631
0.127944
0.125930
0.128840
0.125732
0.126488
0.226233
0.194588
0.222446
0.222693
0.197245
0.212238
0.214926
0.190442
0.188145
0.200780
0.187904
0.161346
0.172479
0.184582
0.184715
0.182577
0.181564
0.176678
0.176712
0.151315
0.141610
0.151812
0.144920
0.150957
0.164501
0.142507
0.142174
0.148467
0.143391
0.143615
0.143212
0.152603
0.232143
0.220307
0.220541
0.223067
0.226108
0.231903
0.216289
0.221812
0.221840
0.222050
0.212338
0.221372
0.225827
0.216925
0.235216
0.217055
0.226141
0.214943
0.236846
0.235397
0.216569
0.233488
0.231783
0.233981
0.233759
0.234038
0.229465
0.217509
0.230219
0.216456
0.230752
0.231672
0.213025
0.214061
0.234117
0.210842
0.212721
0.232174
0.227818
0.214299
0.212799
0.230678
0.229885
0.208684
0.218103
0.211699
0.217789
0.215862
0.218231
0.217477
0.217367
0.216265
0.216424
0.220644
0.218498
0.217685
0.215058
0.212909
0.208749
0.219262
0.219599
0.216202
0.212711
0.211043
0.213413
0.210184
0.212998
0.211705
0.210927
0.211611
0.208156
0.210309
0.211215
0.211446
0.214623
0.212829
0.212378
0.224846
0.230274
0.230572
0.242619
0.217793
0.233682
0.251038
0.241877
0.237913
0.248821
0.237627
0.257028
0.252295
0.215302
0.210230
0.213488
0.208262
0.209535
0.215800
0.216645
0.216653
0.217467
0.195932
0.198930
0.198762
0.222986
0.211591
0.212954
0.217619
0.209290
0.208396
0.217473
0.207107
0.203556
0.203002
0.200715
0.204345
0.211582
0.205752
0.204502
0.203904
0.202524
0.206858
0.211270
0.204891
0.210007
0.208182
0.207739
0.198713
0.194509
0.186317
0.173056
0.170984
0.186810
0.181625
0.176073
0.179585
0.179363
0.180561
0.182095
0.180255
0.178916
0.183414
0.177905
0.177785
0.176453
0.196630
0.175170
0.194307
0.194256
0.194927
0.192812
0.192611
0.194600
0.193353
0.194128
0.195548
0.195883
0.196933
0.197689
0.198112
0.198200
0.197310
0.195651
0.196252
0.195599
0.196015
0.196078
0.194153
0.193256
0.193393
0.199251
0.198645
0.205287
0.207913
0.207168
0.183401
0.205711
0.184509
0.186787
0.190366
0.185674
0.186674
0.186880
0.183660
0.125995
0.126004
0.126100
0.124503
0.127150
0.125150
0.127568
0.126069
0.127730
0.130927
0.129841
0.130373
0.129973
0.133636
0.129784
0.131922
0.131225
0.130549
0.127061
0.126306
0.132456
0.127274
0.127084
0.131297
0.127558
0.127058
0.125940
0.126986
0.126258
0.126975
0.125560
0.128792
0.128951
0.128924
0.125738
0.131529
0.130464
0.131425
0.136178
0.128376
0.127544
0.125587
0.124568
0.126938
0.134321
0.133596
0.134533
0.131073
0.132996
0.133393
0.133454
0.127854
0.130372
0.126206
0.126449
0.123781
0.122433
0.122058
0.122486
0.122412
0.122691
0.123221
0.121555
0.124355
0.124159
0.122718
0.125261
0.122247
0.121568
0.122346
0.120769
0.120270
0.121957
0.121529
0.123119
0.120818
0.119913
0.119135
0.120100
0.127376
0.127437
0.125753
0.127276
0.126255
0.127696
0.128114
0.130238
0.130235
0.129742
0.130248
0.132234
0.126303
0.127084
0.126578
0.125272
0.125395
0.124052
0.185322
0.195746
0.178926
0.188056
0.191157
0.191270
0.188091
0.187179
0.182218
0.189109
0.179293
0.198641
0.193727
0.193367
0.194564
0.156365
0.151706
0.125983
0.193900
0.119002
0.136377
0.159940
0.163642
0.136011
0.138151
0.172390
0.163421
0.171278
0.146291
0.175831
0.185354
0.184758
0.117227
0.130693
0.151873
0.167480
0.151626
0.163203
0.121276
0.170607
0.164682
0.195138
0.200746
0.201248
0.198386
0.200914
0.198175
0.191927
0.187439
0.193582
0.196290
0.186019
0.185404
0.187657
0.184680
0.182058
0.181089
0.176047
0.173605
0.177945
0.173106
0.178787
0.174973
0.189287
0.188264
0.176405
0.185948
0.171965
0.175935
0.173793
0.180133
0.177156
0.178276
0.184590
0.179544
0.183573
0.186403
0.181141
0.183759
0.177135
0.182299
0.177657
0.175273
0.179671
0.189193
0.175336
0.173118
0.178168
0.175384
0.176456
0.185706
0.173436
0.149278
0.170824
0.176352
0.175334
0.180648
0.181631
0.194735
0.182960
0.183985
0.196966
0.195839
0.200868
0.191376
0.196762
0.200489
0.189244
0.184415
0.199569
0.198005
0.198710
0.204332
0.205490
0.198619
0.217765
0.200057
0.224320
0.202192
0.224448
0.222525
0.200115
0.206369
0.212685
0.202518
0.195313
0.211815
0.214218
0.214878
0.213130
0.212412
0.211577
0.210882
0.207415
0.210176
0.213540
0.214116
0.215301
0.206213
0.224573
0.222006
0.223637
0.223720
0.228591
0.225588
0.217418
0.220470
0.218337
0.214124
0.212593
0.212547
0.191864
0.190229
0.206593
0.200793
0.194462
0.178062
0.195727
0.194491
0.194735
0.184404
0.202525
0.194664
0.191229
0.190483
0.199294
0.193861
0.220202
0.207949
0.213486
0.197272
0.200004
0.200998
0.204382
0.200602
0.154236
0.156353
0.133654
0.156434
0.168402
0.158225
0.176884
0.172308
0.168101
0.162213
0.166381
0.166913
0.162256
0.180127
0.169709
0.164468
0.168317
0.166053
0.166416
0.163977
0.156437
0.162463
0.146387
0.161608
0.161389
0.160626
0.162909
0.162516
0.163007
0.163013
0.130936
0.161072
0.160459
0.155815
0.157280
0.156367
0.157746
0.164644
0.162167
0.155199
0.157869
0.139636
0.137096
0.138665
0.143356
0.130447
0.142154
0.159793
0.156704
0.149292
0.157895
0.128187
0.135549
0.109696
0.136555
0.106963
0.136487
0.113396
0.153120
0.156415
0.152722
0.092524
0.143395
0.151466
0.127283
0.101097
0.150424
0.150530
0.150080
0.150584
0.150567
0.149021
0.155276
0.154778
0.151999
0.160529
0.162846
0.159796
0.154144
0.161459
0.154113
0.171274
0.155865
0.160669
0.098336
0.121763
0.100731
0.131788
0.126733
0.126879
0.144276
0.149818
0.143530
0.129389
0.134683
0.154632
0.164560
0.131986
0.135967
0.132775
0.169363
0.167872
0.169725
0.168671
0.167509
0.166401
0.166935
0.139276
0.134499
0.139154
0.129758
0.130124
0.130510
0.129935
0.130762
0.129135
0.130145
0.129789
0.143082
0.128288
0.129169
0.130290
0.129831
0.132891
0.131694
0.131944
0.127307
0.130055
0.117599
0.137084
0.115563
0.118667
0.124422
0.129510
0.137901
0.136243
0.126698
0.136969
0.126348
0.136126
0.123028
0.129918
0.130991
0.127414
0.126934
0.113053
0.110685
0.115134
0.117039
0.121651
0.114741
0.119225
0.117600
0.126992
0.130530
0.114437
0.114413
0.116095
0.133293
0.119940
0.130917
0.132564
0.119478
0.119746
0.116529
0.120501
0.114507
0.117317
0.119019
0.112652
0.130535
0.122361
0.122610
0.133394
0.133758
0.116923
0.112365
0.119729
0.120303
0.119998
0.120703
0.122087
0.115507
0.114974
0.113311
0.121191
0.120663
0.121923
0.129025
0.130396
0.131399
0.128329
0.128930
0.131018
0.130184
0.130864
0.130932
0.130853
0.131696
0.131019
0.131644
0.131949
0.132190
0.128808
0.128645
0.205919
0.218836
0.204194
0.208789
0.220722
0.222851
0.217056
0.218081
0.206639
0.218457
0.196010
0.190767
0.190010
0.194726
0.196006
0.195069
0.220235
0.221677
0.221625
0.221508
0.218013
0.207776
0.219895
0.219573
0.225338
0.223795
0.220445
0.219222
0.196335
0.189645
0.220204
0.185455
0.184790
0.190856
0.194534
0.187980
0.190279
0.192597
0.194150
0.195891
0.196368
0.195543
0.198171
0.196703
0.196787
0.196932
0.202216
0.194422
0.198648
0.197044
0.196888
0.197421
0.196305
0.194838
0.197158
0.196386
0.198341
0.200448
0.200175
0.198294
0.193544
0.195278
0.195974
0.201793
0.191609
0.196538
0.197436
0.200827
0.193089
0.198774
0.197860
0.199123
0.201469
0.186679
0.193892
0.202830
0.212908
0.202180
0.226529
0.214756
0.220800
0.227106
0.212391
0.230907
0.198420
0.194091
0.175432
0.168075
0.168502
0.169006
0.176850
0.183839
0.177309
0.186692
0.191879
0.199774
0.210392
0.234339
0.237787
0.237691
0.222990
0.229554
0.205893
0.203990
0.209350
0.181021
0.175209
0.159099
0.157209
0.153451
0.144701
0.137418
0.136842
0.140777
0.138392
0.136382
0.139232
0.144774
0.147266
0.141548
0.138642
0.140125
0.136299
0.141181
0.141151
0.139467
0.138800
0.137176
0.136440
0.137364
0.136680
0.134713
0.136406
0.139841
0.138608
0.139613
0.137508
0.133290
0.132277
0.135766
0.130594
0.134829
0.138931
0.138634
0.136192
0.134939
0.135980
0.134415
0.132391
0.131973
0.127706
0.129132
0.138136
0.130734
0.129255
0.128009
0.160591
0.158483
0.149315
0.162199
0.160961
0.164878
0.165056
0.165546
0.168474
0.177748
0.170693
0.155525
0.159735
0.150804
0.158295
0.145593
0.137954
0.136768
0.165125
0.161148
0.159318
0.120979
0.169998
0.159188
0.094964
0.091984
0.123741
0.104344
0.094477
0.115790
0.094331
0.094860
0.101133
0.101311
0.120418
0.118691
0.122370
0.119487
0.124328
0.124950
0.124441
0.127128
0.101603
0.099979
0.147393
0.147447
0.145195
0.137285
0.138282
0.133107
0.130422
0.108450
0.107166
0.109084
0.106105
0.100724
0.102755
0.098358
0.096893
0.089553
0.058879
0.047663
0.041430
0.027856
0.030657
0.029768
0.023651
0.023898
0.014881
0.014551
0.013180
0.011853
0.011516
0.009514
0.008018
0.004798
0.003004
0.002169
0.000000
0.002596
0.004472
0.003675
0.007229
0.009357
0.009652
0.013041
0.013620
0.217938
0.218341
0.218032
0.216767
0.204773
0.211185
0.210111
0.210518
0.210960
0.210261
0.212405
0.212157
0.212746
0.213091
0.212628
0.213393
0.214016
0.214752
0.216650
0.216583
0.218086
0.217087
0.217822
0.217704
0.216161
0.182936
0.174243
0.172359
0.182125
0.183450
0.177996
0.169270
0.178623
0.179637
0.179195
0.181336
0.181490
0.216216
0.216705
0.215799
0.216880
0.216931
0.217194
0.217407
0.217920
0.216516
0.217117
0.217128
0.217119
0.216999
0.216406
0.216186
0.215925
0.216043
0.216442
0.215585
0.216031
0.215441
0.214828
0.214626
0.214662
0.214230
0.214788
0.215078
0.215914
0.216389
0.217189
0.215527
0.215331
0.214887
0.214233
0.215009
0.216255
0.215940
0.216054
0.215468
0.215162
0.214561
0.214545
0.215731
0.187465
0.215382
0.180747
0.180438
0.180946
0.179765
0.179627
0.181107
0.181049
0.181725
0.181508
0.179071
0.179066
0.189234
0.180559
0.181715
0.216952
0.216326
0.215138
0.215662
0.215596
0.215619
0.216085
0.216509
0.216148
0.218047
0.217918
0.217825
0.218717
0.217362
0.217210
0.217519
0.217493
0.217537
0.197409
0.196577
0.194311
0.193377
0.196227
0.193818
0.193511
0.194461
0.189559
0.189604
0.189441
0.189092
0.190435
0.190003
0.190815
0.194170
0.216966
0.217193
0.218216
0.217582
0.217374
0.180231
0.196161
0.183808
0.182198
0.216549
0.182571
0.181690
0.218585
0.128665
0.128641
0.135725
0.130880
0.135400
0.152791
0.137384
0.137637
0.136158
0.137897
0.137351
0.136181
0.137522
0.137517
0.138281
0.153243
0.151535
0.151704
0.154806
0.149251
0.161095
0.161201
0.164182
0.153631
0.120417
0.161595
0.167669
0.162093
0.155008
0.147927
0.159109
0.171747
0.138189
0.169916
0.157041
0.154431
0.138887
0.156048
0.149942
0.155082
0.146808
0.147355
0.145053
0.142957
0.141983
0.125640
0.131905
0.141433
0.132717
0.128884
0.127193
0.123626
0.126358
0.131055
0.131763
0.132421
0.130629
0.129766
0.149869
0.145810
0.158385
0.118574
0.159948
0.239853
0.241589
0.243888
0.241301
0.247780
0.243728
0.240703
0.242131
0.241506
0.244271
0.242315
0.243339
0.240756
0.240153
0.240469
0.240911
0.241906
0.239084
0.242041
0.242441
0.240901
0.241948
0.240893
0.251254
0.252164
0.251653
0.251275
0.251773
0.252785
0.244501
0.246126
0.251364
0.251835
0.240842
0.239464
0.243092
0.241813
0.253726
0.251855
0.245313
0.241750
0.244147
0.241700
0.244349
0.244926
0.245310
0.241922
0.243963
0.243765
0.250085
0.132571
0.132887
0.133486
0.132902
0.132936
0.132539
0.132584
0.132852
0.132896
0.132019
0.133059
0.132159
0.132943
0.131956
0.131607
0.133809
0.134104
0.135766
0.135368
0.135925
0.135626
0.135925
0.135718
0.135613
0.135212
0.135897
0.134830
0.134223
0.134007
0.135764
0.135398
0.136188
0.135760
0.137031
0.133100
0.133276
0.132865
0.133655
0.133360
0.132961
0.132112
0.132196
0.131945
0.156496
0.158576
0.159720
0.158732
0.158935
0.157679
0.156106
0.157703
0.158123
0.156234
0.162470
0.153263
0.155316
0.155135
0.155407
0.157036
0.156771
0.158440
0.158569
0.161669
0.157939
0.162778
0.163484
0.165006
0.157441
0.159356
0.159124
0.160233
0.156319
0.158286
0.159175
0.159434
0.160948
0.160812
0.161221
0.159386
0.161986
0.160788
0.155994
0.158060
0.155123
0.158230
0.162116
0.156701
0.157127
0.154972
0.153876
0.153798
0.156199
0.152322
0.157054
0.154157
0.155771
0.155833
0.152814
0.154701
0.152179
0.155330
0.154219
0.155464
0.156426
0.156215
0.158470
0.156058
0.156654
0.156871
0.164877
0.156808
0.158870
0.156695
0.156839
0.156795
0.156176
0.153636
0.156202
0.159155
0.158248
0.158263
0.159501
0.156792
0.157050
0.154088
0.156809
0.158552
0.157730
0.157940
0.155860
0.156639
0.152862
0.154347
0.155586
0.155678
0.156442
0.156833
0.157683
0.156244
0.155636
0.155912
0.156825
0.155163
0.154514
0.154288
0.157629
0.157260
0.156624
0.154731
0.156481
0.157273
0.155700
0.159046
0.159979
0.156350
0.158485
0.156311
0.157408
0.158857
0.157551
0.156929
0.155665
0.157152
0.157786
0.159762
0.159625
0.155961
0.153756
0.154650
0.154835
0.156032
0.157342
0.157272
0.163012
0.154510
0.155262
0.154160
0.155823
0.157446
0.155230
0.154205
0.156932
0.157286
0.153419
0.153610
0.154931
0.156899
0.161375
0.124429
0.128519
0.121616
0.125018
0.124541
0.122434
0.128430
0.122958
0.123050
0.123318
0.122958
0.123579
0.123636
0.126736
0.125187
0.125470
0.125164
0.126081
0.125888
0.118007
0.120119
0.125187
0.122108
0.121287
0.119572
0.121655
0.118612
0.120850
0.122360
0.120312
0.119596
0.118934
0.120070
0.119911
0.123177
0.123091
0.123829
0.123324
0.123014
0.121767
0.121941
0.121455
0.122623
0.122186
0.123732
0.123843
0.123128
0.126155
0.123468
0.125859
0.125909
0.126772
0.125856
0.127070
0.126460
0.127398
0.128151
0.128212
0.128135
0.130989
0.128604
0.127322
0.088849
0.091255
0.089424
0.089885
0.090117
0.101135
0.104766
0.105229
0.107545
0.099999
0.107102
0.114995
0.113814
0.121199
0.118026
0.121976
0.121832
0.121610
0.121441
0.123717
0.122582
0.122882
0.123830
0.123895
0.119952
0.122242
0.119500
0.122118
0.118810
0.119759
0.119833
0.120070
0.120045
0.119963
0.120193
0.120808
0.120211
0.121285
0.118926
0.119842
0.118735
0.119489
0.120241
0.120547
0.120130
0.119858
0.120045
0.119522
0.119399
0.119439
0.118939
0.119270
0.119338
0.119799
0.119845
0.120834
0.120354
0.120148
0.120265
0.120643
0.123003
0.123824
0.123734
0.124073
0.122918
0.123096
0.124369
0.123790
0.123917
0.123730
0.123735
0.123546
0.123166
0.123152
0.123258
0.122957
0.123671
0.123462
0.123371
0.123766
0.124733
0.124911
0.124775
0.124793
0.124924
0.125625
0.125780
0.126036
0.125533
0.125194
0.125045
0.125212
0.124976
0.126726
0.124681
0.124365
0.124741
0.125036
0.124878
0.126249
0.125883
0.124202
0.126217
0.127277
0.128394
0.127679
0.128451
0.128605
0.130007
0.128924
0.129255
0.129322
0.129357
0.129430
0.128860
0.129748
0.128809
0.128486
0.128576
0.128013
0.127117
0.126863
0.127006
0.126849
0.126752
0.126024
0.126645
0.127042
0.128476
0.127731
0.127999
0.128075
0.127124
0.126899
0.127419
0.127862
0.127874
0.127922
0.127847
0.128000
0.128372
0.128100
0.128133
0.128286
0.128847
0.128820
0.128876
0.128773
0.128142
0.127395
0.127257
0.127902
0.126529
0.127301
0.127049
0.127574
0.129416
0.129404
0.129555
0.130038
0.130022
0.129653
0.129559
0.129800
0.129593
0.129398
0.129426
0.129569
0.129966
0.128793
0.128064
0.128113
0.126687
0.123725
0.124061
0.124583
0.127557
0.122096
0.122591
0.122662
0.129634
0.128866
0.130332
0.202660
0.202253
0.179657
0.192851
0.184109
0.186929
0.186318
0.176366
0.177163
0.200899
0.183404
0.201272
0.185002
0.184952
0.184192
0.181760
0.180852
0.176717
0.169788
0.179301
0.175654
0.174284
0.175255
0.175409
0.181917
0.175968
0.176196
0.184361
0.175481
0.176829
0.174552
0.176754
0.181651
0.184230
0.181822
0.181588
0.185129
0.184840
0.180221
0.179881
0.173322
0.173676
0.173864
0.173721
0.183083
0.183361
0.182875
0.185559
0.221804
0.200361
0.218639
0.221465
0.199317
0.221412
0.221957
0.222127
0.198939
0.203139
0.212982
0.207880
0.213807
0.193275
0.191315
0.191315
0.189881
0.196488
0.214409
0.215922
0.199133
0.207637
0.206050
0.213048
0.212518
0.208906
0.211572
0.204239
0.224797
0.226052
0.230966
0.226771
0.227418
0.219075
0.210885
0.220005
0.225488
0.209634
0.209690
0.212000
0.205842
0.209970
0.222437
0.211071
0.223717
0.219548
0.228419
0.228198
0.220181
0.218674
0.228177
0.232554
0.230010
0.220721
0.194834
0.199744
0.180903
0.200379
0.205469
0.204633
0.180318
0.204975
0.204322
0.181556
0.202928
0.207826
0.178303
0.181018
0.181142
0.201252
0.181297
0.181021
0.200127
0.200152
0.184037
0.182649
0.181679
0.200547
0.182456
0.186597
0.186018
0.186535
0.200269
0.186947
0.181756
0.199918
0.178205
0.199094
0.204655
0.205451
0.205605
0.180492
0.181641
0.205311
0.205552
0.193553
0.191871
0.196632
0.205866
0.205211
0.205370
0.204881
0.202750
0.204443
0.210933
0.208406
0.194515
0.193806
0.191335
0.192448
0.196818
0.204789
0.196749
0.196933
0.192534
0.188679
0.188679
0.203087
0.220118
0.219744
0.220886
0.219368
0.220085
0.188348
0.188757
0.188698
0.189314
0.188277
0.188488
0.188741
0.188665
0.190246
0.208105
0.190827
0.218969
0.188583
0.206519
0.195721
0.193387
0.213266
0.209771
0.192009
0.205904
0.187406
0.188558
0.184583
0.192303
0.190587
0.189908
0.191542
0.180633
0.181179
0.211614
0.159202
0.182451
0.209304
0.185471
0.185459
0.203726
0.183698
0.182123
0.182686
0.183616
0.199792
0.183193
0.180744
0.184021
0.186460
0.184227
0.183696
0.187315
0.182945
0.186348
0.185885
0.185975
0.184283
0.199874
0.204776
0.181154
0.202633
0.202754
0.200298
0.200534
0.200501
0.202341
0.203035
0.222948
0.228188
0.230850
0.230333
0.230812
0.226413
0.211113
0.230238
0.221097
0.229877
0.228128
0.228169
0.228808
0.228616
0.227097
0.222130
0.225407
0.225276
0.226466
0.220002
0.223374
0.223092
0.230827
0.234742
0.228556
0.233755
0.238214
0.232255
0.234268
0.233201
0.231809
0.239703
0.235323
0.235377
0.239182
0.234435
0.235026
0.234992
0.236127
0.234420
0.240284
0.234959
0.232507
0.223971
0.230419
0.232956
0.228647
0.226896
0.233828
0.228336
0.233898
0.217347
0.232002
0.226347
0.172766
0.174083
0.173323
0.173871
0.173914
0.175742
0.175791
0.173531
0.173693
0.175206
0.173380
0.172551
0.170807
0.173934
0.174900
0.172727
0.173196
0.173495
0.172744
0.173866
0.172411
0.172429
0.171279
0.171437
0.172332
0.172482
0.172049
0.173397
0.173079
0.171251
0.173177
0.174299
0.173780
0.173119
0.176056
0.176095
0.122700
0.121677
0.122246
0.122353
0.121318
0.121595
0.122976
0.120486
0.119609
0.119068
0.121220
0.120232
0.121555
0.119127
0.119751
0.122816
0.120519
0.121505
0.121996
0.119996
0.119353
0.117396
0.117551
0.113067
0.117796
0.117667
0.126414
0.129009
0.138501
0.137918
0.136264
0.133770
0.126956
0.128747
0.132181
0.130497
0.130293
0.133386
0.125001
0.168957
0.169184
0.169154
0.169728
0.169223
0.169739
0.169239
0.168696
0.169155
0.169118
0.168978
0.168955
0.168978
0.168961
0.169077
0.168974
0.169204
0.169296
0.168922
0.168624
0.164730
0.165462
0.168697
0.169132
0.168793
0.168844
0.168683
0.168933
0.169036
0.168872
0.168926
0.168771
0.168552
0.168763
0.168773
0.168809
0.168469
0.168433
0.168683
0.168335
0.168369
0.168300
0.168297
0.168138
0.168131
0.168246
0.168313
0.168160
0.168527
0.168558
0.168461
0.168401
0.167914
0.167946
0.168858
0.168631
0.168078
0.168595
0.168905
0.168868
0.168463
0.168523
0.168199
0.168338
0.168273
0.168215
0.168266
0.168290
0.168396
0.168440
0.168322
0.168270
0.168086
0.168240
0.167125
0.163423
0.172735
0.168650
0.168306
0.161711
0.174491
0.157616
0.141108
0.155603
0.154136
0.154088
0.153336
0.162314
0.161544
0.163549
0.161748
0.168789
0.168811
0.170636
0.162735
0.162532
0.162645
0.159403
0.167015
0.166136
0.165990
0.163646
0.157382
0.168083
0.142384
0.134310
0.137155
0.133871
0.139718
0.137236
0.121194
0.121397
0.158697
0.152879
0.157401
0.172145
0.188289
0.209523
0.250136
0.198737
0.196990
0.246401
0.287527
0.239758
0.124409
0.131226
0.134499
0.131804
0.142477
0.148353
0.142569
0.146138
0.149380
0.149639
0.151139
0.150580
0.158009
0.155749
0.153019
0.155062
0.153502
0.153733
0.153278
0.156569
0.154617
0.153371
0.156940
0.154998
0.154551
0.155707
0.154566
0.135608
0.142895
0.157558
0.141990
0.146727
0.149774
0.146736
0.148079
0.149722
0.132049
0.132800
0.149739
0.150066
0.131780
0.130464
0.134400
0.135819
0.135977
0.130207
0.125311
0.126877
0.126373
0.129599
0.126972
0.145604
0.129677
0.136256
0.134783
0.136438
0.135735
0.136325
0.139338
0.136399
0.135830
0.137166
0.132592
0.132193
0.129123
0.130293
0.129199
0.134493
0.130030
0.155352
0.150448
0.134466
0.134022
0.129963
0.153611
0.150181
0.137641
0.136596
0.154250
0.149936
0.151857
0.126452
0.125607
0.148664
0.129862
0.145878
0.130023
0.145088
0.134092
0.131564
0.132921
0.133006
0.130626
0.130280
0.129921
0.132895
0.132849
0.133054
0.127622
0.128045
0.129532
0.132724
0.127734
0.127478
0.128052
0.129069
0.127894
0.134858
0.132838
0.137925
0.134546
0.134092
0.130420
0.131366
0.134792
0.132365
0.128863
0.127650
0.129158
0.127770
0.128406
0.128273
0.128107
0.131419
0.129784
0.130560
0.129536
0.131471
0.131864
0.130139
0.130570
0.130792
0.147319
0.146507
0.146205
0.146768
0.130012
0.151766
0.145311
0.146058
0.148791
0.146999
0.151204
0.144841
0.144373
0.132311
0.145180
0.128212
0.127135
0.122309
0.130069
0.130144
0.130166
0.131204
0.129987
0.132017
0.128556
0.131289
0.131199
0.130356
0.129363
0.130501
0.129893
0.130201
0.128274
0.130064
0.130004
0.230595
0.227542
0.232590
0.229663
0.227427
0.222997
0.228482
0.219133
0.219925
0.224523
0.225583
0.207310
0.227343
0.226659
0.226865
0.228449
0.227460
0.226859
0.228226
0.229401
0.227978
0.227275
0.229395
0.236096
0.240397
0.240587
0.234590
0.240717
0.231559
0.231026
0.229367
0.220460
0.221044
0.217135
0.217965
0.157468
0.155987
0.155393
0.156561
0.157257
0.158127
0.157136
0.156808
0.155219
0.153884
0.157870
0.158842
0.156097
0.152902
0.159683
0.155681
0.158669
0.158522
0.155849
0.157395
0.161871
0.161440
0.161531
0.158819
0.160306
0.159809
0.159319
0.163904
0.162862
0.162329
0.166021
0.163606
0.163584
0.164433
0.164622
0.157366
0.157095
0.157105
0.162807
0.163032
0.160207
0.161877
0.161492
0.158182
0.130001
0.129584
0.130595
0.129527
0.162522
0.159861
0.161770
0.159157
0.162786
0.161864
0.159243
0.162449
0.157863
0.156467
0.156374
0.157277
0.154693
0.156202
0.131458
0.157325
0.157248
0.155384
0.154747
0.155076
0.153838
0.155426
0.156399
0.157361
0.159484
0.159497
0.159186
0.159143
0.161066
0.412526
0.410799
0.394256
0.375596
0.365414
0.359633
0.352545
0.348433
0.344232
0.346008
0.339000
0.333541
0.337211
0.335124
0.327284
0.326816
0.330135
0.326509
0.317052
0.317433
0.315696
0.315935
0.316282
0.316444
0.313867
0.311354
0.310920
0.308193
0.303992
0.302954
0.311468
0.318218
0.300507
0.308230
0.304027
0.300447
0.302870
0.302692
0.308731
0.307551
0.306797
0.309547
0.302517
0.299627
0.295581
0.292906
0.289952
0.285664
0.283951
0.283130
0.283569
0.286731
0.279738
0.278040
0.274195
0.275178
0.282378
0.274977
0.273724
0.272360
0.272621
0.273028
0.276376
0.281209
0.275994
0.283153
0.277876
0.328509
0.277068
0.334723
0.278468
0.281798
0.281336
0.277601
0.280593
0.280859
0.281580
0.282853
0.284789
0.286451
0.294633
0.293564
0.293779
0.287405
0.293775
0.292743
0.297462
0.294549
0.293342
0.291590
0.294897
0.291232
0.294893
0.293587
0.296862
0.297041
0.294992
0.298699
0.303923
0.301257
0.302396
0.298951
0.312360
0.313859
0.313577
0.312380
0.314338
0.307557
0.306729
0.306481
0.314981
0.310813
0.318448
0.319276
0.315732
0.315014
0.196081
0.200708
0.215329
0.212219
0.213029
0.212383
0.208628
0.195109
0.186303
0.192632
0.193410
0.191989
0.192958
0.197544
0.191111
0.191141
0.246493
0.254311
0.251437
0.249782
0.255762
0.233774
0.241557
0.247692
0.228820
0.248600
0.241225
0.234983
0.221133
0.235326
0.236816
0.245393
0.231120
0.233469
0.220772
0.225382
0.222412
0.216402
0.226353
0.225918
0.211284
0.221408
0.228620
0.216250
0.237130
0.236521
0.236974
0.236290
0.238063
0.239124
0.237993
0.238311
0.237896
0.232600
0.237762
0.232632
0.232999
0.236855
0.233538
0.231758
0.232459
0.233903
0.231269
0.229426
0.228692
0.229533
0.228633
0.231525
0.231011
0.231210
0.230538
0.232005
0.231960
0.231668
0.232465
0.228435
0.228587
0.229032
0.231770
0.230682
0.230070
0.230547
0.230173
0.230260
0.230935
0.230514
0.230760
0.229150
0.229265
0.229671
0.229378
0.230131
0.235351
0.236426
0.236937
0.236534
0.235127
0.236408
0.236873
0.236974
0.253433
0.236733
0.251980
0.226477
0.226101
0.226195
0.226149
0.225873
0.225901
0.225916
0.225646
0.226012
0.225234
0.227265
0.227133
0.224035
0.223183
0.219889
0.219845
0.219827
0.223070
0.226287
0.226225
0.222882
0.226376
0.223610
0.217603
0.217574
0.218533
0.226297
0.226148
0.226433
0.226096
0.227108
0.227662
0.227757
0.226751
0.226396
0.226150
0.227388
0.227137
0.225585
0.228045
0.228076
0.225839
0.228542
0.228234
0.228502
0.225612
0.225698
0.222247
0.225289
0.224108
0.223411
0.221254
0.219199
0.215950
0.213661
0.215171
0.215389
0.214764
0.216062
0.224518
0.221352
0.227063
0.221300
0.225985
0.225716
0.231830
0.227979
0.228787
0.228803
0.228272
0.227905
0.227545
0.227228
0.227442
0.227410
0.228242
0.228014
0.227933
0.227726
0.227710
0.228031
0.228030
0.228114
0.227861
0.227996
0.228145
0.227085
0.228590
0.228412
0.228189
0.228101
0.231913
0.231811
0.227932
0.229081
0.228933
