0.013161
0.013158
0.013162
0.013157
0.013167
0.013195
0.013130
0.013130
0.013121
0.013157
0.013084
0.013083
0.013252
0.013234
0.013244
0.013151
0.013144
0.013155
0.013183
0.013191
0.013291
0.013196
0.012782
0.012730
0.012777
0.012872
0.012692
0.012751
0.012799
0.012814
0.012810
0.012954
0.012853
0.012829
0.012814
0.012853
0.012804
0.012771
0.012834
0.012670
0.012680
0.012699
0.012682
0.012519
0.012666
0.012683
0.012495
0.012440
0.012445
0.012398
0.012342
0.012372
0.012444
0.012334
0.012317
0.012415
0.012222
0.012274
0.012177
0.012429
0.012118
0.011980
0.012042
0.011981
0.012024
0.012111
0.012508
0.012485
0.012532
0.012304
0.012338
0.012505
0.012637
0.012725
0.012816
0.012790
0.012850
0.013005
0.012629
0.012780
0.012981
0.012841
0.012982
0.013103
0.013152
0.013196
0.013206
0.013814
0.013976
0.014297
0.016231
0.013802
0.013906
0.013861
0.013811
0.013674
0.013724
0.013745
0.013479
0.013609
0.013363
0.013154
0.012951
0.013037
0.012983
0.012759
0.012711
0.012767
0.012765
0.012784
0.012682
0.012897
0.012947
0.012833
0.012630
0.012580
0.012328
0.012339
0.012313
0.012365
0.012493
0.012134
0.012014
0.012016
0.012042
0.011976
0.012064
0.011981
0.011831
0.011832
0.011636
0.011642
0.011701
0.011621
0.011229
0.011262
0.011197
0.011165
0.011169
0.011257
0.011018
0.011056
0.010789
0.010881
0.010706
0.010723
0.010617
0.010350
0.010382
0.010214
0.010074
0.010043
0.010141
0.009965
0.009954
0.009856
0.009937
0.009522
0.009479
0.009166
0.009095
0.009009
0.008970
0.008766
0.008808
0.008841
0.008799
0.008739
0.008583
0.008546
0.008592
0.008619
0.008574
0.008615
0.008381
0.008436
0.008702
0.008501
0.008451
0.008637
0.008546
0.008658
0.008459
0.008413
0.008812
0.008871
0.008650
0.008807
0.008506
0.008516
0.008540
0.008552
0.008506
0.008324
0.008239
0.008206
0.008225
0.008140
0.008326
0.008270
0.008924
0.008702
0.007987
0.008057
0.007878
0.007886
0.007910
0.007873
0.007445
0.007440
0.007353
0.007376
0.007248
0.006789
0.006816
0.007249
0.007229
0.007130
0.007052
0.006902
0.006862
0.006685
0.006775
0.006991
0.006869
0.006365
0.006362
0.006310
0.006238
0.006261
0.006123
0.006067
0.005976
0.005949
0.005755
0.005736
0.005664
0.005535
0.005544
0.005629
0.005419
0.005435
0.005379
0.005422
0.005281
0.005201
0.005012
0.004887
0.004852
0.004837
0.004883
0.007432
0.006173
0.005118
0.004993
0.004966
0.004883
0.004808
0.004716
0.004710
0.004633
0.004523
0.004568
0.004532
0.004473
0.004486
0.004573
0.004529
0.004637
0.004393
0.004391
0.004405
0.004304
0.004353
0.004371
0.004423
0.003981
0.004029
0.004147
0.004173
0.004235
0.004279
0.004335
0.004370
0.004213
0.003774
0.003780
0.003608
0.003439
0.003283
0.003113
0.003098
0.003068
0.002941
0.002889
0.002916
0.002845
0.002821
0.002797
0.002812
0.002610
0.002626
0.002578
0.002734
0.002664
0.002578
0.002489
0.002415
0.002394
0.002422
0.002424
0.002722
0.002486
0.002427
0.002330
0.002269
0.002291
0.002033
0.002017
0.001959
0.001922
0.001877
0.001725
0.001600
0.001536
0.001270
0.001061
0.000865
0.000688
0.000516
0.000323
0.000244
0.000180
0.000117
0.000047
0.000020
0.000000
0.000022
0.000054
0.000103
0.000180
0.000250
0.000341
0.000468
0.000569
0.000703
0.000843
0.000974
0.001086
0.001286
0.001461
0.001580
0.002428
0.002503
0.002545
0.002979
0.003134
0.002682
0.002850
0.003087
0.003658
0.003665
0.003662
0.003660
0.003672
0.003575
0.003618
0.003909
0.003791
0.003800
0.003780
0.003709
0.003414
0.003393
0.003335
0.003475
0.003469
0.003444
0.003431
0.003396
0.003338
0.003295
0.003263
0.003202
0.003184
0.003180
0.003342
0.003321
0.003300
0.003289
0.003281
0.003294
0.003282
0.003230
0.003285
0.003205
0.003254
0.003219
0.003207
0.003838
0.094311
0.093976
0.094000
0.093429
0.093960
0.093018
0.092542
0.094566
0.096121
0.094780
0.094241
0.094291
0.094145
0.093969
0.093640
0.091810
0.092924
0.094827
0.095201
0.094506
0.097842
0.092388
0.092635
0.092708
0.092474
0.090373
0.089305
0.100945
0.100309
0.100663
0.102603
0.098252
0.098675
0.096449
0.098493
0.099686
0.091655
0.105502
0.105353
0.105453
0.120284
0.086657
0.098756
0.106539
0.109322
0.116422
0.111337
0.106917
0.101439
0.126165
0.133843
0.117449
0.146968
0.143557
0.140674
0.136309
0.128098
0.142450
0.132158
0.131842
0.117534
0.104485
0.104524
0.105198
0.106793
0.109139
0.111506
0.114344
0.128479
0.141228
0.150165
0.150136
0.151303
0.146349
0.110198
0.112521
0.104903
0.120022
0.116069
0.103205
0.100730
0.098528
0.097631
0.096541
0.096427
0.096781
0.103489
0.096408
0.097262
0.095013
0.094786
0.105661
0.106339
0.105841
0.108905
0.089592
0.088200
0.089144
0.091982
0.086033
0.086195
0.088521
0.089500
0.089009
0.089135
0.089979
0.095690
0.113249
0.089055
0.085179
0.084633
0.090569
0.090869
0.108762
0.123778
0.096013
0.092370
0.104207
0.090529
0.104812
0.115665
0.101349
0.093400
0.090096
0.090353
0.090527
0.101541
0.102128
0.095418
0.073764
0.074427
0.094375
0.066501
0.096751
0.093862
0.121548
0.080825
0.105464
0.130596
0.127223
0.128309
0.116533
0.113825
0.124998
0.127578
0.107105
0.110381
0.101970
0.092018
0.101383
0.099186
0.101113
0.096317
0.095526
0.102712
0.098587
0.094479
0.094009
0.091707
0.098772
0.098641
0.094776
0.095232
0.096297
0.108629
0.089548
0.112508
0.098430
0.097023
0.097304
0.098800
0.098821
0.098485
0.099295
0.098052
0.098695
0.097071
0.098195
0.099845
0.097273
0.096696
0.097814
0.099245
0.100545
0.097896
0.098004
0.097818
0.099085
0.099252
0.099445
0.098427
0.098456
0.098665
0.098226
0.098955
0.100000
0.099415
0.101135
0.100541
0.099015
0.100890
0.100761
0.100488
0.100924
0.100176
0.099622
0.099296
0.099883
0.099122
0.099860
0.098654
0.099893
0.100660
0.099195
0.100380
0.100137
0.101315
0.101843
0.098638
0.098967
0.099335
0.098870
0.099924
0.100135
0.100152
0.102479
0.102270
0.101448
0.101898
0.102762
0.100822
0.101940
0.102537
0.101353
0.098918
0.134452
0.133942
0.128666
0.131990
0.129397
0.135176
0.126761
0.134276
0.124215
0.109604
0.100430
0.067736
0.046800
0.048634
0.060413
0.081384
0.089437
0.058948
0.071578
0.098849
0.100326
0.105915
0.106974
0.131273
0.133115
0.137860
0.148825
0.140619
0.134972
0.127113
0.111313
0.097712
0.089676
0.091358
0.090945
0.113239
0.104243
0.105069
0.098328
0.090228
0.090383
0.091913
0.076100
0.079680
0.092505
0.097645
0.092817
0.093010
0.076879
0.087802
0.101235
0.175920
0.074901
0.089698
0.099130
0.088763
0.099197
0.105842
0.085048
0.086283
0.085697
0.048858
0.097857
0.233273
0.287303
0.291045
0.279075
0.241689
0.182553
0.104501
0.055039
0.048932
0.050462
0.088668
0.054698
0.113268
0.112989
0.081979
0.112407
0.099614
0.064795
0.061171
0.056587
0.057802
0.082694
0.059834
0.088352
0.046981
0.071999
0.082491
0.076907
0.089168
0.089068
0.082801
0.077337
0.090694
0.087263
0.089881
0.111270
0.098262
0.094801
0.078465
0.069248
0.067688
0.063443
0.147403
0.144427
0.143801
0.098382
0.097594
0.122985
0.074816
0.106722
0.102398
0.133943
0.141892
0.141303
0.157612
0.151801
0.179763
0.138399
0.130043
0.155237
0.145669
0.104486
0.092798
0.075414
0.063657
0.123523
0.163913
0.106341
0.132439
0.104501
0.161360
0.167080
0.150094
0.170094
0.168728
0.135225
0.174100
0.184902
0.114739
0.166432
0.101447
0.102282
0.110998
0.103635
0.118900
0.138616
0.153718
0.154425
0.217439
0.189336
0.227527
0.222552
0.221983
0.222181
0.211977
0.214850
0.225268
0.229906
0.207985
0.209430
0.221023
0.219952
0.217766
0.228143
0.227295
0.225320
0.228411
0.232474
0.229445
0.226907
0.229269
0.231702
0.225978
0.226893
0.215708
0.196760
0.218709
0.200442
0.198959
0.202605
0.213442
0.213187
0.208674
0.197325
0.201591
0.222331
0.227216
0.224448
0.222282
0.232195
0.231512
0.230559
0.235935
0.237836
0.239746
0.235630
0.231129
0.246788
0.240007
0.213381
0.222715
0.223947
0.241126
0.225269
0.224854
0.236412
0.221638
0.230028
0.227319
0.234068
0.225398
0.233911
0.258079
0.258840
0.251166
0.233599
0.228892
0.227164
0.231724
0.229506
0.230109
0.231611
0.231710
0.228347
0.229161
0.229777
0.230537
0.232646
0.237456
0.222253
0.216911
0.215264
0.208403
0.204475
0.201556
0.198098
0.198094
0.200991
0.201007
0.197960
0.194554
0.195054
0.197987
0.195389
0.201203
0.200095
0.201175
0.210570
0.204166
0.199192
0.200101
0.201848
0.199733
0.200711
0.200175
0.199204
0.199492
0.201754
0.202802
0.202783
0.205336
0.203631
0.203852
0.204441
0.202749
0.210746
0.209158
0.209381
0.210973
0.211539
0.208881
0.212285
0.214328
0.214345
0.223526
0.223421
0.211578
0.212425
0.214994
0.214453
0.217194
0.220516
0.216988
0.217065
0.216488
0.215803
0.215243
0.217616
0.218112
0.222118
0.228082
0.218664
0.214666
0.222835
0.115729
0.115668
0.116520
0.111251
0.113314
0.111709
0.112568
0.106112
0.096769
0.100776
0.099551
0.096628
0.096493
0.096300
0.097510
0.094305
0.091788
0.093005
0.097156
0.095502
0.093252
0.083063
0.085942
0.086706
0.085367
0.100901
0.079051
0.079374
0.079922
0.078667
0.076996
0.079693
0.078318
0.078549
0.078936
0.075065
0.056705
0.065014
0.096615
0.095812
0.097758
0.097341
0.096215
0.095276
0.095413
0.093000
0.094551
0.092369
0.092101
0.092695
0.092419
0.091337
0.090973
0.090697
0.091799
0.090686
0.091605
0.091024
0.092100
0.093138
0.092555
0.078098
0.077578
0.076252
0.076971
0.076941
0.055829
0.057388
0.055551
0.075804
0.072153
0.072682
0.076136
0.078373
0.075643
0.053127
0.056073
0.056212
0.055530
0.055166
0.056116
0.079777
0.079211
0.079150
0.078308
0.057616
0.101536
0.093086
0.095692
0.086483
0.093796
0.096943
0.089994
0.086616
0.092037
0.091806
0.088598
0.080688
0.077480
0.083434
0.082967
0.088788
0.083005
0.086777
0.090269
0.089184
0.093744
0.101012
0.098654
0.064262
0.061545
0.062232
0.063365
0.061673
0.061984
0.089346
0.095186
0.087739
0.080921
0.085649
0.080485
0.083104
0.078533
0.114983
0.115703
0.117364
0.117767
0.105823
0.095861
0.087347
0.078433
0.078952
0.064226
0.067596
0.068114
0.071723
0.078790
0.075745
0.078838
0.077544
0.072502
0.074054
0.065837
0.065352
0.089580
0.091348
0.124384
0.140372
0.137286
0.118047
0.116388
0.120424
0.115466
0.117470
0.117473
0.123842
0.135395
0.135733
0.165641
0.141598
0.146412
0.145570
0.133361
0.133763
0.119160
0.120868
0.136902
0.134903
0.127196
0.122973
0.130893
0.136234
0.147320
0.156070
0.157017
0.155907
0.155355
0.148224
0.168742
0.154783
0.175195
0.187179
0.214150
0.197136
0.208659
0.185009
0.197858
0.253945
0.252567
0.225394
0.186971
0.217257
0.217055
0.201242
0.195459
0.209181
0.190198
0.235995
0.192964
0.207873
0.208379
0.228306
0.221296
0.216331
0.222481
0.236897
0.210175
0.247323
0.214886
0.215539
0.212597
0.208284
0.208943
0.209064
0.219047
0.198965
0.192435
0.190007
0.188672
0.191406
0.189546
0.198656
0.198426
0.190516
0.188278
0.190455
0.190209
0.188703
0.198059
0.209086
0.203678
0.206499
0.201207
0.201459
0.200933
0.232539
0.230675
0.174596
0.163356
0.101631
0.112114
0.161159
0.123118
0.147569
0.137662
0.125882
0.111002
0.120344
0.204814
0.206045
0.220059
0.216780
0.198065
0.176368
0.154584
0.141163
0.134876
0.127578
0.125618
0.117804
0.132804
0.130449
0.150602
0.126711
0.121450
0.106601
0.133223
0.129455
0.134937
0.149136
0.148489
0.147917
0.154590
0.158341
0.162324
0.144753
0.145685
0.140301
0.139718
0.142135
0.152008
0.150630
0.148203
0.140520
0.115533
0.135375
0.133953
0.137744
0.145091
0.161870
0.142913
0.153906
0.157152
0.160013
0.153625
0.159864
0.158676
0.158909
0.157249
0.158761
0.161266
0.167841
0.168005
0.169989
0.176707
0.173598
0.171405
0.173821
0.171182
0.172063
0.183085
0.184607
0.186577
0.168226
0.156140
0.155835
0.148091
0.142034
0.140265
0.141079
0.146012
0.145733
0.133978
0.129107
0.138208
0.125974
0.129631
0.152086
0.142626
0.160734
0.164219
0.179825
0.172550
0.177311
0.182577
0.185130
0.184747
0.179966
0.180880
0.197571
0.191428
0.192077
0.190526
0.192795
0.192756
0.191070
0.196590
0.198209
0.196801
0.201835
0.204829
0.196857
0.184235
0.185479
0.175877
0.168158
0.159568
0.151414
0.144439
0.139400
0.137569
0.139773
0.133601
0.129482
0.122678
0.119382
0.124904
0.128280
0.166097
0.159954
0.147087
0.155363
0.150602
0.152714
0.130539
0.126862
0.128210
0.150605
0.155788
0.142966
0.145380
0.139925
0.136558
0.137746
0.135560
0.136030
0.143707
0.135755
0.139111
0.138466
0.133999
0.132669
0.134785
0.133474
0.164722
0.168549
0.163875
0.164659
0.161396
0.163433
0.141735
0.137615
0.154854
0.143262
0.146491
0.141855
0.176341
0.185824
0.175029
0.199902
0.188271
0.182622
0.178725
0.179809
0.176171
0.187821
0.176905
0.177002
0.174241
0.181415
0.193407
0.181562
0.162031
0.171914
0.177806
0.158135
0.151538
0.162950
0.157571
0.151969
0.156492
0.156258
0.149914
0.143936
0.141576
0.142711
0.138628
0.107846
0.122811
0.132472
0.106950
0.125311
0.123524
0.120581
0.145687
0.137748
0.123473
0.075118
0.139060
0.150984
0.161915
0.159763
0.166285
0.172980
0.179691
0.071558
0.074223
0.153986
0.148552
0.173491
0.176529
0.079686
0.082932
0.077844
0.076801
0.203082
0.197473
0.214074
0.218243
0.206148
0.139439
0.184316
0.181384
0.182447
0.173969
0.174208
0.168459
0.162842
0.164261
0.161948
0.056628
0.047546
0.120070
0.038363
0.110228
0.095410
0.101014
0.096331
0.094252
0.097981
0.163982
0.136835
0.154783
0.146992
0.150980
0.136310
0.146358
0.122911
0.119783
0.132271
0.184250
0.175811
0.162919
0.159563
0.169065
0.172999
0.173694
0.144890
0.143273
0.080877
0.067897
0.096693
0.076063
0.063237
0.065190
0.156890
0.050494
0.140665
0.135901
0.122084
0.111043
0.102607
0.096625
0.096178
0.096299
0.089071
0.099365
0.101622
0.105705
0.111680
0.105692
0.103211
0.104121
0.107265
0.111069
0.113551
0.112416
0.114942
0.112029
0.114836
0.118497
0.097550
0.109909
0.110503
0.104410
0.104688
0.109431
0.106506
0.101673
0.092059
0.094260
0.093610
0.103733
0.102905
0.099735
0.097465
0.094871
0.111023
0.118165
0.110782
0.115962
0.121021
0.120737
0.117100
0.116815
0.123857
0.129104
0.108078
0.127244
0.124205
0.102542
0.118311
0.105152
0.115282
0.123340
0.134350
0.109934
0.126205
0.108733
0.119902
0.136872
0.127929
0.118618
0.131448
0.116065
0.114362
0.129216
0.122056
0.123126
0.123353
0.122871
0.121258
0.120503
0.125140
0.116475
0.115872
0.124691
0.131935
0.133325
0.135179
0.133726
0.138508
0.144474
0.132790
0.130022
0.128327
0.124848
0.126828
0.124041
0.122318
0.115820
0.121918
0.129152
0.127453
0.123026
0.118073
0.118948
0.121441
0.118254
0.118495
0.119021
0.111942
0.108305
0.107564
0.103686
0.105056
0.113532
0.110098
0.109308
0.113097
0.112723
0.110350
0.099310
0.112012
0.101342
0.101351
0.114200
0.110757
0.116352
0.110789
0.121253
0.075811
0.128725
0.123446
0.121363
0.123286
0.129175
0.127348
0.128599
0.117284
0.111077
0.104211
0.111810
0.122882
0.127565
0.120768
0.115465
0.117866
0.124902
0.118600
0.040222
0.057875
0.046482
0.115014
0.109664
0.094925
0.107919
0.136313
0.125540
0.108363
0.127435
0.124383
0.073304
0.126257
0.128054
0.107611
0.106702
0.102849
0.096082
0.121901
0.099016
0.124504
0.117566
0.094753
0.117271
0.083345
0.085092
0.105679
0.111738
0.163319
0.181924
0.180896
0.151840
0.134164
0.118591
0.104691
0.133602
0.104376
0.149932
0.144616
0.139219
0.132997
0.134360
0.133867
0.131154
0.133520
0.173269
0.130375
0.130207
0.133572
0.130058
0.124674
0.127596
0.135949
0.129412
0.137499
0.136109
0.138036
0.130911
0.132344
0.134871
0.123731
0.134522
0.130331
0.130268
0.117357
0.133058
0.116729
0.115172
0.115706
0.116359
0.118164
0.116703
0.117900
0.116251
0.113699
0.126455
0.125111
0.131183
0.126765
0.149338
0.139759
0.127560
0.137346
0.108766
0.068304
0.078360
0.073081
0.079681
0.101407
0.127915
0.147645
0.169913
0.126863
0.136460
0.130507
0.130198
0.128178
0.126325
0.112248
0.107413
0.119465
0.107417
0.109683
0.123919
0.095787
0.117232
0.090905
0.117866
0.130004
0.124685
0.136165
0.109985
0.081227
0.083102
0.081706
0.075449
0.082899
0.078485
0.085064
0.088244
0.088869
0.104301
0.107852
0.103051
0.102444
0.100646
0.100334
0.092817
0.103798
0.114769
0.136346
0.137834
0.102999
0.092029
0.093219
0.086182
0.081209
0.089040
0.092834
0.080716
0.080494
0.082506
0.070771
0.076648
0.093411
0.095547
0.112104
0.094093
0.102748
0.115872
0.124023
0.124475
0.137547
0.135743
0.127737
0.127050
0.129822
0.127722
0.124465
0.125617
0.131522
0.117857
0.124773
0.124821
0.115308
0.113059
0.109933
0.109925
0.109791
0.104554
0.099409
0.097967
0.097569
0.103505
0.113980
0.105860
0.096324
0.100695
0.097031
0.099140
0.100021
0.099436
0.106222
0.103306
0.104949
0.107075
0.115675
0.116230
0.114598
0.119800
0.118690
0.121318
0.123003
0.115224
0.119587
0.125172
0.125386
0.131124
0.124514
0.123601
0.119118
0.112894
0.114763
0.118209
0.114949
0.116495
0.117809
0.110275
0.112017
0.113441
0.120063
0.129029
0.125655
0.108546
0.117478
0.117300
0.115374
0.108266
0.108108
0.107714
0.103890
0.106565
0.100877
0.098021
0.101065
0.103098
0.116132
0.120666
0.139264
0.138221
0.152773
0.160057
0.159355
0.151923
0.152015
0.147996
0.141448
0.135759
0.129923
0.125794
0.123290
0.125623
0.131000
0.129336
0.129610
0.127294
0.131232
0.127648
0.127894
0.120144
0.131780
0.132974
0.132998
0.127444
0.123659
0.121350
0.110557
0.112410
0.117185
0.117878
0.118576
0.138532
0.106469
0.101604
0.112814
0.113646
0.125516
0.127164
0.096141
0.104661
0.110470
0.116568
0.130824
0.105767
0.103975
0.118395
0.086062
0.080613
0.128543
0.100221
0.108328
0.071266
0.134145
0.065792
0.077231
0.129720
0.079165
0.081104
0.073877
0.070531
0.066715
0.144659
0.136806
0.136389
0.131361
0.135469
0.136314
0.075681
0.086424
0.073648
0.075370
0.135393
0.076643
0.075883
0.118723
0.125007
0.120292
0.104957
0.093980
0.082008
0.069593
0.075731
0.080522
0.071969
0.074190
0.086696
0.058907
0.067288
0.069942
0.058083
0.059544
0.071784
0.070241
0.065589
0.067713
0.063090
0.066346
0.072242
0.064861
0.100158
0.075362
0.071405
0.071655
0.069042
0.081198
0.078697
0.073101
0.071068
0.063329
0.067980
0.078256
0.068622
0.058433
0.079197
0.071032
0.084680
0.090314
0.091804
0.133003
0.130235
0.129128
0.133525
0.116948
0.109036
0.063457
0.125339
0.114168
0.113791
0.090823
0.091840
0.109331
0.097303
0.093029
0.070532
0.079626
0.094597
0.072997
0.075372
0.073847
0.074087
0.071995
0.102449
0.086729
0.079659
0.077103
0.072261
0.050713
0.087507
0.089561
0.136470
0.097454
0.120806
0.116062
0.047256
0.044434
0.125145
0.129405
0.143889
0.097189
0.078664
0.094399
0.101022
0.085421
0.084195
0.092857
0.096269
0.066835
0.079827
0.086474
0.067478
0.101826
0.055455
0.092341
0.097157
0.107403
0.084486
0.126992
0.092664
0.106414
0.052441
0.057911
0.062453
0.108345
0.055317
0.050635
0.064542
0.089267
0.067310
0.061414
0.068885
0.077179
0.074663
0.069724
0.092710
0.111306
0.100900
0.102984
0.097405
0.111124
0.099978
0.051564
0.041483
0.042178
0.053695
0.055926
0.062546
0.124575
0.126672
0.143660
0.146362
0.122108
0.129010
0.122133
0.108469
0.145123
0.138251
0.109303
0.103385
0.138496
0.150412
0.136659
0.088500
0.091536
0.076613
0.076644
0.071384
0.083984
0.084930
0.089729
0.096926
0.087216
0.076800
0.081567
0.086870
0.090884
0.089726
0.115080
0.094321
0.093359
0.099108
0.093410
0.078099
0.076768
0.103074
0.084951
0.091869
0.111891
0.117682
0.093529
0.110235
0.090315
0.091498
0.090877
0.099082
0.113810
0.104104
0.089597
0.087313
0.071326
0.076156
0.080634
0.086743
0.085731
0.088170
0.082169
0.076255
0.072103
0.104942
0.097412
0.080628
0.083552
0.093532
0.072420
0.088407
0.087495
0.086976
0.092214
0.096938
0.098562
0.069053
0.067912
0.066229
0.073625
0.084059
0.079185
0.080416
0.105160
0.129587
0.107078
0.084326
0.072425
0.124351
0.078085
0.080001
0.104646
0.121971
0.133000
0.158348
0.127499
0.085827
0.065166
0.062785
0.071436
0.086337
0.088760
0.083543
0.093557
0.108021
0.089245
0.094804
0.085455
0.085789
0.081473
0.082282
0.088508
0.082553
0.081903
0.095978
0.105461
0.108637
0.072639
0.074460
0.075007
0.163903
0.078481
0.098469
0.099535
0.151728
0.116474
0.194266
0.170790
0.170905
0.139489
0.141262
0.111632
0.097261
0.097260
0.079040
0.079534
0.067498
0.076510
0.075489
0.080416
0.060631
0.068988
0.081664
0.080888
0.091537
0.091828
0.095440
0.087108
0.085881
0.087307
0.103963
0.098142
0.109229
0.069040
0.112824
0.115673
0.123794
0.123947
0.123190
0.120280
0.111321
0.093104
0.094630
0.101372
0.146743
0.152181
0.097769
0.085928
0.085460
0.086069
0.077687
0.081746
0.079851
0.081076
0.066687
0.076185
0.087325
0.082980
0.083088
0.070791
0.077714
0.073699
0.075712
0.075761
0.080469
0.084348
0.091832
0.088580
0.088278
0.082922
0.095293
0.094697
0.099498
0.099465
0.103569
0.098937
0.094317
0.086605
0.085004
0.094072
0.110675
0.104547
0.098746
0.098653
0.090441
0.112004
0.097238
0.114907
0.112710
0.105080
0.120218
0.072327
0.076107
0.075830
0.098369
0.091708
0.084182
0.078413
0.079833
0.123339
0.084389
0.095403
0.099575
0.100493
0.130873
0.072782
0.117900
0.066681
0.106349
0.097729
0.079562
0.069421
0.063701
0.063690
0.083358
0.064538
0.105678
0.103771
0.104150
0.110303
0.108397
0.107021
0.110937
0.110913
0.114746
0.114189
0.119673
0.097006
0.096569
0.093629
0.088918
0.071409
0.067564
0.067568
0.074481
0.069872
0.091406
0.081430
0.081397
0.085303
0.090621
0.096875
0.162921
0.169001
0.144272
0.095461
0.076335
0.106262
0.106972
0.064589
0.061140
0.083268
0.070685
0.070681
0.088767
0.087222
0.077406
0.079317
0.079447
0.076796
0.088791
0.085455
0.079179
0.072191
0.087980
0.069295
0.079735
0.080446
0.081309
0.087097
0.092738
0.081806
0.108658
0.109166
0.107861
0.220414
0.103369
0.189146
0.188346
0.134938
0.123939
0.073478
0.069112
0.065249
0.057462
0.059989
0.058986
0.054310
0.054071
0.066772
0.112439
0.103730
0.106547
0.106090
0.106187
0.103485
0.100770
0.094928
0.096116
0.086928
0.072997
0.071380
0.078538
0.078505
0.082079
0.085345
0.093446
0.095455
0.095601
0.093094
0.097626
0.116056
0.103430
0.100132
0.105991
0.101276
0.159835
0.148193
0.148953
0.107733
0.110258
0.115799
0.121192
0.119888
0.135644
0.132095
0.120533
0.086677
0.086759
0.105559
0.093897
0.104026
0.095391
0.096533
0.095201
0.094802
0.087591
0.091254
0.091560
0.101953
0.107089
0.072834
0.075234
0.075827
0.077095
0.078083
0.088298
0.081172
0.075851
0.085434
0.131620
0.172543
0.167350
0.167350
0.184428
0.132425
0.121842
0.079168
0.078472
0.087127
0.098081
0.098644
0.094897
0.096827
0.086156
0.095365
0.075702
0.068254
0.093348
0.086596
0.075934
0.076808
0.071156
0.071524
0.075739
0.078095
0.072929
0.083837
0.083856
0.088720
0.081819
0.092941
0.095166
0.095394
0.111952
0.115542
0.121650
0.079655
0.125085
0.107220
0.087518
0.085386
0.094166
0.093666
0.083169
0.083296
0.110726
0.132729
0.138046
0.122128
0.127490
0.126328
0.106477
0.111462
0.129517
0.101387
0.110556
0.135857
0.104623
0.128683
0.129076
0.102034
0.112433
0.089037
0.111983
0.108437
0.121818
0.126624
0.112053
0.130625
0.132089
0.118521
0.099106
0.099146
0.127247
0.144425
0.117128
0.100729
0.100897
0.104865
0.129670
0.115625
0.115678
0.118020
0.135463
0.144815
0.133114
0.138917
0.142757
0.137012
0.144963
0.113362
0.116266
0.101084
0.101410
0.092409
0.099866
0.102466
0.092331
0.097272
0.119829
0.134148
0.145858
0.147119
0.142891
0.137415
0.118142
0.087556
0.081088
0.080277
0.080765
0.104290
0.139418
0.108735
0.109969
0.144256
0.147732
0.136505
0.133571
0.127214
0.124280
0.047696
0.040163
0.146725
0.189513
0.221873
0.113004
0.095865
0.094964
0.129212
0.128501
0.092950
0.114929
0.135248
0.120580
0.123320
0.118079
0.118300
0.119119
0.104530
0.200942
0.196141
0.086956
0.140079
0.144644
0.117354
0.116995
0.122348
0.128917
0.127299
0.119777
0.098768
0.109224
0.181049
0.107050
0.134654
0.144910
0.126790
0.138154
0.141625
0.147223
0.125362
0.131752
0.131172
0.130579
0.130567
0.119763
0.137415
0.141825
0.126857
0.249788
0.184243
0.141975
0.142684
0.134696
0.140305
0.119032
0.116355
0.107325
0.119825
0.090797
0.128781
0.126974
0.249720
0.276755
0.102246
0.117019
0.147322
0.182971
0.156235
0.133326
0.130139
0.124697
0.123093
0.117302
0.119030
0.125460
0.094847
0.110728
0.105045
0.087594
0.124394
0.141442
0.146799
0.116758
0.139692
0.111067
0.111086
0.100963
0.088326
0.100661
0.078888
0.078902
0.101528
0.082830
0.101511
0.110488
0.112802
0.158399
0.149764
0.092023
0.098599
0.092886
0.081618
0.079186
0.084041
0.082955
0.085885
0.091915
0.085245
0.085026
0.101502
0.103695
0.109280
0.091616
0.138631
0.136228
0.128824
0.113984
0.123633
0.120920
0.093973
0.092084
0.076857
0.084351
0.064388
0.062963
0.075999
0.081740
0.101028
0.089073
0.100330
0.053158
0.050830
0.090429
0.106792
0.076123
0.067411
0.068766
0.081069
0.072851
0.071874
0.085288
0.073259
0.071956
0.119138
0.080412
0.117157
0.073920
0.072527
0.071332
0.070372
0.070270
0.072982
0.074272
0.072727
0.085010
0.079330
0.079998
0.074604
0.072124
0.074840
0.072515
0.068683
0.068446
0.071884
0.074448
0.074950
0.070695
0.070948
0.074870
0.073203
0.072890
0.067345
0.073912
0.071645
0.070005
0.070234
0.071426
0.071453
0.073756
0.070352
0.066344
0.071212
0.072004
0.075089
0.072357
0.074301
0.062009
0.069469
0.038879
0.118019
0.117799
0.120437
0.083793
0.060027
0.068194
0.100539
0.055570
0.088085
0.102965
0.075124
0.079793
0.073988
0.074005
0.087489
0.135850
0.093482
0.061536
0.035177
0.051853
0.045205
0.058116
0.068946
0.103676
0.124810
0.112530
0.130779
0.114160
0.093370
0.079913
0.064048
0.069685
0.075012
0.075195
0.072745
0.082362
0.074272
0.085448
0.083718
0.073806
0.072626
0.074114
0.071035
0.069455
0.069841
0.071468
0.072352
0.071885
0.070539
0.068025
0.070776
0.073144
0.072694
0.072860
0.071623
0.073626
0.071979
0.087618
0.077146
0.056429
0.056590
0.069004
0.090304
0.122306
0.086942
0.080840
0.079676
0.093019
0.077796
0.062692
0.094682
0.066938
0.080214
0.085462
0.085318
0.089734
0.076436
0.073852
0.067282
0.067651
0.084626
0.103776
0.088066
0.068480
0.068534
0.075326
0.073950
0.075289
0.068387
0.068914
0.072150
0.073564
0.081931
0.077679
0.073213
0.076459
0.073547
0.073450
0.070463
0.073543
0.078430
0.081475
0.080105
0.075199
0.074954
0.091628
0.071722
0.103532
0.085497
0.086826
0.080350
0.080091
0.060489
0.066625
0.066904
0.064694
0.092511
0.100655
0.105051
0.105025
0.106860
0.107577
0.120207
0.078152
0.078718
0.106608
0.098105
0.068259
0.098061
0.098394
0.075721
0.083469
0.080882
0.091066
0.090628
0.084267
0.090924
0.098988
0.091772
0.094069
0.098054
0.094742
0.097056
0.098881
0.098875
0.069224
0.074663
0.081782
0.126736
0.123749
0.161108
0.179820
0.116494
0.104464
0.104460
0.075195
0.079599
0.082344
0.067343
0.066536
0.058253
0.057113
0.056495
0.070425
0.053112
0.099418
0.099525
0.098906
0.085074
0.085095
0.104549
0.066773
0.067767
0.074684
0.073308
0.072775
0.066723
0.066406
0.060626
0.063195
0.062349
0.063222
0.068551
0.143217
0.142897
0.184661
0.197114
0.181509
0.135935
0.135763
0.114728
0.072840
0.062981
0.056018
0.061317
0.056812
0.055712
0.059327
0.065466
0.066152
0.069958
0.071753
0.069608
0.073399
0.071258
0.094122
0.068343
0.068592
0.073655
0.073601
0.070322
0.071198
0.066737
0.068497
0.068815
0.075506
0.141096
0.137045
0.136438
0.136077
0.159546
0.141701
0.090006
0.090859
0.090984
0.058414
0.061394
0.070872
0.064657
0.064023
0.054703
0.056837
0.096185
0.094083
0.093508
0.096929
0.099661
0.102713
0.065840
0.065849
0.071972
0.079164
0.081033
0.083251
0.081146
0.070514
0.067705
0.069019
0.067991
0.067667
0.076868
0.083454
0.089068
0.102758
0.102329
0.101357
0.127302
0.081962
0.116627
0.116772
0.072391
0.090283
0.097481
0.054524
0.054644
0.059087
0.043927
0.058596
0.052123
0.052199
0.058902
0.046792
0.092286
0.096489
0.095705
0.083296
0.088428
0.092974
0.092721
0.092887
0.087132
0.069212
0.074083
0.082798
0.081954
0.101034
0.095689
0.099352
0.078109
0.077033
0.078446
0.092605
0.103077
0.103912
0.126929
0.111103
0.115319
0.111332
0.108504
0.096810
0.034019
0.078256
0.071951
0.092728
0.076622
0.083227
0.077816
0.094061
0.091155
0.093536
0.142283
0.167027
0.089523
0.135925
0.173721
0.147293
0.168942
0.154857
0.157395
0.087529
0.051399
0.058779
0.059013
0.058802
0.104792
0.111546
0.110490
0.110771
0.071197
0.061712
0.121188
0.124266
0.128028
0.143917
0.145251
0.104812
0.084006
0.070173
0.076051
0.076805
0.075135
0.061540
0.063671
0.053514
0.072230
0.074407
0.072163
0.088788
0.113063
0.101693
0.084507
0.074777
0.082610
0.088592
0.076501
0.069341
0.076680
0.078646
0.083068
0.078567
0.090105
0.097235
0.098790
0.089885
0.080077
0.092906
0.094598
0.090408
0.087379
0.087814
0.091409
0.107993
0.108127
0.116883
0.099460
0.110657
0.121110
0.089998
0.098805
0.101168
0.108669
0.108868
0.116950
0.054674
0.067595
0.059160
0.059881
0.058233
0.095507
0.078626
0.118740
0.120223
0.053154
0.169601
0.159618
0.148905
0.125869
0.080524
0.078103
0.079419
0.077900
0.077357
0.069693
0.072732
0.082885
0.095347
0.110966
0.108571
0.093057
0.079965
0.094215
0.088584
0.092300
0.094081
0.075474
0.086642
0.088615
0.091235
0.086126
0.084817
0.091338
0.073473
0.053512
0.050799
0.051943
0.062287
0.072195
0.072135
0.075052
0.054304
0.056380
0.055011
0.058338
0.063141
0.054915
0.067160
0.068407
0.068222
0.068391
0.076483
0.070166
0.106949
0.099050
0.081707
0.074660
0.085457
0.081864
0.081452
0.127596
0.062464
0.150708
0.095096
0.097553
0.084010
0.130039
0.145225
0.155601
0.105843
0.113655
0.125490
0.123943
0.121518
0.117220
0.106110
0.108699
0.102288
0.103042
0.097877
0.097422
0.095508
0.096007
0.090606
0.093017
0.086359
0.090850
0.085392
0.082595
0.102666
0.087808
0.089030
0.075160
0.089738
0.098403
0.084801
0.084794
0.096111
0.099712
0.084114
0.084293
0.078957
0.069160
0.069178
0.071530
0.073192
0.072695
0.069814
0.070611
0.077847
0.073908
0.072904
0.069023
0.068680
0.076048
0.074501
0.071020
0.075125
0.074684
0.072689
0.072029
0.073414
0.072142
0.074784
0.066069
0.071027
0.071406
0.070942
0.073059
0.066889
0.072813
0.072664
0.072825
0.071653
0.072211
0.071430
0.072042
0.071345
0.071745
0.071994
0.074091
0.073108
0.067639
0.068475
0.070428
0.069170
0.068052
0.068575
0.069657
0.070374
0.068416
0.069047
0.068180
0.071397
0.065859
0.065056
0.062960
0.069214
0.066609
0.077784
0.078263
0.065976
0.060580
0.063557
0.061297
0.067376
0.065399
0.064847
0.066332
0.067310
0.061170
0.065956
0.081483
0.076494
0.113366
0.104597
0.101376
0.032303
0.030619
0.042039
0.046250
0.049253
0.036445
0.038921
0.144856
0.168369
0.182110
0.200158
0.199210
0.209739
0.197882
0.173277
0.173466
0.176186
0.170123
0.112548
0.154790
0.132906
0.091343
0.124850
0.125976
0.097184
0.094813
0.104235
0.100380
0.167949
0.170726
0.122221
0.149240
0.152208
0.149725
0.154568
0.146351
0.146870
0.139172
0.143941
0.140525
0.148523
0.149588
0.159025
0.159228
0.181335
0.180036
0.193084
0.202778
0.204377
0.207784
0.179262
0.175656
0.179181
0.180926
0.185320
0.176955
0.136473
0.139233
0.096114
0.115844
0.141097
0.142390
0.097060
0.085085
0.087065
0.086846
0.139594
0.125449
0.120613
0.118220
0.113579
0.110571
0.112964
0.106080
0.105261
0.108713
0.102464
0.106903
0.100363
0.120849
0.065063
0.067254
0.072172
0.067326
0.126284
0.130388
0.119459
0.131431
0.058831
0.053757
0.052398
0.063661
0.079181
0.084542
0.141131
0.132449
0.101972
0.120635
0.117759
0.130953
0.132567
0.128344
0.140594
0.140505
0.140166
0.128534
0.138490
0.132078
0.130255
0.128319
0.133230
0.116614
0.110808
0.116884
0.135911
0.141868
0.151245
0.134841
0.117685
0.116836
0.117536
0.112096
0.101043
0.131631
0.149498
0.096711
0.111783
0.147565
0.159519
0.166990
0.136432
0.113581
0.072193
0.137320
0.148250
0.129810
0.145169
0.120589
0.099745
0.149013
0.144025
0.115555
0.091719
0.099850
0.074368
0.089191
0.092628
0.105447
0.097134
0.103372
0.084084
0.112608
0.137181
0.122565
0.100908
0.114069
0.081887
0.126555
0.122889
0.122241
0.111759
0.121527
0.126576
0.109490
0.091652
0.098850
0.085903
0.082413
0.087956
0.089900
0.099360
0.106101
0.101432
0.106359
0.113895
0.116537
0.116821
0.108330
0.107755
0.098117
0.122503
0.107444
0.108390
0.122480
0.125618
0.127555
0.111411
0.112128
0.101074
0.114701
0.105454
0.107786
0.096469
0.097029
0.102981
0.099382
0.097915
0.098947
0.104174
0.087065
0.097502
0.104391
0.102728
0.102983
0.088413
0.099714
0.099446
0.099501
0.098528
0.096900
0.095715
0.097758
0.098104
0.098937
0.098580
0.098508
0.097347
0.099881
0.099775
0.100680
