0.178147
0.178147
0.178152
0.181072
0.182304
0.184373
0.185328
0.152815
0.161138
0.153565
0.160366
0.160345
0.155419
0.152266
0.170274
0.166897
0.172250
0.170344
0.167802
0.167279
0.166997
0.172494
0.171827
0.162547
0.162071
0.158943
0.156278
0.146256
0.143296
0.221014
0.214774
0.224263
0.226141
0.232191
0.220995
0.202477
0.185980
0.190404
0.187979
0.188340
0.188842
0.188301
0.188663
0.192955
0.192930
0.193212
0.193428
0.193547
0.198213
0.198218
0.198219
0.198218
0.198218
0.198242
0.198241
0.198242
0.198241
0.198216
0.198223
0.198223
0.198218
0.199245
0.199252
0.197943
0.200264
0.200305
0.200262
0.200262
0.200267
0.203163
0.006783
0.006591
0.006236
0.005988
0.006133
0.006046
0.006195
0.005680
0.005574
0.005863
0.006175
0.005988
0.005659
0.005497
0.005311
0.005347
0.005555
0.005726
0.005820
0.005864
0.005865
0.005894
0.005777
0.005769
0.005932
0.005833
0.004943
0.004720
0.004655
0.004890
0.005014
0.005307
0.005739
0.006032
0.006265
0.006605
0.006832
0.006998
0.005633
0.005621
0.005559
0.005505
0.005656
0.005783
0.005772
0.005597
0.005489
0.005377
0.005325
0.005279
0.005274
0.005282
0.005323
0.005293
0.005283
0.005271
0.005274
0.005213
0.005152
0.005021
0.004880
0.004711
0.004488
0.002934
0.002142
0.001983
0.001284
0.001017
0.000577
0.000441
0.000301
0.000117
0.000026
0.000000
0.000055
0.000107
0.000173
0.000263
0.000383
0.000486
0.000674
0.000733
0.000934
0.001059
0.001093
0.001163
0.001176
0.001273
0.001903
0.002625
0.003016
0.003244
0.003584
0.003781
0.003867
0.003959
0.004516
0.004593
0.005141
0.006134
0.005801
0.005652
0.005610
0.004877
0.004966
0.004813
0.004826
0.004755
0.004687
0.004851
0.004815
0.004834
0.004821
0.004777
0.004889
0.004805
0.004746
0.004784
0.004768
0.004802
0.004808
0.004738
0.004777
0.004671
0.004558
0.004642
0.004652
0.004716
0.004766
0.004786
0.004764
0.004793
0.004796
0.004782
0.004792
0.004840
0.004846
0.004893
0.004976
0.242883
0.240390
0.240680
0.240657
0.240777
0.242497
0.241080
0.241331
0.241203
0.241506
0.241590
0.239570
0.241254
0.241924
0.241293
0.239265
0.239112
0.239112
0.238558
0.239182
0.234429
0.236528
0.234144
0.236620
0.236515
0.236690
0.241721
0.235709
0.236293
0.235778
0.233344
0.245228
0.245967
0.241235
0.245994
0.245885
0.245929
0.245895
0.234595
0.245951
0.245934
0.243800
0.243803
0.243801
0.243813
0.243815
0.243820
0.243795
0.243731
0.243661
0.243721
0.244632
0.244970
0.244167
0.269122
0.268611
0.268920
0.268897
0.268624
0.272021
0.272291
0.268633
0.268680
0.270968
0.265205
0.265146
0.271381
0.271820
0.271623
0.265637
0.271494
0.272190
0.266219
0.271542
0.272260
0.271416
0.265683
0.271721
0.272432
0.273664
0.273304
0.266201
0.266313
0.266915
0.273295
0.269421
0.272328
0.272333
0.265299
0.269598
0.272472
0.273213
0.268796
0.268873
0.269956
0.269113
0.268842
0.268140
0.271549
0.268086
0.268581
0.269503
0.270308
0.268729
0.269792
0.268965
0.269146
0.268921
0.269642
0.267496
0.268643
0.268675
0.266863
0.267126
0.266598
0.271197
0.266189
0.263109
0.269938
0.269452
0.271952
0.270420
0.270190
0.269681
0.269961
0.270521
0.270923
0.270044
0.272555
0.271478
0.272083
0.270913
0.270493
0.272197
0.271656
0.273179
0.273561
0.262473
0.264259
0.266833
0.265604
0.264750
0.265681
0.265877
0.266555
0.266413
0.260862
0.264441
0.263764
0.264105
0.266109
0.264905
0.260334
0.264718
0.264133
0.273437
0.264829
0.273233
0.272010
0.273110
0.271512
0.277686
0.278235
0.278629
0.271801
0.262541
0.261664
0.263000
0.263390
0.274305
0.262220
0.261349
0.269342
0.268265
0.265383
0.269978
0.263470
0.266635
0.264161
0.263046
0.268230
0.264942
0.262645
0.263283
0.265788
0.268143
0.264239
0.267194
0.269378
0.269369
0.265097
0.265732
0.264403
0.271175
0.077320
0.076288
0.072203
0.071905
0.071422
0.070369
0.070258
0.070095
0.070328
0.068755
0.069373
0.072214
0.067725
0.069965
0.067005
0.068730
0.071869
0.067430
0.067852
0.067905
0.067587
0.074129
0.076407
0.074962
0.102202
0.109459
0.124214
0.114989
0.123279
0.135640
0.147070
0.142817
0.136275
0.141014
0.132255
0.135202
0.147674
0.132226
0.135995
0.132120
0.139346
0.125431
0.124069
0.125754
0.150824
0.124710
0.124211
0.125480
0.123511
0.123647
0.122209
0.143805
0.127243
0.133745
0.130199
0.130047
0.129844
0.127582
0.129709
0.118402
0.120697
0.122310
0.149078
0.144692
0.137662
0.131366
0.134778
0.122615
0.122523
0.140030
0.121780
0.121873
0.119199
0.120059
0.123880
0.121173
0.120910
0.118747
0.121908
0.122114
0.120455
0.120949
0.123353
0.121214
0.120146
0.122369
0.126207
0.124696
0.124523
0.127283
0.253269
0.252287
0.252484
0.257112
0.258344
0.260364
0.259335
0.259637
0.259597
0.259940
0.251883
0.253526
0.252987
0.253355
0.252623
0.252742
0.253277
0.253649
0.253328
0.253714
0.254005
0.253931
0.253016
0.253160
0.253177
0.253112
0.265525
0.252514
0.265387
0.253575
0.260748
0.260650
0.260649
0.260570
0.260648
0.254551
0.254653
0.257567
0.253652
0.253751
0.253727
0.257092
0.251560
0.251401
0.250793
0.250373
0.249130
0.248725
0.248397
0.253138
0.259148
0.259129
0.260150
0.251739
0.255057
0.255166
0.258504
0.238462
0.238721
0.247699
0.240447
0.238776
0.239612
0.244816
0.243011
0.244372
0.244103
0.243482
0.244056
0.242618
0.247759
0.244424
0.245227
0.246529
0.249551
0.248041
0.250896
0.250242
0.248991
0.258951
0.254637
0.254582
0.250692
0.252802
0.259210
0.251041
0.251342
0.249473
0.253393
0.250811
0.245252
0.251891
0.243324
0.257706
0.257563
0.251600
0.251785
0.251586
0.259560
0.250506
0.249261
0.254719
0.249433
0.256917
0.250507
0.257073
0.249031
0.249010
0.255874
0.255784
0.249763
0.250744
0.250203
0.245333
0.247768
0.240866
0.239688
0.240536
0.240213
0.239022
0.239614
0.238883
0.218299
0.223403
0.222867
0.223686
0.223812
0.223357
0.223371
0.223371
0.223357
0.226436
0.227085
0.235465
0.235583
0.237278
0.233920
0.256124
0.233399
0.256362
0.256544
0.235096
0.257586
0.257586
0.257585
0.257337
0.257351
0.257351
0.257351
0.257080
0.257026
0.232253
0.230399
0.236223
0.237088
0.237333
0.236949
0.238515
0.237963
0.237856
0.237038
0.229893
0.237066
0.230229
0.229774
0.238316
0.238104
0.237886
0.237802
0.237954
0.250663
0.249200
0.248842
0.249781
0.251111
0.250721
0.250656
0.250914
0.251080
0.251121
0.251162
0.251366
0.251311
0.250781
0.250538
0.251218
0.250537
0.250732
0.251211
0.251076
0.251685
0.251779
0.251422
0.251419
0.251422
0.250685
0.264322
0.264818
0.273094
0.275859
0.189223
0.184269
0.182750
0.181428
0.163596
0.163065
0.175019
0.162971
0.162788
0.163154
0.156283
0.157297
0.155947
0.162429
0.161481
0.162552
0.163284
0.163069
0.158594
0.162032
0.162490
0.148085
0.161965
0.164322
0.172419
0.182032
0.185062
0.182611
0.179666
0.182787
0.174360
0.169817
0.154908
0.154198
0.156462
0.168338
0.169522
0.168683
0.169061
0.168801
0.169578
0.169265
0.160678
0.169552
0.169653
0.169310
0.169302
0.168387
0.169073
0.161428
0.161704
0.168133
0.168216
0.168008
0.167698
0.167801
0.166390
0.170623
0.167824
0.167937
0.167957
0.168234
0.168761
0.168248
0.170224
0.126135
0.120009
0.127044
0.125931
0.122315
0.161768
0.161973
0.160294
0.162469
0.161795
0.160802
0.160866
0.161470
0.161162
0.161448
0.159086
0.160445
0.161589
0.161781
0.161478
0.160573
0.161844
0.160443
0.162374
0.161800
0.162119
0.161743
0.160733
0.161153
0.160829
0.161482
0.161165
0.161056
0.127627
0.127117
0.156841
0.158179
0.157549
0.153956
0.135418
0.154792
0.157744
0.164057
0.144861
0.156940
0.158153
0.008164
0.008508
0.008458
0.008489
0.008524
0.008662
0.008555
0.008637
0.008611
0.008543
0.008579
0.008624
0.008546
0.008772
0.008669
0.008669
0.008676
0.008594
0.008592
0.008590
0.008672
0.009038
0.008921
0.008536
0.008422
0.008054
0.008051
0.008039
0.007936
0.007849
0.007935
0.007931
0.008075
0.008294
0.008699
0.008827
0.008847
0.008979
0.009011
0.009119
0.009165
0.009238
0.009268
0.009235
0.009264
0.009299
0.009293
0.009357
0.009455
0.009495
0.009495
0.009491
0.009472
0.009359
0.008739
0.008687
0.008614
0.009181
0.009128
0.009164
0.009182
0.009233
0.009174
0.009240
0.009181
0.009193
0.009194
0.009192
0.009094
0.009054
0.009024
0.008819
0.008856
0.008660
0.008756
0.008691
0.008490
0.008471
0.008348
0.008316
0.008251
0.008466
0.009369
0.010151
0.010744
0.011071
0.011113
0.011075
0.010977
0.010967
0.011003
0.010981
0.011062
0.010993
0.010987
0.011048
0.011060
0.011046
0.011017
0.010844
0.010541
0.009888
0.009507
0.009195
0.009347
0.009818
0.009789
0.009958
0.009881
0.009879
0.009842
0.009802
0.028081
0.104178
0.131245
0.197837
0.257047
0.239494
0.241685
0.240008
0.236579
0.228202
0.235205
0.225438
0.223767
0.220366
0.223003
0.223591
0.223135
0.231270
0.223119
0.231297
0.223069
0.220534
0.223624
0.221249
0.221402
0.223400
0.221297
0.217811
0.218967
0.218112
0.217204
0.216932
0.218539
0.218845
0.218316
0.218020
0.230396
0.230409
0.230428
0.230363
0.230335
0.230332
0.230336
0.230029
0.230240
0.230140
0.215923
0.230134
0.230169
0.230215
0.230021
0.230022
0.229938
0.230126
0.230079
0.230146
0.230182
0.230241
0.230255
0.230281
0.230288
0.230180
0.230009
0.230049
0.229867
0.230099
0.230552
0.230288
0.230297
0.230152
0.230151
0.230143
0.230518
0.230027
0.231251
0.230064
