0.120196
0.119202
0.119819
0.119557
0.120691
0.123555
0.122596
0.120950
0.121684
0.123355
0.122409
0.122937
0.122943
0.123038
0.120081
0.124579
0.126117
0.121543
0.118367
0.117778
0.115148
0.113779
0.114734
0.111001
0.109151
0.103266
0.102149
0.097623
0.097981
0.106385
0.101440
0.101349
0.099199
0.096058
0.086558
0.085560
0.083138
0.086717
0.085542
0.083889
0.081364
0.083936
0.104227
0.096842
0.094020
0.101910
0.096501
0.092845
0.094629
0.096739
0.094596
0.105216
0.102242
0.104074
0.095222
0.092795
0.085446
0.081431
0.080844
0.079764
0.081673
0.082477
0.083154
0.083551
0.082817
0.091478
0.092755
0.095523
0.097528
0.094761
0.098804
0.094107
0.096398
0.097504
0.097414
0.099579
0.100443
0.110338
0.105674
0.109430
0.108448
0.106651
0.106680
0.103040
0.101096
0.097745
0.096667
0.102579
0.100562
0.095181
0.089568
0.095338
0.097825
0.096443
0.091203
0.093196
0.096363
0.094787
0.091656
0.131484
0.133527
0.134589
0.121816
0.107355
0.118970
0.118407
0.103297
0.109445
0.112890
0.108132
0.104124
0.107776
0.110493
0.106614
0.105483
0.101288
0.110362
0.105046
0.102502
0.103767
0.101904
0.103672
0.107203
0.112593
0.109367
0.106112
0.110928
0.104349
0.114338
0.119394
0.113724
0.107675
0.110399
0.103564
0.107575
0.099771
0.102274
0.104420
0.103316
0.098897
0.100215
0.101292
0.094323
0.107190
0.108634
0.097121
0.099542
0.100149
0.100666
0.101232
0.089432
0.099517
0.109065
0.108803
0.099806
0.102721
0.102323
0.121006
0.117168
0.113378
0.105857
0.111217
0.108236
0.102438
0.054952
0.084400
0.062577
0.060446
0.067865
0.062591
0.065350
0.067634
0.183114
0.152956
0.061841
0.060318
0.058677
0.061324
0.056153
0.052750
0.056842
0.124819
0.053225
0.122542
0.051979
0.049563
0.058229
0.060073
0.072214
0.116713
0.171107
0.151880
0.156590
0.072811
0.073911
0.078038
0.085482
0.078656
0.074522
0.076400
0.076125
0.068879
0.067637
0.069078
0.066850
0.079103
0.085144
0.111630
0.060600
0.061411
0.066575
0.054410
0.101646
0.068484
0.053007
0.090570
0.054918
0.055209
0.170018
0.053900
0.049799
0.051363
0.060603
0.052960
0.052758
0.068145
0.118045
0.148400
0.083773
0.083390
0.133264
0.067553
0.110455
0.095107
0.041712
0.101872
0.042284
0.118223
0.043521
0.041514
0.076444
0.043122
0.129749
0.040968
0.090982
0.039666
0.043082
0.048272
0.043076
0.042094
0.041882
0.043163
0.041433
0.040574
0.039104
0.036906
0.041425
0.043900
0.043927
0.043735
0.044850
0.047050
0.046378
0.043977
0.045579
0.043080
0.043876
0.069608
0.047545
0.041517
0.042223
0.081251
0.084451
0.049751
0.390201
0.211582
0.150312
0.081716
0.331704
0.094185
0.115478
0.168184
0.288728
0.081516
0.062126
0.072658
0.178184
0.053235
0.083289
0.084184
0.090755
0.094798
0.090986
0.091064
0.079029
0.088684
0.079682
0.061922
0.121000
0.044443
0.043970
0.104314
0.044146
0.047303
0.092390
0.068618
0.058096
0.041769
0.195221
0.091286
0.047941
0.039243
0.037855
0.112830
0.045316
0.090997
0.049331
0.055030
0.051129
0.061546
0.060325
0.059368
0.060671
0.063018
0.061100
0.055931
0.054652
0.055498
0.055655
0.045003
0.044182
0.053995
0.044198
0.044621
0.045217
0.051367
0.061141
0.053920
0.060229
0.049880
0.048911
0.214200
0.054764
0.056817
0.054581
0.113302
0.081707
0.058737
0.110636
0.070938
0.072510
0.065664
0.071313
0.067844
0.055893
0.064803
0.151435
0.060806
0.071528
0.060796
0.056771
0.078475
0.059812
0.076620
0.213030
0.054880
0.131731
0.047227
0.045110
0.055172
0.091641
0.058188
0.055189
0.055817
0.055316
0.063562
0.064458
0.419600
0.052197
0.044199
0.051061
0.067193
0.065616
0.051555
0.059174
0.055247
0.046408
0.396642
0.070217
0.068732
0.056386
0.056546
0.052559
0.049749
0.046848
0.047801
0.055310
0.144886
0.052374
0.056140
0.060837
0.065323
0.072102
0.058297
0.053077
0.291987
0.058254
0.049515
0.046783
0.046317
0.041422
0.043465
0.055397
0.082589
0.076356
0.081392
0.082182
0.075861
0.094706
0.073593
0.066243
0.066344
0.066946
0.066349
0.065785
0.067709
0.067095
0.070751
0.063702
0.061067
0.064471
0.056594
0.051661
0.053703
0.071132
0.102014
0.070470
0.064387
0.067900
0.073920
0.075864
0.081061
0.071532
0.101869
0.118666
0.100498
0.107526
0.103722
0.094379
0.110174
0.037643
0.092410
0.083964
0.076716
0.074889
0.081514
0.079014
0.079044
0.095736
0.083032
0.071717
0.067667
0.068591
0.071222
0.082137
0.069228
0.067892
0.070995
0.057707
0.113452
0.056493
0.069255
0.055578
0.057425
0.072845
0.077857
0.079145
0.074824
0.110431
0.109416
0.114936
0.114892
0.105891
0.126464
0.125132
0.145027
0.153081
0.159313
0.110474
0.154628
0.146095
0.154901
0.130369
0.132830
0.140330
0.135237
0.139517
0.140465
0.138411
0.123389
0.145407
0.145221
0.162303
0.162936
0.170892
0.148613
0.142109
0.138374
0.147954
0.153903
0.186235
0.181449
0.153609
0.176361
0.139776
0.157999
0.166173
0.159789
0.160133
0.177987
0.121912
0.166038
0.150945
0.161219
0.139946
0.143690
0.142790
0.138654
0.140553
0.108675
0.110844
0.107197
0.109911
0.108760
0.098759
0.108131
0.106967
0.109402
0.111518
0.140071
0.131553
0.138291
0.091495
0.084676
0.102899
0.111177
0.106848
0.131302
0.087022
0.077630
0.096887
0.084510
0.086948
0.075415
0.161932
0.159576
0.174461
0.117828
0.118922
0.008612
0.008014
0.008034
0.005057
0.004856
0.004703
0.004237
0.003479
0.003152
0.003198
0.002597
0.002527
0.001910
0.001653
0.001861
0.001686
0.001671
0.001107
0.000905
0.001231
0.000977
0.001060
0.001211
0.000946
0.000765
0.000727
0.000524
0.000458
0.000324
0.000000
0.000334
0.000816
0.000801
0.001345
0.001622
0.002127
0.002541
0.002842
0.003129
0.003564
0.003565
0.003506
0.003508
0.003507
0.003508
0.003527
0.003517
0.003509
0.003508
0.003520
0.003509
0.003509
0.003510
0.003510
0.003511
0.003512
0.003510
0.003511
0.003510
0.003512
0.003512
0.003513
0.003513
0.003513
0.003513
0.003513
0.003512
0.003512
0.003512
0.003524
0.003524
0.003524
0.003524
0.003514
0.003523
0.003515
0.003514
0.003515
0.003516
0.003516
0.003516
0.003516
0.003516
0.003516
0.003516
0.003516
0.003516
0.003516
0.003516
0.003516
0.003516
0.003532
0.003532
0.003533
0.003533
0.003533
0.003533
0.003533
0.003533
0.003532
0.003524
0.003532
0.003523
0.003523
0.003539
0.003539
0.003539
0.003533
0.003532
0.003533
0.003532
0.003532
0.003531
0.003531
0.003531
0.003524
0.003524
0.003524
0.003524
0.003522
0.003521
0.003521
0.003521
0.003521
0.003518
0.078754
0.071884
0.073320
0.058167
0.162452
0.086592
0.154719
0.192469
0.072288
0.066411
0.138107
0.100666
0.049792
0.059212
0.049512
0.047916
0.195187
0.095263
0.052422
0.062521
0.286244
0.093474
0.055352
0.062346
0.154003
0.096697
0.108339
0.057778
0.085911
0.103604
0.070583
0.068765
0.061543
0.199071
0.166138
0.068621
0.132170
0.072134
0.069082
0.060928
0.059646
0.060587
0.233318
0.118927
0.062568
0.059471
0.197755
0.059225
0.061647
0.057936
0.086400
0.099011
0.061595
0.143413
0.053722
0.150082
0.095396
0.057196
0.153670
0.078444
0.088945
0.059918
0.096984
0.096526
0.055484
0.080076
0.067814
0.088684
0.154102
0.143502
0.065441
0.059104
0.083883
0.056271
0.080733
0.085939
0.064218
0.055343
0.205138
0.060693
0.048641
0.067596
0.136687
0.050508
0.044243
0.139063
0.048253
0.045043
0.126446
0.130261
0.046615
0.066693
0.042775
0.205151
0.042197
0.045038
0.073908
0.042036
0.044508
0.060958
0.142045
0.048084
0.112393
0.044796
0.128229
0.045615
0.044255
0.084799
0.059461
0.158652
0.139932
0.042346
0.073566
0.041480
0.092848
0.072768
0.055037
0.060320
0.060730
0.163713
0.058496
0.054215
0.195809
0.054086
0.155584
0.056742
0.055660
0.151571
0.045362
0.066831
0.048821
0.051381
0.075485
0.060379
0.133901
0.227301
0.055053
0.111353
0.041577
0.124059
0.039526
0.043118
0.188028
0.051325
0.202360
0.070539
0.063424
0.215865
0.063608
0.142973
0.055901
0.045949
0.161927
0.051974
0.089717
0.051459
0.055279
0.103717
0.057145
0.071056
0.060860
0.052491
0.090205
0.046171
0.067745
0.041736
0.044505
0.067747
0.045510
0.041617
0.034667
0.039902
0.040773
0.046438
0.039711
0.037820
0.045332
0.047989
0.154218
0.058965
0.065855
0.065703
0.060428
0.064022
0.062718
0.062127
0.061402
0.065826
0.058085
0.059696
0.054829
0.056995
0.056975
0.056262
0.060808
0.054902
0.055093
0.056826
0.056888
0.055721
0.051429
0.051346
0.051609
0.051039
0.050368
0.051248
0.050415
0.050263
0.050481
0.049669
0.049640
0.049960
0.049784
0.049850
0.049138
0.048989
0.048708
0.049498
0.049070
0.048761
0.048488
0.048454
0.048028
0.048220
0.048159
0.047710
0.047856
0.048271
0.048632
0.048353
0.048081
0.048502
0.048936
0.048501
0.049600
0.049669
0.049005
0.049229
0.050058
0.051431
0.051048
0.051121
0.051660
0.051660
0.051532
0.051536
0.051537
0.051537
0.051537
0.051543
0.051555
0.051555
0.051555
0.051664
0.051611
0.051612
0.051590
0.051769
0.051770
0.051764
0.051609
0.051234
0.051210
0.051159
0.051647
0.051092
0.051464
0.051492
0.051519
0.051518
0.051504
0.051687
0.051676
0.051676
0.051677
0.051672
0.051671
0.051671
0.051670
0.051525
0.051770
0.051769
0.051765
0.051665
0.051649
0.051742
0.051711
0.051602
0.051614
0.051728
0.051664
0.051646
0.051829
0.051838
0.051836
0.051812
0.051806
0.051816
0.051824
0.051824
0.051817
0.051824
0.051824
0.051774
0.051811
0.051640
0.051726
0.051533
0.051531
0.051722
0.051743
0.051675
0.051628
0.051623
0.051607
0.051715
0.051449
0.051460
0.051451
0.051451
0.051450
0.051457
0.051458
0.051458
0.051458
0.051474
0.051473
0.051473
0.051673
0.051416
0.051438
0.051433
0.051434
0.051443
0.051421
0.051523
0.051139
0.051798
0.051652
0.051632
0.051614
0.051637
0.051553
0.051640
0.051638
0.051639
0.051638
0.051638
0.051637
0.051547
0.051547
0.051547
0.051546
0.051457
0.051549
0.051318
0.051320
0.051407
0.051457
0.051445
0.051585
0.051424
0.051534
0.051561
0.051139
0.051390
0.051543
0.051291
0.501264
0.505859
0.475760
0.246586
0.480202
0.498699
0.435888
0.479263
0.247963
0.248757
0.501805
0.241891
0.437445
0.246011
0.467395
0.233735
0.232476
0.236834
0.496434
0.477694
0.431841
0.492132
0.330565
0.233059
0.255819
0.485509
0.462278
0.434344
0.230706
0.494649
0.223076
0.476824
0.487465
0.477877
0.224529
0.227180
0.485802
0.408377
0.470017
0.458417
0.354691
0.224699
0.223816
0.247059
0.376799
0.470336
0.426305
0.394734
0.353850
0.256713
0.462965
0.486263
0.463667
0.231207
0.479433
0.266189
0.473708
0.234369
0.456573
0.494601
0.229188
0.485915
0.318693
0.227770
0.221782
0.223558
0.468337
0.484417
0.430883
0.219637
0.224265
0.218382
0.484167
0.459306
0.458444
0.494926
0.215254
0.217571
0.479674
0.230515
0.482079
0.225131
0.455505
0.497564
0.454458
0.459937
0.467419
0.229006
0.220933
0.455498
0.416094
0.466561
0.416738
0.488105
0.470684
0.237989
0.464054
0.474098
0.470504
0.236721
0.238516
0.316959
0.477600
0.453382
0.482834
0.340073
0.226741
0.234901
0.484876
0.470378
0.476839
0.328991
0.236460
0.170754
0.218973
0.156561
0.144449
0.224553
0.285624
0.214430
0.216128
0.224293
0.169449
0.168442
0.169518
0.216581
0.159287
0.136489
0.223521
0.155698
0.139386
0.236951
0.150684
0.162097
0.108808
0.221390
0.119722
0.186654
0.125455
0.119994
0.286168
0.237069
0.130409
0.137211
0.134200
0.242834
0.161668
0.305839
0.150482
0.155111
0.174062
0.240047
0.245340
0.421895
0.342441
0.466691
0.368408
0.267344
0.230453
0.493044
0.246977
0.251262
0.253802
0.265247
0.268719
0.505913
0.400083
0.262499
0.504415
0.269273
0.271750
0.351022
0.506892
0.453725
0.450614
0.276827
0.498525
0.276656
0.491692
0.434771
0.271882
0.409597
0.471381
0.278090
0.488813
0.281672
0.282880
0.283534
0.062111
0.060837
0.061980
0.060238
0.059553
0.075466
0.059681
0.154754
0.059743
0.057802
0.062077
0.059312
0.059112
0.058698
0.059458
0.059145
0.058530
0.059648
0.057021
0.058206
0.059834
0.056857
0.059674
0.060545
0.073867
0.060058
0.174687
0.059699
0.060199
0.059186
0.057529
0.063425
0.057479
0.197728
0.053567
0.055102
0.054090
0.054726
0.053185
0.312001
0.052379
0.146440
0.180695
0.176868
0.043686
0.047936
0.053845
0.225421
0.045391
0.047408
0.042464
0.049925
0.051806
0.052255
0.049986
0.053283
0.051721
0.071500
0.076745
0.070750
0.159391
0.058153
0.052300
0.052162
0.054994
0.055212
0.040442
0.072924
0.044689
0.047645
0.047168
0.045651
0.049512
0.056646
0.055828
0.053744
0.054666
0.053603
0.052204
0.056090
0.059341
0.051590
0.060853
0.044332
0.043480
0.388365
0.054492
0.122911
0.042033
0.053441
0.212266
0.323935
0.069579
0.032410
0.034509
0.078912
0.044522
0.034883
0.207708
0.039480
0.079264
0.036730
0.031603
0.109009
0.294226
0.034779
0.060027
0.249687
0.032895
0.033016
0.028763
0.029018
0.031880
0.060445
0.032627
0.032375
0.038009
0.059556
0.036290
0.041791
0.038960
0.042413
0.047769
0.049316
0.050453
0.055680
0.095682
0.043479
0.043550
0.049179
0.096775
0.083879
0.045860
0.041798
0.039524
0.042220
0.050668
0.074475
0.050685
0.072370
0.040778
0.041202
0.057694
0.051699
0.115957
0.144267
0.043765
0.051347
0.091376
0.042264
0.106476
0.048430
0.045592
0.124779
0.052948
0.135095
0.042365
0.062148
0.041915
0.060154
0.042868
0.153384
0.037664
0.043766
0.057047
0.070280
0.074335
0.073124
0.094937
0.103197
0.088955
0.081258
0.077935
0.076672
0.080385
0.081467
0.076619
0.075657
0.080887
0.073679
0.069718
0.082054
0.079060
0.072286
0.069314
0.099974
0.089861
0.096332
0.101500
0.091793
0.075956
0.079701
0.079615
0.088985
0.079640
0.083733
0.087880
0.085179
0.103016
0.135110
0.077188
0.065005
0.105944
0.081780
0.059460
0.060639
0.058837
0.064404
0.062387
0.065055
0.045864
0.053855
0.053117
0.053784
0.055294
0.062053
0.052951
0.053963
0.053220
0.054542
0.054857
0.124382
0.053836
0.053205
0.053231
0.054466
0.077435
0.047271
0.079548
0.069434
0.077640
0.073149
0.088318
0.093954
0.092553
0.093041
0.095364
0.097729
0.097484
0.060437
0.060638
0.064267
0.070020
0.063024
0.075458
0.078316
0.080650
0.083922
0.095252
0.078416
0.074901
0.138902
0.066480
0.107945
0.070977
0.075827
0.050301
0.052396
0.051079
0.045289
0.042901
0.046286
0.107478
0.038242
0.121663
0.036610
0.045470
0.042973
0.046327
0.049433
0.045764
0.143678
0.042409
0.081717
0.043086
0.049379
0.049997
0.048858
0.268636
0.044294
0.045668
0.053137
0.049447
0.050250
0.062473
0.057982
0.059315
0.065432
0.057760
0.049675
0.054543
0.062512
0.061323
0.060519
0.058205
0.056816
0.063015
0.063951
0.197769
0.072662
0.068565
0.073081
0.093955
0.178892
0.111746
0.105123
0.105693
0.109251
0.092204
0.091423
0.093352
0.091557
0.095463
0.102761
0.101057
0.097151
0.098737
0.098206
0.242566
0.087470
0.087095
0.085117
0.095618
0.095858
0.095570
0.097691
0.095158
0.093322
0.094055
0.087391
0.087831
0.088929
0.091761
0.088232
0.090926
0.092068
0.101183
0.086147
0.098565
0.099000
0.103771
0.103662
0.113716
0.109628
0.111219
0.111908
0.110602
0.112950
0.110805
0.119750
0.118710
0.120718
0.120267
0.111703
0.116192
0.115007
0.116820
0.131433
0.116859
0.121187
0.117769
0.118479
0.116244
0.119838
0.121130
0.122212
0.122170
0.123118
0.123639
0.121919
0.119933
0.121125
0.122086
0.121396
0.121488
0.120760
0.120671
0.137005
0.137647
0.135141
0.123683
0.136868
0.136864
0.122833
0.133872
0.134163
0.134352
0.124548
0.123968
0.134049
0.121503
0.135058
0.136533
0.135206
0.135390
0.135648
0.133719
0.135253
0.135338
0.135342
0.137193
0.138662
0.136975
0.138798
0.123318
0.123796
0.123783
0.123469
0.135516
0.135771
0.137948
0.136528
0.135612
0.122772
0.122474
0.122787
0.122791
0.122717
0.121939
0.138770
0.135256
0.135397
0.135955
0.124088
0.124925
0.124741
0.137998
0.122589
0.122812
0.122813
0.122513
0.122643
0.122699
0.122697
0.136769
0.135776
0.135203
0.135613
0.135882
0.135177
0.134942
0.134942
0.134860
0.134862
0.137323
0.136110
0.135139
0.097857
0.116044
0.108256
0.114245
0.109582
0.117866
0.099757
0.104677
0.119387
0.120341
0.109480
0.104642
0.104440
0.109736
0.114991
0.125599
0.130648
0.130555
0.130457
0.134033
0.108379
0.106097
0.103786
0.107823
0.105038
0.108863
0.108234
0.122462
0.124731
0.106033
0.110561
0.111348
0.110261
0.099492
0.091814
0.092447
0.102595
0.091598
0.102664
0.091121
0.096261
0.089830
0.097768
0.098137
0.098923
0.102311
0.101426
0.105055
0.104574
0.106941
0.104399
0.103509
0.101857
0.103111
0.103046
0.099929
0.103689
0.104451
0.109810
0.107313
0.107313
0.112750
0.110151
0.112962
0.106189
0.110721
0.116017
0.112482
0.112048
0.116893
0.113389
0.113704
0.119880
0.121660
0.119580
0.120982
0.120459
0.119475
0.125461
0.124948
0.124291
0.127081
0.129663
0.127131
0.126154
0.124081
0.128068
0.131796
0.130203
0.129981
0.129975
0.128564
0.127884
0.125534
0.129725
0.126180
0.125061
0.124047
0.123751
0.120181
0.119205
0.121980
0.112745
0.109545
0.110693
0.104167
0.104559
0.098382
0.099298
0.096731
0.095430
0.103911
0.103598
0.106274
0.108928
0.108189
0.109450
0.105833
0.102855
0.102140
0.191159
0.177378
0.174795
0.175104
0.171812
0.168894
0.187692
0.177376
0.169417
0.175956
0.191558
0.170620
0.175825
0.175127
0.192183
0.181207
0.195916
0.190264
0.194670
0.183645
0.185805
0.181156
0.177473
0.177435
0.192816
0.183537
0.193687
0.182858
0.180872
0.179292
0.196312
0.191539
0.185292
0.198013
0.199620
0.201302
0.191325
0.186855
0.204771
0.192172
0.183285
0.208954
0.204966
0.209310
0.202987
0.200489
0.200535
0.188655
0.187276
0.184446
0.183715
0.180214
0.181628
0.180994
0.177977
0.180726
0.181490
0.181030
0.181236
0.179960
0.179774
0.182913
0.175801
0.178499
0.176792
0.173873
0.175149
0.178072
0.179161
0.197871
0.205758
0.204187
0.210470
0.212248
0.209577
0.210294
0.201872
0.206070
0.095852
0.075462
0.073476
0.072014
0.071764
0.070678
0.072375
0.074176
0.072510
0.080422
0.090573
0.086908
0.091089
0.089388
0.090863
0.131091
0.092301
0.083940
0.074348
0.086297
0.080233
0.076470
0.075551
0.071252
0.066044
0.063538
0.067557
0.060163
0.062044
0.064455
0.075938
0.082189
0.078916
0.077224
0.077920
0.087337
0.088047
0.088252
0.090739
0.092133
0.068481
0.073046
0.084580
0.089221
0.084394
0.078699
0.080129
0.080607
0.085285
0.090047
0.082355
0.075632
0.076049
0.085394
0.080313
0.082964
0.084431
0.089528
0.099549
0.097906
0.104945
0.102581
0.098855
0.099522
0.100553
0.098673
0.098143
0.095264
0.090967
0.101863
0.104203
0.093133
0.084102
0.079342
0.082047
0.083902
0.090090
0.085886
0.083123
0.088445
0.091875
0.088869
0.078412
0.072401
0.074503
0.091722
0.091635
0.109740
0.104910
0.106042
0.083327
0.067253
0.066989
0.087483
0.089618
0.147367
0.135484
0.117044
0.127102
0.132545
0.130280
0.117567
0.118117
0.108726
0.105089
0.109311
0.108531
0.106809
0.143291
0.105003
0.123599
0.112592
0.119044
0.121221
0.115011
0.114573
0.065657
0.068419
0.067316
0.049276
0.036825
0.052822
0.052139
0.061256
0.064204
0.042769
0.038870
0.075049
0.047091
0.047260
0.073225
0.090965
0.087653
0.073698
0.075251
0.075645
0.039197
0.034500
0.095882
0.089192
0.089931
0.039573
0.048713
0.073185
0.065027
0.081384
0.082740
0.090534
0.085290
0.100452
0.091868
0.096254
0.130377
0.133358
0.141243
0.111598
0.129146
0.139283
0.135223
0.131202
0.120816
0.105964
0.082561
0.070591
0.044425
0.046725
0.062017
0.056631
0.055520
0.055300
0.063890
0.051760
0.048798
0.057340
0.061653
0.084971
0.077218
0.096197
0.093483
0.101991
0.075445
0.071657
0.072029
0.068367
0.061697
0.054109
0.045250
0.053620
0.047909
0.045826
0.048190
0.050750
0.048124
0.054750
0.051427
0.051457
0.054483
0.061854
0.063603
0.069185
0.071674
0.054682
0.074136
0.075438
0.064130
0.059238
0.062049
0.071238
0.063798
0.062262
0.066794
0.047619
0.043287
0.060192
0.057028
0.055317
0.055881
0.059825
0.065087
0.072355
0.079162
0.079395
0.086011
0.100046
0.057655
0.057554
0.036176
0.047093
0.057429
0.037688
0.052541
0.068817
0.070297
0.070549
0.062731
0.065659
0.078336
0.073098
0.092015
0.089744
0.071627
0.073748
0.076325
0.079269
0.074822
0.074043
0.079035
0.075053
0.076451
0.102388
0.085162
0.100326
0.127425
0.103069
0.129126
0.131275
0.129724
0.125003
0.122401
0.109068
0.117497
0.142580
0.102155
0.103763
0.123042
0.175252
0.110696
0.116413
0.140427
0.098344
0.119584
0.125645
0.125736
0.122454
0.123042
0.121089
0.127431
0.128868
0.106658
0.140412
0.128629
0.122584
0.134389
0.114030
0.124673
0.124672
0.124024
0.113839
0.129128
0.114350
0.117755
0.122624
0.124213
0.117204
0.122321
0.125070
0.122210
0.129342
0.117537
0.108847
0.105709
0.104417
0.108283
0.106390
0.112149
0.118137
0.118700
0.114283
0.103305
0.100987
0.157880
0.207857
0.114197
0.170028
0.111166
0.109011
0.116450
0.112435
0.112259
0.110999
0.126547
0.124629
0.120431
0.081489
0.120482
0.106298
0.126165
0.129639
0.143788
0.130122
0.128108
0.114009
0.121073
0.128806
0.120054
0.112479
0.096797
0.095436
0.083736
0.077013
0.109819
0.083511
0.111848
0.081243
0.081234
0.087859
0.084456
0.082070
0.082030
0.127900
0.087409
0.092651
0.084910
0.088431
0.087463
0.118708
0.120132
0.109096
0.102320
0.109907
0.104137
0.097951
0.094462
0.097464
0.100090
0.109064
0.104642
0.115382
0.107831
0.105120
0.118501
0.107105
0.108592
0.106954
0.101047
0.091936
0.083895
0.080911
0.108644
0.122534
0.119000
0.111830
0.082658
0.108089
0.084778
0.081757
0.082299
0.097431
0.098978
0.095575
0.112374
0.101549
0.101399
0.094110
0.102817
0.102009
0.115020
0.106088
0.125684
0.101416
0.098099
0.115488
0.097552
0.104021
0.120324
0.115059
0.106873
0.110419
0.151398
0.119217
0.112255
0.111873
0.119696
0.113874
0.111221
0.107816
0.104103
0.125684
0.102501
0.105844
0.090659
0.112012
0.091358
0.093545
0.089795
0.127514
0.089563
0.087574
0.183406
0.135647
0.124266
0.096044
0.091736
0.090626
0.088702
0.087692
0.092072
0.085503
0.086331
0.092613
0.103061
0.103995
0.100795
0.076081
0.077964
0.090556
0.100874
0.093998
0.079557
0.080457
0.098784
0.069972
0.069799
0.078215
0.063146
0.060523
0.063806
0.064646
0.061817
0.059870
0.061921
0.106805
0.056179
0.063003
0.055822
0.066116
0.074575
0.083344
0.069053
0.107295
0.143940
0.124270
0.152732
0.065046
0.061119
0.067681
0.074261
0.075292
0.079384
0.064818
0.099103
0.081059
0.052514
0.077904
0.047677
0.077731
0.047976
0.048931
0.049124
0.056512
0.068284
0.068700
0.072860
0.074792
0.084952
0.126093
0.077897
0.188640
0.126406
0.092672
0.091385
0.095635
0.195759
0.084527
0.077235
0.123936
0.114968
0.115083
0.080950
0.200204
0.078880
0.080019
0.140027
0.132159
0.100965
0.087660
0.089895
0.090159
0.099763
0.092061
0.090373
0.100522
0.095684
0.101933
0.094003
0.097943
0.091086
0.092737
0.107555
0.125956
0.125453
0.135340
0.129808
0.160636
0.143621
0.164028
0.141966
0.138034
0.126293
0.130951
0.116789
0.122148
0.115123
0.112719
0.112032
0.107048
0.113913
0.110032
0.101635
0.113143
0.113877
0.118187
0.116055
0.114407
0.121816
0.108344
0.111551
0.116223
0.119495
0.115976
0.104694
0.097491
0.089634
0.113711
0.118975
0.121871
0.101269
0.096754
0.093975
0.095559
0.094149
0.099157
0.079517
0.102866
0.108917
0.111066
0.113153
0.112226
0.136133
0.102958
0.094407
0.094487
0.100632
0.114095
0.131544
0.100748
0.125421
0.097787
0.107849
0.134135
0.095497
0.093209
0.087856
0.086999
0.116345
0.110604
0.112798
0.091002
0.103080
0.099180
0.106947
0.087955
0.082277
0.084029
0.087672
0.089095
0.090462
0.102291
0.096618
0.087533
0.084253
0.088895
0.086117
0.096993
0.099316
0.093032
0.102370
0.106903
0.096659
0.096268
0.089145
0.083853
0.078997
0.096329
0.106781
0.087472
0.086225
0.132253
0.092848
0.083481
0.097523
0.102510
0.112630
0.112866
0.095955
0.109902
0.097547
0.097755
0.105645
0.093323
0.118766
0.115941
0.141681
0.118465
0.128713
0.115652
0.107416
0.132169
0.122494
0.150311
0.107522
0.110408
0.109888
0.120135
0.111786
0.114035
0.114300
0.126913
0.133872
0.114123
0.113991
0.107695
0.105293
0.119066
0.106013
0.106263
0.103629
0.111240
0.103365
0.096629
0.103057
0.113619
0.158293
0.098457
0.099726
0.098518
0.099783
0.092448
0.098905
0.112745
0.101863
0.093421
0.095591
0.091923
0.094356
0.093455
0.143465
0.099275
0.092205
0.091995
0.094515
0.099282
0.097265
0.120947
0.120760
0.101317
0.118743
0.104559
0.104221
0.116173
0.109601
0.100116
0.114170
0.101066
0.104598
0.105437
0.104643
0.103209
0.100217
0.100402
0.122140
0.101747
0.102059
0.101983
0.101143
0.103579
0.104367
0.105294
0.105942
0.107532
0.103877
0.102716
0.111544
0.113673
0.115179
0.105618
0.113285
0.114161
0.115311
0.114612
0.114743
0.119934
0.116829
0.124491
0.116783
0.111177
0.147064
0.114723
0.142048
0.118916
0.117358
0.126863
0.124069
0.113761
0.122721
0.121783
0.128574
0.119971
0.114723
0.138248
0.119373
0.134613
0.124043
0.122016
0.147949
0.118206
0.129631
0.125765
0.125553
0.123334
0.131564
0.141605
0.122206
0.113819
0.127635
0.117516
0.118868
0.131246
0.111725
0.116486
0.118802
0.135528
0.117139
0.132604
0.146008
0.129373
0.100647
0.096951
0.105665
0.102170
0.116701
0.112236
0.117295
0.105198
0.098024
0.098450
0.101772
0.088703
0.107549
0.098137
0.082631
0.115680
0.088506
0.090842
0.083589
0.078141
0.073378
0.086622
0.080387
0.082240
0.076170
0.082911
0.087593
0.097491
0.093036
0.095261
0.095442
0.097398
0.098042
0.107869
0.108325
0.108314
0.105907
0.107995
0.103394
0.101736
0.129979
0.150154
0.100653
0.097373
0.103003
0.104861
0.118581
0.126076
0.126925
0.128778
0.151875
0.155744
0.141056
0.138932
0.115464
0.121773
0.121385
0.112896
0.105113
0.106804
0.131095
0.138879
0.132247
0.134843
0.100279
0.075786
0.087493
0.079188
0.078648
0.080215
0.071368
0.073807
0.079112
0.074996
0.075351
0.074107
0.064418
0.066515
0.064084
0.066577
0.064920
0.070553
0.073033
0.071314
0.067448
0.068880
0.069598
0.069712
0.069608
0.071966
0.080661
0.080510
0.074582
0.077268
0.073715
0.076199
0.067794
0.068246
0.071292
0.072987
0.074590
0.080286
0.083108
0.087098
0.087030
0.086948
0.084754
0.084394
0.084569
0.080448
0.079205
0.075444
0.078848
0.077874
0.089479
0.073045
0.062165
0.068455
0.070280
0.066139
0.065864
0.068658
0.079803
0.079020
0.074006
0.071930
0.077823
0.079686
0.080174
0.085622
0.087568
0.084930
0.083925
0.081543
0.084346
0.085205
0.084158
0.082290
0.084857
0.084671
0.087525
0.088284
0.086573
0.084566
0.080565
0.076376
0.070209
0.057892
0.057590
0.063251
0.056732
0.071708
0.057272
0.063441
0.056842
0.058209
0.058564
0.057817
0.059109
0.059794
0.079577
0.084794
0.089376
0.088401
0.090718
0.094085
0.090481
0.090241
0.089659
0.087850
0.086937
0.087823
0.086974
0.087937
0.088960
0.092744
0.091678
0.104256
0.098041
0.105574
0.098737
0.099480
0.105214
0.098602
0.096769
0.093695
0.094899
0.093640
0.090943
0.092636
0.089731
0.095310
0.086169
0.085657
0.087488
0.087811
0.088142
0.092190
0.088308
0.084604
0.085558
0.074651
0.078899
0.084778
0.077954
0.084877
0.082072
0.085437
0.091612
0.086327
0.086242
0.090072
0.088375
0.090557
0.091099
0.099665
0.090076
0.095324
0.085675
0.083250
0.099230
0.140324
0.129627
0.088484
0.099393
0.076572
0.106582
0.110628
0.114079
0.109475
0.112747
0.115768
0.111688
0.108629
0.106999
0.102526
0.087217
0.086785
0.078487
0.105520
0.107234
0.104547
0.122270
0.124555
0.101833
0.113698
0.108924
0.104664
0.105119
0.101464
0.085559
0.094608
0.092609
0.098440
0.099257
0.116131
0.115020
0.131505
0.132846
0.114112
0.147303
0.129628
0.171955
0.166463
0.146500
0.162044
0.150792
0.158514
0.133992
0.131668
0.113540
0.106448
0.107759
0.104873
0.111095
0.103467
0.085372
0.083931
0.086335
0.055184
0.061368
0.076306
0.071525
0.106978
0.111074
0.145838
0.159898
0.175312
0.176011
0.205717
0.177655
0.192949
0.169110
0.164228
0.160670
0.145727
0.144167
0.136613
0.160869
0.130019
0.128690
0.127315
0.110930
0.113570
0.109284
0.104773
0.088701
0.087476
0.078045
0.071691
0.080114
0.074940
0.090369
0.088751
0.083033
0.102541
0.101927
0.068858
0.115758
0.114850
0.112673
0.083881
0.092496
0.105570
0.108327
0.091815
0.089555
0.086487
0.091066
0.094220
0.095289
0.094001
0.090311
0.087302
0.113267
0.086565
0.083092
0.073056
0.061574
0.064162
0.154001
0.083076
0.086685
0.081501
0.102246
0.101489
0.092737
0.097758
0.120716
0.099051
0.121941
0.090597
0.083760
0.118336
0.100391
0.112441
0.148982
0.099148
0.179127
0.105536
0.104639
0.126019
0.122662
0.175169
0.096874
0.132217
0.157385
0.104696
0.132965
0.111481
0.100884
0.096932
0.105989
0.087265
0.127579
0.139121
0.148054
0.067644
0.108136
0.081189
0.171232
0.082850
0.086717
0.072446
0.073380
0.163065
0.085965
0.062187
0.112832
0.114567
0.114567
0.074010
0.104432
0.096276
0.073009
0.064969
0.067517
0.045945
0.047176
0.071505
0.123567
0.090463
0.072482
0.057352
0.071704
0.095411
0.057675
0.077831
0.080381
0.077591
0.064597
0.113865
0.111551
0.104568
0.089862
0.100364
0.105631
0.075315
0.079764
0.084362
0.103814
0.070205
0.094344
0.091712
0.074120
0.073381
0.155923
0.082462
0.087141
0.071001
0.089040
0.089434
0.087230
0.094298
0.096615
0.123237
0.115878
0.129329
0.126053
0.142063
0.130907
0.136463
0.173027
0.187664
0.214076
0.137634
0.134654
0.186774
0.146575
0.156614
0.160740
0.154740
0.169461
0.137005
0.122444
0.137946
0.111919
0.139558
0.120394
0.109402
0.113780
0.110555
0.128349
0.118879
0.110741
0.133831
0.086910
0.083248
0.078020
0.112791
0.112188
0.078602
0.076016
0.075519
0.079825
0.078547
0.078559
0.088880
0.075600
0.079889
0.078440
0.078443
0.088456
0.075948
0.078646
0.080504
0.081001
0.086926
0.085285
0.092416
0.094719
0.067706
0.067858
0.071101
0.072799
0.069732
0.065359
0.063469
0.067298
0.078838
0.055813
0.119177
0.062662
0.061221
0.060328
0.057972
0.059374
0.054519
0.055787
0.085086
0.059416
0.058067
0.060000
0.052102
0.050115
0.056913
0.060503
0.080369
0.070270
0.075742
0.062105
0.052128
0.047148
0.053768
0.047222
0.086571
0.058257
0.093772
0.051118
0.047196
0.053011
0.057949
0.055677
0.064031
0.066982
0.060842
0.073155
0.071166
0.078372
0.063514
0.061198
0.047510
0.050003
0.144365
0.170929
0.171232
0.180155
0.159541
0.171365
0.176052
0.175858
0.124613
0.112679
0.094088
0.079441
0.065405
0.052285
0.046764
0.037334
0.059099
0.070572
0.073906
0.074088
0.078366
0.081322
0.095283
0.083031
0.082731
0.079665
0.081737
0.084880
0.075962
0.075943
0.073656
0.070235
0.067254
0.066281
0.074109
0.077562
0.066696
0.063036
0.064322
0.064863
0.069695
0.077365
0.074776
0.123500
0.074171
0.073325
0.073069
0.071468
0.060445
0.070907
0.102588
0.068288
0.065832
0.065682
0.072028
0.071958
0.106002
0.062448
0.066534
0.068238
0.066382
0.065853
0.065470
0.062467
0.061421
0.065155
0.133431
0.062464
0.068475
0.061958
0.072930
0.069322
0.076204
0.130601
0.060946
0.074374
0.063131
0.062093
0.132744
0.061483
0.060281
0.057899
0.056578
0.059947
0.076225
0.069424
0.138728
0.097563
0.069238
0.070812
0.075891
0.070193
0.066259
0.109473
0.077128
0.058874
0.060509
0.066951
0.062895
0.064967
0.076299
0.168402
0.127332
0.133345
0.116846
0.096072
0.092132
0.095416
0.096941
0.113235
0.071942
0.069467
0.110677
0.061254
0.065255
0.063389
0.061989
0.070190
0.069745
0.073991
0.077670
0.083070
0.079126
0.073165
0.076773
0.072230
0.074039
0.075608
0.078161
0.082819
0.093675
0.077858
0.069521
0.145092
0.069159
0.072469
0.075213
0.080464
0.135265
0.085631
0.096582
0.071789
0.073938
0.082288
0.078703
0.083766
0.070141
0.091795
0.077926
0.079469
0.081245
0.074475
0.082923
0.078674
0.077103
0.078559
0.079111
0.071740
0.072484
0.074852
0.069843
0.062951
0.061927
0.118777
0.066155
0.060160
0.067510
0.067943
0.109746
0.070850
0.059244
0.061335
0.063341
0.122468
0.071492
0.060854
0.064803
0.065707
0.064157
0.065540
0.072822
0.065996
0.064286
0.170121
0.110737
0.058414
0.055712
0.059633
0.059077
0.109545
0.060493
0.066533
0.132385
0.065121
0.062936
0.060009
0.059324
0.077859
0.061558
0.065946
0.065148
0.063731
0.067551
0.065526
0.068862
0.064650
0.079966
0.070708
0.070854
0.072584
0.072747
0.079001
0.071813
0.103764
0.082532
0.074231
0.072592
0.074409
0.069901
0.057944
0.081275
0.057846
0.058761
0.066131
0.049870
0.057274
0.059062
0.087753
0.060694
0.068554
0.059743
0.059657
0.060358
0.059932
0.060960
0.060780
0.050641
0.061010
0.058064
0.058843
0.045158
0.057798
0.046265
0.041735
0.048406
0.046599
0.044257
0.051331
0.058358
0.054738
0.055452
0.053256
0.053735
0.062299
0.062247
0.060742
0.064208
0.079127
0.083505
0.093903
0.075553
0.067935
0.037637
0.047873
0.042362
0.041908
0.040824
0.038308
0.040771
0.043625
0.046946
0.038412
0.042222
0.043024
0.043864
0.052730
0.047847
0.049807
0.050396
0.046501
0.045837
0.045269
0.040232
0.053323
0.054426
0.055075
0.056084
0.050357
0.051684
0.050659
0.048863
0.052748
0.045537
0.051001
0.050207
0.049158
0.052125
0.047163
0.042761
0.043704
0.045749
0.042760
0.045383
0.045383
0.039723
0.040021
0.048028
0.053673
0.049086
0.049199
0.051143
0.050274
0.050655
0.051158
0.057015
0.055476
0.057000
0.056189
0.057587
0.056995
0.057270
0.058335
0.055917
0.054840
0.056311
0.058107
0.055735
0.055540
0.053768
0.056959
0.053370
0.074551
0.064213
0.069091
0.060113
0.063983
0.067553
0.057251
0.067529
0.059286
0.058441
0.058075
0.054027
0.093465
0.084471
0.056622
0.059889
0.059494
0.065459
0.062403
0.070292
0.075551
0.087852
0.069458
0.066953
0.067779
0.066900
0.067954
0.067389
0.066119
0.066811
0.064105
0.066082
0.069188
0.063965
0.047868
0.048204
0.046855
0.045352
0.043685
0.046112
0.077230
0.046218
0.048859
0.048995
0.047923
0.049950
0.048795
0.052373
0.071710
0.071330
0.077538
0.081833
0.079805
0.052631
0.074896
0.073714
0.068298
0.065954
0.078434
0.063277
0.070433
0.066086
0.062766
0.046873
0.084847
0.133249
0.081303
0.082159
0.131581
0.142804
0.087566
0.091963
0.091812
0.082426
0.097832
0.131816
0.094300
0.100967
0.095663
0.098703
0.099367
0.116880
0.118235
0.057724
0.055356
0.070416
0.069784
0.068029
0.064902
0.065126
0.066381
0.065044
0.064776
0.070110
0.073578
0.073263
0.071289
0.076620
0.088351
0.179663
0.169563
0.082906
0.101510
0.107143
0.111065
0.111920
0.115046
0.110154
0.091982
0.091590
0.068718
0.059426
0.102916
0.104837
0.072873
0.103133
0.107499
0.114482
0.145652
0.161992
0.056917
0.071308
0.082027
0.079910
0.070741
0.079303
0.079981
0.082026
0.079250
0.079167
0.060569
0.057526
0.067070
0.056624
0.079816
0.063788
0.063325
0.078002
0.073810
0.069736
0.085102
0.064571
0.064341
0.107994
0.110088
0.114388
0.122033
0.124930
0.111198
0.204126
0.219124
0.180007
0.194973
0.255073
0.288278
0.260841
0.214860
0.180867
0.140640
0.153911
0.177445
0.180814
0.169911
0.152721
0.132392
0.121662
0.073961
0.064370
0.088982
0.133443
0.127280
0.126189
0.100994
0.092582
0.051194
0.058188
0.061579
0.062566
0.066474
0.064069
0.062037
0.060314
0.063499
0.060874
0.066799
0.071817
0.065021
0.067151
0.059430
0.056474
0.056857
0.056659
0.056668
0.062966
0.059231
0.061741
0.057050
0.057760
0.064268
0.060629
0.057688
0.063134
0.073375
0.067798
0.058533
0.061173
0.067152
0.061864
0.065082
0.065429
0.067878
0.069375
0.073095
0.070819
0.058383
0.066638
0.065943
0.067010
0.067009
0.062078
0.061438
0.056348
0.054767
0.056061
0.054765
0.077631
0.069879
0.066010
0.074534
0.068515
0.065086
0.064408
0.064412
0.072864
0.071176
0.071406
0.068856
0.066543
0.069121
0.069037
0.071568
0.050793
0.073721
0.070669
0.070192
0.072974
0.078683
0.076183
0.074126
0.074714
0.077443
0.072827
0.071032
0.082991
0.072110
0.070995
0.058452
0.057482
0.058314
0.059513
0.058373
0.054747
0.051322
0.051177
0.043771
0.043941
0.041067
0.042019
0.044463
0.042234
0.038843
0.041537
0.044376
0.044426
0.042935
0.044492
0.048420
0.046992
0.046777
0.046220
0.043242
0.041294
0.050929
0.053063
0.053091
0.056369
0.067193
0.047092
0.048484
0.064829
0.051252
0.053882
0.061804
0.053858
0.049354
0.048306
0.052670
0.061812
0.063252
0.071908
0.062317
0.075783
0.071676
0.091079
0.088304
0.095175
0.103720
0.100805
0.102757
0.094588
0.090820
0.106511
0.095004
0.088600
0.085869
0.086209
0.073399
0.072315
0.061915
0.062688
0.054627
0.058001
0.059090
0.060049
0.061328
0.064273
0.113084
0.106241
0.096788
0.114143
0.095507
0.097967
0.096921
0.092542
0.084385
0.089336
0.091265
0.089757
0.087086
0.084544
0.084932
0.082416
0.078452
0.078960
0.072888
0.063815
0.059101
0.057382
0.059726
0.058724
0.062194
0.067976
0.063509
0.059729
0.063969
0.062383
0.061484
0.062529
0.066460
0.059775
0.065210
0.069263
0.066043
0.067439
0.067948
0.067830
0.065558
0.068852
0.065869
0.065415
0.057997
0.056991
0.067170
0.061370
0.065574
0.075951
0.069999
0.071029
0.069976
0.068527
0.073797
0.083984
0.057443
0.057181
0.053161
0.055668
0.057305
0.052367
0.077141
0.071794
0.073393
0.092597
0.064812
0.108218
0.103268
0.081343
0.090233
0.089953
0.090799
0.088957
0.036676
0.058562
0.112955
0.120323
0.077192
0.078514
0.107878
0.117423
0.112275
0.115966
0.084866
0.099250
0.103400
0.106453
0.100636
0.110169
0.093149
0.086212
0.095305
0.092214
0.120143
0.108362
0.109588
0.114000
0.117714
0.120022
0.125279
0.138459
0.130923
0.133521
0.131768
0.131169
0.133790
0.131431
0.144045
0.141913
0.144341
0.138601
0.135666
0.132569
0.125648
0.127394
0.135918
0.142480
0.125832
0.124561
0.124525
0.127433
0.131900
0.126289
0.122152
0.122067
0.133213
0.129371
0.131588
0.126276
0.125546
0.126061
0.129590
0.142946
0.108446
0.112592
0.106958
0.099502
0.078105
0.087045
0.083745
0.080858
0.079570
0.058004
0.053109
0.067420
0.050641
0.079164
0.072937
0.081149
0.090644
0.090718
0.078614
0.088301
0.104555
0.100590
0.110809
0.112716
0.113227
0.119414
0.120566
0.111910
0.108128
0.121144
0.118885
0.124654
0.133949
0.135606
0.136916
0.134723
0.134537
0.132101
0.138300
0.135975
0.132019
0.131713
0.132610
0.132194
0.133131
0.134609
0.127807
0.123189
0.117833
0.099138
0.117530
0.102524
0.101569
0.103652
0.101608
0.107534
0.102493
0.102112
0.100791
0.102292
0.108900
0.081568
0.073796
0.074084
0.078917
0.079576
0.078731
0.078354
0.078344
0.087306
0.089918
0.117527
0.071512
0.059787
0.083108
0.116603
0.106731
0.104317
0.088403
0.085379
0.084150
0.084660
0.095210
0.105011
0.117593
0.090796
0.114535
0.090026
0.091534
0.113737
0.100315
0.097640
0.104986
0.114823
0.126946
0.123564
0.134196
0.141134
0.144266
0.147184
0.137201
0.134902
0.097777
0.082897
0.081703
0.086415
0.089692
0.089228
0.095499
0.091701
0.113659
0.111373
0.102474
0.110491
0.126367
0.112091
0.113502
0.118194
0.138505
0.139975
0.140354
0.135973
0.132020
0.125335
0.126687
0.126191
0.125585
0.123896
0.143961
0.144778
0.129872
0.124165
0.122102
0.116835
0.118572
0.127759
0.102460
0.087365
0.076549
0.076501
0.054301
0.054669
0.076975
0.050136
0.061591
0.049116
0.056443
0.064648
0.046740
0.056316
0.057473
0.065672
0.067001
0.065961
0.074732
0.066773
0.059660
0.076480
0.068508
0.051637
0.051151
0.048390
0.055111
0.062409
0.060571
0.072382
0.063950
0.048236
0.069769
0.054880
0.059209
0.087443
0.063689
0.027827
0.067477
0.035295
0.040168
0.070832
0.036252
0.045871
0.048234
0.049141
0.054504
0.058342
0.062097
0.065212
0.067045
0.058702
0.057505
0.037026
0.044194
0.045247
0.041962
0.051260
0.100014
0.046181
0.051833
0.041807
0.049182
0.050464
0.078974
0.059490
0.069228
0.082427
0.050378
0.051810
0.059205
0.059373
0.058899
0.068699
0.057877
0.051724
0.053238
0.048981
0.082875
0.053243
0.058224
0.060333
0.060846
0.058625
0.065908
0.060635
0.058985
0.084196
0.060379
0.055384
0.059352
0.061327
0.058697
0.053365
0.058327
0.067661
0.056309
0.053531
0.055628
0.046815
0.065414
0.067924
0.052545
0.051064
0.053437
0.066040
0.058347
0.061787
0.085848
0.074723
0.059627
0.056871
0.057480
0.055152
0.068003
0.058915
0.054769
0.083900
0.082647
0.051637
0.055239
0.056989
0.050160
0.062566
0.057056
0.052640
0.066671
0.063728
0.067192
0.067053
0.064738
0.086769
0.070919
0.054687
0.066033
0.050127
0.043539
0.040159
0.039381
0.041238
0.038811
0.039453
0.039888
0.039475
0.039364
0.042348
0.043834
0.043906
0.072807
0.070206
0.069089
0.071304
0.069284
0.069408
0.069864
0.072790
0.068656
0.070381
0.068689
0.071140
0.070696
0.069988
0.072138
0.070535
0.071186
0.070304
0.071769
0.059009
0.074463
0.048438
0.071810
0.070318
0.074753
0.072319
0.072035
0.073970
0.070206
0.071702
0.046655
0.045293
0.072532
0.045262
0.047030
0.046335
0.043268
0.044237
0.045056
0.073231
0.042841
0.049332
0.062016
0.043982
0.042452
0.045421
0.042715
0.050058
0.043558
0.044843
0.046344
0.073964
0.042342
0.059096
0.047543
0.041334
0.047196
0.041151
0.043428
0.051596
0.053691
0.042910
0.046303
0.045512
0.068938
0.071933
0.046171
0.050324
0.047043
0.047148
0.050885
0.051262
0.051595
0.048980
0.047160
0.047911
0.046251
0.046186
0.050147
0.065713
0.054831
0.047009
0.052467
0.054362
0.054089
0.056226
0.050391
0.053147
0.060172
0.056043
0.068136
0.071892
0.072979
0.087384
0.087664
0.086566
0.090453
0.093686
0.084012
0.082471
0.083151
0.079803
0.087542
0.081469
0.081677
0.087928
0.091823
0.085544
0.085905
0.083325
0.087294
0.085380
0.118476
0.121136
0.082914
0.084881
0.086495
0.116805
0.114231
0.118184
0.115998
0.115344
0.114493
0.114019
0.116479
0.117668
0.113993
0.113777
0.114833
0.113930
0.113935
0.111414
0.109219
0.109777
0.111097
0.110220
0.110805
0.109664
0.111756
0.112001
0.114993
0.113646
0.112553
0.112366
0.107288
0.108194
0.112402
0.110380
0.110951
0.107250
0.110748
0.110400
0.111456
0.111062
0.111714
0.110073
0.110591
0.111288
0.109333
0.105310
0.106700
0.106421
0.106539
0.096682
0.096569
0.096173
0.096338
0.106939
0.096680
0.108843
0.106538
0.103165
0.107725
0.104504
0.107177
0.098993
0.081240
0.082701
0.086775
0.082800
0.077635
0.077250
0.081364
0.079943
0.090532
0.083963
0.084558
0.085917
0.087061
0.069334
0.070938
0.080895
0.087581
0.072919
0.073251
0.082452
0.060801
0.054663
0.053713
0.052696
0.051335
0.077508
0.068433
0.067339
0.066792
0.068359
0.066578
0.069712
0.046887
0.046840
0.047508
0.045184
0.047347
0.048784
0.047867
0.047919
0.042307
0.048251
0.045786
0.044307
0.044616
0.049428
0.045121
0.042221
0.040973
0.040903
0.042076
0.043901
0.044802
0.048777
0.046406
0.047692
0.042456
0.044772
0.043359
0.044742
0.048276
0.042266
0.045966
0.043471
0.043211
0.039546
0.040616
0.045875
0.043141
0.048800
0.047992
0.036755
0.046941
0.046730
0.046427
0.043432
0.044773
0.044525
0.047718
0.047801
0.046943
0.048039
0.046807
0.045625
0.047403
0.049789
0.047356
0.047337
0.048534
0.047556
0.046209
0.042511
0.046385
0.043820
0.044884
0.047163
0.047450
0.046388
0.042184
0.046615
0.046357
0.048577
0.046131
0.050575
0.049981
0.049621
0.046467
0.050759
0.046831
0.046460
0.052691
0.046014
0.044750
0.047331
0.048617
0.072416
0.058580
0.058802
0.057240
0.062026
0.060916
0.073508
0.068036
0.076552
0.074171
0.039362
0.041504
0.044531
0.049632
0.050157
0.042429
0.051713
0.053886
0.078807
0.044435
0.043874
0.051668
0.045952
0.044789
0.046775
0.052656
0.299798
0.138701
0.300016
0.273149
0.124563
0.119339
0.223974
0.290529
0.190859
0.247860
0.110115
0.162834
0.228806
0.112937
0.255330
0.087987
0.093009
0.087065
0.091061
0.087249
0.186497
0.128561
0.081772
0.191209
0.094189
0.091165
0.094477
0.195309
0.168763
0.085930
0.131229
0.132534
0.142130
0.215533
0.102005
0.157011
0.154029
0.136156
0.101628
0.160153
0.150231
0.181342
0.145679
0.113374
0.098817
0.147344
0.209422
0.157667
0.159214
0.100547
0.101987
0.160327
0.165220
0.183306
0.166648
0.106614
0.106578
0.210315
0.202007
0.246579
0.144990
0.196306
0.158748
0.103117
0.185761
0.147630
0.074888
0.131549
0.157705
0.105125
0.169661
0.154195
0.111695
0.111995
0.123960
0.250973
0.127015
0.189887
0.221502
0.144068
0.115440
0.115187
0.139004
0.105278
0.166422
0.140307
0.274509
0.244280
0.203615
0.164736
0.207594
0.298863
0.109169
0.309603
0.325341
0.120626
0.112466
0.259000
0.108898
0.174418
0.153058
0.134407
0.223761
0.081338
0.096917
0.188667
0.076189
0.107532
0.076632
0.073770
0.071886
0.092212
0.069928
0.122340
0.150593
0.070417
0.130766
0.261204
0.065471
0.066099
0.193375
0.080647
0.084490
0.088671
0.080112
0.064609
0.147138
0.065553
0.085252
0.086408
0.098883
0.141089
0.317294
0.099548
0.091054
0.084873
0.078821
0.078070
0.180255
0.102544
0.091447
0.093648
0.115708
0.119004
0.132108
0.134046
0.127372
0.127531
0.120313
0.130381
0.135914
0.154889
0.155972
0.163583
0.165946
0.160645
0.160377
0.161713
0.151911
0.153087
0.145141
0.141667
0.139240
0.257388
0.134910
0.130716
0.128717
0.130355
0.129222
0.126069
0.124530
0.128492
0.122761
0.122988
0.132718
0.263344
0.209845
0.279526
0.133383
0.135888
0.230788
0.220333
0.121900
0.181041
0.222473
0.141262
0.125506
0.125405
0.122707
0.234115
0.181350
0.384636
0.132566
0.111741
0.103348
0.094039
0.099778
0.093062
0.101811
0.090285
0.134226
0.124694
0.077868
0.224163
0.103398
0.342014
0.100716
0.083581
0.071236
0.073033
0.070985
0.070384
0.079762
0.081032
0.074703
0.143062
0.297437
0.105824
0.110840
0.130688
0.090590
0.098262
0.108705
0.080738
0.145915
0.249837
0.083476
0.085571
0.082569
0.121311
0.128665
0.133734
0.147100
0.217689
0.357250
0.362046
0.159447
0.233573
0.171243
0.287559
0.319254
0.160317
0.305171
0.332475
0.223303
0.163272
0.131692
0.290983
0.123847
0.288292
0.132170
0.322392
0.158654
0.315603
0.163148
0.175181
0.359045
0.142272
0.233915
0.234715
0.261822
0.319305
0.215998
0.100457
0.291617
0.081920
0.249330
0.121945
0.106725
0.275240
0.142696
0.281428
0.187025
0.235160
0.068805
0.218378
0.102486
0.064747
0.109091
0.119549
0.219502
0.220857
0.090283
0.119447
0.064586
0.076790
0.109921
0.236266
0.150933
0.083869
0.087702
0.083725
0.083759
0.090499
0.072301
0.054912
0.055151
0.054664
0.054700
0.054609
0.053509
0.052872
0.052984
0.054787
0.056940
0.056428
0.056259
0.052240
0.053332
0.054013
0.054006
0.052563
0.052228
0.052288
0.052074
0.050742
0.050294
0.050963
0.050610
0.049832
0.049315
0.048677
0.047754
0.048597
0.047011
0.047940
0.047905
0.047972
0.050490
0.050424
0.048559
0.050717
0.051627
0.049110
0.047716
0.048825
0.052911
0.051170
0.051777
0.051378
0.052101
0.052170
0.052959
0.053079
0.054707
0.048516
0.052462
0.055379
0.054187
0.054498
0.044826
0.044845
0.054691
0.044984
0.052931
0.052976
0.052978
0.052965
0.052996
0.044874
0.045307
0.044939
0.044921
0.045371
0.045077
0.045290
0.045018
0.044849
0.044958
0.045050
0.052559
0.052903
0.052888
0.052887
0.052456
0.052891
0.052886
0.045249
0.045077
0.052492
0.052680
0.052688
0.044735
0.052362
0.052586
0.052640
0.052498
0.044934
0.044945
0.044945
0.044952
0.045415
0.045479
0.045414
0.045415
0.052588
0.045040
0.045034
0.045103
0.044941
0.052575
0.052957
0.045163
0.052929
0.052916
0.045233
0.045072
0.045074
0.045235
0.045196
0.045260
0.045260
0.045087
0.045086
0.045082
0.045082
0.045063
0.045097
0.045098
0.045097
0.045289
0.045154
0.045018
0.045075
0.045377
0.044778
0.044771
0.044705
0.044709
0.045184
0.044992
0.044812
0.044676
0.045127
0.045183
0.045183
0.045344
0.045343
0.045344
0.044805
0.093748
0.095515
0.095640
0.094747
0.091603
0.094440
0.094621
0.095779
0.095471
0.095686
0.093710
0.093260
0.093246
0.093495
0.094981
0.093300
0.093683
0.091508
0.091694
0.091840
0.091080
0.090941
0.091057
0.091313
0.090932
0.091093
0.091720
0.091641
0.092011
0.092299
0.091820
0.091559
0.092734
0.092826
0.092965
0.092057
0.093026
0.092257
0.092991
0.093354
0.095616
0.096195
0.095741
0.095894
0.096063
0.095326
0.095980
0.095317
0.093633
0.092116
0.093589
0.092424
0.094327
0.092172
0.093392
0.093654
0.093775
0.092089
0.093510
0.094359
0.092363
0.092486
0.094454
0.093787
0.094771
0.094664
0.094744
0.094711
0.094712
0.094722
0.094634
0.094622
0.094696
0.094646
0.094703
0.094703
0.094701
0.094637
0.094594
0.094551
0.094825
0.094905
0.094946
0.094853
0.094723
0.095138
0.095114
0.094575
0.094628
0.094786
0.094582
0.094531
0.094552
0.094781
0.094798
0.094811
0.094834
0.094830
0.094829
0.094829
0.094830
0.094896
0.094895
0.094896
0.094896
0.094499
0.095198
0.095241
0.095233
0.094642
0.094927
0.094828
0.094846
0.094860
0.094955
0.094942
0.094937
0.094864
0.094946
0.094948
0.094948
0.094948
0.094924
0.094928
0.094928
0.094928
0.094928
0.094935
0.094936
0.094920
0.094915
0.094935
0.094882
0.094887
0.094921
0.094871
0.094855
0.096196
0.096279
0.095275
0.095275
0.094687
0.107957
0.110654
0.111061
0.108961
0.108595
0.109039
0.109279
0.108777
0.111022
0.110235
0.110889
0.110468
0.111188
0.113383
0.112329
0.111562
0.111508
0.111662
0.112778
0.112175
0.112496
0.110641
0.115806
0.115977
0.116322
0.111821
0.115973
0.116495
0.110745
0.109475
0.108831
0.110728
0.110870
0.109713
0.114692
0.113434
0.113575
0.104498
0.110973
0.109789
0.111882
0.107856
0.108275
0.107060
0.111279
0.112575
0.110563
0.113079
0.113275
0.113514
0.113809
0.113681
0.114241
0.113881
0.113309
0.115180
0.114344
0.112879
0.113016
0.112163
0.112032
0.112333
0.112990
0.112536
0.112773
0.112881
0.113246
0.112957
0.113386
0.113032
0.112679
0.112916
0.113951
0.114561
0.114413
0.114305
0.114518
0.114039
0.113828
0.113836
0.113892
0.113897
0.113897
0.113897
0.114302
0.114006
0.113956
0.113969
0.114077
0.114085
0.114084
0.114085
0.113977
0.113977
