0.113523
0.111603
0.105140
0.104524
0.102044
0.109402
0.111468
0.127488
0.147218
0.128016
0.118076
0.115219
0.124834
0.115950
0.109049
0.093643
0.121435
0.122282
0.113724
0.105010
0.111972
0.115473
0.128549
0.127281
0.124307
0.156479
0.133530
0.159337
0.140733
0.144792
0.133512
0.155296
0.172674
0.178156
0.177378
0.191455
0.166720
0.176368
0.172128
0.178620
0.199426
0.176902
0.209572
0.201035
0.213947
0.210204
0.217793
0.221317
0.217806
0.216878
0.249409
0.248714
0.249683
0.249670
0.219513
0.183059
0.222882
0.203508
0.147999
0.146883
0.153041
0.210755
0.163708
0.135546
0.111259
0.124119
0.104851
0.075427
0.229186
0.166013
0.102009
0.074523
0.071686
0.099910
0.076525
0.196032
0.222297
0.253624
0.300681
0.383610
0.384058
0.384019
0.383893
0.383473
0.384382
0.383854
0.385540
0.384426
0.383541
0.382961
0.390806
0.390828
0.391073
0.342420
0.342527
0.341753
0.345187
0.342879
0.344051
0.343034
0.345944
0.344952
0.342976
0.343465
0.343592
0.346058
0.345373
0.343587
0.343574
0.195336
0.125290
0.216823
0.078611
0.159316
0.183710
0.147028
0.098789
0.140647
0.094033
0.096831
0.109712
0.130799
0.277885
0.271292
0.150482
0.155950
0.164871
0.149389
0.065454
0.067699
0.143649
0.143838
0.143340
0.143401
0.143423
0.144570
0.144438
0.144639
0.143998
0.144120
0.146300
0.145614
0.145964
0.146433
0.147277
0.145579
0.145888
0.146540
0.145579
0.144937
0.142256
0.142611
0.144838
0.143891
0.145506
0.142188
0.140916
0.140265
0.140904
0.140797
0.113695
0.111729
0.115157
0.113162
0.113152
0.145299
0.145640
0.146870
0.146189
0.143145
0.142514
0.142614
0.140819
0.141161
0.142295
0.141604
0.144748
0.141982
0.142603
0.134483
0.133421
0.134812
0.135842
0.136922
0.130092
0.127342
0.135460
0.135704
0.136167
0.134554
0.142052
0.142061
0.143295
0.143841
0.143848
0.143680
0.147920
0.146768
0.145570
0.153306
0.153009
0.146798
0.147324
0.146278
0.145739
0.147612
0.147289
0.150917
0.145900
0.145175
0.149624
0.143944
0.142383
0.142523
0.142884
0.145333
0.144984
0.142681
0.142254
0.181066
0.181066
0.078192
0.105652
0.101150
0.102125
0.092767
0.092864
0.089166
0.089206
0.088836
0.088785
0.091946
0.091946
0.091439
0.093464
0.088906
0.096302
0.090964
0.092080
0.092163
0.095467
0.095407
0.095968
0.096526
0.100413
0.099196
0.101157
0.104279
0.109487
0.110313
0.105141
0.103233
0.110405
0.109812
0.097488
0.114653
0.100512
0.098965
0.095300
0.101198
0.099971
0.101731
0.103671
0.101730
0.181074
0.181074
0.132579
0.097064
0.093788
0.095394
0.095158
0.093729
0.094502
0.094830
0.096727
0.099829
0.101545
0.101415
0.099454
0.108597
0.108573
0.096521
0.103722
0.106794
0.107040
0.104876
0.104848
0.104287
0.106068
0.106577
0.105211
0.119559
0.115530
0.102109
0.105579
0.102186
0.103875
0.106786
0.105123
0.108014
0.102433
0.103337
0.103258
0.101432
0.099239
0.098369
0.099273
0.103215
0.104528
0.105258
0.103597
0.101859
0.098870
0.096953
0.094743
0.095103
0.093963
0.094390
0.096074
0.094980
0.090172
0.105776
0.106331
0.107168
0.108740
0.107377
0.111167
0.111276
0.079765
0.094684
0.096168
0.092417
0.090204
0.105801
0.103354
0.102988
0.103056
0.100159
0.091907
0.089836
0.090408
0.094050
0.094158
0.091821
0.065138
0.097233
0.101392
0.100490
0.102659
0.090054
0.104147
0.075579
0.101997
0.064978
0.100332
0.094610
0.089418
0.094432
0.085411
0.102131
0.088766
0.123802
0.103208
0.109672
0.113495
0.106939
0.145341
0.114609
0.148306
0.150091
0.107875
0.124572
0.107335
0.109263
0.118342
0.107730
0.103834
0.106086
0.066677
0.095704
0.094131
0.097525
0.095697
0.085388
0.082891
0.081826
0.181074
0.181074
0.138724
0.184265
0.190358
0.190279
0.184714
0.197825
0.198135
0.186510
0.191190
0.190991
0.198128
0.197473
0.193496
0.240042
0.238446
0.240323
0.235237
0.232222
0.191437
0.192438
0.202272
0.219456
0.207867
0.196853
0.228600
0.224822
0.182754
0.201483
0.195023
0.197550
0.236567
0.236523
0.234972
0.226966
0.224060
0.223881
0.222590
0.220845
0.219975
0.175018
0.176789
0.209358
0.193448
0.163358
0.158808
0.160856
0.172592
0.275230
0.268337
0.153645
0.191968
0.196410
0.167008
0.174471
0.150596
0.151976
0.154366
0.170831
0.101065
0.126764
0.109437
0.128406
0.118130
0.126650
0.142476
0.137992
0.117110
0.132943
0.132834
0.123774
0.104654
0.099770
0.099927
0.097853
0.098856
0.101051
0.100753
0.099096
0.102997
0.099930
0.103633
0.099431
0.101773
0.099331
0.104915
0.094242
0.111773
0.106837
0.112422
0.114570
0.118298
0.113928
0.108872
0.106195
0.109666
0.112695
0.108819
0.110061
0.078320
0.079001
0.094296
0.093288
0.102097
0.098690
0.098862
0.098440
0.101142
0.101778
0.104825
0.090743
0.120733
0.086327
0.092993
0.092745
0.105115
0.101555
0.099507
0.099435
0.095278
0.094466
0.096280
0.101372
0.125988
0.108266
0.094426
0.095868
0.131886
0.130787
0.130155
0.130035
0.116992
0.112179
0.107706
0.112676
0.122322
0.116946
0.139216
0.136764
0.119531
0.136447
0.109399
0.107877
0.118823
0.104987
0.109317
0.107233
0.110423
0.112902
0.098737
0.112490
0.104074
0.102883
0.105880
0.111192
0.117042
0.117693
0.118471
0.119991
0.116626
0.119639
0.118076
0.120452
0.123459
0.181074
0.181074
0.129158
0.161366
0.174857
0.157499
0.167939
0.159507
0.167558
0.164527
0.153798
0.167154
0.153897
0.161214
0.152992
0.172057
0.182375
0.168305
0.167232
0.166983
0.173721
0.182442
0.191213
0.183580
0.152012
0.152581
0.153599
0.174413
0.131486
0.121585
0.127488
0.125715
0.127513
0.131445
0.130811
0.135034
0.137029
0.134919
0.138764
0.139825
0.170197
0.164367
0.161372
0.128764
0.122971
0.150823
0.152416
0.151296
0.154455
0.160303
0.150061
0.151369
0.181074
0.181074
0.127505
0.135186
0.136631
0.135455
0.138752
0.142676
0.150008
0.152677
0.151406
0.148368
0.130757
0.118488
0.120136
0.105653
0.096639
0.117805
0.118511
0.113352
0.113399
0.113287
0.102166
0.102487
0.092831
0.097307
0.095600
0.104261
0.099528
0.107529
0.108069
0.102318
0.098511
0.101574
0.096744
0.097250
0.097488
0.105108
0.106313
0.105449
0.105635
0.105221
0.114279
0.115518
0.114267
0.113147
0.113708
0.113862
0.110163
0.110407
0.110290
0.111797
0.158956
0.161269
0.158571
0.142111
0.142399
0.145172
0.117645
0.120207
0.124394
0.136489
0.132270
0.144905
0.152647
0.149318
0.155230
0.159624
0.157411
0.162766
0.165033
0.169436
0.163408
0.165264
0.151607
0.163816
0.164754
0.158473
0.151503
0.156569
0.155085
0.157146
0.154959
0.156641
0.161956
0.162169
0.159674
0.161538
0.158714
0.164190
0.169722
0.166357
0.166492
0.158207
0.164465
0.156919
0.146690
0.163201
0.159514
0.146950
0.152330
0.160441
0.155056
0.153091
0.149608
0.157788
0.154004
0.157676
0.148372
0.160911
0.151593
0.159218
0.154418
0.147715
0.150018
0.148647
0.155397
0.143580
0.153928
0.149720
0.148930
0.166215
0.201701
0.191463
0.215850
0.213144
0.211874
0.198868
0.193471
0.203225
0.077061
0.075622
0.081929
0.079665
0.092811
0.081327
0.064555
0.078197
0.079811
0.076923
0.070985
0.070343
0.078062
0.082624
0.080898
0.079017
0.077881
0.077423
0.077725
0.073883
0.075490
0.073675
0.071450
0.181074
0.181074
0.132926
0.081107
0.082256
0.081769
0.086493
0.085521
0.084531
0.082902
0.078667
0.078859
0.082176
0.082169
0.094059
0.091536
0.118340
0.080415
0.083424
0.077215
0.077215
0.084016
0.080047
0.085072
0.085431
0.090572
0.085899
0.087244
0.088357
0.087540
0.088617
0.088616
0.088191
0.106094
0.106568
0.104713
0.106393
0.109595
0.108458
0.121710
0.089681
0.095241
0.102755
0.103454
0.103303
0.114862
0.112403
0.106061
0.103878
0.110043
0.105070
0.106436
0.094085
0.100435
0.099098
0.102761
0.109551
0.111068
0.110383
0.094872
0.108753
0.071806
0.073187
0.069628
0.074623
0.070924
0.064680
0.061074
0.066670
0.065606
0.066530
0.064866
0.053491
0.051186
0.053427
0.053261
0.054796
0.056753
0.061698
0.063841
0.062025
0.058647
0.181074
0.181074
0.078187
0.184562
0.199688
0.193295
0.190451
0.182207
0.198899
0.195563
0.195791
0.191900
0.187946
0.191187
0.191980
0.198046
0.196611
0.186678
0.182005
0.178630
0.167869
0.157778
0.151421
0.147887
0.153524
0.164720
0.175791
0.173735
0.180696
0.174719
0.205502
0.174179
0.172034
0.176409
0.172161
0.189865
0.204117
0.205905
0.207735
0.198086
0.191007
0.184646
0.181544
0.184268
0.182995
0.182438
0.184049
0.193036
0.206356
0.220676
0.224516
0.214489
0.194341
0.185742
0.188294
0.182518
0.183007
0.183035
0.186135
0.195907
0.197008
0.215108
0.229414
0.238217
0.254063
0.247627
0.239715
0.246860
0.243392
0.228553
0.206111
0.202643
0.195899
0.186725
0.181776
0.200160
0.232111
0.180298
0.174298
0.194057
0.192674
0.195390
0.202430
0.194176
0.182000
0.181428
0.191392
0.193640
0.176653
0.179624
0.176158
0.184061
0.203302
0.195327
0.183562
0.183723
0.176192
0.193188
0.195132
0.195854
0.220647
0.245029
0.264495
0.252280
0.243802
0.241536
0.221706
0.208023
0.188975
0.184746
0.173829
0.180117
0.182194
0.182391
0.184874
0.176991
0.181399
0.181356
0.178726
0.168102
0.176609
0.168605
0.163454
0.171070
0.166689
0.181074
0.181074
0.143374
0.110181
0.116693
0.102605
0.115391
0.117005
0.111828
0.112060
0.122840
0.124999
0.118039
0.104636
0.128744
0.140443
0.133192
0.132804
0.125551
0.130006
0.134286
0.136833
0.135101
0.116034
0.115621
0.090280
0.103496
0.109600
0.115827
0.110579
0.132678
0.124459
0.132440
0.128539
0.131697
0.135281
0.143386
0.165292
0.145361
0.160463
0.165546
0.106929
0.111641
0.103225
0.112992
0.127215
0.162402
0.162335
0.194129
0.161034
0.144216
0.167263
0.172857
0.172224
0.169444
0.177161
0.176342
0.142272
0.162222
0.171110
0.167478
0.162908
0.164378
0.162379
0.178138
0.164207
0.166609
0.160391
0.171437
0.161556
0.160957
0.158351
0.170514
0.158204
0.162776
0.158654
0.181913
0.162912
0.156577
0.167917
0.165009
0.172636
0.163218
0.130895
0.128378
0.128697
0.123250
0.111691
0.114967
0.105375
0.130765
0.133532
0.132826
0.134469
0.130377
0.125859
0.124113
0.117963
0.118685
0.107199
0.108796
0.103829
0.106943
0.106032
0.098542
0.097488
0.150451
0.127141
0.124129
0.122677
0.124500
0.127656
0.137789
0.129480
0.135640
0.131353
0.128256
0.134789
0.133821
0.157926
0.158288
0.163244
0.158457
0.158580
0.176383
0.183321
0.178094
0.178368
0.181922
0.175464
0.184823
0.181669
0.172780
0.168957
0.170530
0.145246
0.143927
0.148984
0.154691
0.167622
0.169242
0.156879
0.157303
0.155405
0.149410
0.144380
0.165711
0.152023
0.167766
0.157097
0.198726
0.213520
0.269558
0.070651
0.072580
0.070649
0.072933
0.070484
0.071065
0.071848
0.070536
0.069775
0.070557
0.069552
0.069349
0.066798
0.070917
0.071734
0.079798
0.081032
0.080363
0.079510
0.081384
0.075685
0.082587
0.071115
0.071732
0.076048
0.085524
0.085988
0.088567
0.091047
0.087693
0.083991
0.084273
0.084223
0.078490
0.075348
0.078019
0.077259
0.076248
0.075278
0.075862
0.075906
0.079309
0.077825
0.076575
0.077409
0.078756
0.077176
0.077585
0.078189
0.079328
0.079347
0.080856
0.079490
0.079529
0.080453
0.082578
0.075500
0.080114
0.080222
0.059227
0.062888
0.062418
0.062949
0.060866
0.063363
0.061556
0.059308
0.181066
0.181066
0.078192
0.023319
0.022684
0.021937
0.023750
0.023239
0.024599
0.024241
0.024987
0.023862
0.023935
0.023957
0.024419
0.024303
0.025896
0.024216
0.024201
0.024344
0.024403
0.024347
0.024209
0.024336
0.024740
0.024485
0.024731
0.024750
0.024731
0.024648
0.024278
0.024422
0.024297
0.024309
0.024327
0.025503
0.022530
0.021997
0.022373
0.022409
0.022443
0.022733
0.023219
0.023195
0.022985
0.022821
0.023017
0.022782
0.022751
0.023201
0.022543
0.022451
0.022405
0.022726
0.021486
0.021610
0.022059
0.022121
0.022435
0.022516
0.022380
0.020990
0.022096
0.022061
0.022416
0.022437
0.023989
0.055300
0.155050
0.154198
0.093433
0.040407
0.016331
0.015910
0.016041
0.015567
0.015294
0.015868
0.016119
0.016214
0.016280
0.016021
0.015209
0.015716
0.015770
0.015029
0.014885
0.014787
0.014773
0.014623
0.014277
0.014451
0.014737
0.014513
0.014264
0.014279
0.014164
0.013681
0.013236
0.014208
0.014496
0.014335
0.014315
0.014218
0.014193
0.014325
0.014229
0.014219
0.014602
0.014273
0.013634
0.013818
0.013759
0.013856
0.013326
0.013714
0.013522
0.013582
0.013575
0.013534
0.013675
0.014140
0.013788
0.014358
0.014474
0.015911
0.015577
0.016027
0.016202
0.016494
0.015896
0.015763
0.015744
0.016270
0.015639
0.015536
0.015288
0.015724
0.015460
0.015466
0.015288
0.015267
0.015378
0.014994
0.015738
0.014960
0.015416
0.015262
0.015170
0.015462
0.015259
0.014775
0.014740
0.014251
0.014498
0.014327
0.014523
0.015113
0.014902
0.014696
0.014260
0.014158
0.013336
0.012903
0.012939
0.012382
0.011699
0.011018
0.010336
0.010784
0.010323
0.009845
0.008989
0.006426
0.005439
0.004698
0.004239
0.004100
0.003881
0.003514
0.003121
0.002941
0.002411
0.001871
0.001752
0.001036
0.000538
0.000000
0.000544
0.001356
0.001906
0.004232
0.003863
0.004914
0.005801
0.181066
0.181066
0.078192
0.139014
0.140269
0.134365
0.135655
0.132711
0.138972
0.141652
0.140215
0.139095
0.141109
0.139531
0.138649
0.143158
0.145070
0.145478
0.146255
0.142638
0.141921
0.143100
0.145775
0.140521
0.141792
0.137673
0.135539
0.135520
0.140529
0.138694
0.129566
0.135249
0.136118
0.136459
0.134351
0.140455
0.138407
0.143004
0.137322
0.140143
0.132822
0.132475
0.132834
0.137711
0.134672
0.131069
0.129530
0.131171
0.131913
0.137424
0.141922
0.145184
0.146868
0.142938
0.137543
0.137905
0.137806
0.136716
0.142735
0.141487
0.143407
0.143829
0.147100
0.133620
0.139232
0.140802
0.137030
0.136575
0.135316
0.136042
0.132302
0.129390
0.124660
0.131783
0.125291
0.113654
0.116099
0.116571
0.118834
0.119140
0.119928
0.123385
0.130783
0.129115
0.140997
0.141289
0.147882
0.137030
0.121622
0.108420
0.105491
0.095909
0.086614
0.075271
0.066551
0.062917
0.062476
0.062272
0.061921
0.063632
0.062728
0.064976
0.065592
0.068028
0.070605
0.074983
0.076211
0.070156
0.076365
0.161346
0.179826
0.092194
0.113375
0.084748
0.083165
0.105453
0.105586
0.105473
0.106678
0.105700
0.105822
0.106095
0.106304
0.104460
0.105153
0.105219
0.106519
0.106041
0.105677
0.105099
0.105270
0.105177
0.080562
0.069096
0.070813
0.076694
0.148788
0.140971
0.138950
0.154703
0.150625
0.149476
0.149559
0.151240
0.150380
0.147697
0.149692
0.157490
0.156919
0.158524
0.104410
0.104021
0.104356
0.156715
0.103716
0.103738
0.103387
0.147851
0.159548
0.154477
0.105542
0.160970
0.162506
0.154904
0.140134
0.156639
0.160964
0.159084
0.157001
0.147527
0.158874
0.160822
0.150286
0.159492
0.157858
0.102764
0.102768
0.103521
0.154780
0.157126
0.102733
0.153131
0.102002
0.104177
0.103084
0.158793
0.156018
0.154831
0.154813
0.155408
0.167917
0.155440
0.154406
0.104214
0.103444
0.104311
0.104881
0.099396
0.067379
0.070444
0.096536
0.124776
0.083268
0.080968
0.127058
0.107402
0.106927
0.107733
0.108544
0.103233
0.102785
0.101244
0.106226
0.106625
0.105589
0.109264
0.110139
0.110130
0.105450
0.106015
0.107576
0.104304
0.104577
0.104716
0.105209
0.105549
0.104831
0.104682
0.103132
0.105563
0.112386
0.105079
0.104052
0.104593
0.106813
0.107123
0.113758
0.102760
0.107006
0.104432
0.102543
0.103722
0.101269
0.099878
0.106151
0.107136
0.121661
0.102463
0.115043
0.114853
0.111399
0.106901
0.107967
0.103259
0.135592
0.132578
0.132805
0.143118
0.150721
0.142866
0.143974
0.148097
0.150142
0.151068
0.141021
0.141152
0.149980
0.149674
0.147650
0.138525
0.150626
0.149239
0.151015
0.143861
0.150798
0.138600
0.139924
0.140053
0.146960
0.143431
0.137533
0.137856
0.133085
0.135620
0.134234
0.143514
0.133587
0.146266
0.134012
0.144904
0.134870
0.135088
0.133694
0.141119
0.144590
0.134763
0.134230
0.127649
0.132027
0.128093
0.133132
0.133374
0.133705
0.134159
0.136050
0.134165
0.135756
0.137534
0.136338
0.131215
0.135358
0.136778
0.137010
0.131647
0.129452
0.129937
0.129599
0.134403
0.129428
0.138550
0.137658
0.128338
0.129013
0.127421
0.130465
0.128141
0.131752
0.125475
0.131577
0.132455
0.133004
0.130994
0.131763
0.133000
0.130884
0.133777
0.133714
0.132587
0.130056
0.129280
0.131791
0.131723
0.129233
0.126530
0.132476
0.127841
0.128549
0.129104
0.133458
0.132366
0.132215
0.134379
0.134064
0.133741
0.138571
0.181074
0.181074
0.078187
0.050740
0.053425
0.048619
0.052013
0.052120
0.051668
0.047601
0.047927
0.050221
0.051327
0.049875
0.046886
0.048519
0.046358
0.045510
0.046986
0.042623
0.049503
0.045843
0.049196
0.046457
0.047287
0.046917
0.049048
0.044868
0.046253
0.046979
0.048658
0.050706
0.051805
0.060809
0.058474
0.068455
0.060576
0.059916
0.057534
0.065369
0.068398
0.078871
0.075832
0.068248
0.065227
0.070481
0.069124
0.069232
0.064498
0.066007
0.087777
0.079583
0.041161
0.090975
0.069093
0.061086
0.055349
0.052708
0.050952
0.051663
0.052019
0.049248
0.047913
0.043276
0.044062
0.042296
0.053409
0.054222
0.057953
0.059389
0.051130
0.050347
0.046216
0.046374
0.043754
0.052353
0.055899
0.051892
0.051791
0.050117
0.051238
0.052357
0.048220
0.049699
0.049381
0.047462
0.048516
0.048041
0.050317
0.046569
0.048171
0.045915
0.047599
0.045766
0.045095
0.046127
0.047091
0.048133
0.050701
0.049065
0.053400
0.054063
0.054876
0.056190
0.056188
0.057488
0.057512
0.059264
0.061143
0.062385
0.064047
0.064426
0.064851
0.064896
0.069480
0.062745
0.065589
0.063170
0.064985
0.063382
0.064135
0.062950
0.062895
0.059314
0.058220
0.057934
0.064023
0.064083
0.062654
0.053940
0.061502
0.059447
0.055754
0.054443
0.053474
0.054458
0.054708
0.056113
0.058190
0.059003
0.060469
0.062266
0.065553
0.068533
0.073371
0.077017
0.079365
0.080947
0.081741
0.081250
0.081789
0.181066
0.181066
0.131245
0.073623
0.074322
0.072694
0.071377
0.070457
0.072435
0.070134
0.072157
0.073706
0.078853
0.078754
0.077125
0.074161
0.071261
0.069616
0.072859
0.070581
0.071671
0.072251
0.072997
0.074131
0.074033
0.074248
0.078319
0.084062
0.081638
0.082830
0.079158
0.084712
0.077846
0.077628
0.083493
0.082572
0.082934
0.083568
0.085460
0.087686
0.087969
0.084356
0.074590
0.076271
0.075757
0.075487
0.074410
0.073586
0.076370
0.074539
0.072334
0.071779
0.071957
0.071075
0.070265
0.068293
0.071020
0.068409
0.069400
0.066060
0.066425
0.067449
0.075309
0.071183
0.077500
0.079055
0.074821
0.073298
0.072572
0.181066
0.181066
0.132377
0.073733
0.080237
0.076857
0.075532
0.075160
0.070590
0.070529
0.069671
0.071671
0.073105
0.075247
0.076196
0.075627
0.076066
0.078413
0.078131
0.078102
0.077409
0.078706
0.078047
0.074050
0.073445
0.071368
0.070754
0.069782
0.068572
0.068465
0.068450
0.084501
0.083644
0.077905
0.083657
0.087036
0.081354
0.086680
0.089498
0.084603
0.089892
0.091171
0.093154
0.093750
0.083723
0.085269
0.094129
0.090637
0.084281
0.093195
0.092898
0.091921
0.093382
0.181074
0.181074
0.078187
0.158058
0.156663
0.138203
0.146623
0.139839
0.121349
0.110986
0.093842
0.106839
0.109181
0.107497
0.106934
0.105180
0.107592
0.109295
0.106999
0.109507
0.108142
0.107162
0.105299
0.106594
0.108269
0.107071
0.107459
0.107522
0.105664
0.104682
0.103959
0.104929
0.102846
0.108444
0.105572
0.105097
0.106030
0.105324
0.109484
0.114005
0.120508
0.129434
0.142712
0.139094
0.146457
0.146707
0.156446
0.152424
0.151620
0.149369
0.148104
0.143841
0.145746
0.144427
0.133352
0.122473
0.100738
0.091249
0.085969
0.079795
0.081711
0.077749
0.079142
0.076449
0.077798
0.077778
0.078229
0.080817
0.080564
0.081199
0.082419
0.082010
0.084057
0.084965
0.085465
0.086672
0.089411
0.090199
0.101036
0.093056
0.097885
0.098606
0.111183
0.112931
0.115030
0.103572
0.104737
0.106528
0.105593
0.105262
0.105890
0.110313
0.114390
0.110003
0.108768
0.108944
0.108417
0.105526
0.104619
0.101800
0.101967
0.101061
0.101053
0.102508
0.105919
0.108169
0.110940
0.114567
0.120308
0.127631
0.131247
0.132836
0.134934
0.137607
0.141752
0.142003
0.142725
0.143397
0.148863
0.146225
0.141280
0.143940
0.181074
0.181074
0.125045
0.184897
0.183025
0.175591
0.176716
0.202948
0.220289
0.224696
0.254873
0.256927
0.256232
0.254031
0.278839
0.258584
0.241862
0.247062
0.217812
0.189285
0.198776
0.179679
0.174418
0.170822
0.171661
0.171775
0.172346
0.188729
0.172228
0.177994
0.182845
0.189259
0.183735
0.186716
0.201115
0.218815
0.234995
0.255707
0.292699
0.275806
0.287897
0.278975
0.253268
0.250304
0.252936
0.255119
0.226789
0.258989
0.268552
0.266295
0.269710
0.260403
0.265895
0.269435
0.269179
0.267093
0.257775
0.263082
0.283141
0.286512
0.272739
0.270384
0.269862
0.275021
0.272254
0.269949
0.264684
0.264826
0.264163
0.267489
0.264802
0.254736
0.200310
0.218083
0.237096
0.193745
0.193763
0.214127
0.226607
0.232367
0.239097
0.260223
0.269260
0.255496
0.253396
0.242065
0.267720
0.258926
0.257621
0.250789
0.247792
0.243545
0.257639
0.259195
0.266617
0.263609
0.265844
0.270797
0.275950
0.207402
0.184785
0.173751
0.188386
0.204117
0.209303
0.201326
0.202709
0.200038
0.198380
0.202313
0.200626
0.206948
0.214942
0.226874
0.228456
0.218743
0.215958
0.212975
0.220282
0.222078
0.236129
0.229421
0.220497
0.213085
0.213407
0.210282
0.218525
0.233006
0.245524
0.261924
0.267659
0.264450
0.263922
0.263711
0.272456
0.287730
0.264015
0.269141
0.263272
0.268439
0.271970
0.274435
0.271792
0.268172
0.275847
0.275782
0.269181
0.247432
0.234406
0.237001
0.234919
0.236644
0.239596
0.238216
0.253782
0.259086
0.266275
0.254403
0.255859
0.256288
0.246225
0.226601
0.201766
0.228853
0.250832
0.235775
0.233461
0.242010
0.231390
0.228523
0.235172
0.254865
0.125257
0.074150
0.086024
0.088813
0.064382
0.083061
0.133332
0.080466
0.093901
0.065274
0.095142
0.185318
0.169892
0.207312
0.312061
0.179681
0.169338
0.170366
0.228380
0.267865
0.178804
0.164845
0.165447
0.138347
0.138345
0.135522
0.145261
0.143013
0.160634
0.171875
0.203604
0.181512
0.164900
0.156515
0.186044
0.191694
0.209040
0.309137
0.309801
0.309297
0.278955
0.282890
0.283398
0.281103
0.316462
0.317030
0.293405
0.282624
0.307701
0.278567
0.296137
0.293593
0.309959
0.293563
0.270853
0.310121
0.294805
0.284695
0.275210
0.276360
0.275564
0.275643
0.256709
0.254771
0.310537
0.270237
0.265736
0.271756
0.271204
0.272918
0.310735
0.285178
0.308349
0.256423
0.308569
0.307071
0.303557
0.308382
0.303083
0.276283
0.265802
0.275010
0.308240
0.291307
0.281604
0.292669
0.291676
0.277267
0.312695
0.313659
0.314792
0.305036
0.301419
0.302829
0.302737
0.265664
0.279218
0.278856
0.291243
0.285704
0.284740
0.284428
0.285153
0.284576
0.290298
0.285040
0.315303
0.308107
0.309835
0.290729
0.309588
0.302204
0.251304
0.301682
0.303336
0.249154
0.249620
0.233431
0.236230
0.251932
0.243369
0.237506
0.239035
0.242037
0.240249
0.240339
0.271358
0.239325
0.238537
0.237213
0.236871
0.234275
0.234741
0.234795
0.265598
0.234038
0.235283
0.250752
0.236655
0.235080
0.233946
0.234063
0.229858
0.235197
0.233276
0.229471
0.228625
0.229489
0.231254
0.250374
0.250168
0.250771
0.251209
0.314375
0.313524
0.311531
0.312967
0.306960
0.293040
0.312855
0.307296
0.313498
0.293406
0.284273
0.284898
0.279542
0.281374
0.313423
0.295058
0.289135
0.281043
0.313866
0.313995
0.282977
0.281964
0.285643
0.252776
0.253694
0.300202
0.302039
0.317676
0.281635
0.280996
0.254710
0.275749
0.319029
0.319375
0.274643
0.308702
0.318853
0.302593
0.281804
0.303224
0.235275
0.257758
0.248656
0.247525
0.263326
0.308530
0.307766
0.308411
0.309491
0.312697
0.310679
0.310756
0.312986
0.308830
0.307606
0.309607
0.316704
0.316273
0.317152
0.317348
0.316458
0.316605
0.309949
0.317857
0.310048
0.310706
0.310848
0.317633
0.317789
0.317940
0.318000
0.266338
0.266692
0.266192
0.259137
0.257685
0.258238
0.305630
0.303599
0.265821
0.265523
0.248954
0.252626
0.251149
0.251956
0.305370
0.247292
0.300894
0.251289
0.255570
0.251703
0.250256
0.309431
0.266930
0.266674
0.267002
0.273736
0.275518
0.267740
0.267807
0.275281
0.262859
0.262838
0.261989
0.261530
0.263922
0.264348
0.264061
0.260855
0.264835
0.260133
0.259494
0.260518
0.252871
0.253170
0.252693
0.251317
0.248123
0.249322
0.263529
0.265723
0.266029
0.265338
0.264428
0.265110
0.266751
0.264794
0.258203
0.265031
0.261046
0.265223
0.261609
0.261241
0.260961
0.256812
0.257534
0.256838
0.248550
0.263451
0.310067
0.267562
0.268987
0.266965
0.268042
0.268922
0.268466
0.267451
0.266074
0.262016
0.264893
0.257026
0.265098
0.262990
0.281467
0.278672
0.294149
0.256963
0.265765
0.266287
0.260838
0.256612
0.254331
0.290301
0.253652
0.256415
0.256942
0.256832
0.258570
0.258407
0.257818
0.259438
0.262183
0.262119
0.261228
0.261407
0.259015
0.257840
0.259926
0.261576
0.259654
0.259602
0.257608
0.258810
0.255333
0.257323
0.258665
0.259230
0.258568
0.259452
0.258663
0.278765
0.285620
0.287127
0.280002
0.259325
0.259632
0.257299
0.253726
0.252354
0.252300
0.254159
0.252170
0.253608
0.259073
0.258251
0.251140
0.257262
0.256154
0.257080
0.256184
0.259712
0.260419
0.255801
0.256868
0.260848
0.300586
0.300257
0.260984
0.262185
0.261464
0.261432
0.257128
0.256654
0.311698
0.287762
0.307286
0.306014
0.281593
0.281735
0.279872
0.278773
0.277318
0.277051
0.278650
0.284205
0.281842
0.274010
0.307927
0.231284
0.261079
0.258687
0.270323
0.285016
0.307634
0.306731
0.272850
0.275273
0.276084
0.311051
0.311200
0.199157
0.303318
0.256384
0.202965
0.202625
0.255146
0.252102
0.181046
0.181057
0.189619
0.197850
0.189674
0.295186
0.263608
0.260964
0.256401
0.247433
0.244904
0.218690
0.248232
0.253490
0.244942
0.239291
0.233120
0.235789
0.231357
0.252264
0.249762
0.228689
0.231912
0.246008
0.249076
0.250950
0.255770
0.255385
0.228095
0.220605
0.257476
0.226827
0.245933
0.228818
0.252509
0.242354
0.249506
0.214447
0.234665
0.232706
0.198870
0.219962
0.224877
0.232103
0.240273
0.176556
0.181509
0.181965
0.466629
0.466629
0.466629
0.466629
0.466629
0.466629
0.466629
0.466629
0.466629
0.466629
0.466629
0.466629
0.466629
0.466629
0.466629
0.466629
0.466629
0.466629
0.466629
0.466629
0.466629
0.302888
0.303720
0.302757
0.302239
0.302027
0.303080
0.290888
0.290619
0.288999
0.287883
0.287306
0.288705
0.279709
0.280184
0.279379
0.284999
0.279375
0.283712
0.279445
0.283853
0.283557
0.276348
0.284298
0.287663
0.288340
0.271399
0.274344
0.266918
0.266283
0.266483
0.267830
0.267163
0.266945
0.269729
0.271675
0.273489
0.274522
0.270452
0.268572
0.279133
0.266948
0.266973
0.287569
0.276315
0.272995
0.275050
0.276770
0.276174
0.281015
0.276615
0.274715
0.277095
0.276525
0.281856
0.277937
0.282332
0.283063
0.285481
0.287271
0.291135
0.298585
0.283615
0.280121
0.273145
0.272281
0.271718
0.272787
0.271694
0.271347
0.271887
0.270973
0.271267
0.272301
0.271505
0.270245
0.271255
0.271053
0.271099
0.270183
0.270392
0.269141
0.273523
0.271362
0.264648
0.301226
0.243913
0.251018
0.239114
0.236453
0.248776
0.250129
0.257560
0.262047
0.265307
0.268311
0.270527
0.267166
0.255344
0.265620
0.259183
0.257952
0.258920
0.258082
0.258207
0.266874
0.264048
0.264073
0.263973
0.264255
0.263353
0.262964
0.266749
0.263816
0.265109
0.265298
0.266996
0.263431
0.265141
0.264765
0.244438
0.243501
0.240931
