0.056203
0.056071
0.056084
0.056084
0.056252
0.056192
0.056193
0.056193
0.056206
0.055274
0.055190
0.055247
0.055211
0.055360
0.055094
0.054998
0.054991
0.055074
0.054947
0.054928
0.055038
0.054676
0.054760
0.054754
0.054666
0.054457
0.054624
0.054625
0.054653
0.054563
0.054576
0.054563
0.054567
0.054578
0.054615
0.054621
0.054619
0.054567
0.054158
0.054158
0.054159
0.054478
0.054478
0.054478
0.054482
0.054481
0.054423
0.054487
0.054852
0.054862
0.054860
0.054860
0.054853
0.054963
0.054964
0.054964
0.054967
0.054926
0.054847
0.054847
0.054847
0.054847
0.054846
0.054847
0.054845
0.054846
0.054846
0.054846
0.054846
0.054896
0.054846
0.054846
0.054846
0.054846
0.054846
0.054897
0.054845
0.054845
0.054846
0.054846
0.054846
0.054896
0.054846
0.054846
0.054846
0.054846
0.054846
0.054897
0.054846
0.054846
0.054846
0.054846
0.054846
0.054896
0.054846
0.054846
0.054856
0.054894
0.054892
0.054892
0.054855
0.054972
0.054971
0.054971
0.054971
0.055121
0.054947
0.054947
0.054946
0.054851
0.054850
0.054851
0.054850
0.054850
0.054850
0.054850
0.054850
0.054850
0.054850
0.054083
0.027036
0.027036
0.027036
0.027036
0.027036
0.027036
0.027036
0.027036
0.027036
0.027036
0.027036
0.027036
0.027036
0.027036
0.027036
0.027036
0.027036
0.027036
0.027036
0.027036
0.027036
0.027036
0.027036
0.027038
0.139438
0.135836
0.135839
0.137672
0.137088
0.133820
0.129982
0.126021
0.135732
0.136014
0.129502
0.127339
0.127925
0.127149
0.139424
0.126520
0.127381
0.131476
0.127679
0.132422
0.129035
0.130500
0.128619
0.131615
0.128125
0.130552
0.128072
0.127936
0.126983
0.133262
0.132388
0.133995
0.132696
0.133031
0.131902
0.131705
0.138927
0.141413
0.132986
0.138786
0.139009
0.140391
0.139340
0.136910
0.139020
0.137000
0.134999
0.129211
0.131009
0.131819
0.131404
0.130428
0.133909
0.134168
0.134396
0.134729
0.135250
0.129562
0.129107
0.129787
0.126963
0.131539
0.131462
0.132182
0.134156
0.138459
0.136261
0.135085
0.135315
0.131160
0.135472
0.131627
0.137890
0.131591
0.130652
0.131519
0.137381
0.138207
0.138138
0.134796
0.135556
0.136025
0.138622
0.131782
0.132645
0.131875
0.132355
0.132927
0.132699
0.133037
0.130258
0.137132
0.133318
0.133073
0.133233
0.132144
0.128750
0.130451
0.133624
0.129999
0.139507
0.133369
0.131901
0.132561
0.131626
0.136570
0.135669
0.139950
0.139070
0.138817
0.139551
0.138119
0.137581
0.136913
0.133744
0.133977
0.134908
0.134186
0.133316
0.134681
0.134421
0.132344
0.130224
0.130217
0.132062
0.132297
0.318779
0.316937
0.316885
0.318001
0.317500
0.317844
0.318970
0.317274
0.317241
0.317775
0.320273
0.319638
0.319667
0.322568
0.321252
0.319668
0.314613
0.318789
0.311753
0.315018
0.315770
0.315924
0.316287
0.316470
0.314684
0.311985
0.312458
0.316594
0.315255
0.315388
0.315017
0.311427
0.311394
0.317985
0.311349
0.319678
0.111986
0.110347
0.110980
0.100101
0.098911
0.097966
0.098384
0.103064
0.106647
0.105357
0.106860
0.099348
0.108444
0.102537
0.111736
0.111318
0.106788
0.108729
0.106071
0.103816
0.110308
0.112563
0.117291
0.119616
0.117601
0.115776
0.121761
0.124392
0.125983
0.124841
0.126832
0.122492
0.127133
0.118592
0.116695
0.119240
0.118186
0.113010
0.107625
0.104917
0.094872
0.094891
0.093753
0.095852
0.096425
0.096651
0.098031
0.098838
0.098880
0.101254
0.103048
0.103056
0.103432
0.103044
0.102057
0.107610
0.107259
0.105213
0.114238
0.115605
0.115649
0.122988
0.127125
0.130063
0.129376
0.130896
0.129958
0.128413
0.124966
0.128744
0.126157
0.124147
0.122603
0.121483
0.123020
0.069041
0.069073
0.068658
0.067473
0.078245
0.071507
0.071307
0.070370
0.071996
0.070101
0.072118
0.048917
0.047805
0.047926
0.047548
0.049722
0.045910
0.050812
0.061222
0.046305
0.046796
0.097073
0.097814
0.099660
0.097576
0.098263
0.096595
0.096409
0.096364
0.094496
0.099611
0.097716
0.101569
0.101713
0.097985
0.100540
0.102056
0.100137
0.103385
0.102240
0.103685
0.102032
0.103252
0.103940
0.104113
0.104467
0.105046
0.104379
0.104695
0.105459
0.105143
0.075488
0.075641
0.075953
0.073814
0.073723
0.073912
0.073356
0.073556
0.074359
0.073453
0.074257
0.073712
0.074630
0.074252
0.075713
0.075183
0.075743
0.074182
0.075101
0.074654
0.076031
0.076006
0.075999
0.076080
0.075884
0.075946
0.076004
0.076000
0.076011
0.075954
0.076244
0.111540
0.110659
0.111227
0.112029
0.111203
0.111777
0.111584
0.111945
0.111404
0.111300
0.107336
0.110389
0.110905
0.110435
0.110558
0.110714
0.107588
0.075504
0.076546
0.075936
0.076461
0.075702
0.075991
0.076512
0.075151
0.076192
0.076504
0.076242
0.101435
0.100747
0.100879
0.101365
0.101407
0.102810
0.103191
0.103561
0.105938
0.105898
0.105965
0.106168
0.107220
0.108219
0.107741
0.109793
0.107613
0.107646
0.109007
0.108856
0.109673
0.109770
0.110737
0.111225
0.109870
0.107909
0.106218
0.105883
0.106425
0.106262
0.107204
0.106704
0.104152
0.104089
0.102812
0.103453
0.103274
0.103801
0.104678
0.101963
0.102047
0.104635
0.103494
0.099823
0.105148
0.105251
0.101748
0.101450
0.100142
0.100987
0.100644
0.099872
0.099054
0.100246
0.100990
0.100229
0.101422
0.100825
0.101016
0.105327
0.110527
0.106474
0.115117
0.114878
0.115875
0.118214
0.113952
0.112343
0.114751
0.113927
0.113538
0.124287
0.127074
0.123083
0.125623
0.123306
0.124264
0.124441
0.128927
0.130675
0.130150
0.128820
0.127404
0.127268
0.127615
0.127099
0.129321
0.131434
0.125604
0.124905
0.124081
0.115355
0.124456
0.121717
0.122378
0.120642
0.121412
0.119478
0.119006
0.112698
0.115763
0.114896
0.122228
0.124220
0.107820
0.107236
0.107504
0.102122
0.099044
0.098776
0.098911
0.099872
0.100291
0.099807
0.100253
0.101119
0.099488
0.100262
0.100089
0.099963
0.134910
0.133379
0.134334
0.133614
0.132480
0.132687
0.133633
0.131536
0.132530
0.132449
0.135084
0.135539
0.134749
0.136566
0.135136
0.133375
0.128948
0.130414
0.128136
0.129410
0.078400
0.079982
0.079624
0.079443
0.078776
0.079601
0.079932
0.079924
0.078935
0.079418
0.089157
0.085747
0.087514
0.086581
0.087262
0.087222
0.088241
0.088075
0.088724
0.089088
0.090075
0.078534
0.078540
0.100578
0.102312
0.090595
0.104728
0.109351
0.105153
0.105250
0.104852
0.109151
0.103693
0.109302
0.104550
0.105197
0.105020
0.104639
0.105190
0.105461
0.099047
0.104557
0.103768
0.097971
0.103695
0.103130
0.104402
0.104319
0.104592
0.103693
0.103937
0.102976
0.103537
0.103943
0.104558
0.100447
0.217162
0.217665
0.220418
0.226274
0.231295
0.230396
0.232233
0.243581
0.217608
0.217900
0.221992
0.223827
0.247170
0.245868
0.230754
0.245189
0.246805
0.243693
0.229754
0.211749
0.217164
0.212321
0.216697
0.194401
0.211008
0.219621
0.219561
0.219912
0.207394
0.196852
0.194896
0.192791
0.190075
0.196116
0.166327
0.153841
0.165370
0.153179
0.177571
0.180837
0.232791
0.236979
0.244919
0.245857
0.251414
0.252120
0.258574
0.268249
0.068446
0.069395
0.068801
0.066601
0.066791
0.066862
0.066836
0.067405
0.066347
0.066695
0.066693
0.065982
0.065843
0.066432
0.067178
0.066382
0.064804
0.066844
0.067003
0.066019
0.067076
0.067185
0.064886
0.067138
0.066871
0.067008
0.066457
0.327866
0.317291
0.322395
0.325421
0.321558
0.317755
0.303672
0.238455
0.224309
0.238644
0.225787
0.234094
0.263295
0.276744
0.537672
0.041576
0.023604
0.020586
0.020693
0.054458
0.063696
0.053193
0.062732
0.069903
0.067061
0.063450
0.063836
0.066261
0.071456
0.073480
0.083712
0.090608
0.087538
0.122249
0.171376
0.159246
0.200963
0.205507
0.206069
0.225864
0.272104
0.285658
0.362287
0.379220
0.281175
0.029124
0.020866
0.022172
0.022863
0.020486
0.020327
0.020638
0.022290
0.022045
0.024555
0.019675
0.020277
0.019893
0.020045
0.020498
0.020339
0.020715
0.021383
0.023888
0.032256
0.032660
0.025030
0.030930
0.030675
0.023460
0.029847
0.025037
0.030176
0.115525
0.114587
0.116638
0.118773
0.118985
0.118102
0.118168
0.118394
0.120445
0.117957
0.118218
0.120417
0.120683
0.120619
0.118132
0.120318
0.115971
0.120711
0.116307
0.116187
0.116567
0.115761
0.117070
0.116534
0.078297
0.080663
0.078769
0.079301
0.078431
0.078038
0.080511
0.078352
0.078011
0.073040
0.077741
0.076877
0.080458
0.081186
0.079864
0.079262
0.074705
0.075988
0.076634
0.077232
0.077425
0.076068
0.075147
0.074904
0.075185
0.075195
0.075082
0.074832
0.074696
0.075569
0.078735
0.077199
0.075077
0.076936
0.076465
0.075034
0.030565
0.030281
0.031063
0.039191
0.039062
0.036759
0.040099
0.021387
0.022816
0.022384
0.022599
0.022838
0.024203
0.025048
0.026090
0.048171
0.047115
0.049339
0.050032
0.051237
0.047105
0.045344
0.048825
0.047676
0.054928
0.049361
0.053744
0.052486
0.051198
0.051312
0.052698
0.053104
0.052687
0.050350
0.050480
0.093859
0.094021
0.095117
0.095347
0.093766
0.094063
0.090225
0.091287
0.090936
0.089124
0.089958
0.090448
0.090141
0.088528
0.087681
0.088154
0.086083
0.085571
0.083544
0.083106
0.085069
0.082738
0.083173
0.082567
0.082986
0.073899
0.061023
0.054866
0.044406
0.039056
0.031058
0.025684
0.023165
0.017838
0.014967
0.015123
0.011823
0.011477
0.010706
0.011960
0.012071
0.011448
0.013661
0.013814
0.015068
0.016723
0.018226
0.017965
0.019557
0.020897
0.021591
0.023154
0.022788
0.023738
0.026767
0.026767
0.025607
0.026768
0.033319
0.028337
0.029304
0.027197
0.024289
0.024142
0.023653
0.022689
0.022256
0.019254
0.019294
0.018538
0.018878
0.017024
0.017167
0.017916
0.018851
0.020868
0.022940
0.025613
0.029397
0.033518
0.038615
0.040373
0.036136
0.038329
0.037253
0.037183
0.037510
0.037587
0.037231
0.037967
0.038262
0.037564
0.039359
0.038025
0.036149
0.036746
0.037350
0.036382
0.036019
0.034232
0.035815
0.035479
0.035368
0.035400
0.035224
0.032626
0.036915
0.035308
0.035838
0.036035
0.036837
0.036132
0.036203
0.036174
0.034636
0.036824
0.038875
0.037994
0.038082
0.037582
0.038380
0.038027
0.038867
0.038820
0.037748
0.039928
0.040177
0.065730
0.065906
0.065894
0.065664
0.065482
0.066159
0.065885
0.065917
0.065652
0.065939
0.066365
0.066362
0.065449
0.066256
0.066045
0.066353
0.065607
0.066521
0.066241
0.066457
0.066245
0.066284
0.066235
0.066488
0.066230
0.066432
0.066494
0.066471
0.066224
0.066462
0.066156
0.066629
0.066117
0.066135
0.066342
0.066562
0.037778
0.037926
0.037775
0.037789
0.037876
0.037721
0.037544
0.035702
0.034915
0.035573
0.035483
0.035478
0.035381
0.035842
0.035029
0.036241
0.035935
0.036233
0.035922
0.035982
0.035959
0.036950
0.024095
0.024570
0.024457
0.023811
0.024186
0.024049
0.024242
0.023943
0.024723
0.025227
0.024103
0.023776
0.023486
0.024759
0.024770
0.024927
0.024469
0.024435
0.023677
0.023980
0.113138
0.128337
0.145115
0.166731
0.188435
0.194182
0.199740
0.197962
0.186051
0.170914
0.154582
0.144969
0.140892
0.141074
0.146598
0.146854
0.145985
0.145414
0.141915
0.138823
0.136414
0.036109
0.035041
0.035086
0.035532
0.035414
0.037130
0.036391
0.035499
0.035404
0.035826
0.036713
0.036429
0.036131
0.037456
0.037570
0.037724
0.037776
0.038803
0.041485
0.042347
0.042519
0.038999
0.037775
0.038943
0.039919
0.039423
0.038690
0.040301
0.040194
0.039950
0.039745
0.039218
0.040111
0.041103
0.035205
0.038405
0.038421
0.037797
0.038850
0.038583
0.038396
0.038366
0.036792
0.039746
0.039600
0.041513
0.040352
0.034374
0.036096
0.041233
0.041134
0.041432
0.042485
0.041882
0.044024
0.045126
0.040595
0.039648
0.041218
0.048710
0.039820
0.040658
0.042727
0.046787
0.043336
0.047562
0.052617
0.051954
0.050225
0.051477
0.042514
0.055912
0.027037
0.027037
0.027037
0.023572
0.023293
0.022393
0.021399
0.020681
0.018294
0.016697
0.014882
0.014625
0.013237
0.012371
0.011599
0.012289
0.012876
0.015363
0.025407
0.027663
0.027875
0.037832
0.047958
0.059507
0.072094
0.088301
0.106580
0.106377
0.106005
0.106366
0.107988
0.109146
0.110422
0.112730
0.114819
0.113138
0.112554
0.113204
0.115299
0.115512
0.114928
0.114775
0.113366
0.115394
0.113906
0.115278
0.112164
0.111430
0.095191
0.094265
0.094984
0.094578
0.094866
0.095488
0.095244
0.094672
0.095360
0.095272
0.095302
0.142880
0.141831
0.140254
0.140857
0.140621
0.140092
0.140648
0.141068
0.096720
0.098531
0.140226
0.098461
0.098500
0.098441
0.041217
0.044283
0.045959
0.045821
0.046516
0.051986
0.049845
0.049898
0.046727
0.047305
0.052400
0.046628
0.048853
0.046163
0.044666
0.046914
0.041108
0.045142
0.046550
0.048057
0.119574
0.124457
0.146906
0.150873
0.153398
0.134855
0.142526
0.123701
0.117449
0.117104
0.116220
0.108242
0.112433
0.104220
0.104064
0.104068
0.110439
0.112162
0.108835
0.112210
0.109928
0.111304
0.103619
0.098894
0.098813
0.095035
0.094575
0.093918
0.094322
0.092503
0.090093
0.087938
0.090419
0.090502
0.085846
0.087474
0.084307
0.087320
0.085751
0.086470
0.086357
0.089052
0.087063
0.092000
0.086468
0.092680
0.091934
0.087088
0.086901
0.087420
0.087228
0.087477
0.073049
0.073560
0.076020
0.073732
0.073752
0.072096
0.059163
0.057407
0.057058
0.055880
0.056226
0.056554
0.056164
0.058085
0.059652
0.058745
0.063288
0.057769
0.057451
0.056511
0.117439
0.114076
0.115313
0.116738
0.117598
0.116420
0.112710
0.116165
0.116361
0.115222
0.115407
0.116411
0.114676
0.115271
0.115168
0.115406
0.115617
0.115624
0.115284
0.115686
0.115346
0.115579
0.045595
0.045888
0.045752
0.045845
0.045477
0.046008
0.045814
0.046001
0.045647
0.046567
0.046601
0.046740
0.046235
0.046614
0.045747
0.140145
0.172932
0.173023
0.173100
0.156278
0.144306
0.157382
0.162092
0.156454
0.171612
0.146412
0.143890
0.174139
0.144979
0.150837
0.172042
0.146120
0.153259
0.156322
0.157200
0.153164
0.149581
0.163991
0.159226
0.156902
0.160365
0.161855
0.162387
0.157516
0.161092
0.158011
0.146926
0.146497
0.145211
0.158889
0.149713
0.158366
0.157320
0.157932
0.149116
0.150474
0.149861
0.104513
0.102088
0.107173
0.106276
0.108015
0.094997
0.109166
0.098984
0.098192
0.089938
0.071171
0.086679
0.085201
0.082127
0.083357
0.095535
0.108021
0.101942
0.099729
0.099312
0.098957
0.100056
0.137517
0.139407
0.137316
0.138203
0.138479
0.139292
0.138331
0.138717
0.139479
0.139814
0.139136
0.138311
0.139500
0.138997
0.138836
0.137590
0.138846
0.139421
0.138861
0.138172
0.138195
0.139273
0.034407
0.033874
0.033469
0.033910
0.034355
0.035167
0.037567
0.038251
0.033067
0.035108
0.030521
0.028839
0.027939
0.028862
0.026049
0.027054
0.026649
0.026551
0.027383
0.028595
0.027820
0.026664
0.026360
0.024754
0.025459
0.025254
0.026836
0.024312
0.025659
0.026174
0.027365
0.028008
0.028108
0.027697
0.026752
0.027355
0.024025
0.024801
0.024316
0.024865
0.024978
0.026262
0.028333
0.027901
0.045570
0.045529
0.045536
0.046488
0.045511
0.046558
0.046670
0.046711
0.046564
0.046143
0.045416
0.046487
0.046365
0.046121
0.045775
0.045528
0.046352
0.045279
0.045962
0.044972
0.022099
0.022023
0.021940
0.023178
0.023370
0.023491
0.022614
0.022894
0.022988
0.022564
0.022776
0.022869
0.023426
0.023469
0.023328
0.022425
0.024112
0.021389
0.024383
0.021053
0.021691
0.022087
0.021728
0.021687
0.021552
0.020999
0.021488
0.021992
0.022332
0.021058
0.022006
0.022365
0.022349
0.022456
0.022455
0.022230
0.022455
0.022216
0.022196
0.021584
0.022638
0.022799
0.030804
0.029238
0.028837
0.029501
0.030837
0.031397
0.031026
0.030204
0.030183
0.030187
0.028721
0.029304
0.029271
0.029576
0.029559
0.031463
0.030586
0.028387
0.028841
0.028006
0.027206
0.028284
0.029238
0.030789
0.010132
0.010619
0.011170
0.010230
0.010116
0.012097
0.011904
0.012062
0.011650
0.011938
0.011637
0.011986
0.010697
0.009113
0.012668
0.010177
0.011819
0.010244
0.010404
0.009052
0.010292
0.008984
0.008987
0.009193
0.010282
0.009182
0.009181
0.010508
0.009175
0.010500
0.010518
0.010559
0.009214
0.009203
0.009256
0.009265
0.012096
0.009281
0.011944
0.032131
0.033201
0.033156
0.033104
0.031207
0.032704
0.033317
0.033224
0.032432
0.032268
0.032588
0.033028
0.032339
0.031964
0.032532
0.032123
0.031964
0.032797
0.032722
0.031698
0.032063
0.032732
0.033276
0.032789
0.032739
0.033366
0.033026
0.032613
0.032914
0.032760
0.032115
0.031811
0.031267
0.032144
0.031514
0.030112
0.032088
0.031425
0.031510
0.030957
0.031922
0.030663
0.031685
0.031440
0.031523
0.031629
0.027254
0.031347
0.031588
0.031764
0.026956
0.100811
0.101195
0.100810
0.102318
0.099460
0.099981
0.100846
0.099285
0.099329
0.099426
0.099678
0.099292
0.099490
0.099144
0.097917
0.098721
0.099170
0.100133
0.100893
0.100458
0.100982
0.099848
0.100092
0.099782
0.100039
0.098743
0.100403
0.098830
0.100356
0.100172
0.100695
0.100866
0.100759
0.099864
0.101114
0.102127
0.066480
0.070306
0.074763
0.079319
0.070614
0.071592
0.072009
0.073857
0.071618
0.071865
0.072012
0.069575
0.071315
0.070882
0.067028
0.069900
0.074507
0.077705
0.075621
0.074224
0.074559
0.077664
0.080801
0.080361
0.081097
0.080293
0.081114
0.080814
0.081785
0.083038
0.083279
0.085201
0.085311
0.084669
0.084301
0.077677
0.080672
0.084311
0.084184
0.079008
0.077805
0.084430
0.084737
0.084909
0.084340
0.084709
0.084681
0.084429
0.083807
0.085283
0.084082
0.084109
0.084588
0.084834
0.086137
0.085760
0.086033
0.026805
0.027065
0.027300
0.025925
0.025827
0.025309
0.025405
0.027621
0.026717
0.026019
0.024480
0.023611
0.022316
0.024278
0.024874
0.025433
0.026599
0.023777
0.024965
0.024486
0.022076
0.020503
0.021254
0.021681
0.022289
0.021405
0.021445
0.021669
0.021641
0.022235
0.021818
0.022756
0.022906
0.023028
0.022674
0.004375
0.003981
0.004413
0.004455
0.004518
0.004520
0.004478
0.004843
0.004885
0.004811
0.004787
0.004752
0.004436
0.004786
0.004249
0.004329
0.004229
0.004253
0.004186
0.004666
0.004300
0.002480
0.004614
0.004265
0.004216
0.004220
0.004261
0.023202
0.022500
0.024399
0.023724
0.023413
0.023602
0.022785
0.022845
0.023660
0.023695
0.024238
0.023698
0.024825
0.024080
0.025213
0.025267
0.024962
0.024804
0.025408
0.025055
0.025141
0.025022
0.024427
0.025920
0.026129
0.025717
0.002157
0.002136
0.002144
0.002144
0.002432
0.002400
0.002357
0.002460
0.002234
0.002283
0.002499
0.002471
0.002453
0.002174
0.002139
0.002089
0.002074
0.002189
0.002331
0.002210
0.001398
0.001195
0.000856
0.003835
0.003408
0.002486
0.000917
0.000529
0.000381
0.000389
0.000364
0.000343
0.000262
0.000252
0.000287
0.000231
0.000188
0.000099
0.000102
0.000000
0.000092
0.000413
0.000809
0.000816
0.000755
0.000790
0.000823
0.017277
0.016730
0.016841
0.016786
0.016574
0.016939
0.017816
0.019738
0.019431
0.019285
0.019272
0.019290
0.019089
0.019007
0.018972
0.018925
0.018907
0.019302
0.012397
0.012588
0.012503
0.012418
0.012331
0.012501
0.012360
0.012357
0.014281
0.014055
0.014152
0.014219
0.014096
0.013603
0.013183
0.014305
0.014068
0.012362
0.012160
0.012371
0.012028
0.012010
0.013385
0.013482
0.015328
0.014003
0.014086
0.022718
0.022964
0.023174
0.023607
0.022921
0.022558
0.022689
0.023193
0.023334
0.023290
0.023418
0.023941
0.022946
0.022713
0.023774
0.023889
0.022595
0.023390
0.013394
0.013309
0.012801
0.011264
0.011588
0.011332
0.011324
0.011731
0.010792
0.010859
0.010930
0.011221
0.011504
0.017652
0.017732
0.018132
0.019030
0.018273
0.018843
0.019972
0.018214
0.019078
0.020452
0.019217
0.017558
0.017309
0.016368
0.017312
0.015597
0.017695
0.015836
0.015771
0.016489
0.016356
0.076604
0.076388
0.076396
0.073673
0.074880
0.070675
0.075272
0.072840
0.071914
0.071980
0.073527
0.073688
0.073428
0.073225
0.076412
0.073641
0.076532
0.076431
0.076224
0.063477
0.143478
0.144447
0.144036
0.144359
0.143518
0.144678
0.148046
0.145185
0.147754
0.147414
0.149449
0.149196
0.148084
0.146602
0.146695
0.145797
0.146605
0.146758
0.141910
0.145896
0.145818
0.142215
0.142871
0.146193
0.080006
0.081284
0.084144
0.082608
0.082965
0.081070
0.071524
0.076747
0.075198
0.075006
0.073675
0.074016
0.076255
0.059772
0.052270
0.051306
0.051315
0.054908
0.054867
0.052648
0.053639
0.139727
0.138807
0.139344
0.139495
0.139492
0.140185
0.140275
0.142746
0.140324
0.143060
0.142490
0.143022
0.142602
0.143365
0.019429
0.019643
0.020680
0.017413
0.018602
0.019132
0.019705
0.020082
0.019092
0.018968
0.018961
0.018799
0.017889
0.018662
0.020125
0.021258
0.027701
0.022755
0.019485
0.019306
0.019046
0.019524
0.019454
0.051514
0.062930
0.059240
0.060108
0.057934
0.058746
0.059214
0.055369
0.066640
0.064123
0.064988
0.066533
0.058882
0.053505
0.052691
0.052272
0.050493
0.050911
0.051985
0.052393
0.051348
0.051151
0.053627
0.052064
0.059751
0.058888
0.059989
0.061607
0.060932
0.062565
0.064848
0.065040
0.063917
0.062012
0.052791
0.052162
0.027699
0.028579
0.028071
0.029226
0.029247
0.029200
0.029033
0.029396
0.031736
0.029459
0.039152
0.031986
0.032188
0.309805
0.308183
0.307175
0.307327
0.306163
0.308697
0.308250
0.306280
0.308247
0.307623
0.309059
0.307106
0.308469
0.306142
0.303283
0.303954
0.303247
0.307959
0.309156
0.309194
0.311156
0.312038
0.304113
0.310915
0.311450
0.311903
0.310940
0.311543
0.309852
0.309421
0.308671
0.309244
0.311210
0.309372
0.040275
0.039117
0.039697
0.040525
0.039555
0.039143
0.039358
0.039881
0.041147
0.040607
0.042180
0.042566
0.042212
0.042614
0.042310
0.042471
0.042655
0.042922
0.042942
0.043854
0.042637
0.042829
0.042708
0.042516
0.042633
0.041660
0.041672
0.041855
0.041790
0.041804
0.041758
0.032964
0.033401
0.033380
0.032720
0.033272
0.032962
0.030891
0.031206
0.030212
0.029865
0.030188
0.030622
0.029331
0.029363
0.030584
0.029490
0.029313
0.029809
0.032196
0.031996
0.030383
0.031154
0.029146
0.028356
0.109301
0.110324
0.114369
0.113565
0.113389
0.112358
0.112094
0.111179
0.109471
0.107217
0.107814
0.107655
0.105581
0.105859
0.106014
0.107301
0.106966
0.028734
0.028714
0.028509
0.029087
0.029213
0.030121
0.032097
0.030211
0.029835
0.030011
0.031102
0.032818
0.040747
0.041783
0.028568
0.029140
0.027899
0.040914
0.042864
0.101918
0.099828
0.099104
0.101844
0.101577
0.101480
0.103137
0.102587
0.101119
0.101341
0.101415
0.099812
0.100087
0.100529
0.100550
0.100740
0.100412
0.099418
0.099959
0.098779
0.022566
0.021771
0.022789
0.022610
0.023032
0.024805
0.023210
0.022504
0.020939
0.021038
0.020970
0.021193
0.022041
0.068607
0.070296
0.069232
0.069913
0.068969
0.071589
0.066018
0.064670
0.064182
0.063804
0.066623
0.065967
0.068438
0.067616
0.072242
0.061195
0.059444
0.060472
0.061259
0.062147
0.055536
0.060393
0.054104
0.049469
0.045778
0.083580
0.077048
0.078110
0.074808
0.075724
0.091255
0.071979
0.073558
0.077538
0.033260
0.034438
0.034415
0.034098
0.035753
0.036442
0.037080
0.036089
0.037328
0.040999
0.045283
0.040500
0.043404
0.046806
0.047883
0.049431
0.044198
0.044209
0.041736
0.043039
0.042308
0.041511
0.042125
0.042082
0.040140
0.039820
0.034214
0.032243
0.033018
0.036389
0.038815
0.033335
0.033075
0.022559
0.023407
0.024325
0.024810
0.024056
0.024165
0.026958
0.025715
0.027088
0.026328
0.026962
0.025709
0.026825
0.026868
0.012964
0.013428
0.013085
0.012896
0.013459
0.014618
0.013154
0.013173
0.013483
0.014008
0.013158
0.013397
0.013644
0.013803
0.014502
0.014684
0.084061
0.087357
0.092083
0.097653
0.099093
0.088501
0.089520
0.088710
0.090394
0.085158
0.081157
0.071105
0.065231
0.051123
0.044648
0.039811
0.036143
0.031178
0.025565
0.025055
0.032006
0.029404
0.029770
0.310256
0.310955
0.310677
0.310967
0.311813
0.310202
0.312171
0.312017
0.309937
0.309732
0.311503
0.309738
0.311120
0.308551
0.310604
0.309106
0.308767
0.309800
0.309484
0.309143
0.308666
0.308711
0.308615
0.308981
0.308955
0.308901
0.309013
0.308758
0.309015
0.308980
0.309570
0.307748
0.309336
0.308387
0.308306
0.310438
0.045493
0.044365
0.047292
0.047611
0.045453
0.044486
0.045657
0.051967
0.051731
0.053173
0.053824
0.054321
0.053440
0.050567
0.051280
0.049961
0.050464
0.042321
0.041888
0.035689
0.036859
0.053183
0.049670
0.049061
0.050324
0.047547
0.047987
0.048246
0.048115
0.051503
0.045288
0.049959
0.050382
0.049565
0.052467
0.052880
0.043327
0.045376
0.045775
0.045442
0.043662
0.042596
0.042322
0.047565
0.047095
0.046045
0.045407
0.046155
0.046204
0.046660
0.044965
0.045109
0.045860
0.046107
0.044992
0.046268
0.046282
0.045963
0.046487
0.046953
0.046083
0.046596
0.046515
0.046385
0.046145
0.046439
0.045218
0.045464
0.045452
0.045032
0.045021
0.044387
0.045312
0.046612
0.048610
0.057626
0.058677
0.056128
0.061221
0.058288
0.057774
0.052560
0.051977
0.052367
0.052225
0.055485
0.055798
0.055834
0.055986
0.053426
0.053153
0.053489
0.054083
0.053272
0.050525
0.056745
0.058804
0.248456
0.248571
0.248845
0.250392
0.248200
0.247866
0.248907
0.247091
0.249589
0.247085
0.249423
0.247770
0.246378
0.248908
0.247956
0.246392
0.249878
0.248308
0.246826
0.247707
0.246391
0.246664
0.246110
0.246317
0.245997
0.246472
0.246645
0.244517
0.244463
0.245924
0.243833
0.244052
0.244212
0.243206
0.242989
0.130557
0.129349
0.125478
0.123710
0.121828
0.113961
0.096826
0.109164
0.108759
0.107588
0.109934
0.103900
0.109701
0.112943
0.109221
0.109403
0.107195
0.104963
0.104634
0.105324
0.087912
0.090956
0.103507
0.104403
0.100242
0.015316
0.015243
0.015419
0.016012
0.015873
0.019462
0.019392
0.018391
0.015094
0.015101
0.014868
0.014765
0.014608
0.014665
0.014716
0.014563
0.014444
0.014504
0.014617
0.014712
0.013238
0.013032
0.012996
0.012737
0.013105
0.012796
0.013072
0.012725
0.012847
0.013000
0.012763
0.012911
0.012941
0.013104
0.013076
0.056571
0.057628
0.057542
0.058383
0.057644
0.057795
0.058491
0.057631
0.056757
0.056508
0.058087
0.057689
0.056984
0.057129
0.056756
0.056884
0.025240
0.023383
0.024440
0.025533
0.026219
0.029222
0.029946
0.028623
0.029129
0.034153
0.033152
0.035872
0.032428
0.030895
0.018688
0.023082
0.021091
0.022357
0.022187
0.023496
0.026395
0.025890
0.023039
0.021491
0.023083
0.025409
0.016985
0.018241
0.017343
0.018457
0.016601
0.021422
0.023344
0.017037
0.018309
0.020127
0.017461
0.020546
0.018580
0.016744
0.017175
0.016664
0.016483
0.016779
0.020552
0.015317
0.014012
0.014093
0.019446
0.019264
0.019273
0.015275
0.019062
0.020781
0.018861
0.019050
0.022840
0.019534
0.020294
0.299197
0.298211
0.298397
0.299667
0.305997
0.299160
0.295185
0.298479
0.294230
0.295060
0.294774
0.294309
0.295091
0.294808
0.297775
0.300148
0.298808
0.299417
0.298328
0.300962
0.298192
0.296575
0.303795
0.296513
0.293246
0.301376
0.301094
0.300990
0.297135
0.297627
0.296725
0.295938
0.295690
0.296905
0.299273
0.299869
0.299055
0.296256
0.298204
0.302503
0.286698
0.296677
0.297185
0.288399
0.291740
0.196470
0.193696
0.192299
0.194465
0.192081
0.193899
0.195499
0.196419
0.197003
0.197572
0.195107
0.195854
0.186042
0.187468
0.187183
0.189100
0.192592
0.192878
0.193444
0.192681
0.193225
0.197611
0.198173
0.197271
0.197737
0.198012
0.197655
0.199616
0.199639
0.201065
0.201203
0.202024
0.201348
0.201989
0.040539
0.039069
0.044722
0.038045
0.036185
0.037134
0.036854
0.046237
0.042955
0.045444
0.044402
0.044689
0.046531
0.037068
0.022804
0.030935
0.022738
0.054994
0.023481
0.021667
0.021773
0.021764
0.021830
0.021832
0.021766
0.021780
0.021788
0.021761
0.021993
0.021856
0.021784
0.016312
0.016349
0.016241
0.015994
0.015962
0.014873
0.022033
0.018603
0.014770
0.018776
0.018984
0.023314
0.022210
0.019576
0.020692
0.035789
0.040275
0.035205
0.034911
0.034326
0.033425
0.033149
0.034669
0.034783
0.034717
0.034503
0.040225
0.040457
0.040441
0.040929
0.041316
0.044945
0.041340
0.041289
0.041039
0.041247
0.040665
0.040306
0.046070
0.040034
0.046007
0.039582
0.039471
0.111567
0.111698
0.112958
0.114321
0.114381
0.115406
0.113738
0.113987
0.113741
0.114066
0.113694
0.113386
0.113165
0.114193
0.113653
0.060825
0.060857
0.050286
0.042052
0.033732
0.023167
0.016371
0.014254
0.010485
0.013046
0.014902
0.017239
0.019781
0.022468
0.024795
0.027034
0.021614
0.015843
0.009298
0.008477
0.020483
0.051046
0.108503
0.203886
0.200753
0.203416
0.205410
0.205777
0.204442
0.202982
0.204223
0.204387
0.204447
0.204214
0.205771
0.204873
0.204710
0.205150
0.020319
0.022386
0.021408
0.021260
0.025728
0.022670
0.022731
0.020348
0.071244
0.060422
0.051523
0.045435
0.027485
0.027139
0.026128
0.032191
0.032225
0.026574
0.026587
0.027024
0.027388
0.026585
0.027301
0.046190
0.071185
0.067418
0.080250
0.104832
0.027035
0.027035
0.027036
0.027036
0.027036
0.027036
0.027036
0.027035
0.027036
0.027035
0.027035
0.027035
0.027035
0.027035
0.027035
0.027035
0.027036
0.027035
0.027036
0.027035
0.027036
0.027036
0.027036
0.027036
0.027036
0.027036
0.027036
0.027036
0.027036
0.027036
0.027036
0.027036
0.027037
0.041738
0.041582
0.036780
0.034725
0.034416
0.033868
0.036886
0.036893
0.038835
0.036902
0.038296
0.040520
0.038782
0.038055
0.037790
0.038178
0.039964
0.036965
0.038562
0.039187
0.039575
0.038705
0.038731
0.039641
0.040560
0.040993
0.039475
0.040154
0.040241
0.036803
0.038348
0.037278
0.037512
0.038942
0.039407
0.041109
0.032842
0.041261
0.030544
0.037372
0.034871
0.034280
0.030607
0.031039
0.031932
0.031278
0.032178
0.032696
0.028871
0.033740
0.031648
0.036741
0.036410
0.039598
0.038822
0.091719
0.091275
0.090605
0.092227
0.091634
0.090648
0.086785
0.087259
0.085981
0.085044
0.080590
0.081989
0.083741
0.018407
0.015893
0.016065
0.016348
0.021506
0.018700
0.025029
0.019400
0.017254
0.019847
0.021731
0.021897
0.022467
0.072859
0.073856
0.078028
0.077783
0.077234
0.078695
0.077873
0.079526
0.080333
0.096987
0.091789
0.084157
0.080077
0.078865
0.067425
0.064953
0.063306
0.064747
0.087066
0.091764
0.089112
0.092511
0.090985
0.091806
0.091548
0.093194
0.093184
0.091716
0.093691
0.093106
0.093747
0.092224
0.094957
0.090965
0.092969
0.092530
0.030862
0.033004
0.033776
0.029873
0.032662
0.031635
0.029770
0.033848
0.028589
0.026951
0.025693
0.026417
0.025706
0.026583
0.029927
0.027752
0.027665
0.027800
0.027917
0.028439
0.027549
0.027141
0.027367
0.027711
0.026718
0.027210
0.027228
0.027065
0.027194
0.027118
0.027344
0.027028
0.027106
0.047676
0.048162
0.049528
0.049369
0.051187
0.051835
0.057740
0.057510
0.054646
0.052854
0.018863
0.018254
0.018598
0.014146
0.038455
0.040683
0.038251
0.036469
0.038527
0.041416
0.041485
0.038830
0.042425
0.039645
0.055409
0.058077
0.054204
0.065186
0.069197
0.066154
0.062188
0.064081
0.066350
0.063364
0.068961
0.068990
0.069292
0.068558
0.068089
0.069387
0.067820
0.094930
0.096742
0.094487
0.094353
0.097362
0.096948
0.096830
0.098730
0.094383
0.093420
0.100604
0.102085
0.103041
0.102109
0.088500
0.089807
0.088525
0.094254
0.094961
0.092975
0.095332
0.095501
0.093031
0.095216
0.084303
0.091053
0.085293
0.074292
0.074883
0.075113
0.075745
0.044127
0.046413
0.044399
0.043022
0.045071
0.044528
0.044261
0.041719
0.042939
0.027109
0.023166
0.021138
0.023725
0.020825
0.021205
0.024792
0.027889
0.025321
0.023059
0.023169
0.020459
0.025659
0.024534
0.024803
0.024744
0.024400
0.025069
0.019360
0.019577
0.019291
0.019523
0.019496
0.018802
0.025137
0.019726
0.020704
0.020495
0.020217
0.020183
0.020278
0.020363
0.020368
0.020199
0.020491
0.020435
0.020427
0.020076
0.020292
0.019879
0.020025
0.020197
0.020421
0.020341
0.021358
0.021107
0.021181
0.021181
0.022973
0.020952
0.021258
0.020680
0.022538
0.022003
0.021529
0.021081
0.022221
0.021852
0.022050
0.021861
0.027031
0.019380
0.015807
0.015598
0.013768
0.013873
0.011876
0.011935
0.013619
0.013734
0.015714
0.017686
0.020710
0.023882
0.027938
0.031970
0.037055
0.042917
0.049073
0.055330
0.064388
0.070902
0.079199
0.085581
0.094896
0.103081
0.112131
0.124290
0.134229
0.147310
0.160745
0.169632
0.181616
0.193578
0.204995
0.219866
0.235894
0.248859
0.262571
0.269895
0.274593
0.272747
0.275087
0.275641
0.275780
0.275922
0.277459
0.276661
0.276085
0.276049
0.276225
0.277068
0.276391
0.275808
0.276808
0.277011
0.277402
0.272193
0.272455
0.274849
0.271386
0.270058
0.271204
0.270770
0.271134
0.271655
0.270118
0.271997
0.271303
0.274869
0.271203
0.268690
0.274705
0.271730
0.131895
0.130787
0.130108
0.130666
0.129214
0.128910
0.130539
0.128615
0.128776
0.128268
0.127713
0.128977
0.125989
0.126858
0.127491
0.127625
0.131077
0.126465
0.130811
0.130060
0.129010
0.127746
0.133408
0.132311
0.131797
0.134423
0.135824
0.131536
0.135038
0.135019
0.137171
0.140306
0.135743
0.133199
0.134730
0.136029
0.135758
0.135861
0.135835
0.135141
0.135401
0.135948
0.133884
0.134553
0.135910
0.135256
0.134391
0.135143
0.134935
0.136463
0.138431
0.136861
0.138009
0.137616
0.138114
0.137626
0.137196
0.137251
0.136956
0.136717
0.136502
0.135983
0.129287
0.132359
0.128725
0.130056
0.130363
0.135039
0.138263
0.136463
0.138410
0.134903
0.134625
0.137625
0.129513
0.131649
0.137636
0.136912
0.130352
0.133316
0.133951
0.134137
0.132708
0.132961
0.305286
0.301844
0.302009
0.302368
0.301706
0.301642
0.303926
0.302954
0.302398
0.302788
0.303022
0.300568
0.300945
0.300438
0.301649
0.300753
0.300178
0.302062
0.300392
0.300111
0.299919
0.299879
0.299541
0.298531
0.298305
0.298515
0.301234
0.299542
0.299865
0.299445
0.298550
0.298158
0.300899
0.300689
0.298965
0.299472
0.298810
0.299248
0.298223
0.301465
0.023988
0.023988
