0.237840
0.237840
0.237840
0.237840
0.237840
0.237848
0.198112
0.174745
0.174729
0.154500
0.133125
0.138948
0.150828
0.145679
0.160649
0.196522
0.182928
0.179091
0.144844
0.156483
0.159620
0.150340
0.141013
0.139030
0.133615
0.137917
0.141683
0.140794
0.142705
0.143163
0.131405
0.131144
0.137986
0.136102
0.134570
0.135620
0.136737
0.137572
0.137228
0.138889
0.137858
0.138272
0.136383
0.135825
0.114046
0.116336
0.115234
0.113092
0.108257
0.095604
0.099552
0.099820
0.093675
0.095786
0.096434
0.091572
0.089573
0.093093
0.090561
0.099075
0.098088
0.098141
0.095162
0.093729
0.084739
0.099176
0.097025
0.092987
0.099257
0.092492
0.104895
0.102723
0.102604
0.104477
0.102483
0.100158
0.093302
0.097828
0.098857
0.100777
0.106626
0.109779
0.113841
0.122270
0.128521
0.132318
0.138873
0.166790
0.149413
0.150465
0.163182
0.162310
0.162017
0.153698
0.154169
0.150084
0.153034
0.151695
0.155817
0.156821
0.158591
0.161714
0.160336
0.152667
0.132737
0.146537
0.167561
0.161882
0.161963
0.159757
0.154175
0.153533
0.150513
0.147485
0.139078
0.146643
0.149045
0.145980
0.148596
0.145073
0.147702
0.146962
0.148251
0.151493
0.154904
0.154378
0.157233
0.161473
0.161840
0.161318
0.159670
0.159897
0.160076
0.153380
0.158701
0.159254
0.155427
0.156245
0.157414
0.154394
0.156199
0.152318
0.150987
0.153658
0.153494
0.151113
0.153484
0.154823
0.156778
0.157511
0.164625
0.168690
0.164082
0.168127
0.156968
0.165835
0.152989
0.164754
0.146743
0.146981
0.149191
0.169603
0.162312
0.159241
0.159128
0.158238
0.167204
0.162470
0.178351
0.169034
0.169165
0.128695
0.128293
0.127720
0.127660
0.127865
0.126307
0.125642
0.127375
0.128225
0.125252
0.125067
0.123568
0.127426
0.125786
0.129655
0.145832
0.147691
0.128944
0.130304
0.128480
0.129813
0.130017
0.130256
0.130105
0.129169
0.128914
0.129172
0.131551
0.133754
0.130112
0.126735
0.126740
0.127522
0.121916
0.126106
0.127024
0.117842
0.159649
0.158847
0.159944
0.156399
0.160256
0.160693
0.155339
0.124217
0.127255
0.128073
0.130407
0.128950
0.121078
0.111785
0.120398
0.120544
0.120933
0.120130
0.119978
0.119732
0.121374
0.121317
0.120323
0.120187
0.120112
0.119200
0.125159
0.120486
0.120805
0.120162
0.120726
0.120720
0.121174
0.121142
0.121239
0.121404
0.145604
0.143186
0.143402
0.143331
0.143518
0.143397
0.143378
0.142033
0.142727
0.142903
0.142433
0.142093
0.143953
0.143014
0.142996
0.142571
0.142693
0.141994
0.142067
0.144492
0.143240
0.144212
0.144587
0.140592
0.144712
0.142321
0.177179
0.186578
0.192983
0.187916
0.190113
0.194890
0.185247
0.184049
0.183521
0.179944
0.182655
0.174329
0.176471
0.162611
0.173934
0.160981
0.176354
0.176833
0.179488
0.176225
0.176505
0.174433
0.180528
0.181972
0.189717
0.186071
0.199200
0.212813
0.230357
0.231351
0.208592
0.184357
0.158886
0.145781
0.121580
0.102373
0.092454
0.090836
0.091989
0.091569
0.091999
0.092250
0.092170
0.092305
0.093334
0.089372
0.090268
0.088915
0.090570
0.088906
0.089006
0.089069
0.088997
0.088918
0.088483
0.088531
0.163132
0.161167
0.150215
0.148832
0.155403
0.161806
0.162396
0.153906
0.135038
0.137738
0.137565
0.134968
0.144162
0.143408
0.135450
0.135501
0.112011
0.100092
0.090552
0.103367
0.111053
0.101093
0.113188
0.116183
0.131042
0.137159
0.134178
0.159348
0.163639
0.162107
0.164348
0.158120
0.166366
0.169547
0.160030
0.166695
0.161620
0.156247
0.169137
0.169196
0.236665
0.236688
0.236688
0.236688
0.236681
0.236688
0.230520
0.221852
0.214927
0.211532
0.209412
0.203516
0.200196
0.199874
0.200554
0.200563
0.199430
0.200442
0.201002
0.200536
0.200524
0.200464
0.200525
0.201395
0.201585
0.201394
0.201655
0.206531
0.207131
0.206453
0.206510
0.206521
0.202838
0.205927
0.204483
0.201698
0.202766
0.199215
0.202680
0.199952
0.199088
0.199839
0.199921
0.200752
0.199256
0.199317
0.199324
0.199032
0.100297
0.118147
0.103714
0.092750
0.112278
0.103623
0.107958
0.099645
0.101330
0.105681
0.113035
0.113861
0.110556
0.110175
0.113943
0.120501
0.091360
0.138636
0.133622
0.147368
0.137456
0.133760
0.132213
0.134725
0.137418
0.136321
0.109417
0.137202
0.134259
0.143809
0.143622
0.143585
0.127336
0.102387
0.115200
0.124828
0.119363
0.100864
0.101543
0.103218
0.110193
0.106602
0.108480
0.105260
0.105376
0.103029
0.100009
0.102462
0.099754
0.098717
0.100346
0.098867
0.097416
0.098233
0.098976
0.104125
0.100603
0.108812
0.093703
0.107011
0.116377
0.113864
0.116192
0.115412
0.109520
0.117467
0.110880
0.109990
0.108970
0.108930
0.109799
0.106792
0.106439
0.109522
0.110418
0.108780
0.111680
0.108913
0.107156
0.104355
0.107190
0.109059
0.104612
0.108073
0.103308
0.107823
0.106479
0.102302
0.111483
0.100477
0.094986
0.103255
0.094231
0.096244
0.098937
0.096929
0.099213
0.098741
0.096219
0.098593
0.096747
0.092532
0.092240
0.091849
0.092007
0.165913
0.167765
0.167564
0.168120
0.137565
0.172295
0.151268
0.154143
0.165246
0.163517
0.154678
0.154760
0.175201
0.176113
0.174857
0.175981
0.178230
0.179303
0.139379
0.141616
0.132641
0.140054
0.134485
0.141912
0.138751
0.144881
0.141323
0.139958
0.146561
0.145933
0.146003
0.130726
0.131464
0.131381
0.116919
0.105168
0.103780
0.103691
0.102151
0.114179
0.108072
0.108390
0.110283
0.107761
0.110791
0.111982
0.113201
0.115862
0.120886
0.121686
0.101146
0.126095
0.125203
0.120039
0.118777
0.121187
0.122627
0.118097
0.119350
0.119225
0.181961
0.181244
0.182649
0.183977
0.184466
0.183978
0.181401
0.181149
0.178612
0.188301
0.187187
0.186083
0.180277
0.178882
0.171784
0.149502
0.161262
0.176731
0.154466
0.159322
0.162118
0.164177
0.166502
0.173036
0.165478
0.172434
0.075778
0.075661
0.076289
0.076311
0.075048
0.075983
0.075818
0.075867
0.075682
0.077473
0.075828
0.076382
0.076032
0.077502
0.077531
0.077175
0.077561
0.078420
0.077575
0.077697
0.077802
0.075807
0.078950
0.077417
0.074749
0.072822
0.075257
0.076801
0.074850
0.076288
0.070269
0.076980
0.076751
0.077164
0.078038
0.071881
0.071853
0.072686
0.073395
0.071412
0.075248
0.070157
0.070655
0.071573
0.080789
0.079831
0.078578
0.082239
0.090123
0.096420
0.092741
0.105172
0.081355
0.080689
0.085716
0.085781
0.080143
0.092961
0.085671
0.102864
0.085847
0.105444
0.104991
0.104055
0.104680
0.107237
0.107269
0.102651
0.103922
0.102691
0.104993
0.105208
0.104336
0.105262
0.102286
0.102613
0.097242
0.097520
0.098203
0.091979
0.103455
0.093603
0.102151
0.102479
0.099244
0.234887
0.233682
0.236454
0.233137
0.233774
0.215282
0.260663
0.242781
0.229777
0.199132
0.209236
0.199950
0.224092
0.228288
0.217743
0.224564
0.228730
0.236703
0.298833
0.234906
0.223140
0.248507
0.239949
0.282380
0.291941
0.288189
0.251272
0.246774
0.247100
0.267158
0.240324
0.264906
0.268481
0.279726
0.270187
0.263695
0.270348
0.281951
0.285368
0.290276
0.285680
0.280291
0.279817
0.279107
0.283076
0.306698
0.309386
0.301044
0.307991
0.299653
0.299806
0.269060
0.275904
0.269608
0.300674
0.300644
0.275282
0.275209
0.274270
0.297688
0.308011
0.360265
0.294353
0.296066
0.297442
0.291540
0.284182
0.291856
0.292906
0.295256
0.291933
0.287469
0.278404
0.287259
0.279895
0.280747
0.270149
0.258287
0.207568
0.169719
0.142256
0.117949
0.110995
0.159464
0.153291
0.163407
0.189578
0.193996
0.196973
0.219866
0.219198
0.230228
0.232360
0.232646
0.234909
0.246308
0.244238
0.245436
0.246579
0.246745
0.243837
0.248466
0.243878
0.244838
0.244064
0.244704
0.244819
0.242490
0.243821
0.242837
0.244071
0.244949
0.247710
0.246604
0.242968
0.242680
0.242921
0.242876
0.242874
0.242567
0.248701
0.248464
0.247890
0.247967
0.247969
0.247912
0.242939
0.242604
0.242443
0.242494
0.242785
0.242942
0.243052
0.242746
0.242876
0.243015
0.243093
0.242526
0.242047
0.241957
0.242333
0.242191
0.242236
0.242409
0.242306
0.242332
0.242802
0.242742
0.243146
0.242169
0.241249
0.241256
0.242627
0.243196
0.240441
0.231204
0.230110
0.224667
0.259762
0.216508
0.241765
0.250324
0.235197
0.228108
0.173556
0.174841
0.150649
0.116253
0.141222
0.135256
0.110517
0.111171
0.110035
0.110534
0.109805
0.106685
0.115092
0.111994
0.121375
0.114291
0.115491
0.117588
0.114474
0.112142
0.111039
0.115087
0.110712
0.111714
0.114552
0.107305
0.105272
0.105059
0.103585
0.114320
0.104366
0.112561
0.109202
0.110537
0.109961
0.114827
0.120694
0.120257
0.120550
0.115738
0.115944
0.116640
0.119096
0.124201
0.119597
0.113851
0.125606
0.122748
0.120404
0.114538
0.126550
0.125026
0.116256
0.122998
0.117852
0.116235
0.122443
0.120333
0.113918
0.116230
0.115259
0.116159
0.119959
0.117570
0.124812
0.117652
0.119644
0.110641
0.115122
0.114377
0.113016
0.109929
0.111918
0.117767
0.119768
0.117174
0.119348
0.119714
0.119414
0.116765
0.114391
0.118238
0.119641
0.114454
0.122303
0.115345
0.120757
0.119727
0.116231
0.121284
0.121650
0.121488
0.123590
0.122279
0.121655
0.115567
0.117093
0.115722
0.112120
0.110240
0.111125
0.109271
0.114705
0.110822
0.108613
0.112868
0.110831
0.113173
0.109093
0.106930
0.112018
0.113353
0.112063
0.111497
0.111301
0.113569
0.110020
0.110769
0.114370
0.112291
0.116391
0.115786
0.122640
0.124503
0.117531
0.126594
0.126430
0.118811
0.120620
0.119678
0.118077
0.121655
0.122232
0.123750
0.120293
0.119552
0.119259
0.116670
0.116779
0.115574
0.112170
0.117557
0.114726
0.120851
0.112479
0.120757
0.118251
0.116086
0.112354
0.110955
0.111024
0.111715
0.141434
0.174475
0.175255
0.172095
0.177686
0.173779
0.172679
0.171430
0.172602
0.172048
0.170217
0.155563
0.173927
0.174027
0.173401
0.153517
0.152890
0.152869
0.153264
0.165634
0.164597
0.165072
0.165221
0.168016
0.165363
0.164915
0.166066
0.147443
0.154436
0.157886
0.149158
0.154368
0.148912
0.148429
0.146685
0.146948
0.147553
0.147861
0.149320
0.149251
0.147641
0.150898
0.172180
0.171954
0.166927
0.167622
0.153489
0.166266
0.167812
0.146902
0.149513
0.149591
0.149211
0.149610
0.149788
0.148578
0.150229
0.149757
0.148744
0.150900
0.150327
0.150026
0.150296
0.150221
0.149015
0.150196
0.151076
0.150440
0.151254
0.151979
0.150702
0.150988
0.151684
0.151519
0.148703
0.152143
0.152137
0.170631
0.158799
0.171389
0.171391
0.158696
0.171599
0.152243
0.152585
0.171627
0.166295
0.166414
0.166859
0.171173
0.171373
0.165830
0.173313
0.195674
0.195902
0.167021
0.184201
0.157733
0.190462
0.191336
0.163903
0.163070
0.166121
0.189613
0.189238
0.189805
0.155091
0.156968
0.157367
0.156091
0.156839
0.187734
0.187763
0.156825
0.158334
0.157407
0.158740
0.156561
0.158990
0.156588
0.156554
0.157484
0.161322
0.149716
0.149412
0.148963
0.153237
0.149879
0.149720
0.149310
0.150287
0.158810
0.160554
0.158867
0.148731
0.148877
0.148666
0.150091
0.149051
0.154618
0.154028
0.157561
0.157080
0.150435
0.156165
0.146933
0.146457
0.156156
0.150614
0.154801
0.155283
0.155129
0.155667
0.153365
0.155846
0.153241
0.156085
0.155303
0.154398
0.154087
0.155521
0.155492
0.154198
0.148269
0.154063
0.146745
0.145680
0.153357
0.192083
0.148065
0.149116
0.155656
0.191359
0.149731
0.149932
0.199736
0.149989
0.149514
0.152347
0.134491
0.130652
0.131378
0.132311
0.132896
0.133476
0.130787
0.130737
0.127194
0.130657
0.128455
0.134449
0.133989
0.121919
0.125523
0.127326
0.131543
0.126137
0.127150
0.124794
0.135571
0.129539
0.130319
0.133710
0.132090
0.129488
0.138565
0.138718
0.135237
0.128475
0.124062
0.123228
0.121847
0.123248
0.123921
0.121104
0.129540
0.126833
0.123517
0.124213
0.130465
0.125439
0.121791
0.120849
0.119299
0.118484
0.121255
0.118739
0.121004
0.126334
0.126775
0.126484
0.123857
0.131781
0.132882
0.133620
0.130388
0.125822
0.124733
0.123032
0.112796
0.111476
0.115842
0.111130
0.106059
0.119171
0.118574
0.121348
0.120822
0.127537
0.123819
0.129183
0.128331
0.121754
0.133296
0.132293
0.131337
0.131852
0.121077
0.124605
0.129693
0.120767
0.120525
0.119370
0.123011
0.122522
0.121072
0.128120
0.129473
0.134377
0.131858
0.136885
0.133527
0.126742
0.125239
0.137261
0.139668
0.138573
0.140389
0.136615
0.128784
0.124276
0.130681
0.131588
0.132603
0.137089
0.129938
0.131554
0.130776
0.133341
0.137998
0.136643
0.135025
0.138297
0.143030
0.137517
0.137862
0.133034
0.131625
0.136301
0.134547
0.137179
0.138717
0.137483
0.138382
0.136189
0.137255
0.126813
0.128269
0.130820
0.133902
0.136221
0.129052
0.127905
0.129294
0.130944
0.130771
0.132102
0.135096
0.140232
0.139421
0.140026
0.134718
0.130205
0.131276
0.125667
0.125742
0.126699
0.126189
0.125896
0.138475
0.137395
0.132979
0.134377
0.130399
0.136415
0.127715
0.129337
0.128509
0.130883
0.127809
0.126401
0.126437
0.124092
0.127129
0.127525
0.130856
0.125938
0.125141
0.126548
0.126535
0.131658
0.130292
0.128330
0.131202
0.128983
0.128107
0.129828
0.129039
0.133065
0.133285
0.133683
0.127182
0.126865
0.130391
0.130750
0.131287
0.127258
0.129850
0.126467
0.127634
0.126902
0.125310
0.129337
0.130805
0.129268
0.130953
0.128050
0.129345
0.128535
0.127319
0.130123
0.132495
0.130245
0.129716
0.127738
0.127342
0.129379
0.129129
0.132666
0.131983
0.129765
0.127422
0.130361
0.130952
0.131195
0.129526
0.127319
0.131299
0.129608
0.128450
0.130903
0.126491
0.127603
0.130359
0.129329
0.129938
0.130102
0.134240
0.132347
0.130584
0.130374
0.133306
0.132905
0.130114
0.130038
0.131220
0.131009
0.130816
0.126405
0.131628
0.131843
0.132390
0.130976
0.131150
0.129940
0.130642
0.129983
0.134932
0.126807
0.129437
0.135526
0.130663
0.131756
0.132620
0.136099
0.131725
0.135038
0.133161
0.134238
0.133893
0.139010
0.137798
0.140052
0.137274
0.136557
0.138297
0.133633
0.130589
0.132764
0.131623
0.131489
0.132001
0.130476
0.126383
0.136783
0.133631
0.132987
0.133270
0.135813
0.133774
0.136396
0.134353
0.137253
0.133697
0.135406
0.137476
0.132195
0.125943
0.129511
0.131712
0.129989
0.128135
0.129451
0.128049
0.129021
0.127462
0.124327
0.122597
0.121890
0.122438
0.122522
0.118944
0.119754
0.120430
0.127005
0.127816
0.127421
0.126583
0.121396
0.122520
0.121672
0.126527
0.133591
0.134704
0.117526
0.123493
0.117980
0.115989
0.115769
0.129749
0.113850
0.129390
0.129587
0.128310
0.128120
0.125027
0.116996
0.117266
0.135136
0.126503
0.136807
0.136181
0.137408
0.137878
0.138965
0.140705
0.136445
0.138254
0.138248
0.125248
0.133869
0.128340
0.137185
0.126491
0.126271
0.149674
0.149031
0.149857
0.150035
0.136765
0.132047
0.129984
0.105379
0.129281
0.163576
0.206425
0.229930
0.229971
0.238072
0.236010
0.233782
0.229696
0.216695
0.190567
0.158867
0.135532
0.114548
0.117578
0.121581
0.120282
0.119572
0.121496
0.118174
0.112839
0.110493
0.121721
0.125034
0.127053
0.134081
0.122393
0.116094
0.127034
0.127776
0.122088
0.117567
0.130144
0.122715
0.117955
0.120249
0.118546
0.117633
0.120487
0.137076
0.125796
0.118390
0.121849
0.119852
0.113643
0.117414
0.117524
0.117767
0.117598
0.118304
0.118075
0.119147
0.117532
0.118065
0.116482
0.119588
0.115545
0.123931
0.123865
0.121201
0.124477
0.124738
0.122442
0.127866
0.133001
0.125516
0.119557
0.115177
0.125333
0.119736
0.111673
0.108582
0.114301
0.113212
0.113371
0.114616
0.116318
0.116324
0.117157
0.116267
0.117550
0.119846
0.116396
0.117362
0.117475
0.116817
0.116529
0.117919
0.116559
0.113052
0.112839
0.112542
0.114948
0.115558
0.115262
0.115287
0.114574
0.114563
0.114519
0.114725
0.114665
0.116200
0.116002
0.117347
0.115072
0.116611
0.115119
0.115776
0.116730
0.121140
0.114439
0.117871
0.113696
0.112114
0.114160
0.112916
0.112944
0.112472
0.112089
0.112481
0.113769
0.113389
0.113687
0.113246
0.113685
0.114342
0.113371
0.114959
0.114364
0.114296
0.112899
0.113406
0.114230
0.113630
0.113303
0.116469
0.115044
0.113863
0.112754
0.114543
0.115085
0.115490
0.115438
0.114438
0.114158
0.110147
0.113134
0.111998
0.112401
0.111518
0.109984
0.111068
0.114940
0.113826
0.115113
0.114965
0.115496
0.114825
0.112738
0.114078
0.114166
0.114306
0.114382
0.112543
0.112490
0.111988
0.115190
0.114030
0.114389
0.114288
0.114955
0.111925
0.112783
0.114422
0.115367
0.114372
0.115565
0.115291
0.114128
0.115386
0.114494
0.113808
0.113807
0.112616
0.113713
0.114752
0.116043
0.114266
0.209014
0.208989
0.210279
0.213807
0.213685
0.215702
0.218251
0.218718
0.219162
0.219748
0.218546
0.218697
0.218204
0.215358
0.198804
0.182129
0.181836
0.176075
0.170927
0.168742
0.167513
0.166716
0.155972
0.159379
0.163819
0.165468
0.161983
0.158521
0.165345
0.156204
0.154261
0.168704
0.169884
0.159320
0.166485
0.176117
0.174116
0.172553
0.174367
0.178842
0.178909
0.206721
0.198094
0.203584
0.202719
0.200523
0.200334
0.202169
0.201143
0.183583
0.205693
0.206424
0.201799
0.205106
0.208442
0.207708
0.200041
0.201212
0.206045
0.208117
0.209958
0.208688
0.211003
0.212524
0.207406
0.207769
0.208522
0.209113
0.208634
0.210975
0.210827
0.211525
0.211197
0.211986
0.210948
0.208312
0.207710
0.209195
0.211278
0.210510
0.211114
0.211006
0.210535
0.211294
0.211009
0.211392
0.210859
0.209684
0.208058
0.210919
0.211551
0.209608
0.210745
0.207734
0.206841
0.208097
0.209267
0.209252
0.213180
0.210002
0.204497
0.206147
0.207281
0.211117
0.210406
0.210627
0.210376
0.207106
0.211811
0.209739
0.207850
0.210929
0.210873
0.212577
0.210432
0.210055
0.210280
0.208915
0.211015
0.210650
0.211794
0.209637
0.209275
0.208654
0.210006
0.207683
0.205999
0.209693
0.207681
0.209515
0.210304
0.211323
0.213488
0.213090
0.211717
0.211112
0.208924
0.211257
0.211112
0.208020
0.209180
0.210502
0.212467
0.212281
0.205610
0.209425
0.211611
0.212120
0.211605
0.208002
0.212405
0.209569
0.208432
0.213174
0.207393
0.209927
0.212669
0.212754
0.213540
0.212140
0.212955
0.209021
0.212935
0.212995
0.213513
0.211511
0.211787
0.212824
0.212619
0.211112
0.213241
0.211987
0.213355
0.209961
0.210259
0.212864
0.210523
0.212404
0.211246
0.211315
0.208145
0.211953
0.212277
0.210802
0.209774
0.212859
0.211651
0.206746
0.209344
0.210322
0.210306
0.187437
0.122919
0.127393
0.123718
0.125006
0.125694
0.126105
0.125187
0.124701
0.124083
0.125903
0.125203
0.124441
0.124037
0.123890
0.126623
0.118871
0.126769
0.124859
0.122957
0.121268
0.121651
0.124038
0.118504
0.117324
0.117431
0.116787
0.118831
0.119363
0.119292
0.117205
0.118612
0.118993
0.117873
0.117402
0.117395
0.116404
0.115069
0.112857
0.113401
0.113825
0.114430
0.111008
0.110363
0.109754
0.114586
0.112757
0.116875
0.118614
0.119479
0.118989
0.121916
0.118885
0.119519
0.119422
0.117719
0.118094
0.121471
0.120874
0.119528
0.119075
0.119987
0.120233
0.121013
0.120915
0.121128
0.121093
0.120201
0.123295
0.120830
0.122317
0.121389
0.122339
0.122942
0.123215
0.123798
0.124150
0.124065
0.122970
0.122573
0.122141
0.123695
0.122928
0.122416
0.122575
0.119581
0.309865
0.310371
0.310058
0.311158
0.309774
0.309396
0.309908
0.309082
0.310496
0.311406
0.313270
0.313534
0.313081
0.295838
0.312359
0.312259
0.311383
0.311052
0.311149
0.311164
0.311556
0.311689
0.312295
0.311832
0.311173
0.312235
0.312854
0.313106
0.313251
0.311469
0.312678
0.312727
0.313121
0.314495
0.315485
0.315868
0.315759
0.316488
0.311846
0.311764
0.311444
0.311810
0.312093
0.312107
0.311610
0.312458
0.311775
0.313627
0.312913
0.321508
0.312950
0.314281
0.326779
0.326736
0.326208
0.326693
0.326852
0.313960
0.314666
0.314574
0.312630
0.312079
0.311894
0.313202
0.309462
0.322997
0.334250
0.296175
0.289783
0.306983
0.295551
0.286325
0.294406
0.309300
0.307067
0.312091
0.291162
0.301728
0.301767
0.320815
0.305261
0.306590
0.301671
0.301971
0.295511
0.282918
0.308617
0.313100
0.312320
0.322963
0.308703
0.307383
0.278872
0.312448
0.314489
0.317612
0.306006
0.305638
0.312824
0.319324
0.311977
0.323378
0.322242
0.313691
0.315637
0.315027
0.329928
0.332015
0.321725
0.328395
0.325057
0.321920
0.315994
0.311568
0.317057
0.292780
0.285202
0.318503
0.275127
0.313732
0.316319
0.308333
0.310879
0.317772
0.310600
0.311063
0.316701
0.314833
0.312023
0.311912
0.307314
0.307516
0.311574
0.314606
0.308602
0.314407
0.312006
0.307314
0.299461
0.308472
0.306534
0.298970
0.303660
0.305102
0.299157
0.307244
0.297711
0.297504
0.020231
0.020172
0.020069
0.020185
0.020120
0.020237
0.020513
0.020508
0.020463
0.020314
0.019834
0.020566
0.020904
0.020848
0.020541
0.021592
0.021927
0.021677
0.020935
0.020578
0.020309
0.020201
0.020184
0.020486
0.020404
0.019935
0.019143
0.019045
0.019339
0.018466
0.018228
0.017757
0.017752
0.017951
0.017735
0.017575
0.017412
0.017094
0.017676
0.017614
0.017851
0.017706
0.017728
0.017634
0.017771
0.017410
0.017009
0.017364
0.016847
0.016729
0.016663
0.016537
0.016268
0.016249
0.016011
0.015884
0.015823
0.015894
0.015723
0.016602
0.015443
0.015443
0.015187
0.015606
0.015510
0.015947
0.016104
0.016384
0.016097
0.015642
0.015177
0.014779
0.014551
0.014648
0.014302
0.014168
0.014235
0.014006
0.013879
0.014007
0.013971
0.014020
0.013905
0.013961
0.013846
0.013489
0.109679
0.084275
0.108895
0.108711
0.084990
0.106693
0.109459
0.111984
0.114795
0.116951
0.119280
0.115962
0.086095
0.086466
0.089273
0.089754
0.088478
0.087587
0.085713
0.087757
0.086792
0.086364
0.084932
0.078808
0.074331
0.077092
0.076258
0.075833
0.077324
0.074956
0.073994
0.071673
0.073283
0.072914
0.074028
0.075186
0.074386
0.074385
0.074307
0.074822
0.075900
0.073251
0.071801
0.074434
0.074611
0.074509
0.074144
0.073430
0.070614
0.077238
0.079745
0.079642
0.079630
0.079967
0.081804
0.081441
0.077829
0.082570
0.083843
0.083716
0.084774
0.082724
0.084088
0.083613
0.081379
0.080958
0.082033
0.079033
0.078920
0.078428
0.080799
0.077037
0.077243
0.077553
0.077660
0.078372
0.077483
0.078290
0.076182
0.078514
0.076975
0.077691
0.079653
0.075825
0.077639
0.082956
0.081505
0.083053
0.082648
0.081253
0.081874
0.081182
0.081608
0.080239
0.084050
0.081028
0.082394
0.082132
0.080751
0.080071
0.081227
0.081879
0.082189
0.081907
0.079792
0.081583
0.014184
0.014101
0.013805
0.013809
0.014006
0.013287
0.013510
0.013663
0.013749
0.013733
0.013559
0.013576
0.013565
0.013993
0.013846
0.014064
0.014357
0.014332
0.014317
0.014378
0.014254
0.014450
0.014217
0.014601
0.014378
0.014569
0.014587
0.014694
0.014795
0.014810
0.014584
0.014833
0.014834
0.014971
0.015052
0.015044
0.014918
0.014749
0.014605
0.014644
0.014660
0.014102
0.014170
0.014163
0.014558
0.014163
0.014215
0.014578
0.014643
0.014816
0.014904
0.014970
0.015035
0.015226
0.014480
0.014358
0.014451
0.014461
0.014548
0.014741
0.014720
0.014700
0.014781
0.014801
0.014838
0.014778
0.014799
0.014842
0.014709
0.014825
0.014927
0.015061
0.014963
0.015010
0.014928
0.015074
0.015050
0.015088
0.015152
0.015090
0.015692
0.015730
0.015743
0.015699
0.015661
0.015640
0.015836
0.015099
0.015037
0.015030
0.015030
0.015160
0.015098
0.015123
0.014996
0.015001
0.015092
0.110355
0.109813
0.109524
0.110555
0.115742
0.132080
0.131550
0.132631
0.135968
0.139167
0.137903
0.140315
0.136096
0.134029
0.133413
0.135884
0.134213
0.132514
0.132215
0.131478
0.131127
0.130651
0.130230
0.130376
0.130558
0.114507
0.114028
0.112840
0.125618
0.121673
0.123007
0.119034
0.120017
0.124256
0.120816
0.120205
0.120016
0.113151
0.115176
0.115849
0.119781
0.097523
0.105728
0.104338
0.104090
0.103832
0.119130
0.120485
0.098603
0.120443
0.122762
0.122760
0.123381
0.125181
0.122721
0.122587
0.122923
0.123015
0.122169
0.120133
0.119757
0.121365
0.122243
0.123462
0.122058
0.125994
0.124934
0.124011
0.124120
0.122663
0.123034
0.124271
0.123977
0.129427
0.122649
0.012150
0.012199
0.012884
0.012816
0.012955
0.012910
0.012772
0.012768
0.012890
0.012978
0.012876
0.012947
0.012734
0.012493
0.012391
0.012561
0.012726
0.012627
0.012251
0.012252
0.171858
0.171621
0.171606
0.172283
0.172121
0.172138
0.172874
0.172875
0.172885
0.172592
0.173158
0.172825
0.173330
0.173128
0.173199
0.173111
0.173818
0.173254
0.173030
0.173146
0.173017
0.172781
0.173083
0.173149
0.173803
0.174192
0.174125
0.174154
0.173368
0.174172
0.174462
0.174673
0.174474
0.174374
0.175077
0.174348
0.173474
0.173466
0.173388
0.164187
0.164118
0.159209
0.165283
0.164790
0.164153
0.164234
0.164202
0.165377
0.165333
0.165376
0.165575
0.165083
0.164740
0.165476
0.158231
0.159070
0.165167
0.165159
0.165613
0.165714
0.165140
0.165270
0.165876
0.158643
0.165735
0.165724
0.165761
0.165553
0.165209
0.165265
0.165459
0.165920
0.166116
0.165922
0.165280
0.165113
0.166729
0.174392
0.166528
0.174268
0.164447
0.164799
0.163170
0.164584
0.164343
0.164827
0.164346
0.159833
0.160222
0.159925
0.166311
0.160011
0.160327
0.160276
0.160533
0.164466
0.164845
0.164722
0.164985
0.164744
0.164975
0.160187
0.165420
0.165277
0.165123
0.165299
0.165288
0.171793
0.142869
0.137775
0.139746
0.147311
0.146964
0.130611
0.132402
0.140643
0.143300
0.156118
0.169984
0.167092
0.169517
0.171084
0.169568
0.176015
0.175719
0.173517
0.171907
0.176642
0.175417
0.173661
0.174024
0.172812
0.174951
0.174104
0.173189
0.149835
0.148658
0.153058
0.152938
0.154179
0.154792
0.152907
0.153874
0.149595
0.149765
0.149410
0.149922
0.150229
0.151992
0.149908
0.152349
0.151755
0.150007
0.149265
0.150916
0.151124
0.149388
0.151765
0.153915
0.158558
0.180759
0.171576
0.176018
0.145567
0.150622
0.146923
0.150942
0.152145
0.174316
0.175440
0.173621
0.166065
0.156639
0.154559
0.018166
0.017828
0.017923
0.017847
0.017663
0.017632
0.017629
0.017396
0.017436
0.017602
0.017624
0.017995
0.018347
0.017924
0.018239
0.018535
0.019547
0.019364
0.019843
0.020005
0.018248
0.018163
0.017914
0.018245
0.018840
0.020193
0.019981
0.019322
0.019500
0.019196
0.019284
0.018980
0.019335
0.018814
0.018868
0.018665
0.019118
0.019088
0.018799
0.019089
0.018789
0.019227
0.019012
0.019440
0.019771
0.019567
0.019369
0.019713
0.019972
0.019775
0.019131
0.019508
0.019506
0.019508
0.019473
0.019878
0.020107
0.020063
0.020296
0.020260
0.020409
0.076799
0.072983
0.074417
0.074527
0.074850
0.073314
0.073865
0.074739
0.074122
0.074061
0.071084
0.074294
0.079862
0.081909
0.076799
0.075389
0.071294
0.072599
0.071361
0.073953
0.071566
0.077232
0.076837
0.075053
0.079070
0.078370
0.079306
0.079633
0.075713
0.074885
0.072615
0.077507
0.075499
0.078925
0.079411
0.076922
0.077566
0.078269
0.079172
0.078945
0.078487
0.078663
0.077784
0.077576
0.078285
0.079755
0.078729
0.079462
0.078469
0.075526
0.075767
0.076193
0.075658
0.076157
0.075634
0.076649
0.076326
0.076334
0.075550
0.078042
0.077335
0.077932
0.077041
0.078329
0.077991
0.077627
0.077483
0.077781
0.076209
0.077271
0.077771
0.077505
0.076665
0.078816
0.079146
0.077929
0.078525
0.077486
0.073090
0.072017
0.071822
0.066787
0.066261
0.066605
0.066143
0.066586
0.065933
0.065809
0.067751
0.068002
0.067751
0.067460
0.068730
0.069197
0.069779
0.070422
0.070412
0.068106
0.067412
0.069366
0.071683
0.070980
0.077041
0.080088
0.082462
0.079853
0.081086
0.081886
0.079535
0.079205
0.079728
0.081321
0.080050
0.079794
0.079814
0.076662
0.081757
0.075530
0.077827
0.075618
0.074303
0.076805
0.072275
0.073529
0.083298
0.074333
0.087247
0.078177
0.080184
0.079353
0.081538
0.080263
0.079717
0.079095
0.082964
0.085155
0.084729
0.089213
0.089756
0.088072
0.087595
0.088396
0.088564
0.087631
0.086809
0.087363
0.087282
0.088996
0.088301
0.087552
0.097825
0.107014
0.107032
0.107552
0.088887
0.087825
0.089530
0.084762
0.079913
0.084929
0.092871
0.091704
0.084875
0.078670
0.077614
0.071011
0.092930
0.091679
0.093184
0.104894
0.106067
0.107152
0.106430
0.106855
0.106874
0.106269
0.107133
0.107819
0.107561
0.107640
0.107915
0.107567
0.106651
0.106057
0.106872
0.106580
0.106646
0.107480
0.107599
0.107101
0.108695
0.107169
0.107303
0.108187
0.107426
0.108730
0.107393
0.108721
0.108606
0.107501
0.107955
0.107675
0.109123
0.109060
0.109117
0.108171
0.108390
0.107303
0.107599
0.106729
0.107512
0.109771
0.104952
0.106551
0.106980
0.106927
0.107356
0.107216
0.107590
0.077713
0.068315
0.068686
0.067951
0.070703
0.070023
0.069606
0.071784
0.071189
0.079363
0.079772
0.078947
0.079032
0.078319
0.078328
0.079052
0.079600
0.078670
0.078521
0.079439
0.078717
0.078618
0.077803
0.078182
0.079006
0.078554
0.079366
0.078972
0.334483
0.345825
0.340477
0.340013
0.342840
0.350424
0.348942
0.347331
0.351028
0.348624
0.348581
0.345636
0.349131
0.349676
0.344952
0.348582
0.349949
0.344861
0.342013
0.341553
0.336488
0.343738
0.339491
0.341528
0.342075
0.340351
0.342875
0.346588
0.350970
0.357110
0.348555
0.346526
0.347044
0.346376
0.347175
0.343501
0.344881
0.345236
0.346602
0.354504
0.351139
0.349868
0.356743
0.403129
0.356916
0.353612
0.347287
0.341249
0.343723
0.341731
0.344656
0.352683
0.353542
0.353188
0.357484
0.357753
0.356812
0.366152
0.355432
0.359509
0.345380
0.347134
0.347357
0.342871
0.348271
0.349469
0.346476
0.346549
0.347472
0.345494
0.369802
0.346405
0.341332
0.353935
0.353232
0.351523
0.355199
0.352757
0.373451
0.352043
0.351599
0.348165
0.365945
0.366423
0.354980
0.352168
0.350836
0.352452
0.356481
0.352445
0.355294
0.351640
0.344292
0.355658
0.342475
0.343672
0.341226
0.347852
0.015402
0.015151
0.014886
0.014775
0.014500
0.014101
0.014143
0.014324
0.014204
0.014274
0.014191
0.014173
0.014137
0.014056
0.014257
0.014222
0.014235
0.014200
0.014193
0.014240
0.014146
0.014489
0.014955
0.015137
0.015202
0.015310
0.015334
0.015456
0.015400
0.015521
0.015620
0.015728
0.015892
0.015828
0.015826
0.015964
0.015815
0.015648
0.015371
0.014849
0.014964
0.015053
0.015157
0.015346
0.015741
0.015524
0.015507
0.015573
0.015654
0.015875
0.016087
0.016409
0.016415
0.016267
0.016135
0.016252
0.016209
0.015894
0.015566
0.015814
0.015166
0.014928
0.015061
0.015182
0.015444
0.015609
0.015652
0.015595
0.015525
0.015234
0.015147
0.015412
0.015531
0.015600
0.015678
0.015787
0.015971
0.015846
0.098162
0.100841
0.098438
0.101801
0.100503
0.099796
0.099489
0.099620
0.099926
0.099772
0.099886
0.103197
0.099878
0.101809
0.121859
0.122229
0.118778
0.113629
0.111889
0.116990
0.113991
0.119296
0.118391
0.099104
0.099863
0.118418
0.100555
0.118650
0.120428
0.118667
0.118991
0.117186
0.119935
0.116761
0.118166
0.117093
0.120135
0.120690
0.120159
0.120038
0.117900
0.118009
0.118228
0.116534
0.116983
0.114029
0.114148
0.116415
0.098540
0.099556
0.098761
0.100235
0.101276
0.100404
0.100839
0.100831
0.016364
0.016825
0.016992
0.017460
0.017728
0.017848
0.017897
0.017659
0.017948
0.017933
0.017945
0.018073
0.017613
0.017470
0.017510
0.017946
0.017700
0.017969
0.018306
0.018445
0.018477
0.018645
0.018724
0.018949
0.018471
0.018508
0.018232
0.018153
0.018181
0.018493
0.018195
0.018321
0.018348
0.018336
0.018468
0.018688
0.018834
0.018675
0.018993
0.019090
0.019389
0.018875
0.019128
0.019101
0.019137
0.019335
0.019262
0.019413
0.019403
0.019502
0.019577
0.019551
0.019756
0.020476
0.020582
0.020805
0.020505
0.020546
0.020622
0.020563
0.020637
0.020950
0.020746
0.020991
0.020375
0.019529
0.019362
0.020074
0.019338
0.020342
0.020209
0.020437
0.021170
0.021660
0.021190
0.021235
0.270740
0.272391
0.273636
0.278587
0.275179
0.276898
0.277242
0.273313
0.268561
0.272785
0.282178
0.291151
0.274736
0.277734
0.277043
0.281557
0.278451
0.276979
0.269682
0.268988
0.268351
0.275683
0.278019
0.273605
0.270569
0.270876
0.270286
0.270299
0.271856
0.272207
0.273328
0.287104
0.292987
0.287575
0.289062
0.287126
0.282658
0.293912
0.293242
0.291460
0.289169
0.276943
0.286340
0.289589
0.290343
0.275092
0.289363
0.291123
0.276706
0.273141
0.275150
0.269937
0.267483
0.265212
0.273640
0.291801
0.277700
0.277861
0.274500
0.271976
0.271906
0.273976
0.289254
0.289257
0.290683
0.290201
0.272347
0.285529
0.270110
0.271587
0.283644
0.269844
0.274193
0.271857
0.273290
0.272398
0.269678
0.267194
0.281473
0.270722
0.267851
0.268785
0.267998
0.269157
0.285291
0.269031
0.268588
0.269592
0.270373
0.271108
0.269964
0.270272
0.271089
0.269174
0.268177
0.283181
0.270440
0.271310
0.269632
0.268043
0.269559
0.269985
0.271157
0.269805
0.284427
0.268734
0.267859
0.267542
0.268912
0.269880
0.267147
0.268146
0.283905
0.284808
0.272695
0.271985
0.273280
0.268411
0.269118
0.261544
0.261693
0.264663
0.260566
0.269278
0.270271
0.269562
0.269005
0.267928
0.263237
0.263459
0.268349
0.263848
0.264999
0.262607
0.261513
0.261904
0.276533
0.259487
0.079868
0.081700
0.081328
0.081580
0.080553
0.078557
0.079790
0.078744
0.083814
0.083343
0.082012
0.081899
0.081326
0.083419
0.080047
0.079304
0.078046
0.076669
0.077185
0.081461
0.079684
0.079255
0.082199
0.077892
0.081289
0.080449
0.080386
0.080928
0.079089
0.081821
0.084061
0.082775
0.085892
0.087437
0.087955
0.087769
0.088825
0.088479
0.089439
0.089319
0.088998
0.301746
0.302138
0.306391
0.298540
0.302944
0.308105
0.304863
0.305200
0.299482
0.296766
0.305189
0.305907
0.294231
0.306183
0.307618
0.305745
0.307661
0.312418
0.311188
0.310653
0.311225
0.312028
0.309613
0.312201
0.311892
0.306901
0.309564
0.306775
0.311322
0.307931
0.310096
0.312456
0.311782
0.308527
0.308405
0.308276
0.300118
0.312220
0.300336
0.297723
0.303172
0.303885
0.304309
0.305931
0.303972
0.300586
0.298348
0.301566
0.297359
0.297876
0.297725
0.299014
0.297788
0.298787
0.299784
0.299686
0.302485
0.304388
0.302948
0.303375
0.303478
0.308112
0.308710
0.307672
0.307527
0.307522
0.303503
0.308989
0.309667
0.302819
0.304538
0.303337
0.302873
0.304192
0.299860
0.299882
0.306157
0.294102
0.295506
0.296350
0.299576
0.293610
0.290126
0.287781
0.291720
0.288915
0.288469
0.285962
0.285223
0.285677
0.283206
0.281491
0.317017
0.316125
0.337169
0.312137
0.328608
0.330168
0.337204
0.339737
0.332029
0.330880
0.329790
0.336925
0.328923
0.349226
0.351306
0.347336
0.324953
0.332511
0.334811
0.323615
0.350831
0.341142
0.327156
0.324479
0.331276
0.341597
0.342081
0.340652
0.337923
0.342944
0.348145
0.333489
0.324514
0.338671
0.338268
0.323049
0.333611
0.328451
0.338183
0.335573
0.340146
0.337749
0.337204
0.335543
0.336755
0.337808
0.344829
0.336794
0.337295
0.330258
0.341716
0.342653
0.331739
0.331825
0.334521
0.328540
0.336809
0.336177
0.327080
0.321932
0.318790
0.331252
0.332916
0.328251
0.321559
0.330510
0.329165
0.330426
0.327089
0.321225
0.328805
0.319263
0.315498
0.328243
0.330895
0.315322
0.313248
0.314121
0.310459
0.330718
0.315651
0.332167
0.326037
0.325410
0.319902
0.328288
0.314581
0.330231
0.330795
0.316699
0.327605
0.323475
0.315293
0.317985
0.313696
0.330872
0.312348
0.319907
0.316119
0.321840
0.307847
0.318270
0.319161
0.319781
0.318018
0.318356
0.316224
0.314529
0.316592
0.317411
0.316081
0.313781
0.314233
0.323524
0.322864
0.318093
0.331506
0.330378
0.326622
0.329064
0.330218
0.336902
0.333561
0.333601
0.336061
0.337925
0.329402
0.336180
0.340904
0.339916
0.338200
0.337869
0.331716
0.336123
0.332103
0.331961
0.331392
0.327876
0.326605
0.330556
0.327017
0.329635
0.321753
0.323980
0.318464
0.312418
0.310877
0.308359
0.304564
0.310814
0.310673
0.309434
0.307370
0.312249
0.312234
0.312239
0.310025
0.309739
0.308704
0.309970
0.308501
0.308421
0.308404
0.308491
0.308648
0.308638
0.308676
0.308599
0.308982
0.309036
0.310247
0.309878
0.309958
0.309916
0.310120
0.309904
0.309981
0.308734
0.310064
0.309572
0.309982
0.309984
0.309535
0.092708
0.095495
0.090428
0.093983
0.095710
0.094916
0.095016
0.095100
0.094463
0.096444
0.094466
0.096817
0.094670
0.099668
0.099704
0.096450
0.095794
0.096449
0.096468
0.095655
0.099355
0.096110
0.096227
0.095068
0.094856
0.095004
0.094997
0.094582
0.094727
0.094759
0.094406
0.094280
0.094147
0.094633
0.094903
0.094870
0.094654
0.094795
0.094740
0.097376
0.094575
0.094110
0.094540
0.093888
0.094863
0.094891
0.094451
0.097231
0.096793
0.096965
0.096923
0.097035
0.096249
0.096399
0.094685
0.094818
0.094477
0.094673
0.094868
0.095292
0.096423
0.095040
0.095010
0.095023
0.094970
0.097196
0.095298
0.094665
0.094491
0.067847
0.067782
0.066812
0.066745
0.066290
0.072283
0.066395
0.066052
0.065887
0.066524
0.066936
0.067364
0.066375
0.065381
0.088131
0.085292
0.086700
0.081280
0.087791
0.080469
0.080935
0.091026
0.088495
0.082657
0.084296
0.081897
0.080304
0.084259
0.085130
0.085927
0.078062
0.085954
0.086692
0.085981
0.085641
0.086611
0.081902
0.081478
0.082257
0.086271
0.085255
0.073364
0.074695
0.073422
0.070085
0.069106
0.067093
0.066319
0.066337
0.066341
0.066275
0.066792
0.066556
0.065546
0.084993
0.065650
0.086423
0.067535
0.083780
0.064856
0.063405
0.082706
0.064847
0.062595
0.064044
0.084739
0.066707
0.066973
0.066201
0.064809
0.063102
0.065749
0.059901
0.062202
0.058967
0.057650
0.061418
0.060938
0.059550
0.059971
0.065522
0.067149
0.067786
0.073923
0.070170
0.068509
0.068713
0.068063
0.067557
0.067291
0.099047
0.091803
0.087699
0.085523
0.068743
0.070070
0.084963
0.093217
0.090921
0.089068
0.091202
0.090666
0.089063
0.089127
0.089517
0.069166
0.067610
0.012378
0.012309
0.012366
0.012464
0.012522
0.012307
0.012398
0.012400
0.012104
0.011801
0.011647
0.011617
0.011615
0.011176
0.011208
0.011285
0.011391
0.011149
0.011077
0.011025
0.011304
0.011385
0.011190
0.011178
0.011344
0.011276
0.011227
0.011418
0.011379
0.011170
0.011124
0.011019
0.010643
0.010295
0.010122
0.009947
0.009980
0.010223
0.010224
0.010224
0.290888
0.258426
0.277931
0.294746
0.251690
0.247544
0.251540
0.294723
0.292681
0.287611
0.280453
0.257452
0.275266
0.311401
0.299465
0.271103
0.306937
0.297985
0.243908
0.237333
0.285305
0.303789
0.308515
0.289032
0.270961
0.272924
0.304681
0.249170
0.243592
0.281552
0.269898
0.245825
0.283546
0.275188
0.292339
0.274438
0.270062
0.274676
0.289619
0.303486
0.296776
0.301902
0.298042
0.232910
0.303571
0.299108
0.267455
0.279372
0.298041
0.285140
0.291720
0.298404
0.289569
0.294994
0.300846
0.298292
0.284185
0.302387
0.278723
0.296803
0.287340
0.289983
0.298698
0.240116
0.319818
0.326017
0.337767
0.327844
0.262876
0.281871
0.282370
0.282370
0.282374
0.329103
0.329193
0.327908
0.330798
0.329114
0.327584
0.329034
0.328687
0.329230
0.329959
0.329795
0.328951
0.329229
0.329228
0.329495
0.329850
0.329223
0.329441
0.329441
0.329078
0.328873
0.328868
0.328875
0.329080
0.328657
0.328648
0.328590
0.327594
0.322692
0.318496
0.332220
0.307718
0.305036
0.307357
0.307521
0.301386
0.291035
0.293301
0.297832
0.296923
0.297071
0.297530
0.297145
0.297258
0.297146
0.296477
0.297288
0.299442
0.297298
0.299136
0.296905
0.298192
0.299212
0.298025
0.298415
0.300452
0.300519
0.300519
0.300518
0.300550
0.300580
0.300592
0.300526
0.300571
0.300884
0.300687
0.300957
0.300599
0.300645
0.300528
0.300532
0.300616
0.300515
0.300744
0.300722
0.300664
0.299831
0.299888
0.299870
0.299781
0.299677
0.299734
0.299260
0.299783
0.299189
0.299216
0.299186
0.298732
0.299509
0.299174
0.299707
0.298451
0.298130
0.299165
0.299558
0.300015
0.299551
0.299435
0.299497
0.299983
0.299985
0.299427
0.109852
0.110052
0.110594
0.111513
0.112104
0.110954
0.110911
0.109925
0.109713
0.109646
0.109738
0.109231
0.109402
0.108881
0.109730
0.109367
0.109770
0.108839
0.108646
0.109819
0.108853
0.108556
0.111098
0.111182
0.110900
0.110894
0.110565
0.108751
0.108937
0.124420
0.123937
0.124053
0.124325
0.125859
0.135173
0.121747
0.109263
0.109820
0.110583
0.109920
0.130634
0.127113
0.131021
0.125966
0.125966
0.127913
0.103027
0.106493
0.110940
0.111307
0.106116
0.108482
0.112078
0.114248
0.111504
0.115323
0.113546
0.117538
0.116734
0.114177
0.113902
0.113895
0.114787
0.125564
0.126284
0.126594
0.126620
0.127270
0.128757
0.127694
0.129515
0.125606
0.127146
0.126570
0.127770
0.127640
0.127069
0.127005
0.128058
0.128437
0.129372
0.109688
0.084679
0.084900
0.083974
0.083269
0.085648
0.085726
0.086572
0.083874
0.086153
0.084983
0.088242
0.087078
0.085420
0.087933
0.087055
0.089100
0.089534
0.088705
0.084312
0.084545
0.087479
0.084697
0.084915
0.085478
0.084480
0.085320
0.084930
0.087891
0.088611
0.086116
0.085713
0.128824
0.130188
0.124792
0.128793
0.127114
0.122174
0.131382
0.118729
0.132415
0.100341
0.103562
0.114648
0.118427
0.117481
0.120279
0.108882
0.115261
0.115291
0.107158
0.111903
0.104198
0.105617
0.113181
0.108426
0.106294
0.109960
0.111046
0.112494
0.109920
0.108333
0.106551
0.106107
0.135795
0.139017
0.136391
0.121580
0.119362
0.120964
0.118584
0.122505
0.123456
0.121488
0.122288
0.119747
0.122632
0.122023
0.119331
0.119572
0.119744
0.114016
0.117500
0.131466
0.126153
0.124536
0.125392
0.129669
0.120607
0.113253
0.113408
0.113518
0.113848
0.112749
0.109913
0.116097
0.117979
0.111772
0.115538
0.116440
0.108878
0.112777
0.109242
0.106929
0.116405
0.118803
0.109497
0.107014
0.108655
0.109904
0.105338
0.106978
0.109158
0.105830
0.108236
0.113359
0.117776
0.109893
0.118137
0.092898
0.107710
0.095155
0.092796
0.094157
0.091782
0.094921
0.089267
0.091556
0.091929
0.098329
0.103279
0.093203
0.093294
0.106405
0.116418
0.099188
0.116526
0.121796
0.121045
0.107903
0.115970
0.101549
0.100874
0.114137
0.109307
0.107969
0.105043
0.104063
0.102749
0.102366
0.097913
0.098160
0.096627
0.091421
0.088131
0.088562
0.085772
0.086658
0.087319
0.089598
0.089179
0.084934
0.085186
0.084769
0.088624
0.087682
0.089956
0.084390
0.083140
0.092706
0.090646
0.089935
0.090936
0.090832
0.079564
0.081247
0.079336
0.085365
0.077996
0.084467
0.080722
0.080428
0.082973
0.076110
0.078025
0.076292
0.078824
0.076575
0.076281
0.079943
0.079180
0.081522
0.079494
0.075062
0.076697
0.085782
0.082636
0.078166
0.076822
0.075607
0.070357
0.072193
0.073100
0.074034
0.071741
0.083276
0.088291
0.084356
0.097614
0.090202
0.094761
0.096474
0.091069
0.096834
0.099747
0.096429
0.094486
0.099785
0.102939
0.098864
0.103823
0.102893
0.101401
0.100172
0.099548
0.099463
0.099961
0.100434
0.101669
0.013209
0.013085
0.013070
0.013067
0.013316
0.012841
0.012704
0.012988
0.012808
0.012692
0.012832
0.012715
0.012739
0.012708
0.013267
0.013294
0.012579
0.011684
0.011902
0.011518
0.011009
0.010373
0.010215
0.009910
0.009947
0.009507
0.009619
0.008939
0.009501
0.010407
0.010701
0.011076
0.011135
0.011755
0.011725
0.011525
0.148311
0.146893
0.152257
0.142814
0.152154
0.144078
0.143394
0.147826
0.153828
0.148795
0.147952
0.143342
0.143134
0.143650
0.153147
0.152975
0.153557
0.155362
0.145931
0.149001
0.149971
0.158754
0.162480
0.193583
0.191782
0.188167
0.187919
0.184058
0.185420
0.178569
0.178362
0.189887
0.187683
0.191122
0.189835
0.192606
0.191618
0.174260
0.190518
0.148504
0.152106
0.161084
0.151064
0.159259
0.153920
0.152192
0.151477
0.152240
0.153317
0.154455
0.141043
0.145617
0.149425
0.154900
0.146447
0.159432
0.171424
0.163473
0.163817
0.158906
0.156392
0.160716
0.163456
0.153733
0.152830
0.162159
0.161244
0.162810
0.158001
0.161441
0.163328
0.156070
0.165978
0.166469
0.158635
0.159822
0.157580
0.154062
0.154486
0.150828
0.159022
0.149004
0.148548
0.150111
0.147381
0.145620
0.145863
0.159692
0.162908
0.148396
0.148790
0.142222
0.146806
0.153670
0.154377
0.161387
0.145691
0.143597
0.074669
0.074484
0.077205
0.074003
0.076523
0.074999
0.074633
0.074655
0.074292
0.075117
0.076366
0.075603
0.075090
0.076438
0.077782
0.074933
0.073775
0.079577
0.082816
0.083526
0.079251
0.078984
0.074745
0.079276
0.078134
0.076892
0.078823
0.078611
0.080104
0.080411
0.079172
0.079575
0.077729
0.078187
0.077300
0.077770
0.077909
0.079213
0.077929
0.081725
0.085370
0.085912
0.086205
0.087188
0.086051
0.088760
0.089151
0.088658
0.087418
0.088222
0.088124
0.086442
0.086429
0.089524
0.089607
0.092681
0.087405
0.088121
0.089077
0.087815
0.083709
0.083268
0.090261
0.091455
0.091389
0.091674
0.089124
0.088392
0.087421
0.088471
0.083830
0.081355
0.081652
0.082027
0.083689
0.081299
0.081510
0.081593
0.084458
0.083480
0.089459
0.087634
0.087124
0.086519
0.086882
0.087475
0.085531
0.085172
0.084960
0.086167
0.084823
0.086574
0.087660
0.087446
0.086919
0.086973
0.087110
0.087416
0.086309
0.086850
0.086757
0.085210
0.085140
0.085486
0.085497
0.084240
0.084795
0.084791
0.083849
0.084870
0.085819
0.083368
0.084638
0.084738
0.085191
0.081988
0.085431
0.086160
0.085112
0.085643
0.084676
0.085219
0.085075
0.085436
0.083025
0.082775
0.081965
0.081844
0.082630
0.085662
0.083846
0.085939
0.082367
0.082858
0.083084
0.082468
0.082666
0.081183
0.082925
0.082710
0.082755
0.083212
0.083007
0.081644
0.082286
0.081788
0.071279
0.079741
0.079078
0.074944
0.086286
0.080026
0.079624
0.075495
0.077460
0.080147
0.072455
0.072526
0.071909
0.072130
0.070930
0.071714
0.071840
0.071315
0.071586
0.072749
0.073039
0.071484
0.071810
0.071922
0.071210
0.071689
0.070362
0.070166
0.071443
0.071549
0.071854
0.072179
0.072266
0.072245
0.071347
0.071764
0.072043
0.071029
0.070426
0.071798
0.070623
0.070611
0.071000
0.073264
0.073722
0.078672
0.078569
0.078950
0.078980
0.077755
0.078421
0.078678
0.073547
0.072088
0.071717
0.072477
0.072627
0.073171
0.073630
0.072964
0.072408
0.072862
0.072496
0.071885
0.070910
0.070067
0.071349
0.070138
0.071215
0.071863
0.071958
0.106796
0.106974
0.106191
0.106741
0.106611
0.105384
0.106884
0.105228
0.107416
0.107230
0.106276
0.106239
0.103590
0.104390
0.103994
0.103168
0.103918
0.104210
0.103954
0.105018
0.104973
0.104779
0.103945
0.103652
0.103592
0.103363
0.103527
0.102525
0.103618
0.103883
0.104144
0.104226
0.103638
0.103689
0.103601
0.104476
0.103592
0.099794
0.101353
0.101527
0.102184
0.099415
0.101823
0.101942
0.102249
0.103374
0.103675
0.103987
0.104244
0.103318
0.103059
0.103119
0.102033
0.103319
0.103289
0.104776
0.103695
0.104568
0.105067
0.104581
0.104770
0.104764
0.104682
0.104564
0.104054
0.104582
0.099299
0.104296
0.104779
0.104571
0.104591
0.104526
0.104607
0.104669
0.099767
0.099328
0.099290
0.099548
0.099493
0.099943
0.161788
0.162041
0.156858
0.161544
0.162377
0.161634
0.156783
0.157786
0.160024
0.162379
0.160721
0.159629
0.160878
0.159799
0.158967
0.145082
0.145605
0.148591
0.150337
0.148469
0.148802
0.158999
0.158747
0.157297
0.146434
0.146607
0.160454
0.145299
0.159350
0.158380
0.158505
0.158916
0.157740
0.157193
0.158148
0.150495
0.141642
0.135204
0.127137
0.114342
0.109477
0.101254
0.099095
0.095055
0.094675
0.096342
0.092853
0.077817
0.091374
0.094024
0.106379
0.101053
0.109607
0.097253
0.123556
0.162929
0.185317
0.201557
0.110345
0.106270
0.106752
0.104308
0.104458
0.103642
0.105739
0.103811
0.110031
0.104516
0.104325
0.110825
0.111523
0.108235
0.102462
0.103239
0.107299
0.109078
0.101047
0.096291
0.102609
0.099919
0.169628
0.178708
0.158557
0.159430
0.119472
0.157019
0.150559
0.144387
0.139956
0.131587
0.125786
0.120706
0.116886
0.086034
0.085554
0.105700
0.110109
0.108230
0.108183
0.109885
0.088675
0.091471
0.091889
0.103915
0.096783
0.097467
0.112398
0.112482
0.112867
0.112465
0.097059
0.093869
0.095573
0.095064
0.094160
0.091237
0.092038
0.097225
0.091738
0.092940
0.095049
0.094627
0.091971
0.095467
0.100131
0.098916
0.096824
0.097495
0.099306
0.097252
0.097524
0.097202
0.096104
0.095909
0.095823
0.095889
0.094513
0.112383
0.096142
0.096398
0.095729
0.100650
0.098786
0.099254
0.100028
0.100092
0.100011
0.100196
0.100346
0.100889
0.100217
0.100074
0.100597
0.101069
0.099884
0.100727
0.101899
0.102516
0.102464
0.102421
0.102789
0.103135
0.102663
0.103030
0.102568
0.102918
0.103394
0.103148
0.103118
0.103344
0.103373
0.106635
0.106727
0.106789
0.107037
0.107157
0.101832
0.084486
0.083575
0.084918
0.084829
0.084422
0.083629
0.083931
0.083866
0.084415
0.083478
0.083667
0.083922
0.084270
0.085102
0.085261
0.092389
0.076786
0.076019
0.074442
0.094947
0.090101
0.089051
0.090251
0.089394
0.089851
0.089220
0.088672
0.086640
0.086956
0.086045
0.085528
0.085937
0.086111
0.086557
0.086558
0.086340
0.086092
0.086733
0.086777
0.086704
0.086643
0.086320
0.084945
0.085966
0.086304
0.085956
0.086252
0.085241
0.085550
0.086652
0.087290
0.087620
0.086884
0.085941
0.086410
0.086326
0.086031
0.084415
0.085093
0.084846
0.084572
0.084774
0.085193
0.085611
0.085383
0.085480
0.084837
0.086460
0.086178
0.086680
0.085972
0.086684
0.085283
0.085418
0.085102
0.085246
0.085074
0.083165
0.085403
0.079882
0.079329
0.078069
0.079068
0.078270
0.078331
0.077220
0.077010
0.077151
0.077664
0.077728
0.078123
0.076635
0.079023
0.078732
0.078907
0.077716
0.077731
0.077400
0.077725
0.077202
0.077241
0.077997
0.078014
0.077539
0.077347
0.077216
0.077803
0.077901
0.077752
0.076724
0.078193
0.076947
0.078501
0.079305
0.079348
0.079052
0.079531
0.079217
0.078838
0.079260
0.077420
0.076879
0.076809
0.077277
0.078344
0.077860
0.078366
0.078379
0.077672
0.078155
0.077321
0.075900
0.076463
0.077159
0.076070
0.077385
0.077468
0.077575
0.081025
0.081389
0.074995
0.074037
0.075594
0.075348
0.075215
0.075033
0.074127
0.076105
0.076486
0.073495
0.075848
0.076062
0.074579
0.075645
0.074248
0.075497
0.075190
0.075023
0.076613
0.075470
0.079415
0.079013
0.076733
0.082097
0.076562
0.074142
0.075186
0.076049
0.076225
0.075649
0.075757
0.074820
0.075745
0.076500
0.077902
0.100255
0.100017
0.102077
0.102389
0.102033
0.101914
0.102184
0.102683
0.102727
0.103464
0.103591
0.103493
0.103080
0.102863
0.101132
0.101367
0.103732
0.101945
0.102928
0.102238
0.103468
0.104352
0.102348
0.102958
0.102346
0.102790
0.102627
0.102574
0.102170
0.102170
0.102815
0.104046
0.104549
0.102497
0.103786
0.103206
0.104796
0.103058
0.103268
0.103527
0.103271
0.102733
0.103040
0.102992
0.103716
0.102852
0.103416
0.101858
0.103010
0.103506
0.102840
0.103741
0.103311
0.104138
0.104623
0.104049
0.103876
0.102711
0.102609
0.103084
0.103962
0.101823
0.109929
0.131956
0.152560
0.150001
0.123155
0.138922
0.137472
0.136887
0.139060
0.137866
0.147438
0.143140
0.144581
0.132889
0.136913
0.134627
0.133547
0.138272
0.131462
0.137144
0.140058
0.138287
0.131584
0.124916
0.123278
0.131656
0.130198
0.139910
0.138640
0.139755
0.127281
0.144080
0.142193
0.125101
0.151276
0.149009
0.138777
0.158296
0.142368
0.127346
0.126583
0.145792
0.143830
0.144596
0.135609
0.136727
0.173572
0.150937
0.153575
0.149425
0.148024
0.112521
0.111161
0.116822
0.121132
0.108551
0.134087
0.132433
0.135140
0.139251
0.103061
0.103043
0.102874
0.102305
0.102369
0.103739
0.103655
0.102993
0.103422
0.102585
0.102804
0.103202
0.103209
0.102943
0.102375
0.102251
0.102573
0.103801
0.102308
0.103795
0.103431
0.103054
0.103191
0.103178
0.103065
0.103265
0.103264
0.102975
0.102986
0.102877
0.103163
0.102938
0.102914
0.102996
0.104167
0.104353
0.103911
0.147257
0.156734
0.159760
0.144963
0.155045
0.154928
0.155681
0.155178
0.155723
0.157071
0.153511
0.153448
0.156009
0.154292
0.112992
0.154097
0.152829
0.151877
0.151249
0.152223
0.153724
0.154029
0.154215
0.157404
0.156651
0.152063
0.156696
0.156573
0.156437
0.155773
0.155213
0.156144
0.156101
0.156382
0.156289
0.157469
0.157425
0.159380
0.139236
0.158668
0.136996
0.116707
0.117802
0.120235
0.115969
0.119044
0.121587
0.121134
0.119867
0.119353
0.120051
0.120925
0.122369
0.120865
0.123264
0.123347
0.122944
0.122076
0.122227
0.124605
0.121370
0.120859
0.121357
0.121081
0.119132
0.120619
0.115463
0.121125
0.122898
0.122360
0.123120
0.118070
0.117278
0.116273
0.115501
0.117704
0.117018
0.112165
0.123585
0.115905
0.110688
0.114877
0.112072
0.120495
0.123265
0.124132
0.122920
0.105746
0.102542
0.101025
0.085503
0.085184
0.089657
0.092775
0.085148
0.088940
0.099492
0.102240
0.110767
0.105661
0.117773
0.118654
0.115877
0.114239
0.114617
0.116510
0.122185
0.128114
0.125508
0.122014
0.136725
0.134971
0.133800
0.131875
0.134716
0.131959
0.139025
0.136907
0.136882
0.135893
0.135813
0.108414
0.131832
0.135231
0.133137
0.136426
0.137692
0.131605
0.139371
0.137339
0.134427
0.134101
0.137410
0.134481
0.109666
0.110349
0.106791
0.107096
0.112698
0.087244
0.094213
0.124404
0.105293
0.103338
0.101893
0.104288
0.090620
0.091130
0.091951
0.089733
0.095542
0.091666
0.090525
0.080790
0.084767
0.085921
0.089052
0.088626
0.102089
0.099528
0.087998
0.096587
0.100754
0.111355
0.117047
0.121292
0.117096
0.117341
0.121047
0.119597
0.116431
0.117258
0.098311
0.096990
0.102597
0.095665
0.098252
0.102477
0.091935
0.104758
0.096068
0.096939
0.093568
0.094352
0.092395
0.090754
0.092018
0.094766
0.089558
0.091668
0.092018
0.094844
0.093689
0.102477
0.100931
0.103108
0.091863
0.089746
0.090410
0.085109
0.085724
0.091715
0.089934
0.099159
0.092081
0.093415
0.091901
0.091518
0.096770
0.094361
0.098530
0.099429
0.106533
0.110733
0.092339
0.102445
0.093429
0.092226
0.091797
0.095324
0.097067
0.097344
0.100307
0.107395
0.104241
0.095116
0.094413
0.098089
0.099575
0.109292
0.100555
0.107069
0.108413
0.106202
0.094108
0.116718
0.107228
0.105038
0.097377
0.091494
0.094392
0.089281
0.092450
0.094568
0.090305
0.090076
0.101938
0.098413
0.097558
0.100898
0.097318
0.099497
0.101869
0.098370
0.095800
0.095975
0.109167
0.098052
0.101568
0.108710
0.103368
0.101882
0.106798
0.083955
0.077247
0.074603
0.079196
0.087310
0.087420
0.086034
0.087584
0.081942
0.081361
0.083618
0.085664
0.086935
0.086145
0.088693
0.091511
0.092659
0.092871
0.101022
0.095133
0.091534
0.099117
0.096258
0.093342
0.094448
0.094663
0.092332
0.098379
0.097264
0.095905
0.091785
0.089435
0.094610
0.087126
0.083890
0.087854
0.079550
0.078166
0.080967
0.090351
0.094230
0.094568
0.097532
0.096496
0.097599
0.097899
0.097675
0.098204
0.099745
0.091355
0.099492
0.086775
0.090639
0.098586
0.099472
0.099494
0.096423
0.101336
0.100662
0.094833
0.095925
0.094806
0.093081
0.081186
0.082040
0.079484
0.079461
0.080734
0.081251
0.083650
0.083949
0.081462
0.081192
0.084071
0.085989
0.083997
0.087763
0.084332
0.084248
0.083033
0.084128
0.084532
0.084210
0.083361
0.084771
0.084008
0.085805
0.086083
0.086536
0.086681
0.087377
0.087424
0.088232
0.089234
0.088532
0.083452
0.082443
0.087776
0.087667
0.088158
0.089078
0.087620
0.088435
0.087496
0.095232
0.087876
0.087574
0.088060
0.085841
0.087215
0.086396
0.086483
0.085552
0.086904
0.087857
0.077693
0.064117
0.086401
0.087681
0.085779
0.064938
0.082372
0.089839
0.092509
0.087456
0.086008
0.086843
0.089127
0.085664
0.086245
0.085451
0.085667
0.085599
0.095671
0.085964
0.085969
0.085311
0.085495
0.092501
0.092409
0.092182
0.086987
0.086470
0.087723
0.087924
0.088702
0.087032
0.086192
0.086281
0.086526
0.091264
0.090542
0.090498
0.090002
0.091571
0.089961
0.088971
0.199840
0.198412
0.204965
0.178799
0.211439
0.211599
0.210328
0.209540
0.222533
0.213741
0.215153
0.224229
0.220509
0.208338
0.211583
0.221421
0.213269
0.214081
0.211492
0.214121
0.215274
0.212605
0.204598
0.223161
0.204694
0.194307
0.201701
0.198426
0.196335
0.202434
0.202650
0.202486
0.202872
0.197818
0.198427
0.205607
0.200914
0.203555
0.207772
0.202043
0.206217
0.207497
0.202183
0.205755
0.198690
0.210321
0.209709
0.202715
0.214265
0.207492
0.212735
0.210481
0.208637
0.209346
0.212463
0.218974
0.217612
0.223402
0.233608
0.233816
0.234876
0.235097
0.216351
0.213868
0.200712
0.190172
0.187880
0.182038
0.171270
0.177695
0.179231
0.177240
0.179355
0.182646
0.180918
0.188706
0.181354
0.184138
0.184318
0.183684
0.184637
0.188172
0.193896
0.196727
0.193846
0.183420
0.200235
0.203410
0.203008
0.202950
0.205311
0.202449
0.209005
0.207222
0.101696
0.101933
0.103480
0.103500
0.103817
0.100820
0.101523
0.102351
0.101629
0.101434
0.103461
0.104253
0.102922
0.102914
0.103085
0.101573
0.102014
0.101575
0.102342
0.100893
0.101412
0.103600
0.102709
0.103391
0.103514
0.103483
0.102448
0.103611
0.103018
0.102947
0.102604
0.102108
0.101595
0.101274
0.101244
0.101155
0.101785
0.101390
0.099368
0.100776
0.100923
0.101609
0.104498
0.103518
0.105055
0.103964
0.103214
0.105652
0.105285
0.104596
0.104974
0.103927
0.103797
0.103784
0.098473
0.097415
0.100144
0.097391
0.099477
0.099461
0.099942
0.105244
0.102633
0.111106
0.111603
0.113970
0.117713
0.119170
0.116368
0.103160
0.132484
0.111698
0.102097
0.114772
0.121080
0.152179
0.156907
0.208869
0.207800
0.208863
0.210370
0.208072
0.210137
0.207673
0.210108
0.210503
0.210531
0.200080
0.199457
0.200253
0.208469
0.201541
0.201151
0.200470
0.200266
0.201219
0.200275
0.200255
0.200308
0.201249
0.201264
0.199136
0.198912
0.196693
0.195149
0.201838
0.201606
0.200476
0.200397
0.200338
0.199517
0.198839
0.198225
0.102441
0.100654
0.101469
0.101770
0.106302
0.105628
0.105610
0.101582
0.104216
0.102762
0.104683
0.106552
0.106193
0.103151
0.106367
0.101041
0.101399
0.101987
0.102103
0.102547
0.102512
0.104815
0.104255
0.103975
0.105366
0.103891
0.105552
0.105103
0.106715
0.106131
0.105472
0.105948
0.109001
0.103726
0.105611
0.105970
0.104864
0.105300
0.104678
0.105127
0.104416
0.104262
0.104637
0.102589
0.103105
0.104380
0.105107
0.103545
0.103697
0.103068
0.104687
0.104909
0.103002
0.104417
0.102657
0.105141
0.103860
0.104526
0.102520
0.103591
0.102682
0.102421
0.103719
0.102935
0.107705
0.105409
0.100744
0.100935
0.100668
0.103649
0.102248
0.100921
0.101428
0.100665
0.101930
0.102419
0.101894
0.100426
0.099626
0.107682
0.104080
0.104073
0.104397
0.077730
0.076242
0.075772
0.077390
0.079622
0.077388
0.076046
0.077509
0.075514
0.076983
0.075735
0.077765
0.077524
0.077478
0.077821
0.077790
0.075665
0.075588
0.076333
0.073711
0.073590
0.077865
0.072898
0.073727
0.075300
0.076246
0.075265
0.076463
0.076747
0.076812
0.077733
0.077610
0.080018
0.081318
0.076183
0.072424
0.072465
0.080051
0.079490
0.078173
0.084161
0.081790
0.080259
0.078087
0.078135
0.081363
0.081228
0.080041
0.077866
0.077955
0.079165
0.079536
0.075785
0.075476
0.075390
0.075215
0.163875
0.178340
0.169955
0.174618
0.183994
0.185002
0.184690
0.187453
0.175936
0.183173
0.201120
0.195876
0.166040
0.197275
0.203426
0.202870
0.210724
0.211350
0.204128
0.199781
0.201962
0.203258
0.206546
0.207055
0.203269
0.206986
0.204126
0.205551
0.199241
0.205126
0.204650
0.203638
0.183750
0.193207
0.197608
0.188856
0.326181
0.326718
0.325093
0.349921
0.324712
0.349063
0.370476
0.373497
0.373929
0.367428
0.367189
0.371080
0.381169
0.377889
0.377246
0.375090
0.373439
0.373140
0.373781
0.373745
0.379830
0.380315
0.384162
0.378214
0.378111
0.374643
0.377694
0.374498
0.376169
0.377868
0.377610
0.377465
0.377827
0.365028
0.365764
0.365890
0.365879
0.366747
0.366154
0.365848
0.364806
0.365546
0.365677
0.378360
0.366200
0.364713
0.365129
0.365650
0.365289
0.364813
0.363767
0.365844
0.365545
0.365377
0.364667
0.364693
0.365044
0.383773
0.383758
0.383729
0.409200
0.409196
0.409183
0.409566
0.409542
0.409394
0.367206
0.386429
0.409227
0.403765
0.409157
0.394014
0.385675
0.379552
0.377743
0.371649
0.371082
0.372567
0.370143
0.370187
0.369940
0.370544
0.369907
0.372598
0.372598
0.368171
0.371139
0.371935
0.371117
0.372220
0.369868
0.370150
0.370712
0.371979
0.071400
0.070647
0.071073
0.070487
0.070787
0.070184
0.068490
0.068572
0.069621
0.070364
0.069793
0.069230
0.067851
0.068583
0.068284
0.069871
0.067435
0.066841
0.066998
0.066904
0.066555
0.066578
0.066850
0.067567
0.089820
0.089776
0.090003
0.089774
0.089686
0.090027
0.089462
0.090930
0.089230
0.088929
0.088955
0.088991
0.087729
0.088706
0.088724
0.089476
0.089194
0.089960
0.089678
0.088950
0.088546
0.088679
0.088444
0.088434
0.088538
0.088653
0.088669
0.088529
0.088645
0.088685
0.089062
0.089299
0.088570
0.086853
0.088134
0.087151
0.087450
0.087556
0.088827
0.088129
0.089642
0.088344
0.088050
0.088007
0.087862
0.068147
0.068560
0.068104
0.067976
0.068394
0.068827
0.068773
0.068863
0.068786
0.068371
0.069458
0.069210
0.066909
0.069570
0.069345
0.069246
0.069460
0.069299
0.068148
0.068018
0.069780
0.069348
0.069075
0.068814
0.068857
0.068872
0.068915
0.068624
0.068231
0.067669
0.068829
0.068022
0.068193
0.067720
0.067870
0.066798
0.067124
0.066121
0.066533
0.062386
0.073482
0.084098
0.104888
0.145179
0.164849
0.224373
0.234026
0.243135
0.230916
0.218167
0.198291
0.148013
0.138837
0.108886
0.063378
0.024432
0.023660
0.023106
0.023179
0.022801
0.023296
0.023452
0.023325
0.023170
0.023411
0.022845
0.022230
0.023406
0.023299
0.022586
0.022328
0.022647
0.022213
0.021367
0.021266
0.021560
0.021849
0.021673
0.021671
0.021910
0.022192
0.022746
0.022517
0.022514
0.022303
0.022246
0.022134
0.021907
0.021999
0.022183
0.021963
0.021896
0.021879
0.022444
0.022257
0.021829
0.021804
0.021771
0.021792
0.021718
0.021559
0.021301
0.021733
0.021839
0.021892
0.021746
0.094234
0.096430
0.096260
0.096836
0.096407
0.095061
0.096028
0.096399
0.096515
0.095348
0.096522
0.097225
0.095702
0.094810
0.095366
0.094939
0.094826
0.094766
0.094656
0.094601
0.094696
0.096658
0.095997
0.095925
0.094511
0.098256
0.097994
0.097648
0.098452
0.096576
0.096419
0.099489
0.095576
0.096740
0.096997
0.098884
0.095702
0.097382
0.095233
0.099787
0.100229
0.099723
0.100241
0.099804
0.097221
0.096814
0.097168
0.099910
0.101599
0.101366
0.098193
0.100797
0.095013
0.095882
0.097064
0.097828
0.097709
0.098031
0.099281
0.097500
0.102143
0.103187
0.102490
0.102289
0.101833
0.102676
0.100373
0.103573
0.105240
0.100000
0.093021
0.100024
0.100840
0.098650
0.100456
0.100588
0.101641
0.099559
0.101319
0.099421
0.101002
0.100865
0.101753
0.100063
0.099459
0.081165
0.077602
0.075876
0.072328
0.073974
0.079481
0.078296
0.095820
0.078958
0.077424
0.077766
0.074456
0.095041
0.094873
0.095112
0.094775
0.098485
0.099569
0.098495
0.074501
0.076414
0.072661
0.077113
0.100054
0.020388
0.020413
0.020119
0.020010
0.019918
0.020333
0.020256
0.020266
0.020061
0.018999
0.018328
0.018808
0.018870
0.018789
0.018704
0.018306
0.018481
0.018416
0.018419
0.018011
0.018468
0.018898
0.018878
0.019064
0.018927
0.019141
0.018889
0.019820
0.020609
0.020900
0.020821
0.021478
0.021776
0.021413
0.021604
0.021341
0.021333
0.021484
0.021435
0.021632
0.021429
0.021495
0.021154
0.021243
0.021295
0.021230
0.020974
0.020764
0.020752
0.020831
0.020702
0.020305
0.020317
0.020080
0.020004
0.020351
0.020952
0.020327
0.020082
0.019576
0.018998
0.019041
0.019397
0.019510
0.019171
0.019234
0.019316
0.019207
0.019282
0.019019
0.018860
0.018818
0.018583
0.019206
0.019287
0.019058
0.018999
0.019091
0.018959
0.018925
0.018790
0.018633
0.018743
0.018682
0.018321
0.018328
0.018158
0.018264
0.018169
0.018097
0.018023
0.017996
0.018247
0.018440
0.018529
0.018239
0.018546
0.018320
0.017746
0.018081
0.018058
0.018124
0.017813
0.017845
0.017750
0.017750
0.017682
0.017118
0.017434
0.017291
0.017465
0.017587
0.017354
0.017378
0.017344
0.017150
0.016963
0.016706
0.016757
0.016236
0.015994
0.015894
0.015921
0.015685
0.015667
0.015552
0.015660
0.015595
0.015632
0.015472
0.015558
0.015703
0.015722
0.015523
0.015434
0.015526
0.015530
0.015417
0.015631
0.015385
0.015053
0.015032
0.014816
0.014614
0.014610
0.014754
0.014661
0.014873
0.014421
0.014552
0.014085
0.013909
0.014323
0.014388
0.013998
0.014197
0.014388
0.014048
0.013918
0.014511
0.014380
0.014263
0.014227
0.014374
0.014141
0.014204
0.013940
0.013793
0.014011
0.013883
0.014016
0.013871
0.013838
0.013565
0.013401
0.013788
0.013664
0.013526
0.013607
0.013627
0.013943
0.013546
0.013670
0.013541
0.013485
0.013731
0.013458
0.014137
0.015854
0.016600
0.016181
0.015437
0.014585
0.013216
0.012141
0.012510
0.012119
0.012266
0.011792
0.011998
0.011922
0.012240
0.011958
0.011873
0.011741
0.012234
0.012254
0.011954
0.011234
0.010742
0.010962
0.010911
0.010966
0.011106
0.011175
0.011633
0.011558
0.011736
0.011680
0.010849
0.010264
0.010123
0.010961
0.011000
0.010931
0.011009
0.010794
0.011125
0.011491
0.011919
0.011542
0.011462
0.011289
0.011197
0.011202
0.099520
0.096216
0.096965
0.096934
0.097009
0.096538
0.096667
0.096944
0.097775
0.097041
0.097192
0.097072
0.097236
0.096994
0.097105
0.096633
0.099443
0.096987
0.097442
0.097641
0.099803
0.100716
0.100940
0.100335
0.100264
0.099444
0.098720
0.100574
0.100600
0.098765
0.100530
0.098198
0.100175
0.100343
0.100090
0.100664
0.100550
0.100417
0.100453
0.100462
0.101075
0.101047
0.100784
0.100672
0.099957
0.099681
0.099953
0.100973
0.100487
0.100934
0.102002
0.098159
0.097938
0.098036
0.098797
0.326891
0.339898
0.326270
0.334819
0.330949
0.331126
0.308761
0.309929
0.310760
0.328034
0.325412
0.329137
0.331157
0.329564
0.330446
0.321886
0.321408
0.317412
0.330351
0.330389
0.320454
0.321627
0.323163
0.325438
0.321468
0.322100
0.330186
0.330303
0.320591
0.322622
0.319651
0.334546
0.306728
0.329044
0.330531
0.329707
0.327920
0.328319
0.326549
0.334124
0.339039
0.327029
0.328144
0.326569
0.325347
0.333354
0.324668
0.322664
0.333248
0.316136
0.315377
0.316533
0.315304
0.311906
0.310707
0.312327
0.229918
0.227287
0.228036
0.228766
0.226931
0.226031
0.225954
0.227909
0.236068
0.227758
0.242137
0.241783
0.243953
0.226747
0.227968
0.244618
0.244576
0.239118
0.234969
0.232694
0.232082
0.230003
0.242619
0.245053
0.240666
0.238534
0.237690
0.240193
0.238108
0.236793
0.235620
0.230528
0.228586
0.029432
0.029007
0.029929
0.029754
0.030004
0.030619
0.030685
0.030634
0.030452
0.030221
0.030726
0.030526
0.031171
0.030645
0.031400
0.032107
0.030946
0.031657
0.033504
0.031303
0.029204
0.028811
0.029156
0.030069
0.030186
0.030651
0.029922
0.029371
0.029627
0.030255
0.028931
0.028628
0.028598
0.028517
0.027987
0.028898
0.028706
0.029902
0.029586
0.030485
0.029863
0.030752
0.031158
0.030573
0.031194
0.030552
0.030256
0.030298
0.030657
0.031053
0.030657
0.030728
0.031204
0.031887
0.030384
0.029449
0.030036
0.030749
0.031460
0.031297
0.030564
0.030616
0.030328
0.029121
0.029355
0.030670
0.032169
0.033315
0.032251
0.031976
0.031392
0.031154
0.030846
0.030498
0.029316
0.028970
0.028643
0.028095
0.028390
0.028518
0.028205
0.028175
0.028203
0.028308
0.028368
0.028624
0.028524
0.028290
0.028567
0.028517
0.028128
0.028785
0.028713
0.029509
0.029347
0.028770
0.029176
0.029020
0.028759
0.028932
0.028267
0.028652
0.029044
0.028613
0.029214
0.028799
0.029237
0.028796
0.028791
0.028521
0.028988
0.029167
0.029583
0.029528
0.029671
0.029613
0.029692
0.029737
0.029791
0.029823
0.029790
0.029731
0.029675
0.029576
0.029665
0.030052
0.030039
0.030897
0.032133
0.032704
0.032729
0.032449
0.032843
0.032241
0.032569
0.033101
0.032705
0.032584
0.032739
0.032389
0.032542
0.032308
0.032171
0.032325
0.032315
0.031860
0.031317
0.030752
0.029929
0.029911
0.029920
0.029552
0.029554
0.029740
0.029858
0.030001
0.029572
0.029838
0.029476
0.029910
0.029609
0.029858
0.029778
0.030358
0.030292
0.030042
0.030007
0.030505
0.031267
0.032636
0.032859
0.032757
0.032969
0.032977
0.033519
0.033473
0.033662
0.033512
0.033557
0.033513
0.033571
0.032990
0.032882
0.032280
0.114903
0.114924
0.114890
0.114559
0.115155
0.115262
0.115269
0.114866
0.115347
0.115249
0.114888
0.114357
0.114507
0.114475
0.115755
0.114980
0.114732
0.114602
0.115289
0.114780
0.115305
0.115455
0.114942
0.116104
0.116008
0.116186
0.115840
0.116254
0.118036
0.119781
0.119182
0.119596
0.119697
0.115534
0.115905
0.115103
0.115722
0.116285
0.116378
0.119789
0.115549
0.116508
0.119615
0.119394
0.118205
0.118755
0.119756
0.118846
0.120561
0.120717
0.116078
0.118955
0.116318
0.119235
0.121673
0.122030
0.119563
0.118978
0.130987
0.115784
0.119250
0.120444
0.116763
0.116940
0.114326
0.114889
0.115555
0.115280
0.118770
0.110659
0.114743
0.112659
0.119168
0.123280
0.129010
0.126078
0.133333
0.144370
0.151328
0.151500
0.151424
0.151846
0.160211
0.154922
0.151788
0.151158
0.154882
0.156115
0.154523
0.156079
0.157194
0.158647
0.157754
0.159480
0.158808
0.157995
0.156434
0.155322
0.156523
0.155292
0.157881
0.155921
0.155570
0.155490
0.157624
0.157479
0.156817
0.153854
0.158703
0.158557
0.158286
0.158214
0.156101
0.152136
0.151476
0.151520
0.151749
0.150513
0.148432
0.147527
0.147143
0.155484
0.155234
0.155659
0.157644
0.156396
0.156960
0.156168
0.156901
0.161799
0.153817
0.152550
0.152936
0.151862
0.152102
0.151875
0.152547
0.152094
0.151125
0.134490
0.124089
0.114722
0.106695
0.103223
0.101051
0.096184
0.095539
0.095976
0.091829
0.103641
0.112723
0.113892
0.113906
0.113740
0.113888
0.113707
0.113405
0.113035
0.113110
0.113955
0.112756
0.112341
0.113198
0.112825
0.113046
0.112990
0.112559
0.114285
0.113519
0.112579
0.113366
0.114012
0.113626
0.114926
0.115118
0.114158
0.114605
0.113388
0.113487
0.113640
0.113721
0.114013
0.113559
0.115608
0.114756
0.114743
0.115582
0.114856
0.114297
0.115784
0.114908
0.114687
0.114345
0.112661
0.114336
0.114025
0.114222
0.114375
0.115643
0.114805
0.114605
0.115348
0.115601
0.115896
0.115852
0.115990
0.114039
0.115276
0.115830
0.116598
0.116307
0.115119
0.114882
0.116633
0.116076
0.116243
0.116432
0.115477
0.061538
0.061040
0.064122
0.058536
0.060211
0.060790
0.060679
0.058751
0.057935
0.057431
0.059204
0.054203
0.053364
0.054333
0.054079
0.054216
0.066463
0.066266
0.064865
0.068612
0.058672
0.057125
0.057311
0.055979
0.054273
0.052138
0.056871
0.055892
0.057042
0.052954
0.054220
0.056573
0.052371
0.052478
0.052007
0.052886
0.052737
0.054618
0.054276
0.058303
0.054517
0.061823
0.057567
0.054064
0.055354
0.058180
0.057624
0.056976
0.058042
0.062013
0.366760
0.365518
0.382578
0.382002
0.382456
0.379138
0.381214
0.379045
0.383099
0.382763
0.383244
0.382679
0.382477
0.385694
0.384253
0.382362
0.365866
0.395626
0.392873
0.391592
0.392865
0.394587
0.391956
0.387614
0.388322
0.388786
0.387785
0.410927
0.380743
0.377719
0.379574
0.383828
0.382223
0.385743
0.373523
0.373705
0.375966
0.385474
0.366464
0.366557
0.373264
0.381540
0.378960
0.375129
0.379781
0.381999
0.383783
0.342045
0.386447
0.385821
0.380775
0.383776
0.380629
0.378630
0.390993
0.374966
0.380199
0.375659
0.388119
0.382695
0.382123
0.381977
0.382286
0.381913
0.383020
0.382548
0.382817
0.377627
0.381311
0.370758
0.381274
0.370064
0.381795
0.376262
0.377677
0.377427
0.381857
0.376320
0.382169
0.377574
0.378927
0.376119
0.374354
0.376309
0.376360
0.374593
0.374592
0.376397
0.374582
0.374576
0.376475
0.374560
0.375728
0.373939
0.373939
0.377397
0.381506
0.381175
0.381456
0.381364
0.377328
0.376935
0.377282
0.381615
0.370839
0.381237
0.377928
0.381573
0.381260
0.382368
0.377955
0.384590
0.380059
0.378443
0.383841
0.377225
0.377588
0.371935
0.372529
0.378438
0.377280
0.385221
0.385350
0.385179
0.379632
0.383768
0.380297
0.379769
0.382196
0.382159
0.382557
0.382728
0.382275
0.371527
0.372103
0.372143
0.379091
0.379065
0.379152
0.379155
0.379133
0.379312
0.379292
0.380820
0.380812
0.380811
0.380812
0.380819
0.380812
0.380811
0.380812
0.380819
0.378751
0.080141
0.082437
0.080540
0.080867
0.084612
0.084507
0.083870
0.082189
0.083032
0.080666
0.082156
0.081014
0.079449
0.080070
0.080188
0.080089
0.079894
0.080680
0.079763
0.080577
0.079999
0.079488
0.079423
0.078811
0.077967
0.077449
0.077843
0.079081
0.077009
0.076977
0.080136
0.077165
0.077110
0.078840
0.077791
0.077519
0.077640
0.074570
0.077154
0.078216
0.077574
0.078782
0.076195
0.079121
0.079599
0.078665
0.078029
0.077836
0.077716
0.076479
0.077012
0.076915
0.076353
0.075766
0.073680
0.072861
0.073005
0.071481
0.072081
0.071974
0.071365
0.072322
0.073778
0.074616
0.073790
0.076453
0.078806
0.082172
0.083229
0.086410
0.090280
0.088251
0.096632
0.097197
0.105090
0.104604
0.112125
0.112648
0.112522
0.118502
0.117862
0.116985
0.112934
0.113928
0.112919
0.112944
0.119325
0.119388
0.119612
0.118719
0.120542
0.117285
0.120845
0.119987
0.119852
0.121320
0.119497
0.119470
0.117707
0.120698
0.115983
0.119930
0.118169
0.117524
0.118830
0.115311
0.119942
0.120144
0.115759
0.120724
0.121327
0.120520
0.121332
0.121960
0.121285
0.119933
0.121071
0.121328
0.121066
0.119997
0.121043
0.120615
0.120003
0.120977
0.119862
0.121104
0.120827
0.120278
0.121465
0.121139
0.117431
0.029604
0.029516
0.029814
0.029665
0.029658
0.030031
0.029964
0.031035
0.030488
0.028253
0.030888
0.028836
0.028631
0.028248
0.027426
0.027473
0.027804
0.027544
0.027896
0.027409
0.027507
0.027804
0.028036
0.027321
0.027393
0.027159
0.027049
0.027129
0.027201
0.027599
0.027468
0.027197
0.027333
0.027581
0.028175
0.027952
0.029035
0.028565
0.029057
0.029308
0.032068
0.031668
0.031675
0.030906
0.030524
0.030088
0.029920
0.029251
0.028938
0.029173
0.029034
0.029095
0.029021
0.029366
0.029153
0.029609
0.028912
0.029637
0.029971
0.030818
0.031741
0.029297
0.028292
0.027696
0.026483
0.025886
0.025945
0.025361
0.024942
0.025048
0.024733
0.024766
0.024617
0.024213
0.024121
0.024216
0.024250
0.024479
0.024475
0.024519
0.024527
0.024454
0.024335
0.024155
0.024274
0.024291
0.024354
0.023873
0.023276
0.023488
0.023664
0.023556
0.023763
0.023291
0.022897
0.022552
0.022635
0.022295
0.022687
0.022662
0.022119
0.022194
0.022437
0.022494
0.021966
0.021811
0.021819
0.021690
0.021359
0.020925
0.020829
0.021016
0.020840
0.021380
0.021820
0.021212
0.021658
0.020847
0.021065
0.020939
0.020760
0.021110
0.020952
0.021612
0.022213
0.022697
0.023684
0.023879
0.024505
0.025803
0.025931
0.025802
0.024632
0.024105
0.023183
0.022925
0.022841
0.022972
0.022663
0.023043
0.022621
0.022701
0.022581
0.022632
0.022606
0.021817
0.021586
0.021871
0.021633
0.021943
0.021723
0.021499
0.020935
0.020602
0.020111
0.020293
0.020232
0.019927
0.019809
0.019754
0.019873
0.020249
0.020204
0.020105
0.019973
0.019710
0.019813
0.020011
0.019748
0.019941
0.019830
0.020283
0.020370
0.020608
0.020692
0.021138
0.021352
0.022441
0.023135
0.023042
0.022618
0.023495
0.023150
0.022836
0.021845
0.020882
0.019590
0.018758
0.018954
0.018656
0.018358
0.018496
0.018524
0.018151
0.017847
0.017654
0.017553
0.017474
0.017559
0.017394
0.017265
0.016940
0.016920
0.016569
0.016152
0.016426
0.056483
0.055278
0.053165
0.053784
0.052990
0.052229
0.055454
0.055066
0.052309
0.053552
0.054629
0.054481
0.053244
0.053888
0.053824
0.053567
0.054982
0.056035
0.056304
0.052600
0.054467
0.052645
0.052474
0.054044
0.058215
0.056132
0.055285
0.062536
0.055851
0.061674
0.061918
0.062394
0.062983
0.061148
0.020718
0.020655
0.020678
0.020520
0.020271
0.020119
0.020000
0.019692
0.019552
0.019322
0.019383
0.019511
0.019143
0.019118
0.019447
0.019300
0.019415
0.019562
0.019301
0.019426
0.019736
0.019036
0.018704
0.018541
0.018498
0.018498
0.018363
0.018256
0.017929
0.017957
0.017776
0.017800
0.017789
0.017665
0.017847
0.017877
0.017949
0.018112
0.018085
0.018566
0.018770
0.018304
0.018229
0.019200
0.019791
0.019789
0.019774
0.019653
0.020502
0.020036
0.019785
0.019907
0.019805
0.019687
0.020537
0.020694
0.020703
0.021209
0.021358
0.020998
0.021045
0.020861
0.020401
0.019696
0.019863
0.019136
0.018833
0.018330
0.018431
0.090174
0.090407
0.090023
0.088957
0.090369
0.088972
0.089540
0.091584
0.098977
0.101057
0.100980
0.100821
0.101073
0.098470
0.101731
0.099398
0.099222
0.098699
0.097981
0.097245
0.097029
0.096686
0.095882
0.096809
0.096643
0.095396
0.094885
0.094456
0.095608
0.097468
0.099123
0.096389
0.095446
0.104617
0.106159
0.094610
0.082166
0.082977
0.082592
0.105683
0.105649
0.104787
0.105880
0.106862
0.108201
0.108872
0.110519
0.076350
0.110916
0.077232
0.076016
0.111335
0.112130
0.111095
0.112293
0.113482
0.118534
0.113404
0.115797
0.110948
0.118580
0.115193
0.114891
0.115224
0.115502
0.115331
0.115559
0.115277
0.115383
0.114801
0.117544
0.115640
0.115325
0.117735
0.112319
0.115503
0.113232
0.117914
0.116826
0.114486
0.117336
0.115154
0.111885
0.107743
0.111697
0.114258
0.106655
0.109445
0.110516
0.111726
0.335402
0.335327
0.306323
0.306324
0.304885
0.336171
0.329443
0.340769
0.340613
0.345878
0.343126
0.342368
0.342430
0.342004
0.341689
0.344181
0.335474
0.340562
0.347072
0.311533
0.296668
0.331903
0.356089
0.356366
0.355940
0.361971
0.356518
0.333364
0.303835
0.328817
0.334935
0.343490
0.343113
0.341895
0.342570
0.308537
0.308447
0.309395
0.306711
0.307600
0.308603
0.308751
0.307164
0.299686
0.308273
0.311499
0.309943
0.306548
0.313377
0.313222
0.361504
0.357089
0.361425
0.353612
0.355093
0.314624
0.309659
0.311353
0.308242
0.310499
0.305303
0.308143
0.309648
0.305694
0.307782
0.309641
0.309929
0.310245
0.310654
0.317043
0.353566
0.355603
0.354255
0.349551
0.357812
0.356171
0.357231
0.356329
0.330647
0.330648
0.342440
0.346555
0.354298
0.334932
0.336588
0.336201
0.334177
0.332837
0.347586
0.352472
0.352834
0.349920
0.352718
0.349041
0.347536
0.346961
0.349810
0.350722
0.339661
0.338274
0.334824
0.341134
0.352697
0.352296
0.344100
0.346101
0.348365
0.083462
0.081703
0.083483
0.082424
0.084116
0.083298
0.084121
0.084140
0.083891
0.083843
0.083706
0.085893
0.084900
0.083704
0.086525
0.087591
0.085629
0.084524
0.087858
0.083003
0.085718
0.085952
0.085804
0.084928
0.081989
0.081901
0.082315
0.081241
0.082814
0.083171
0.080316
0.081658
0.081859
0.081718
0.081558
0.081986
0.082622
0.012488
0.012340
0.012601
0.012519
0.012547
0.012709
0.012746
0.012616
0.012758
0.013006
0.012894
0.012732
0.012757
0.012772
0.012894
0.013262
0.013066
0.013120
0.013148
0.013244
0.013412
0.013473
0.013283
0.013398
0.013428
0.013465
0.013482
0.013491
0.013352
0.013464
0.013534
0.013689
0.013616
0.013735
0.013761
0.013983
0.013839
0.013654
0.013518
0.013249
0.013423
0.013351
0.013123
0.013247
0.013082
0.013400
0.013286
0.013460
0.013260
0.013197
0.013186
0.013281
0.013300
0.013216
0.013619
0.013170
0.013596
0.013451
0.013366
0.013448
0.013489
0.013509
0.013541
0.013535
0.013459
0.013310
0.013235
0.013482
0.013482
0.013427
0.013137
0.013325
0.012989
0.013140
0.013072
0.012816
0.013152
0.013518
0.013360
0.013308
0.013044
0.013220
0.013129
0.012885
0.012742
0.013215
0.013155
0.013182
0.013081
0.013076
0.013036
0.013025
0.013072
0.013070
0.012979
0.012949
0.012911
0.012964
0.012705
0.012682
0.012544
0.012164
0.012126
0.012185
0.012194
0.012095
0.011901
0.012256
0.011931
0.011653
0.011572
0.011557
0.011633
0.011603
0.011575
0.011703
0.011755
0.011806
0.011861
0.011823
0.011671
0.011649
0.011677
0.011707
0.011663
0.011694
0.011729
0.011805
0.011890
0.011880
0.011791
0.011736
0.011636
0.011532
0.011547
0.011219
0.011389
0.011366
0.011234
0.011225
0.011243
0.011262
0.011086
0.010999
0.010995
0.010808
0.010962
0.010822
0.010773
0.010652
0.010723
0.010800
0.010853
0.010912
0.010872
0.010856
0.010891
0.010801
0.010956
0.010928
0.010601
0.010720
0.010668
0.010513
0.010681
0.010602
0.010593
0.010673
0.010597
0.010609
0.010770
0.010637
0.010681
0.010827
0.010756
0.011131
0.011467
0.011904
0.011186
0.011361
0.011247
0.011198
0.011372
0.011234
0.011070
0.011241
0.011238
0.011212
0.011175
0.011175
0.011234
0.011104
0.011186
0.011193
0.011002
0.011028
0.011013
0.011040
0.010900
0.010901
0.010929
0.011003
0.010956
0.011012
0.011085
0.011141
0.011075
0.011092
0.011285
0.011626
0.012001
0.012332
0.012332
0.012683
0.126227
0.126393
0.125324
0.125614
0.124677
0.125126
0.125234
0.125669
0.124900
0.125466
0.125834
0.125151
0.125674
0.124776
0.124073
0.124402
0.123947
0.125315
0.125563
0.125732
0.124943
0.127790
0.125140
0.125611
0.115645
0.107342
0.115925
0.114627
0.114842
0.124514
0.124753
0.109024
0.123757
0.121360
0.107616
0.110920
0.099794
0.108957
0.109889
0.099213
0.099781
0.099645
0.099896
0.098778
0.099325
0.100130
0.104945
0.102737
0.102652
0.102316
0.122163
0.120791
0.101585
0.121032
0.121023
0.103072
0.097693
0.098379
0.100379
0.098570
0.098724
0.099545
0.106081
0.104027
0.102888
0.103574
0.103284
0.103865
0.101978
0.103303
0.102828
0.117735
0.102284
0.102764
0.102477
0.104882
0.103448
0.102687
0.106227
0.101936
0.117978
0.103978
0.102300
0.008727
0.008754
0.009030
0.009217
0.009352
0.009498
0.009502
0.009452
0.009382
0.009291
0.009309
0.009320
0.009247
0.009218
0.009268
0.009237
0.009334
0.009552
0.009798
0.009804
0.009761
0.009508
0.009768
0.009841
0.009770
0.009670
0.009570
0.009612
0.009451
0.009339
0.008966
0.008843
0.008620
0.008636
0.008322
0.008315
0.008340
0.008510
0.008863
0.008911
0.009033
0.009657
0.009906
0.010094
0.010238
0.010480
0.010413
0.010333
0.010132
0.009380
0.208971
0.208743
0.208708
0.208879
0.209378
0.209223
0.208929
0.209062
0.209352
0.207476
0.206331
0.205357
0.205491
0.204013
0.202404
0.202489
0.205152
0.230048
0.240867
0.245778
0.244586
0.252556
0.283555
0.293134
0.311283
0.307547
0.314515
0.311815
0.312783
0.312373
0.308209
0.312496
0.314345
0.313544
0.309185
0.304802
0.302891
0.301116
0.300469
0.298733
0.292568
0.297718
0.298301
0.295826
0.294296
0.287183
0.294117
0.299476
0.298840
0.302141
0.296032
0.294139
0.295271
0.297640
0.310425
0.295551
0.294372
0.292818
0.292503
0.295970
0.296024
0.295406
0.292045
0.292141
0.285747
0.286872
0.290514
0.297515
0.288436
0.286315
0.284075
0.292735
0.283908
0.277409
0.274088
0.280206
0.281280
0.288272
0.272412
0.287756
0.278425
0.261984
0.266926
0.270610
0.264552
0.260264
0.263650
0.258144
0.268586
0.270462
0.256203
0.264120
0.269745
0.272262
0.274946
0.271094
0.272205
0.275752
0.270636
0.272844
0.275665
0.275219
0.279805
0.275742
0.261338
0.257389
0.261681
0.271258
0.267159
0.265315
0.263956
0.264466
0.263809
0.262764
0.264451
0.266770
0.273447
0.263056
0.266323
0.262482
0.261212
0.266064
0.263966
0.266263
0.267528
0.277498
0.273815
0.268921
0.265947
0.269904
0.270240
0.267986
0.267689
0.269638
0.271295
0.270270
0.278508
0.271021
0.265702
0.266656
0.273917
0.276506
0.272666
0.279277
0.275444
0.265605
0.269215
0.293158
0.298351
0.289653
0.289752
0.289707
0.279883
0.266393
0.274626
0.272374
0.281187
0.285661
0.274634
0.286093
0.270426
0.282849
0.272152
0.272709
0.268813
0.276875
0.276014
0.276206
0.278295
0.281928
0.278771
0.279204
0.277248
0.275156
0.275717
0.273574
0.272164
0.274081
0.273815
0.274126
0.273157
0.273283
0.274884
0.274596
0.270659
0.272423
0.275836
0.275623
0.274429
0.268468
0.266506
0.266149
0.006598
0.006682
0.006906
0.007286
0.007340
0.007404
0.007507
0.007485
0.007506
0.007267
0.007160
0.006956
0.006859
0.006944
0.007018
0.006991
0.007054
0.007161
0.007368
0.007653
0.008066
0.008340
0.008665
0.008928
0.008995
0.009030
0.008895
0.008352
0.008052
0.007993
0.007962
0.007763
0.008023
0.007832
0.007812
0.008551
0.008359
0.008573
0.008579
0.008869
0.009194
0.009583
0.010180
0.010621
0.010524
0.010963
0.010831
0.011159
0.010330
0.009848
0.009179
0.009168
0.009475
0.009448
0.009430
0.009427
0.009568
0.009745
0.009801
0.009654
0.009884
0.010033
0.010246
0.011134
0.011036
0.010743
0.010763
0.010661
0.010338
0.010426
0.010476
0.010829
0.011126
0.011196
0.011627
0.011561
0.011425
0.011660
0.011673
0.012435
0.012702
0.013138
0.012931
0.013101
0.013222
0.013235
0.013113
0.013277
0.013238
0.013316
0.013766
0.013829
0.013903
0.014041
0.014061
0.014196
0.014219
0.014324
0.014197
0.013936
0.013994
0.013877
0.013902
0.014022
0.014294
0.014974
0.015000
0.015321
0.016322
0.015906
0.015662
0.015639
0.015398
0.015099
0.014991
0.014715
0.014894
0.015151
0.015281
0.016763
0.017861
0.017332
0.017436
0.017598
0.017096
0.017047
0.017430
0.017817
0.018585
0.018503
0.018813
0.019007
0.018878
0.018965
0.019065
0.018981
0.019223
0.019111
0.019343
0.019323
0.019092
0.019259
0.019310
0.018872
0.018961
0.018567
0.018771
0.018642
0.018570
0.017997
0.017438
0.017333
0.017255
0.017144
0.017192
0.016860
0.016668
0.016617
0.016847
0.018019
0.017142
0.016738
0.016283
0.015966
0.015936
0.015987
0.016146
0.016417
0.016643
0.016862
0.017076
0.017152
0.017094
0.017638
0.017645
0.016035
0.015347
0.015180
0.015465
0.015766
0.066290
0.067865
0.070045
0.069512
0.068374
0.065760
0.066516
0.077861
0.077926
0.069681
0.071144
0.066924
0.067137
0.068026
0.068329
0.063749
0.065503
0.064244
0.060909
0.061077
0.062757
0.060133
0.060436
0.060763
0.060768
0.061054
0.059763
0.063417
0.059855
0.060533
0.060106
0.060066
0.059411
0.061180
0.059540
0.059193
0.060224
0.057465
0.059078
0.060511
0.058888
0.062923
0.060356
0.063303
0.059045
0.060060
0.060923
0.060310
0.063338
0.062133
0.058735
0.066414
0.065880
0.066916
0.070756
0.058824
0.063197
0.065059
0.068054
0.066605
0.069972
0.062555
0.067468
0.069117
0.063691
0.064546
0.062271
0.064127
0.062105
0.063712
0.062422
0.069231
0.073061
0.071661
0.065636
0.065652
0.066479
0.065564
0.067016
0.072531
0.073106
0.072680
0.073846
0.069816
0.070558
0.070232
0.071225
0.070082
0.070283
0.070065
0.071359
0.071440
0.071057
0.070993
0.069844
0.073176
0.073465
0.073386
0.104722
0.104742
0.106415
0.105577
0.105555
0.107103
0.126419
0.106589
0.103393
0.124838
0.126743
0.125696
0.126616
0.127472
0.126313
0.127268
0.105299
0.106857
0.107467
0.126450
0.125929
0.126007
0.126284
0.126991
0.127491
0.128736
0.127718
0.113947
0.126827
0.127519
0.112831
0.127447
0.111535
0.102894
0.102977
0.103886
0.104017
0.103965
0.104178
0.102873
0.104180
0.103713
0.103623
0.107198
0.106747
0.105224
0.105714
0.105877
0.104680
0.106637
0.104818
0.104121
0.104749
0.102462
0.103405
0.104760
0.100323
0.105535
0.106152
0.105937
0.105488
0.104957
0.106465
0.114330
0.115588
0.105513
0.114280
0.113498
0.111453
0.111964
0.111681
0.113302
0.110231
0.103610
0.110755
0.104599
0.106025
0.109750
0.108988
0.108237
0.108345
0.114750
0.108408
0.112533
0.107968
0.015497
0.015273
0.015205
0.015360
0.015135
0.015160
0.015154
0.014984
0.014990
0.015105
0.014860
0.014731
0.014841
0.014728
0.014900
0.014442
0.014147
0.013940
0.013915
0.014020
0.013737
0.013679
0.013772
0.013955
0.013778
0.013715
0.013504
0.013614
0.013555
0.013204
0.013251
0.013203
0.013055
0.012947
0.012996
0.012791
0.012854
0.012809
0.012549
0.012614
0.012771
0.012891
0.012726
0.012551
0.012582
0.012512
0.012590
0.012584
0.012397
0.012243
0.012182
0.012309
0.012149
0.011999
0.011920
0.011741
0.011718
0.011809
0.011723
0.248400
0.249424
0.245336
0.249613
0.252280
0.252353
0.250432
0.254172
0.256998
0.266401
0.249184
0.249298
0.247130
0.249191
0.252621
0.251264
0.252907
0.256572
0.256702
0.253869
0.257278
0.257737
0.255230
0.266294
0.257666
0.260377
0.257952
0.259409
0.266504
0.261781
0.261402
0.256793
0.254564
0.256857
0.255083
0.259620
0.255019
0.258390
0.252466
0.255447
0.257377
0.257511
0.260415
0.248251
0.256584
0.224818
0.252626
0.256115
0.248197
0.259574
0.263437
0.263814
0.251968
0.256187
0.253579
0.254380
0.255874
0.254837
0.256276
0.259482
0.259530
0.262051
0.258003
0.258018
0.255185
0.254909
0.258548
0.258856
0.262200
0.264963
0.256021
0.256267
0.263258
0.263599
0.265360
0.254288
0.263500
0.257881
0.266611
0.262210
0.254587
0.253199
0.261167
0.259066
0.258017
0.257544
0.253709
0.252464
0.257444
0.256924
0.253831
0.254189
0.252801
0.253530
0.258459
0.260206
0.255123
0.252872
0.253309
0.262281
0.254785
0.254604
0.260610
0.249754
0.257666
0.260317
0.252734
0.252188
0.253094
0.247674
0.251181
0.256508
0.253763
0.247773
0.244993
0.242819
0.247306
0.247558
0.243297
0.245239
0.242722
0.246230
0.245888
0.247055
0.250993
0.246463
0.249645
0.248651
0.247703
0.251478
0.003250
0.002676
0.002386
0.002242
0.002126
0.002053
0.001865
0.001998
0.002167
0.002448
0.002783
0.003050
0.003204
0.003459
0.003362
0.002957
0.002829
0.002903
0.002638
0.002215
0.001947
0.001681
0.001267
0.001134
0.000953
0.000767
0.000505
0.000306
0.000261
0.000120
0.000030
0.000000
0.000034
0.000115
0.000187
0.000211
0.120190
0.120567
0.120560
0.120343
0.120606
0.120200
0.120331
0.120218
0.120397
0.120741
0.120611
0.119753
0.120846
0.120816
0.120639
0.120697
0.120932
0.120360
0.120783
0.120629
0.120373
0.120414
0.120323
0.120587
0.120501
0.120572
0.119237
0.119399
0.119529
0.119574
0.119669
0.119511
0.119445
0.119363
0.119375
0.119326
0.119448
0.119553
0.119591
0.119759
0.119871
0.119664
0.119196
0.119171
0.118976
0.119156
0.119118
0.119610
0.118467
0.118709
0.118453
0.118350
0.118901
0.119373
0.077563
0.073614
0.069847
0.069912
0.074076
0.078074
0.074438
0.071429
0.073243
0.071368
0.074232
0.071946
0.073046
0.070187
0.068467
0.069234
0.070231
0.070200
0.070083
0.069735
0.069361
0.067517
0.068877
0.069661
0.069312
0.069138
0.092529
0.093164
0.092286
0.093364
0.068735
0.069340
0.069333
0.068958
0.069180
0.070917
0.070675
0.068713
0.067785
0.068738
0.067726
0.068551
0.067751
0.067294
0.067093
0.067429
0.067456
0.071150
0.071358
0.068045
0.068265
0.068342
0.069313
0.070571
0.067169
0.071152
0.070819
0.068999
0.070131
0.071346
0.071110
0.069770
0.071314
0.071007
0.071147
0.070881
0.070977
0.069477
0.067020
0.070023
0.069569
0.072397
0.069899
0.073795
0.072319
0.070008
0.076126
0.076427
0.077992
0.074978
0.076422
0.076662
0.074009
0.073999
0.109764
0.110214
0.115480
0.114975
0.103691
0.116448
0.102424
0.104455
0.116405
0.104559
0.109937
0.109131
0.108927
0.109932
0.109312
0.109549
0.103680
0.103768
0.118949
0.118994
0.117281
0.117117
0.106206
0.117485
0.107046
0.117786
0.119089
0.118224
0.119327
0.119134
0.120071
0.108344
0.115244
0.116980
0.107872
0.108073
0.108657
0.108859
0.108222
0.108552
0.108323
0.107171
0.109728
0.107669
0.105441
0.105781
0.102059
0.102642
0.107182
0.107924
0.108268
0.107794
0.108597
0.108963
0.108534
0.108927
0.017395
0.016999
0.016826
0.016792
0.016757
0.016752
0.016046
0.016019
0.016465
0.016191
0.016085
0.015945
0.015951
0.015972
0.016195
0.016204
0.016043
0.016280
0.016382
0.016103
0.016091
0.015956
0.016118
0.016173
0.016048
0.015965
0.015735
0.015786
0.015718
0.015715
0.015634
0.015606
0.015620
0.015681
0.015691
0.015620
0.015519
0.015810
0.015798
0.015615
0.015653
0.015664
0.015857
0.015598
0.015513
0.015623
0.015488
0.015688
0.015281
0.015629
0.015140
0.015682
0.015600
0.015654
0.015754
0.015617
0.015504
0.015695
0.015756
0.084765
0.086598
0.084318
0.084268
0.084564
0.083780
0.078512
0.087551
0.082511
0.086153
0.086778
0.084338
0.085550
0.090942
0.090722
0.085057
0.086215
0.093341
0.091747
0.091467
0.086468
0.088912
0.092772
0.090467
0.091770
0.089529
0.094387
0.092391
0.092841
0.092951
0.095444
0.089553
0.087338
0.089615
0.091366
0.093974
0.096099
0.097459
0.093643
0.097241
0.092576
0.096258
0.092755
0.090919
0.091109
0.094011
0.089023
0.089084
0.082098
0.082069
0.091286
0.082466
0.082959
0.087776
0.209085
0.190162
0.189900
0.189675
0.208862
0.209293
0.207981
0.205674
0.205470
0.207474
0.209201
0.207862
0.200684
0.209999
0.197797
0.197588
0.195599
0.191561
0.196826
0.192223
0.191321
0.197849
0.195085
0.191107
0.198019
0.210253
0.193034
0.189733
0.194219
0.194734
0.194498
0.204659
0.206037
0.208048
0.207688
0.205634
0.205453
0.197573
0.194308
0.209085
0.208055
0.207515
0.206340
0.210201
0.209160
0.198580
0.205733
0.209710
0.207683
0.209577
0.207221
0.205466
0.205860
0.207227
0.192310
0.190532
0.192023
0.190911
0.190290
0.191091
0.195000
0.194357
0.194951
0.197576
0.198156
0.209083
0.191694
0.193946
0.191206
0.194350
0.197568
0.190265
0.190712
0.193654
0.194978
0.208742
0.191166
0.189579
0.203916
0.200624
0.194462
0.195108
0.196367
0.191440
0.195687
0.194506
0.189732
0.190471
0.191541
0.191417
0.193976
0.194268
0.193154
0.192306
0.192803
0.192773
