0.258423
0.258281
0.167599
0.100838
0.057989
0.035569
0.036845
0.036398
0.036179
0.035600
0.036142
0.036302
0.036520
0.036897
0.036996
0.037106
0.036381
0.035633
0.036410
0.036509
0.035919
0.035858
0.035668
0.038156
0.037143
0.036725
0.034361
0.034521
0.035067
0.031971
0.031094
0.031467
0.031277
0.030261
0.029309
0.031181
0.031530
0.031436
0.031713
0.030427
0.030549
0.030687
0.031632
0.030950
0.031468
0.031105
0.031219
0.031702
0.031958
0.032440
0.033012
0.032696
0.032902
0.032749
0.031982
0.033059
0.033491
0.033349
0.032358
0.032636
0.032112
0.032886
0.032539
0.032742
0.033674
0.033239
0.032917
0.033423
0.033048
0.032636
0.032382
0.032180
0.032359
0.032831
0.032869
0.035696
0.036306
0.034598
0.036889
0.037339
0.036644
0.036705
0.036518
0.036760
0.037202
0.035950
0.036268
0.037491
0.036876
0.038249
0.037911
0.037252
0.037295
0.037207
0.037762
0.037082
0.036899
0.037750
0.036802
0.037276
0.037412
0.037432
0.036585
0.037123
0.037313
0.035393
0.035966
0.035790
0.035793
0.035696
0.035889
0.036165
0.064493
0.065715
0.065663
0.065728
0.068303
0.065017
0.065414
0.063799
0.064210
0.066797
0.067225
0.065577
0.065115
0.066001
0.066601
0.065694
0.065651
0.064830
0.063435
0.066598
0.070174
0.067431
0.067292
0.063290
0.063071
0.065501
0.062803
0.061156
0.062197
0.060031
0.065706
0.062622
0.036387
0.038150
0.036494
0.037472
0.034788
0.034241
0.037232
0.036203
0.036189
0.037002
0.037776
0.038383
0.038183
0.037356
0.037441
0.037001
0.036153
0.038041
0.038208
0.036677
0.038158
0.036360
0.036962
0.037568
0.035882
0.035338
0.037180
0.036120
0.037078
0.036715
0.037178
0.037019
0.035058
0.036028
0.036499
0.036151
0.036568
0.036214
0.035970
0.034081
0.033969
0.034117
0.032363
0.032736
0.032213
0.032201
0.032487
0.034980
0.034957
0.034912
0.036201
0.035597
0.034934
0.036642
0.039420
0.039469
0.040082
0.040088
0.040083
0.041302
0.041702
0.042130
0.042425
0.042605
0.041832
0.041119
0.041291
0.041656
0.041808
0.042039
0.042332
0.042163
0.042088
0.043281
0.042573
0.042518
0.042980
0.042318
0.042954
0.042605
0.042837
0.042685
0.042771
0.041090
0.040571
0.040868
0.041803
0.042424
0.042145
0.044178
0.042328
0.042197
0.041537
0.042022
0.041289
0.040620
0.040185
0.039437
0.039738
0.039344
0.039042
0.040638
0.040743
0.039308
0.038491
0.038005
0.036352
0.038615
0.035324
0.037044
0.039207
0.038543
0.038821
0.037523
0.038867
0.039332
0.039446
0.298922
0.247424
0.228331
0.192690
0.203444
0.198176
0.213185
0.204134
0.195550
0.167170
0.162842
0.166853
0.170036
0.168416
0.163418
0.166180
0.168235
0.159359
0.159499
0.158884
0.150962
0.162987
0.130427
0.149537
0.124817
0.151343
0.127311
0.153421
0.153831
0.153955
0.117303
0.118180
0.118284
0.118034
0.117977
0.117875
0.156210
0.155366
0.155275
0.154027
0.154005
0.153422
0.154750
0.151208
0.158566
0.159614
0.158760
0.157962
0.161211
0.143787
0.159323
0.155698
0.159296
0.159009
0.160905
0.164243
0.158285
0.165836
0.170519
0.163261
0.176589
0.169669
0.174641
0.181735
0.186798
0.176832
0.178084
0.211727
0.216809
0.222862
0.246943
0.243890
0.232132
0.241832
0.226743
0.222111
0.215264
0.209892
0.180485
0.150055
0.167271
0.163762
0.168391
0.171878
0.211566
0.201634
0.217660
0.200763
0.205628
0.208863
0.206688
0.201269
0.199582
0.177472
0.175189
0.172547
0.175644
0.170787
0.172255
0.169667
0.177211
0.175227
0.175372
0.178892
0.182511
0.180164
0.180031
0.180961
0.183412
0.183721
0.183386
0.184549
0.184581
0.184516
0.184435
0.184418
0.184455
0.184512
0.184513
0.184509
0.184514
0.184513
0.184513
0.185434
0.185412
0.185432
0.185432
0.185376
0.185467
0.185466
0.185467
0.195738
0.208403
0.223197
0.239391
0.257142
0.274707
0.296786
0.270419
0.264278
0.261495
0.261352
0.263903
0.269007
0.269013
0.269015
0.268010
0.268012
0.268010
0.268094
0.268010
0.268010
0.268017
0.268020
0.268022
0.268559
0.268558
0.268567
0.268566
0.267355
0.269030
0.269737
0.266827
0.266829
0.266828
0.267355
0.267362
0.267380
0.267380
0.267381
0.267375
0.267389
0.266865
0.266865
0.266865
0.266865
0.266865
0.266865
0.266865
0.266865
0.266865
0.266865
0.266865
0.266865
0.266865
0.266865
0.266865
0.266865
0.267279
0.261231
0.247086
0.206873
0.140222
0.078327
0.090566
0.087601
0.096005
0.093818
0.100852
0.104988
0.104094
0.066814
0.055049
0.068005
0.056579
0.063930
0.066027
0.057771
0.057362
0.063628
0.058798
0.062981
0.070273
0.060015
0.059013
0.059316
0.087320
0.084336
0.085941
0.081749
0.083158
0.076517
0.072870
0.073589
0.075287
0.076064
0.089787
0.086868
0.073871
0.077240
0.118221
0.082520
0.077996
0.079275
0.107494
0.118911
0.113228
0.147987
0.150454
0.149192
0.165270
0.114202
0.114511
0.125681
0.118402
0.124130
0.050743
0.114997
0.121304
0.113024
0.107070
0.114597
0.111204
0.107202
0.118638
0.117840
0.115060
0.108610
0.108294
0.109919
0.116140
0.109128
0.117819
0.111474
0.116882
0.110838
0.117819
0.118681
0.115152
0.116165
0.116021
0.114687
0.105658
0.109558
0.113195
0.114551
0.124495
0.129867
0.124188
0.137639
0.111583
0.110505
0.033576
0.030890
0.033987
0.032753
0.032212
0.032635
0.032718
0.030204
0.031530
0.031641
0.033160
0.034887
0.033351
0.034978
0.034655
0.034597
0.034486
0.034628
0.036652
0.036698
0.034972
0.034469
0.034929
0.035838
0.035796
0.035418
0.033289
0.035536
0.034593
0.032599
0.034210
0.034456
0.034615
0.033237
0.033082
0.033810
0.033507
0.033915
0.037365
0.037447
0.037465
0.036092
0.036617
0.036554
0.037616
0.037410
0.037146
0.037461
0.038068
0.038397
0.037696
0.037145
0.036631
0.036999
0.037451
0.036773
0.037179
0.034652
0.035299
0.036997
0.036932
0.037452
0.036190
0.031792
0.032231
0.032562
0.032826
0.032401
0.032137
0.032622
0.031924
0.032245
0.032288
0.032290
0.032942
0.034177
0.034772
0.035084
0.035160
0.035250
0.036060
0.034763
0.034494
0.033821
0.034078
0.033544
0.032976
0.032990
0.031366
0.030495
0.032522
0.030442
0.030692
0.031972
0.031223
0.030325
0.031810
0.030298
0.029659
0.029169
0.028468
0.029090
0.028483
0.028975
0.028734
0.028341
0.029254
0.028847
0.029672
0.028476
0.028617
0.028711
0.028547
0.028674
0.072258
0.074699
0.076709
0.075749
0.083395
0.070553
0.074659
0.073714
0.073685
0.075619
0.074333
0.070936
0.075460
0.069036
0.071077
0.074531
0.079876
0.081334
0.078952
0.077600
0.080789
0.078651
0.077913
0.073953
0.076336
0.073765
0.074676
0.078120
0.075033
0.074426
0.075541
0.077615
0.072770
0.073283
0.079456
0.076763
0.063100
0.062586
0.058926
0.059013
0.061002
0.061621
0.061238
0.061787
0.064836
0.061755
0.060962
0.060996
0.060495
0.060122
0.061203
0.061222
0.064429
0.067497
0.064294
0.066099
0.066436
0.063486
0.064242
0.075304
0.072240
0.059240
0.059778
0.061667
0.060664
0.025464
0.024149
0.025901
0.026168
0.026058
0.025809
0.025329
0.025535
0.025113
0.025295
0.025541
0.025351
0.025056
0.025844
0.024874
0.025340
0.025207
0.025248
0.025746
0.023393
0.023320
0.024351
0.024426
0.024380
0.024347
0.024544
0.024635
0.024705
0.024763
0.024820
0.025379
0.025065
0.025599
0.025873
0.025864
0.025070
0.025421
0.074813
0.073818
0.072079
0.075761
0.074510
0.072509
0.074885
0.073205
0.075510
0.074568
0.075363
0.073708
0.078372
0.071505
0.076728
0.074647
0.070653
0.069015
0.074391
0.070925
0.070838
0.072246
0.071564
0.070628
0.072759
0.070426
0.073410
0.078042
0.077324
0.076284
0.077478
0.078819
0.078536
0.082637
0.087527
0.084442
0.087520
0.088426
0.081867
0.084734
0.079918
0.073690
0.079176
0.078936
0.077771
0.074451
0.073298
0.070264
0.074822
0.071359
0.073151
0.075698
0.023745
0.023617
0.026563
0.026018
0.026857
0.026140
0.026329
0.025839
0.025497
0.025514
0.024996
0.025309
0.024650
0.025316
0.025054
0.025877
0.026277
0.026251
0.026575
0.026143
0.025998
0.026067
0.026414
0.026925
0.026699
0.025813
0.025918
0.025766
0.025803
0.026377
0.026507
0.026673
0.027224
0.070595
0.071732
0.070424
0.063796
0.072033
0.062366
0.073631
0.071209
0.071923
0.071146
0.072597
0.070864
0.069927
0.071691
0.070839
0.073418
0.074411
0.077750
0.076784
0.078591
0.077451
0.077346
0.077339
0.076509
0.080103
0.076934
0.074053
0.075974
0.076767
0.079172
0.079139
0.078926
0.079601
0.078271
0.077090
0.077257
0.075886
0.077588
0.076526
0.079005
0.077804
0.080571
0.076251
0.030528
0.030602
0.030575
0.030243
0.030450
0.030334
0.029833
0.029670
0.029636
0.029653
0.030444
0.030536
0.030288
0.029697
0.029488
0.030077
0.030516
0.031507
0.030448
0.030310
0.030376
0.029035
0.027160
0.026741
0.026659
0.028255
0.027670
0.026754
0.026742
0.026913
0.026791
0.026750
0.026914
0.026416
0.027610
0.026168
0.025735
0.025614
0.025777
0.026230
0.026445
0.026180
0.026689
0.026718
0.026811
0.025437
0.026277
0.026301
0.026101
0.025970
0.026086
0.026047
0.025806
0.025531
0.026170
0.026321
0.025783
0.026249
0.026202
0.026015
0.025892
0.025594
0.025838
0.026946
0.026972
0.026935
0.027627
0.027803
0.027505
0.028153
0.072448
0.072526
0.072320
0.071457
0.070001
0.072093
0.071816
0.071933
0.071555
0.070231
0.069450
0.070522
0.069222
0.068828
0.074044
0.076405
0.067041
0.071028
0.071463
0.071689
0.075414
0.071707
0.070258
0.077660
0.072928
0.073263
0.073217
0.073824
0.071588
0.074728
0.075067
0.073987
0.073281
0.074424
0.073467
0.074748
0.073774
0.074696
0.076518
0.071689
0.078675
0.076033
0.076161
0.078400
0.075601
0.077162
0.057406
0.058371
0.061371
0.060882
0.060262
0.059608
0.059145
0.060067
0.062955
0.059306
0.066743
0.066813
0.062138
0.067656
0.060440
0.063456
0.060717
0.060755
0.059961
0.061434
0.060295
0.058205
0.061561
0.065095
0.066213
0.069161
0.070691
0.072912
0.068431
0.070318
0.068466
0.076457
0.076645
0.074572
0.072447
0.071313
0.072163
0.072059
0.074381
0.075259
0.074700
0.074493
0.075370
0.076505
0.076946
0.076167
0.073493
0.080543
0.075796
0.076364
0.075837
0.079514
0.080057
0.079849
0.080310
0.080764
0.072302
0.071057
0.072840
0.074824
0.079422
0.069530
0.075140
0.075518
0.076031
0.072611
0.074168
0.078114
0.072303
0.078879
0.077812
0.078599
0.075841
0.069966
0.070065
0.072296
0.068465
0.069314
0.068279
0.073847
0.068234
0.068232
0.070593
0.068623
0.069969
0.071051
0.069579
0.069500
0.070219
0.070894
0.070608
0.071190
0.069951
0.069946
0.071756
0.071621
0.070842
0.072219
0.073659
0.071452
0.072504
0.073320
0.071742
0.072021
0.069089
0.075260
0.073213
0.069031
0.068084
0.070138
0.072872
0.070273
0.071142
0.073942
0.073594
0.073142
0.075432
0.076094
0.076389
0.078114
0.074795
0.077429
0.029123
0.028513
0.028869
0.028336
0.027601
0.027306
0.026803
0.028426
0.028455
0.027652
0.027931
0.027824
0.027937
0.028393
0.027243
0.026869
0.026732
0.026265
0.025807
0.026091
0.025807
0.025940
0.027304
0.025504
0.026060
0.025709
0.026417
0.025658
0.026052
0.025967
0.025721
0.025144
0.024968
0.025135
0.025233
0.025591
0.025213
0.025586
0.025475
0.027525
0.027692
0.026756
0.026586
0.027339
0.025890
0.027552
0.027424
0.026972
0.027064
0.026913
0.025072
0.026937
0.027153
0.024723
0.025442
0.024518
0.027405
0.026162
0.026475
0.025911
0.027972
0.027533
0.027975
0.026415
0.027507
0.025702
0.025737
0.025087
0.026032
0.025664
0.025498
0.025486
0.025504
0.026062
0.027261
0.026672
0.025400
0.026237
0.025095
0.025122
0.025374
0.027217
0.027950
0.025175
0.026442
0.026305
0.026347
0.026671
0.026572
0.027420
0.025876
0.026717
0.026535
0.026780
0.026437
0.026257
0.026103
0.065047
0.058587
0.062477
0.065370
0.062830
0.059980
0.061340
0.060089
0.061635
0.059575
0.060873
0.061069
0.061597
0.061991
0.059660
0.061341
0.061684
0.064923
0.064636
0.063340
0.060111
0.060885
0.061959
0.059925
0.059318
0.059569
0.059983
0.059419
0.059912
0.062962
0.064031
0.065462
0.059655
0.058359
0.057661
0.058830
0.059106
0.059385
0.058928
0.059298
0.060127
0.059317
0.058236
0.058458
0.059254
0.060019
0.061359
0.061352
0.060575
0.062077
0.063218
0.061347
0.060428
0.065834
0.062450
0.064534
0.060173
0.056766
0.060145
0.057449
0.059218
0.056668
0.061668
0.055247
0.059689
0.059864
0.060952
0.060917
0.060048
0.061561
0.059710
0.061613
0.062576
0.056329
0.057145
0.059191
0.063412
0.062326
0.060404
0.020349
0.020590
0.020871
0.020841
0.020547
0.020004
0.018808
0.019342
0.019764
0.021589
0.020729
0.021061
0.022312
0.022177
0.021363
0.021211
0.021440
0.021188
0.021201
0.020818
0.020921
0.021270
0.019858
0.018514
0.018512
0.019105
0.019062
0.019088
0.019550
0.019921
0.018546
0.018104
0.017423
0.017344
0.017299
0.017603
0.017047
0.019136
0.018622
0.018898
0.019168
0.017147
0.018003
0.018347
0.018798
0.018011
0.017537
0.019234
0.019981
0.019033
0.017575
0.016357
0.016311
0.017754
0.018056
0.018893
0.018937
0.018345
0.018370
0.018553
0.018612
0.018209
0.017079
0.018610
0.017695
0.018966
0.019502
0.020739
0.020875
0.021384
0.021594
0.020146
0.021054
0.019944
0.019684
0.020332
0.019902
0.019950
0.020039
0.020027
0.019786
0.019468
0.018733
0.018656
0.018999
0.018704
0.018489
0.018396
0.018456
0.018392
0.018500
0.018157
0.018252
0.017755
0.018034
0.018445
0.019134
0.018659
0.018962
0.017149
0.016428
0.016361
0.016070
0.015425
0.015512
0.015199
0.064557
0.057871
0.060030
0.063262
0.064819
0.062709
0.066363
0.065684
0.067918
0.065887
0.064425
0.065017
0.066070
0.067003
0.066319
0.065945
0.061844
0.063319
0.065936
0.068343
0.065993
0.067767
0.065898
0.065254
0.067831
0.057549
0.058235
0.072312
0.061768
0.057904
0.058270
0.061287
0.053753
0.056779
0.053655
0.054568
0.057211
0.057087
0.056724
0.055787
0.054809
0.057364
0.053501
0.056374
0.055792
0.054323
0.052712
0.055104
0.053460
0.052391
0.054159
0.054305
0.055158
0.052413
0.052682
0.052921
0.050910
0.048875
0.050131
0.050652
0.051852
0.048521
0.048975
0.049834
0.050278
0.053445
0.054185
0.051377
0.049034
0.057400
0.058894
0.056102
0.057534
0.060312
0.058320
0.057236
0.053058
0.050876
0.052880
0.054032
0.056759
0.054230
0.055724
0.058057
0.057935
0.057596
0.048044
0.051335
0.052181
0.056795
0.053885
0.051598
0.053581
0.054062
0.054501
0.057285
0.058052
0.058526
0.057235
0.051767
0.056160
0.058273
0.053734
0.054126
0.053602
0.054503
0.052436
0.054116
0.053447
0.052070
0.052340
0.055203
0.053392
0.062035
0.049685
0.050334
0.049965
0.049255
0.049541
0.047183
0.044749
0.044687
0.050575
0.050023
0.045855
0.058351
0.057426
0.060348
0.063004
0.059244
0.062137
0.060992
0.064319
0.063445
0.065927
0.055397
0.052311
0.052885
0.051971
0.065366
0.052913
0.063171
0.062639
0.062854
0.062781
0.064779
0.063532
0.062272
0.063522
0.063384
0.063569
0.070872
0.069768
0.066027
0.062667
0.065801
0.065191
0.063166
0.064216
0.063001
0.063070
0.060989
0.060140
0.066499
0.065345
0.067191
0.069702
0.069801
0.065704
0.064252
0.071678
0.067057
0.072397
0.078145
0.076652
0.077161
0.069392
0.072345
0.070386
0.063474
0.065169
0.065436
0.072166
0.067809
0.074564
0.074559
0.063292
0.060929
0.061777
0.072132
0.072004
0.064339
0.064647
0.072427
0.065507
0.068627
0.072651
0.064211
0.072375
0.073209
0.073350
0.070629
0.073939
0.065655
0.068218
0.060901
0.068442
0.069563
0.068204
0.061117
0.069203
0.066492
0.068500
0.063585
0.055647
0.056509
0.061276
0.061537
0.070854
0.067670
0.069124
0.068755
0.076494
0.076516
0.069217
0.064649
0.065728
0.070176
0.069720
0.067627
0.070147
0.064314
0.073314
0.076597
0.077236
0.062088
0.062068
0.061857
0.062118
0.062288
0.061276
0.061475
0.061415
0.061095
0.061387
0.060305
0.062236
0.061974
0.062593
0.063233
0.062577
0.064220
0.063859
0.063999
0.062144
0.061106
0.061531
0.060869
0.061209
0.060640
0.061956
0.061658
0.061889
0.061333
0.060775
0.060158
0.060685
0.060743
0.061564
0.060644
0.061129
0.063944
0.064983
0.066592
0.065883
0.066869
0.069212
0.065964
0.066817
0.069469
0.067416
0.067889
0.066322
0.067331
0.065599
0.065056
0.065996
0.066345
0.064964
0.064617
0.065604
0.065497
0.064556
0.065249
0.066544
0.066000
0.065507
0.065179
0.065258
0.064963
0.065043
0.065061
0.065307
0.065851
0.018612
0.018777
0.018882
0.018885
0.018509
0.019085
0.018615
0.018875
0.018709
0.019138
0.019535
0.018493
0.018842
0.019016
0.018923
0.019054
0.018279
0.018240
0.018165
0.018685
0.018712
0.018716
0.018672
0.018754
0.079634
0.065974
0.075320
0.083101
0.084323
0.083836
0.082751
0.082475
0.074600
0.072156
0.072478
0.079935
0.078444
0.081540
0.078539
0.081129
0.081166
0.082941
0.080711
0.082363
0.083447
0.080928
0.079569
0.075639
0.079986
0.082181
0.077734
0.079635
0.080235
0.080754
0.080654
0.057008
0.057166
0.056090
0.054539
0.055658
0.055565
0.055371
0.055064
0.055455
0.055186
0.055748
0.055241
0.055661
0.056966
0.058010
0.056216
0.056493
0.056205
0.056624
0.055916
0.056189
0.056593
0.056387
0.056590
0.056355
0.056605
0.056743
0.058106
0.058075
0.058261
0.058319
0.058946
0.057742
0.057738
0.056801
0.055811
0.055756
0.057858
0.058177
0.057734
0.056989
0.056059
0.051497
0.056717
0.057319
0.058692
0.055312
0.054463
0.056869
0.060972
0.019997
0.019687
0.019944
0.020012
0.020099
0.018770
0.017950
0.017599
0.017277
0.017391
0.017670
0.017524
0.017410
0.016924
0.017133
0.017097
0.017189
0.017331
0.017325
0.017268
0.017496
0.017324
0.017476
0.017558
0.017427
0.017702
0.017351
0.017071
0.016966
0.017006
0.016941
0.017085
0.017383
0.017184
0.017519
0.017784
0.017794
0.017571
0.017277
0.017504
0.017435
0.017308
0.017368
0.017700
0.017555
0.017617
0.017923
0.018111
0.018076
0.018435
0.018038
0.017980
0.018071
0.017793
0.018227
0.018137
0.017792
0.017421
0.017457
0.017081
0.017252
0.017135
0.016920
0.017176
0.016968
0.016866
0.016646
0.016869
0.016550
0.016917
0.016478
0.016744
0.016942
0.016630
0.016812
0.072448
0.066538
0.066510
0.066991
0.064869
0.067810
0.071389
0.066123
0.069459
0.072821
0.072997
0.069871
0.069283
0.069850
0.070544
0.067971
0.071210
0.066617
0.066900
0.070715
0.068691
0.071384
0.072359
0.078308
0.077005
0.070919
0.077079
0.074932
0.075618
0.075861
0.074710
0.078423
0.072202
0.073679
0.074834
0.073728
0.073394
0.075064
0.069953
0.067599
0.067572
0.069132
0.066829
0.069447
0.070279
0.079803
0.072078
0.082039
0.079655
0.072894
0.077248
0.073057
0.074291
0.069268
0.075027
0.070817
0.077117
0.075747
0.075138
0.073201
0.076957
0.078664
0.079802
0.078938
0.074985
0.073213
0.078580
0.076270
0.074667
0.075939
0.068459
0.072228
0.077853
0.073146
0.072058
0.072505
0.071711
0.074439
0.073887
0.082259
0.083192
0.070666
0.073494
0.070185
0.070712
0.071581
0.072416
0.074478
0.062052
0.074729
0.074046
0.071051
0.073692
0.071644
0.073562
0.072698
0.077229
0.075072
0.067872
0.071698
0.071443
0.071169
0.070770
0.070296
0.068504
0.067965
0.068698
0.070748
0.070706
0.068915
0.067460
0.072196
0.070075
0.069904
0.069531
0.070412
0.068446
0.069078
0.067478
0.064803
0.067987
0.065348
0.066773
0.066530
0.066612
0.068646
0.066592
0.068732
0.068845
0.067217
0.068812
0.064129
0.064799
0.069176
0.067844
0.014773
0.014852
0.015137
0.014577
0.014665
0.014413
0.015051
0.015102
0.014973
0.015138
0.015287
0.014879
0.014701
0.014445
0.015253
0.015302
0.015243
0.015397
0.014608
0.015093
0.015625
0.015923
0.016299
0.016373
0.016606
0.016778
0.016504
0.017257
0.016953
0.017667
0.017546
0.016525
0.016679
0.015907
0.016517
0.016298
0.016666
0.017004
0.016842
0.017340
0.016933
0.017058
0.016967
0.017227
0.017664
0.016341
0.017056
0.017075
0.016746
0.016546
0.016909
0.017578
0.017262
0.017426
0.017477
0.017762
0.017526
0.017403
0.017132
0.016823
0.017032
0.017104
0.017152
0.016956
0.017314
0.016942
0.017203
0.017272
0.017406
0.017126
0.017450
0.017514
0.017300
0.018085
0.017433
0.019010
0.019438
0.019421
0.017843
0.017644
0.017260
0.017338
0.017232
0.016866
0.016920
0.016794
0.017179
0.017025
0.016643
0.016932
0.017800
0.017807
0.017756
0.018078
0.018210
0.018385
0.017966
0.018183
0.018208
0.018055
0.018312
0.017459
0.017108
0.016898
0.018328
0.016861
0.018942
0.018810
0.019659
0.019523
0.019255
0.019815
0.019976
0.019121
0.018714
0.018517
0.017931
0.017587
0.018141
0.018309
0.018039
0.019390
0.018772
0.018729
0.018945
0.018848
0.019854
0.018321
0.018195
0.017984
0.018361
0.019204
0.018010
0.019038
0.018433
0.018078
0.018014
0.060024
0.064244
0.063832
0.064592
0.058276
0.057766
0.060791
0.060238
0.056936
0.060415
0.052656
0.052583
0.072668
0.073402
0.071787
0.071435
0.070493
0.069983
0.071957
0.069206
0.071038
0.070702
0.069604
0.069639
0.069605
0.073396
0.066697
0.077966
0.077349
0.069255
0.067526
0.067879
0.061926
0.059715
0.069336
0.071290
0.070317
0.077380
0.077170
0.073044
0.075056
0.075516
0.070680
0.072489
0.070104
0.070583
0.074488
0.074821
0.073343
0.071828
0.072839
0.070902
0.073458
0.081055
0.075448
0.079656
0.080166
0.080048
0.075670
0.071687
0.069039
0.068953
0.070058
0.071761
0.080481
0.081012
0.081403
0.080792
0.077532
0.068559
0.067086
0.068605
0.066949
0.067704
0.069330
0.066797
0.072702
0.069586
0.069985
0.073969
0.074890
0.071675
0.080061
0.070911
0.072225
0.074731
0.070514
0.073006
0.073687
0.024372
0.025209
0.022780
0.024259
0.023790
0.022879
0.022258
0.023898
0.021753
0.022107
0.023350
0.023970
0.023105
0.023156
0.022839
0.022701
0.022284
0.022435
0.022523
0.022561
0.022257
0.023364
0.023888
0.023385
0.023440
0.023341
0.023310
0.022854
0.023306
0.023294
0.023607
0.022973
0.022967
0.023080
0.022948
0.022585
0.021962
0.021877
0.022560
0.022815
0.024049
0.022919
0.019878
0.020639
0.021499
0.021138
0.020189
0.020066
0.019125
0.019243
0.019566
0.018638
0.020558
0.020747
0.021643
0.021917
0.021596
0.020208
0.021528
0.020473
0.019723
0.019420
0.018890
0.019461
0.018761
0.020247
0.020458
0.019990
0.019645
0.020763
0.020790
0.021850
0.022317
0.022722
0.022990
0.022342
0.022094
0.022041
0.022284
0.022246
0.022569
0.022357
0.022498
0.022457
0.022775
0.022636
0.023171
0.022102
0.022234
0.020879
0.020825
0.021931
0.022025
0.021650
0.059662
0.067696
0.060158
0.056145
0.073046
0.070482
0.069091
0.069502
0.064227
0.062080
0.069248
0.066736
0.068113
0.067807
0.072576
0.068907
0.065818
0.055108
0.075992
0.062763
0.057564
0.057213
0.056375
0.055620
0.054980
0.062010
0.060410
0.057579
0.055353
0.062082
0.072772
0.065229
0.063054
0.064902
0.062885
0.065471
0.065210
0.064921
0.064318
0.068923
0.065598
0.062143
0.062380
0.062459
0.067063
0.066525
0.081127
0.073462
0.065739
0.074149
0.068040
0.067279
0.023178
0.022960
0.022614
0.022921
0.023156
0.022848
0.024542
0.024220
0.023502
0.023573
0.024023
0.021550
0.022059
0.022321
0.021211
0.021517
0.021884
0.021913
0.025181
0.025166
0.024914
0.025169
0.025337
0.025605
0.026572
0.023381
0.023953
0.024229
0.022782
0.023500
0.023299
0.023167
0.024046
0.023821
0.024388
0.024784
0.024600
0.026187
0.025722
0.026269
0.026473
0.026055
0.069095
0.068310
0.067096
0.057189
0.057694
0.065911
0.065373
0.056753
0.069718
0.065507
0.067118
0.066268
0.068648
0.064403
0.066945
0.065963
0.068560
0.068961
0.068685
0.068884
0.069347
0.069353
0.072169
0.070575
0.057271
0.071092
0.071194
0.070921
0.070940
0.069863
0.068946
0.069515
0.068132
0.068596
0.067021
0.068384
0.070805
0.069030
0.065044
0.056235
0.055638
0.069013
0.068932
0.069255
0.068482
0.069487
0.070830
0.067153
0.063737
0.068927
0.069594
0.070543
0.053601
0.052886
0.068183
0.061900
0.067307
0.026450
0.026304
0.026469
0.025631
0.025844
0.025871
0.026007
0.025297
0.025635
0.025628
0.025004
0.025706
0.025531
0.025211
0.025027
0.025504
0.025238
0.025260
0.024899
0.025788
0.025552
0.025303
0.024959
0.025534
0.025363
0.024527
0.025186
0.067757
0.066963
0.065988
0.068362
0.067330
0.067122
0.066958
0.065923
0.067881
0.067964
0.072892
0.069138
0.068772
0.066827
0.067281
0.067634
0.068736
0.071575
0.067319
0.066871
0.070416
0.069845
0.065881
0.066244
0.066536
0.069379
0.065502
0.065614
0.066854
0.067369
0.068102
0.067788
0.066041
0.066545
0.065556
0.061801
0.066925
0.067421
0.066024
0.065025
0.068286
0.068499
0.071651
0.070243
0.071504
0.070463
0.069746
0.072282
0.069581
0.068762
0.068619
0.070828
0.072428
0.071751
0.071448
0.070840
0.072668
0.072277
0.072964
0.073084
0.070913
0.072392
0.072071
0.071229
0.069036
0.067383
0.066945
0.065167
0.067530
0.067795
0.068691
0.069727
0.066394
0.064846
0.070947
0.071606
0.068576
0.066318
0.071506
0.072106
0.072724
0.071948
0.075226
0.073434
0.073212
0.073280
0.024077
0.023952
0.025846
0.025303
0.023229
0.023566
0.025952
0.025583
0.025846
0.025688
0.026556
0.023864
0.023706
0.022918
0.023001
0.022564
0.021773
0.022053
0.022258
0.021707
0.021380
0.022058
0.021650
0.021614
0.021776
0.022451
0.022384
0.021723
0.021559
0.021614
0.021808
0.021549
0.021206
0.021474
0.021855
0.023120
0.023749
0.022117
0.022629
0.022235
0.022146
0.021894
0.022023
0.022456
0.020988
0.021147
0.021690
0.021449
0.021882
0.023694
0.023549
0.023044
0.022672
0.022727
0.022847
0.024562
0.024492
0.024729
0.070647
0.062907
0.064751
0.068327
0.066120
0.065770
0.063771
0.065089
0.063264
0.064767
0.064804
0.065545
0.065413
0.063172
0.063282
0.062200
0.063461
0.063877
0.063528
0.070430
0.063373
0.063191
0.063324
0.063553
0.063765
0.065254
0.065553
0.066659
0.066863
0.065855
0.064298
0.065555
0.065487
0.063798
0.065121
0.063352
0.062367
0.063145
0.064350
0.061828
0.063238
0.064734
0.061816
0.064721
0.064987
0.063687
0.065471
0.064760
0.064119
0.062811
0.064067
0.065319
0.063433
0.066209
0.065746
0.067315
0.068103
0.066379
0.061515
0.064816
0.063390
0.064560
0.061265
0.063857
0.061447
0.063785
0.062707
0.063434
0.063518
0.064910
0.064529
0.065012
0.060630
0.060497
0.059755
0.060916
0.060248
0.061582
0.067905
0.065902
0.060487
0.060246
0.060918
0.066422
0.058925
0.057652
0.058862
0.066022
0.066290
0.066816
0.012597
0.012863
0.013329
0.012244
0.012046
0.012381
0.012009
0.012145
0.011742
0.011426
0.011510
0.011048
0.011037
0.010704
0.011069
0.011466
0.011231
0.011517
0.011319
0.011978
0.011552
0.011864
0.012000
0.012034
0.011838
0.012341
0.012422
0.012699
0.012796
0.012821
0.012471
0.012181
0.012222
0.012333
0.012415
0.012296
0.012261
0.012151
0.011852
0.011955
0.012257
0.011885
0.012090
0.011667
0.012378
0.012168
0.013026
0.012891
0.013228
0.013078
0.013666
0.013087
0.012850
0.012842
0.013058
0.013552
0.013519
0.013809
0.013099
0.012909
0.012998
0.012985
0.013739
0.013106
0.012460
0.011961
0.012120
0.009847
0.009962
0.091909
0.089316
0.091810
0.077115
0.073343
0.075320
0.075481
0.076334
0.076001
0.075620
0.078499
0.079768
0.074348
0.094943
0.092376
0.086692
0.079735
0.067590
0.078643
0.063581
0.058120
0.058462
0.067251
0.063724
0.071538
0.071304
0.078315
0.081859
0.083415
0.084755
0.088145
0.075419
0.077894
0.087641
0.082719
0.088248
0.074345
0.074777
0.073668
0.074126
0.072987
0.074637
0.026809
0.027370
0.026186
0.024860
0.024754
0.024399
0.024768
0.024229
0.025584
0.026071
0.025584
0.025362
0.025721
0.025733
0.025945
0.025954
0.027709
0.027630
0.028116
0.028872
0.029054
0.027142
0.028179
0.026202
0.025799
0.025791
0.028663
0.028605
0.026780
0.027525
0.022708
0.019950
0.018878
0.015364
0.014107
0.012290
0.011694
0.011549
0.010124
0.009590
0.009748
0.009301
0.009717
0.009758
0.008939
0.009819
0.008920
0.008727
0.009310
0.009776
0.008088
0.008610
0.008964
0.007787
0.007737
0.007826
0.008475
0.007279
0.007375
0.007196
0.008188
0.007749
0.007486
0.007353
0.007996
0.007830
0.007455
0.008445
0.007797
0.007812
0.008366
0.008869
0.009385
0.009067
0.009342
0.009565
0.009773
0.009520
0.009291
0.009354
0.008913
0.008553
0.008899
0.008563
0.008325
0.008088
0.008427
0.008553
0.008220
0.008106
0.007138
0.006808
0.006873
0.007721
0.006547
0.005716
0.005288
0.005200
0.005564
0.005726
0.005175
0.004967
0.004673
0.003622
0.003596
0.003395
0.002560
0.002334
0.003525
0.002513
0.000881
0.000000
0.000604
0.001218
0.001679
0.070335
0.070380
0.069363
0.072369
0.072375
0.069864
0.064850
0.066659
0.066572
0.067606
0.067814
0.067193
0.067103
0.067759
0.065545
0.063708
0.063312
0.064231
0.064778
0.065582
0.065303
0.065552
0.064347
0.064583
0.059875
0.062559
0.061293
0.064508
0.065097
0.060582
0.063628
0.060335
0.062541
0.064915
0.065882
0.061311
0.063978
0.066908
0.063666
0.061699
0.062438
0.063140
0.060531
0.058519
0.059504
0.057814
0.063950
0.070418
0.067561
0.076974
0.075194
0.076865
0.079504
0.076101
0.078812
0.075718
0.080225
0.085211
0.085262
0.076678
0.079260
0.070432
0.076894
0.077371
0.079483
0.084280
0.078054
0.085657
0.094003
0.092246
0.092614
0.091834
0.091124
0.092824
0.074058
0.083852
0.094974
0.096012
0.095758
0.085738
0.093302
0.099543
0.087631
0.098002
0.016694
0.016087
0.016169
0.016477
0.016988
0.017266
0.017359
0.017581
0.017507
0.018450
0.018292
0.018991
0.018182
0.017614
0.017575
0.018235
0.017567
0.017791
0.017836
0.018002
0.018708
0.018987
0.018814
0.019295
0.019514
0.018938
0.019628
0.019850
0.019590
0.017962
0.018107
0.017897
0.018176
0.017884
0.017726
0.017407
0.017178
0.017058
0.017712
0.016663
0.016464
0.017308
0.017521
0.017902
0.017798
0.017709
0.016820
0.016687
0.016495
0.016892
0.016890
0.017270
0.017336
0.016626
0.016009
0.016869
0.016580
0.016640
0.015953
0.015537
0.016990
0.016505
0.014688
0.014667
0.015498
0.015869
0.016206
0.015487
0.016394
0.016414
0.016177
0.015705
0.015818
0.016335
0.016575
0.016694
0.016954
0.015010
0.014741
0.014196
0.014677
0.014377
0.014474
0.014155
0.013894
0.013925
0.014485
0.014446
0.014634
0.014772
0.014392
0.014257
0.014697
0.014283
0.014225
0.014314
0.014392
0.014791
0.014979
0.014922
0.015020
0.014734
0.014948
0.015147
0.014795
0.015273
0.015987
0.015528
0.016160
0.015404
0.015569
0.015979
0.015601
0.015740
0.016805
0.016578
0.016609
0.016160
0.016508
0.016642
0.017376
0.017152
0.017538
0.017367
0.017266
0.017089
0.017203
0.017093
0.017336
0.017442
0.017442
0.017422
0.017590
0.017741
0.017704
0.016796
0.016495
0.016305
0.055897
0.055665
0.057303
0.056906
0.057416
0.056734
0.056941
0.058129
0.057847
0.057614
0.056725
0.057815
0.057042
0.056408
0.056108
0.057108
0.057298
0.056689
0.057430
0.061402
0.060376
0.059728
0.059078
0.059897
0.058421
0.059357
0.055959
0.055797
0.059538
0.057537
0.058478
0.058555
0.058314
0.061147
0.057196
0.057179
0.057983
0.059826
0.058343
0.058931
0.061628
0.058326
0.063078
0.061742
0.059226
0.059804
0.063705
0.060599
0.061075
0.062197
0.059468
0.057114
0.055832
0.057009
0.057026
0.062271
0.064877
0.064116
0.065070
0.058499
0.056125
0.057446
0.056254
0.066227
0.062688
0.060986
0.056453
0.059199
0.061616
0.062024
0.059212
0.058053
0.062350
0.060300
0.060822
0.055978
0.055346
0.057706
0.056614
0.061407
0.060416
0.060452
0.059391
0.058643
0.059333
0.060401
0.058899
0.057887
0.059883
0.060963
0.060660
0.059262
0.062479
0.055523
0.057588
0.053043
0.056969
0.057529
0.056552
0.061170
0.060385
0.059407
0.059819
0.060677
0.053097
0.052086
0.057048
0.059980
0.060673
0.058507
0.057193
0.057562
0.053034
0.058745
0.063134
0.014351
0.014444
0.014334
0.014820
0.015121
0.015434
0.015220
0.015005
0.014861
0.014981
0.015189
0.014835
0.014782
0.014996
0.014953
0.014998
0.014523
0.014831
0.014886
0.014837
0.014404
0.014109
0.014254
0.014322
0.014303
0.014693
0.015052
0.014873
0.015096
0.015290
0.015402
0.015669
0.016398
0.016544
0.015998
0.015833
0.015947
0.016315
0.016225
0.015783
0.016202
0.016614
0.016505
0.016637
0.016472
0.067216
0.069256
0.061771
0.068690
0.066755
0.059206
0.063635
0.062165
0.062033
0.062916
0.061571
0.061817
0.060194
0.061444
0.060355
0.059658
0.064206
0.070603
0.070831
0.069971
0.068654
0.068959
0.068649
0.071056
0.067164
0.070281
0.068965
0.069025
0.064372
0.069022
0.063312
0.060118
0.061631
0.058980
0.062368
0.064158
0.063895
0.064974
0.064317
0.063343
0.062662
0.061411
0.060066
0.060379
0.059678
0.059899
0.068050
0.067950
0.058067
0.060222
0.059646
0.061621
0.060957
0.062898
0.061021
0.060074
0.059921
0.061579
0.070827
0.070171
0.067510
0.066576
0.072332
0.068788
0.067625
0.065540
0.060278
0.061004
0.061827
0.062341
0.060893
0.062026
0.060287
0.058046
0.056896
0.056649
0.056981
0.059102
0.063039
0.060423
0.015108
0.014131
0.014505
0.014725
0.015721
0.016017
0.016019
0.016135
0.016117
0.016044
0.016079
0.016215
0.016015
0.015936
0.015617
0.015618
0.015693
0.015821
0.016227
0.015422
0.015179
0.015504
0.015194
0.015184
0.015578
0.016013
0.016250
0.016124
0.015516
0.015114
0.014802
0.014544
0.013003
0.013250
0.013090
0.012961
0.012870
0.013887
0.013738
0.013722
0.013250
0.013325
0.013678
0.013896
0.014166
0.014378
0.013894
0.013878
0.014362
0.014567
0.014899
0.015171
0.015546
0.015311
0.015698
0.016036
0.016616
0.017195
0.016974
0.017177
0.017423
0.015900
0.015440
0.015451
0.014954
0.015070
0.014193
0.014660
0.014916
0.014701
0.015236
0.015346
0.015961
0.015910
0.015980
0.016372
0.016097
0.015755
0.014909
0.014593
0.014579
0.014217
0.014325
0.013902
0.013655
0.013632
0.013965
0.014278
0.014228
0.013956
0.014074
0.014123
0.014235
0.014079
0.014155
0.014082
0.013833
0.014038
0.014034
0.014002
0.014023
0.014298
0.014183
0.013835
0.014260
0.014232
0.014051
0.013899
0.014111
0.014411
0.014124
0.014223
0.014741
0.014927
0.015030
0.014927
0.014925
0.014549
0.014252
0.014612
0.014542
0.014716
0.014852
0.014881
0.014517
0.015046
0.014894
0.014722
0.014658
0.014562
0.057287
0.056206
0.055175
0.057369
0.056041
0.055502
0.059661
0.055912
0.052160
0.053323
0.054763
0.053506
0.053432
0.054058
0.054907
0.054555
0.056156
0.055522
0.055850
0.056471
0.057222
0.055449
0.055220
0.055525
0.054856
0.054731
0.057451
0.056344
0.058645
0.056760
0.055286
0.053913
0.053981
0.059813
0.060568
0.057039
0.057226
0.055747
0.062846
0.060447
0.051600
0.050907
0.050373
0.049793
0.052629
0.050892
0.051996
0.056744
0.057124
0.058577
0.058641
0.053501
0.053889
0.052758
0.061995
0.059083
0.058967
0.056601
0.057595
0.058062
0.057698
0.060287
0.061157
0.060643
0.062320
0.054891
0.056906
0.059188
0.055573
0.057052
0.061195
0.060087
0.063188
0.060457
0.060048
0.062836
0.061358
0.025345
0.026342
0.025411
0.025484
0.026001
0.027871
0.029291
0.028966
0.029392
0.028627
0.023948
0.021481
0.021595
0.021233
0.021691
0.020653
0.020795
0.021199
0.020697
0.021431
0.020431
0.019404
0.019407
0.018568
0.018099
0.016521
0.016604
0.017282
0.016722
0.018114
0.017417
0.017408
0.016667
0.017082
0.015883
0.074711
0.073881
0.066991
0.072288
0.063227
0.061888
0.062553
0.066921
0.063253
0.066888
0.065559
0.065387
0.067688
0.069210
0.066585
0.068106
0.060234
0.056520
0.055808
0.058528
0.057601
0.058502
0.068458
0.069372
0.067353
0.053080
0.054316
0.060069
0.060592
0.058799
0.060530
0.053449
0.063290
0.062538
0.062560
0.055021
0.058376
0.059314
0.058780
0.059682
0.059140
0.058710
0.058867
0.059209
0.013807
0.013740
0.013563
0.013250
0.013828
0.014463
0.014553
0.014953
0.014875
0.015365
0.015258
0.015055
0.016232
0.015353
0.015439
0.015442
0.016100
0.016860
0.015023
0.015912
0.015798
0.015953
0.016099
0.016462
0.016699
0.018235
0.016818
0.016722
0.017262
0.016877
0.017415
0.017595
0.017517
0.017862
0.017342
0.017665
0.017330
0.017731
0.016925
0.016528
0.016410
0.015907
0.015838
0.016313
0.016139
0.015370
0.015054
0.014961
0.294763
0.266503
0.227503
0.191027
0.192557
0.197568
0.213699
0.208092
0.198530
0.166888
0.169270
0.162986
0.163087
0.165745
0.165446
0.164356
0.166902
0.161554
0.160422
0.159051
0.149820
0.158388
0.130856
0.149661
0.150065
0.152207
0.154170
0.154099
0.153821
0.154527
0.121522
0.123645
0.119407
0.125863
0.118261
0.159416
0.158987
0.159407
0.159511
0.149695
0.149800
0.149410
0.150054
0.148218
0.160034
0.161440
0.161884
0.160127
0.161742
0.153463
0.161076
0.158048
0.153491
0.167530
0.156977
0.164656
0.164653
0.164604
0.169301
0.165123
0.175464
0.170293
0.177130
0.193357
0.187180
0.178078
0.178111
0.212327
0.216585
0.224183
0.240761
0.236521
0.238708
0.214709
0.240986
0.209896
0.209454
0.220598
0.192323
0.152674
0.165177
0.176948
0.176957
0.183942
0.215115
0.208274
0.214000
0.201198
0.204384
0.202445
0.208650
0.204453
0.187695
0.178676
0.172947
0.176927
0.173757
0.173285
0.172693
0.169047
0.178761
0.176535
0.175188
0.178169
0.181467
0.181929
0.181230
0.180884
0.184232
0.184395
0.184213
0.185203
0.185420
0.185307
0.184728
0.184484
0.184768
0.185527
0.184702
0.184742
0.184465
0.184255
0.184267
0.184276
0.184307
0.184307
0.184440
0.184378
0.184417
0.184426
0.185531
0.185473
0.185450
0.185338
0.185366
0.185351
0.185392
0.185370
0.185233
0.185234
0.185099
0.185030
0.066282
0.064845
0.062640
0.066352
0.065040
0.061150
0.064577
0.062951
0.065816
0.064958
0.063844
0.061310
0.045635
0.013612
0.012877
0.012879
0.012903
0.014043
0.014034
0.013424
0.013702
0.013800
0.014521
0.014303
0.013901
0.015031
0.016075
0.016633
0.016586
0.017360
0.016097
0.018294
0.018760
0.017517
0.017792
0.015462
0.015480
0.015655
0.016577
0.018232
0.019251
0.021266
0.022400
0.022493
0.024474
0.023793
0.024201
0.024632
0.025128
0.027866
0.029361
0.030689
0.032219
0.032134
0.032386
0.033542
0.035111
0.035413
0.035138
0.032904
0.033591
0.034902
0.037367
0.037017
0.036640
0.037608
0.036923
0.036843
0.037534
0.038602
0.038606
0.038668
0.038368
0.038278
0.037022
0.037169
0.037361
0.037373
0.037853
0.037964
0.037607
0.036886
0.038202
0.037999
0.040130
0.040909
0.040751
0.040332
0.040260
0.039177
0.039279
0.039167
0.039408
0.039519
0.040410
0.038937
0.038491
0.038366
0.038518
0.039580
0.036878
0.035473
0.033398
0.028912
0.028319
0.028770
0.027579
0.027912
0.027838
0.027178
0.027158
0.027462
0.027377
0.027393
0.028001
0.028106
0.027327
0.027132
0.027260
0.026749
0.026657
0.026010
0.026686
0.025732
0.026016
0.025902
0.025501
0.025282
0.025610
0.025502
0.025679
0.025611
0.024952
0.025212
0.023654
0.024580
0.024362
0.022881
0.022902
0.023850
0.023322
0.023099
0.023026
0.022448
0.021463
0.023685
0.024600
0.025208
0.025699
0.023149
0.024186
0.023471
0.024147
0.023915
0.024374
0.023328
0.022823
0.023058
0.023221
0.023814
0.022920
0.023063
0.022786
0.024251
0.024880
0.024726
0.023309
0.023532
0.023641
0.023040
0.025093
0.022974
0.025641
0.025937
0.026572
0.026010
0.025313
0.025947
0.026436
0.025390
0.025900
0.026751
0.031423
0.025988
0.026085
0.031910
0.028046
0.026482
0.031557
0.031662
0.031380
0.030943
0.030252
0.029289
0.026382
0.027554
0.028658
0.033286
0.034234
0.035361
0.037341
0.037688
0.032800
0.032529
0.036233
0.038236
0.035587
0.034721
0.033147
0.031791
0.034171
0.033467
0.035813
0.033782
0.033259
0.030105
0.258423
0.201798
0.150559
0.108393
0.073254
0.060844
0.042334
0.042402
0.056079
0.081636
0.116691
0.145902
0.144493
0.130193
0.123623
0.136602
0.195760
0.204062
0.208254
0.155195
0.175850
0.172764
0.178295
0.172709
0.174125
0.169645
0.170385
0.164807
0.130949
0.136271
0.134028
0.122371
0.142213
0.134429
0.123118
0.130955
0.131443
0.110492
0.115945
0.122494
0.124226
0.130396
0.133798
0.136374
0.136895
0.144705
0.148125
0.148641
0.149484
0.149812
0.149149
0.150426
0.151906
0.150963
0.152150
0.153472
0.153658
0.154007
0.153741
0.153807
0.152888
0.151874
0.154700
0.154828
0.155249
0.156548
0.154966
0.155664
0.155691
0.156001
0.156458
0.157662
0.158194
0.158271
0.157781
0.157377
0.160463
0.157715
0.160061
0.160289
0.159326
0.160274
0.172426
0.171317
0.171418
0.183688
0.213300
0.185150
0.193804
0.168770
0.193236
0.214355
0.210606
0.201114
0.200808
0.201278
0.258423
0.258423
0.258423
0.258423
0.258423
0.258423
0.247770
0.243834
0.236570
0.225338
0.203026
0.196041
0.171824
0.195616
0.177921
0.162513
0.158835
0.159105
0.180233
0.194003
0.165767
0.210553
0.152291
0.199229
0.226190
0.201042
0.224737
0.215592
0.199316
0.204287
0.176677
0.168263
0.153353
0.174951
0.154748
0.159293
0.150324
0.107615
0.108313
0.097812
0.096309
0.090757
0.086830
0.096172
0.090918
0.090874
0.092837
0.100353
0.108077
0.109685
0.125731
0.128810
0.139872
0.143354
0.140438
0.140930
0.138568
0.136262
0.135948
0.127643
0.136045
0.134184
0.139723
0.135264
0.132116
0.132686
0.124002
0.123750
0.117586
0.123443
0.122885
0.130396
0.150846
0.166100
0.158162
0.172042
0.144601
0.152624
0.151781
0.146885
0.157695
0.151077
0.174742
0.203691
0.221532
0.227982
0.232018
0.228983
0.228335
0.223973
0.192475
0.195343
0.195092
0.195081
0.195160
0.192539
0.192519
0.191997
0.191650
0.184619
0.191878
0.186675
0.125534
0.127941
0.128271
0.127535
0.120948
0.120769
0.121814
0.123522
0.119066
0.128510
0.122951
0.125216
0.126471
0.126876
0.129130
0.128706
0.128638
0.125754
0.127113
0.127846
0.126704
0.127929
0.127747
0.128317
0.127922
0.127535
0.127602
0.128232
0.126439
0.128146
0.126806
0.128953
0.127075
0.127980
0.127672
0.125916
0.128943
0.128575
0.126883
0.128179
0.128296
0.127015
0.127745
0.127892
0.128357
0.127401
0.128301
0.127247
0.128601
0.128131
0.128017
0.128899
0.128392
0.128275
0.128190
0.128884
0.126859
0.128513
0.129231
0.128673
0.127578
0.128288
0.127801
0.128382
0.127261
0.118308
0.128608
0.127712
0.128200
0.127991
0.127633
0.127788
0.258423
0.258423
0.258423
0.258423
0.258423
0.258423
0.258423
0.258423
0.258423
