0.130850
0.130850
0.111338
0.111338
0.111338
0.128803
0.115082
0.108150
0.104245
0.104126
0.103720
0.103721
0.104087
0.103775
0.104309
0.104387
0.104034
0.104310
0.104714
0.104798
0.104667
0.104469
0.104855
0.105362
0.105034
0.105199
0.105306
0.105450
0.105615
0.105363
0.105578
0.105467
0.106056
0.105638
0.106361
0.106405
0.106405
0.106536
0.106711
0.106734
0.107023
0.107025
0.107144
0.106981
0.107145
0.107780
0.107561
0.108157
0.107969
0.107995
0.108245
0.108435
0.108612
0.108550
0.108635
0.108678
0.109092
0.109502
0.109619
0.109663
0.109706
0.109921
0.110167
0.110141
0.110802
0.110639
0.110892
0.110914
0.111270
0.111092
0.111284
0.111564
0.111976
0.112115
0.112288
0.112610
0.112721
0.112827
0.113171
0.113119
0.113586
0.113663
0.114073
0.114232
0.114484
0.114481
0.114784
0.114926
0.114195
0.115476
0.115192
0.115851
0.134125
0.094514
0.097591
0.097308
0.097570
0.097576
0.093661
0.093079
0.093689
0.092970
0.092476
0.092540
0.092532
0.092501
0.094415
0.094405
0.094403
0.094270
0.094242
0.094262
0.094460
0.094975
0.066987
0.066471
0.066471
0.066467
0.066589
0.067491
0.067591
0.067684
0.067681
0.067719
0.067599
0.067730
0.067730
0.067730
0.067082
0.066979
0.066979
0.066979
0.067161
0.067156
0.067157
0.067058
0.000001
0.000001
0.000001
0.000001
0.000000
0.000000
0.000000
0.000000
0.000000
0.000002
0.000002
0.000002
0.000002
0.000006
0.000006
0.000006
0.000006
0.000009
0.000009
0.000009
0.000009
0.000009
0.000009
0.000009
0.000009
0.154775
0.152323
0.152449
0.152449
0.152449
0.151956
0.143910
0.144226
0.144242
0.144144
0.144145
0.144020
0.144000
0.152923
0.152923
0.152923
0.152917
0.152923
0.152925
0.151928
0.152320
0.152320
0.152319
0.152552
0.170509
0.152466
0.152488
0.152733
0.152751
0.152751
0.152736
0.152709
0.152708
0.152708
0.152708
0.152832
0.152605
0.152399
0.152421
0.154120
0.142722
0.142687
0.142687
0.143423
0.077818
0.078389
0.080972
0.077275
0.078764
0.082592
0.088438
0.087873
0.087065
0.087303
0.087249
0.087454
0.089667
0.089185
0.090756
0.090549
0.087999
0.086373
0.087137
0.086839
0.086177
0.086051
0.084068
0.076916
0.078343
0.077515
0.084012
0.077891
0.078911
0.079161
0.082430
0.078321
0.077344
0.079703
0.081544
0.073954
0.073930
0.074092
0.073766
0.075625
0.073402
0.078478
0.079453
0.078336
0.081597
0.073389
0.078095
0.078441
0.079640
0.072956
0.073020
0.072910
0.073256
0.068279
0.069920
0.068967
0.072965
0.070074
0.079308
0.087097
0.092582
0.094602
0.088563
0.092916
0.099016
0.105230
0.109261
0.120475
0.119714
0.126671
0.131515
0.141415
0.161982
0.157715
0.166490
0.142762
0.127754
0.111221
0.112518
0.126569
0.110295
0.105959
0.089579
0.134705
0.164430
0.161228
0.163715
0.163108
0.165229
0.120734
0.160142
0.149116
0.165845
0.154039
0.170324
0.166709
0.204685
0.202949
0.258076
0.267812
0.266262
0.269534
0.244923
0.247631
0.227210
0.107057
0.225627
0.159149
0.156120
0.206438
0.248954
0.602865
0.568741
0.531363
0.544961
0.508870
0.531100
0.503268
0.538064
0.536916
0.516301
0.515141
0.524802
0.508163
0.508439
0.523649
0.360263
0.360629
0.364749
0.377666
0.398517
0.404395
0.405441
0.432480
0.433406
0.433876
0.449543
0.457017
0.453477
0.438514
0.454066
0.452983
0.448631
0.450370
0.426898
0.430128
0.381520
0.402875
0.442351
0.406219
0.371812
0.401994
0.123080
0.133431
0.140228
0.153732
0.169588
0.165031
0.161626
0.138258
0.119845
0.109466
0.128681
0.116723
0.110192
0.125245
0.088606
0.099626
0.119350
0.130840
0.128030
0.153302
0.126645
0.101253
0.088086
0.114631
0.113452
0.100933
0.105643
0.099177
0.136844
0.132989
0.162115
0.151323
0.112706
0.105099
0.108670
0.090527
0.097099
0.094287
0.100845
0.093417
0.106051
0.108670
0.095958
0.115242
0.155795
0.130269
0.101877
0.083909
0.082541
0.091837
0.088134
0.097962
0.087756
0.092063
0.099031
0.102639
0.116929
0.131828
0.090118
0.083563
0.085250
0.083618
0.081247
0.080895
0.080086
0.083377
0.079074
0.092273
0.125730
0.149105
0.114685
0.098240
0.088456
0.230248
0.189454
0.166016
0.164595
0.161091
0.161628
0.158691
0.239708
0.153756
0.145053
0.145761
0.135385
0.119321
0.115985
0.114435
0.115033
0.114423
0.116364
0.116939
0.117701
0.123120
0.119159
0.117981
0.119848
0.123340
0.142100
0.137797
0.140950
0.147786
0.144777
0.146565
0.144068
0.136745
0.138162
0.136148
0.131026
0.130129
0.129593
0.129109
0.126934
0.126096
0.126883
0.124421
0.130119
0.130396
0.148388
0.140167
0.143068
0.110932
0.110522
0.112073
0.183742
0.109568
0.110016
0.108622
0.108586
0.108073
0.108677
0.108688
0.108897
0.108131
0.108388
0.107744
0.129007
0.105778
0.107103
0.107352
0.107423
0.107340
0.105331
0.104952
0.123896
0.123268
0.105642
0.103851
0.105725
0.105515
0.106321
0.105612
0.105386
0.104961
0.109724
0.108363
0.109029
0.107783
0.110624
0.109349
0.109831
0.108631
0.108439
0.108002
0.108470
0.108644
0.108564
0.107746
0.107806
0.107323
0.106220
0.108006
0.106845
0.108299
0.108430
0.108343
0.109057
0.108791
0.108985
0.108846
0.107745
0.109381
0.106508
0.103371
0.103472
0.102735
0.103150
0.102108
0.103458
0.102388
0.102630
0.102325
0.101782
0.106875
0.107226
0.106368
0.103130
0.103446
0.104049
0.100309
0.104086
0.101379
0.103279
0.102644
0.103480
0.102461
0.102502
0.102841
0.107947
0.103792
0.102221
0.103356
0.100706
0.103427
0.103447
0.103895
0.101146
0.100666
0.108268
0.104670
0.106187
0.105354
0.103398
0.105842
0.107302
0.105011
0.104158
0.104134
0.104278
0.104536
0.104500
0.104216
0.104143
0.105221
0.104611
0.105205
0.103066
0.104058
0.102588
0.102496
0.102998
0.103125
0.104811
0.132256
0.105656
0.103664
0.105202
0.167656
0.156810
0.147080
0.148159
0.143705
0.149004
0.152713
0.151591
0.150879
0.149321
0.169319
0.160209
0.167293
0.167081
0.155813
0.154475
0.159511
0.157533
0.160323
0.157697
0.157543
0.158085
0.157285
0.157068
0.159379
0.187408
0.158386
0.182046
0.158285
0.157894
0.157522
0.158151
0.159050
0.163935
0.163820
0.163787
0.145326
0.167890
0.167729
0.175800
0.164018
0.165040
0.179678
0.190137
0.157057
0.155486
0.177310
0.180850
0.169389
0.178267
0.178374
0.156958
0.176710
0.176676
0.171619
0.175633
0.152112
0.167051
0.152762
0.162837
0.161397
0.197551
0.169832
0.170173
0.194252
0.161898
0.210555
0.182561
0.209281
0.201102
0.209258
0.209212
0.175370
0.174418
0.174667
0.172428
0.174156
0.172501
0.172666
0.171863
0.161613
0.170778
0.177204
0.156407
0.170385
0.193999
0.203890
0.198585
0.193063
0.191255
0.187150
0.151369
0.159850
0.235535
0.236264
0.236467
0.228260
0.230028
0.223628
0.226550
0.229399
0.229082
0.224378
0.226137
0.207139
0.220342
0.216709
0.199014
0.192093
0.201842
0.178619
0.170541
0.200167
0.178560
0.206953
0.184797
0.213661
0.208039
0.208991
0.199507
0.189812
0.190793
0.198242
0.191529
0.198980
0.199596
0.191793
0.191625
0.203438
0.202900
0.195842
0.197466
0.194549
0.192978
0.210960
0.209890
0.198078
0.193801
0.194808
0.195779
0.196984
0.194786
0.194350
0.194957
0.196576
0.205005
0.196815
0.196191
0.195137
0.194455
0.203964
0.205777
0.201884
0.201196
0.210530
0.205179
0.205772
0.203076
0.208509
0.197449
0.198774
0.194714
0.188628
0.189826
0.189638
0.194035
0.190302
0.189291
0.192583
0.187891
0.187852
0.188617
0.187377
0.519901
0.515129
0.518503
0.527853
0.510707
0.511531
0.509074
0.503218
0.500556
0.495272
0.496302
0.493846
0.485921
0.484119
0.480996
0.475567
0.478424
0.470133
0.463789
0.471017
0.484649
0.441140
0.444006
0.439101
0.481807
0.416245
0.396973
0.409042
0.402522
0.418111
0.398477
0.417136
0.442717
0.431346
0.439881
0.439374
0.483326
0.437310
0.487337
0.451812
0.456205
0.460556
0.457934
0.457059
0.456873
0.459132
0.490075
0.482075
0.487177
0.488881
0.490019
0.487255
0.498773
0.494261
0.484253
0.492145
0.494534
0.494755
0.499206
0.501574
0.498505
0.507319
0.509108
0.512101
0.512801
0.506737
0.488733
0.498282
0.497670
0.505733
0.502425
0.505171
0.501953
0.485817
0.492986
0.487680
0.476895
0.473876
0.496859
0.496566
0.487904
0.486103
0.480918
0.480138
0.477165
0.441125
0.449388
0.457776
0.452372
0.443609
0.447474
0.440983
0.440547
0.441960
0.438724
0.442470
0.434397
0.432796
0.428402
0.428429
0.419453
0.424153
0.418407
0.407803
0.413947
0.412033
0.408621
0.412243
0.407615
0.411653
0.375716
0.406493
0.374058
0.404235
0.396635
0.374953
0.388237
0.383769
0.382099
0.092217
0.092676
0.095659
0.094661
0.095798
0.094529
0.097234
0.091409
0.092711
0.092088
0.089445
0.095563
0.114367
0.117783
0.137070
0.131556
0.126468
0.157157
0.123391
0.138676
0.132020
0.129972
0.128617
0.115048
0.119900
0.119925
0.124812
0.122057
0.122090
0.121272
0.135753
0.153623
0.140612
0.137784
0.131254
0.138488
0.136437
0.142867
0.140276
0.153260
0.150122
0.149235
0.146366
0.140745
0.143524
0.141339
0.145208
0.117333
0.121445
0.155496
0.120188
0.152285
0.135824
0.136821
0.151532
0.153562
0.177178
0.149426
0.141575
0.145130
0.141729
0.104810
0.174098
0.152585
0.116902
0.141707
0.110156
0.105440
0.097696
0.120350
0.109302
0.111291
0.107243
0.102523
0.103418
0.108200
0.114854
0.107374
0.110383
0.111330
0.110695
0.105906
0.124124
0.117034
0.124548
0.120416
0.123297
0.108833
0.103150
0.105701
0.106699
0.110395
0.110560
0.108936
0.108609
0.105935
0.108635
0.106586
0.108777
0.105039
0.396841
0.377431
0.376709
0.371876
0.397650
0.399823
0.304224
0.285300
0.360154
0.347662
0.330355
0.298876
0.288585
0.272805
0.262819
0.250259
0.250544
0.238424
0.178523
0.144810
0.156405
0.160036
0.170060
0.149971
0.149712
0.148442
0.147062
0.140045
0.150309
0.157708
0.160541
0.157729
0.154213
0.159381
0.157844
0.140084
0.154204
0.144170
0.142742
0.143410
0.141017
0.136618
0.136513
0.135265
0.136779
0.143868
0.146622
0.145454
0.144437
0.136114
0.140042
0.136458
0.139891
0.140341
0.139338
0.137837
0.135852
0.137880
0.139007
0.127680
0.119808
0.119416
0.112978
0.115652
0.080623
0.080950
0.113066
0.114349
0.107613
0.122584
0.105041
0.104488
0.107568
0.102102
0.098015
0.101986
0.107799
0.109302
0.106050
0.103396
0.106710
0.112918
0.096393
0.085192
0.097715
0.095452
0.100553
0.105614
0.137703
0.106025
0.105853
0.099414
0.136619
0.143265
0.140326
0.112901
0.121629
0.106073
0.109200
0.141908
0.130655
0.141784
0.118272
0.130967
0.129820
0.129035
0.126851
0.130630
0.130183
0.132327
0.133535
0.128729
0.134166
0.120764
0.119921
0.121141
0.134840
0.126079
0.114219
0.107483
0.125561
0.123808
0.124521
0.120159
0.124559
0.120630
0.126391
0.117497
0.112744
0.099388
0.108902
0.109336
0.105760
0.088011
0.101458
0.107661
0.108493
0.102710
0.102179
0.113867
0.086718
0.081820
0.089671
0.077274
0.081483
0.076054
0.077997
0.079821
0.082416
0.077954
0.084735
0.071672
0.100621
0.107626
0.091794
0.074740
0.070087
0.078709
0.071988
0.116468
0.116660
0.115778
0.115929
0.116930
0.117284
0.117042
0.116173
0.116453
0.117126
0.117227
0.117123
0.117035
0.116798
0.117667
0.116634
0.115973
0.117311
0.117107
0.117078
0.116908
0.115960
0.116094
0.118287
0.118844
0.122770
0.125076
0.130257
0.133991
0.135162
0.148107
0.152574
0.155545
0.146756
0.146171
0.149711
0.153781
0.140463
0.145998
0.145102
0.165596
0.171922
0.171352
0.186705
0.173921
0.161578
0.167152
0.178568
0.175583
0.174272
0.175191
0.172626
0.176603
0.173745
0.165487
0.173829
0.160885
0.152575
0.148126
0.161826
0.136690
0.135402
0.133929
0.134492
0.120966
0.116635
0.116192
0.115892
0.114947
0.116739
0.116367
0.116858
0.117239
0.116248
0.116240
0.117252
0.115453
0.117452
0.115210
0.108013
0.117083
0.114352
0.104215
0.104208
0.113435
0.123684
0.109071
0.111395
0.139206
0.130517
0.128880
0.128456
0.145700
0.166228
0.160796
0.176577
0.173010
0.177716
0.143414
0.136008
0.135196
0.132903
0.136966
0.126014
0.119666
0.114189
0.131217
0.138633
0.165130
0.159658
0.158176
0.078488
0.135549
0.097905
0.109663
0.092703
0.093426
0.115018
0.142959
0.138811
0.134954
0.123659
0.112560
0.110038
0.090087
0.081466
0.079939
0.072677
0.078136
0.087676
0.076376
0.079515
0.073514
0.081523
0.098886
0.099651
0.081477
0.085791
0.078048
0.095438
0.097583
0.091877
0.082361
0.082969
0.088652
0.097684
0.086166
0.082516
0.081755
0.080477
0.080005
0.090880
0.079738
0.072536
0.078969
0.096998
0.108637
0.097583
0.098421
0.087473
0.073063
0.076225
0.083500
0.085058
0.076077
0.073353
0.075851
0.085552
0.078535
0.079367
0.074781
0.077565
0.091831
0.080208
0.080773
0.082574
0.082573
0.099235
0.086936
0.076895
0.080798
0.111479
0.093767
0.092707
0.079499
0.071037
0.083684
0.094702
0.070175
0.074055
0.077125
0.074661
0.080402
0.077431
0.078328
0.081984
0.083504
0.078125
0.084930
0.079322
0.081634
0.076491
0.080703
0.082793
0.084958
0.088393
0.080399
0.076901
0.075381
0.077689
0.092917
0.091530
0.080136
0.070470
0.071633
0.085364
0.096736
0.093935
0.088853
0.074924
0.079876
0.086643
0.101015
0.095846
0.092852
0.073857
0.080367
0.077814
0.094094
0.095100
0.075185
0.070274
0.074335
0.090687
0.096135
0.073959
0.072270
0.073598
0.070686
0.080463
0.082469
0.093762
0.069908
0.075992
0.091574
0.083296
0.084552
0.078433
0.072340
0.093382
0.091222
0.092457
0.100185
0.093584
0.085143
0.085787
0.083458
0.094267
0.091000
0.100128
0.079455
0.091052
0.073131
0.074813
0.088504
0.086316
0.094486
0.103264
0.113387
0.106242
0.116308
0.099859
0.128105
0.130141
0.119113
0.112841
0.110663
0.115812
0.129035
0.128622
0.113268
0.115432
0.108415
0.106849
0.106964
0.096794
0.093034
0.095685
0.103732
0.099266
0.099732
0.084576
0.060566
0.074311
0.064106
0.066310
0.067170
0.068470
0.079732
0.081172
0.076239
0.097691
0.099494
0.098131
0.084890
0.091741
0.091342
0.093994
0.125739
0.119628
0.124083
0.109191
0.082646
0.082310
0.087699
0.063238
0.062475
0.063219
0.062921
0.062418
0.062875
0.064621
0.065080
0.063082
0.063591
0.061976
0.069525
0.072782
0.084212
0.081661
0.084016
0.089629
0.085450
0.101120
0.099033
0.118187
0.126026
0.149340
0.165897
0.145261
0.168047
0.166249
0.161471
0.158414
0.147951
0.152488
0.145893
0.139091
0.122914
0.112222
0.123436
0.123167
0.126632
0.150034
0.128490
0.122241
0.111879
0.104125
0.108621
0.120024
0.115125
0.116182
0.131150
0.112020
0.105272
0.115132
0.120189
0.125844
0.135401
0.123658
0.104060
0.111938
0.120235
0.120716
0.119060
0.120301
0.105587
0.090003
0.109197
0.095590
0.118106
0.119692
0.130876
0.127008
0.120098
0.144490
0.131924
0.163071
0.143449
0.156742
0.141524
0.147872
0.134045
0.117194
0.108359
0.101364
0.082107
0.093065
0.094238
0.094895
0.089411
0.083227
0.078421
0.079496
0.082211
0.078744
0.078997
0.078363
0.082110
0.107968
0.093009
0.096881
0.099113
0.099366
0.119002
0.113001
0.169165
0.175241
0.161305
0.152463
0.168012
0.151508
0.136411
0.130651
0.120436
0.103907
0.103702
0.094087
0.102780
0.105546
0.108220
0.095030
0.084080
0.091989
0.086001
0.075975
0.071751
0.095907
0.098789
0.098469
0.101542
0.070776
0.082780
0.090868
0.101207
0.104364
0.088859
0.071899
0.080581
0.078274
0.083510
0.084728
0.103601
0.104178
0.089940
0.091083
0.094474
0.081427
0.096565
0.076742
0.083107
0.081822
0.152471
0.152410
0.084835
0.085575
0.090530
0.107393
0.093248
0.095291
0.094826
0.099179
0.144712
0.095508
0.093719
0.096769
0.097015
0.147167
0.142995
0.092091
0.092390
0.099141
0.100830
0.088193
0.093411
0.087583
0.095578
0.128286
0.118734
0.144616
0.141336
0.119492
0.142134
0.148880
0.152398
0.084127
0.121756
0.127684
0.085666
0.103081
0.102306
0.126346
0.105504
0.107427
0.101533
0.115912
0.128621
0.109220
0.102452
0.103785
0.128088
0.111583
0.099090
0.092583
0.107349
0.124757
0.107905
0.109375
0.098657
0.140143
0.126365
0.098399
0.097781
0.097649
0.127240
0.150429
0.098226
0.098546
0.099190
0.124532
0.122270
0.125862
0.119432
0.106129
0.126851
0.123819
0.125570
0.098037
0.122386
0.120360
0.130989
0.100297
0.096559
0.100817
0.102389
0.094532
0.106920
0.067028
0.071320
0.065153
0.069658
0.090494
0.099835
0.103340
0.095630
0.095340
0.108478
0.068844
0.065126
0.061570
0.115066
0.097156
0.101442
0.099317
0.096674
0.098626
0.108479
0.109718
0.080440
0.078567
0.078970
0.101331
0.090759
0.093360
0.095905
0.098195
0.099813
0.098090
0.097050
0.097423
0.103390
0.113164
0.109613
0.069938
0.096653
0.100570
0.091381
0.102820
0.088936
0.097821
0.103726
0.108142
0.102664
0.109965
0.107085
0.092210
0.084794
0.089350
0.100055
0.100639
0.103671
0.100533
0.111914
0.101349
0.085899
0.086512
0.087400
0.085901
0.107338
0.107224
0.113335
0.100911
0.095742
0.086187
0.082913
0.087720
0.089327
0.100332
0.109966
0.114057
0.108173
0.097437
0.081847
0.090815
0.092641
0.093774
0.092473
0.104832
0.112689
0.106286
0.103184
0.091136
0.085388
0.076433
0.083944
0.097945
0.084219
0.091476
0.097540
0.108855
0.107002
0.100256
0.086019
0.079516
0.084420
0.081911
0.085580
0.085725
0.110388
0.098583
0.079925
0.078501
0.084050
0.085229
0.089673
0.087248
0.107205
0.098060
0.094236
0.081906
0.083586
0.083955
0.086510
0.088994
0.095273
0.098036
0.094909
0.083929
0.080905
0.081887
0.084810
0.089926
0.098830
0.106691
0.113482
0.096909
0.083677
0.081802
0.089208
0.090791
0.093724
0.092620
0.113916
0.096477
0.097764
0.095714
0.094976
0.099014
0.102366
0.101532
0.101100
0.090854
0.084605
0.095357
0.093467
0.100057
0.096761
0.099043
0.119009
0.120918
0.107367
0.099599
0.095380
0.100608
0.106375
0.112365
0.114663
0.115142
0.112199
0.105130
0.102785
0.098143
0.095899
0.099942
0.103691
0.107884
0.110656
0.109252
0.102816
0.100418
0.097819
0.097250
0.106529
0.098869
0.098950
0.098712
0.101801
0.102640
0.098444
0.093348
0.092833
0.098628
0.099917
0.104447
0.105157
0.101214
0.096527
0.090428
0.098037
0.100968
0.105984
0.107111
0.104508
0.108976
0.106839
0.104752
0.098176
0.105046
0.108013
0.109882
0.109753
0.114623
0.122004
0.123039
0.100080
0.087218
0.096827
0.100668
0.106290
0.098575
0.110449
0.102857
0.100052
0.105964
0.111553
0.119550
0.113410
0.123857
0.123345
0.121694
0.115468
0.105810
0.096536
0.100829
0.101717
0.103690
0.107681
0.110366
0.113849
0.115436
0.115402
0.107435
0.111334
0.108739
0.100416
0.101804
0.100445
0.099015
0.106691
0.108264
0.111149
0.099862
0.093057
0.080173
0.091424
0.090064
0.083183
0.089909
0.084455
0.076654
0.075490
0.076982
0.076162
0.075828
0.072968
0.069610
0.077121
0.074584
0.076599
0.089498
0.081873
0.094517
0.099944
0.102550
0.110704
0.112891
0.101109
0.102094
0.099166
0.104047
0.097466
0.098916
0.099424
0.091453
0.094323
0.106278
0.098043
0.101950
0.089902
0.092147
0.092782
0.091741
0.090994
0.093095
0.086947
0.097049
0.096965
0.090780
0.087470
0.089470
0.090641
0.080956
0.076493
0.083701
0.081831
0.089966
0.093662
0.093763
0.091486
0.083665
0.081607
0.108719
0.117664
0.123421
0.111045
0.111149
0.097597
0.090587
0.107987
0.104592
0.101015
0.086364
0.102199
0.093589
0.117842
0.119212
0.108045
0.094866
0.091054
0.105339
0.106876
0.132450
0.128427
0.111573
0.108371
0.099481
0.104251
0.111858
0.095881
0.103980
0.122137
0.116445
0.128967
0.142429
0.129597
0.146785
0.142431
0.152629
0.130591
0.102171
0.158945
0.135728
0.096896
0.122645
0.143746
0.127832
0.132027
0.134843
0.153150
0.156155
0.092474
0.161013
0.160175
0.141174
0.171467
0.090530
0.088671
0.094609
0.095545
0.102195
0.104789
0.110227
0.104077
0.101040
0.106233
0.094996
0.095102
0.149482
0.107423
0.122619
0.098431
0.094863
0.105561
0.103562
0.106108
0.092396
0.087608
0.101130
0.097270
0.087022
0.096140
0.082525
0.102654
0.088136
0.086007
0.088628
0.086107
0.088332
0.098423
0.084523
0.087557
0.090868
0.086424
0.081677
0.149956
0.131589
0.138564
0.167848
0.086707
0.083893
0.082989
0.188270
0.113204
0.096733
0.135069
0.166258
0.201874
0.195322
0.202423
0.155671
0.196539
0.176265
0.125761
0.112766
0.113056
0.126971
0.165155
0.134254
0.123591
0.126402
0.122977
0.124098
0.135582
0.131000
0.150994
0.143734
0.142992
0.152580
0.141394
0.139516
0.166101
0.142744
0.174865
0.116751
0.167992
0.147728
0.115903
0.123027
0.121003
0.119346
0.119261
0.117584
0.119433
0.125731
0.116741
0.129932
0.090021
0.087423
0.091675
0.091016
0.123436
0.125770
0.124088
0.123063
0.125058
0.125009
0.120925
0.124393
0.123893
0.120775
0.123738
0.102486
0.101410
0.098962
0.089856
0.089792
0.116759
0.116208
0.118647
0.119509
0.115888
0.113391
0.119082
0.118035
0.118556
0.111820
0.113582
0.114272
0.115315
0.115041
0.117972
0.119251
0.114532
0.114400
0.114959
0.116293
0.114895
0.109149
0.112987
0.114456
0.115400
0.115559
0.115487
0.120391
0.117899
0.115929
0.123795
0.092221
0.116290
0.116704
0.091023
0.090872
0.090664
0.118961
0.119848
0.118954
0.089653
0.123373
0.111545
0.091017
0.122071
0.106946
0.107655
0.116272
0.105904
0.101945
0.108958
0.104757
0.107259
0.106106
0.107961
0.106185
0.110627
0.124018
0.124388
0.125103
0.116270
0.127576
0.125823
0.114590
0.119191
0.117707
0.117443
0.128317
0.122604
0.123441
0.122637
0.115069
0.120869
0.109793
0.121412
0.092554
0.070217
0.088361
0.088493
0.089828
0.091452
0.084981
0.085063
0.084642
0.084601
0.082458
0.082795
0.070752
0.082906
0.082308
0.081353
0.090685
0.085483
0.098883
0.095120
0.095468
0.099919
0.099463
0.090493
0.078588
0.094583
0.086346
0.092140
0.078398
0.093297
0.088946
0.089394
0.093728
0.093035
0.078735
0.078696
0.070807
0.070223
0.074081
0.088459
0.092652
0.078478
0.079175
0.091733
0.082562
0.086342
0.079003
0.080895
0.090133
0.102615
0.074466
0.073406
0.071985
0.091363
0.092929
0.070698
0.070751
0.073470
0.073333
0.081086
0.082598
0.073731
0.073022
0.094376
0.094398
0.093442
0.094259
0.101357
0.111372
0.074065
0.072765
0.072840
0.073518
0.095343
0.093599
0.091918
0.091831
0.075223
0.071700
0.081363
0.080219
0.072860
0.087833
0.097782
0.097722
0.091452
0.075751
0.069081
0.079695
0.080384
0.079297
0.079058
0.078792
0.079271
0.078516
0.079544
0.079494
0.080231
0.074923
0.074540
0.078186
0.076086
0.074223
0.072827
0.074374
0.074198
0.077699
0.077484
0.079203
0.079587
0.086214
0.086972
0.080934
0.085666
0.082376
0.085534
0.085348
0.085173
0.085385
0.084368
0.084308
0.083937
0.079809
0.084767
0.080765
0.074975
0.092486
0.099736
0.092122
0.095586
0.098578
0.098364
0.099406
0.100197
0.099951
0.087071
0.098886
0.098543
0.099056
0.097452
0.098220
0.100494
0.097930
0.101253
0.098531
0.097624
0.093988
0.095187
0.096965
0.096419
0.096079
0.098621
0.096552
0.098677
0.098380
0.090897
0.097465
0.099265
0.092468
0.089755
0.098164
0.100187
0.092945
0.091928
0.092856
0.093197
0.092845
0.089776
0.090080
0.089390
0.088761
0.092607
0.090332
0.088703
0.090015
0.090576
0.090014
0.089410
0.091220
0.090887
0.091708
0.089960
0.090880
0.089264
0.091965
0.098142
0.089692
0.088785
0.088645
0.090729
0.089522
0.089140
0.092009
0.091348
0.083395
0.090927
0.083757
0.084174
0.092674
0.087617
0.083900
0.079597
0.080446
0.076831
0.077822
0.077705
0.082676
0.078076
0.088965
0.094728
0.084129
0.093584
0.088163
0.086341
0.086564
0.086716
0.085425
0.087883
0.085917
0.089502
0.089308
0.083574
0.085556
0.089740
0.091345
0.092582
0.087396
0.091119
0.089299
0.085896
0.097098
0.091488
0.092818
0.092532
0.069946
0.070829
0.071955
0.083466
0.083226
0.084140
0.083063
0.081193
0.084440
0.072971
0.076101
0.075699
0.077510
0.076880
0.074731
0.072250
0.083420
0.074549
0.076663
0.075868
0.074473
0.074520
0.073935
0.071956
0.071521
0.071447
0.074525
0.074652
0.071877
0.073226
0.075140
0.077101
0.077656
0.076411
0.076519
0.070987
0.075522
0.078451
0.074083
0.075440
0.076603
0.086999
0.077426
0.076410
0.077587
0.078640
0.078938
0.079155
0.084407
0.078252
0.076240
0.079709
0.076473
0.077545
0.082168
0.083646
0.081108
0.082507
0.083488
0.084580
0.084550
0.087389
0.085931
0.087724
0.087129
0.087760
0.095368
0.094429
0.097263
0.097290
0.096216
0.095375
0.092956
0.092431
0.091195
0.091225
0.094017
0.093563
0.088189
0.097316
0.098089
0.100209
0.102873
0.101066
0.106293
0.103799
0.104160
0.116706
0.106823
0.122365
0.136523
0.133771
0.127513
0.132038
0.132348
0.125870
0.126490
0.131816
0.132312
0.136389
0.134050
0.136772
0.134594
0.131223
0.134147
0.133417
0.133489
0.131300
0.129514
0.128919
0.130845
0.129227
0.126183
0.130949
0.131801
0.127764
0.128611
0.130675
0.127855
0.181692
0.180139
0.179551
0.179441
0.180648
0.177776
0.182330
0.169632
0.180576
0.174646
0.174781
0.152464
0.139653
0.143197
0.140858
0.126347
0.129074
0.130141
0.131162
0.129233
0.131296
0.132253
0.132661
0.133503
0.131524
0.132981
0.131827
0.131032
0.131338
0.131673
0.131415
0.134906
0.085156
0.085124
0.084601
0.088347
0.088005
0.089833
0.088134
0.087551
0.088050
0.087338
0.086209
0.086673
0.087225
0.085734
0.085443
0.085247
0.086216
0.085955
0.086022
0.085463
0.086660
0.086510
0.088379
0.084080
0.084743
0.086218
0.085511
0.086488
0.085924
0.085145
0.092463
0.086730
0.082545
0.086120
0.084132
0.082207
0.079084
0.082717
0.086577
0.092395
0.082567
0.087597
0.085797
0.086054
0.082709
0.079508
0.087667
0.084395
0.091812
0.090821
0.088076
0.089633
0.269274
0.287639
0.290293
0.197273
0.195793
0.197296
0.267987
0.297075
0.292689
0.272397
0.198836
0.195067
0.192769
0.192970
0.219489
0.217979
0.220673
0.219414
0.217360
0.216390
0.201842
0.202179
0.201586
0.201100
0.204165
0.201999
0.200259
0.203438
0.198015
0.199458
0.206369
0.215374
0.202753
0.207151
0.200567
0.204183
0.208814
0.212437
0.213941
0.215800
0.201423
0.207760
0.200519
0.204861
0.193868
0.218902
0.093467
0.095385
0.094794
0.094952
0.093553
0.094410
0.095108
0.093370
0.093244
0.094378
0.092033
0.092156
0.091825
0.091872
0.093678
0.092241
0.092181
0.091588
0.091591
0.091323
0.091290
0.091466
0.094603
0.094755
0.089069
0.090218
0.089398
0.090074
0.092232
0.090133
0.091252
0.090606
0.091544
0.090575
0.090536
0.089568
0.089453
0.089597
0.094137
0.087957
0.091258
0.090343
0.098749
0.098185
0.087963
0.089914
0.088701
0.088703
0.121978
0.121424
0.118550
0.118769
0.120292
0.122178
0.122518
0.122522
0.121443
0.121249
0.123964
0.122094
0.120709
0.121568
0.120835
0.122814
0.122727
0.122707
0.123395
0.123355
0.123347
0.123080
0.123069
0.123686
0.123731
0.122498
0.122346
0.122198
0.122253
0.123247
0.123168
0.123202
0.121932
0.123382
0.122153
0.123378
0.121555
0.122320
0.122805
0.122903
0.122120
0.121304
0.117150
0.122247
0.116215
0.120176
0.121642
0.116729
0.115211
0.116346
0.116609
0.115790
0.115824
0.193034
0.249932
0.198809
0.193822
0.193424
0.191406
0.189234
0.199778
0.184622
0.180013
0.183818
0.187379
0.189832
0.196446
0.180495
0.184397
0.185349
0.179150
0.180771
0.185691
0.185119
0.189233
0.190904
0.198841
0.184772
0.204268
0.181419
0.181658
0.194146
0.186711
0.194059
0.190276
0.191361
0.199327
0.188293
0.192746
0.189336
0.201654
0.199226
0.196066
0.189614
0.198203
0.195586
0.198967
0.187874
0.195549
0.195080
0.198600
0.198390
0.199095
0.199520
0.200817
0.200837
0.211315
0.208509
0.198945
0.201905
0.202054
0.202942
0.198925
0.202296
0.201649
0.200453
0.201445
0.201151
0.207505
0.209512
0.208434
0.204290
0.205322
0.205564
0.208265
0.205705
0.184421
0.189644
0.211027
0.210286
0.213505
0.214608
0.210465
0.211981
0.209061
0.200247
0.207672
0.201241
0.203054
0.205547
0.204946
0.201230
0.203123
0.187622
0.184284
0.179217
0.177035
0.166322
0.162834
0.163325
0.166105
0.167616
0.169371
0.169428
0.201309
0.187843
0.196826
0.167658
0.190484
0.201281
0.165955
0.167558
0.164849
0.170720
0.173201
0.197553
0.164818
0.171341
0.179954
0.233383
0.193435
0.209434
0.198758
0.211572
0.216697
0.216761
0.218868
0.216303
0.215706
0.209799
0.215289
0.216807
0.212995
0.213559
0.191071
0.232805
0.232534
0.226244
0.202173
0.233389
0.234021
0.188773
0.175007
0.190717
0.192918
0.191135
0.190947
0.189949
0.192315
0.192724
0.195092
0.202749
0.191077
0.190659
0.190894
0.189179
0.170538
0.190749
0.190599
0.190265
0.191207
0.189889
0.189332
0.188409
0.169940
0.170419
0.170934
0.169135
0.170183
0.170908
0.170618
0.167813
0.171266
0.172266
0.173182
0.190720
0.202592
0.201938
0.204199
0.203106
0.187727
0.212309
0.196623
0.195985
0.170075
0.194555
0.188244
0.186142
0.196968
0.188564
0.211896
0.154512
0.193886
0.156672
0.155539
0.150305
0.143417
0.148170
0.147681
0.145513
0.148178
0.147755
0.148779
0.147120
0.147688
0.147756
0.147973
0.138540
0.118621
0.116892
0.116207
0.117154
0.121292
0.123121
0.119743
0.103805
0.119858
0.122739
0.119178
0.118170
0.118452
0.120619
0.120618
0.119203
0.139624
0.141959
0.149358
0.150785
0.152091
0.159381
0.131510
0.169231
0.127660
0.145740
0.145262
0.153105
0.124045
0.123220
0.125074
0.128113
0.148431
0.139782
0.143716
0.151005
0.152465
0.149532
0.150941
0.152020
0.139434
0.146079
0.140907
0.151090
0.141358
0.135914
0.121615
0.126144
0.127018
0.130955
0.127493
0.132139
0.151347
0.150665
0.148403
0.153720
0.154050
0.152458
0.152834
0.151732
0.163403
0.135096
0.149280
0.135400
0.136050
0.136487
0.144925
0.133749
0.144134
0.145191
0.145665
0.144925
0.145448
0.144458
0.142515
0.138330
0.140237
0.141157
0.140371
0.138712
0.139268
0.144642
0.142100
0.143541
0.140417
0.143859
0.143995
0.142642
0.142612
0.142369
0.157838
0.158284
0.143024
0.142031
0.140314
0.141252
0.147047
0.141536
0.157263
0.160030
0.175005
0.148737
0.146762
0.147278
0.149692
0.209228
0.170710
0.184005
0.219305
0.199400
0.221364
0.173182
0.196925
0.195053
0.197052
0.206952
0.196847
0.194232
0.195661
0.194068
0.194144
0.192531
0.173826
0.203213
0.204284
0.209740
0.220542
0.209698
0.209973
0.155403
0.139421
0.133263
0.130084
0.192933
0.193656
0.196236
0.194927
0.211254
0.191556
0.202535
0.191459
0.190791
0.202085
0.185771
0.121612
0.119497
0.123031
0.125074
0.130735
0.122029
0.128921
0.127143
0.116368
0.113604
0.112930
0.115406
0.116241
0.118416
0.120657
0.119622
0.122391
0.117452
0.124350
0.110387
0.114580
0.111935
0.107656
0.094973
0.133316
0.130035
0.179324
0.185188
0.198281
0.201725
0.215546
0.221953
0.242010
0.232075
0.220376
0.256985
0.269693
0.284432
0.290421
0.290175
0.290732
0.298032
0.296093
0.300076
0.296343
0.295131
0.289580
0.292459
0.279349
0.294738
0.295683
0.275098
0.273803
0.275959
0.241338
0.242733
0.270622
0.244248
0.242066
0.240598
0.166779
0.164917
0.164570
0.161445
0.161829
0.161065
0.160974
0.162733
0.163766
0.163176
0.162165
0.146218
0.162259
0.142676
0.141999
0.159187
0.143180
0.160285
0.162973
0.158532
0.145512
0.145080
0.145093
0.159627
0.159336
0.158016
0.159294
0.159578
0.159332
0.159218
0.157887
0.159257
0.160062
0.161260
0.158965
0.161963
0.159927
0.159074
0.160303
0.159289
0.156942
0.156865
0.156298
0.158039
0.158682
0.153173
0.153331
0.150921
0.159304
0.164675
0.145427
0.138648
0.150495
0.148805
0.152574
0.139838
0.144799
0.147780
0.151440
0.142640
0.159424
0.151850
0.152600
0.273562
0.275469
0.270973
0.265877
0.216704
0.208439
0.212232
0.213239
0.214699
0.214922
0.219218
0.225137
0.118199
0.103143
0.107761
0.104790
0.096448
0.125568
0.127365
0.124012
0.112736
0.128143
0.132008
0.133590
0.120124
0.135348
0.134935
0.136625
0.137799
0.140667
0.145245
0.125142
0.134082
0.111718
0.121260
0.116176
0.117109
0.120489
0.127534
0.157824
0.127675
0.152540
0.133306
0.153922
0.136814
0.130247
0.127775
0.121468
0.131240
0.122405
0.102863
0.103861
0.110882
0.107954
0.124107
0.112566
0.153417
0.124455
0.130049
0.093221
0.081586
0.080481
0.078612
0.082884
0.065646
0.090982
0.089372
0.086913
0.091339
0.094629
0.089670
0.106282
0.111472
0.134248
0.135496
0.133029
0.140907
0.154670
0.170672
0.171209
0.172962
0.126275
0.131519
0.130170
0.122289
0.127397
0.127687
0.142644
0.114864
0.184935
0.170862
0.167639
0.172467
0.177364
0.165610
0.165990
0.169755
0.168954
0.168670
0.166809
0.118267
0.164412
0.111887
0.112167
0.111702
0.117933
0.114076
0.114788
0.119002
0.118190
0.116336
0.117878
0.117688
0.120734
0.120288
0.159929
0.158924
0.155911
0.169368
0.157810
0.160434
0.167169
0.142921
0.161465
0.174036
0.154333
0.151602
0.145395
0.144702
0.139851
0.152538
0.148281
0.129072
0.126310
0.126067
0.127442
0.128005
0.118709
0.119886
0.111694
0.118221
0.123902
0.113861
0.115327
0.149046
0.153251
0.147725
0.145250
0.137319
0.143298
0.120840
0.118530
0.118843
0.152530
0.162858
0.161718
0.162090
0.157338
0.160960
0.150949
0.145477
0.147458
0.153853
0.143361
0.143984
0.144085
0.175527
0.177688
0.176131
0.178713
0.179561
0.186358
0.180402
0.172911
0.178602
0.190853
0.182266
0.188703
0.187506
0.183684
0.180826
0.183678
0.182772
0.177304
0.175995
0.173164
0.178891
0.170862
0.192711
0.171273
0.171782
0.170077
0.172542
0.177315
0.169283
0.174946
0.185379
0.190827
0.194757
0.195343
0.191717
0.171785
0.182366
0.148658
0.148617
0.151105
0.139709
0.146779
0.146816
0.144308
0.137687
0.133495
0.119959
0.148983
0.117957
0.115952
0.139110
0.140816
0.126895
0.133663
0.141878
0.140593
0.132957
0.165761
0.165238
0.178776
0.189606
0.177990
0.184663
0.182201
0.208398
0.203750
0.199949
0.193041
0.184564
0.187916
0.205909
0.221925
0.178853
0.178730
0.183787
0.185468
0.185141
0.180930
0.230096
0.226676
0.223892
0.239127
0.299813
0.246056
0.339731
0.336654
0.346453
0.336096
0.306218
0.348255
0.342668
0.304684
0.298303
0.258406
0.264004
0.266771
0.262496
0.296506
0.334946
0.330905
0.331770
0.261421
0.317059
0.334320
0.332816
0.336221
0.333542
0.298923
0.354732
0.332917
0.297096
0.308206
0.307639
0.289604
0.290534
0.257994
0.290677
0.286934
0.362840
0.260583
0.303523
0.301928
0.306391
0.295642
0.299771
0.299598
0.304610
0.298210
0.297857
0.300521
0.302290
0.270749
0.310151
0.309714
0.303560
0.178413
0.156075
0.172451
0.164157
0.153162
0.166895
0.179015
0.159009
0.179633
0.134529
0.185573
0.179659
0.176445
0.186664
0.178155
0.182709
0.188829
0.183795
0.187805
0.189379
0.189746
0.181772
0.185398
0.186237
0.185112
0.183105
0.165954
0.165762
0.110610
0.109150
0.102192
0.102086
0.103855
0.166318
0.173419
0.174146
0.173769
0.175040
0.170955
0.167394
0.169263
0.172576
0.169228
0.172295
0.169845
0.172662
0.170816
0.173939
0.168609
0.168702
0.170918
0.171948
0.169691
0.170874
0.169052
0.169631
0.167867
0.167657
0.169972
0.170548
0.161514
0.170021
0.171974
0.170474
0.168075
0.168552
0.177673
0.176805
0.176209
0.171286
0.175134
0.171592
0.176582
0.172352
0.171220
0.172284
0.171799
0.171760
0.171067
0.166143
0.162500
0.164770
0.164934
0.163657
0.163584
0.165818
0.164379
0.164438
0.165549
0.164364
0.164452
0.164666
0.162965
0.164889
0.164761
0.162914
0.164553
0.165266
0.165681
0.166145
0.165314
0.165741
0.165814
0.164837
0.165707
0.175455
0.176514
0.181494
0.182018
0.181421
0.183944
0.186683
0.189203
0.194821
0.185941
0.193322
0.193221
0.195824
0.199293
0.197462
0.196003
0.199732
0.191078
0.184184
0.183199
0.182724
0.182909
0.182263
0.181705
0.181468
0.180771
0.179359
0.182003
0.179665
0.184897
0.183231
0.171829
0.181205
0.184041
0.177655
0.176630
0.166030
0.181955
0.180278
0.176574
0.176872
0.176819
0.177088
0.177304
0.176861
0.177613
0.176683
0.178950
0.178964
0.180161
0.185871
0.178274
0.176770
0.172787
0.175716
0.177427
0.174335
0.176281
0.167419
0.166344
0.171553
0.168944
0.179435
0.179139
0.179480
0.170980
0.173228
0.173540
0.157243
0.134228
0.147948
0.151047
0.151494
0.137406
0.138086
0.139940
0.139711
0.140724
0.141191
0.139355
0.142495
0.139228
0.139091
0.147462
0.154410
0.157322
0.158989
0.155694
0.159036
0.149900
0.159466
0.147073
0.154865
0.153274
0.154969
0.158231
0.159239
0.161937
0.300179
0.277449
0.291361
0.277772
0.286588
0.294752
0.298764
0.283737
0.292646
0.306901
0.298709
0.303941
0.318382
0.324863
0.329016
0.312865
0.328541
0.327345
0.330237
0.342972
0.343445
0.320737
0.318257
0.313658
0.314936
0.319588
0.323335
0.318603
0.309560
0.320132
0.267601
0.290696
0.280496
0.282414
0.273245
0.290764
0.283554
0.285621
0.284537
0.288027
0.317485
0.287207
0.319841
0.311630
0.291535
0.314293
0.326760
0.332080
0.288452
0.286667
0.290186
0.283917
0.323111
0.299984
0.296709
0.288902
0.277667
0.268218
0.275925
0.267279
0.272874
0.259410
0.253414
0.250081
0.244339
0.250715
0.232970
0.237708
0.260796
0.255543
0.257570
0.257162
0.257661
0.252834
0.267217
0.289955
0.289325
0.279110
0.290210
0.295216
0.292569
0.291413
0.291722
0.289502
0.287574
0.287373
0.295123
0.289860
0.287411
0.286530
0.283970
0.284879
0.300376
0.297384
0.291102
0.294226
0.282528
0.287300
0.288432
0.291093
0.293193
0.298284
0.294937
0.290974
0.287979
0.292833
0.289491
0.284761
0.289527
0.291729
0.289793
0.286616
0.289079
0.286816
0.274971
0.268994
0.256279
0.272229
0.266905
0.263002
0.272807
0.254384
0.252548
0.252633
0.263941
0.257930
0.276036
0.256780
0.257063
0.251689
0.265036
0.272713
0.264574
0.219395
0.215029
0.211187
0.215655
0.215214
0.216032
0.219975
0.219776
0.224023
0.216938
0.228098
0.231366
0.233730
0.238180
0.238290
0.238868
0.239308
0.239112
0.236006
0.237646
0.231925
0.235887
0.236273
0.237719
0.237038
0.237023
0.235976
0.238444
0.094531
0.095297
0.095249
0.096061
0.094013
0.095820
0.088438
0.088763
0.087817
0.089034
0.090872
0.094451
0.090977
0.091158
0.092876
0.088791
0.092392
0.093230
0.092103
0.093911
0.096884
0.095254
0.092405
0.091090
0.089514
0.083229
0.093334
0.089171
0.097647
0.104745
0.098609
0.098668
0.095450
0.095012
0.096274
0.094339
0.095531
0.095234
0.094551
0.094939
0.095715
0.095876
0.096280
0.094828
0.101740
0.101006
0.099507
0.098299
0.095746
0.094033
0.094915
0.096305
0.094580
0.094514
0.092765
0.092445
0.092981
0.097957
0.096913
0.096533
0.096040
0.094360
0.095949
0.094030
0.094937
0.093901
0.096597
0.090493
0.096340
0.093731
0.094746
0.093870
0.095659
0.098982
0.095976
0.095954
0.095721
0.098470
0.099014
0.096969
0.096748
0.099257
0.098282
0.096976
0.097013
0.096760
0.094384
0.096553
0.094119
0.094192
0.098054
0.094164
0.094531
0.099837
0.099798
0.098793
0.100972
0.101843
0.100081
0.100878
0.099955
0.099577
0.101501
0.100184
0.102821
0.109607
0.112295
0.106873
0.102367
0.098199
0.097004
0.096154
0.091468
0.101632
0.099109
0.101395
0.100351
0.099106
0.099292
0.099791
0.097910
0.098348
0.098030
0.100422
0.100241
0.097979
0.096577
0.097762
0.097901
0.100118
0.099027
0.098310
0.098599
0.098232
0.100046
0.098013
0.098158
0.097625
0.099061
0.098551
0.097982
0.098149
0.100771
0.097789
0.098727
0.099531
0.099756
0.098344
0.102187
0.101848
