0.181081
0.181081
0.181081
0.181081
0.181081
0.181081
0.181081
0.100541
0.101596
0.101038
0.104566
0.104603
0.107865
0.108847
0.106732
0.105796
0.103358
0.104227
0.102786
0.101024
0.102751
0.101811
0.108663
0.126255
0.124705
0.127318
0.119992
0.123860
0.122336
0.124201
0.122440
0.124719
0.122059
0.120717
0.121936
0.119648
0.119195
0.118221
0.119141
0.118175
0.115923
0.116963
0.116663
0.113589
0.114480
0.114470
0.113973
0.113851
0.113654
0.113002
0.111233
0.109241
0.106849
0.101375
0.101405
0.103460
0.106793
0.103438
0.112584
0.113367
0.119157
0.110860
0.116331
0.115691
0.113186
0.112869
0.110407
0.111733
0.112200
0.115602
0.113010
0.111389
0.110977
0.110097
0.109717
0.109486
0.114121
0.106794
0.107634
0.106246
0.106240
0.106878
0.103836
0.104105
0.105404
0.104346
0.103820
0.103628
0.108232
0.113761
0.113338
0.112650
0.113491
0.114596
0.113726
0.112716
0.110778
0.107923
0.107968
0.107958
0.107955
0.107629
0.108469
0.107844
0.107934
0.107987
0.109812
0.109401
0.108646
0.108010
0.106369
0.108036
0.108140
0.106400
0.106468
0.106056
0.108624
0.121280
0.120864
0.121016
0.121542
0.120715
0.123357
0.120371
0.118836
0.119071
0.121186
0.119369
0.118027
0.120419
0.118303
0.118896
0.118602
0.120432
0.120284
0.120885
0.122298
0.118819
0.119618
0.120877
0.119793
0.119147
0.118654
0.119212
0.119604
0.119810
0.120318
0.120011
0.119061
0.119333
0.120356
0.120340
0.119654
0.119048
0.119306
0.120015
0.120252
0.118945
0.117838
0.119756
0.116527
0.111047
0.109794
0.107138
0.104857
0.106007
0.129157
0.080314
0.079549
0.081537
0.081784
0.082600
0.082495
0.082124
0.081404
0.081538
0.082323
0.082264
0.083879
0.082201
0.082080
0.081370
0.078788
0.079228
0.078928
0.083555
0.077732
0.080586
0.083380
0.076534
0.084118
0.078351
0.080393
0.084004
0.075488
0.084704
0.083169
0.081746
0.085806
0.079811
0.083361
0.082580
0.078919
0.073747
0.075143
0.089222
0.083375
0.088074
0.079985
0.087965
0.082722
0.062915
0.068421
0.072075
0.067388
0.069068
0.067442
0.064104
0.068514
0.053878
0.053328
0.057137
0.080258
0.089636
0.081145
0.066889
0.067615
0.070709
0.069731
0.067410
0.069460
0.071533
0.068550
0.068068
0.069695
0.069311
0.068906
0.068888
0.068712
0.069921
0.068549
0.069979
0.066609
0.154222
0.147086
0.140626
0.135391
0.121589
0.114371
0.113464
0.124845
0.114261
0.115581
0.119199
0.110289
0.097576
0.107106
0.109767
0.110875
0.110260
0.110423
0.111436
0.115682
0.123414
0.123110
0.124032
0.130097
0.098064
0.136970
0.128067
0.129966
0.118012
0.115451
0.114113
0.115715
0.112305
0.118168
0.116209
0.116567
0.119248
0.118525
0.112647
0.104491
0.115315
0.125436
0.145978
0.147608
0.145337
0.144000
0.149136
0.132251
0.132028
0.140207
0.139200
0.147016
0.152056
0.146477
0.144181
0.140736
0.141879
0.131430
0.124330
0.124029
0.128780
0.126391
0.129964
0.123037
0.117569
0.109991
0.099025
0.105424
0.109253
0.127529
0.126703
0.123343
0.124394
0.125184
0.128181
0.132986
0.128682
0.126794
0.129312
0.123700
0.123232
0.121646
0.120275
0.122517
0.119598
0.118268
0.126461
0.125971
0.116160
0.116259
0.117272
0.118486
0.123476
0.124410
0.124489
0.090716
0.119613
0.126361
0.136171
0.133891
0.132637
0.127252
0.129698
0.129022
0.126841
0.128259
0.128162
0.127453
0.130608
0.132175
0.138028
0.130938
0.130392
0.127479
0.127959
0.125083
0.122913
0.119929
0.127749
0.119580
0.121152
0.118840
0.123799
0.124154
0.141169
0.137719
0.129046
0.133570
0.067406
0.068335
0.068826
0.067687
0.067600
0.070212
0.073058
0.077127
0.078000
0.079362
0.077065
0.077585
0.078335
0.080978
0.081355
0.075171
0.077767
0.073296
0.075636
0.075623
0.070026
0.068103
0.069310
0.069159
0.068678
0.068004
0.068848
0.066736
0.072964
0.077184
0.075203
0.073387
0.071277
0.068965
0.065701
0.064327
0.065023
0.064314
0.066751
0.071077
0.075495
0.078153
0.074047
0.074695
0.075396
0.074554
0.074425
0.081589
0.078145
0.076192
0.077235
0.072822
0.069143
0.068030
0.063514
0.066283
0.063811
0.065841
0.065328
0.064668
0.064997
0.064208
0.063978
0.064519
0.067405
0.069754
0.073758
0.068657
0.074934
0.068367
0.066168
0.068242
0.065960
0.072576
0.070479
0.071995
0.073356
0.076661
0.079193
0.081065
0.076604
0.076500
0.075878
0.070493
0.070962
0.073215
0.073878
0.073807
0.078080
0.074038
0.079790
0.079247
0.079041
0.080025
0.076941
0.080228
0.080951
0.080331
0.080322
0.080029
0.081291
0.084411
0.080106
0.082041
0.081685
0.078443
0.073135
0.013228
0.013290
0.013652
0.013160
0.013436
0.013806
0.014001
0.014209
0.014749
0.014770
0.014933
0.014878
0.014848
0.014786
0.014680
0.013478
0.012551
0.012444
0.012126
0.012193
0.011985
0.012260
0.011972
0.012209
0.012192
0.012145
0.012623
0.013090
0.012984
0.013389
0.013491
0.013866
0.014112
0.014195
0.014211
0.058928
0.060013
0.059904
0.067325
0.065280
0.065279
0.067306
0.064585
0.063820
0.063698
0.062407
0.059154
0.059873
0.060265
0.063290
0.059328
0.061274
0.060713
0.059864
0.059364
0.059804
0.060047
0.060219
0.057891
0.061940
0.059967
0.061234
0.059047
0.058509
0.066833
0.070268
0.068193
0.069731
0.070955
0.070910
0.066556
0.066838
0.066534
0.066702
0.066631
0.068935
0.067827
0.068481
0.077199
0.075656
0.075116
0.071402
0.070465
0.069432
0.068878
0.096097
0.099230
0.072608
0.074568
0.073154
0.075144
0.073817
0.074856
0.127461
0.122079
0.124761
0.131785
0.136478
0.139496
0.128752
0.127473
0.114123
0.113372
0.115531
0.112061
0.110976
0.131795
0.104210
0.117261
0.112416
0.095820
0.102303
0.095967
0.098933
0.099766
0.083261
0.077042
0.062507
0.076249
0.064482
0.064972
0.065586
0.073346
0.092235
0.120974
0.127811
0.132224
0.095192
0.095125
0.101664
0.114026
0.082649
0.086481
0.121464
0.067038
0.097335
0.085183
0.077839
0.083237
0.080977
0.081023
0.084619
0.081287
0.080260
0.080763
0.081220
0.075906
0.080250
0.080287
0.075258
0.074980
0.080742
0.080181
0.082187
0.081753
0.080472
0.082266
0.081883
0.077944
0.076629
0.076555
0.077650
0.078605
0.079987
0.081120
0.081060
0.079881
0.078541
0.079196
0.080106
0.083085
0.083080
0.082599
0.075316
0.072374
0.073710
0.079949
0.082449
0.081070
0.083399
0.083144
0.079592
0.074636
0.080477
0.078633
0.085223
0.082461
0.080330
0.080474
0.079754
0.082682
0.079507
0.084127
0.077402
0.081964
0.080702
0.083377
0.081804
0.082785
0.083763
0.083573
0.082567
0.083301
0.083405
0.081947
0.084284
0.081908
0.083255
0.086507
0.085760
0.088590
0.091323
0.094128
0.090256
0.089717
0.090260
0.091781
0.090412
0.092152
0.090955
0.092515
0.090578
0.080434
0.091249
0.095370
0.093018
0.097129
0.096804
0.097442
0.083065
0.084138
0.092822
0.093143
0.092018
0.091640
0.095831
0.097704
0.098111
0.098303
0.099403
0.097892
0.099558
0.100995
0.100949
0.095949
0.093986
0.097736
0.082572
0.075334
0.084962
0.077199
0.076813
0.072515
0.069237
0.070439
0.071267
0.073919
0.071495
0.074374
0.074324
0.072231
0.072512
0.072407
0.170207
0.166698
0.158700
0.159739
0.154064
0.154414
0.174647
0.154391
0.162464
0.160472
0.164195
0.151838
0.168462
0.151197
0.149692
0.151393
0.154029
0.153590
0.173751
0.154866
0.152714
0.151449
0.155116
0.148123
0.166606
0.174179
0.175011
0.176839
0.170234
0.152856
0.137854
0.156382
0.149675
0.134559
0.166030
0.147819
0.138675
0.124319
0.125009
0.018094
0.018510
0.018140
0.017943
0.018293
0.018147
0.017935
0.018281
0.018627
0.018877
0.019106
0.019480
0.019657
0.019636
0.020092
0.019959
0.019993
0.020031
0.020058
0.020314
0.020599
0.020653
0.020852
0.021011
0.020759
0.020889
0.020593
0.020540
0.019894
0.018847
0.017985
0.017081
0.014800
0.013659
0.012618
0.011087
0.010486
0.009528
0.008970
0.009625
0.010108
0.010302
0.010214
0.010197
0.010046
0.010179
0.010369
0.010384
0.010486
0.010299
0.010251
0.010440
0.010599
0.010669
0.010590
0.010352
0.010296
0.010348
0.010239
0.010103
0.010268
0.010396
0.010322
0.010473
0.010286
0.009869
0.009861
0.010001
0.010278
0.010271
0.009949
0.010031
0.010083
0.010159
0.010112
0.009674
0.009550
0.009581
0.009801
0.009641
0.009337
0.009277
0.009613
0.009542
0.009385
0.009635
0.010322
0.010826
0.010718
0.010985
0.012133
0.012035
0.011686
0.011703
0.011830
0.011867
0.011700
0.010931
0.010696
0.010686
0.010698
0.010466
0.010450
0.010159
0.010328
0.010255
0.010404
0.010561
0.010455
0.010241
0.010162
0.010280
0.010366
0.010331
0.010292
0.010072
0.010060
0.010228
0.010387
0.010323
0.010126
0.009940
0.009755
0.009430
0.001860
0.001576
0.001195
0.000929
0.000417
0.000500
0.000183
0.000149
0.000026
0.000022
0.000021
0.000021
0.000021
0.000014
0.000012
0.000012
0.000011
0.000001
0.000000
0.000000
0.000000
0.000011
0.000012
0.000012
0.000013
0.000021
0.000022
0.000022
0.000022
0.000028
0.000029
0.000029
0.000029
0.000034
0.000035
0.000035
0.000035
0.000041
0.000041
0.000041
0.000041
0.000046
0.000046
0.000046
0.000046
0.000051
0.000051
0.000052
0.000052
0.000056
0.000056
0.000056
0.000057
0.000057
0.000057
0.000057
0.000112
0.000112
0.000112
0.000112
0.000112
0.000111
0.000110
0.000110
0.000110
0.000110
0.000110
0.001626
0.006914
0.015143
0.027615
0.043219
0.063870
0.086421
0.114466
0.144913
0.181081
0.181081
0.181081
0.149279
0.159142
0.158204
0.152785
0.159715
0.159340
0.160092
0.159537
0.159910
0.151093
0.157814
0.159766
0.159087
0.158504
0.148720
0.160951
0.158321
0.155432
0.158119
0.157854
0.158838
0.156953
0.156892
0.157816
0.153968
0.159577
0.160878
0.159298
0.158543
0.158981
0.160287
0.161033
0.158683
0.160077
0.153379
0.158177
0.156808
0.152343
0.156183
0.155100
0.159036
0.157108
0.153588
0.158402
0.156774
0.154389
0.158225
0.150271
0.155330
0.157113
0.159287
0.160853
0.159152
0.158863
0.155339
0.159424
0.159635
0.156096
0.157007
0.155444
0.156770
0.151775
0.153262
0.146314
0.153196
0.152284
0.154725
0.148836
0.156578
0.154593
0.151352
0.152138
0.157540
0.154411
0.153883
0.153110
0.156638
0.158754
0.159332
0.151739
0.156829
0.157400
0.154309
0.154062
0.153742
0.154836
0.156090
0.153558
0.156587
0.153191
0.158807
0.159478
0.155425
0.153510
0.153695
0.154233
0.181081
0.181081
0.181081
0.181081
0.181081
0.181081
0.181081
