0.325272
0.325265
0.296667
0.268761
0.247594
0.226631
0.210197
0.195625
0.183495
0.176547
0.171874
0.164545
0.164577
0.164699
0.167250
0.166928
0.166255
0.165349
0.167365
0.166192
0.172485
0.171154
0.171544
0.165017
0.166775
0.173634
0.166536
0.166751
0.164727
0.173383
0.165293
0.161953
0.171295
0.169855
0.164405
0.167437
0.166622
0.166543
0.166271
0.167370
0.166202
0.167494
0.168104
0.166985
0.168730
0.171080
0.168034
0.170075
0.167221
0.170096
0.164478
0.165299
0.165180
0.171810
0.167731
0.165949
0.166131
0.167220
0.164758
0.165533
0.164452
0.164581
0.162377
0.161206
0.156952
0.158873
0.161464
0.160051
0.161970
0.161635
0.160741
0.160628
0.162609
0.158923
0.159856
0.162575
0.161268
0.163822
0.162176
0.162558
0.163686
0.164622
0.165556
0.162821
0.166249
0.164739
0.165579
0.164280
0.163062
0.161813
0.161238
0.161626
0.162205
0.161952
0.160280
0.160103
0.160205
0.161454
0.162805
0.163276
0.163613
0.162238
0.165350
0.166385
0.164356
0.161411
0.161083
0.164609
0.163101
0.161978
0.165411
0.164417
0.162760
0.162272
0.165505
0.165226
0.164725
0.163846
0.169852
0.163103
0.161504
0.163541
0.164115
0.160657
0.149084
0.162683
0.160556
0.160077
0.160000
0.162705
0.162101
0.163595
0.165730
0.165714
0.165311
0.164082
0.164585
0.166593
0.160437
0.163961
0.163719
0.164857
0.163739
0.164411
0.162586
0.163762
0.167655
0.165249
0.162410
0.163313
0.160614
0.160517
0.159750
0.160410
0.158715
0.159625
0.159613
0.163808
0.162308
0.164070
0.162805
0.163642
0.164030
0.164423
0.163273
0.163427
0.159467
0.165077
0.162753
0.160164
0.159861
0.160530
0.163920
0.162371
0.162648
0.161302
0.161596
0.163945
0.163129
0.161202
0.163357
0.167630
0.163023
0.163605
0.163455
0.161655
0.163367
0.158594
0.162757
0.161933
0.162502
0.162736
0.160462
0.160527
0.160747
0.149230
0.149554
0.149156
0.149375
0.162935
0.150512
0.164271
0.151732
0.163329
0.160031
0.162628
0.143391
0.139183
0.138553
0.139581
0.135880
0.133530
0.137457
0.138463
0.142658
0.144514
0.148004
0.152047
0.159247
0.086618
0.177245
0.175691
0.176128
0.172446
0.178425
0.176793
0.176592
0.177435
0.177970
0.175424
0.174740
0.174717
0.173739
0.175339
0.171566
0.172698
0.176205
0.177983
0.178535
0.177249
0.170823
0.170703
0.173593
0.169165
0.173955
0.173907
0.173541
0.172508
0.173365
0.173787
0.172473
0.173578
0.173143
0.173389
0.168651
0.171816
0.170432
0.170991
0.173972
0.172428
0.172950
0.171549
0.170572
0.173911
0.172613
0.173623
0.173645
0.174325
0.174561
0.174764
0.174802
0.178647
0.177188
0.091761
0.090489
0.091664
0.091910
0.091391
0.091943
0.177650
0.175871
0.175785
0.176505
0.176452
0.176060
0.176558
0.175838
0.173211
0.170979
0.173199
0.171207
0.172193
0.172436
0.172717
0.169742
0.171604
0.169559
0.171287
0.171777
0.170767
0.178160
0.171054
0.171987
0.175567
0.171301
0.172676
0.172751
0.169598
0.171772
0.172647
0.173817
0.173313
0.172306
0.173794
0.173278
0.174822
0.173238
0.174272
0.174277
0.175697
0.182817
0.182440
0.175263
0.168251
0.169175
0.176758
0.170679
0.170653
0.096892
0.094566
0.095110
0.099835
0.096983
0.096235
0.096495
0.092086
0.093470
0.169571
0.166345
0.165953
0.166503
0.165905
0.165897
0.165974
0.165133
0.161063
0.160296
0.159584
0.158864
0.157020
0.159977
0.156103
0.158254
0.157877
0.157251
0.158652
0.160458
0.160677
0.161016
0.162094
0.161926
0.160942
0.160712
0.159317
0.160808
0.160099
0.158124
0.158917
0.159058
0.158008
0.158775
0.159752
0.159004
0.158672
0.159652
0.160994
0.158200
0.163031
0.161295
0.163377
0.158540
0.159619
0.161669
0.160657
0.158680
0.162259
0.157269
0.157329
0.157796
0.157681
0.157099
0.160012
0.155389
0.155557
0.155303
0.156631
0.155412
0.160031
0.160287
0.160106
0.159927
0.161522
0.160425
0.160299
0.159977
0.158069
0.158183
0.158107
0.157060
0.156594
0.157398
0.159897
0.160142
0.162541
0.160808
0.165042
0.162724
0.162138
0.156791
0.160239
0.157286
0.158673
0.158760
0.165837
0.164631
0.167414
0.168026
0.167487
0.162605
0.162333
0.165040
0.167005
0.162129
0.159575
0.158112
0.156344
0.154819
0.154159
0.157982
0.158194
0.157948
0.159126
0.159898
0.155164
0.159368
0.158529
0.158474
0.157953
0.157262
0.158811
0.157373
0.157389
0.159253
0.158116
0.162528
0.161147
0.161103
0.156550
0.160272
0.160892
0.160736
0.157380
0.158535
0.159622
0.159512
0.156188
0.156560
0.156284
0.154402
0.154252
0.157550
0.154927
0.156460
0.155602
0.154911
0.158127
0.155179
0.153711
0.155526
0.154541
0.154599
0.168796
0.170195
0.164080
0.174164
0.176849
0.177451
0.173892
0.173542
0.176097
0.178213
0.174161
0.176135
0.170190
0.171940
0.170047
0.173295
0.177636
0.173504
0.173897
0.171304
0.166185
0.159993
0.164731
0.167152
0.163419
0.161176
0.162905
0.158645
0.159984
0.164256
0.162141
0.164354
0.162878
0.162986
0.163131
0.164747
0.162051
0.161186
0.158543
0.140464
0.139994
0.137770
0.138011
0.138233
0.159086
0.160782
0.157196
0.158440
0.159943
0.157676
0.158730
0.158635
0.156227
0.159458
0.180209
0.183099
0.182092
0.182603
0.175431
0.175968
0.169579
0.177415
0.173694
0.172224
0.176113
0.179983
0.186955
0.179336
0.163577
0.165003
0.180897
0.179798
0.160362
0.162640
0.162698
0.160379
0.144001
0.144392
0.142210
0.139739
0.136979
0.134568
0.129538
0.136393
0.135805
0.137439
0.139273
0.183204
0.179500
0.193845
0.190382
0.174246
0.177744
0.175675
0.176642
0.127301
0.147484
0.147791
0.148002
0.168478
0.164278
0.166597
0.158070
0.160849
0.163467
0.178107
0.183222
0.185409
0.186845
0.180070
0.177853
0.178449
0.179282
0.178256
0.178201
0.153323
0.170062
0.151557
0.151056
0.143019
0.142685
0.142505
0.153549
0.154494
0.154108
0.141967
0.142246
0.141362
0.141931
0.141707
0.147896
0.141521
0.148086
0.140046
0.142352
0.142505
0.142437
0.142075
0.141866
0.138485
0.148662
0.150294
0.145258
0.153359
0.174635
0.174657
0.174251
0.165095
0.164564
0.164116
0.155596
0.155183
0.154714
0.163093
0.162436
0.155719
0.185769
0.186089
0.154559
0.154185
0.154392
0.153287
0.186216
0.209648
0.217930
0.217977
0.221324
0.221336
0.189253
0.189683
0.191058
0.190806
0.193580
0.192828
0.207500
0.191208
0.221179
0.222568
0.223241
0.187115
0.220823
0.214642
0.215641
0.225535
0.192286
0.190839
0.193302
0.193927
0.192787
0.195010
0.193382
0.167573
0.208154
0.209756
0.184427
0.168624
0.166228
0.168097
0.186275
0.167847
0.167935
0.167172
0.169639
0.217897
0.195160
0.203277
0.200021
0.199520
0.201737
0.205934
0.207415
0.205662
0.205108
0.206277
0.209725
0.207437
0.194798
0.196638
0.196477
0.196236
0.196874
0.198162
0.197886
0.195628
0.208380
0.204684
0.208554
0.203190
0.206041
0.206435
0.208352
0.208237
0.206565
0.208991
0.208332
0.208255
0.207413
0.208502
0.207613
0.207964
0.206906
0.208820
0.207960
0.207287
0.207359
0.206967
0.206069
0.207049
0.203164
0.199541
0.199096
0.197911
0.190408
0.204051
0.204658
0.206790
0.205526
0.204064
0.204144
0.206017
0.203239
0.206215
0.207571
0.207546
0.207167
0.206956
0.206237
0.205420
0.205001
0.203528
0.203196
0.203872
0.202859
0.205502
0.200916
0.199365
0.206955
0.200928
0.207878
0.209376
0.208416
0.205684
0.201436
0.206902
0.200000
0.199831
0.200097
0.200528
0.198236
0.205057
0.203340
0.196692
0.196924
0.192974
0.194204
0.196828
0.198140
0.199097
0.203241
0.205827
0.199198
0.199702
0.200007
0.199908
0.203446
0.203922
0.196507
0.197448
0.195368
0.203536
0.203235
0.204220
0.203655
0.204108
0.206261
0.198690
0.201883
0.203556
0.192616
0.193663
0.203847
0.205308
0.203121
0.207711
0.201237
0.200876
0.202213
0.205966
0.205307
0.197048
0.205612
0.205463
0.204263
0.202890
0.203954
0.204518
0.203502
0.204506
0.202541
0.202345
0.201452
0.202448
0.200995
0.204160
0.196872
0.200130
0.198621
0.205204
0.201453
0.199090
0.197390
0.206075
0.201619
0.201649
0.201926
0.200923
0.200267
0.203561
0.200300
0.196210
0.195664
0.196172
0.197200
0.196406
0.207552
0.192508
0.200496
0.190365
0.203627
0.203681
0.204212
0.204474
0.203784
0.202834
0.200811
0.204224
0.204388
0.203308
0.203329
0.204104
0.205239
0.204306
0.204493
0.203989
0.199304
0.199173
0.199658
0.200802
0.186005
0.185147
0.193055
0.197574
0.192163
0.194923
0.205629
0.206616
0.206414
0.202177
0.201230
0.200928
0.203972
0.202330
0.202817
0.205758
0.194997
0.197276
0.183522
0.195436
0.181107
0.180607
0.183211
0.181592
0.192868
0.193039
0.183514
0.183441
0.179675
0.183160
0.183683
0.181748
0.183143
0.182921
0.182471
0.184033
0.182783
0.184307
0.184677
0.184584
0.179503
0.183754
0.178053
0.179312
0.177830
0.181043
0.178426
0.177796
0.177607
0.182277
0.152419
0.160876
0.165078
0.164048
0.164240
0.165342
0.161582
0.160364
0.164206
0.164711
0.160716
0.161324
0.160893
0.163755
0.161208
0.161435
0.163776
0.165992
0.163518
0.164145
0.164546
0.163798
0.162545
0.158514
0.161753
0.161374
0.157776
0.161211
0.161728
0.160460
0.156709
0.161260
0.159419
0.163975
0.164277
0.159595
0.164551
0.165660
0.166534
0.165236
0.164974
0.162072
0.161023
0.161210
0.160984
0.160377
0.161004
0.161070
0.161577
0.161586
0.158924
0.158015
0.161650
0.158960
0.159324
0.161736
0.162715
0.162264
0.160105
0.163419
0.161127
0.158157
0.160213
0.157827
0.157781
0.161148
0.159126
0.158283
0.158266
0.157987
0.158060
0.158279
0.158634
0.158118
0.159112
0.157789
0.157349
0.157282
0.157518
0.158220
0.158157
0.159025
0.157893
0.157595
0.157877
0.157802
0.158649
0.156238
0.158197
0.158302
0.158441
0.157998
0.157957
0.157629
0.157416
0.158153
0.157125
0.159705
0.157626
0.158413
0.159234
0.159156
0.161060
0.159181
0.156508
0.157256
0.156933
0.156844
0.157069
0.156923
0.156068
0.159214
0.161293
0.163038
0.162131
0.163416
0.163751
0.163991
0.157282
0.156893
0.156869
0.156339
0.159486
0.157788
0.157897
0.158463
0.158092
0.160789
0.164724
0.166037
0.163977
0.162047
0.161052
0.160801
0.157922
0.155407
0.155666
0.154032
0.154441
0.155320
0.164807
0.164457
0.159395
0.159235
0.161618
0.161070
0.161510
0.161796
0.161849
0.162081
0.161910
0.163145
0.163346
0.160738
0.162632
0.160952
0.164758
0.165551
0.165308
0.166191
0.166087
0.165959
0.165948
0.165910
0.166029
0.165676
0.165743
0.166939
0.166832
0.166152
0.165976
0.163088
0.163226
0.162179
0.162376
0.163001
0.162961
0.162612
0.162235
0.162401
0.162211
0.162065
0.165345
0.165380
0.166590
0.166543
0.166105
0.165924
0.166057
0.166342
0.165851
0.165802
0.165673
0.165916
0.165826
0.165605
0.166564
0.166230
0.166841
0.166539
0.166146
0.169164
0.189089
0.189422
0.194192
0.186040
0.186290
0.186739
0.186939
0.187530
0.185434
0.187664
0.182664
0.182071
0.189461
0.173621
0.191225
0.191265
0.170327
0.169149
0.167549
0.168212
0.173479
0.172717
0.172790
0.171817
0.165753
0.167275
0.190624
0.173420
0.174088
0.176128
0.179987
0.202499
0.202795
0.200835
0.177289
0.189522
0.167951
0.192097
0.190617
0.186100
0.190031
0.194839
0.193397
0.192668
0.202949
0.201352
0.190186
0.200934
0.200170
0.199796
0.199969
0.199905
0.205075
0.205150
0.204343
0.205621
0.201499
0.206833
0.208401
0.205488
0.203344
0.200042
0.200698
0.203352
0.181446
0.186041
0.182235
0.200495
0.206797
0.201481
0.200813
0.202563
0.184609
0.182652
0.184810
0.187398
0.186232
0.187272
0.187558
0.187092
0.189658
0.189388
0.186977
0.184862
0.186193
0.188953
0.197784
0.189116
0.188260
0.192697
0.186440
0.186488
0.186837
0.185303
0.189024
0.189997
0.191913
0.189342
0.190627
0.184603
0.185974
0.184356
0.199667
0.198702
0.198408
0.202415
0.199628
0.200072
0.200128
0.199041
0.198532
0.198398
0.199324
0.196179
0.208417
0.189695
0.180303
0.207500
0.202676
0.206389
0.167190
0.162912
0.167137
0.167453
0.153715
0.165923
0.166004
0.164959
0.165551
0.165898
0.165693
0.165464
0.170042
0.170057
0.170316
0.172786
0.173778
0.173737
0.165782
0.163838
0.166010
0.163815
0.163741
0.164572
0.163602
0.164751
0.163997
0.158866
0.167861
0.166321
0.166422
0.166086
0.168916
0.164668
0.166585
0.165977
0.167932
0.166295
0.167138
0.158835
0.171802
0.166539
0.166786
0.155173
0.133733
0.134696
0.165855
0.165891
0.168096
0.168186
0.170144
0.165569
0.168399
0.166273
0.157591
0.169194
0.166435
0.168023
0.174205
0.172563
0.171319
0.167704
0.168635
0.168396
0.168528
0.169034
0.136504
0.135748
0.136629
0.135592
0.135418
0.135248
0.164207
0.163983
0.164229
0.164322
0.135664
0.163942
0.163086
0.163553
0.162823
0.163326
0.163143
0.164599
0.162786
0.165888
0.165352
0.162079
0.161185
0.159728
0.161528
0.161174
0.159987
0.159958
0.164322
0.163557
0.164177
0.161171
0.160300
0.158226
0.159140
0.159947
0.160583
0.159396
0.159489
0.159134
0.159032
0.160782
0.157273
0.134362
0.135204
0.134878
0.134660
0.156258
0.156562
0.155764
0.155990
0.156114
0.157229
0.157105
0.157161
0.156557
0.158200
0.157050
0.156734
0.157036
0.157360
0.162651
0.160181
0.157250
0.158323
0.158578
0.159418
0.160503
0.161189
0.162963
0.163942
0.164958
0.164693
0.165005
0.164750
0.166046
0.166538
0.166424
0.167571
0.168138
0.167578
0.168789
0.169199
0.169542
0.169057
0.168806
0.169824
0.169431
0.169495
0.170553
0.171141
0.171213
0.170443
0.171368
0.170875
0.170490
0.169721
0.167621
0.167054
0.168880
0.168639
0.167124
0.168478
0.169243
0.169605
0.169599
0.169240
0.168963
0.169123
0.169137
0.167417
0.167500
0.163789
0.167998
0.167651
0.168173
0.169230
0.168437
0.169270
0.168777
0.168590
0.168440
0.168362
0.167921
0.141838
0.141822
0.142513
0.142592
0.143088
0.142605
0.142613
0.142563
0.166897
0.167582
0.167212
0.165878
0.166948
0.166421
0.167807
0.167278
0.162643
0.163147
0.163403
0.163478
0.169019
0.168918
0.167680
0.170754
0.170412
0.170277
0.171058
0.173540
0.174095
0.170282
0.169664
0.169577
0.168706
0.167845
0.167733
0.167722
0.168303
0.167130
0.166406
0.167163
0.167170
0.168782
0.169454
0.167690
0.167875
0.167273
0.168362
0.167304
0.167308
0.167241
0.167789
0.168079
0.167175
0.167551
0.167760
0.167699
0.165628
0.167959
0.167437
0.167558
0.167555
0.167441
0.167608
0.167629
0.167123
0.167079
0.167396
0.167400
0.166676
0.166596
0.166218
0.159789
0.160034
0.169160
0.159589
0.160142
0.160052
0.160621
0.159660
0.157097
0.157453
0.158009
0.157436
0.159604
0.171418
0.157228
0.157774
0.157674
0.158991
0.157480
0.158057
0.168385
0.158642
0.167263
0.167073
0.167131
0.167290
0.168453
0.168789
0.168635
0.173462
0.169260
0.170188
0.171419
0.170017
0.173256
0.171234
0.171477
0.170546
0.171615
0.158001
0.159339
0.158510
0.158753
0.158383
0.158210
0.159274
0.160370
0.158571
0.158602
0.157945
0.159134
0.157767
0.157340
0.159770
0.160065
0.157702
0.157520
0.160860
0.160305
0.159868
0.159891
0.159322
0.160394
0.161053
0.160844
0.160438
0.169758
0.161870
0.162110
0.164531
0.164572
0.162509
0.163093
0.163006
0.162837
0.162829
0.163115
0.163245
0.163623
0.164149
0.158774
0.158714
0.160897
0.160518
0.160818
0.158128
0.159018
0.157440
0.158576
0.152290
0.156742
0.155596
0.154366
0.154408
0.154599
0.154195
0.153739
0.157085
0.157127
0.154704
0.153508
0.153276
0.152866
0.151881
0.156340
0.159109
0.157142
0.151368
0.150507
0.153366
0.163902
0.154550
0.160347
0.137798
0.164805
0.179262
0.164030
0.183994
0.188053
0.198680
0.200629
0.202035
0.201652
0.201633
0.201642
0.201959
0.202612
0.203692
0.190203
0.118620
0.111502
0.104487
0.091815
0.080520
0.056095
0.050295
0.038148
0.031292
0.019882
0.018429
0.011886
0.008882
0.004450
0.003508
0.002750
0.002249
0.001765
0.001595
0.001444
0.001265
0.001122
0.000850
0.000337
0.000225
0.000077
0.000000
0.000139
0.000275
0.000363
0.000422
0.000399
0.000447
0.000516
0.000561
0.000616
0.000609
0.000533
0.000517
0.000527
0.000547
0.000594
0.000633
0.000678
0.000702
0.000805
0.000818
0.000817
0.001086
0.001099
0.001111
0.001177
0.001208
0.001216
0.001219
0.001146
0.001243
0.001197
0.001177
0.001135
0.001099
0.001189
0.001324
0.001493
0.001874
0.001852
0.001857
0.002001
0.002276
0.002674
0.003608
0.004498
0.005940
0.006659
0.006703
0.006631
0.006504
0.006421
0.005977
0.005782
0.005370
0.005158
0.005143
0.005362
0.005548
0.005739
0.005871
0.005747
0.005055
0.004813
0.004628
0.004502
0.004658
0.004663
0.004816
0.004661
0.004572
0.004673
0.004742
0.004440
0.004381
0.004141
0.003952
0.003854
0.003699
0.003676
0.003696
0.003790
0.004004
0.003877
0.004062
0.004049
0.003806
0.003650
0.003620
0.003541
0.003594
0.003382
0.003386
0.003382
0.003295
0.003299
0.003500
0.003652
0.004782
0.004929
0.005544
0.005679
0.005744
0.005638
0.005675
0.005492
0.005564
0.005671
0.005557
0.005362
0.004901
0.004773
0.004661
0.004773
0.004662
0.004725
0.004435
0.004418
0.003803
0.004492
0.004616
0.004804
0.005074
0.004757
0.005031
0.004952
0.004832
0.004813
0.005017
0.004785
0.004426
0.004410
0.004362
0.004629
0.004706
0.004631
0.004663
0.004713
0.004076
0.004079
0.004065
0.003955
0.003855
0.003836
0.003450
0.003430
0.003473
0.003647
0.003550
0.003591
0.004020
0.004209
0.004694
0.004967
0.004937
0.004843
0.004827
0.004870
0.004823
0.004806
0.004836
0.004709
0.004663
0.004244
0.004205
0.003786
0.003661
0.003611
0.003190
0.003207
0.108900
0.109185
0.109010
0.108978
0.109274
0.109007
0.109903
0.110729
0.110230
0.109786
0.107253
0.108481
0.107882
0.107728
0.111925
0.111403
0.111774
0.110084
0.112031
0.110040
0.109896
0.110142
0.108118
0.109258
0.106899
0.109776
0.108599
0.108407
0.109747
0.109705
0.110631
0.109693
0.109803
0.111991
0.110437
0.109933
0.110549
0.111058
0.109599
0.109993
0.110072
0.110118
0.113242
0.113464
0.112498
0.112116
0.109935
0.112187
0.110179
0.110473
0.111378
0.111508
0.112446
0.109552
0.110334
0.111207
0.110760
0.110179
0.110068
0.110038
0.109739
0.111654
0.110557
0.110801
0.003087
0.002965
0.002915
0.002997
0.002895
0.002787
0.002784
0.002852
0.003042
0.003038
0.003355
0.003508
0.003684
0.004001
0.004064
0.004188
0.005134
0.005800
0.006251
0.006460
0.006655
0.007214
0.007448
0.007533
0.007486
0.007412
0.007333
0.007196
0.007195
0.007244
0.007110
0.007020
0.006686
0.006639
0.006596
0.006474
0.006376
0.006206
0.006075
0.005851
0.005864
0.005864
0.005851
0.005811
0.005688
0.005628
0.005683
0.005707
0.005690
0.005760
0.005742
0.005823
0.005927
0.124288
0.114408
0.113884
0.113585
0.113501
0.114675
0.114967
0.116931
0.118675
0.113961
0.116623
0.117387
0.113596
0.116671
0.117043
0.116941
0.115535
0.113576
0.116728
0.116957
0.116605
0.115812
0.115003
0.116567
0.113519
0.116563
0.116546
0.116657
0.116722
0.116954
0.114303
0.116487
0.116686
0.116676
0.116245
0.115281
0.114391
0.116548
0.116532
0.116891
0.115701
0.116217
0.117037
0.114533
0.113775
0.113546
0.115472
0.116192
0.113809
0.113821
0.120622
0.120767
0.120695
0.119232
0.120346
0.117399
0.119526
0.120467
0.115532
0.113354
0.113466
0.115216
0.113427
0.113681
0.113658
0.112875
0.113295
0.112548
0.117422
0.118986
0.112985
0.115163
0.113091
0.115560
0.113251
0.115699
0.115520
0.120829
0.115445
0.115394
0.113756
0.115040
0.114713
0.113080
0.114991
0.119242
0.119107
0.119303
0.119118
0.114310
0.114190
0.112533
0.114337
0.112824
0.115369
0.114340
0.118830
0.118722
0.114819
0.113873
0.114268
0.114205
0.119051
0.119011
0.120481
0.121473
0.121067
0.120515
0.120991
0.120636
0.120900
0.120633
0.120882
0.122304
0.122183
0.122462
0.121806
0.121999
0.122336
0.122187
0.119761
0.121679
0.120702
0.122482
0.121661
0.122031
0.122662
0.121303
0.121014
0.120742
0.121843
0.121519
0.122079
0.120969
0.120151
0.120932
0.120271
0.120252
0.120930
0.121271
0.121050
0.120466
0.120880
0.121343
0.121124
0.122100
0.122106
0.098467
0.097959
0.098285
0.097576
0.099141
0.097904
0.097967
0.098782
0.099290
0.100408
0.099618
0.101110
0.100052
0.099900
0.100762
0.101156
0.099970
0.099154
0.097838
0.098489
0.098716
0.096937
0.098085
0.097433
0.108134
0.098198
0.109507
0.098295
0.098196
0.098062
0.098228
0.098575
0.096869
0.095218
0.098119
0.096950
0.098250
0.096823
0.095821
0.096326
0.096336
0.096557
0.096774
0.097580
0.098207
0.097910
0.097085
0.096875
0.096466
0.096942
0.097345
0.097819
0.097464
0.096797
0.097490
0.097791
0.098327
0.098454
0.098362
0.098952
0.098089
0.099079
0.098927
0.097910
0.098352
0.098632
0.096116
0.098272
0.098302
0.098689
0.099091
0.099117
0.097950
0.099318
0.099383
0.098214
0.099277
0.099232
0.099012
0.098966
0.099070
0.098336
0.098421
0.098270
0.099034
0.097945
0.098657
0.099271
0.099739
0.099561
0.100098
0.097576
0.098558
0.099054
0.098441
0.095301
0.096220
0.095560
0.096140
0.096169
0.096159
0.095296
0.095660
0.095705
0.095356
0.096424
0.096846
0.096725
0.095596
0.096787
0.098028
0.096493
0.096086
0.096194
0.098701
0.098799
0.108103
0.108054
0.108604
0.109011
0.107224
0.107249
0.107818
0.108314
0.107903
0.107378
0.108125
0.109116
0.109407
0.109407
0.110401
0.110205
0.110804
0.110359
0.111383
0.110776
0.110531
0.111488
0.109527
0.108989
0.093868
0.108171
0.109028
0.108126
0.112310
0.111811
0.113241
0.100235
0.101665
0.099598
0.091583
0.092552
0.096773
0.098441
0.090555
0.092776
0.092446
0.112628
0.113257
0.113430
0.112446
0.100506
0.101028
0.100833
0.100309
0.100596
0.103307
0.103206
0.111676
0.111780
0.114694
0.115100
0.114798
0.115349
0.116072
0.116571
0.115700
0.115238
0.115975
0.116391
0.116321
0.118587
0.118609
0.118442
0.118833
0.116653
0.119727
0.121093
0.121271
0.120308
0.120105
0.120328
0.119281
0.120278
0.118667
0.117296
0.115842
0.116898
0.117330
0.117431
0.116413
0.116829
0.119781
0.117038
0.116591
0.118316
0.115137
0.119205
0.120857
0.121050
0.117723
0.117974
0.115790
0.117869
0.117419
0.114410
0.097855
0.097676
0.100524
0.116105
0.117972
0.119664
0.117639
0.116809
0.113447
0.113370
0.112025
0.110702
0.110617
0.109959
0.110155
0.110017
0.115822
0.116031
0.115949
0.115650
0.115850
0.115825
0.115831
0.115705
0.115649
0.116114
0.116019
0.116224
0.115904
0.116041
0.116378
0.116408
0.116285
0.116140
0.120913
0.116893
0.122415
0.121076
0.122777
0.128446
0.132935
0.141812
0.149120
0.162279
0.160471
0.160296
0.160114
0.160101
0.159969
0.160148
0.161459
0.159842
0.159842
0.160086
0.159835
0.160057
0.160183
0.160423
0.162093
0.161739
0.161050
0.159884
0.159973
0.161044
0.156597
0.156814
0.157399
0.158285
0.157956
0.156817
0.156701
0.156259
0.155616
0.155026
0.155446
0.156993
0.156353
0.157041
0.156850
0.156911
0.156974
0.156697
0.156016
0.158655
0.159031
0.158531
0.155784
0.155721
0.155135
0.163445
0.155630
0.156969
0.158626
0.161274
0.162016
0.158909
0.160244
0.161454
0.160081
0.160321
0.159150
0.160084
0.160590
0.160285
0.159690
0.161082
0.163089
0.164224
0.163506
0.162743
0.162275
0.167378
0.166428
0.154530
0.158263
0.156909
0.156260
0.152269
0.153867
0.155635
0.158943
0.156647
0.155322
0.155109
0.158923
0.156462
0.156110
0.155321
0.160203
0.161534
0.160641
0.158918
0.168003
0.159108
0.149771
0.155791
0.159999
0.160329
0.165060
0.159414
0.165944
0.162512
0.163323
0.158444
0.160443
0.158889
0.158803
0.163210
0.162294
0.158898
0.160216
0.168253
0.165113
0.164876
0.164909
0.165951
0.164619
0.159296
0.163193
0.162933
0.162210
0.161956
0.161700
0.164234
0.163279
0.163104
0.164606
0.160679
0.161045
0.160356
0.166953
0.163870
0.169696
0.170561
0.169966
0.158338
0.158312
0.158515
0.158024
0.158505
0.161701
0.161060
0.159206
0.161594
0.164156
0.162763
0.162707
0.164817
0.159834
0.160562
0.161587
0.163833
0.161851
0.161643
0.161498
0.160097
0.160550
0.160519
0.165193
0.165209
0.166395
0.163788
0.159916
0.165402
0.159768
0.161377
0.161159
0.160507
0.160652
0.160712
0.160116
0.164484
0.163739
0.164417
0.160827
0.164268
0.165280
0.163207
0.161979
0.162413
0.161982
0.160953
0.161466
0.161144
0.160742
0.161607
0.161450
0.159467
0.160998
0.158497
0.157451
0.157769
0.157872
0.159514
0.157134
0.156806
0.157162
0.157750
0.156446
0.157432
0.158116
0.159402
0.159196
0.159538
0.159040
0.159112
0.158756
0.156096
0.158947
0.159419
0.159679
0.160434
0.158151
0.160368
0.157366
0.156237
0.152204
0.154211
0.156600
0.154696
0.156618
0.154572
0.158748
0.157940
0.158177
0.157008
0.158854
0.158330
0.157379
0.156777
0.156913
0.157645
0.157420
0.156621
0.157033
0.155693
0.155112
0.154390
0.155487
0.155134
0.155398
0.156063
0.155646
0.156275
0.155783
0.155742
0.156853
0.156802
0.156838
0.156295
0.155219
0.145445
0.143811
0.144153
0.143692
0.147367
0.142955
0.143170
0.139101
0.142228
0.140080
0.140274
0.157595
0.157780
0.145647
0.139904
0.142546
0.155639
0.157189
0.155798
0.156895
0.153156
0.156086
0.156405
0.156838
0.158124
0.157756
0.156984
0.159245
0.158200
0.157899
0.160997
0.153468
0.157378
0.161321
0.157980
0.158104
0.158315
0.156281
0.150289
0.153514
0.157121
0.154738
0.154418
0.158620
0.156319
0.159757
0.160227
0.160351
0.161862
0.159369
0.159835
0.156445
0.156744
0.154153
0.155080
0.152458
0.152030
0.151903
0.154076
0.155350
0.152215
0.153025
0.151698
0.155679
0.155410
0.155160
0.155289
0.155306
0.153546
0.154610
0.154638
0.151139
0.151262
0.151710
0.158669
0.160171
0.159410
0.158118
0.160114
0.160496
0.160327
0.160578
0.161377
0.161682
0.161568
0.161056
0.161539
0.160534
0.159200
0.159403
0.158111
0.158738
0.156321
0.159323
0.158666
0.157960
0.157362
0.160375
0.153216
0.152850
0.152582
0.153008
0.152915
0.153888
0.153927
0.153563
0.155564
0.153576
0.152841
0.149846
0.150422
0.150601
0.151671
0.153350
0.154502
0.154774
0.155065
0.154286
0.153899
0.153933
0.156416
0.155797
0.156497
0.157433
0.156780
0.157234
0.157400
0.157135
0.157249
0.157934
0.158374
0.158011
0.158064
0.157486
0.155907
0.156618
0.155432
0.157129
0.156791
0.156643
0.157349
0.157931
0.158003
0.154802
0.157977
0.155237
0.155271
0.156903
0.156965
0.158972
0.160421
0.161300
0.156221
0.157864
0.157816
0.157011
0.157450
0.157013
0.158201
0.158239
0.157693
0.156928
0.157661
0.156837
0.158310
0.157735
0.157346
0.159150
0.158412
0.156978
0.157079
0.157281
0.157589
0.157309
0.158222
0.158783
0.158737
0.158701
0.158632
0.158999
0.158510
0.157969
0.158452
0.159353
0.159501
0.159393
0.160929
0.158089
0.158185
0.162600
0.160816
0.161622
0.158241
0.157456
0.161887
0.193443
0.191008
0.191782
0.191097
0.192115
0.191647
0.190337
0.191104
0.190029
0.189971
0.190468
0.192929
0.190329
0.192773
0.192871
0.192518
0.189826
0.193061
0.192053
0.195250
0.191264
0.195535
0.193249
0.193998
0.195097
0.197010
0.196672
0.194068
0.197725
0.198327
0.201301
0.198531
0.199465
0.195669
0.195594
0.196724
0.182892
0.185091
0.183081
0.182848
0.183930
0.183253
0.183673
0.183716
0.183710
0.183780
0.183830
0.183508
0.183595
0.196237
0.196154
0.195776
0.195737
0.195151
0.195686
0.195556
0.194959
0.195247
0.195442
0.194637
0.195455
0.195693
0.193777
0.193985
0.191947
0.181243
0.181924
0.181639
0.182781
0.182500
0.182955
0.180019
0.182923
0.183938
0.159985
0.184512
0.184365
0.176412
0.177663
0.185921
0.185645
0.172105
0.176930
0.177565
0.181355
0.178252
0.178132
0.190379
0.193879
0.197307
0.198236
0.198235
0.195295
0.199838
0.199501
0.200754
0.200254
0.201676
0.201569
0.199914
0.202286
0.200765
0.205106
0.203509
0.193709
0.200937
0.201865
0.206160
0.185804
0.187602
0.193357
0.193180
0.193583
0.195729
0.195561
0.195414
0.197657
0.194852
0.195006
0.191968
0.192254
0.198397
0.202700
0.209245
0.201268
0.209747
0.210744
0.206865
0.213064
0.211900
0.210250
0.211790
0.209280
0.209312
0.192597
0.211777
0.211971
0.212308
0.209503
0.203852
0.199149
0.201815
0.203311
0.202668
0.202221
0.203546
0.205985
0.206328
0.205615
0.205673
0.194726
0.197104
0.196065
0.194850
0.194106
0.194342
0.198669
0.196674
0.196899
0.197252
0.204376
0.199824
0.202027
0.199139
0.208219
0.201872
0.198883
0.204843
0.199877
0.202937
0.205920
0.206688
0.206216
0.206844
0.207065
0.207195
0.205570
0.205774
0.204286
0.204523
0.205958
0.212074
0.211870
0.209351
0.208943
0.209450
0.208791
0.208015
0.208127
0.207779
0.208330
0.209779
0.208384
0.205199
0.202413
0.200958
0.199383
0.199585
0.201128
0.198108
0.199772
0.200257
0.200414
0.199420
0.199217
0.198901
0.199629
0.198670
0.199559
0.200106
0.199066
0.199884
0.200754
0.200728
0.201393
0.202685
0.201814
0.203612
0.204077
0.204573
0.204512
0.206372
0.209223
0.207681
0.211047
0.209778
0.210705
0.209447
0.209028
0.208834
0.209572
0.208479
0.208440
0.208288
0.208754
0.210737
0.208119
0.200677
0.210645
0.192204
0.192510
0.195981
0.197029
0.193491
0.194426
0.193266
0.192916
0.194355
0.195454
0.196787
0.197659
0.195835
0.196146
0.195896
0.208220
0.197178
0.194248
0.193466
0.193048
0.193089
0.207762
0.193157
0.193693
0.194239
0.194251
0.208404
0.207831
0.205534
0.207732
0.194724
0.198535
0.205935
0.207978
0.207976
0.158214
0.156978
0.156914
0.154931
0.154050
0.153307
0.154044
0.154098
0.153842
0.153319
0.154371
0.153786
0.153220
0.157302
0.157708
0.157421
0.157970
0.161139
0.164772
0.163193
0.161262
0.156738
0.157075
0.158687
0.157192
0.159609
0.169338
0.164253
0.170623
0.170592
0.170241
0.170096
0.169431
0.169396
0.169163
0.169503
0.169561
0.164344
0.165781
0.163370
0.165631
0.165166
0.170058
0.171246
0.170931
0.170206
0.170924
0.173312
0.171592
0.167568
0.165622
0.165562
0.170730
0.171735
0.170899
0.172787
0.172038
0.171137
0.173439
0.172538
0.172801
0.172755
0.168682
0.168573
0.174775
0.176020
0.164309
0.175558
0.159526
0.159200
0.160127
0.160345
0.161693
0.165490
0.162220
0.169169
0.164579
0.164626
0.176372
0.169861
0.167691
0.167031
0.172259
0.167769
0.175185
0.174818
0.174105
0.172925
0.171220
0.171739
0.170964
0.168724
0.165702
0.167202
0.166576
0.161640
0.166188
0.167470
0.167192
0.164560
0.161727
0.162653
0.161683
0.162765
0.162002
0.163632
0.167647
0.167416
0.167974
0.168581
0.168132
0.164379
0.162143
0.157880
0.164521
0.156751
0.161196
0.160293
0.156674
0.156447
0.158216
0.158177
0.158112
0.158020
0.159058
0.159060
0.157910
0.160435
0.159845
0.160983
0.163188
0.163149
0.163252
0.166339
0.161065
0.161342
0.163746
0.163457
0.164390
0.166546
0.170728
0.171372
0.169567
0.169652
0.167289
0.171900
0.171460
0.172177
0.168750
0.167817
0.172547
0.167895
0.167758
0.170483
0.170892
0.170205
0.170887
0.169150
0.170764
0.169650
0.167774
0.164299
0.165640
0.163515
0.166281
0.163008
0.162630
0.161787
0.161222
0.162881
0.163681
0.163645
0.162591
0.163097
0.162653
0.162630
0.164660
0.162343
0.166004
0.168918
0.165771
0.163973
0.162971
0.164157
0.164017
0.169137
0.165418
0.164851
0.162741
0.162757
0.162556
0.165093
0.167214
0.166344
0.167513
0.165769
0.166670
0.167122
0.168204
0.166902
0.166610
0.167497
0.168856
0.167234
0.167534
0.166472
0.168859
0.168891
0.172730
0.173448
0.172870
0.172943
0.172470
0.172371
0.173666
0.173760
0.172165
0.168800
0.167958
0.168056
0.169780
0.169474
0.168995
0.165304
0.162654
0.165854
0.162979
0.162703
0.162736
0.162593
0.162934
0.164053
0.163088
0.162408
0.163492
0.161874
0.162877
0.162061
0.164594
0.163145
0.163934
0.163334
0.162185
0.161800
0.161823
0.162061
0.162154
0.162115
0.161436
0.162258
0.162984
0.163109
0.163197
0.163279
0.162625
0.162583
0.163345
0.162843
0.162983
0.161725
0.162056
0.164010
0.163991
0.161843
0.162283
0.161770
0.161853
0.161863
0.162344
0.161926
0.163541
0.163470
0.162874
0.162317
0.161513
0.161971
0.162031
0.162019
0.162100
0.162195
0.162372
0.164221
0.165569
0.165584
0.167795
0.168878
0.166244
0.163481
0.165677
0.165568
0.162833
0.162387
0.162835
0.164563
0.164219
0.170179
0.171766
0.161159
0.160645
0.164500
0.160344
0.169051
0.169061
0.169321
0.168779
0.164710
0.171479
0.169087
0.168646
0.168557
0.168827
0.166367
0.168685
0.168664
0.170122
0.169714
0.170517
0.170973
0.171411
0.168588
0.168404
0.167620
0.167871
0.165839
0.165838
0.170457
0.167848
0.167471
0.170589
0.171455
0.166871
0.171229
0.167241
0.167646
0.170573
0.169914
0.170918
0.171774
0.172818
0.171649
0.167201
0.166922
0.166711
0.166978
0.166555
0.161825
0.165532
0.167318
0.168138
0.168434
0.168957
0.168095
0.166222
0.166529
0.169394
0.166573
0.166576
0.165721
0.163802
0.165104
0.166337
0.163842
0.162268
0.161107
0.164342
0.162295
0.160705
0.165123
0.164756
0.163287
0.166751
0.163966
0.171866
0.170393
0.165431
0.165660
0.165163
0.171226
0.165418
0.173773
0.163178
0.163626
0.169063
0.160401
0.168956
0.170242
0.163884
0.164436
0.164543
0.164019
0.164697
0.171271
0.171022
0.169602
0.169409
0.170380
0.173299
0.172011
0.175868
0.159417
0.159103
0.159154
0.163022
0.158180
0.158549
0.157720
0.163209
0.177893
0.178336
0.176460
0.173767
0.173920
0.173255
0.172559
0.174060
0.173525
0.161805
0.167890
0.161191
0.161888
0.154263
0.154107
0.162889
0.162426
0.166357
0.163825
0.165716
0.166485
0.165981
0.166774
0.166310
0.164836
0.163492
0.163714
0.164193
0.163720
0.162877
0.163584
0.162533
0.167070
0.168431
0.168100
0.153888
0.153420
0.153302
0.152382
0.152685
0.153908
0.165807
0.165966
0.166101
0.164104
0.165953
0.164257
0.165021
0.163674
0.164438
0.163629
0.165408
0.164398
0.163338
0.161565
0.157349
0.157457
0.162891
0.161423
0.157168
0.161228
0.161771
0.168706
0.168614
0.167837
0.168356
0.170301
0.161199
0.158702
0.164784
0.172564
0.171460
0.170092
0.171428
0.166013
0.166509
0.163530
0.162506
0.164992
0.164820
0.165769
0.165172
0.161811
0.164262
0.163205
0.163925
0.165383
0.164054
0.164255
0.164846
0.162450
0.167293
0.165936
0.165139
0.166992
0.164433
0.167730
0.167688
0.167890
0.168380
0.169969
0.170466
0.170427
0.165764
0.165618
0.166202
0.165217
0.163069
0.161909
0.162832
0.163091
0.156089
0.156080
0.155222
0.168266
0.161627
0.167450
0.167012
0.162378
0.168204
0.170353
0.169245
0.176295
0.169146
0.163583
0.162900
0.170231
0.163626
0.169135
0.174054
0.174828
0.173692
0.176323
0.176184
0.172712
0.174010
0.173118
0.175287
0.175206
0.175149
0.174004
0.175132
0.176968
0.174992
0.173843
0.172181
0.170598
0.170993
0.164929
0.164194
0.163794
0.161868
0.160743
0.158077
0.156951
0.154195
0.154469
0.152481
0.154280
0.159337
0.156708
0.157197
0.161411
0.156567
0.155527
0.158474
0.157863
0.158382
0.155899
0.151213
0.153346
0.159351
0.158785
0.157029
0.161731
0.161528
0.160106
0.161588
0.164192
0.164995
0.159646
0.159279
0.159584
0.160373
0.158654
0.160000
0.159980
0.160087
0.159568
0.158202
0.159930
0.158407
0.159430
0.157812
0.156332
0.157608
0.158729
0.161466
0.161929
0.164555
0.159627
0.158606
0.160106
0.159012
0.158841
0.159314
0.159261
0.161882
0.160792
0.160046
0.160930
0.161024
0.160386
0.160256
0.160508
0.160033
0.159498
0.158014
0.158362
0.159200
0.159600
0.160823
0.159944
0.161080
0.160329
0.161538
0.160380
0.160183
0.160297
0.158267
0.164348
0.166146
0.166248
0.168942
0.166215
0.165054
0.165152
0.165663
0.164432
0.162606
0.160081
0.164084
0.160289
0.166195
0.166534
0.163490
0.164552
0.167080
0.166639
0.165845
0.169679
0.170170
0.168184
0.170569
0.170545
0.168497
0.168164
0.167712
0.171065
0.168645
0.167345
0.167406
0.166209
0.164844
0.163881
0.165032
0.164256
0.164559
0.164902
0.164490
0.163731
0.163318
0.162794
0.161791
0.163233
0.163008
0.162776
0.165652
0.163895
0.160594
0.161972
0.163237
0.151655
0.157369
0.156892
0.157249
0.161805
0.162510
0.162691
0.153852
0.156370
0.156121
0.155202
0.161940
0.162657
0.164274
0.163081
0.163132
0.162257
0.162748
0.163263
0.163030
0.162777
0.152168
0.152766
0.153731
0.152006
0.152751
0.162883
0.162884
0.164914
0.164770
0.164993
0.163696
0.162470
0.162220
0.162201
0.162935
0.161669
0.154178
0.160474
0.160057
0.154750
0.162840
0.163205
0.164198
0.155300
0.157533
0.157399
0.157637
0.158287
0.165991
0.165729
0.159710
0.165872
0.159108
0.161527
0.168584
0.165074
0.164500
0.168261
0.166247
0.162135
0.166854
0.165778
0.165626
0.164908
0.169325
0.172450
0.172955
0.170319
0.171050
0.171371
0.165233
0.166671
0.168330
0.168863
0.169872
0.171865
0.172345
0.172663
0.171770
0.173496
0.174252
0.173542
0.172439
0.172284
0.171417
0.171398
0.171212
0.171105
0.169803
0.170373
0.161763
0.157143
0.157707
0.158495
0.159004
0.160979
0.160342
0.169182
0.156193
0.155698
0.154227
0.158055
0.156338
0.160663
0.160312
0.159367
0.160065
0.160038
0.156720
0.157747
0.157863
0.156944
0.158021
0.156611
0.155966
0.156693
0.155751
0.155292
0.155408
0.151846
0.150938
0.150549
0.150229
0.152475
0.152022
0.154317
0.157187
0.155199
0.151633
0.158015
0.159429
0.159676
0.159689
0.162968
0.162316
0.160581
0.160762
0.160698
0.160518
0.160753
0.161410
0.161370
0.160919
0.161697
0.160659
0.157139
0.158099
0.157833
0.157630
0.157487
0.158426
0.157165
0.160490
0.157081
0.156931
0.156030
0.162289
0.162380
0.160972
0.168489
0.169619
0.169014
0.168853
0.168520
0.169770
0.167294
0.170285
0.166377
0.159511
0.160384
0.157553
0.158933
0.159915
0.155194
0.157497
0.159376
0.162866
0.162605
0.164538
0.164583
0.161489
0.161308
0.165537
0.159982
0.157181
0.160827
0.161392
0.159503
0.161644
0.161271
0.163584
0.164574
0.164290
0.164587
0.164666
0.164907
0.164479
0.160798
0.161256
0.162401
0.162942
0.162630
0.162209
0.162936
0.163483
0.165247
0.164490
0.165023
0.165728
0.165794
0.164500
0.163794
0.165273
0.197252
0.197550
0.197501
0.194232
0.194037
0.202245
0.195819
0.202324
0.199004
0.195206
0.195426
0.197315
0.194799
0.194808
0.197796
0.195998
0.196065
0.196007
0.198074
0.202993
0.200421
0.201301
0.202527
0.198823
0.197297
0.201607
0.206408
0.209007
0.196927
0.200475
0.193472
0.190627
0.195872
0.195567
0.203455
0.206984
0.206427
0.198759
0.194090
0.186571
0.186406
0.196717
0.202325
0.195916
0.196575
0.196597
0.192711
0.195327
0.198600
0.186499
0.198758
0.203652
0.204097
0.204335
0.198266
0.195754
0.205464
0.193807
0.201080
0.175258
0.185623
0.188107
0.182732
0.188125
0.194829
0.194887
0.195374
0.170422
0.168380
0.167607
0.167454
0.167753
0.166595
0.165532
0.167204
0.171498
0.161983
0.179877
0.194905
0.194371
0.162139
0.172810
0.178984
0.200669
0.198069
0.194372
0.196124
0.194038
0.195701
0.200256
0.197840
0.201001
0.201153
0.201666
0.203016
0.208417
0.201794
0.200078
0.199981
0.201023
0.201074
0.201492
0.200186
0.200449
0.200593
0.199651
0.199054
0.198575
0.200730
0.201876
0.202620
0.204054
0.203629
0.208431
0.206745
0.207785
0.192199
0.191279
0.205303
0.202817
0.202530
0.203279
0.202682
0.202532
0.203380
0.209722
0.209098
0.204476
0.204879
0.198248
0.198317
0.199349
0.201924
0.171285
0.171989
0.172498
0.173667
0.171316
0.169835
0.172028
0.172773
0.172684
0.172222
0.171107
0.173537
0.171024
0.174381
0.174497
0.174776
0.168618
0.168068
0.169554
0.171426
0.170247
0.169730
0.166899
0.167882
0.166149
0.174263
0.172143
0.170819
0.169751
0.166957
0.167334
0.169131
0.168863
0.170064
0.168983
0.168784
0.168494
0.169264
0.169330
0.169790
0.169815
0.168750
0.168595
0.167308
0.168008
0.167382
0.165449
0.166371
0.167007
0.164583
0.164374
0.166473
0.163372
0.157737
0.158209
0.160178
0.157685
0.160766
0.158749
0.159142
0.163792
0.149398
0.150449
0.157578
0.156948
0.157798
0.156521
0.156996
0.156661
0.157284
0.155310
0.157019
0.156615
0.156564
0.155315
0.155675
0.156325
0.156587
0.159341
0.159964
0.159322
0.160082
0.160346
0.160705
0.161168
0.163042
0.162841
0.162263
0.162479
0.161733
0.159754
0.161080
0.158933
0.159203
0.159658
0.159871
0.160066
0.161408
0.161240
0.162683
0.162597
0.164634
0.166110
0.164194
0.165125
0.163876
0.163274
0.163305
0.156238
0.161100
0.160764
0.162169
0.167159
0.162741
0.160202
0.160092
0.154996
0.153212
0.151455
0.150234
0.169196
0.171823
0.166442
0.169776
0.169425
0.170071
0.170606
0.166665
0.164234
0.164641
0.163347
0.163092
0.163344
0.163417
0.164253
0.164339
0.167364
0.169215
0.162627
0.157200
0.157303
0.159237
0.161152
0.156681
0.161586
0.161295
0.163319
0.174187
0.162922
0.161832
0.157164
0.161486
0.162145
0.158645
0.169639
0.172059
0.167112
0.163288
0.165181
0.166405
0.166634
0.165123
0.167285
0.167159
0.167834
0.169182
0.171350
0.166068
0.165645
0.165363
0.160071
0.160719
0.166621
0.167138
0.166180
0.158192
0.161874
0.158429
0.157552
0.157144
0.156441
0.157428
0.158847
0.172153
0.171224
0.171656
0.172914
0.170602
0.170858
0.158714
0.156816
0.156722
0.160796
0.159086
0.161826
0.160028
0.158220
0.157953
0.156956
0.158061
0.157280
0.157134
0.163841
0.157654
0.157953
0.160180
0.171980
0.161043
0.171449
0.170866
0.158929
0.170523
0.166012
0.170698
0.172379
0.167474
0.167786
0.171020
0.169259
0.170838
0.170909
0.171260
0.166961
0.170658
0.170695
0.170887
0.170810
0.170618
0.170351
0.169939
0.170029
0.169781
0.169876
0.170028
0.166121
0.170827
0.168267
0.167964
0.166831
0.169005
0.168771
0.169250
0.169478
0.169160
0.167135
0.166709
0.165535
0.167728
0.165594
0.165106
0.165399
0.164816
0.168372
0.167416
0.167766
0.164860
0.165009
0.165949
0.166268
0.160215
0.160448
0.159907
0.158876
0.158051
0.159112
0.161906
0.161989
0.161649
0.162211
0.161799
0.163752
0.162119
0.161748
0.162562
0.162132
0.163690
0.162860
0.162767
0.160710
0.162711
0.163377
0.163146
0.163085
0.162848
0.162646
0.163894
0.166239
0.163432
0.163640
0.163230
0.165119
0.165161
0.165475
0.165455
0.166153
0.164916
0.166030
0.166313
0.166352
0.164504
0.164447
0.164963
0.167724
0.163845
0.164165
0.163393
0.162500
0.156893
0.159288
0.159283
0.160407
0.165220
0.164625
0.165723
0.164556
0.164611
0.164264
0.160490
0.164222
0.164519
0.161630
0.160862
0.160217
0.160480
0.161475
0.161110
0.160397
0.161482
0.161273
0.161024
0.161601
0.162135
0.162527
0.162256
0.161991
0.162145
0.162186
0.161935
0.160953
0.161456
0.157603
0.157762
0.157727
0.160058
0.158652
0.160431
0.158001
0.155703
0.157910
0.157168
0.154792
0.157056
0.157392
0.156286
0.156969
0.154599
0.156677
0.154480
0.153135
0.152979
0.153978
0.155998
0.157696
0.155226
0.154922
0.157224
0.157142
0.157081
0.155444
0.155962
0.155943
0.156662
0.155996
0.158324
0.155762
0.153847
0.155861
0.155805
0.152960
0.152932
0.154010
0.154174
0.156519
0.157777
0.158494
0.158026
0.154552
0.154221
0.154361
0.153749
0.154358
0.155184
0.154957
0.155386
0.155178
0.154479
0.155461
0.154837
0.155110
0.154752
0.153981
0.155791
0.155962
0.155681
0.155570
0.155274
0.156296
0.156081
0.156791
0.156928
0.156316
0.156385
0.156118
0.156388
0.156033
0.154809
0.155521
0.156476
0.156137
0.157032
0.155939
0.156429
0.155434
0.155429
0.155494
0.155374
0.154362
0.154498
0.152791
0.153965
0.154121
0.153910
0.153455
0.153034
0.152705
0.151820
0.154863
0.152140
0.152276
0.159858
0.160365
0.156350
0.155180
0.161422
0.155853
0.149703
0.149874
0.152713
0.153051
0.153411
0.161314
0.159528
0.160245
0.161234
0.157551
0.161626
0.166487
0.167986
0.166035
0.166048
0.164716
0.164763
0.160555
0.164769
0.156799
0.158184
0.167550
0.165528
0.168467
0.165401
0.166567
0.167711
0.164091
0.160911
0.166006
0.164957
0.160102
0.157633
0.163278
0.163206
0.162508
0.162010
0.159653
0.161554
0.162143
0.162831
0.161437
0.160601
0.159271
0.157000
0.158393
0.157895
0.156700
0.154905
0.158076
0.164257
0.154619
0.154412
0.165672
0.162886
0.166122
0.167149
0.167196
0.167153
0.165852
0.166761
0.165622
0.165714
0.165766
0.165464
0.165988
0.166280
0.166160
0.166553
0.165516
0.165534
0.165190
0.164680
0.164580
0.165413
0.163614
0.165528
0.166158
0.166354
0.164664
0.166229
0.166099
0.164706
0.164530
0.164140
0.164517
0.165845
0.165456
0.165121
0.162312
0.163586
0.160238
0.160757
0.160467
0.160720
0.160625
0.161042
0.163179
0.165146
0.165375
0.164976
0.165072
0.163900
0.166957
0.167085
0.166596
0.166696
0.165506
0.160743
0.161138
0.164225
0.156609
0.167221
0.169098
0.169387
0.171572
0.168791
0.167729
0.158379
0.159556
0.158770
0.159676
0.152547
0.159199
0.159573
0.161896
0.162189
0.163437
0.162354
0.163959
0.162694
0.161595
0.162947
0.162173
0.161253
0.163253
0.164428
0.162898
0.163925
0.164435
0.164642
0.165068
0.166952
0.163975
0.165953
0.163425
0.170315
0.163766
0.162028
0.164430
0.162815
0.161817
0.161821
0.171909
0.172425
0.164337
0.166565
0.162726
0.162509
0.163378
0.162156
0.162344
0.166966
0.174553
0.166423
0.167212
0.164024
0.165768
0.166144
0.162763
0.165300
0.167818
0.165779
0.172720
0.143438
0.143884
0.143513
0.168239
0.178235
0.178177
0.173367
0.169147
0.173378
0.171399
0.176145
0.172465
0.169747
0.170281
0.175332
0.173975
0.173824
0.170925
0.171425
0.171896
0.166834
0.166297
0.160674
0.164574
0.166538
0.163664
0.165544
0.166555
0.166197
0.164873
0.166379
0.167101
0.167676
0.167569
0.165576
0.164214
0.163413
0.163201
0.159710
0.159187
0.160269
0.158004
0.159012
0.155209
0.156092
0.160004
0.159848
0.159397
0.158451
0.157695
0.157393
0.159132
0.158930
0.159035
0.158954
0.157869
0.158078
0.160430
0.159957
0.159722
0.159353
0.159079
0.156617
0.159877
0.159539
0.158872
0.159026
0.157014
0.156396
0.159071
0.159361
0.158964
0.158467
0.152814
0.151514
0.152711
0.152293
0.152406
0.152612
0.152422
0.147596
0.151138
0.148437
0.148762
0.149109
0.149098
0.148052
0.149209
0.087451
0.087284
0.084031
0.141057
0.150034
0.151812
0.160384
0.159778
0.161560
0.163469
0.159146
0.163036
0.163225
0.162644
0.157178
0.158540
0.159729
0.162802
0.154514
0.151856
0.152877
0.153393
0.154344
0.153216
0.152383
0.152422
0.152573
0.151310
0.152685
0.160301
0.159655
0.157018
0.154457
0.158170
0.161235
0.158384
0.157884
0.152904
0.152626
0.152729
0.159007
0.157227
0.157398
0.159830
0.159167
0.153274
0.153587
0.153590
0.154216
0.153385
0.153664
0.153306
0.157572
0.159591
0.160048
0.157633
0.157317
0.159906
0.159454
0.158064
0.159253
0.160009
0.159485
0.159993
0.157924
0.160528
0.159889
0.159950
0.160129
0.157662
0.160159
0.157952
0.159778
0.158183
0.158643
0.158938
0.158235
0.158640
0.158307
0.159313
0.158643
0.159404
0.159438
0.158847
0.158779
0.158817
0.158559
0.158890
0.159709
0.159283
0.158134
0.154174
0.154559
0.153659
0.153581
0.154247
0.154429
0.154292
0.153147
0.158829
0.159051
0.158237
0.158473
0.158367
0.157406
0.158377
0.158709
0.158269
0.158738
0.160093
0.160252
0.157993
0.157915
0.158132
0.157950
0.158169
0.160134
0.158499
0.162139
0.159893
0.161468
0.161346
0.159325
0.161252
0.161249
0.161233
0.161412
0.161314
0.161226
0.160304
0.156333
0.159308
0.151936
0.158664
0.160197
0.157695
0.157949
0.157503
0.157777
0.160018
0.158416
0.156912
0.156760
0.157227
0.155988
0.156791
0.156173
0.156259
0.155255
0.154632
0.154474
0.154628
0.154196
0.150681
0.150961
0.155519
0.155600
0.156141
0.156598
0.155700
0.155394
0.155021
0.155918
0.151583
0.155026
0.157868
0.160386
0.161772
0.163327
0.166175
0.168790
0.168061
0.169968
0.170656
0.171026
0.170504
0.168919
0.167613
0.166821
0.167218
0.165051
0.164213
0.163971
0.163011
0.163008
0.163790
0.163767
0.164022
0.163337
0.163542
0.163112
0.163022
0.163047
0.163527
0.162837
0.162732
0.163412
0.162771
0.163065
0.162792
0.162956
0.162789
0.162890
0.162760
0.162929
0.163361
0.162861
0.162859
0.163262
0.162962
0.162865
0.163226
0.162564
0.162532
0.162925
0.162306
0.162447
0.162519
0.162222
0.162448
0.160932
0.160954
0.161340
0.161532
0.161624
0.161473
0.160976
0.160896
0.161212
0.161282
0.161654
0.161035
0.161354
0.161630
0.161720
0.161068
0.161524
0.161921
0.161786
0.161791
0.162379
0.160465
0.162536
0.162656
0.162239
0.162895
0.159878
0.160542
0.160415
0.160773
0.160584
0.161373
0.161021
0.163248
0.164084
0.164063
0.163739
0.163657
0.163271
0.162205
0.162380
0.161360
0.161233
0.161202
0.162926
0.163754
0.163007
0.162508
0.164553
0.161031
0.160034
0.163159
0.163846
0.162816
0.164324
0.161581
0.163065
0.165013
0.165869
0.165702
0.165384
0.164879
0.161630
0.165019
0.164522
0.164888
0.165294
0.164887
0.164320
0.164571
0.164861
0.164337
0.164170
0.164945
0.164256
0.164523
0.162190
0.164004
0.160559
0.160443
0.161445
0.161406
0.161627
0.160985
0.150930
0.161211
0.147039
0.160105
0.161702
0.154447
0.150297
0.151028
0.150663
0.156313
0.155042
0.154896
0.154695
0.153555
0.153213
0.154285
0.153941
0.153961
0.155985
0.155931
0.154708
0.155232
0.155986
0.154980
0.155224
0.155202
0.156478
0.155084
0.157737
0.156070
0.157027
0.156686
0.160191
0.158535
0.166933
0.161373
0.158871
0.161444
0.160294
0.162330
0.162619
0.163028
0.168821
0.170170
0.169442
0.166932
0.167401
0.167393
0.165275
0.167112
0.166212
0.167062
0.167618
0.167258
0.168357
0.167151
0.169950
0.170104
0.170402
0.169682
0.168457
0.168827
0.168815
0.167980
0.167018
0.167578
0.167912
0.168081
0.167170
0.167130
0.166735
0.166067
0.165184
0.165030
0.164042
0.167753
0.165990
0.165548
0.162419
0.161376
0.162071
0.167415
0.165665
0.164851
0.159232
0.165802
0.165339
0.164806
0.159230
0.164165
0.163728
0.164097
0.164873
0.164223
0.163482
0.162926
0.162688
0.164005
0.164004
0.163871
0.162365
0.162198
0.162043
0.162168
0.161718
0.161704
0.163460
0.162865
0.163118
0.163323
0.163136
0.162983
0.162775
0.163203
0.163455
0.163657
0.163931
0.164021
0.164388
0.164398
0.164033
0.163713
0.163523
0.163828
0.163190
0.162638
0.163429
0.161996
0.163049
0.162458
0.162069
0.162222
0.162829
0.162917
0.162699
0.162843
0.162002
0.162801
0.163282
0.163336
0.163513
0.163270
0.163617
0.162995
0.162511
0.161908
0.162724
0.162908
0.162270
0.162209
0.162079
0.162033
0.161755
0.161639
0.161866
0.162001
0.161597
0.162161
0.162144
0.162976
0.163696
0.162484
0.163011
0.162155
0.162065
0.162431
0.163675
0.163324
0.164172
0.164327
0.163047
0.162744
0.161536
0.162007
0.162433
0.162757
0.161667
0.161893
0.163486
0.163508
0.164336
0.164371
0.164079
0.164294
0.165335
0.164837
0.165452
0.167738
0.167956
0.166389
0.166004
0.167690
0.166337
0.165368
0.164116
0.160848
0.157112
0.157346
0.154400
0.155754
0.154279
0.154907
0.152725
0.156415
0.155894
0.156448
0.157390
0.156216
0.157546
0.155814
0.157688
0.157592
0.158182
0.156413
0.156785
0.155272
0.158415
0.158264
0.157218
0.157114
0.155524
0.155289
0.154210
0.155781
0.157204
0.157860
0.157059
0.159024
0.158749
0.151268
0.159057
0.154830
0.158878
0.153541
0.153530
0.156688
0.156838
0.157125
0.156704
0.154597
0.156355
0.152829
0.156544
0.156089
0.156391
0.156593
0.156775
0.156692
0.156862
0.157307
0.156949
0.156897
0.157305
0.156756
0.156734
0.156648
0.156837
0.156931
0.156908
0.157018
0.156831
0.157738
0.157574
0.156951
0.157038
0.157335
0.157596
0.157480
0.157819
0.157405
0.157317
0.157482
0.157431
0.157557
0.157476
0.156238
0.155606
0.156471
0.158430
0.155894
0.155848
0.157438
0.157106
0.157145
0.157012
0.157585
0.157506
0.157719
0.157372
0.157712
0.157656
0.157886
0.157797
0.158073
0.157956
0.157844
0.157695
0.157596
0.145900
0.158368
0.158469
0.158448
0.148349
0.148540
0.158359
0.158040
0.157983
0.150383
0.149887
0.150131
0.146972
0.147081
0.149036
0.157035
0.157051
0.157096
0.156954
0.155311
0.156886
0.155928
0.157160
0.158282
0.147920
0.148488
0.149605
0.156653
0.155940
0.152626
0.151675
0.150405
0.151451
0.155260
0.152821
0.152991
0.153022
0.150057
0.152350
0.149132
0.149701
0.149589
0.149430
0.148997
0.148558
0.149759
0.154569
0.153951
0.153765
0.154034
0.149946
0.148779
0.149901
0.149845
0.149885
0.150602
0.149751
0.153409
0.149976
0.154367
0.154823
0.154349
0.155976
0.155789
0.156130
0.155874
0.156379
0.156090
0.156656
0.156281
0.156208
0.155645
0.155337
0.155075
0.155428
0.154285
0.153681
0.153796
0.154955
0.155180
0.153087
0.152994
0.152010
0.151812
0.148715
0.148632
0.148941
0.148589
0.148878
0.149036
0.148626
0.149064
0.148733
0.151851
0.153153
0.151591
0.151882
0.152289
0.153930
0.154257
0.154762
0.154861
0.155162
0.154848
0.155541
0.155706
0.155791
0.157446
0.157253
0.157787
0.157685
0.159180
0.157987
0.159711
0.158909
0.155859
0.156830
0.156105
0.158154
0.158645
0.159679
0.157350
0.157704
0.158555
0.156730
0.158653
0.156888
0.156477
0.156378
0.156337
0.156273
0.158905
0.159927
0.159933
0.160133
0.159618
0.159255
0.160077
0.160662
0.159917
0.160644
0.160545
0.160826
0.160259
0.159814
0.159704
0.160564
0.160464
0.161991
0.160102
0.160460
0.160424
0.161938
0.160275
0.160528
0.157650
0.160205
0.162088
0.160205
0.158212
0.162819
0.160250
0.162731
0.162400
0.162043
0.162182
0.162235
0.162207
0.161994
0.150067
0.149645
0.149893
0.149990
0.148991
0.148670
0.148530
0.093280
0.143352
0.149420
0.155689
0.156383
0.159847
0.160243
0.159907
0.160819
0.159356
0.160666
0.160898
0.160197
0.160081
0.159761
0.160680
0.160790
0.160610
0.159196
0.153055
0.153000
0.151049
0.152936
0.152799
0.153106
0.154101
0.151048
0.154071
0.153756
0.153536
0.153404
0.151176
0.154344
0.152027
0.153292
0.153524
0.153930
0.158138
0.158535
0.159244
0.158075
0.158853
0.157670
0.158433
0.158489
0.158669
0.158512
0.158940
0.156182
0.155037
0.159137
0.159013
0.159203
0.159107
0.159084
0.158886
0.158732
0.158490
0.089788
0.098670
0.099760
0.089659
0.100365
0.095565
0.102640
0.111863
0.114844
0.110448
0.154871
0.158771
0.155756
0.158310
0.158241
0.088623
0.091874
0.113589
0.090807
0.091516
0.113518
0.114583
0.105296
0.099749
0.104599
0.108673
0.118144
0.117537
0.158770
0.118148
0.117144
0.103301
0.104873
0.105463
0.100216
0.110895
0.110429
0.112877
0.111944
0.110084
0.121009
0.122548
0.122142
0.122347
0.122723
0.161128
0.160977
0.123525
0.125358
0.121955
0.151585
0.089821
0.092925
0.088252
0.121336
0.125252
0.101407
0.121008
0.121352
0.120402
0.117525
0.103847
0.099050
0.106892
0.107698
0.103421
0.106525
0.101776
0.098258
0.099103
0.103001
0.102545
0.104238
0.089928
0.116331
0.088555
0.088952
0.090378
0.089413
0.089901
0.089935
0.089374
0.089923
0.089547
0.089703
0.089258
0.090058
0.089797
0.090458
0.122120
0.122650
0.116850
0.116811
0.122755
0.102557
0.102498
0.103212
0.102144
0.103573
0.159413
0.159156
0.159087
0.158387
0.159280
0.159081
0.160032
0.159840
0.159134
0.154952
0.084209
0.084054
0.084352
0.083406
0.083752
0.083465
0.085307
0.086351
0.085706
0.088896
0.089125
0.089458
0.090441
0.090541
0.155734
0.156539
0.156225
0.156040
0.156141
0.157101
0.158896
0.158762
0.159612
0.158431
0.159767
0.160256
0.160256
0.158486
0.159870
0.159863
0.160048
0.160107
0.080957
0.160733
0.081802
0.082319
0.082598
0.160819
0.161001
0.161056
0.162139
0.162181
0.161225
0.082502
0.162774
0.090908
0.081558
0.081556
0.081036
0.082434
0.090210
0.081661
0.081725
0.080955
0.080899
0.085583
0.082100
0.083154
0.082427
0.082288
0.160530
0.160648
0.160411
0.160348
0.160108
0.160225
0.160627
0.160456
0.079893
0.080172
0.080646
0.081483
0.082788
0.083581
0.160244
0.160765
0.160123
0.161585
0.162085
0.161882
0.160753
0.161153
0.159088
0.159044
0.159838
0.160860
0.162599
0.160855
0.158366
0.165459
0.159824
0.159661
0.163872
0.154857
0.164236
0.164932
0.164795
0.164905
0.092553
0.101808
0.099991
0.095953
0.095940
0.095704
0.102652
0.101086
0.102387
0.100638
0.103108
0.100327
0.100169
0.098224
0.098000
0.097794
0.097830
0.095103
0.095097
0.095270
0.083121
0.083086
0.082565
0.083048
0.082196
0.083449
0.083383
0.097426
0.162848
0.163390
0.162107
0.162343
0.162620
0.162871
0.162537
0.162856
0.161824
0.161929
0.103537
0.161148
0.159732
0.163112
0.162241
0.162447
0.162201
0.161886
0.161773
0.162715
0.162248
0.162224
0.160679
0.160750
0.160334
0.160930
0.160795
0.163341
0.163642
0.158226
0.156424
0.085407
0.157238
0.083731
0.084569
0.084082
0.082910
0.082665
0.082294
0.082450
0.082656
0.085183
0.085117
0.083420
0.086465
0.086536
0.087127
0.086974
0.087280
0.154567
0.154481
0.154859
0.154725
0.150750
0.148721
0.152843
0.159248
0.157774
0.159344
0.157971
0.155472
0.157392
0.157356
0.156787
0.158472
0.158553
0.157802
0.157955
0.158554
0.158720
0.158854
0.157119
0.159354
0.159057
0.159479
0.158977
0.159144
0.154910
0.155047
0.155123
0.155125
0.154915
0.155182
0.155122
0.155465
0.154444
0.156906
0.155402
0.155681
0.153922
0.154596
0.154457
0.084846
0.157244
0.157131
0.156887
0.085873
0.153903
0.156021
0.156688
0.158960
0.155839
0.158304
0.157969
0.158206
0.158359
0.158291
0.157278
0.158404
0.157627
0.157765
0.157631
0.157785
0.157589
0.156663
0.156915
0.157339
0.157495
0.157481
0.157289
0.156967
0.157224
0.157269
0.158252
0.157389
0.157549
0.157603
0.161918
0.163687
0.122452
0.158211
0.159141
0.158061
0.157827
0.157699
0.157698
0.159546
0.158028
0.157558
0.158366
0.157755
0.157742
0.158077
0.158138
0.158371
0.158296
0.157649
0.157618
0.157597
0.156530
0.156748
0.156390
0.155127
0.154857
0.154279
0.157096
0.154705
0.156845
0.156766
0.156306
0.156655
0.156842
0.156817
0.155555
0.156797
0.156828
0.157575
0.157193
0.157181
0.157296
0.157831
0.157740
0.157490
0.162883
0.157718
0.156255
0.162886
0.158019
0.160403
0.164744
0.164610
0.164884
0.118904
0.118020
0.118222
0.108777
0.118233
0.118028
0.114976
0.113785
0.118121
0.114705
0.117454
0.119157
0.114919
0.114830
0.114827
0.114825
0.115030
0.098882
0.100280
0.098813
0.101111
0.161556
0.161392
0.161703
0.161951
0.161810
0.161188
0.160961
0.161147
0.161306
0.161865
0.158308
0.158602
0.158023
0.158261
0.161134
0.160189
0.161120
0.163990
0.161138
0.160056
0.161034
0.160955
0.159784
0.160311
0.159606
0.159881
0.159630
0.159365
0.158152
0.159948
0.159731
0.159394
0.161446
0.161198
0.160546
0.156181
0.156831
0.159615
0.159764
0.159507
0.160260
0.159688
0.157416
0.159328
0.158115
0.159848
0.156525
0.156458
0.158873
0.158951
0.158467
0.159156
0.157034
0.156982
0.156863
0.156880
0.156720
0.158893
0.159036
0.158849
0.174735
0.175431
0.176040
0.174815
0.175498
0.175899
0.177256
0.177396
0.182984
0.176769
0.175650
0.175359
0.174162
0.174003
0.174610
0.176218
0.198938
0.181177
0.181310
0.174917
0.182829
0.180025
0.197230
0.184299
0.203274
0.194122
0.202698
0.203934
0.202399
0.203954
0.205808
0.201390
0.210047
0.200911
0.179085
0.179739
0.179081
0.180321
0.181051
0.177547
0.177232
0.176200
0.176765
0.177538
0.181109
0.183751
0.177939
0.178561
0.177760
0.179643
0.179008
0.177423
0.180989
0.178459
0.178035
0.177198
0.204748
0.205799
0.179497
0.179507
0.200812
0.200084
0.178568
0.182821
0.180375
0.178991
0.177565
0.178080
0.177966
0.181080
0.181272
0.197342
0.179807
0.178086
0.178113
0.178158
0.177866
0.177799
0.178863
0.180768
0.177848
0.174247
0.177743
0.176923
0.179848
0.176196
0.177166
0.177687
0.177338
0.181486
0.179956
0.179417
0.182280
0.180335
0.182059
0.179984
0.181771
0.180166
0.182551
0.181984
0.180718
0.182602
0.182478
0.182604
0.182391
0.199896
0.184631
0.181946
0.201151
0.201562
0.202473
0.181772
0.198597
0.199686
0.198165
0.197373
0.181355
0.181532
0.174486
0.172663
0.178364
0.175617
0.175898
0.174836
0.175149
0.174268
0.192188
0.175779
0.174393
0.175325
0.179165
0.195048
0.201526
0.201804
0.174176
0.175428
0.173968
0.176451
0.180866
0.186913
0.199250
0.204761
0.201296
0.176450
0.202731
0.201936
0.171405
0.205010
0.205286
0.199009
0.198426
0.200303
0.201181
0.200931
0.200541
0.204539
0.202467
0.172937
0.158833
0.160552
0.160500
0.156044
0.159644
0.157065
0.157638
0.157162
0.157572
0.156107
0.156672
0.154831
0.155531
0.156936
0.155715
0.159516
0.158770
0.155232
0.154760
0.156248
0.158366
0.158844
0.157181
0.157491
0.156957
0.156007
0.159766
0.160658
0.158256
0.150780
0.154511
0.150710
0.149420
0.157498
0.157337
0.159627
0.161001
0.156706
0.156531
0.155634
0.156153
0.154857
0.154245
0.162094
0.161384
0.161661
0.162005
0.158313
0.161990
0.162012
0.159270
0.160386
0.159900
0.161142
0.159342
0.159863
0.159274
0.160409
0.160678
0.160178
0.161349
0.159872
0.159886
0.159162
0.157056
0.157185
0.161181
0.161938
0.161067
0.161916
0.159536
0.157873
0.159467
0.160519
0.159610
0.159829
0.159023
0.160016
0.160056
0.160216
0.159688
0.156922
0.153529
0.152656
0.153740
0.153576
0.153502
0.153936
0.153726
0.157621
0.158103
0.158321
0.158259
0.158469
0.157837
0.158850
0.158293
0.158769
0.158401
0.158570
0.158745
0.158896
0.159327
0.159177
0.159691
0.157788
0.156725
0.157423
0.159198
0.159818
0.159998
0.157974
0.158781
0.159005
0.157331
0.158889
0.161200
0.161034
0.160400
0.160844
0.158756
0.161032
0.160753
0.161941
0.162566
0.162959
0.163095
0.161804
0.161220
0.163036
0.161444
0.163595
0.163997
0.164571
0.164815
0.163827
0.161568
0.157376
0.163035
0.165380
0.165134
0.165994
0.167908
0.164682
0.162157
0.159046
0.159587
0.159503
0.161680
0.161906
0.159181
0.158603
0.159430
0.162618
0.163102
0.162735
0.161356
0.159389
0.159568
0.159602
0.160295
0.159576
0.158219
0.158138
0.159308
0.157379
0.156905
0.158561
0.159154
0.158758
0.157948
0.158248
0.155875
0.156660
0.156960
0.155878
0.155457
0.155539
0.155405
0.156539
0.151007
0.150190
0.151534
0.151711
0.152117
0.154027
0.154153
0.152942
0.152132
0.159186
0.158845
0.153988
0.156652
0.156150
0.156304
0.157369
0.155978
0.156392
0.151465
0.151228
0.151422
0.153951
0.153558
0.154412
0.156430
0.156272
0.155953
0.156218
0.153535
0.153550
0.154518
0.153696
0.154079
0.152922
0.155228
0.155942
0.155763
0.156152
0.155242
0.157606
0.156373
0.156179
0.156447
0.155109
0.157280
0.156769
0.157521
0.158819
0.163759
0.150172
0.168057
0.167992
0.164272
0.161521
0.172807
0.168723
0.169595
0.170828
0.173884
0.173247
0.172982
0.173598
0.174619
0.169153
0.175119
0.178753
0.176309
0.180664
0.166291
0.162000
0.174672
0.170972
0.172471
0.176384
0.175606
0.182702
0.179775
0.187372
0.193209
0.187811
0.199733
0.193595
0.194368
0.188034
0.187876
0.186508
0.186328
0.193104
0.192263
0.190301
0.191691
0.193069
0.191041
0.191245
0.193386
0.192565
0.193117
0.192351
0.190812
0.188344
0.193241
0.189587
0.193059
0.191557
0.192617
0.192773
0.192257
0.196286
0.171227
0.170904
0.174788
0.174156
0.173713
0.177498
0.176585
0.176101
0.176195
0.172644
0.173193
0.172122
0.171305
0.171164
0.172016
0.171842
0.169960
0.169591
0.169748
0.169789
0.170145
0.190855
0.192140
0.173513
0.172419
0.170297
0.170441
0.172399
0.171967
0.193616
0.171818
0.169961
0.170450
0.208031
0.203611
0.170534
0.176416
0.172835
0.176100
0.176951
0.195649
0.193690
0.180080
0.180461
0.193540
0.197047
0.196880
0.196244
0.194031
0.200125
0.197743
0.200071
0.194654
0.193950
0.195196
0.193110
0.193825
0.162960
0.167690
0.167178
0.170585
0.171915
0.170894
0.168846
0.162297
0.159288
0.160450
0.162497
0.166094
0.168330
0.166910
0.168538
0.170004
0.171106
0.171696
0.174746
0.168797
0.168972
0.169700
0.172220
0.178704
0.171389
0.171573
0.180392
0.191000
0.193623
0.187359
0.192718
0.188395
0.196078
0.196271
0.201767
0.201424
0.200359
0.207498
0.200686
0.195734
0.196379
0.196778
0.203093
0.198891
0.201852
0.202306
0.202281
0.199536
0.199803
0.173934
0.166421
0.166655
0.164912
0.167657
0.170152
0.172810
0.134860
0.141181
0.147762
0.123867
0.143352
0.144136
0.154266
0.184302
0.184743
0.183409
0.177840
0.178653
0.179117
0.178866
0.177618
0.179322
0.183831
0.186104
0.185492
0.186198
0.184880
0.185399
0.182811
0.183744
0.132292
0.113112
0.124628
0.135036
0.107659
0.143815
0.143345
0.112608
0.140755
0.140864
0.160582
0.184014
0.185248
0.183689
0.185405
0.187619
0.192441
0.175202
0.175171
0.172197
0.174885
0.175011
0.174778
0.175519
0.174794
0.174944
0.185681
0.176139
0.176427
0.175750
0.161045
0.160509
0.163612
0.164654
0.164542
0.165363
0.165347
0.153771
0.159964
0.158879
0.159699
0.155893
0.155544
0.155021
0.156328
0.156007
0.182153
0.173696
0.170030
0.169734
0.170057
0.176259
0.173526
0.170696
0.170477
0.170225
0.168130
0.152859
0.167432
0.174656
0.163388
0.157226
0.160927
0.141791
0.135868
0.138222
0.130324
0.126107
0.127123
0.138570
0.140684
0.145688
0.149455
0.150633
0.151182
0.141960
0.148560
0.148618
0.142988
0.141844
0.154872
0.154735
0.150653
0.149237
0.143240
0.143609
0.147226
0.145836
0.147442
0.154828
0.153026
0.153257
0.151172
0.153874
0.153901
0.155396
0.144867
0.144207
0.142832
0.143091
0.144761
0.144505
0.142567
0.142994
0.143021
0.142769
0.142838
0.147140
0.143966
0.149337
0.144207
0.145002
0.146868
0.147491
0.151227
0.151450
0.150617
0.144849
0.144172
0.142574
0.143767
0.139791
0.140118
0.137115
0.143399
0.141713
0.140839
0.142772
0.143577
0.143614
0.144312
0.142247
0.141930
0.141296
0.139352
0.139096
0.141535
0.139587
0.143906
0.142136
0.140756
0.143438
0.143870
0.143320
0.141837
0.144067
0.146019
0.145693
0.145484
0.145611
0.148906
0.145667
0.147089
0.147151
0.139845
0.144614
0.142492
0.142647
0.142270
0.147702
0.150227
0.143692
0.141866
0.146437
0.144859
0.144682
0.142320
0.146143
0.144329
0.144018
0.145689
0.148531
0.144277
0.141282
0.142297
0.142514
0.154170
0.154268
0.153528
0.151749
0.150031
0.147622
0.144948
0.141312
0.144237
0.144806
0.145650
0.142335
0.141539
0.143750
0.146468
0.140870
0.145393
0.144880
0.145987
0.153127
0.152060
0.156882
0.153766
0.154205
0.152955
0.151222
0.144587
0.147318
0.156439
0.156889
0.152814
0.154278
0.153642
0.155734
0.151640
0.154726
0.155488
0.157667
0.157007
0.153326
0.152874
0.155074
0.152964
0.156899
0.150677
0.153142
0.152109
0.152504
0.156369
0.156464
0.152532
0.152489
0.151470
0.160979
0.169415
0.176285
0.186735
0.202979
0.219543
0.241130
0.265339
0.291943
