0.003149
0.003173
0.003146
0.003075
0.003055
0.003000
0.002991
0.002793
0.002784
0.002946
0.002966
0.003029
0.003097
0.003075
0.003174
0.003646
0.003580
0.003703
0.003819
0.003945
0.003890
0.003643
0.003530
0.003579
0.003435
0.003447
0.003488
0.003492
0.003398
0.003393
0.003255
0.003152
0.003010
0.003006
0.003108
0.003161
0.003257
0.003465
0.003496
0.003567
0.003692
0.003743
0.003775
0.003790
0.003791
0.003808
0.003819
0.003799
0.003699
0.003684
0.003581
0.003534
0.003456
0.003277
0.003235
0.003221
0.003096
0.003165
0.002989
0.003017
0.003105
0.003110
0.003114
0.003167
0.003126
0.003215
0.003375
0.003620
0.004111
0.004162
0.004386
0.004309
0.004355
0.004494
0.004722
0.005008
0.004927
0.004859
0.004747
0.004726
0.004642
0.004606
0.004544
0.004463
0.004555
0.004531
0.004530
0.004548
0.004590
0.004625
0.004679
0.004687
0.004696
0.004538
0.004591
0.004616
0.004640
0.004694
0.004736
0.004579
0.004459
0.004389
0.004321
0.004240
0.004168
0.004096
0.004141
0.004159
0.004179
0.004194
0.004249
0.004334
0.003925
0.003916
0.003902
0.003932
0.003811
0.003642
0.003525
0.003407
0.003322
0.003314
0.003445
0.003612
0.003786
0.003600
0.003629
0.003510
0.003478
0.003707
0.003322
0.002978
0.002791
0.002754
0.002845
0.002902
0.002793
0.002835
0.002909
0.002921
0.003020
0.003074
0.003008
0.002973
0.002965
0.002992
0.002999
0.003011
0.003022
0.003021
0.003029
0.003018
0.003030
0.003046
0.003062
0.003120
0.003114
0.003142
0.003144
0.003101
0.003086
0.003055
0.003026
0.003002
0.003018
0.003006
0.003000
0.003005
0.003029
0.003066
0.003088
0.003114
0.003046
0.003054
0.003009
0.002948
0.002926
0.002849
0.002810
0.002891
0.002773
0.002801
0.002862
0.002789
0.002639
0.002603
0.002160
0.002189
0.002221
0.002207
0.002161
0.002158
0.002145
0.002071
0.001990
0.001932
0.001912
0.001853
0.001843
0.001793
0.001757
0.001668
0.001582
0.001583
0.001560
0.001626
0.001645
0.001633
0.001715
0.001809
0.001876
0.001990
0.002114
0.002223
0.002253
0.002374
0.002375
0.002336
0.002282
0.002227
0.002174
0.002133
0.002085
0.002049
0.002020
0.002033
0.002034
0.002047
0.002054
0.002106
0.002127
0.002131
0.002140
0.002143
0.002120
0.002079
0.002061
0.002022
0.002023
0.002048
0.002056
0.002096
0.002166
0.002254
0.002360
0.002488
0.002497
0.002585
0.002675
0.002744
0.002771
0.002680
0.002661
0.002369
0.002259
0.002179
0.002086
0.002016
0.001944
0.001924
0.001825
0.001792
0.001788
0.001826
0.001866
0.001984
0.002203
0.002442
0.003217
0.003208
0.002993
0.002862
0.002805
0.002761
0.002638
0.002611
0.002608
0.002648
0.002772
0.002911
0.003060
0.003257
0.002951
0.002648
0.002702
0.002886
0.002940
0.002191
0.002016
0.001997
0.002056
0.002142
0.002263
0.002739
0.003262
0.003220
0.003277
0.003193
0.003128
0.003082
0.003017
0.002991
0.003019
0.003013
0.003025
0.002982
0.003003
0.002978
0.003004
0.003052
0.003102
0.003171
0.003198
0.003165
0.003117
0.003037
0.003025
0.003020
0.003013
0.002990
0.003054
0.002359
0.002427
0.002435
0.002272
0.002169
0.002088
0.002145
0.002037
0.002037
0.001741
0.001770
0.001733
0.001738
0.001849
0.002033
0.002182
0.002267
0.002337
0.002689
0.002738
0.002665
0.002556
0.002468
0.002510
0.002543
0.002646
0.002711
0.002215
0.002042
0.001943
0.002359
0.003120
0.002804
0.004109
0.003909
0.004363
0.004412
0.004784
0.004747
0.004910
0.004937
0.004852
0.004737
0.004431
0.004318
0.004292
0.004630
0.004967
0.004918
0.004954
0.004448
0.004327
0.004093
0.004139
0.004372
0.004051
0.003698
0.003467
0.003306
0.003459
0.002989
0.002922
0.002657
0.002703
0.002311
0.002133
0.002224
0.002077
0.002014
0.002206
0.002294
0.002376
0.002447
0.003028
0.003024
0.002989
0.002964
0.003086
0.003113
0.003233
0.003259
0.003347
0.003290
0.003243
0.003256
0.003299
0.003272
0.003195
0.003120
0.003025
0.003059
0.003202
0.003135
0.003079
0.003136
0.003186
0.003064
0.003075
0.003164
0.003070
0.003112
0.003055
0.003051
0.003107
0.003164
0.003104
0.003093
0.003145
0.003147
0.003319
0.003326
0.003334
0.003302
0.003176
0.003116
0.003136
0.003221
0.003426
0.003258
0.003073
0.002891
0.002813
0.002788
0.002832
0.002828
0.002876
0.003102
0.003213
0.003395
0.003415
0.003547
0.003687
0.003591
0.003598
0.003534
0.003521
0.003526
0.003519
0.003296
0.003304
0.003483
0.003245
0.003274
0.003187
0.003123
0.002837
0.002606
0.002501
0.002481
0.002561
0.002678
0.002907
0.002912
0.002884
0.002700
0.002687
0.002787
0.002823
0.002694
0.002268
0.002824
0.002350
0.002405
0.002591
0.003168
0.003376
0.003329
0.003224
0.002867
0.002700
0.002790
0.002939
0.002880
0.002882
0.002954
0.003002
0.002771
0.002534
0.002085
0.002122
0.002065
0.002068
0.001873
0.001759
0.001706
0.001792
0.001725
0.001819
0.001756
0.001346
0.001093
0.000983
0.000969
0.001040
0.001297
0.001296
0.001260
0.001183
0.001152
0.001140
0.001158
0.000964
0.000874
0.000951
0.001079
0.000458
0.000464
0.000957
0.001567
0.001924
0.001917
0.001941
0.001655
0.001175
0.000770
0.000503
0.000401
0.000402
0.000445
0.000394
0.000383
0.000246
0.000133
0.000061
0.000034
0.000000
0.000025
0.000062
0.000138
0.000265
0.000470
0.000759
0.001130
0.001338
0.001377
0.001385
0.001167
0.001014
0.000759
0.000740
0.000710
0.000671
0.000688
0.000748
0.000822
0.000946
0.001074
0.001251
0.001433
0.001953
0.002021
0.001909
0.001860
0.001791
0.001741
0.001914
0.001955
0.001947
0.001926
0.001985
0.001878
0.001762
0.001735
0.001711
0.001791
0.001917
0.002047
0.002101
0.001994
0.001962
0.002130
0.002166
0.002114
0.002191
0.001954
0.002005
0.001961
0.001894
0.001902
0.001898
0.001883
0.001900
0.001910
0.001974
0.002172
0.002305
0.002440
0.002555
0.002645
0.002647
0.002501
0.002455
0.002382
0.002286
0.002194
0.002172
0.002096
0.002096
0.002043
0.001995
0.001968
0.001963
0.001990
0.002097
0.002220
0.002289
0.002438
0.002396
0.002364
0.002098
0.001944
0.002033
0.002247
0.002330
0.002165
0.001890
0.001742
0.001675
0.001843
0.002060
0.001873
0.001249
0.001219
0.001423
0.001274
0.000741
0.000642
0.000726
0.000951
0.001364
0.001929
0.002052
0.002087
0.002054
0.002016
0.001937
0.001829
0.001753
0.001705
0.001665
0.001653
0.001606
0.001627
0.001621
0.001613
0.001607
0.001610
0.001636
0.001673
0.001743
0.001765
0.001761
0.001823
0.001862
0.001898
0.001885
0.001969
0.001987
0.002036
0.001748
0.001247
0.001094
0.001056
0.001043
0.000988
0.000980
0.000970
0.000967
0.000958
0.000920
0.000912
0.000917
0.000965
0.000994
0.000978
0.000979
0.000948
0.000958
0.000965
0.000975
0.000982
0.001035
0.001046
0.001057
0.001129
0.001143
0.001243
0.001250
0.001256
0.001259
0.001260
0.001247
0.001156
0.001094
0.001023
0.001050
0.000949
0.000884
0.000863
0.000819
0.000821
0.000820
0.000842
0.000877
0.001012
0.001169
0.001277
0.001325
0.001210
0.001068
0.000898
0.000827
0.000817
0.001122
0.001491
0.001876
0.002104
0.002142
0.001822
0.001779
0.001963
0.002600
0.002698
0.002783
0.002804
0.002874
0.002826
0.002918
0.002996
0.003124
0.003053
0.003101
0.003058
0.003071
0.003074
0.003099
0.003071
0.003037
0.003077
0.002920
0.002733
0.002598
0.002579
0.002641
0.002637
0.002623
0.002634
0.002512
0.002508
0.002435
0.002216
0.002126
0.002031
0.002026
0.001989
0.002005
0.002029
0.001966
0.001965
0.001988
0.001999
0.002054
0.002072
0.002077
0.002034
0.002024
0.001933
0.001908
0.001935
0.001925
0.001920
0.001936
0.001935
0.001897
0.001938
0.001884
0.001870
0.001811
0.001907
0.001977
0.001989
0.002021
0.002073
0.002093
0.002130
0.002157
0.002185
0.002217
0.002203
0.002170
0.002108
0.002057
0.002057
0.002024
0.002059
0.002156
0.002566
0.002814
0.003064
0.003280
0.003396
0.003436
0.003591
0.003566
0.003527
0.003684
0.003644
0.003655
0.003637
0.003603
0.003586
0.003602
0.003494
0.003339
0.003320
0.003311
0.003373
0.003380
0.003412
0.003377
0.003248
0.003084
0.003070
0.003038
0.002950
0.003018
0.002935
0.002771
0.002683
0.002649
0.002658
0.002737
0.002807
0.002865
0.002868
0.002807
0.002727
0.002736
0.002635
0.002550
0.002390
0.002340
0.002268
0.002310
0.002371
0.002437
0.002460
0.002585
0.002544
0.002515
0.002542
0.002615
0.002661
0.002686
0.002728
0.002765
0.002812
0.002960
0.002986
0.003036
0.002988
0.003109
0.003180
0.003298
0.003402
0.003500
0.003506
0.003512
0.003328
0.003358
0.003410
0.003395
0.003417
0.003732
0.003844
0.003844
0.003734
0.003889
0.003764
0.003874
0.003777
0.003916
0.004021
0.004181
0.004276
0.004278
0.004271
0.004341
0.004407
0.004485
0.004519
0.004418
0.004496
0.004536
0.004573
0.004562
0.004611
0.004651
0.004528
0.004447
0.004505
0.004264
0.004467
0.004499
0.004850
0.004768
0.004850
0.004886
0.004918
