0.279604
0.270042
0.261682
0.236329
0.211783
0.157882
0.128009
0.130734
0.123062
0.123542
0.126213
0.132949
0.125574
0.134988
0.124686
0.116854
0.117387
0.123595
0.124283
0.121041
0.124370
0.117837
0.124672
0.124926
0.121476
0.117969
0.115771
0.117342
0.117418
0.117521
0.116933
0.118961
0.116628
0.115151
0.114441
0.113330
0.111165
0.111345
0.114249
0.113679
0.112125
0.111312
0.111223
0.110407
0.110185
0.109968
0.109433
0.109335
0.108832
0.107767
0.108280
0.108168
0.108415
0.108112
0.108074
0.107933
0.107934
0.108120
0.108106
0.107852
0.118684
0.118681
0.119289
0.119147
0.119063
0.118946
0.117547
0.118545
0.114983
0.118260
0.117887
0.117657
0.117655
0.117645
0.116934
0.116196
0.116420
0.116679
0.116723
0.116565
0.116514
0.116450
0.116707
0.117147
0.118020
0.118104
0.118112
0.118030
0.116683
0.117023
0.117497
0.116184
0.115961
0.115446
0.115804
0.115729
0.115813
0.115794
0.115725
0.115686
0.116174
0.116216
0.116285
0.116294
0.116748
0.116688
0.116570
0.116581
0.116073
0.116694
0.115439
0.115488
0.114881
0.115996
0.115502
0.115489
0.115871
0.117128
0.116428
0.117891
0.118050
0.118665
0.122988
0.123467
0.124336
0.125408
0.125429
0.128124
0.132488
0.129528
0.127660
0.132164
0.131252
0.137181
0.135339
0.138949
0.137184
0.135407
0.137728
0.135411
0.132268
0.134219
0.140836
0.139484
0.140176
0.131577
0.128704
0.127107
0.125021
0.115775
0.134170
0.132300
0.133041
0.134203
0.133506
0.132364
0.134036
0.133441
0.133751
0.133852
0.133288
0.134454
0.134617
0.135417
0.136929
0.135930
0.135583
0.137879
0.138133
0.137205
0.136175
0.135550
0.134466
0.134355
0.134354
0.134503
0.135208
0.135365
0.134118
0.135069
0.135650
0.134690
0.134706
0.135237
0.134547
0.135238
0.134209
0.136725
0.134637
0.137329
0.135766
0.135315
0.133714
0.134865
0.134079
0.133774
0.133347
0.134802
0.136712
0.138624
0.135355
0.134195
0.134427
0.134360
0.134588
0.132467
0.132713
0.131336
0.060329
0.059562
0.059369
0.059286
0.060636
0.046538
0.046385
0.046803
0.047042
0.047629
0.047536
0.048740
0.048680
0.047255
0.047986
0.047693
0.048927
0.048631
0.049096
0.048196
0.050074
0.048057
0.047130
0.046267
0.046144
0.044902
0.045018
0.045515
0.044602
0.044344
0.044496
0.043871
0.044317
0.044039
0.044840
0.043458
0.045033
0.044907
0.044957
0.043694
0.043342
0.043572
0.044120
0.045431
0.044145
0.044955
0.045536
0.046045
0.045343
0.130073
0.131704
0.131266
0.130305
0.130612
0.131927
0.130481
0.130538
0.131097
0.130798
0.129979
0.126217
0.126562
0.131288
0.131085
0.130344
0.130708
0.130634
0.130182
0.130085
0.130904
0.126634
0.126107
0.128039
0.129315
0.129164
0.129563
0.129109
0.130383
0.131243
0.130238
0.129824
0.129471
0.129967
0.128523
0.129125
0.132637
0.133443
0.131538
0.130755
0.132484
0.133788
0.133108
0.126623
0.131498
0.131678
0.133649
0.131167
0.130331
0.130868
0.131047
0.130802
0.131134
0.128394
0.129839
0.130280
0.130566
0.130202
0.130466
0.129693
0.130265
0.129754
0.127028
0.125897
0.130054
0.129561
0.117453
0.126192
0.125338
0.118767
0.120078
0.116574
0.115821
0.126160
0.116426
0.130186
0.126649
0.125933
0.129474
0.128432
0.127681
0.128219
0.128425
0.120824
0.127685
0.130985
0.131638
0.132634
0.130964
0.129120
0.131221
0.129493
0.129397
0.129632
0.129949
0.129521
0.129302
0.132019
0.130764
0.132392
0.118401
0.128960
0.131643
0.129828
0.127870
0.127531
0.132064
0.130743
0.130954
0.128005
0.126324
0.127716
0.127054
0.128439
0.132144
0.126080
0.129492
0.130283
0.129954
0.132557
0.129977
0.130147
0.132091
0.130684
0.130940
0.128797
0.123443
0.132250
0.127958
0.126253
0.129991
0.126304
0.128216
0.124839
0.126173
0.127006
0.126492
0.126375
0.125988
0.125242
0.124834
0.123675
0.126901
0.127310
0.125269
0.128162
0.129446
0.135013
0.134816
0.135536
0.128061
0.128407
0.133898
0.129237
0.135022
0.128284
0.129302
0.049138
0.049170
0.050113
0.049551
0.048337
0.048206
0.048323
0.048899
0.048783
0.048946
0.048936
0.047984
0.048811
0.048197
0.049103
0.048656
0.049282
0.048302
0.048656
0.049320
0.047598
0.047717
0.047872
0.049105
0.048890
0.047921
0.049276
0.049341
0.048031
0.049690
0.050147
0.048056
0.046329
0.028140
0.028172
0.026067
0.025965
0.023832
0.023640
0.024927
0.024490
0.023382
0.023787
0.025089
0.024869
0.025038
0.031834
0.028379
0.037114
0.044085
0.046528
0.047821
0.047903
0.047982
0.048579
0.052485
0.053980
0.053646
0.054002
0.054401
0.053939
0.051490
0.051895
0.051885
0.051884
0.051731
0.053006
0.052955
0.027226
0.053202
0.049597
0.049753
0.035639
0.046299
0.045906
0.045827
0.046475
0.046650
0.046901
0.046700
0.046414
0.047163
0.046850
0.039042
0.043054
0.129264
0.129977
0.130049
0.131948
0.132855
0.132987
0.133295
0.124156
0.123647
0.125287
0.126117
0.125684
0.126044
0.126729
0.127028
0.126789
0.127137
0.127585
0.126913
0.125934
0.125443
0.126311
0.126668
0.126427
0.125961
0.124965
0.126146
0.126450
0.132476
0.133494
0.129329
0.127173
0.130370
0.131522
0.131246
0.130962
0.140596
0.130831
0.129786
0.130563
0.135316
0.126119
0.125208
0.126863
0.122787
0.125735
0.129916
0.130621
0.133191
0.131650
0.129672
0.130630
0.130463
0.130932
0.131041
0.131864
0.132199
0.132441
0.132727
0.129694
0.127024
0.129250
0.123939
0.127178
0.123207
0.128959
0.127169
0.127585
0.128368
0.126593
0.128707
0.126437
0.127476
0.129735
0.128488
0.127517
0.129416
0.128803
0.129900
0.130155
0.131098
0.132193
0.132008
0.129077
0.126436
0.018780
0.016420
0.015835
0.012893
0.012197
0.013988
0.011257
0.007171
0.007029
0.006318
0.005828
0.006035
0.005312
0.004628
0.003715
0.003754
0.003854
0.003706
0.003531
0.003454
0.003370
0.003443
0.003373
0.003239
0.003244
0.003292
0.003431
0.003164
0.003181
0.003151
0.003122
0.003083
0.003251
0.003016
0.003126
0.003191
0.003355
0.003566
0.003759
0.005966
0.006154
0.006288
0.006264
0.121786
0.123006
0.123479
0.124466
0.123632
0.122174
0.122228
0.121486
0.123256
0.124648
0.124176
0.123307
0.122551
0.122336
0.122650
0.122916
0.121642
0.123889
0.122519
0.122839
0.122767
0.120943
0.119814
0.121166
0.121861
0.122462
0.122586
0.121895
0.122346
0.121677
0.122534
0.123563
0.123807
0.123615
0.123057
0.122584
0.122080
0.122285
0.123917
0.121630
0.124763
0.123188
0.123253
0.123130
0.124719
0.123314
0.121675
0.122787
0.123347
0.122580
0.123630
0.123712
0.121101
0.125014
0.123683
0.123464
0.121872
0.122709
0.122630
0.021352
0.022437
0.022335
0.022631
0.022241
0.021563
0.021192
0.020841
0.020594
0.022496
0.017637
0.021825
0.021894
0.015840
0.009382
0.003684
0.003260
0.003106
0.002711
0.002577
0.002447
0.002198
0.002217
0.001967
0.001865
0.001814
0.001754
0.001663
0.001648
0.001663
0.001507
0.001442
0.001433
0.001301
0.001190
0.001115
0.000998
0.001065
0.001137
0.001154
0.001050
0.001059
0.000868
0.000906
0.000918
0.000985
0.001025
0.000979
0.000935
0.000940
0.000883
0.000893
0.000875
0.000897
0.000828
0.000726
0.000708
0.000638
0.000716
0.000636
0.000740
0.000861
0.001180
0.001379
0.001624
0.001613
0.001524
0.001298
0.001190
0.001061
0.000945
0.000888
0.000935
0.000819
0.000767
0.000708
0.000686
0.000649
0.000591
0.000590
0.000512
0.000576
0.000537
0.000550
0.000526
0.000547
0.000577
0.000576
0.000643
0.000593
0.000551
0.000567
0.000514
0.000551
0.000468
0.000430
0.000389
0.000362
0.000381
0.000390
0.000370
0.000427
0.000325
0.000201
0.000093
0.000059
0.000021
0.000000
0.000007
0.000022
0.000063
0.000038
0.000127
0.000168
0.000090
0.000092
0.000110
0.000153
0.000232
0.000177
0.000200
0.000226
0.000200
0.000185
0.000163
0.000193
0.000269
0.000301
0.000328
0.000388
0.000381
0.000373
0.000356
0.000396
0.000418
0.001025
0.001729
0.007199
0.009271
0.013697
0.020111
0.034472
0.037047
0.061639
0.083871
0.090311
0.141818
0.140914
0.139713
0.136040
0.135978
0.134913
0.135655
0.134738
0.135022
0.134964
0.135216
0.134468
0.131678
0.131131
0.130969
0.130875
0.130389
0.130639
0.129333
0.129207
0.128831
0.128626
0.128471
0.128409
0.128373
0.128491
0.129604
0.129802
0.129444
0.129245
0.129568
0.129380
0.129132
0.128949
0.128859
0.128202
0.127829
0.127914
0.128063
0.128672
0.128772
0.128772
0.128749
0.128591
0.128619
0.128607
0.126337
0.127168
0.127150
0.127151
0.127102
0.126669
0.126758
0.126796
0.126937
0.127092
0.127093
0.126425
0.126872
0.126717
0.126872
0.126872
0.126427
0.126427
0.126651
0.126589
0.126650
0.126650
0.126793
0.126793
0.126793
0.126793
0.126793
0.126793
0.126793
0.126793
0.126793
0.126793
0.126794
0.126601
0.135750
0.145825
0.082909
0.098350
0.144731
0.144857
0.142840
0.143439
0.078321
0.144613
0.145430
0.142828
0.144778
0.144264
0.152019
0.144616
0.144694
0.145224
0.145451
0.140463
0.138310
0.140179
0.140318
0.138675
0.137150
0.137851
0.140279
0.139955
0.139250
0.139396
0.139524
0.137516
0.138386
0.120838
0.122070
0.122616
0.138430
0.140418
0.137805
0.137939
0.131871
0.137703
0.139204
0.141817
0.141542
0.137981
0.140168
0.138765
0.139506
0.139617
0.138987
0.145400
0.143712
0.142707
0.143063
0.121328
0.123210
0.129058
0.125755
0.145390
0.144527
0.146738
0.146658
0.144101
0.146441
0.142979
0.141154
0.140452
0.143115
0.139093
0.141042
0.141325
0.141134
0.142824
0.144567
0.142517
0.144756
0.146179
0.144311
0.142855
0.143160
0.143552
0.148094
0.143329
0.141555
0.143005
0.144621
0.144746
0.143208
0.143041
0.141886
0.157667
0.140566
0.143924
0.142741
0.138279
0.145134
0.142620
0.143288
0.142770
0.144576
0.144801
0.145093
0.144669
0.144898
0.142974
0.142950
0.155315
0.163974
0.164289
0.163250
0.147530
0.144549
0.144113
0.144974
0.149394
0.146612
0.161899
0.161819
0.162270
0.151653
0.160585
0.150303
0.141386
0.133889
0.138366
0.155330
0.148883
0.159691
0.152963
0.139000
0.144342
0.145844
0.144083
0.151042
0.139010
0.139244
0.149421
0.153641
0.138423
0.151369
0.140364
0.143149
0.144106
0.140247
0.138302
0.134052
0.132979
0.133499
0.134254
0.131174
0.139836
0.163104
0.160698
0.163549
0.169825
0.168645
0.142762
0.147520
0.141816
0.153734
0.145853
0.144547
0.144417
0.144395
0.066641
0.065612
0.089844
0.073607
0.063795
0.067550
0.068804
0.130130
0.123342
0.118437
0.135275
0.159801
0.118776
0.093190
0.092395
0.092629
0.090512
0.092367
0.082725
0.077697
0.088152
0.087765
0.087904
0.085676
0.076191
0.086556
0.087211
0.092326
0.105715
0.124174
0.143084
0.177853
0.187143
0.211826
0.198560
0.184735
0.182282
0.186909
0.185991
0.178695
0.179497
0.143605
0.152205
0.152083
0.151610
0.157252
0.151979
0.152591
0.181492
0.190277
0.187676
0.181462
0.145350
0.194140
0.188130
0.150038
0.150933
0.181407
0.188739
0.146666
0.150038
0.143890
0.189829
0.186986
0.181999
0.143212
0.154050
0.143527
0.145964
0.158483
0.149475
0.146116
0.150963
0.151094
0.145566
0.189059
0.185652
0.157688
0.153092
0.156158
0.155784
0.155278
0.183482
0.148683
0.147388
0.183019
0.182665
0.148731
0.145657
0.143805
0.182786
0.183603
0.183692
0.184429
0.184667
0.183903
0.187469
0.188631
0.150095
0.153677
0.151503
0.150339
0.146318
0.149890
0.149699
0.152962
0.152697
0.149190
0.149644
0.148650
0.150081
0.149105
0.149923
0.150045
0.145642
0.149702
0.149272
0.150854
0.149473
0.150593
0.149761
0.148708
0.149930
0.152364
0.150831
0.144287
0.148099
0.149749
0.183929
0.145218
0.185379
0.149442
0.144976
0.144713
0.145031
0.150150
0.143672
0.144228
0.143455
0.139600
0.184272
0.190041
0.159284
0.149220
0.146313
0.153266
0.145907
0.151259
0.150792
0.150890
0.150535
0.189605
0.188088
0.241384
0.162306
0.136072
0.123949
0.124216
0.119662
0.122040
0.129824
0.132503
0.101976
0.121085
0.143759
0.137588
0.140191
0.139032
0.140885
0.145315
0.147554
0.118600
0.116786
0.144781
0.128551
0.143535
0.153031
0.149167
0.143106
0.139903
0.151271
0.141941
0.146725
0.145394
0.146246
0.144221
0.143899
0.143332
0.142710
0.141797
0.141009
0.142754
0.144335
0.144131
0.145471
0.115546
0.129771
0.133709
0.149674
0.153082
0.149270
0.154547
0.147330
0.160408
0.158070
0.159887
0.146678
0.148321
0.145551
0.146202
0.150130
0.149958
0.150106
0.144066
0.144413
0.146110
0.158668
0.164081
0.171469
0.171563
0.168660
0.170036
0.169313
0.170947
0.170673
0.157919
0.150064
0.158133
0.149307
0.147570
0.155621
0.147141
0.143614
0.171678
0.138679
0.078783
0.173534
0.140218
0.140382
0.140762
0.145127
0.143139
0.141085
0.143689
0.142060
0.141379
0.141551
0.139762
0.139435
0.141809
0.148373
0.155058
0.156103
0.151793
0.153658
0.142955
0.151690
0.145574
0.128013
0.155131
0.265586
0.259190
0.171767
0.183564
0.157892
0.158442
0.151610
0.142492
0.150183
0.165086
0.133444
0.141290
0.148652
0.150724
0.148527
0.146417
0.147038
0.151443
0.148434
0.147333
0.149806
0.147251
0.146001
0.151593
0.147300
0.146467
0.151983
0.147347
0.151878
0.149586
0.146991
0.151121
0.154424
0.172486
0.172998
0.166476
0.164588
0.147671
0.147247
0.151629
0.149181
0.149851
0.150913
0.153523
0.150083
0.148626
0.167012
0.180137
0.173617
0.150350
0.175111
0.145272
0.149045
0.149598
0.150920
0.153605
0.151114
0.151028
0.155770
0.144509
0.150994
0.149056
0.107763
0.127147
0.167969
0.173674
0.169386
0.166160
0.167336
0.183175
0.173193
0.173799
0.171403
0.173110
0.167419
0.178112
0.146861
0.169979
0.149226
0.150608
0.145596
0.180070
0.175477
0.145609
0.171253
0.180906
0.174411
0.144245
0.171957
0.174901
0.181625
0.192092
0.176034
0.183834
0.182450
0.151276
0.151090
0.147855
0.188985
0.184390
0.178737
0.173014
0.149293
0.179862
0.180783
0.172041
0.173761
0.175212
0.173800
0.175224
0.167344
0.183290
0.172780
0.182611
0.173522
0.174552
0.173627
0.173532
0.174391
0.183917
0.182561
0.187709
0.172917
0.190330
0.237640
0.184707
0.138367
0.126513
0.107665
0.129087
0.140356
0.144053
0.144938
0.143806
0.143438
0.142329
0.107974
0.142945
0.142952
0.106790
0.111538
0.104456
0.103347
0.146759
0.145503
0.141597
0.142909
0.145543
0.146624
0.140269
0.143512
0.140804
0.142465
0.108790
0.103634
0.142532
0.131846
0.144450
0.141708
0.139540
0.126151
0.126273
0.106077
0.149491
0.143471
0.134831
0.134939
0.138345
0.143039
0.140485
0.121601
0.126382
0.120095
0.137388
0.136209
0.137265
0.164098
0.142936
0.134973
0.137123
0.137036
0.135835
0.136881
0.136814
0.135638
0.140663
0.138784
0.140159
0.137761
0.142449
0.140370
0.139306
0.136997
0.141322
0.139028
0.139324
0.138847
0.141883
0.135344
0.139993
0.138151
0.142378
0.147957
0.140338
0.123530
0.140677
0.137525
0.139116
0.146012
0.136403
0.146816
0.146741
0.156216
0.149926
0.264709
0.212251
0.172480
0.171829
0.164275
0.165037
0.163750
0.165769
0.163179
0.163370
0.166491
0.167459
0.168189
0.166275
0.163380
0.150744
0.168154
0.153220
0.167359
0.173079
0.169942
0.170625
0.152818
0.157185
0.183454
0.148112
0.144602
0.157107
0.152520
0.154051
0.153322
0.154537
0.156511
0.156365
0.144316
0.160191
0.155206
0.157283
0.150845
0.138774
0.157179
0.150535
0.155816
0.159934
0.147096
0.153915
0.150506
0.151342
0.164155
0.157125
0.162749
0.163106
0.165069
0.155311
0.151839
0.149803
0.139473
0.148503
0.147135
0.136873
0.130447
0.139518
0.141116
0.155014
0.153932
0.153651
0.137388
0.139199
0.139318
0.156949
0.151006
0.148069
0.133618
0.158390
0.144214
0.150921
0.140564
0.145959
0.146109
0.143220
0.136432
0.140749
0.157376
0.137883
0.154126
0.155031
0.157601
0.138455
0.137825
0.138932
0.155769
0.155211
0.156369
0.151763
0.151329
0.156637
0.150012
0.142999
0.168817
0.162833
0.161823
0.161654
0.178618
0.143965
0.148405
0.149079
0.151410
0.159280
0.159436
0.159613
0.173483
0.171263
0.167947
0.164742
0.166740
0.162373
0.159972
0.159704
0.159913
0.160243
0.159611
0.159771
0.159451
0.142430
0.144001
0.142621
0.135927
0.133989
0.129074
0.146712
0.150086
0.142627
0.158551
0.178580
0.176030
0.144959
0.146184
0.146342
0.147093
0.150916
0.151463
0.156640
0.158984
0.147788
0.150371
0.150376
0.143763
0.150220
0.144944
0.147033
0.126738
0.130619
0.146762
0.149142
0.148607
0.144037
0.149230
0.149512
0.147566
0.180397
0.174187
0.151662
0.174555
0.139486
0.145801
0.141256
0.146809
0.141189
0.146470
0.146935
0.167620
0.145293
0.140063
0.142143
0.141724
0.140842
0.140300
0.140132
0.204997
0.138617
0.159131
0.148611
0.148752
0.140386
0.140790
0.139704
0.137683
0.137204
0.149669
0.137424
0.151163
0.144272
0.148185
0.148675
0.149103
0.143850
0.150022
0.150095
0.152186
0.139939
0.148928
0.148220
0.150277
0.147877
0.151876
0.151141
0.151175
0.153666
0.150692
0.151201
0.149925
0.150254
0.148562
0.147145
0.149993
0.152204
0.147836
0.147460
0.143993
0.142418
0.143066
0.143484
0.152507
0.150996
0.150635
0.143537
0.146025
0.151873
0.151352
0.150387
0.150167
0.150183
0.150213
0.138646
0.141852
0.141004
0.141592
0.148963
0.149292
0.137995
0.149664
0.148377
0.146817
0.150016
0.149148
0.143734
0.150932
0.149568
0.150205
0.148490
0.149158
0.149147
0.149147
0.149147
0.149147
0.149147
0.149148
0.149112
0.149112
0.149112
0.149112
0.149112
0.149112
0.149112
0.149112
0.149112
0.149101
0.149101
0.149101
0.150956
0.150918
0.150918
0.150919
0.150919
0.150919
0.150919
0.150919
0.150919
0.150912
0.150912
0.150912
0.150918
0.150918
0.150918
0.150882
0.151013
0.144264
0.145303
0.146942
0.144893
0.144829
0.147288
0.147414
0.147391
0.147566
0.147504
0.149040
0.149113
0.148588
0.148489
0.146596
0.146454
0.146769
0.146790
0.146650
0.146538
0.146174
0.148619
0.148572
0.148666
0.149899
0.148213
0.149581
0.148477
0.149574
0.148443
0.148443
0.148443
0.148443
0.148443
0.148443
0.148443
0.148443
0.148443
0.148443
0.148443
0.148443
0.148443
0.148443
0.150321
0.125070
0.121599
0.124529
0.142483
0.145001
0.149206
0.146599
0.147053
0.146320
0.149856
0.139798
0.142226
0.125572
0.135326
0.138055
0.136701
0.141973
0.141580
0.141567
0.143259
0.142024
0.143348
0.143071
0.139533
0.141878
0.179348
0.262792
0.198701
0.186733
0.169185
0.168341
0.168690
0.167545
0.166207
0.168506
0.165269
0.140539
0.142990
0.135786
0.151081
0.185159
0.139981
0.141236
0.139742
0.161903
0.152752
0.158284
0.153187
0.160700
0.134771
0.142962
0.143321
0.153879
0.151022
0.142806
0.140621
0.157355
0.164498
0.141970
0.140156
0.132756
0.133901
0.143066
0.152248
0.137383
0.135035
0.136759
0.140640
0.135985
0.131054
0.136221
0.135329
0.135129
0.135142
0.135508
0.134703
0.135053
0.134865
0.127211
0.135402
0.129239
0.136105
0.131739
0.136871
0.137896
0.129181
0.134535
0.147859
0.148239
0.137884
0.137241
0.134907
0.134941
0.139832
0.134484
0.135263
0.135442
0.137347
0.144005
0.145611
0.144063
0.128373
0.128660
0.131744
0.144700
0.140695
0.131620
0.146086
0.135078
0.143590
0.145022
0.146125
0.126667
0.144716
0.149763
0.143474
0.133643
0.150207
0.149864
0.132436
0.144262
0.134801
0.138062
0.127462
0.146364
0.131648
0.132247
0.129490
0.126805
0.127477
0.134884
0.126800
0.127608
0.124913
0.132348
0.127136
0.127049
0.128306
0.124135
0.128662
0.126105
0.130715
0.124885
0.124439
0.126854
0.134172
0.127788
0.125545
0.124585
0.124898
0.128830
0.130319
0.130375
0.131206
0.128917
0.135221
0.134828
0.134879
0.136968
0.136609
0.136493
0.130002
0.127587
0.127881
0.141037
0.141584
0.140300
0.136815
0.135789
0.136002
0.136744
0.137622
0.134813
0.135923
0.135467
0.140828
0.132012
0.137272
0.136359
0.131951
0.154539
0.118300
0.141618
0.101191
0.095498
0.095523
0.095939
0.103668
0.132093
0.129415
0.132955
0.167971
0.179598
0.134957
0.114952
0.098192
0.097460
0.103264
0.105027
0.105091
0.100259
0.104906
0.106130
0.104808
0.104616
0.098574
0.100073
0.141272
0.135204
0.144055
0.131881
0.130597
0.135004
0.134723
0.133192
0.141619
0.128564
0.131389
0.132963
0.145788
0.144896
0.146619
0.140487
0.148145
0.147198
0.134889
0.132029
0.134403
0.134603
0.134123
0.144949
0.144665
0.128870
0.130310
0.130749
0.131624
0.129436
0.132846
0.133599
0.116943
0.095425
0.110487
0.132252
0.132576
0.131244
0.144113
0.131113
0.145430
0.134005
0.143068
0.132299
0.132009
0.137359
0.111400
0.139767
0.140089
0.140939
0.169765
0.169392
0.172733
0.168759
0.167184
0.171385
0.169080
0.166420
0.168113
0.165665
0.133744
0.138131
0.131493
0.128080
0.141198
0.171390
0.165619
0.171592
0.172939
0.172098
0.130741
0.133849
0.133493
0.128411
0.136324
0.132369
0.134282
0.132431
0.130602
0.131432
0.130275
0.135476
0.136192
0.134273
0.128717
0.129090
0.126142
0.131412
0.133709
0.136285
0.135430
0.137020
0.172767
0.178470
0.173336
0.165088
0.172806
0.171060
0.171128
0.170726
0.170470
0.170658
0.170225
0.171080
0.170614
0.179644
0.181933
0.183050
0.167724
0.162189
0.160422
0.164912
0.166461
0.171635
0.172332
0.168556
0.176312
0.165427
0.167476
0.185450
0.122007
0.125274
0.127004
0.131623
0.128977
0.126946
0.128466
0.130067
0.128505
0.129197
0.133101
0.137539
0.136435
0.138909
0.143629
0.165525
0.159325
0.163570
0.129098
0.167379
0.168484
0.169704
0.168820
0.166789
0.129383
0.125491
0.166257
0.170223
0.172663
0.166992
0.173949
0.168934
0.132426
0.138670
0.134834
0.136070
0.135991
0.142737
0.138234
0.135919
0.133955
0.133796
0.126463
0.174662
0.162180
0.176511
0.142729
0.121019
0.125356
0.120481
0.110483
0.112867
0.107401
0.119076
0.113225
0.112741
0.105416
0.105849
0.108638
0.106264
0.105246
0.105212
0.100613
0.103455
0.104406
0.100201
0.100786
0.103726
0.101627
0.099856
0.099839
0.100951
0.099792
0.101906
0.100050
0.100938
0.099340
0.098631
0.098340
0.107940
0.116614
0.116351
0.109753
0.109100
0.109013
0.107653
0.108121
0.108067
0.108119
0.108865
0.109238
0.109624
0.108014
0.107301
0.118369
0.118911
0.118555
0.120770
0.121802
0.122780
0.121950
0.123335
0.121140
0.122646
0.111267
0.119703
0.117637
0.120414
0.120375
0.118943
0.119899
0.118342
0.117706
0.119076
0.117937
0.119248
0.119866
0.120526
0.119108
0.119315
0.119454
0.119305
0.115958
0.119256
0.119581
0.118762
0.118617
0.118614
0.119402
0.119049
0.119040
0.118993
0.119333
0.119380
0.119356
0.119349
0.119121
0.119032
0.119032
0.119019
0.119019
0.119019
0.119097
0.119086
0.119015
0.119014
0.118981
0.118821
0.118831
0.118831
0.119044
0.119227
0.119241
0.119242
0.119228
0.119589
0.119541
0.119541
0.119560
0.118922
0.119133
0.119133
0.118940
0.119159
0.119161
0.119161
0.119171
0.119145
0.119144
0.119144
0.119145
0.119197
0.119202
0.119202
0.119201
0.119202
0.119255
0.119359
0.119244
0.119359
0.119359
0.119359
0.119359
0.119359
0.119359
0.119359
0.119359
0.119359
0.119359
0.119359
0.119359
