0.017831
0.017831
0.017828
0.017830
0.017840
0.017833
0.017830
0.017830
0.017841
0.017850
0.017892
0.017961
0.017944
0.017917
0.017863
0.017901
0.017904
0.018006
0.017963
0.017965
0.017967
0.017820
0.017974
0.017823
0.017663
0.017779
0.017718
0.017824
0.017756
0.017483
0.017476
0.017488
0.017478
0.017700
0.017835
0.017775
0.017852
0.018667
0.018097
0.018121
0.018026
0.018152
0.018170
0.018779
0.018193
0.018821
0.018116
0.018601
0.017987
0.018664
0.018474
0.018678
0.018099
0.018110
0.020729
0.020535
0.020716
0.018100
0.018033
0.020815
0.018033
0.018101
0.018112
0.018098
0.017852
0.018000
0.018047
0.016487
0.016466
0.016387
0.016494
0.016499
0.016343
0.016516
0.016493
0.016369
0.016507
0.016486
0.016510
0.016466
0.016515
0.016461
0.016492
0.016496
0.016498
0.016512
0.016517
0.032815
0.033177
0.034064
0.035973
0.035625
0.039391
0.044157
0.035849
0.036089
0.038221
0.041978
0.034680
0.032601
0.033355
0.034552
0.036918
0.037615
0.027204
0.028902
0.030128
0.034897
0.034412
0.033735
0.034827
0.033731
0.033481
0.033082
0.033429
0.032270
0.032640
0.032830
0.032650
0.033579
0.033195
0.034365
0.033962
0.033781
0.033993
0.033763
0.034046
0.034749
0.035243
0.036368
0.037950
0.037716
0.036688
0.036502
0.035251
0.034051
0.034152
0.034622
0.034940
0.034767
0.034833
0.034765
0.034888
0.034839
0.034859
0.034901
0.034600
0.034621
0.034860
0.034892
0.034912
0.034925
0.034931
0.034983
0.035006
0.034993
0.035026
0.034897
0.034963
0.034858
0.034840
0.034901
0.034601
0.035430
0.035086
0.036175
0.037262
0.038337
0.039230
0.038620
0.039298
0.039098
0.040012
0.041633
0.042820
0.042759
0.042106
0.038469
0.037835
0.037038
0.038557
0.037812
0.037402
0.037055
0.037047
0.037399
0.037907
0.036710
0.036631
0.037067
0.037139
0.036797
0.035761
0.037984
0.035549
0.035526
0.037634
0.037323
0.037391
0.036615
0.035886
0.035433
0.035564
0.035244
0.035165
0.034757
0.035500
0.034115
0.034099
0.034119
0.034231
0.035017
0.034282
0.033651
0.034098
0.034141
0.033695
0.033801
0.033729
0.033985
0.033928
0.033694
0.033620
0.033531
0.031114
0.033304
0.032914
0.033817
0.033555
0.033137
0.032338
0.032162
0.031942
0.032418
0.031908
0.031923
0.032337
0.033851
0.033722
0.033692
0.033453
0.033373
0.032893
0.031827
0.032285
0.031153
0.032649
0.031091
0.031552
0.030334
0.030653
0.029726
0.030590
0.031211
0.031457
0.031467
0.031503
0.029764
0.030995
0.030806
0.031239
0.032884
0.033882
0.034837
0.036907
0.037357
0.037719
0.037491
0.037557
0.038182
0.037733
0.038175
0.038010
0.038080
0.037922
0.038111
0.038021
0.035342
0.036509
0.037560
0.039100
0.041163
0.039796
0.042504
0.043941
0.041167
0.037419
0.037595
0.037544
0.037691
0.034536
0.033686
0.034476
0.032587
0.032120
0.032260
0.030727
0.030439
0.030955
0.034981
0.032255
0.032978
0.033346
0.033283
0.033740
0.037686
0.038292
0.038687
0.037179
0.036635
0.035780
0.035407
0.034894
0.034761
0.032489
0.032060
0.038399
0.036227
0.034199
0.031805
0.034549
0.035375
0.034980
0.039148
0.040004
0.038225
0.039361
0.034929
0.035333
0.035084
0.034340
0.034890
0.033791
0.037022
0.036922
0.031970
0.032755
0.032595
0.032037
0.030956
0.030503
0.032524
0.032317
0.032839
0.032963
0.032411
0.033157
0.032671
0.031916
0.030947
0.030743
0.031758
0.032891
0.033584
0.032181
0.031931
0.031035
0.032421
0.032305
0.032203
0.032511
0.032654
0.033103
0.033864
0.034266
0.042017
0.042576
0.044264
0.043481
0.042818
0.044233
0.044661
0.045557
0.047253
0.046823
0.047596
0.047985
0.047771
0.046532
0.046258
0.044009
0.044210
0.044184
0.044242
0.045470
0.045854
0.044320
0.045050
0.044637
0.044708
0.044828
0.044649
0.045155
0.045540
0.045996
0.045634
0.045129
0.045530
0.044791
0.044547
0.046198
0.047081
0.046750
0.046227
0.046097
0.046124
0.044986
0.045280
0.035848
0.036074
0.036308
0.038210
0.038238
0.038048
0.037507
0.037653
0.036912
0.035928
0.035130
0.035520
0.035606
0.036056
0.036906
0.037580
0.037794
0.037393
0.037401
0.036530
0.034896
0.037830
0.036476
0.035561
0.037935
0.037842
0.038283
0.038374
0.037573
0.035455
0.037894
0.038512
0.038527
0.037337
0.038855
0.038996
0.039014
0.038602
0.037761
0.036541
0.041336
0.041481
0.037067
0.037284
0.038254
0.038383
0.038923
0.039259
0.038183
0.037789
0.043658
0.041978
0.037785
0.038887
0.038669
0.038232
0.037694
0.036413
0.036403
0.042662
0.036999
0.036904
0.038198
0.038519
0.037411
0.037323
0.036930
0.038221
0.038722
0.041976
0.042904
0.043373
0.043574
0.043283
0.043516
0.042624
0.042449
0.041134
0.039942
0.038776
0.037275
0.037308
0.040934
0.041811
0.041574
0.034976
0.035406
0.037140
0.034493
0.033870
0.033680
0.033882
0.034011
0.037009
0.037853
0.037141
0.035779
0.037596
0.039253
0.042009
0.044486
0.040161
0.039228
0.041916
0.043555
0.042513
0.038211
0.034085
0.033878
0.034311
0.034301
0.034164
0.034166
0.033994
0.034042
0.033960
0.034067
0.033996
0.033932
0.034005
0.033907
0.033939
0.034154
0.033934
0.033906
0.033950
0.034013
0.034295
0.034087
0.034640
0.034721
0.034921
0.034954
0.034984
0.034978
0.034951
0.035160
0.034942
0.035144
0.035175
0.035063
0.034990
0.035039
0.035017
0.035049
0.035118
0.035191
0.035067
0.035271
0.035056
0.035016
0.034996
0.035191
0.035118
0.035131
0.035068
0.035190
0.035086
0.034987
0.035078
0.034939
0.035081
0.034907
0.034983
0.034990
0.034866
0.034886
0.034905
0.034942
0.034920
0.034987
0.034986
0.034979
0.035062
0.035112
0.035306
0.036916
0.037943
0.039996
0.039990
0.040183
0.040192
0.041172
0.041282
0.040821
0.041315
0.040944
0.040950
0.041805
0.041824
0.041382
0.039901
0.044075
0.043062
0.040900
0.040806
0.039743
0.037976
0.037856
0.037524
0.038398
0.029562
0.029481
0.029504
0.038583
0.038557
0.037450
0.038103
0.037702
0.037622
0.038359
0.037059
0.037084
0.029098
0.036392
0.038061
0.037424
0.038053
0.037425
0.037690
0.038864
0.038350
0.038485
0.038761
0.038096
0.038003
0.038115
0.037955
0.038562
0.038004
0.038199
0.038084
0.038287
0.038237
0.038469
0.038939
0.037898
0.037612
0.038133
0.039525
0.039202
0.037890
0.038712
0.038735
0.038842
0.038775
0.038647
0.038810
0.038651
0.038522
0.038857
0.039026
0.038835
0.039063
0.038750
0.039239
0.038942
0.039731
0.038965
0.039215
0.039613
0.039645
0.040425
0.039312
0.039290
0.039438
0.038900
0.038859
0.038298
0.038437
0.038520
0.039011
0.039855
0.039704
0.038874
0.038907
0.038931
0.038707
0.038610
0.038353
0.038256
0.039037
0.038118
0.032927
0.033048
0.033196
0.032568
0.032983
0.033302
0.032708
0.035586
0.036241
0.035607
0.034807
0.034859
0.034948
0.034642
0.034043
0.033558
0.033859
0.034073
0.038897
0.038480
0.038835
0.039923
0.038968
0.038915
0.038689
0.037341
0.038257
0.039087
0.040766
0.040566
0.040048
0.039935
0.040854
0.040547
0.040115
0.040107
0.039885
0.040172
0.040165
0.039000
0.034700
0.035235
0.035469
0.035102
0.036782
0.037055
0.043148
0.041602
0.045636
0.045473
0.044858
0.043454
0.043227
0.043317
0.042515
0.042146
0.043056
0.044887
0.043751
0.041743
0.044663
0.035467
0.037138
0.037240
0.035737
0.035129
0.034973
0.034620
0.035191
0.035594
0.035081
0.035954
0.035911
0.036435
0.036777
0.037168
0.036946
0.037002
0.037221
0.037240
0.037460
0.038219
0.038066
0.038393
0.037860
0.037939
0.038600
0.037488
0.037130
0.036497
0.037275
0.036771
0.036833
0.036711
0.036678
0.036668
0.036680
0.036515
0.036307
0.036257
0.036422
0.036287
0.036515
0.036487
0.036332
0.036546
0.036718
0.037403
0.036465
0.037080
0.037429
0.036201
0.036596
0.037140
0.037360
0.037756
0.037518
0.037761
0.038529
0.037654
0.037984
0.038006
0.038374
0.036029
0.036234
0.036285
0.035887
0.036217
0.035941
0.036255
0.036428
0.036483
0.036383
0.035963
0.035712
0.035995
0.035601
0.035724
0.035421
0.035226
0.035181
0.035102
0.035220
0.035229
0.035038
0.035237
0.035330
0.035257
0.035253
0.034760
0.034327
0.034425
0.034188
0.034707
0.034190
0.033499
0.034433
0.034574
0.037577
0.035660
0.034564
0.034394
0.035020
0.034679
0.034657
0.034385
0.047217
0.046533
0.036936
0.037254
0.036898
0.036539
0.037328
0.037427
0.037208
0.036968
0.037307
0.036300
0.036166
0.036742
0.036392
0.031171
0.035605
0.034838
0.034707
0.034717
0.035037
0.035063
0.034975
0.034981
0.034922
0.035157
0.035036
0.035037
0.034478
0.034453
0.034501
0.034212
0.034392
0.034165
0.034300
0.034250
0.034608
0.034504
0.034399
0.034483
0.034487
0.034498
0.034617
0.034395
0.034414
0.034780
0.034761
0.034828
0.034750
0.034222
0.034441
0.034366
0.034582
0.034857
0.034875
0.034773
0.034535
0.033790
0.033884
0.033660
0.033623
0.033503
0.033717
0.033589
0.033371
0.033674
0.033567
0.033661
0.033576
0.033682
0.033472
0.033608
0.033550
0.033570
0.033482
0.033414
0.033334
0.033539
0.033483
0.033636
0.033441
0.033226
0.033095
0.033451
0.039234
0.039839
0.039213
0.037103
0.037548
0.037837
0.037607
0.037662
0.037435
0.037368
0.037372
0.037502
0.037787
0.037658
0.037463
0.037404
0.037552
0.037701
0.037748
0.037364
0.037526
0.037834
0.037557
0.037365
0.037435
0.037046
0.037378
0.038357
0.037076
0.036855
0.037579
0.037227
0.037065
0.037277
0.037232
0.037199
0.036683
0.038302
0.038101
0.038084
0.038040
0.038150
0.038001
0.037783
0.037203
0.037448
0.037855
0.035079
0.034006
0.034325
0.031740
0.030215
0.036174
0.035800
0.039125
0.036162
0.034974
0.032996
0.035665
0.035186
0.034641
0.033082
0.032378
0.032346
0.032279
0.032286
0.032322
0.032367
0.032266
0.032298
0.032895
0.033159
0.032854
0.033759
0.036004
0.040293
0.050523
0.057031
0.070834
0.075794
0.079450
0.078577
0.080543
0.076012
0.078116
0.077572
0.077884
0.078283
0.078971
0.079017
0.075862
0.080016
0.082219
0.082026
0.082485
0.082166
0.083241
0.072796
0.072644
0.072490
0.071445
0.045713
0.046918
0.048565
0.045275
0.046895
0.048687
0.047925
0.047632
0.047524
0.051045
0.045727
0.052763
0.047380
0.047456
0.052524
0.053577
0.045913
0.045961
0.055467
0.054214
0.054660
0.054562
0.051424
0.051499
0.051969
0.051135
0.051951
0.051759
0.053899
0.046668
0.051123
0.053206
0.053091
0.047032
0.052664
0.053727
0.054223
0.055190
0.054993
0.055296
0.054991
0.055224
0.053939
0.053987
0.053766
0.053975
0.054763
0.054657
0.054882
0.053986
0.054028
0.053931
0.062225
0.056559
0.054842
0.054260
0.051323
0.050924
0.051724
0.052506
0.052529
0.051725
0.044139
0.052354
0.050635
0.059569
0.051691
0.053741
0.046883
0.041970
0.071739
0.070421
0.058703
0.071455
0.076275
0.068646
0.063208
0.059058
0.061785
0.062599
0.032298
0.032090
0.037923
0.038481
0.038009
0.037247
0.035567
0.035683
0.034559
0.032024
0.035633
0.039211
0.040939
0.035706
0.030145
0.035194
0.043318
0.031909
0.063038
0.038493
0.038813
0.035848
0.033050
0.034865
0.036353
0.036349
0.034524
0.034785
0.035039
0.037724
0.039021
0.039699
0.036898
0.038726
0.039421
0.035282
0.046572
0.042786
0.045428
0.047280
0.039122
0.035487
0.033209
0.032776
0.032769
0.031852
0.032130
0.033030
0.036939
0.034476
0.033919
0.035869
0.037484
0.037256
0.036604
0.038368
0.038379
0.037391
0.037366
0.037400
0.034002
0.036304
0.036598
0.033140
0.032468
0.033777
0.032873
0.034400
0.034120
0.034256
0.035818
0.034787
0.036149
0.034704
0.038426
0.035397
0.034657
0.036715
0.037317
0.038121
0.039538
0.038745
0.039068
0.037353
0.038042
0.036981
0.036769
0.036302
0.036283
0.036049
0.036167
0.036270
0.036863
0.037816
0.038077
0.038573
0.038746
0.044850
0.045327
0.045364
0.037765
0.045209
0.045711
0.045780
0.037414
0.042743
0.042713
0.043019
0.044692
0.043141
0.045471
0.038044
0.038814
0.042601
0.036385
0.043615
0.036178
0.033612
0.036724
0.039153
0.031097
0.035417
0.032426
0.031577
0.030669
0.034312
0.031599
0.030488
0.030761
0.034526
0.034156
0.034109
0.015657
0.014065
0.014549
0.013168
0.013019
0.015881
0.014281
0.013868
0.010196
0.009464
0.009131
0.009369
0.008879
0.008796
0.008943
0.008268
0.008682
0.008878
0.008651
0.008338
0.008297
0.008090
0.008380
0.008284
0.008041
0.007934
0.008272
0.007933
0.008914
0.008897
0.008865
0.008868
0.008708
0.008696
0.008831
0.008811
0.008689
0.008754
0.008855
0.008844
0.008141
0.008753
0.008813
0.008943
0.008859
0.008788
0.012937
0.012264
0.011833
0.011448
0.010833
0.010826
0.010605
0.010414
0.010226
0.010063
0.010160
0.010248
0.010875
0.011191
0.011237
0.010725
0.011797
0.012075
0.010765
0.010857
0.011078
0.010762
0.011387
0.010833
0.010797
0.010141
0.010401
0.008875
0.008852
0.010292
0.010975
0.012481
0.013455
0.015015
0.016693
0.016437
0.017119
0.016211
0.014584
0.014539
0.013344
0.012133
0.012086
0.010952
0.010839
0.010698
0.010829
0.009939
0.010546
0.011338
0.012375
0.012805
0.012739
0.012488
0.012286
0.012263
0.011723
0.011592
0.010985
0.010759
0.011760
0.012449
0.012845
0.013838
0.014208
0.016009
0.016318
0.016284
0.016621
0.016312
0.014693
0.013821
0.012500
0.011257
0.011682
0.010941
0.010547
0.010499
0.010801
0.011067
0.012040
0.012692
0.011510
0.011182
0.011490
0.011831
0.010988
0.011086
0.011123
0.011530
0.011284
0.011888
0.012928
0.013411
0.013539
0.015086
0.015726
0.015384
0.014330
0.011596
0.011862
0.011397
0.011224
0.010713
0.010207
0.010550
0.010687
0.011286
0.010690
0.010619
0.011334
0.011298
0.012555
0.012884
0.012886
0.012787
0.012749
0.012654
0.012358
0.012592
0.013932
0.014971
0.015707
0.016998
0.018142
0.019054
0.019498
0.020135
0.021172
0.022320
0.022908
0.022359
0.022330
0.023069
0.017167
0.018488
0.022184
0.011398
0.006131
0.004294
0.000561
0.000000
0.004793
0.002919
0.003187
0.003340
0.003365
0.003599
0.003546
0.004077
0.004722
0.005309
0.004830
0.005519
0.006486
0.006492
0.006485
0.006550
0.008247
0.008304
0.008402
0.007311
0.007721
0.007843
0.007895
0.008013
0.009449
0.009466
0.009404
0.009757
0.009526
0.011137
0.011346
0.009295
0.009296
0.009252
0.009286
0.009286
0.009479
0.009484
0.009483
0.009309
0.009288
0.009289
0.009290
0.009270
0.011418
0.011419
0.011419
0.011414
0.011424
0.011424
0.011424
0.011445
0.011456
0.011447
0.011451
0.011471
0.011472
0.009530
0.010514
0.010512
0.011232
0.010514
0.009565
0.009696
0.009573
0.009574
0.009330
0.010440
0.010437
0.010439
0.010455
0.010448
0.010410
0.010450
0.009659
0.009506
0.009429
0.009614
0.009640
0.009723
0.009724
0.009545
0.009557
0.009556
0.009564
