0.379388
0.379388
0.379388
0.379388
0.379388
0.379388
0.379388
0.379388
0.379388
0.379388
0.379388
0.379388
0.379388
0.379388
0.379388
0.379388
0.379388
0.379388
0.379388
0.379388
0.379388
0.379388
0.379388
0.379388
0.379388
0.379388
0.379388
0.379388
0.379388
0.379388
0.379388
0.379388
0.379388
0.379388
0.379388
0.379388
0.379388
0.379388
0.379388
0.379388
0.379388
0.379388
0.379388
0.379388
0.379388
0.379388
0.379388
0.379388
0.379388
0.379388
0.379388
0.379388
0.379388
0.379388
0.379388
0.379388
0.379388
0.379388
0.035615
0.034562
0.040684
0.036330
0.037048
0.037177
0.036341
0.035978
0.036237
0.035374
0.035534
0.035665
0.034942
0.035000
0.034685
0.040040
0.038464
0.040562
0.035046
0.035810
0.035898
0.035276
0.035560
0.035143
0.035057
0.034675
0.035074
0.034840
0.035095
0.035346
0.035587
0.036482
0.036452
0.035480
0.035361
0.035042
0.035842
0.035680
0.035581
0.035927
0.035890
0.035905
0.035581
0.035955
0.035570
0.035834
0.036350
0.034713
0.034309
0.032656
0.032572
0.033453
0.033542
0.033781
0.032735
0.038498
0.033529
0.033326
0.033000
0.035764
0.032884
0.036198
0.033759
0.032118
0.032231
0.032085
0.033129
0.034353
0.032323
0.037608
0.037450
0.032662
0.032259
0.031791
0.031610
0.031621
0.032453
0.032388
0.038733
0.036055
0.038321
0.032682
0.034855
0.034442
0.035484
0.035491
0.035537
0.036712
0.034457
0.036135
0.038782
0.038278
0.034709
0.034517
0.034417
0.034419
0.035045
0.033577
0.037544
0.036812
0.033574
0.034184
0.034362
0.038735
0.037505
0.034892
0.032989
0.034753
0.037967
0.035849
0.035468
0.033752
0.035590
0.033646
0.039921
0.040096
0.039895
0.040070
0.037406
0.037880
0.037049
0.034010
0.033429
0.034268
0.035834
0.035662
0.033370
0.034298
0.033629
0.033714
0.034159
0.036744
0.034359
0.034026
0.033979
0.034582
0.034618
0.034028
0.033729
0.033996
0.033862
0.034184
0.037470
0.036573
0.035922
0.034689
0.036623
0.036308
0.036224
0.036855
0.037269
0.036782
0.036894
0.036900
0.033735
0.033640
0.033829
0.033558
0.034006
0.036297
0.036521
0.037462
0.035789
0.037228
0.033960
0.033348
0.034676
0.034895
0.035298
0.034218
0.035723
0.034430
0.033759
0.033801
0.033791
0.034397
0.036888
0.037186
0.036178
0.036152
0.033943
0.035311
0.035677
0.035763
0.036385
0.035644
0.035338
0.035395
0.035259
0.035712
0.034319
0.035403
0.035531
0.035242
0.035267
0.034858
0.035128
0.033909
0.034044
0.033892
0.034485
0.035162
0.034911
0.034874
0.034966
0.035137
0.034544
0.034917
0.034842
0.035124
0.034873
0.035224
0.034475
0.034672
0.033904
0.034321
0.033966
0.034538
0.034756
0.033597
0.034479
0.034991
0.035846
0.035091
0.034721
0.034242
0.034495
0.034723
0.034689
0.034261
0.033515
0.034309
0.034308
0.034151
0.032040
0.035992
0.040742
0.037972
0.034813
0.031537
0.031038
0.031696
0.039445
0.030984
0.032416
0.032251
0.033842
0.032279
0.038250
0.034706
0.030935
0.033290
0.033803
0.038156
0.032362
0.032648
0.032373
0.031708
0.034301
0.034060
0.031274
0.032544
0.029991
0.029985
0.033520
0.033421
0.033505
0.033478
0.033762
0.033502
0.033380
0.033813
0.032943
0.033135
0.032956
0.033393
0.033166
0.033049
0.032490
0.032462
0.033308
0.032973
0.032962
0.032857
0.032296
0.032194
0.032327
0.032417
0.032594
0.032143
0.032313
0.032148
0.031810
0.031920
0.031827
0.033444
0.033431
0.033179
0.028338
0.028169
0.028614
0.035379
0.028377
0.028286
0.028254
0.035994
0.035787
0.034114
0.032888
0.033299
0.033070
0.033282
0.031152
0.030619
0.030387
0.034554
0.031849
0.031774
0.030638
0.030962
0.030796
0.030564
0.030560
0.030597
0.030571
0.026893
0.027844
0.028029
0.026925
0.026948
0.027507
0.027297
0.027654
0.027239
0.027732
0.027381
0.027546
0.028059
0.028059
0.027252
0.032605
0.032383
0.031706
0.037952
0.038030
0.038739
0.039519
0.039752
0.039485
0.036274
0.036981
0.036284
0.036337
0.036498
0.037299
0.037714
0.037354
0.037530
0.038199
0.037794
0.038344
0.037183
0.033855
0.039861
0.042642
0.042582
0.043380
0.038953
0.038820
0.039658
0.039853
0.034025
0.032642
0.031897
0.030749
0.030757
0.028104
0.031553
0.031553
0.031430
0.031386
0.032067
0.028542
0.029136
0.025091
0.028217
0.032168
0.035390
0.030615
0.030621
0.029105
0.030757
0.030245
0.029039
0.030166
0.030191
0.029761
0.035882
0.029768
0.035301
0.036784
0.030045
0.030016
0.029907
0.038663
0.038717
0.038129
0.029930
0.030771
0.028992
0.037745
0.037671
0.036449
0.035460
0.035628
0.035857
0.037267
0.037131
0.036935
0.036425
0.036790
0.036118
0.037221
0.031683
0.031671
0.025443
0.025381
0.025303
0.031115
0.032266
0.032313
0.028061
0.028284
0.028016
0.027953
0.029606
0.028029
0.030049
0.030111
0.028631
0.028933
0.030297
0.031046
0.031241
0.030635
0.026235
0.026282
0.026489
0.028187
0.032074
0.027988
0.028453
0.029413
0.033179
0.036124
0.036808
0.035014
0.035256
0.035075
0.034950
0.035381
0.035410
0.026135
0.026656
0.024728
0.025634
0.025264
0.024867
0.024930
0.023710
0.023898
0.024373
0.024520
0.024667
0.024893
0.024966
0.029204
0.028958
0.026243
0.029318
0.023630
0.024053
0.025102
0.024887
0.024355
0.024825
0.024713
0.025000
0.025247
0.025552
0.025036
0.028939
0.032646
0.032144
0.032028
0.029016
0.031521
0.031014
0.026523
0.030504
0.029327
0.028463
0.029377
0.029410
0.029505
0.029381
0.029859
0.030976
0.030578
0.029838
0.031541
0.030733
0.037879
0.036434
0.036667
0.039752
0.039937
0.037079
0.018093
0.018060
0.018018
0.018009
0.018005
0.017998
0.018105
0.017759
0.017373
0.017399
0.017387
0.016838
0.015931
0.015891
0.015109
0.015028
0.015008
0.014629
0.014768
0.014179
0.013991
0.013629
0.013431
0.013409
0.012516
0.011949
0.011921
0.011803
0.010947
0.010764
0.010683
0.010361
0.009979
0.009559
0.009560
0.009652
0.009357
0.009271
0.009246
0.009398
0.009610
0.009462
0.009251
0.009259
0.008898
0.008926
0.009100
0.009182
0.009195
0.009288
0.009002
0.008996
0.008850
0.008747
0.008445
0.008479
0.008412
0.008633
0.008959
0.008861
0.008854
0.009093
0.008933
0.008945
0.008841
0.008827
0.008646
0.008559
0.008408
0.008345
0.008307
0.008457
0.008425
0.008612
0.008290
0.008228
0.008212
0.008785
0.008589
0.008640
0.008334
0.007942
0.007938
0.007628
0.007612
0.007392
0.007241
0.007089
0.007055
0.007126
0.006964
0.006940
0.007075
0.007274
0.007292
0.007092
0.007014
0.006785
0.006538
0.006401
0.006270
0.005868
0.005809
0.005564
0.005396
0.005437
0.005330
0.005321
0.005155
0.004905
0.004668
0.004438
0.003922
0.003725
0.003453
0.003243
0.003107
0.002793
0.002597
0.002246
0.002080
0.002005
0.001588
0.001297
0.001007
0.000752
0.000483
0.000220
0.000096
0.000000
0.000066
0.000146
0.000306
0.000497
0.000758
0.000917
0.001191
0.001399
0.001307
0.001234
0.001601
0.001649
0.001576
0.001630
0.001812
0.001870
0.002012
0.002294
0.002325
0.002210
0.002326
0.002329
0.002330
0.002441
0.002638
0.002803
0.002953
0.002998
0.003190
0.003192
0.003574
0.003491
0.003494
0.003429
0.003434
0.003414
0.003423
0.003790
0.003761
0.003912
0.003885
0.003873
0.003852
0.003825
0.003933
0.003754
0.003819
0.003790
0.003813
0.003929
0.003787
0.003818
0.003856
0.003843
0.003744
0.003797
0.003806
0.003822
0.003817
0.003621
0.003662
0.003552
0.003564
0.003579
0.003434
0.003636
0.003826
0.003877
0.004038
0.004240
0.004384
0.004542
0.004617
0.004747
0.004921
0.005100
0.005309
0.005361
0.005470
0.005557
0.005825
0.006053
0.005991
0.006149
0.006157
0.006487
0.006313
0.006499
0.006491
0.006440
0.006496
0.006562
0.006477
0.006314
0.006346
0.006182
0.006223
0.005970
0.005983
0.006040
0.006005
0.005856
0.005811
0.005697
0.005725
0.005565
0.005572
0.005565
0.005399
0.005222
0.005152
0.005183
0.004973
0.005037
0.005039
0.004931
0.004959
0.004915
0.005384
0.005188
0.005225
0.005297
0.005282
0.005341
0.005736
0.006128
0.006128
0.006345
0.006159
0.006166
0.006326
0.006477
0.006679
0.006677
0.006851
0.006897
0.006958
0.007040
0.006993
0.007062
0.007184
0.007168
0.007129
0.007125
0.007192
0.007268
0.007258
0.007214
0.007292
0.007217
0.007217
0.007206
0.007123
0.007090
0.006891
0.006889
0.006739
0.006760
0.006584
0.006432
0.006631
0.006483
0.006204
0.006104
0.006120
0.006069
0.006079
0.006135
0.006243
0.006252
0.006395
0.006481
0.006468
0.006777
0.006953
0.006889
0.006887
0.006965
0.006859
0.006835
0.006831
0.006926
0.006915
0.006725
0.006782
0.006654
0.006660
0.006680
0.006750
0.006974
0.007042
0.007044
0.007569
0.007758
0.007990
0.007915
0.007900
0.007898
0.007860
0.007878
0.008023
0.007934
0.008028
0.008338
0.008326
0.008461
0.008556
0.008696
0.008828
0.009148
0.009104
0.009271
0.009258
0.009369
0.009465
0.009372
0.009404
0.009283
0.009577
0.009597
0.009105
0.009288
0.009290
0.008822
0.008782
0.009025
0.008950
0.008953
0.008767
0.008796
0.008568
0.008564
0.008575
0.008633
0.008523
0.008541
0.008772
0.008697
0.008683
0.008644
0.008849
0.008858
0.008859
0.008811
0.008771
0.008468
0.008442
0.008464
0.008483
0.008487
0.008116
0.007944
0.008352
0.008383
0.008555
0.008601
0.008560
0.008633
0.008777
0.008753
0.008758
0.009012
0.008749
0.008802
0.009185
0.009200
0.009328
0.009231
0.009192
0.008885
0.009002
0.009011
0.008870
0.009007
0.008926
0.008932
0.008941
0.008993
0.008995
0.008944
0.009001
0.008983
0.009039
0.009053
0.009059
0.008991
0.009073
0.009007
0.008981
0.009033
0.009029
0.009023
0.009124
0.009130
0.009168
0.009345
0.009337
0.009265
0.009213
0.009216
0.009328
0.009351
0.009349
0.009128
0.009263
0.009259
0.009256
0.009304
0.009316
0.009268
0.009324
0.009391
0.009396
0.009470
0.009314
0.009320
0.009124
0.009136
0.009305
0.009118
0.009456
0.009447
0.009251
0.009447
0.009456
0.009241
0.009133
0.009146
0.009156
0.009197
0.009181
0.009290
0.009281
0.009041
0.008988
0.009028
0.009116
0.009108
0.009230
0.009201
0.009219
0.009330
0.009374
0.009416
0.009403
0.009356
0.009353
0.009438
0.009436
0.009427
0.009571
0.009605
0.009595
0.009750
0.009718
0.009722
0.009615
0.009508
0.009506
0.009351
0.009345
0.009308
0.009304
0.009068
0.008942
0.009038
0.008970
0.008872
0.008794
0.009177
0.009185
0.009417
0.009516
0.009689
0.009471
0.009886
0.009982
0.009994
0.010038
0.009875
0.009798
0.009866
0.009559
0.009562
0.009607
0.009803
0.010074
0.009946
0.009958
0.009737
0.009737
0.009871
0.009865
0.010457
0.010025
0.009831
0.009822
0.010019
0.010242
0.010205
0.010127
0.010069
0.010256
0.009528
0.009386
0.009587
0.009622
0.009291
0.009386
0.009377
0.009149
0.009116
0.009078
0.009014
0.008703
0.008861
0.008957
0.008876
0.008887
0.008842
0.008857
0.008922
0.008899
0.009023
0.008953
0.009015
0.009099
0.009102
0.009254
0.009353
0.009281
0.009324
0.009190
0.009417
0.009239
0.009235
0.009243
0.009620
0.009964
0.010220
0.010581
0.010310
0.010664
0.011034
0.011024
0.010821
0.010676
0.010714
0.011033
0.010723
0.010903
0.011679
0.011634
0.011841
0.012034
0.012102
0.011976
0.011750
0.011348
0.011121
0.010410
0.011325
0.010367
0.011143
0.010912
0.010350
0.011090
0.011167
0.012026
0.011872
0.010490
0.011081
0.010607
0.011139
0.010931
0.011554
0.010940
0.011180
0.011034
0.010986
0.010950
0.011598
0.012339
0.012962
0.013796
0.014109
0.014148
0.014210
0.014281
0.014300
0.014720
0.014646
0.014713
0.014966
0.015169
0.014225
0.014190
0.014328
0.014919
0.014917
0.014917
0.014508
0.015126
0.014854
0.015585
0.014716
0.014620
0.013701
0.014927
0.014812
0.015228
0.015702
0.015381
0.014892
0.015139
0.014245
0.015571
0.014367
0.014689
0.015209
0.014461
0.014404
0.014252
0.014009
0.014087
0.014233
0.014540
0.015028
0.014938
0.014928
0.015189
0.015141
0.014999
0.015420
0.015215
0.015614
0.015880
0.015794
0.015228
0.015604
0.015504
0.015471
0.015876
0.015513
0.015186
0.016103
0.016046
0.022975
0.024926
0.015931
0.016186
0.016201
0.017047
0.024934
0.024666
0.024998
0.026332
0.026147
0.027336
0.027522
0.027841
0.027361
0.027302
0.027271
0.027355
0.027328
0.028818
0.029150
0.029092
0.027149
0.027858
0.026501
0.026715
0.026290
0.028369
0.027558
0.026571
0.025962
0.025944
0.027226
0.027131
0.027417
0.025629
0.025745
0.026455
0.025082
0.024736
0.028168
0.028874
0.027921
0.024476
0.024942
0.028019
0.027255
0.025670
0.027398
0.028246
0.026726
0.027736
0.028667
0.027651
0.028458
0.027922
0.027595
0.033202
0.035560
0.035609
0.032860
0.034450
0.035214
0.030424
0.036982
0.034242
0.029099
0.034008
0.034678
0.039867
0.040402
0.042347
0.041610
0.042687
0.043467
0.041569
0.042412
0.045149
0.045632
0.046072
0.041160
0.044692
0.044758
0.042622
0.042785
0.040591
0.042172
0.044236
0.042651
0.040356
0.040344
0.042980
0.043811
0.045299
0.045632
0.047059
0.045848
0.043044
0.043732
0.041099
0.044585
0.043146
0.041921
0.043373
0.044143
0.043606
0.044548
0.044688
0.053248
0.053768
0.053748
0.045963
0.045978
0.045841
0.046886
0.041342
0.042194
0.045426
0.045550
0.043279
0.044928
0.045515
0.047299
0.047011
0.045700
0.048947
0.048676
0.048422
0.048696
0.048785
0.048916
0.049006
0.050141
0.049066
0.048481
0.046954
0.048628
0.048426
0.049345
0.048292
0.042672
0.042717
0.065629
0.051121
0.049811
0.050995
0.050704
0.050933
0.049922
0.049852
0.048505
0.048275
0.048716
0.049086
0.048714
0.050733
0.050903
0.064713
0.056990
0.057277
0.059275
0.049213
0.051270
0.055802
0.055910
0.060982
0.053317
0.050233
0.051664
0.050683
0.050910
0.051329
0.051044
0.050469
0.050415
0.049896
0.045181
0.048401
0.047107
0.047251
0.047627
0.047575
0.047115
0.050320
0.049652
0.049592
0.049821
0.049749
0.049765
0.050016
0.049662
0.049772
0.049591
0.049021
0.048927
0.048930
0.048735
0.048537
0.049452
0.047274
0.045842
0.046690
0.050152
0.049800
0.050366
0.050547
0.050305
