0.238348
0.139342
0.157212
0.203312
0.241294
0.282047
0.231304
0.180545
0.135296
0.106287
0.067108
0.058792
0.053375
0.051867
0.054451
0.053215
0.054758
0.052717
0.054655
0.054265
0.055034
0.054810
0.054168
0.054474
0.054608
0.054303
0.052043
0.052314
0.053004
0.052823
0.052078
0.053467
0.051848
0.056687
0.057262
0.051968
0.051412
0.057425
0.059754
0.054651
0.057669
0.058386
0.043660
0.043444
0.043756
0.044155
0.043950
0.043372
0.043511
0.043403
0.043748
0.043388
0.043607
0.043759
0.043969
0.043786
0.044014
0.043663
0.043157
0.044682
0.044470
0.043712
0.043540
0.043388
0.042848
0.042943
0.044089
0.044471
0.043681
0.048537
0.046044
0.048264
0.048857
0.051928
0.048758
0.051427
0.047856
0.077054
0.071842
0.072867
0.072618
0.070969
0.074404
0.075348
0.071787
0.069737
0.078115
0.072906
0.074441
0.074523
0.069009
0.074075
0.076020
0.080300
0.081236
0.080912
0.077690
0.079389
0.078068
0.079939
0.077616
0.078929
0.078227
0.083109
0.074501
0.077155
0.075641
0.076744
0.075739
0.075463
0.074987
0.077782
0.086678
0.084344
0.076040
0.076203
0.100084
0.083773
0.083781
0.077102
0.110969
0.122720
0.121756
0.107150
0.121081
0.121145
0.121491
0.119522
0.115429
0.119347
0.120636
0.127453
0.088890
0.089693
0.117608
0.113808
0.112271
0.122793
0.125031
0.120872
0.120362
0.118020
0.123599
0.124303
0.127620
0.121885
0.122189
0.119842
0.094811
0.090412
0.103223
0.090025
0.092112
0.091300
0.090024
0.091351
0.091026
0.090433
0.091622
0.114367
0.110917
0.090617
0.114660
0.110708
0.128089
0.119510
0.128820
0.125327
0.128810
0.131833
0.130740
0.129967
0.130886
0.132383
0.130058
0.127192
0.130272
0.130123
0.126208
0.125624
0.108730
0.112376
0.112520
0.111638
0.111704
0.111474
0.111807
0.115842
0.117142
0.125218
0.088818
0.130711
0.269368
0.320366
0.326315
0.241467
0.100891
0.064660
0.078491
0.110382
0.126065
0.138910
0.142406
0.144339
0.144545
0.144579
0.144629
0.144634
0.144634
0.144629
0.144629
0.144629
0.144629
0.144629
0.144629
0.144629
0.144629
0.144629
0.144629
0.144629
0.144629
0.144629
0.144629
0.144629
0.144629
0.144629
0.144629
0.144629
0.144629
0.144629
0.144629
0.144629
0.215131
0.217654
0.215034
0.213319
0.214284
0.213600
0.211598
0.217842
0.214562
0.241566
0.240402
0.239673
0.237247
0.243016
0.236579
0.235902
0.243003
0.247690
0.243972
0.256553
0.253946
0.253462
0.255910
0.233533
0.249686
0.245308
0.248324
0.247856
0.235648
0.230688
0.243652
0.232620
0.227116
0.242300
0.227651
0.239886
0.240953
0.242686
0.238603
0.228283
0.226392
0.223562
0.245108
0.237690
0.239391
0.236879
0.248508
0.246295
0.247992
0.252061
0.251802
0.250333
0.237820
0.252430
0.246374
0.248475
0.238420
0.240154
0.239611
0.236088
0.247176
0.253769
0.246842
0.257743
0.255683
0.249439
0.249593
0.251824
0.252254
0.254005
0.246890
0.252415
0.253759
0.254234
0.251474
0.250206
0.250627
0.224618
0.230231
0.248826
0.257492
0.224240
0.239318
0.257106
0.255671
0.262732
0.260700
0.258045
0.244381
0.244704
0.243365
0.245792
0.031269
0.033412
0.034821
0.029523
0.033124
0.029679
0.029854
0.029870
0.029949
0.029731
0.029794
0.030624
0.029960
0.030354
0.031126
0.031020
0.029929
0.030711
0.028102
0.029784
0.029893
0.028973
0.030163
0.029122
0.028997
0.028502
0.029107
0.030339
0.030540
0.029225
0.030792
0.031021
0.029662
0.030614
0.034862
0.034322
0.028585
0.029406
0.028778
0.029860
0.029937
0.029317
0.029461
0.030163
0.032127
0.030692
0.030817
0.047721
0.038008
0.040216
0.029303
0.029941
0.043097
0.027172
0.046598
0.044952
0.038804
0.043041
0.043138
0.035045
0.042042
0.042810
0.043246
0.043211
0.043630
0.043982
0.046432
0.044469
0.044786
0.044176
0.044503
0.043667
0.045776
0.044637
0.044295
0.045490
0.044889
0.049125
0.043984
0.047826
0.052630
0.052916
0.051464
0.053438
0.053627
0.053081
0.055030
0.057028
0.058685
0.050823
0.050370
0.054567
0.060640
0.054281
0.063129
0.054755
0.054670
0.055413
0.058228
0.060371
0.063310
0.055189
0.060353
0.051327
0.053077
0.049045
0.049992
0.055999
0.057780
0.049003
0.057918
0.047201
0.049540
0.053183
0.049107
0.054478
0.045872
0.061978
0.047147
0.045029
0.057491
0.043471
0.057199
0.054242
0.054676
0.060193
0.052186
0.055762
0.063578
0.068350
0.064331
0.067114
0.064061
0.067253
0.067864
0.067830
0.063943
0.067342
0.061681
0.062726
0.059381
0.046966
0.056872
0.052663
0.059936
0.057365
0.060236
0.059097
0.057848
0.058866
0.038679
0.037306
0.036177
0.037097
0.038266
0.038436
0.037484
0.037415
0.036593
0.036656
0.036460
0.057893
0.037246
0.055615
0.056096
0.059077
0.056340
0.057480
0.037806
0.037380
0.063936
0.064652
0.065400
0.066434
0.066428
0.067052
0.069938
0.071501
0.072535
0.072209
0.071904
0.071922
0.072589
0.072933
0.072570
0.073785
0.073851
0.041107
0.040994
0.042463
0.042512
0.042402
0.041630
0.041204
0.041362
0.039225
0.038158
0.039806
0.070875
0.070699
0.069880
0.069378
0.069462
0.069492
0.069744
0.068452
0.068139
0.068506
0.068538
0.069014
0.070053
0.069478
0.070969
0.069351
0.069087
0.068934
0.069352
0.069414
0.070174
0.068872
0.069919
0.068377
0.067926
0.068365
0.068487
0.068486
0.067906
0.067831
0.067831
0.069368
0.069516
0.069505
0.068472
0.068755
0.068636
0.069848
0.068731
0.192314
0.205875
0.204052
0.207300
0.202808
0.195383
0.191773
0.194144
0.192093
0.192541
0.188263
0.187511
0.190302
0.188714
0.189204
0.186228
0.189404
0.189601
0.189187
0.192964
0.196209
0.192988
0.197792
0.194788
0.197612
0.198242
0.193133
0.190831
0.187451
0.184734
0.180978
0.170552
0.168772
0.168416
0.168347
0.170387
0.170281
0.167974
0.168044
0.166242
0.131386
0.125879
0.130552
0.133007
0.132398
0.132291
0.132735
0.128747
0.132944
0.134881
0.135219
0.134145
0.135572
0.133015
0.139439
0.132736
0.136899
0.129767
0.133348
0.133238
0.135259
0.135913
0.135841
0.127336
0.127447
0.125287
0.126209
0.128175
0.126256
0.126198
0.129809
0.128288
0.128754
0.129236
0.128448
0.144104
0.122839
0.127424
0.124595
0.123837
0.125278
0.123758
0.126352
0.126896
0.121818
0.133072
0.136627
0.124006
0.135616
0.138760
0.135237
0.136823
0.134602
0.135668
0.140638
0.149246
0.123196
0.122619
0.123762
0.121984
0.125354
0.131544
0.131525
0.133570
0.136033
0.134525
0.133543
0.136738
0.135712
0.135843
0.156706
0.154297
0.156901
0.157290
0.150928
0.152465
0.149790
0.137390
0.140348
0.141241
0.122826
0.124883
0.125168
0.123887
0.122395
0.123394
0.123318
0.123963
0.127553
0.126789
0.126933
0.127169
0.127321
0.125280
0.125845
0.125297
0.125033
0.124671
0.125187
0.124470
0.126726
0.120518
0.125195
0.123825
0.123860
0.124085
0.128080
0.123799
0.124567
0.129403
0.124056
0.123878
0.124026
0.126025
0.123287
0.131203
0.127285
0.129823
0.126399
0.124284
0.123336
0.123213
0.122846
0.124839
0.124321
0.126552
0.127102
0.134920
0.129691
0.126096
0.134237
0.134677
0.128630
0.130061
0.136360
0.136996
0.134352
0.079189
0.081111
0.078840
0.079198
0.080423
0.080088
0.079779
0.081008
0.080904
0.080136
0.081715
0.083475
0.082865
0.084604
0.085230
0.085329
0.088423
0.087718
0.087742
0.089237
0.090496
0.091101
0.092774
0.092759
0.092718
0.094771
0.094952
0.095519
0.096768
0.096942
0.096322
0.098380
0.098366
0.098258
0.097983
0.098914
0.099941
0.102187
0.103087
0.101738
0.096480
0.100514
0.100546
0.117761
0.101912
0.104542
0.104508
0.104428
0.102964
0.104939
0.103475
0.103402
0.105793
0.106534
0.107679
0.108909
0.112830
0.112306
0.113898
0.114371
0.116582
0.126684
0.127298
0.126108
0.119218
0.120486
0.121906
0.121538
0.122403
0.114466
0.116281
0.115723
0.115556
0.116151
0.117752
0.117682
0.117106
0.117338
0.115950
0.117862
0.117775
0.119603
0.118358
0.116677
0.116821
0.118058
0.118465
0.117613
0.116921
0.116296
0.116339
0.116921
0.117558
0.115915
0.115346
0.115292
0.115183
0.114930
0.114190
0.113677
0.112456
0.113077
0.113265
0.111591
0.112514
0.115458
0.201656
0.199797
0.198766
0.197783
0.202051
0.194461
0.196069
0.202141
0.195100
0.198665
0.197800
0.195059
0.201039
0.201097
0.199354
0.200652
0.203784
0.204224
0.189119
0.188737
0.186979
0.199831
0.201126
0.199578
0.200489
0.201835
0.201522
0.200051
0.189019
0.189071
0.189985
0.187642
0.205180
0.185961
0.197528
0.202249
0.191503
0.188818
0.204589
0.207290
0.206504
0.210878
0.209996
0.214871
0.213865
0.210495
0.208933
0.209081
0.211812
0.218138
0.214033
0.214046
0.214262
0.215877
0.214405
0.213629
0.218342
0.220983
0.222541
0.203178
0.197494
0.201510
0.202652
0.200763
0.212977
0.215458
0.214193
0.212095
0.211023
0.212275
0.213208
0.217894
0.205124
0.206310
0.208140
0.205743
0.219921
0.218562
0.219598
0.221850
0.217650
0.217085
0.216961
0.218980
0.216595
0.217983
0.220334
0.221679
0.211038
0.210173
0.222087
0.212983
0.225242
0.181923
0.221900
0.204482
0.089180
0.091992
0.092931
0.094217
0.095030
0.094924
0.092984
0.091822
0.091441
0.090550
0.089992
0.091412
0.091189
0.091719
0.091079
0.091418
0.090515
0.090669
0.091133
0.089548
0.089604
0.089477
0.090755
0.091425
0.090785
0.093007
0.090534
0.091069
0.090270
0.090005
0.090237
0.089492
0.090230
0.089719
0.089272
0.088827
0.088605
0.088027
0.089806
0.089141
0.088681
0.089027
0.089548
0.089190
0.088607
0.089359
0.088596
0.087965
0.088887
0.087874
0.087816
0.087062
0.088646
0.088542
0.087836
0.087829
0.089102
0.089172
0.088762
0.088647
0.088389
0.088462
0.089326
0.088177
0.089384
0.089346
0.088400
0.088607
0.089269
0.088692
0.089535
0.088406
0.089253
0.089495
0.088615
0.088616
0.088585
0.134828
0.131783
0.129642
0.129678
0.128158
0.130826
0.124195
0.125016
0.127410
0.126087
0.127856
0.127291
0.128283
0.133792
0.130793
0.134080
0.135313
0.134286
0.130336
0.129885
0.132606
0.134012
0.135154
0.132663
0.133368
0.127550
0.129849
0.129553
0.113877
0.114043
0.130863
0.129813
0.128776
0.135408
0.123224
0.130340
0.128627
0.131763
0.128505
0.129396
0.128798
0.133036
0.125504
0.126260
0.122683
0.121756
0.127045
0.128808
0.123657
0.125626
0.126618
0.127089
0.130422
0.124832
0.125283
0.123977
0.126405
0.126677
0.127206
0.127330
0.127231
0.132520
0.139974
0.144884
0.144645
0.145142
0.149695
0.146874
0.148471
0.148455
0.145144
0.143576
0.140883
0.142455
0.142852
0.138041
0.141051
0.137381
0.136077
0.127794
0.126340
0.124957
0.125242
0.126240
0.125231
0.125408
0.124361
0.123716
0.126005
0.123776
0.125051
0.124470
0.122339
0.121234
0.120914
0.123348
0.119363
0.122475
0.127799
0.128268
0.125482
0.124734
0.125558
0.126173
0.125817
0.125007
0.125433
0.126177
0.126606
0.125011
0.126491
0.125913
0.125996
0.126227
0.126548
0.125982
0.125751
0.125631
0.126388
0.123845
0.125098
0.124063
0.124232
0.123346
0.123741
0.122485
0.122827
0.121779
0.121021
0.121021
0.122039
0.124693
0.122406
0.126635
0.126736
0.126518
0.126770
0.127359
0.120786
0.088270
0.086931
0.087548
0.086440
0.086079
0.084681
0.084466
0.084340
0.083266
0.081786
0.081651
0.082245
0.079599
0.078506
0.077726
0.078180
0.076555
0.076735
0.070047
0.066882
0.072507
0.074207
0.069111
0.071811
0.066735
0.068630
0.062922
0.067080
0.064890
0.062761
0.066661
0.061993
0.060223
0.068866
0.068222
0.067708
0.060678
0.059871
0.060995
0.063238
0.063709
0.056095
0.055904
0.054492
0.053732
0.054197
0.054293
0.053714
0.053925
0.053906
0.053129
0.052371
0.052968
0.090427
0.087074
0.089493
0.088717
0.091330
0.090012
0.088807
0.089287
0.090038
0.088112
0.090261
0.089771
0.087633
0.089489
0.088354
0.088642
0.086561
0.088115
0.087091
0.087408
0.086709
0.087387
0.089110
0.087977
0.081119
0.079545
0.089214
0.087991
0.088377
0.088068
0.088626
0.087982
0.086513
0.087089
0.088075
0.086540
0.086852
0.087120
0.080609
0.087406
0.079923
0.086323
0.084070
0.080863
0.084343
0.084582
0.083702
0.096609
0.090704
0.099718
0.098583
0.098907
0.099077
0.100089
0.101065
0.101993
0.102845
0.102391
0.102254
0.087481
0.088049
0.087785
0.087438
0.088536
0.093852
0.097470
0.098084
0.091190
0.088515
0.088630
0.097220
0.097011
0.100185
0.089799
0.089392
0.089685
0.090118
0.089936
0.091386
0.091645
0.091252
0.093019
0.098896
0.096875
0.089983
0.090495
0.096592
0.092169
0.092536
0.095870
0.096594
0.091932
0.085894
0.096696
0.092290
0.092074
0.092616
0.093005
0.091400
0.091850
0.093760
0.089777
0.083873
0.085600
0.084052
0.083957
0.096161
0.084135
0.080207
0.080872
0.080519
0.094625
0.082317
0.081642
0.081735
0.083876
0.084094
0.083236
0.090890
0.088873
0.086577
0.090007
0.083805
0.090741
0.090929
0.091442
0.086166
0.086616
0.084525
0.084257
0.085387
0.085158
0.086179
0.084551
0.084574
0.084398
0.083817
0.083629
0.085225
0.085591
0.084695
0.084456
0.083071
0.084306
0.084736
0.081872
0.081532
0.082883
0.083200
0.084417
0.083668
0.084779
0.083103
0.084784
0.084146
0.084455
0.084037
0.083501
0.084488
0.084501
0.085812
0.084177
0.084692
0.083491
0.082580
0.084349
0.083229
0.082300
0.081430
0.080827
0.081582
0.081673
0.081854
0.082857
0.081177
0.080015
0.082504
0.084527
0.083244
0.082902
0.082957
0.083410
0.082970
0.083169
0.086261
0.088227
0.088595
0.086790
0.088026
0.088384
0.083316
0.081785
0.082601
0.080428
0.081477
0.081682
0.081969
0.081632
0.081641
0.081524
0.081022
0.080550
0.081608
0.082005
0.082253
0.083500
0.083262
0.080715
0.082104
0.081432
0.084150
0.083610
0.082767
0.081845
0.082455
0.082121
0.080790
0.081025
0.079249
0.078788
0.078618
0.080005
0.080814
0.080154
0.080874
0.081072
0.080075
0.080625
0.082182
0.080923
0.082324
0.081549
0.082136
0.081900
0.083269
0.081945
0.108062
0.106620
0.109307
0.109347
0.109106
0.110644
0.114148
0.112591
0.113432
0.117633
0.118901
0.111988
0.112546
0.113142
0.136261
0.140629
0.140941
0.144848
0.136917
0.119681
0.129591
0.122720
0.141088
0.124892
0.119912
0.122700
0.129583
0.120760
0.122069
0.126626
0.124438
0.121779
0.126128
0.124805
0.126284
0.123566
0.124763
0.124496
0.128361
0.128625
0.130158
0.125267
0.128693
0.123380
0.130754
0.129694
0.129309
0.130971
0.072012
0.072585
0.074750
0.073215
0.073359
0.073695
0.074346
0.074964
0.076439
0.075599
0.075848
0.075942
0.075467
0.076148
0.077375
0.079675
0.079497
0.076164
0.077927
0.076554
0.075867
0.075670
0.076199
0.076792
0.075866
0.077581
0.078296
0.075362
0.077778
0.075467
0.077423
0.075216
0.076371
0.078574
0.077757
0.077883
0.077252
0.077052
0.078036
0.077796
0.077365
0.077534
0.077480
0.077731
0.077203
0.077808
0.077994
0.082410
0.086735
0.085244
0.083954
0.083583
0.083587
0.081923
0.084103
0.083787
0.082946
0.082752
0.083085
0.083963
0.083048
0.084351
0.084016
0.083244
0.083403
0.085288
0.083669
0.083544
0.081975
0.081241
0.082477
0.079055
0.081889
0.081138
0.082239
0.083576
0.081377
0.083103
0.084670
0.083679
0.083581
0.084088
0.084172
0.084249
0.083994
0.084174
0.081550
0.083285
0.084487
0.084357
0.084395
0.083037
0.083831
0.083293
0.091624
0.091446
0.078252
0.087182
0.090303
0.093647
0.095824
0.098553
0.092338
0.093463
0.087927
0.094495
0.093647
0.095579
0.094823
0.094721
0.097017
0.093399
0.100347
0.098710
0.097477
0.099524
0.095058
0.098184
0.099084
0.096474
0.096149
0.095966
0.095122
0.091823
0.091981
0.090612
0.088490
0.088981
0.091870
0.089302
0.089307
0.092290
0.092642
0.093121
0.092785
0.092783
0.092750
0.089549
0.087657
0.094915
0.096099
0.094487
0.085477
0.098215
0.102878
0.102406
0.094528
0.101340
0.100526
0.104122
0.101771
0.097761
0.101653
0.114344
0.109285
0.108818
0.106758
0.105633
0.105310
0.108875
0.105605
0.104878
0.106550
0.105850
0.103545
0.102055
0.116382
0.117221
0.116113
0.118071
0.119261
0.118318
0.118995
0.117240
0.120359
0.119147
0.119317
0.118938
0.119613
0.118187
0.116420
0.119855
0.116266
0.117009
0.114166
0.116617
0.113256
0.116090
0.114410
0.114674
0.115306
0.115010
0.115204
0.114835
0.115966
0.111650
0.112418
0.112757
0.112631
0.113317
0.113637
0.113468
0.112820
0.111997
0.111691
0.111413
0.111971
0.111049
0.108686
0.108879
0.113180
0.115091
0.115096
0.115396
0.116205
0.114793
0.111705
0.115679
0.110633
0.110557
0.111830
0.109170
0.110452
0.088816
0.088742
0.089543
0.091033
0.090659
0.090762
0.090797
0.090311
0.089133
0.090691
0.088058
0.081518
0.080749
0.079578
0.080485
0.088629
0.079643
0.088751
0.078447
0.087566
0.090700
0.081978
0.089113
0.089141
0.088974
0.088183
0.078212
0.088097
0.088007
0.087976
0.087796
0.087606
0.087709
0.088591
0.087688
0.087876
0.087949
0.084975
0.084996
0.083789
0.083965
0.087110
0.084523
0.083340
0.082898
0.083745
0.083790
0.084038
0.083384
0.083942
0.083680
0.083601
0.083888
0.082891
0.083252
0.082262
0.083512
0.083677
0.082615
0.083054
0.082133
0.082784
0.083283
0.061860
0.059909
0.059587
0.059652
0.061377
0.060234
0.060507
0.052203
0.057826
0.056617
0.057408
0.133470
0.160876
0.143117
0.139186
0.122102
0.110139
0.121608
0.123490
0.124432
0.116894
0.103169
0.115234
0.105997
0.120442
0.118551
0.114545
0.127956
0.126165
0.124278
0.119791
0.106010
0.116229
0.113400
0.122270
0.111954
0.126690
0.125884
0.126122
0.129508
0.123715
0.120542
0.110907
0.118554
0.122364
0.116465
0.117003
0.117806
0.117849
0.122794
0.120694
0.116189
0.120997
0.112187
0.118689
0.109151
0.108633
0.106216
0.091347
0.098382
0.097090
0.105002
0.106522
0.098222
0.103083
0.101453
0.101832
0.094946
0.108762
0.106255
0.108166
0.102308
0.103199
0.102052
0.107292
0.102276
0.108514
0.117483
0.106274
0.113074
0.106308
0.116522
0.111407
0.114014
0.116024
0.107592
0.111110
0.115300
0.107034
0.103237
0.105142
0.110012
0.105549
0.106739
0.114046
0.104615
0.118662
0.111416
0.110345
0.106253
0.106416
0.106953
0.107132
0.104970
0.130302
0.127373
0.133314
0.133710
0.132031
0.143612
0.134435
0.141198
0.137510
0.133299
0.137348
0.139071
0.161987
0.137001
0.132546
0.132966
0.136104
0.138735
0.130273
0.137072
0.132529
0.130198
0.129624
0.131450
0.133497
0.136891
0.128853
0.131014
0.150731
0.130023
0.132571
0.132351
0.132493
0.132911
0.138097
0.136013
0.127876
0.133765
0.133249
0.126697
0.136029
0.137332
0.125291
0.125421
0.135563
0.124732
0.133251
0.133212
0.135258
0.134808
0.125356
0.136257
0.136024
0.139327
0.131976
0.141171
0.134083
0.139524
0.136370
0.141081
0.139385
0.131554
0.131551
0.134169
0.134356
0.139819
0.138408
0.136659
0.144436
0.138601
0.140666
0.138516
0.115255
0.123565
0.112798
0.114455
0.111477
0.111898
0.111314
0.109498
0.083418
0.082996
0.082134
0.082698
0.082752
0.082351
0.081740
0.083971
0.084799
0.083405
0.081778
0.082233
0.084081
0.083848
0.081584
0.081652
0.081943
0.083494
0.082373
0.082213
0.082587
0.080275
0.082622
0.082486
0.083999
0.082753
0.080745
0.082366
0.085175
0.086076
0.083091
0.085570
0.084334
0.083093
0.085719
0.084443
0.082652
0.086142
0.081593
0.082321
0.079979
0.081986
0.080562
0.080617
0.084077
0.083678
0.082409
0.084342
0.085301
0.083492
0.084783
0.084240
0.084718
0.085080
0.082868
0.082193
0.083013
0.083097
0.085370
0.082428
0.085010
0.083175
0.082693
0.082056
0.086767
0.084109
0.084608
0.083300
0.083218
0.082423
0.081837
0.082342
0.081979
0.079591
0.078986
0.082999
0.082354
0.081251
0.080753
0.081352
0.079769
0.077389
0.077772
0.081970
0.080359
0.083146
0.082540
0.082777
0.084073
0.083109
0.084034
0.081321
0.084420
0.084805
0.082016
0.084870
0.083543
0.080741
0.081959
0.081636
0.082559
0.083334
0.079269
0.081049
0.080925
0.082974
0.082670
0.083084
0.084226
0.084413
0.084543
0.085167
0.085257
0.083791
0.106282
0.107147
0.107415
0.108718
0.110104
0.110652
0.109288
0.108510
0.108203
0.108300
0.111052
0.112331
0.107444
0.109989
0.109664
0.108414
0.111809
0.111080
0.108821
0.109342
0.109772
0.107254
0.110396
0.109165
0.111604
0.111990
0.110008
0.111619
0.112788
0.113669
0.112588
0.110479
0.112560
0.112334
0.113731
0.113121
0.112784
0.112843
0.112721
0.110831
0.112367
0.119051
0.118881
0.119271
0.118799
0.117413
0.119222
0.119112
0.119796
0.114140
0.117606
0.117335
0.117782
0.117088
0.117203
0.112778
0.116975
0.118161
0.120730
0.114984
0.119890
0.119891
0.113130
0.112700
0.111163
0.116480
0.116539
0.116112
0.099080
0.101289
0.100635
0.101325
0.099698
0.100331
0.099566
0.101168
0.105741
0.100164
0.108150
0.105355
0.099414
0.100642
0.101452
0.102074
0.098600
0.100644
0.104543
0.102305
0.101178
0.098765
0.104979
0.101280
0.101748
0.104940
0.104002
0.103962
0.111325
0.101408
0.103838
0.107305
0.105608
0.105870
0.104503
0.103378
0.102079
0.104725
0.104102
0.107201
0.103078
0.102234
0.102674
0.102614
0.104648
0.104753
0.102762
0.099613
0.100568
0.100272
0.100853
0.099207
0.100551
0.101402
0.101359
0.100705
0.099668
0.100178
0.102105
0.101708
0.098401
0.104689
0.097293
0.102641
0.103581
0.098433
0.100901
0.097710
0.099759
0.100478
0.100864
0.098475
0.101093
0.100434
0.099478
0.100817
0.096873
0.100545
0.098608
0.099278
0.098765
0.099147
0.098725
0.097697
0.099105
0.100510
0.100243
0.096876
0.097661
0.099526
0.098408
0.102897
0.100260
0.098087
0.097679
0.099038
0.097655
0.101892
0.101934
0.097156
0.099537
0.099420
0.100008
0.100186
0.101038
0.101174
0.101373
0.099224
0.098487
0.098558
0.100952
0.096701
0.098938
0.100569
0.104109
0.097600
0.100127
0.101103
0.100556
0.098464
0.098118
0.096977
0.096674
0.100551
0.103731
0.100946
0.098765
0.092951
0.095707
0.101430
0.102203
0.106209
0.096892
0.102340
0.097935
0.096044
0.094462
0.096142
0.099411
0.104893
0.103037
0.098943
0.100715
0.101319
0.103733
0.099887
0.106986
0.101158
0.101513
0.107956
0.116458
0.111150
0.106313
0.112897
0.118640
0.110772
0.114530
0.119355
0.118549
0.119981
0.119509
0.120407
0.120950
0.116962
0.122742
0.122487
0.120789
0.121795
0.123003
0.122145
0.123101
0.126435
0.123454
0.126154
0.123666
0.124829
0.126801
0.129591
0.132169
0.129261
0.130508
0.130273
0.127209
0.130899
0.133228
0.133221
0.133501
0.136450
0.137375
0.135491
0.135414
0.137647
0.137272
0.136664
0.133272
0.133729
0.134038
0.132253
0.131477
0.132324
0.132003
0.129694
0.131935
0.134596
0.134317
0.135825
0.138285
0.135724
0.133398
0.135181
0.135817
0.135301
0.134927
0.131416
0.137320
0.132723
0.140035
0.141186
0.132481
0.141240
0.140720
0.134129
0.135431
0.135576
0.137663
0.142473
0.131315
0.138749
0.138163
0.137866
0.139617
0.134900
0.143116
0.146868
0.143005
0.153824
0.153062
0.150234
0.150176
0.150934
0.146803
0.147128
0.163644
0.157563
0.051848
0.064544
0.052248
0.048860
0.058314
0.056906
0.051423
0.057568
0.057446
0.056872
0.051270
0.051638
0.048842
0.051669
0.051363
0.051103
0.051806
0.050913
0.052093
0.052214
0.052470
0.056220
0.054891
0.053635
0.054211
0.052977
0.060256
0.048778
0.050360
0.049886
0.052053
0.051342
0.049070
0.049194
0.048478
0.049183
0.049432
0.049595
0.050839
0.048806
0.050616
0.050213
0.051378
0.051379
0.051317
0.050553
0.050958
0.051442
0.051374
0.048768
0.050549
0.051049
0.052086
0.050563
0.051406
0.050345
0.050484
0.050441
0.051712
0.051020
0.049111
0.050145
0.050650
0.049883
0.050045
0.049390
0.049350
0.050238
0.051274
0.050280
0.050179
0.049976
0.049797
0.051187
0.049592
0.048324
0.048583
0.049060
0.049687
0.050099
0.049964
0.052895
0.053490
0.050194
0.053056
0.050206
0.049393
0.050472
0.049587
0.052715
0.053138
0.053072
0.052834
0.052080
0.051750
0.136947
0.139287
0.130851
0.139499
0.125676
0.139709
0.138132
0.130521
0.133118
0.125256
0.126267
0.125072
0.124275
0.124309
0.126835
0.124448
0.126093
0.126768
0.126534
0.125139
0.122254
0.123452
0.127035
0.138012
0.138291
0.132495
0.124321
0.124719
0.122555
0.124323
0.123075
0.123064
0.122889
0.121714
0.120655
0.122798
0.121545
0.119181
0.125815
0.121910
0.123305
0.123028
0.121164
0.118957
0.121657
0.122164
0.123499
0.124235
0.121853
0.121837
0.120629
0.120185
0.121451
0.122059
0.120621
0.121437
0.122397
0.121415
0.122232
0.121421
0.119159
0.117577
0.118177
0.117621
0.120556
0.120203
0.114595
0.120034
0.122114
0.118648
0.117734
0.116745
0.119498
0.121934
0.122856
0.119366
0.118269
0.120223
0.119682
0.118175
0.118233
0.119876
0.123507
0.122839
0.122482
0.122597
0.119773
0.124591
0.121759
0.121215
0.119917
0.122130
0.120329
0.101223
0.100810
0.100318
0.100642
0.098450
0.100484
0.099477
0.100077
0.105425
0.104348
0.095868
0.097302
0.098299
0.097760
0.100862
0.098652
0.099900
0.098912
0.098457
0.098331
0.098565
0.099000
0.099273
0.098882
0.099946
0.102646
0.102512
0.102031
0.103013
0.103091
0.099686
0.099872
0.100563
0.100453
0.099498
0.101028
0.100119
0.099488
0.103209
0.103207
0.101476
0.098299
0.098833
0.099912
0.097406
0.099243
0.095764
0.099323
0.104814
0.100412
0.099878
0.100334
0.100648
0.100135
0.101586
0.103321
0.103013
0.099398
0.109083
0.093265
0.104712
0.105690
0.098926
0.097389
0.106033
0.097271
0.098939
0.104466
0.103561
0.104679
0.102731
0.104569
0.105335
0.105471
0.105602
0.104558
0.100500
0.101050
0.102065
0.101577
0.096353
0.095339
0.095975
0.097275
0.098016
0.094432
0.101734
0.097044
0.100404
0.098344
0.097616
0.100117
0.101500
0.101350
0.099495
0.101541
0.106465
0.105495
0.102092
0.102118
0.101509
0.102670
0.101996
0.103955
0.099999
0.098963
0.101829
0.101102
0.098380
0.101725
0.101994
0.103925
0.098557
0.098780
0.100116
0.094032
0.091031
0.088519
0.090290
0.087005
0.085554
0.083610
0.082717
0.081746
0.076184
0.078602
0.079670
0.082987
0.085459
0.088440
0.091909
0.093683
0.107542
0.109748
0.120736
0.138804
0.133405
0.141585
0.144480
0.149516
0.149716
0.149477
0.149905
0.149877
0.149693
0.149743
0.149963
0.149915
0.149769
0.149757
0.149422
0.149789
0.149017
0.149544
0.149073
0.148903
0.150266
0.150088
0.150254
0.149416
0.149089
0.150240
0.149014
0.149225
0.149454
0.149209
0.148298
0.146536
0.144240
0.142030
0.143224
0.143257
0.142057
0.150227
0.149646
0.149602
0.146106
0.144050
0.143596
0.144203
0.150181
0.150086
0.149990
0.149895
0.150134
0.150390
0.148568
0.148622
0.148260
0.148155
0.136798
0.129585
0.115121
0.126766
0.105071
0.099931
0.089443
0.079400
0.091637
0.087053
0.077756
0.075892
0.070950
0.068700
0.068659
0.063174
0.058334
0.052155
0.051222
0.050492
0.048682
0.062587
0.073445
0.081730
0.093547
0.084347
0.088165
0.078054
0.083726
0.082785
0.087787
0.107264
0.112156
0.105377
0.101305
0.088847
0.088243
0.093875
0.096325
0.093989
0.091000
0.094700
0.093782
0.089142
0.092536
0.102749
0.096277
0.097431
0.095521
0.099545
0.083925
0.087050
0.085962
0.084335
0.089105
0.091559
0.099050
0.063975
0.096139
0.097003
0.093404
0.089645
0.086188
0.086712
0.087015
0.087474
0.096792
0.088987
0.089613
0.088443
0.088202
0.105714
0.091874
0.086138
0.082039
0.096906
0.093186
0.102523
0.098490
0.087916
0.087132
0.097268
0.100572
0.087964
0.101097
0.094995
0.103147
0.091725
0.096797
0.084343
0.107630
0.107422
0.100342
0.093927
0.089054
0.084864
0.082808
0.080372
0.083229
0.095013
0.112053
0.100963
0.104179
0.100816
0.095310
0.093361
0.090763
0.097899
0.089777
0.079695
0.080154
0.078450
0.080879
0.083788
0.080699
0.081285
0.084312
0.080346
0.082294
0.082365
0.082497
0.082762
0.080980
0.079228
0.078904
0.078855
0.078583
0.080079
0.078645
0.078121
0.078942
0.078781
0.077832
0.074660
0.075014
0.076003
0.079406
0.079046
0.081644
0.083362
0.083149
0.081055
0.082610
0.082379
0.081712
0.080979
0.080900
0.080506
0.081524
0.084908
0.083676
0.081136
0.085408
0.086659
0.083198
0.082374
0.082110
0.079939
0.085368
0.082463
0.086011
0.085126
0.084654
0.081453
0.081164
0.080510
0.085441
0.084877
0.084111
0.080796
0.081043
0.080893
0.079933
0.079144
0.080794
0.080311
0.080616
0.080976
0.081707
0.081598
0.080717
0.081702
0.081441
0.084119
0.083194
0.083349
0.084103
0.082874
0.084058
0.083857
0.083650
0.085009
0.084130
0.080940
0.084683
0.083714
0.083175
0.083229
0.082964
0.082298
0.084092
0.082569
0.082260
0.083641
0.082697
0.083125
0.084020
0.084559
0.083538
0.084493
0.085099
0.084483
0.084733
0.082452
0.083434
0.081363
0.082805
0.083330
0.084825
0.107164
0.107307
0.106997
0.107350
0.106532
0.107588
0.106874
0.105731
0.106829
0.103903
0.103985
0.104429
0.103896
0.104005
0.103812
0.103667
0.103396
0.107613
0.103465
0.103766
0.103501
0.107266
0.107566
0.107469
0.107388
0.107434
0.107104
0.107923
0.106795
0.106707
0.106352
0.106407
0.107006
0.107031
0.107424
0.107646
0.107684
0.107332
0.107364
0.107210
0.107028
0.107586
0.107524
0.107260
0.107617
0.107601
0.107556
0.107488
0.107045
0.108123
0.106872
0.108120
0.107232
0.107883
0.108427
0.106481
0.108490
0.107922
0.107317
0.107440
0.107719
0.107941
0.108024
0.104794
0.104925
0.105670
0.105277
0.105092
0.104995
0.104915
0.104783
0.104504
0.105164
0.104816
0.105426
0.105946
0.106542
0.106946
0.107407
0.105465
0.105651
0.105987
0.105881
0.106532
0.105738
0.105183
0.105675
0.106421
0.105483
0.105644
0.104771
0.105221
0.104935
0.104618
0.105013
0.105352
0.105090
0.104980
0.104793
0.104743
0.105047
0.097605
0.105010
0.114180
0.104916
0.113987
0.106938
0.114855
0.116389
0.112931
0.113364
0.118521
0.118035
0.119850
0.116034
0.116068
0.115425
0.115409
0.115225
0.115666
0.116537
0.116668
0.116196
0.116271
0.114277
0.116619
0.110108
0.114612
0.101470
0.102000
0.100696
0.100534
0.114380
0.102873
0.102651
0.101822
0.100657
0.107696
0.103330
0.101867
0.106524
0.111287
0.111535
0.110917
0.115785
0.111601
0.111100
0.111140
0.108701
0.111283
0.111098
0.110767
0.112120
0.111420
0.111556
0.111583
0.108267
0.111646
0.117205
0.107699
0.108822
0.113664
0.112121
0.112834
0.117708
0.116754
0.117622
0.113571
0.111613
0.113232
0.110899
0.119934
0.121928
0.119660
0.117388
0.118846
0.118701
0.119926
0.117085
0.119529
0.117839
0.116170
0.116234
0.118205
0.118264
0.116631
0.117467
0.119331
0.116103
0.117129
0.116597
0.116833
0.109399
0.110715
0.117061
0.113074
0.113718
0.109613
0.111371
0.109469
0.108047
0.107168
0.111211
0.110244
0.089650
0.087835
0.088688
0.088401
0.091313
0.088841
0.088781
0.089248
0.089812
0.078214
0.077940
0.079060
0.077975
0.078574
0.077783
0.088894
0.089578
0.087826
0.088438
0.077971
0.077968
0.089646
0.090494
0.090916
0.077047
0.078870
0.076681
0.077696
0.089083
0.075402
0.077709
0.078277
0.079451
0.079117
0.076403
0.077793
0.077255
0.079351
0.078949
0.078618
0.078126
0.078107
0.078118
0.081200
0.080010
0.081119
0.080564
0.079624
0.079950
0.080187
0.080900
0.080980
0.079741
0.080701
0.046567
0.045927
0.045582
0.045939
0.046017
0.055597
0.045804
0.045159
0.046755
0.045920
0.045844
0.052770
0.046776
0.052763
0.046701
0.052406
0.046737
0.052858
0.046872
0.052431
0.047288
0.046890
0.047806
0.046774
0.047035
0.047930
0.050478
0.047781
0.047748
0.047983
0.047293
0.046140
0.051357
0.048055
0.048187
0.049373
0.048916
0.049585
0.048871
0.048728
0.048867
0.048362
0.047922
0.048433
0.048657
0.048810
0.049197
0.049243
0.049217
0.052261
0.049030
0.048847
0.046220
0.048849
0.046771
0.049182
0.046761
0.046838
0.046601
0.046469
0.051806
0.051963
0.052389
0.052217
0.052168
0.052337
0.052068
0.052615
0.052230
0.052941
0.052617
0.050142
0.051901
0.050214
0.052630
0.052066
0.051327
0.051335
0.052616
0.052601
0.052660
0.052666
0.052519
0.052603
0.052537
0.053800
0.053568
0.053778
0.051125
0.050894
0.057816
0.054738
0.050813
0.055127
0.054562
0.054672
0.048647
0.051223
0.051333
0.054346
0.051401
0.051871
0.051238
0.057454
0.056010
0.055155
0.055632
0.055738
0.054658
0.050613
0.054244
0.054791
0.053822
0.053356
0.053145
0.053563
0.053367
0.053844
0.052643
0.053627
0.054702
0.054570
0.054901
0.055317
0.053975
0.053957
0.088918
0.090111
0.090067
0.089793
0.086200
0.085436
0.085045
0.084576
0.087158
0.086838
0.091937
0.088670
0.087502
0.086162
0.086158
0.085494
0.086185
0.086688
0.085596
0.086740
0.086202
0.085702
0.086216
0.089724
0.089311
0.090542
0.090520
0.086140
0.087819
0.086696
0.089984
0.089100
0.086905
0.087756
0.087885
0.088886
0.087330
0.087121
0.087937
0.087465
0.086180
0.088084
0.087253
0.087142
0.087657
0.087037
0.087118
0.087433
0.095977
0.095814
0.100983
0.099200
0.097618
0.099666
0.098216
0.098493
0.100966
0.100082
0.100608
0.096268
0.102835
0.099062
0.095733
0.098281
0.095869
0.098534
0.097101
0.096074
0.096890
0.099116
0.095252
0.094272
0.098743
0.095684
0.097750
0.101041
0.097786
0.098466
0.094860
0.096536
0.089227
0.097248
0.091608
0.094025
0.094844
0.095587
0.095070
0.099735
0.096731
0.100569
0.100073
0.100225
0.100188
0.096821
0.098823
0.101125
0.100670
0.097282
0.100193
0.098497
0.101055
0.099958
0.100301
0.102794
0.100824
0.099593
0.099186
0.099569
0.097519
0.097231
0.078643
0.077601
0.078651
0.078251
0.076864
0.078020
0.076997
0.077969
0.078219
0.078059
0.078164
0.077617
0.078461
0.109302
0.110593
0.112475
0.111975
0.111770
0.111378
0.111224
0.111484
0.111979
0.109348
0.111749
0.110851
0.109083
0.110446
0.110845
0.111131
0.112067
0.112638
0.111273
0.115024
0.110778
0.111834
0.109828
0.112283
0.111819
0.112448
0.112575
0.112149
0.109742
0.113843
0.112626
0.112074
0.111613
0.112008
0.111732
0.111536
0.111248
0.111780
0.111710
0.111697
0.111835
0.112073
0.111139
0.110731
0.109593
0.110131
0.109474
0.110817
0.109731
0.103317
0.103328
0.102500
0.106998
0.105945
0.103214
0.100554
0.104666
0.103939
0.104170
0.104247
0.100152
0.100534
0.099491
0.099972
0.099401
0.100953
0.104674
0.101673
0.099579
0.101997
0.102461
0.104237
0.103919
0.100168
0.103639
0.102997
0.103854
0.102938
0.102574
0.102275
0.104596
0.102053
0.103984
0.080013
0.079149
0.082768
0.081400
0.081372
0.082372
0.082803
0.078133
0.081686
0.082134
0.083177
0.081541
0.082938
0.083667
0.083966
0.085046
0.083514
0.081245
0.083237
0.085813
0.086189
0.087368
0.087108
0.086064
0.085009
0.084628
0.084790
0.085241
0.085930
0.081944
0.085522
0.085973
0.085241
0.084860
0.084840
0.084585
0.086286
0.083852
0.085605
0.084189
0.085099
0.084884
0.084158
0.084993
0.084231
0.084012
0.084225
0.084492
0.084459
0.084430
0.085577
0.084633
0.085551
0.082968
0.083078
0.085480
0.084088
0.084409
0.085377
0.085042
0.084039
0.083307
0.083447
0.083270
0.086046
0.055857
0.054827
0.055699
0.055588
0.055809
0.055827
0.055696
0.056148
0.055210
0.054859
0.055677
0.055661
0.056375
0.056924
0.056419
0.056392
0.055796
0.056207
0.054690
0.055198
0.056426
0.056410
0.056137
0.055945
0.056117
0.055967
0.055933
0.056183
0.056069
0.054657
0.054841
0.054333
0.054730
0.054790
0.053822
0.054279
0.054328
0.054934
0.055335
0.054900
0.055563
0.054756
0.054997
0.055052
0.053900
0.053831
0.054063
0.054151
0.054541
0.055003
0.054670
0.054905
0.053845
0.054616
0.053710
0.053769
0.054093
0.054110
0.053771
0.053727
0.053237
0.053381
0.053688
0.053966
0.052896
0.053245
0.053927
0.053481
0.053582
0.053438
0.054942
0.055011
0.055070
0.055632
0.055095
0.054983
0.055570
0.055242
0.055308
0.055655
0.055766
0.055514
0.055728
0.055528
0.055522
0.055375
0.055320
0.054623
0.054709
0.054915
0.054864
0.055699
0.055245
0.055648
0.055105
0.055842
0.055052
0.055661
0.055532
0.056317
0.055085
0.055083
0.055416
0.056769
0.055451
0.055384
0.056190
0.055796
0.055105
0.055365
0.055771
0.056537
0.056022
0.056160
0.056908
0.056522
0.056577
0.056198
0.055426
0.052796
0.055642
0.055607
0.055911
0.056228
0.056563
0.056225
0.056404
0.056484
0.055712
0.054502
0.054936
0.080705
0.081647
0.081043
0.082644
0.082767
0.082625
0.081223
0.083356
0.083591
0.083765
0.084205
0.083069
0.084141
0.081837
0.083806
0.081863
0.082263
0.083297
0.083345
0.084006
0.082872
0.084904
0.083548
0.084624
0.080142
0.082269
0.082909
0.082232
0.083099
0.082976
0.083206
0.083330
0.082837
0.085436
0.079429
0.079451
0.079753
0.080628
0.079561
0.081315
0.080655
0.080687
0.084073
0.086587
0.087070
0.084199
0.085397
0.088416
0.087846
0.088916
0.089679
0.088984
0.084218
0.084736
0.084787
0.085635
0.085763
0.104558
0.107650
0.106880
0.102258
0.101879
0.101067
0.103481
0.095951
0.103115
0.103922
0.104474
0.108678
0.105562
0.104903
0.105411
0.106133
0.103490
0.087505
0.099319
0.102931
0.102507
0.101346
0.104152
0.100921
0.096583
0.097962
0.099354
0.099211
0.102561
0.100186
0.098969
0.098026
0.102886
0.104421
0.094616
0.106030
0.104737
0.099062
0.103883
0.105054
0.103741
0.106560
0.098476
0.110121
0.103857
0.102781
0.106028
0.103564
0.103478
0.103332
0.102863
0.103499
0.102483
0.104294
0.105865
0.102716
0.106062
0.105130
0.105006
0.107929
0.103640
0.102600
0.103432
0.099680
0.100833
0.099378
0.101710
0.100404
0.100236
0.100979
0.098988
0.108348
0.107359
0.107834
0.107026
0.104601
0.095773
0.106122
0.107079
0.107429
0.106362
0.102732
0.103244
0.107872
0.100631
0.109724
0.108203
0.107095
0.109695
0.110917
0.102766
0.111121
0.110315
0.101311
0.100870
0.109775
0.097693
0.108659
0.099791
0.103236
0.103836
0.103971
0.101199
0.102277
0.101736
0.102290
0.103253
0.101503
0.100080
0.106245
0.108778
0.102400
0.105565
0.104606
0.105997
0.102168
0.100843
0.104184
0.098779
0.098899
0.099246
0.099694
0.097545
0.101738
0.097985
0.099557
0.100853
0.100256
0.100832
0.098195
0.097851
0.099609
0.098215
0.100846
0.100113
0.102568
0.103487
0.101875
0.103244
0.113163
0.103091
0.102475
0.105941
0.101806
0.107618
0.102526
0.081365
0.081173
0.081561
0.081366
0.086306
0.086469
0.085833
0.085051
0.087658
0.082502
0.084485
0.082993
0.088462
0.084508
0.084629
0.082969
0.083943
0.084930
0.082995
0.083784
0.082827
0.084572
0.080422
0.084103
0.082208
0.079414
0.078095
0.078120
0.093525
0.083444
0.086903
0.086637
0.087155
0.081874
0.086780
0.087185
0.097409
0.082297
0.087464
0.086646
0.086647
0.083216
0.081308
0.083200
0.086372
0.083899
0.082122
0.082206
0.080980
0.087799
0.080864
0.083091
0.081981
0.083001
0.085357
0.089002
0.082144
0.084275
0.083529
0.083049
0.084474
0.083720
0.086609
0.085293
0.082942
0.079305
0.083317
0.082761
0.082879
0.083608
0.082294
0.084372
0.082604
0.084517
0.082796
0.210929
0.211107
0.209761
0.203113
0.205980
0.203754
0.204869
0.214793
0.214202
0.210494
0.218108
0.219410
0.210398
0.215856
0.216055
0.214416
0.216026
0.212184
0.214386
0.216466
0.214422
0.207441
0.206655
0.214136
0.211668
0.209968
0.202212
0.209785
0.211336
0.213706
0.220377
0.180360
0.185642
0.183334
0.190169
0.189574
0.192820
0.186194
0.166252
0.187688
0.181447
0.190051
0.193571
0.187064
0.197222
0.191102
0.198646
0.164617
0.167076
0.170437
0.167571
0.163483
0.190708
0.194636
0.210371
0.190151
0.186893
0.195755
0.178365
0.192722
0.169530
0.173011
0.173151
0.171510
0.171672
0.183648
0.182572
0.182068
0.180084
0.181468
0.181848
0.184394
0.183640
0.182297
0.182248
0.181517
0.182108
0.183621
0.179106
0.181107
0.183266
0.177312
0.181190
0.177083
0.178473
0.179372
0.181357
0.170245
0.180791
0.185040
0.181410
0.182655
0.180544
0.181189
0.180752
0.181354
0.176914
0.171874
0.180903
0.180630
0.184605
0.184695
0.182356
0.085414
0.084540
0.081031
0.082136
0.084344
0.084667
0.082691
0.080657
0.081863
0.084807
0.084674
0.084890
0.085356
0.086489
0.087123
0.085665
0.084166
0.083319
0.083111
0.083831
0.081622
0.080024
0.080894
0.081208
0.080505
0.085212
0.081358
0.083816
0.084225
0.084470
0.084902
0.084756
0.085782
0.085238
0.084339
0.084096
0.083304
0.084422
0.084292
0.085061
0.085942
0.086261
0.086941
0.085696
0.084001
0.085231
0.084530
0.083371
0.085292
0.083606
0.084342
0.086968
0.082442
0.085211
0.085184
0.085470
0.084262
0.084988
0.085463
0.086022
0.084382
0.084542
0.084307
0.083205
0.083189
0.083238
0.084087
0.082882
0.083846
0.082548
0.085137
0.082221
0.082960
0.086513
0.086390
0.084707
0.085862
0.086814
0.086571
0.086261
0.086663
0.087259
0.085911
0.089819
0.090182
0.090008
0.089262
0.088010
0.084951
0.083337
0.081718
0.083128
0.083384
0.084115
0.082592
0.083394
0.082713
0.083409
0.083283
0.083580
0.085487
0.082253
0.084484
0.086439
0.085263
0.084998
0.085899
0.085399
0.086418
0.087309
0.087644
0.090343
0.091076
0.088728
0.091037
0.088018
0.085782
0.086135
0.085598
0.084874
0.084332
0.085203
0.084196
0.083626
0.081801
0.084209
0.086831
0.085726
0.085493
0.082276
0.083405
0.083836
0.083965
0.083501
0.084767
0.083543
0.083814
0.085035
0.085007
0.084175
0.085521
0.085707
0.084349
0.086945
0.086438
0.086734
0.087729
0.084937
0.086958
0.084240
0.085325
0.084692
0.083006
0.083252
0.084942
0.083784
0.079913
0.083429
0.084436
0.081348
0.082256
0.083121
0.083610
0.083175
0.083366
0.082492
0.082162
0.084391
0.085155
0.086344
0.085365
0.083834
0.084304
0.084589
0.084054
0.084685
0.081415
0.085602
0.085710
0.083994
0.083353
0.086077
0.081679
0.084824
0.083298
0.083145
0.086610
0.086925
0.085552
0.084584
0.083693
0.083493
0.084406
0.086773
0.086280
0.085914
0.086460
0.086577
0.086868
0.085947
0.086103
0.086590
0.085655
0.085331
0.086311
0.084621
0.083449
0.083812
0.083266
0.084707
0.084143
0.083378
0.084278
0.083124
0.081942
0.081497
0.082536
0.080164
0.082463
0.082682
0.083454
0.079134
0.084054
0.083434
0.083894
0.082620
0.084456
0.083992
0.083775
0.085358
0.086409
0.083669
0.084232
0.083453
0.082837
0.082330
0.083743
0.083640
0.083701
0.082851
0.083942
0.083656
0.082210
0.081110
0.084489
0.084871
0.084392
0.085048
0.086811
0.085381
0.083357
0.083420
0.082491
0.081005
0.080656
0.083059
0.083428
0.083708
0.084551
0.084913
0.080594
0.080658
0.081128
0.085355
0.080790
0.080700
0.085118
0.083343
0.085631
0.084883
0.085012
0.086142
0.084279
0.083911
0.084899
0.086444
0.086217
0.087017
0.083088
0.083294
0.085662
0.084113
0.084501
0.082105
0.082709
0.080054
0.082141
0.084399
0.084613
0.083410
0.081514
0.083995
0.082124
0.080151
0.084063
0.080347
0.085148
0.082540
0.083613
0.084361
0.086301
0.086678
0.084819
0.084356
0.085626
0.088297
0.087275
0.086426
0.087964
0.085672
0.087429
0.085793
0.085224
0.084666
0.084806
0.086148
0.085560
0.085736
0.082667
0.080968
0.083576
0.083595
0.084590
0.084158
0.083358
0.083299
0.082693
0.084382
0.083972
0.083718
0.082377
0.082762
0.083612
0.084533
0.083898
0.083003
0.083402
0.084781
0.082426
0.083587
0.085739
0.082668
0.082903
0.080228
0.081316
0.081739
0.081580
0.081006
0.081682
0.083800
0.082470
0.081493
0.083232
0.083245
0.082094
0.081831
0.084185
0.084142
0.083996
0.082228
0.081926
0.082449
0.080888
0.081283
0.079198
0.081852
0.081271
0.082683
0.087233
0.084849
0.082389
0.084155
0.082740
0.084927
0.082433
0.080684
0.082842
0.082825
0.084557
0.079577
0.079671
0.081814
0.081971
0.086033
0.082956
0.084001
0.083569
0.084597
0.084708
0.085238
0.085424
0.082092
0.081056
0.080965
0.080620
0.081964
0.082849
0.085659
0.082134
0.078556
0.079597
0.080149
0.076217
0.073911
0.074395
0.076795
0.073271
0.074758
0.073949
0.077788
0.077464
0.075047
0.073891
0.080557
0.080951
0.082266
0.081649
0.077652
0.075785
0.081612
0.086391
0.086341
0.081934
0.083061
0.081405
0.084347
0.082451
0.080393
0.085433
0.085336
0.084595
0.084692
0.083728
0.084749
0.082432
0.085050
0.084368
0.083926
0.081812
0.083830
0.083755
0.083760
0.082420
0.082946
0.078244
0.076931
0.080026
0.079884
0.084460
0.081259
0.086547
0.087467
0.088075
0.088114
0.084371
0.084154
0.081656
0.084745
0.085373
0.084799
0.082275
0.082733
0.082850
0.081458
0.080010
0.086659
0.088307
0.088171
0.087065
0.086691
0.086734
0.083326
0.082797
0.086778
0.086891
0.086599
0.086764
0.086580
0.085381
0.084766
0.081711
0.082596
0.082592
0.080646
0.081806
0.084346
0.077715
0.081160
0.076094
0.076613
0.079395
0.083588
0.084145
0.083718
0.085052
0.083216
0.083984
0.083334
0.000000
0.000016
0.000040
0.000072
0.000150
0.000220
0.000300
0.000413
0.000521
0.000636
0.000793
0.000870
0.001261
0.001234
0.001183
0.001127
0.001503
0.001431
0.001368
0.001370
0.001351
0.001315
0.001304
0.001303
0.001296
0.001323
0.001364
0.001391
0.001431
0.001484
0.001510
0.001538
0.001828
0.002263
0.002300
0.002268
0.002255
0.002221
0.002410
0.002361
0.002335
0.002283
0.002248
0.002349
0.002353
0.002381
0.002529
0.002581
0.003238
0.003319
0.003387
0.003423
0.003476
0.003690
0.003694
0.002975
0.003010
0.002913
0.002968
0.002977
0.003737
0.003700
0.003711
0.003720
0.003784
0.003789
0.003798
0.003832
0.003986
0.004002
0.004077
0.004114
0.004108
0.004076
0.004093
0.004162
0.004144
0.004112
0.004010
0.004237
0.004149
0.004269
0.004353
0.004260
0.004413
0.004504
0.004527
0.004438
0.004739
0.004722
0.004803
0.004985
0.004992
0.004972
0.005089
0.005099
0.005280
0.005616
0.005647
0.005670
0.005690
0.005719
0.005715
0.005790
0.005797
0.005749
0.005810
0.005869
0.005813
0.005916
0.006094
0.006089
0.006151
0.006107
0.006101
0.006216
0.006262
0.006247
0.006508
0.006557
0.007018
0.007056
0.007055
0.006981
0.007199
0.007228
0.007331
0.007347
0.079154
0.079581
0.082437
0.078647
0.079346
0.079793
0.077998
0.081278
0.078535
0.079161
0.078132
0.081585
0.082669
0.080368
0.079624
0.079133
0.078961
0.082582
0.082197
0.082859
0.084491
0.083577
0.082771
0.084089
0.082588
0.084231
0.084152
0.083530
0.082160
0.080537
0.081951
0.082547
0.083430
0.082278
0.082263
0.082512
0.082404
0.082623
0.082849
0.080409
0.082443
0.082515
0.080587
0.084743
0.085881
0.086233
0.081039
0.082691
0.080579
0.084145
0.085254
0.084938
0.084756
0.085358
0.085887
0.083693
0.083862
0.080627
0.082059
0.082687
0.086485
0.086182
0.086467
0.084590
0.084728
0.082608
0.085314
0.084459
0.083932
0.083847
0.084501
0.084672
0.084870
0.084257
0.086420
0.085799
0.085721
0.085724
0.085298
0.085573
0.085946
0.084768
0.085473
0.082126
0.082332
0.139094
0.117808
0.138315
0.138195
0.137944
0.138527
0.138974
0.119610
0.119735
0.120079
0.120563
0.138528
0.137417
0.136047
0.137340
0.131183
0.131163
0.130203
0.132293
0.133488
0.136451
0.132750
0.136336
0.136447
0.136328
0.131819
0.131786
0.136838
0.137327
0.137955
0.139384
0.120194
0.119977
0.140458
0.138682
0.139804
0.139803
0.117104
0.139780
0.138834
0.141452
0.141512
0.141305
0.118596
0.118582
0.141695
0.119342
0.120109
0.141512
0.118205
0.141037
0.138881
0.139222
0.139287
0.119526
0.120017
0.117245
0.117099
0.117093
0.119686
0.119878
0.119453
0.140949
0.141008
0.119567
0.119555
0.121525
0.122651
0.122886
0.121717
0.143735
0.143895
0.121618
0.122335
0.123688
0.143406
0.143427
0.143262
0.143490
0.143624
0.143586
0.143438
0.140758
0.141008
0.141151
0.123121
0.140488
0.141241
0.140819
0.141821
0.141891
0.142297
0.141036
0.122359
0.122085
0.123710
0.124125
0.124022
0.121112
0.123323
0.143049
0.122897
0.120071
0.122435
0.123232
0.122421
0.122675
0.123419
0.124027
0.124196
0.143178
0.142816
0.141749
0.141990
0.140971
0.144251
0.144139
0.122885
0.123364
0.129979
0.131983
0.132063
0.134895
0.136279
0.135355
0.135891
0.135586
0.134854
0.135177
0.135681
0.135004
0.140209
0.139096
0.140139
0.139897
0.140532
0.140236
0.140319
0.141202
0.141574
0.140943
0.137645
0.140481
0.136509
0.139282
0.141575
0.141260
0.142312
0.142601
0.138730
0.137274
0.136167
0.137264
0.134004
0.133693
0.136976
0.143074
0.142349
0.139839
0.135563
0.137001
0.135944
0.136923
0.143104
0.133170
0.133965
0.133336
0.141745
0.141271
0.141218
0.136043
0.139633
0.141329
0.140809
0.140700
0.141454
0.125894
0.126269
0.126132
0.125968
0.127933
0.127525
0.127032
0.134123
0.140610
0.139678
0.127313
0.125773
0.126168
0.133109
0.133330
0.141809
0.126585
0.126853
0.126938
0.127325
0.126987
0.126316
0.126526
0.135546
0.135424
0.127367
0.127403
0.135401
0.127343
0.126831
0.127190
0.125205
0.127127
0.126155
0.126716
0.136090
0.123151
0.125398
0.110669
0.114400
0.114299
0.112150
0.112321
0.111249
0.113339
0.114370
0.113364
0.107625
0.099505
0.107412
0.114855
0.103726
0.104069
0.137122
0.137128
0.137532
0.137377
0.137950
0.136817
0.137864
0.138005
0.137566
0.137903
0.102194
0.102025
0.136768
0.136815
0.114963
0.115436
0.136676
0.115289
0.115287
0.115598
0.141027
0.128867
0.107994
0.107786
0.098657
0.105514
0.112664
0.106287
0.125640
0.136861
0.119977
0.127088
0.114085
0.112851
0.113967
0.113233
0.104694
0.105317
0.104888
0.104719
0.106426
0.104705
0.103381
0.105395
0.105611
0.124832
0.126542
0.126725
0.125586
0.125053
0.115750
0.114939
0.110803
0.108680
0.115720
0.104641
0.104762
0.104727
0.115699
0.115315
0.114982
0.105814
0.115435
0.122618
0.102375
0.101894
0.096809
0.097054
0.113104
0.094211
0.098279
0.116629
0.096120
0.096804
0.096169
0.094362
0.093695
0.094425
0.094498
0.095059
0.094959
0.094968
0.095364
0.095630
0.091350
0.094045
0.093571
0.095446
0.108471
0.112300
0.099897
0.099123
0.099490
0.099577
0.099911
0.115775
0.116713
0.123872
0.111487
0.117652
0.113480
0.117666
0.110036
0.112059
0.111825
0.106465
0.106117
0.105757
0.107401
0.109404
0.108578
0.109815
0.111673
0.109943
0.109885
0.110000
0.099497
0.100144
0.098938
0.107029
0.105322
0.122891
0.105958
0.133761
0.122915
0.099674
0.098677
0.091794
0.098018
0.076352
0.070871
0.064351
0.070971
0.070773
0.083513
0.085587
0.074733
0.084538
0.092012
0.079860
0.084621
0.085139
0.084920
0.083318
0.084976
0.085078
0.083842
0.074557
0.068660
0.080587
0.081489
0.069960
0.068750
0.070621
0.069816
0.070221
0.070596
0.073273
0.073175
0.069953
0.066375
0.069434
0.076065
0.069379
0.070556
0.075918
0.072944
0.071370
0.072065
0.071889
0.070973
0.073393
0.072017
0.071656
0.071973
0.081065
0.080627
0.081921
0.082345
0.080632
0.080519
0.080422
0.081467
0.080704
0.079369
0.078366
0.080463
0.079523
0.083055
0.083994
0.085348
0.083363
0.080654
0.082311
0.079773
0.081811
0.081960
0.083833
0.081820
0.095389
0.085169
0.085539
0.082562
0.075254
0.067975
0.068237
0.065250
0.068491
0.069040
0.063247
0.067097
0.068408
0.068819
0.069504
0.069066
0.067435
0.064929
0.065349
0.061746
0.067326
0.066112
0.104210
0.103616
0.103486
0.101102
0.104865
0.101875
0.103553
0.104048
0.104127
0.107661
0.108310
0.106623
0.106144
0.101705
0.106928
0.108251
0.104586
0.105350
0.105968
0.105294
0.105047
0.105261
0.104611
0.105095
0.104940
0.104582
0.103630
0.104167
0.100709
0.099701
0.096659
0.103395
0.104255
0.101099
0.103135
0.103024
0.101035
0.100879
0.101179
0.101611
0.100505
0.101930
0.101176
0.100732
0.100352
0.102172
0.102690
0.101713
0.101620
0.102247
0.102941
0.101766
0.104315
0.104206
0.088685
0.095739
0.098062
0.091117
0.099477
0.103599
0.102035
0.100696
0.101035
0.104068
0.105340
0.106839
0.106659
0.104939
0.106641
0.106793
0.106557
0.095499
0.106182
0.107974
0.107170
0.107520
0.108129
0.106362
0.105024
0.105468
0.108447
0.106747
0.106468
0.106349
0.106697
0.106903
0.093928
0.093525
0.105147
0.106200
0.101473
0.105602
0.107057
0.104762
0.104720
0.102341
0.104552
0.103068
0.103112
0.103055
0.102288
0.103306
0.102214
0.102497
0.100477
0.101202
0.101762
0.105145
0.102112
0.100057
0.100667
0.100329
0.100773
0.101291
0.101223
0.102214
0.102386
0.102744
0.099716
0.096383
0.085553
0.096034
0.097234
0.095649
0.096608
0.095718
0.101111
0.103031
0.096789
0.095174
0.085381
0.088905
0.099268
0.088056
0.088856
0.088938
0.086120
0.086493
0.086014
0.085971
0.086231
0.084021
0.086559
0.086788
0.083650
0.083157
0.085223
0.085196
0.087356
0.084423
0.083775
0.083851
0.084787
0.084559
0.084337
0.085157
0.084548
0.084964
0.085288
0.084175
0.084460
0.085051
0.084269
0.084047
0.083740
0.083846
0.081184
0.081939
0.085002
0.082668
0.081568
0.083643
0.082806
0.083642
0.082549
0.083770
0.083952
0.084073
0.083521
0.083869
0.083023
0.083030
0.083108
0.082794
0.083873
0.083948
0.083566
0.084087
0.083793
0.082311
0.082745
0.083671
0.083740
0.084514
0.085378
0.084738
0.084888
0.082682
0.082375
0.082741
0.136053
0.130651
0.130860
0.130841
0.137589
0.138184
0.137960
0.139083
0.136853
0.138525
0.136730
0.136455
0.136118
0.136469
0.137017
0.136575
0.092844
0.136362
0.134517
0.136616
0.135895
0.136279
0.137116
0.136336
0.136666
0.136419
0.136862
0.136817
0.136841
0.137078
0.136600
0.136753
0.137483
0.138019
0.135564
0.135634
0.135766
0.136125
0.134612
0.134739
0.138662
0.137146
0.135725
0.135544
0.135753
0.136039
0.136836
0.136824
0.135729
0.137409
0.137644
0.138018
0.138645
0.139424
0.094651
0.145800
0.099474
0.097129
0.103320
0.098825
0.104257
0.107515
0.115361
0.112481
0.106364
0.105284
0.104364
0.102020
0.095692
0.099062
0.097828
0.097375
0.097161
0.098321
0.097283
0.099262
0.100804
0.102965
0.099930
0.114641
0.096193
0.095830
0.100990
0.096781
0.101513
0.111076
0.107702
0.113353
0.107914
0.105419
0.106578
0.106933
0.113143
0.109405
0.105619
0.110683
0.108603
0.110494
0.103070
0.111035
0.119541
0.100293
0.100767
0.117752
0.114699
0.117596
0.103351
0.104320
0.104659
0.101908
0.120938
0.098818
0.097293
0.099444
0.102739
0.111484
0.102193
0.101994
0.101203
0.110258
0.109614
0.115005
0.099831
0.099505
0.112894
0.111735
0.101529
0.111816
0.101393
0.099504
0.098290
0.099655
0.113579
0.116403
0.116107
0.115799
0.114430
0.114944
0.115079
0.116078
0.115139
0.122362
0.122433
0.121483
0.122964
0.117474
0.118415
0.116405
0.116494
0.115438
0.114749
0.115888
0.121421
0.120515
0.120592
0.120611
0.120837
0.121293
0.109869
0.112192
0.115376
0.112112
0.113699
0.112841
0.120118
0.113407
0.113245
0.116399
0.111851
0.111336
0.112965
0.112535
0.113413
0.112561
0.112612
0.111803
0.110993
0.112652
0.113514
0.115345
0.114532
0.113254
0.110102
0.112865
0.111078
0.106398
0.108826
0.109300
0.107116
0.107680
0.107988
0.108481
0.108718
0.108707
0.107141
0.107718
0.109450
0.110010
0.109657
0.109549
0.108918
0.109288
0.108275
0.109119
0.107642
0.107770
0.107940
0.107322
0.106788
0.107040
0.091712
0.091295
0.091727
0.091113
0.090627
0.091236
0.090943
0.090834
0.092648
0.090428
0.090875
0.091031
0.088670
0.116929
0.090650
0.086762
0.089432
0.088126
0.085940
0.115346
0.123696
0.083400
0.128407
0.122289
0.113419
0.115740
0.124138
0.087018
0.083027
0.081199
0.082805
0.080953
0.082975
0.121561
0.108368
0.121381
0.111261
0.111733
0.113554
0.076601
0.120830
0.118202
0.119504
0.119265
0.102231
0.116315
0.104177
0.106133
0.071954
0.071863
0.071285
0.072660
0.075632
0.072206
0.072426
0.105333
0.073943
0.112236
0.109130
0.069812
0.067071
0.068024
0.068430
0.068624
0.068450
0.080447
0.069889
0.076650
0.080041
0.069290
0.076531
0.077524
0.068689
0.076290
0.076747
0.094182
0.094748
0.094667
0.092301
0.093843
0.088800
0.093081
0.086962
0.075644
0.076053
0.078496
0.077942
0.086212
0.082304
0.080497
0.083367
0.081187
0.086789
0.082513
0.089497
0.087722
0.106029
0.106736
0.107620
0.102493
0.105023
0.104785
0.104637
0.105533
0.105716
0.105802
0.106042
0.107627
0.107351
0.108349
0.108820
0.107772
0.107119
0.108073
0.107695
0.108005
0.107568
0.107340
0.107930
0.107393
0.107286
0.107940
0.108347
0.107868
0.109069
0.108723
0.107814
0.108682
0.107120
0.105289
0.106425
0.107123
0.106278
0.109996
0.109628
0.108644
0.114776
0.111939
0.111971
0.113111
0.111849
0.112237
0.110482
0.111397
0.110851
0.111382
0.111397
0.110314
0.110875
0.111368
0.111997
0.110869
0.113140
0.111426
0.108452
0.112102
0.113291
0.109353
0.113085
0.109445
0.107801
0.107099
0.113233
0.110472
0.110594
0.110320
0.109799
0.111453
0.109081
0.108641
0.111602
0.109670
0.111809
0.111220
0.111672
0.112326
0.112192
0.112742
0.098923
0.103534
0.100297
0.093863
0.096864
0.097912
0.094165
0.100192
0.111061
0.111602
0.100635
0.096564
0.102035
0.103580
0.096707
0.097838
0.089651
0.103220
0.099253
0.097931
0.106435
0.089076
0.102439
0.097499
0.094357
0.089367
0.089402
0.086082
0.094278
0.083954
0.093339
0.089725
0.085797
0.083897
0.085410
0.090428
0.090300
0.091794
0.087542
0.096157
0.086066
0.086407
0.082798
0.084820
0.084144
0.089045
0.088978
0.085493
0.089009
0.087430
0.112783
0.112223
0.092614
0.077536
0.083822
0.082042
0.077874
0.113086
0.075428
0.072626
0.075453
0.110766
0.076232
0.079838
0.080807
0.076713
0.073848
0.076334
0.076409
0.075118
0.074876
0.074825
0.076110
0.074765
0.078032
0.076554
0.077509
0.072118
0.074018
0.072481
0.072963
0.071477
0.070888
0.074435
0.076123
0.088735
0.088966
0.090205
0.092818
0.093277
0.075488
0.076020
0.090683
0.092924
0.077417
0.078822
0.078431
0.077190
0.072889
0.076033
0.074266
0.074969
0.078263
0.077149
0.078532
0.082190
0.085034
0.080853
0.084310
0.081217
0.080818
0.080289
0.083263
0.090644
0.084118
0.080198
0.081219
0.079404
0.079291
0.089012
0.090210
0.080011
0.080791
0.079593
0.081272
0.081390
0.089094
0.089530
0.089866
0.087388
0.091012
0.106327
0.102806
0.104026
0.100718
0.102488
0.108129
0.103722
0.115799
0.114970
0.115536
0.119695
0.110408
0.117841
0.121007
0.120328
0.113208
0.112383
0.113533
0.109238
0.108576
0.112781
0.116172
0.111764
0.121312
0.116004
0.114397
0.123699
0.122503
0.125858
0.128303
0.116397
0.117308
0.128566
0.118782
0.119846
0.122512
0.117107
0.113954
0.120093
0.113057
0.112248
0.116251
0.116492
0.115943
0.111886
0.113307
0.115192
0.115090
0.116123
0.115745
0.116944
0.119910
0.121903
0.126171
0.115068
0.120929
0.118973
0.130961
0.132862
0.128987
0.123787
0.125765
0.121308
0.106744
0.108919
0.108236
0.110315
0.113620
0.113045
0.108991
0.106036
0.105719
0.103090
0.103403
0.101612
0.100194
0.102829
0.105673
0.108120
0.110807
0.110537
0.110297
0.111813
0.111351
0.111161
0.110238
0.112651
0.111489
0.102791
0.105361
0.131376
0.131127
0.132530
0.132409
0.132711
0.131784
0.129520
0.129536
0.132877
0.133731
0.135574
0.131940
0.134484
0.132036
0.131353
0.131411
0.133014
0.136248
0.132935
0.130431
0.133522
0.135047
0.134223
0.133919
0.138068
0.135109
0.134877
0.129790
0.135066
0.129831
0.132769
0.131740
0.135063
0.130002
0.130049
0.134413
0.135172
0.135338
0.137069
0.131370
0.132976
0.133477
0.132802
0.135651
0.135585
0.134372
0.134420
0.134543
0.134061
0.129575
0.130476
0.129383
0.130230
0.130467
0.127120
0.126666
0.129972
0.131236
0.129388
0.130609
0.131374
0.131628
0.130386
0.129869
0.129833
0.129187
0.131976
0.128947
0.128699
0.129057
0.128893
0.128176
0.130350
0.128345
0.128449
0.128580
0.128049
0.127887
0.129600
0.129023
0.127341
0.128378
0.129916
0.128588
0.128405
0.129598
0.129803
0.130092
0.122248
0.127926
0.127207
0.127747
0.121587
0.123282
0.125804
0.122909
0.127087
0.127753
0.128244
0.127387
0.129237
0.129554
0.126209
0.126292
0.127360
0.128454
0.128281
0.129787
0.127873
0.128591
0.130912
0.129098
0.126865
0.127334
0.127531
0.129914
0.126619
0.130119
0.129411
0.129026
0.126113
0.126888
0.128030
0.128203
0.128413
0.128636
0.127162
0.131875
0.132222
0.127129
0.128908
0.128378
0.127776
0.127493
0.129926
0.129540
0.127586
0.130811
0.132416
0.130739
0.131535
0.131767
0.129440
0.093800
0.088095
0.088171
0.094937
0.093330
0.089889
0.092841
0.099316
0.099076
0.098484
0.098531
0.098678
0.098891
0.094866
0.093749
0.095846
0.095773
0.096485
0.096502
0.099800
0.097751
0.097662
0.097560
0.087721
0.079512
0.092563
0.084308
0.085247
0.085323
0.084968
0.083898
0.079465
0.088069
0.083356
0.078841
0.061969
0.095295
0.077785
0.076166
0.076517
0.078638
0.078276
0.078213
0.079031
0.077358
0.079596
0.078396
0.077182
0.077027
0.078284
0.076404
0.076734
0.077194
0.077571
0.078741
0.062461
0.077692
0.077265
0.077485
0.063871
0.077197
0.077004
0.077042
0.078267
0.078074
0.076884
0.076175
0.075807
0.076986
0.077279
0.077184
0.076605
0.076744
0.077499
0.077428
0.077499
0.077458
0.077850
0.067810
0.068049
0.068372
0.068458
0.068369
0.068171
0.067512
0.068785
0.065876
0.065499
0.068820
0.066393
0.068957
0.065759
0.069501
0.069231
0.069237
0.069007
0.068310
0.069790
0.070215
0.069088
0.068893
0.069820
0.068763
0.068980
0.069118
0.068862
0.068917
0.070400
0.069960
0.070106
0.069269
0.068908
0.069353
0.070282
0.069362
0.069534
0.068767
0.069783
0.070408
0.070177
0.069628
0.068718
0.070445
0.069256
0.068796
0.068429
0.069856
0.071829
0.071824
0.070793
0.070987
0.069031
0.068083
0.068116
0.070213
0.070065
0.066980
0.067935
0.064063
0.067291
0.064126
0.066232
0.068371
0.065094
0.068161
0.067906
0.068182
0.067626
0.068977
0.069595
0.070697
0.070565
0.056597
0.057718
0.058903
0.057378
0.057770
0.060705
0.062627
0.061134
0.060229
0.058536
0.059027
0.057202
0.061990
0.059785
0.058210
0.061041
0.061890
0.060273
0.062055
0.062516
0.059969
0.061306
0.061364
0.062589
0.062288
0.062184
0.061767
0.061118
0.061938
0.063135
0.063074
0.062357
0.061979
0.064324
0.062588
0.062805
0.063195
0.062823
0.063021
0.058921
0.059455
0.059434
0.062552
0.063121
0.062289
0.062522
0.062716
0.062393
0.062393
0.063241
0.062187
0.062951
0.062515
0.062428
0.062550
0.062210
0.062710
0.062410
0.062487
0.062460
0.058180
0.059135
0.059232
0.055854
0.060017
0.060467
0.059437
0.055882
0.059957
0.059151
0.059833
0.063891
0.058424
0.059535
0.071015
0.063210
0.060219
0.065576
0.062865
0.061680
0.058710
0.059842
0.058897
0.058147
0.060675
0.060602
0.063142
0.073478
0.058717
0.059461
0.072852
0.075187
0.076236
0.071296
0.076056
0.076480
0.071219
0.074357
0.075739
0.072290
0.076331
0.076958
0.077630
0.075792
0.077988
0.078433
0.081004
0.078348
0.079379
0.079449
0.078895
0.082027
0.080842
0.081659
0.078549
0.077052
0.076595
0.076467
0.076012
0.074382
0.075635
0.078395
0.071327
0.071029
0.112525
0.114286
0.151129
0.151219
0.151112
0.149060
0.150396
0.149130
0.145741
0.148864
0.148148
0.147486
0.089305
0.087535
0.146108
0.151312
0.147941
0.150584
0.148436
0.149314
0.149067
0.148272
0.149159
0.148589
0.147903
0.147219
0.147985
0.147812
0.148977
0.090037
0.081723
0.082244
0.080736
0.080871
0.081268
0.082076
0.079821
0.080763
0.080759
0.082846
0.082889
0.088092
0.084420
0.088804
0.086718
0.153077
0.151426
0.151634
0.152015
0.152639
0.154047
0.152372
0.150685
0.149903
0.146911
0.149620
0.146718
0.121482
0.120780
0.120608
0.119892
0.119430
0.120163
0.121360
0.125445
0.120151
0.125050
0.125747
0.124749
0.120221
0.118911
0.119922
0.119629
0.125007
0.120536
0.119712
0.120236
0.120149
0.120283
0.121981
0.120843
0.120910
0.120408
0.122479
0.126448
0.122268
0.121621
0.125824
0.121869
0.125437
0.125320
0.122837
0.123286
0.122641
0.124405
0.118240
0.124331
0.126321
0.120238
0.126060
0.123946
0.129030
0.123652
0.123484
0.123192
0.122766
0.124468
0.126500
0.124589
0.125947
0.122508
0.125948
0.126272
0.122286
0.127010
0.126857
0.125932
0.122752
0.124373
0.120801
0.124543
0.122089
0.120760
0.120951
0.120701
0.126014
0.126972
0.125636
0.126222
0.125834
0.125850
0.124315
0.122431
0.122093
0.122995
0.121020
0.122056
0.122320
0.122357
0.121460
0.122988
0.122351
0.126356
0.121902
0.121965
0.122559
0.122015
0.124572
0.125066
0.123153
0.121944
0.122491
0.122914
0.122718
0.123582
0.122902
0.121565
0.126308
0.126076
0.126151
0.121930
0.119807
0.121321
0.122445
0.121923
0.118520
0.122586
0.125246
0.125344
0.124352
0.123922
0.123896
0.123385
0.122852
0.121482
0.125026
0.124226
0.126720
0.120445
0.119291
0.119605
0.112264
0.108407
0.103551
0.098602
0.092324
0.087212
0.082864
0.078002
0.073917
0.072286
0.068430
0.056374
0.052734
0.054876
0.053164
0.053063
0.051761
0.052861
0.053635
0.055099
0.057098
0.067623
0.042899
0.039565
0.039316
0.048625
0.040620
0.041814
0.042261
0.049006
0.053957
0.049776
0.048652
0.046484
0.043958
0.044397
0.060700
0.052611
0.066291
0.059201
0.055643
0.059604
0.053493
0.056446
0.057172
0.063105
0.063083
0.063994
0.064976
0.064075
0.063364
0.063634
0.063861
0.061689
0.063725
0.063575
0.068462
0.066734
0.066652
0.070699
0.070157
0.071273
0.069608
0.063010
0.062644
0.063084
0.065482
0.065473
0.066606
0.064707
0.064790
0.063455
0.064689
0.065667
0.064462
0.066040
0.063253
0.064751
0.064694
0.065246
0.065293
0.064858
0.066287
0.066377
0.067502
0.065880
0.065108
0.065084
0.065580
0.063812
0.064754
0.065771
0.065683
0.067284
0.066535
0.067152
0.066429
0.066754
0.065853
0.066962
0.064939
0.064914
0.068097
0.068034
0.065313
0.065082
0.067792
0.067159
0.067652
0.067780
0.066654
0.067674
0.067127
0.066307
0.066987
0.068157
0.069260
0.068867
0.068849
0.068671
0.070318
0.072329
0.071076
0.076554
0.072765
0.071015
0.069471
0.069951
0.069725
0.063085
0.056780
0.053562
0.050194
0.047579
0.044447
0.043987
0.042108
0.043532
0.043690
0.046074
0.049038
0.053272
0.058008
0.064734
0.071440
0.075612
0.084151
0.091809
0.101507
0.111476
0.124578
0.131417
0.142900
0.142825
0.142839
0.142903
0.142904
0.142904
0.142903
0.142904
0.142904
0.142903
0.142904
0.142904
0.142903
0.142904
0.142904
0.142903
0.134458
0.122825
0.110468
0.102717
0.094449
0.086682
0.082313
0.075581
0.071288
0.067316
0.071400
0.068780
0.071218
0.074850
0.082070
0.078567
0.082095
0.098312
0.096792
0.112815
0.119541
0.131584
0.126731
0.140683
0.136495
0.129110
0.142619
0.143126
0.142271
0.127786
0.147509
0.148445
0.148371
0.149295
0.128738
0.143672
0.148949
0.145599
0.129592
0.125660
0.127229
0.128082
0.134667
0.134788
0.135183
0.135416
0.145496
0.135759
0.144677
0.143562
0.136480
0.137296
0.134907
0.138670
0.142744
0.139929
0.140291
0.140261
0.147217
0.152088
0.152781
0.152027
0.149740
0.150913
0.158407
0.158903
0.158579
0.160265
0.157348
0.157904
0.153958
0.158733
0.143925
0.165622
0.141942
0.142239
0.145665
0.144795
0.143595
0.144661
0.145515
0.140821
0.145706
0.136061
0.138011
0.141696
0.143551
0.167223
0.176014
0.176563
0.153294
0.146503
0.143417
0.141159
0.136776
0.132953
0.137231
0.141695
0.129969
0.133655
0.127936
0.124092
0.113718
0.154425
0.156691
0.142030
0.143238
0.132892
0.132781
0.133637
0.137906
0.151852
0.155333
0.172267
0.178088
0.191211
0.206891
0.231762
0.237885
0.256649
0.273713
0.288462
0.318260
0.310679
0.316073
0.315145
0.318146
0.323634
0.322413
0.324461
0.331232
0.322515
0.317158
0.320008
0.323292
0.330173
0.330961
0.330383
0.327711
0.328176
0.329371
0.330968
0.327606
0.329821
0.330753
0.327946
0.326383
0.329510
0.330032
0.327544
0.332163
0.330239
0.326645
0.333311
0.334484
0.325181
0.330488
0.324595
0.327654
0.328426
0.329034
0.328030
0.324290
0.321217
0.322346
0.321721
0.326747
0.321101
0.323838
0.325183
0.329357
0.323658
0.324803
0.330477
0.319833
0.329684
0.319836
0.322702
0.318550
0.318018
0.325678
0.320755
0.325228
0.322082
0.312279
0.325382
0.326013
0.326921
0.326583
0.320774
0.324171
0.325992
0.320485
0.327502
0.326673
0.323985
0.320889
0.324236
0.317934
0.328810
0.324625
0.326720
0.326889
0.329152
0.327668
0.324003
0.324900
0.320898
0.326896
0.323599
0.323639
0.320779
0.321990
0.316732
0.308401
0.311725
0.306114
0.299361
0.292293
0.288571
0.282648
0.272758
0.276189
0.266223
0.266770
0.257668
0.254810
0.256268
0.247122
0.245227
0.247107
0.242320
0.244883
0.250051
0.240043
0.244369
0.242612
0.243576
0.235133
0.242798
0.242537
0.242720
0.238609
0.239493
0.244563
0.242412
0.248300
0.251795
0.247322
0.245138
0.248126
0.241300
0.245803
0.247542
0.250887
0.251247
0.250342
0.245892
0.246538
0.249400
0.248237
0.248026
0.247899
0.243804
0.246812
0.248744
0.245571
0.247450
0.248333
0.244818
0.247205
0.247067
0.249398
0.246635
0.246521
0.244175
0.245372
0.242636
0.244728
0.246544
0.246475
0.245858
0.248640
0.249431
0.245567
0.255791
0.258369
0.247060
0.253425
0.253766
0.256105
0.251580
0.251543
0.249388
0.255305
0.254021
0.252693
0.252349
0.255116
0.256209
0.253954
0.253631
0.249898
0.248045
0.246435
0.247733
0.245403
0.250750
0.236494
0.237016
0.236454
0.239044
0.238722
0.236058
0.237151
0.235174
0.233619
0.238445
0.241590
0.234466
0.235522
0.236006
0.239368
0.242632
0.240634
0.244166
0.243418
0.245881
0.241625
0.250693
0.253182
0.255077
0.249135
0.245845
0.241502
0.253181
0.251573
0.253373
0.253516
0.253582
0.251032
0.252464
0.256525
0.251327
0.254200
0.254464
0.254302
0.254072
0.253319
0.253319
0.248777
0.247247
0.254492
0.251197
0.245672
0.237194
0.225223
0.206416
0.201221
0.197995
0.192874
0.190241
0.183201
0.184045
0.185469
0.186571
0.189765
0.190950
0.195152
0.182786
0.190134
0.206821
0.213437
0.219219
0.226768
0.228264
0.227809
0.228856
0.230103
0.230320
0.228929
0.227172
0.228374
0.228114
0.228783
0.230768
0.229559
0.228466
0.229832
0.229187
0.227996
0.227806
0.228275
0.228101
0.228918
0.228875
0.229400
0.231939
0.231375
0.232326
0.232519
0.234532
0.227112
0.228183
0.211449
0.229811
0.211616
0.210998
0.210269
0.224208
0.223912
0.224083
0.228739
0.227570
0.228494
0.229526
0.229805
0.228421
0.227902
0.227936
0.228441
0.228375
0.216448
0.162009
0.237604
0.160156
0.164228
0.241193
0.229647
0.230757
0.161982
0.216417
0.146946
0.150877
0.146714
0.147943
0.145349
0.146840
0.130178
0.142938
0.142067
0.189378
0.222437
0.211984
0.222125
0.212811
0.227670
0.227540
0.230562
0.225863
0.225775
0.223821
0.225505
0.238689
0.238154
0.239050
0.238541
0.238589
0.237841
0.239950
0.238803
0.235462
0.239373
0.235957
0.237502
0.094096
0.094253
0.094233
0.094576
0.094655
0.094413
0.094491
0.093477
0.089651
0.088668
0.088148
0.088989
0.088164
0.088839
0.090026
0.091289
0.091560
0.094251
0.091170
0.091166
0.090183
0.089694
0.090084
0.090813
0.089858
0.090472
0.088901
0.089304
0.088198
0.088575
0.088460
0.090249
0.089468
0.089620
0.089400
0.089837
0.090387
0.087911
0.087668
0.088241
0.088535
0.089561
0.089022
0.088187
0.089011
0.087857
0.088559
0.087992
0.086871
0.087490
0.088334
0.088553
0.089131
0.088945
0.086778
0.087265
0.087633
0.088361
0.087876
0.086930
0.087500
0.087452
0.087984
0.087603
0.089012
0.089297
0.088260
0.089189
0.087958
0.088317
0.087826
0.087390
0.087482
0.087380
0.088657
0.088437
0.086326
0.086257
0.086473
0.089250
0.088012
0.086974
0.086849
0.082964
0.087140
0.086992
0.086875
0.086749
0.087196
0.087168
0.087225
0.087676
0.087746
0.087586
0.084223
0.087508
0.087361
0.083890
0.084062
0.084097
0.087216
0.088234
0.089798
0.087373
0.087885
0.088386
0.088504
0.088389
0.088328
0.088444
0.088404
0.087557
0.088137
0.089408
0.089572
0.090051
0.089551
0.089487
0.090764
0.089098
0.087884
0.090449
0.090783
0.090214
0.090385
0.090463
0.091152
0.091246
0.090957
0.090998
0.091822
0.091098
0.091030
0.092406
0.092521
0.091983
0.091739
0.092680
0.093552
0.093515
0.093526
0.093480
0.092663
0.093468
0.091532
0.091536
0.091322
0.088728
0.090403
0.086411
0.085623
0.087221
0.084794
0.087463
0.087418
0.087375
0.087705
0.088515
0.086449
0.087104
0.085699
0.088579
0.084114
0.083850
0.085232
0.082728
0.080971
0.081980
0.081120
0.081959
0.082083
0.082212
0.083224
0.081342
0.082102
0.083686
0.082547
0.082567
0.085307
0.086218
0.082137
0.082780
0.088261
0.088569
0.088776
0.082796
0.087503
0.088715
0.088265
0.088249
0.085207
0.084747
0.092741
0.092792
0.093765
0.093332
0.094474
0.094190
0.093930
0.093863
0.094571
0.094675
0.094398
0.094957
0.095021
0.099278
0.095691
0.094905
0.095433
0.096345
0.094981
0.095738
0.095481
0.094930
0.095724
0.096399
0.095847
0.095875
0.096187
0.095887
0.099781
0.099224
0.096098
0.095653
0.099288
0.096393
0.097935
0.098795
0.099170
0.098201
0.099418
0.099852
0.097279
0.095758
0.098985
0.095171
0.095435
0.094761
0.099582
0.095341
0.095038
0.095069
0.094497
0.095575
0.095421
0.095331
0.095452
0.094315
0.094905
0.094394
0.093959
0.094075
0.093543
0.093613
0.094972
0.094147
0.094107
0.093997
0.093054
0.092910
0.093294
0.091819
0.092598
0.092852
0.092907
0.092991
0.094049
0.094396
0.094406
0.094463
0.093211
0.093110
0.092356
0.091149
0.093646
0.093942
0.092542
0.092569
0.092083
0.092344
0.092739
0.092809
0.093187
0.093607
0.093288
0.092150
0.125804
0.132040
0.131223
0.124552
0.124235
0.131410
0.131403
0.131115
0.130885
0.132069
0.131489
0.131477
0.131914
0.131831
0.131134
0.130861
0.131129
0.132277
0.127413
0.116574
0.127086
0.126899
0.127150
0.131171
0.127757
0.117362
0.116845
0.117182
0.127902
0.128003
0.131388
0.117021
0.117068
0.116824
0.127156
0.127250
0.127315
0.138116
0.130785
0.123214
0.121064
0.123825
0.122940
0.124315
0.123056
0.131830
0.122840
0.122754
0.122887
0.121275
0.127409
0.127512
0.127019
0.126018
0.126756
0.127512
0.127369
0.127374
0.128658
0.127693
0.133332
0.133564
0.133512
0.132267
0.134564
0.133334
0.135066
0.131133
0.131171
0.135043
0.134890
0.135244
0.134825
0.135117
0.131699
0.134464
0.138416
0.133139
0.132997
0.118388
0.118421
0.133281
0.134321
0.129524
0.129085
0.129309
0.128036
0.131911
0.132668
0.132474
0.132621
0.131997
0.132072
0.129697
0.130995
0.130865
0.131070
0.130906
0.129985
0.130448
0.129812
0.129302
0.129888
0.129796
0.129281
0.129731
0.130541
0.130557
0.130560
0.134901
0.128324
0.127625
0.127557
0.127578
0.126763
0.135480
0.135501
0.135121
0.135196
0.135281
0.134293
0.134938
0.127743
0.128148
0.128811
0.129269
0.131559
0.130233
0.128778
0.129943
0.132410
0.128432
0.128429
0.128515
0.132880
0.132607
0.128672
0.128631
0.133803
0.132924
0.133145
0.133521
0.132530
0.135233
0.132287
0.132662
0.134614
0.132777
0.134410
0.096792
0.096804
0.096716
0.096205
0.096564
0.096244
0.096846
0.096677
0.097380
0.096813
0.097377
0.097601
0.094756
0.095120
0.094709
0.095655
0.097378
0.097574
0.097558
0.096735
0.096223
0.097557
0.095672
0.095447
0.096926
0.095156
0.096761
0.096163
0.096933
0.097487
0.096817
0.096651
0.096676
0.097335
0.097750
0.097698
0.098508
0.098076
0.096379
0.096643
0.098226
0.097496
0.096999
0.096357
0.095644
0.097532
0.096389
0.098044
0.096049
0.095960
0.096357
0.095160
0.097178
0.092497
0.094583
0.092759
0.098575
0.093948
0.091458
0.092783
0.090442
0.092259
0.093180
0.095819
0.094963
0.095387
0.092496
0.094303
0.093022
0.093138
0.097987
0.097564
0.096538
0.098035
0.096755
0.097004
0.097349
0.095350
0.091202
0.095522
0.086903
0.087188
0.087339
0.089139
0.087021
0.091505
0.088122
0.089006
0.087852
0.085638
0.087111
0.089745
0.085865
0.087462
0.093448
0.093275
0.094267
0.094512
0.095487
0.096138
0.071965
0.076919
0.083507
0.086067
0.076534
0.069015
0.067804
0.064932
0.064179
0.063088
0.062850
0.059967
0.064409
0.064186
0.060947
0.060440
0.065583
0.059786
0.057197
0.057958
0.062586
0.061412
0.064482
0.064772
0.064321
0.079252
0.093044
0.089784
0.068696
0.070190
0.068734
0.068773
0.072555
0.065658
0.069745
0.062842
0.063500
0.069243
0.066864
0.066097
0.069682
0.071357
0.069290
0.063490
0.061734
0.062636
0.067105
0.078605
0.084603
0.103515
0.114607
0.104756
0.095542
0.087416
0.073536
0.067960
0.068727
0.063643
0.062598
0.064480
0.068686
0.068976
0.061833
0.057315
0.056551
0.062583
0.060776
0.061730
0.060061
0.061342
0.061838
0.056846
0.062026
0.064981
0.222917
0.288094
0.229219
0.260225
0.180345
0.077922
0.082177
0.078141
0.086684
0.140407
0.122424
0.157519
0.132919
0.162827
0.158646
0.133140
0.132753
0.132589
0.131082
0.093063
0.096149
0.096849
0.099077
0.111858
0.110221
0.108650
0.103274
0.086944
0.094299
0.102217
0.102217
0.085887
0.084520
0.099216
0.101538
0.087696
0.074922
0.086839
0.082389
0.083962
0.088093
0.080855
0.077803
0.071009
0.083790
0.071696
0.071101
0.081759
0.071490
0.079649
0.069850
0.078548
0.083906
0.087155
0.082490
0.095342
0.085054
0.071628
0.072985
0.074904
0.068416
0.069169
0.063038
0.079923
0.068466
0.067374
0.075290
0.072640
0.067312
0.073788
0.080380
0.077470
0.077678
0.071564
0.072699
0.081246
0.079091
0.079215
0.076145
0.085239
0.093639
0.076287
0.070431
0.086343
0.072113
0.083138
0.095475
0.084576
0.081210
0.081826
0.075311
0.077418
0.077034
0.077153
0.079423
0.065232
0.069271
0.093582
0.103189
0.096701
0.086041
0.090420
0.088053
0.091422
0.091114
0.097260
0.096095
0.099305
0.086866
0.092110
0.095225
0.095339
0.098864
0.098452
0.097851
0.097215
0.087547
0.082238
0.074060
0.071027
0.079540
0.077501
0.072218
0.066190
0.064855
0.068244
0.079880
0.064509
0.088690
0.082277
0.086391
0.094172
0.072128
0.082077
0.093540
0.093571
0.090388
0.093390
0.092366
0.098440
0.093338
0.088066
0.089772
0.092237
0.093823
0.088105
0.089539
0.090507
0.087054
0.086666
0.086876
0.088595
0.089618
0.089185
0.088522
0.089357
0.091830
0.090405
0.092220
0.069186
0.070058
0.076973
0.071365
0.075783
0.074542
0.069438
0.069629
0.070300
0.072633
0.073138
0.070848
0.072333
0.070905
0.073337
0.070263
0.072736
0.072791
0.069498
0.073631
0.072110
0.072332
0.071619
0.072246
0.070728
0.069596
0.074964
0.070632
0.070491
0.071129
0.072083
0.071498
0.070855
0.070493
0.069873
0.073223
0.070157
0.071020
0.069362
0.070301
0.070788
0.072202
0.071129
0.072041
0.071590
0.069509
0.073992
0.072202
0.069869
0.072459
0.073189
0.077840
0.070733
0.070104
0.070299
0.068560
0.069323
0.070780
0.068652
0.069059
0.073463
0.082600
0.078934
0.081388
0.081303
0.079171
0.081298
0.079227
0.080606
0.076750
0.077974
0.075179
0.076315
0.076763
0.077046
0.080033
0.078492
0.079892
0.082273
0.081885
0.081464
0.081437
0.079703
0.082544
0.081578
0.079011
0.082477
0.079756
0.080535
0.078144
0.077689
0.077856
0.078677
0.079975
0.080911
0.078144
0.080162
0.076886
0.080459
0.075765
0.078594
0.077236
0.079464
0.078647
0.080933
0.081174
0.079013
0.079314
0.079419
0.082848
0.083557
0.081234
0.080203
0.084835
0.084771
0.084972
0.083934
0.084438
0.084721
0.084440
0.084324
0.083218
0.081675
0.083506
0.081360
0.082739
0.082466
0.082184
0.086666
0.084121
0.083386
0.084571
0.081933
0.082310
0.082245
0.084941
0.084924
0.083607
0.085635
0.084993
0.084722
0.082420
0.082871
0.084162
0.081648
0.082858
0.083484
0.084950
0.081858
0.020628
0.020628
0.020628
0.020628
0.020628
0.020628
0.020628
0.020628
0.020628
0.020628
0.020628
0.020629
0.020628
0.020629
0.020623
0.020629
0.021249
0.021390
0.021073
0.020436
0.020463
0.020394
0.020420
0.020637
0.020387
0.020437
0.020403
0.020394
0.020416
0.020611
0.020395
0.020410
0.020420
0.020392
0.020432
0.020463
0.020393
0.020584
0.020578
0.020405
0.020442
0.020242
0.020399
0.020648
0.021382
0.020400
0.020488
0.020653
0.020582
0.020470
0.020425
0.020583
0.020973
0.020767
0.021410
0.020906
0.021072
0.021456
0.021381
0.021578
0.019915
0.019869
0.020547
0.020541
0.020408
0.020612
0.020543
0.020667
0.020613
0.020636
0.020769
0.021951
0.021222
0.020871
0.022332
0.021154
0.022893
0.023031
0.022818
0.023044
0.022776
0.023153
0.024565
0.024566
0.024910
0.024159
0.023634
0.023906
0.026589
0.029432
0.031242
0.034049
0.037570
0.040374
0.046549
0.047933
0.054471
0.056585
0.064834
0.067723
0.078071
0.080544
0.089387
0.093814
0.104767
0.109990
0.119027
0.123935
0.135207
0.141531
0.154679
0.157430
0.168719
0.179532
0.190800
0.198073
0.215618
0.224803
0.239458
0.243444
0.257242
0.260524
0.256295
0.259636
0.259562
0.259947
0.259152
0.258861
0.262182
0.262224
0.264101
0.263743
0.263916
0.265723
0.262053
0.260040
0.263973
0.265965
0.262790
0.261498
0.264283
0.263248
0.261178
0.262514
0.262895
0.263727
0.261302
0.263717
0.269251
0.262427
0.265581
0.263974
0.266205
0.262258
0.262349
0.264017
0.263869
0.265304
0.263764
0.261778
0.265356
0.258674
0.257831
0.260089
0.263123
0.260269
0.263225
0.263937
0.260300
0.262550
0.264171
0.263852
0.266149
0.264531
0.265652
0.268461
0.268223
0.266045
0.267867
0.265035
0.262801
0.268263
0.269554
0.266838
0.267041
0.264502
0.267789
0.265778
0.261358
0.270697
0.264198
0.267879
0.261919
0.269578
0.269012
0.265082
0.270041
0.270652
0.265840
0.265551
0.266847
0.267301
0.267432
0.266398
0.263569
0.268758
0.271885
0.260149
0.262998
0.268887
0.270259
0.267579
0.270636
0.268867
0.271041
0.266173
0.269807
0.270797
0.272640
0.269183
0.268164
0.270041
0.270196
0.271012
0.273906
0.270682
0.269780
0.270803
0.270607
0.265254
0.272268
0.219651
0.217276
0.219693
0.219800
0.211380
0.218080
0.216347
0.216192
0.216851
0.215755
0.215579
0.216405
0.213470
0.229014
0.222559
0.215974
0.216139
0.214556
0.211534
0.212282
0.214299
0.212190
0.217559
0.219746
0.216398
0.222418
0.219940
0.213916
0.214894
0.227133
0.215928
0.214866
0.215199
0.214075
0.223069
0.222446
0.224632
0.222950
0.227193
0.224795
0.225838
0.219933
0.216475
0.218227
0.218987
0.218365
0.220644
0.219660
0.218643
0.219616
0.229369
0.222599
0.229442
0.220349
0.218112
0.228983
0.229060
0.217979
0.220024
0.216850
0.209302
0.224487
0.217160
0.217617
0.218446
0.219523
0.216070
0.218306
0.217530
0.215220
0.207472
0.210223
0.216318
0.216441
0.211210
0.214484
0.213770
0.217467
0.214494
0.213715
0.214722
0.219150
0.217761
0.220694
0.219795
0.221081
0.218673
0.218258
0.216792
0.217164
0.219285
0.219188
0.139173
0.118312
0.119253
0.120207
0.116702
0.119729
0.121108
0.118219
0.118401
0.117442
0.117861
0.134705
0.123812
0.159750
0.127020
0.124277
0.130356
0.130819
0.130389
0.144723
0.134714
0.135233
0.137370
0.127698
0.135484
0.132183
0.131591
0.142204
0.134797
0.134638
0.138232
0.135463
0.134212
0.134487
0.137888
0.133585
0.133027
0.132561
0.133600
0.131877
0.145290
0.147177
0.151105
0.140850
0.146570
0.142950
0.139420
0.139646
0.137585
0.137949
0.138574
0.138339
0.131546
0.150110
0.134586
0.136528
0.133415
0.131547
0.144325
0.130499
0.145711
0.145542
0.141707
0.142252
0.143935
0.137965
0.140563
0.138207
0.135798
0.136839
0.141307
0.144077
0.137186
0.150253
0.146227
0.134120
0.161968
0.163183
0.166666
0.165787
0.166930
0.166098
0.165264
0.165800
0.165678
0.165207
0.166603
0.171361
0.166323
0.166462
0.165391
0.168327
0.170790
0.167208
0.167197
0.167852
0.168429
0.171750
0.171049
0.169625
0.166459
0.171218
0.166949
0.164637
0.168711
0.166768
0.166533
0.165824
0.167050
0.166209
0.160513
0.165398
0.159398
0.132151
0.130763
0.129674
0.129004
0.129239
0.131058
0.132220
0.154807
0.135956
0.134718
0.139852
0.153434
0.152453
0.153288
0.154413
0.154227
0.152535
0.152049
0.152550
0.154073
0.152056
0.154726
0.152263
0.154079
0.153381
0.154274
0.152820
0.152319
0.152353
0.149824
0.150593
0.151158
0.150984
0.153527
0.153283
0.153121
0.152576
0.153594
0.151946
0.152152
0.153201
0.152870
0.152762
0.154319
0.154687
0.154149
0.154246
0.152271
0.152086
0.153273
0.151323
0.152914
0.153401
0.154173
0.154358
0.154626
0.154506
0.154271
0.154689
0.152975
0.156343
0.155733
0.155797
0.155891
0.156010
0.156453
0.156506
0.151244
0.151086
0.151427
0.151459
0.151277
0.150100
0.151313
0.151062
0.150859
0.151020
0.153179
0.153744
0.150761
0.150612
0.114973
0.113734
0.115642
0.115320
0.115458
0.115379
0.115631
0.119407
0.109999
0.116106
0.138012
0.137068
0.137637
0.135580
0.135550
0.135656
0.136117
0.137751
0.117051
0.111879
0.113928
0.118900
0.111546
0.110969
0.118366
0.137929
0.138121
0.117871
0.111091
0.111181
0.111089
0.111791
0.111526
0.111129
0.111547
0.110933
0.110819
0.117556
0.111743
0.110409
0.130964
0.107226
0.118823
0.119330
0.117501
0.136869
0.137380
0.117147
0.111852
0.117798
0.118308
0.118356
0.119026
0.110539
0.119006
0.112112
0.107481
0.117167
0.116875
0.116317
0.117485
0.117650
0.117424
0.117881
0.117774
0.117992
0.120087
0.119801
0.119970
0.119831
0.120167
0.119982
0.119234
0.116131
0.117233
0.114669
0.118470
0.119140
0.119334
0.128778
0.128478
0.129295
0.129439
0.129383
0.129226
0.129057
0.130195
0.130403
0.130295
0.130200
0.130329
0.129793
0.130385
0.129552
0.117070
0.131258
0.130889
0.129385
0.130649
0.130633
0.130589
0.130465
0.127527
0.128556
0.129139
0.128165
0.128364
0.114858
0.117127
0.128381
0.116914
0.117697
0.117468
0.119258
0.117760
0.119745
0.119694
0.118840
0.118587
0.118921
0.116610
0.117169
0.114934
0.114403
0.114598
0.114341
0.145588
0.145463
0.144971
0.144686
0.144507
0.144612
0.144531
0.133263
0.133102
0.133485
0.133711
0.134735
0.134926
0.134541
0.136942
0.136065
0.135005
0.133863
0.134137
0.134266
0.134637
0.134423
0.133037
0.133884
0.132239
0.134809
0.134582
0.135892
0.136413
0.136183
0.136360
0.137325
0.137182
0.136235
0.137121
0.137231
0.136764
0.136247
0.137258
0.136439
0.137903
0.135625
0.134912
0.135089
0.135116
0.134501
0.139036
0.134558
0.134124
0.137800
0.134271
0.142511
0.142728
0.143543
0.142865
0.143126
0.144177
0.143070
0.142632
0.141930
0.142752
0.141222
0.142839
0.142532
0.142378
0.142514
0.139357
0.142338
0.144003
0.142280
0.143407
0.142987
0.143383
0.142481
0.141875
0.141925
0.141320
0.141899
0.140930
0.142244
0.140911
0.134234
0.142682
0.142278
0.140924
0.139422
0.139630
0.139657
0.138887
0.140684
0.140562
0.133506
0.139527
0.140012
0.140286
0.139364
0.134635
0.134032
0.134593
0.133552
0.143548
0.134006
0.138621
0.134644
0.141686
0.144668
0.144611
0.144919
0.155565
0.156738
0.155516
0.154753
0.155872
0.155516
0.155687
0.154612
0.154886
0.154290
0.155056
0.154823
0.152243
0.151965
0.151324
0.151743
0.152123
0.151787
0.152094
0.152767
0.152893
0.153194
0.152881
0.078819
0.078999
0.075910
0.075574
0.079937
0.080998
0.077936
0.076167
0.078126
0.074970
0.073573
0.076400
0.075815
0.074241
0.074464
0.074390
0.072237
0.074865
0.077337
0.072061
0.075007
0.073568
0.077689
0.078137
0.076568
0.075207
0.075595
0.077393
0.077780
0.076071
0.076706
0.075163
0.077761
0.079982
0.075083
0.077189
0.080212
0.079640
0.078254
0.078548
0.080907
0.081983
0.078956
0.080556
0.080681
0.079694
0.079662
0.080698
0.081611
0.082070
0.082252
0.080675
0.083640
0.081617
0.082118
0.083997
0.083835
0.084044
0.084716
0.086096
0.083851
0.083367
0.083647
0.083717
0.082218
0.084491
0.084330
0.083503
0.082534
0.081556
0.080936
0.081345
0.080558
0.147941
0.147968
0.147186
0.147941
0.147874
0.147862
0.147761
0.147194
0.148268
0.147884
0.145073
0.150668
0.150097
0.159582
0.161821
0.163825
0.162344
0.161550
0.145383
0.148787
0.147585
0.148330
0.150595
0.152538
0.151797
0.153842
0.151136
0.152190
0.154721
0.153716
0.151908
0.154692
0.154494
0.153077
0.154615
0.154297
0.153197
0.153442
0.155136
0.152918
0.153964
0.155669
0.157771
0.155013
0.156863
0.154372
0.153910
0.155091
0.155202
0.154218
0.155633
0.155773
0.153939
0.165675
0.156042
0.156384
0.157121
0.165049
0.166428
0.158634
0.118044
0.118114
0.123607
0.121063
0.122293
0.122766
0.121666
0.122953
0.122704
0.118505
0.121958
0.120942
0.120275
0.123154
0.124697
0.122354
0.122647
0.119742
0.122675
0.121029
0.139452
0.123306
0.125459
0.125247
0.124650
0.125620
0.125465
0.125878
0.126101
0.125660
0.126661
0.126318
0.127857
0.127462
0.124043
0.120867
0.122998
0.122224
0.123243
0.120616
0.122259
0.121281
0.124487
0.119067
0.120437
0.118743
0.123274
0.127254
0.125373
0.124556
0.120695
0.123581
0.123667
0.123926
0.120663
0.124779
0.125488
0.124453
0.125450
0.127700
0.134992
0.134545
0.136237
0.134751
0.136819
0.135048
0.133642
0.137872
0.137764
0.135252
0.136435
0.137369
0.137553
0.138902
0.138482
0.139362
0.138244
0.139913
0.140082
0.140176
0.138846
0.139523
0.139878
0.139525
0.135729
0.138660
0.135510
0.137176
0.135147
0.138193
0.140002
0.140433
0.135956
0.137715
0.138697
0.140565
0.142328
0.140378
0.138887
0.139549
0.139664
0.139733
0.139888
0.137546
0.137343
0.136960
0.136969
0.139135
0.139818
0.141887
0.139192
0.139599
0.139444
0.138565
0.139036
0.140303
0.139547
0.140028
0.139171
0.139325
0.140697
0.139357
0.139380
0.137928
0.138282
0.138902
0.138121
0.139277
0.140482
0.136593
0.138003
0.137807
0.139238
0.140218
0.139459
0.140997
0.140700
0.141142
0.138715
0.140710
0.140773
0.141118
0.141683
0.140971
0.141511
0.141823
0.142335
0.140534
0.140670
0.139077
0.136652
0.135534
0.134890
0.139202
0.139718
0.139644
0.140033
0.099310
0.098103
0.094613
0.098658
0.098605
0.095040
0.099146
0.093716
0.093224
0.098191
0.092097
0.091326
0.099324
0.093698
0.093594
0.092207
0.095616
0.100136
0.100066
0.098822
0.098486
0.095154
0.094591
0.095173
0.105097
0.111364
0.109548
0.110955
0.113305
0.112445
0.111705
0.111695
0.112696
0.111845
0.109783
0.094953
0.092965
0.096011
0.097113
0.096837
0.101960
0.102158
0.095654
0.100940
0.094402
0.095018
0.095323
0.097634
0.099704
0.101025
0.100917
0.100194
0.100727
0.099801
0.099368
0.100364
0.099917
0.100494
0.090779
0.091281
0.095904
0.101658
0.098557
0.099892
0.133374
0.132920
0.132889
0.133067
0.132355
0.132882
0.132193
0.132004
0.133068
0.131365
0.130467
0.130978
0.132525
0.132484
0.133213
0.133337
0.133825
0.132383
0.132103
0.132797
0.130875
0.131180
0.119195
0.132378
0.132691
0.117120
0.118744
0.118271
0.118476
0.118195
0.118312
0.116923
0.118318
0.118098
0.121613
0.118312
0.117479
0.117159
0.117606
0.118995
0.118415
0.118382
0.116342
0.118427
0.118553
0.129572
0.129020
0.128669
0.128689
0.127740
0.128034
0.128003
0.117430
0.115990
0.117458
0.117411
0.117623
0.127944
0.128234
0.118765
0.128559
0.128806
0.129204
0.118631
0.119356
0.118777
0.119094
0.118829
0.119574
0.118807
0.118786
0.116412
0.118781
0.118716
0.129606
0.118755
0.118822
0.118583
0.129326
0.129284
0.129155
0.129561
0.130200
0.118915
0.119204
0.118924
0.119055
0.119021
0.119071
0.118747
0.118980
0.119035
0.119291
0.119031
0.119153
0.117774
0.118890
0.119095
0.118737
0.129762
0.129934
0.130112
0.130007
0.129884
0.131197
0.129470
0.130667
0.130743
0.130672
0.129998
0.116233
0.122191
0.122099
0.130434
0.130623
0.130534
0.113394
0.114468
0.114514
0.113819
0.113563
0.112311
0.111848
0.113281
0.113498
0.114416
0.113991
0.113561
0.112978
0.111801
0.111622
0.119803
0.122887
0.122098
0.124023
0.123331
0.121643
0.123191
0.122596
0.123923
0.124881
0.124400
0.124408
0.124580
0.124818
0.125224
0.126059
0.124266
0.124369
0.123884
0.123462
0.123010
0.124999
0.123240
0.125157
0.124840
0.125030
0.122937
0.124509
0.121727
0.122665
0.127006
0.123928
0.124136
0.127505
0.124263
0.128222
0.126539
0.122116
0.122592
0.122150
0.123373
0.124726
0.122469
0.123956
0.126086
0.131209
0.128592
0.130820
0.122649
0.121759
0.131735
0.128638
0.126910
0.125304
0.123931
0.123187
0.126719
0.124457
0.121887
0.123774
0.121334
0.124031
0.120841
0.121514
0.123130
0.122160
0.128437
0.127973
0.128006
0.126791
0.126241
0.125629
0.125411
0.125404
0.125385
0.125788
0.124928
0.124753
0.124919
0.125359
0.124371
0.123945
0.122491
0.125964
0.124628
0.123900
0.121753
0.122073
0.119506
0.116505
0.114263
0.109145
0.106672
0.102791
0.103846
0.102005
0.104570
0.102992
0.098698
0.090443
0.093324
0.090236
0.091779
0.087116
0.088963
0.082143
0.086030
0.084969
0.084372
0.086990
0.100128
0.102615
0.102649
0.107627
0.109025
0.100815
0.109519
0.102952
0.106640
0.108090
0.105996
0.109134
0.109820
0.106552
0.106546
0.110889
0.107900
0.096061
0.089991
0.095113
0.092822
0.096880
0.090430
0.098930
0.092616
0.104602
0.094546
0.098556
0.098292
0.092589
0.099473
0.100594
0.093499
0.097311
0.099772
0.100725
0.098288
0.101931
0.100311
0.111237
0.096398
0.101282
0.098984
0.102922
0.105625
0.096206
0.110982
0.091321
0.110749
0.106986
0.089910
0.087136
0.091955
0.088909
0.106954
0.104534
0.102986
0.101997
0.091484
0.091541
0.086562
0.088013
0.093866
0.094331
0.089403
0.088654
0.089358
0.087809
0.086325
0.090987
0.090214
0.089173
0.091156
0.089170
0.091260
0.091687
0.091444
0.089148
0.088961
0.088068
0.087562
0.090584
0.090919
0.090614
0.089747
0.089210
0.088485
0.088277
0.088552
0.088522
0.089297
0.090409
0.091611
0.090541
0.090489
0.088340
0.089198
0.092449
0.087942
0.085445
0.086850
0.087259
0.085991
0.085744
0.084385
0.085799
0.087906
0.098193
0.101619
0.097677
0.097093
0.097323
0.097459
0.098111
0.098934
0.094240
0.094439
0.094505
0.094429
0.093801
0.093907
0.095427
0.089694
0.091319
0.092329
0.096376
0.092154
0.098809
0.097776
0.097273
0.097346
0.097839
0.098740
0.098123
0.097840
0.097161
0.100818
0.093352
0.099892
0.094963
0.132001
0.132239
0.131373
0.132348
0.133167
0.133643
0.132051
0.132219
0.148068
0.131886
0.133221
0.131022
0.129287
0.129129
0.131718
0.140873
0.140742
0.144730
0.131439
0.130726
0.130526
0.140713
0.141504
0.143047
0.141521
0.141627
0.142385
0.151866
0.152840
0.152996
0.152515
0.142654
0.142385
0.137886
0.148499
0.154886
0.148329
0.154060
0.154597
0.156766
0.161986
0.145552
0.144842
0.129571
0.125640
0.123183
0.135689
0.140354
0.146057
0.141954
0.150970
0.177820
0.166093
0.171802
0.191046
0.178054
0.151946
0.152118
0.147962
0.216567
0.191517
0.189019
0.172087
0.193068
0.167132
0.163023
0.164912
0.160400
0.161079
0.154119
0.145500
0.145378
0.155334
0.149617
0.141616
0.133142
0.134230
0.142475
0.177297
0.140167
0.139312
0.182568
0.185724
0.128291
0.127317
0.117507
0.118204
0.094146
0.086539
0.078813
0.072980
0.067793
0.063595
0.057579
0.053853
0.048078
0.043420
0.040503
0.037876
0.034424
0.033287
0.031867
0.031682
0.030436
0.029288
0.029572
0.033209
0.034003
0.035620
0.036304
0.039746
0.045168
0.047293
0.052346
0.055980
0.062366
0.064559
0.070887
0.074437
0.082272
0.088579
0.093594
0.100930
0.107976
0.118075
0.124276
0.133046
0.139652
0.141677
0.142587
0.143075
0.143064
0.142998
0.143430
0.143214
0.144091
0.138711
0.135906
0.134056
0.130030
0.127582
0.126432
0.123127
0.120662
0.118948
0.117339
0.115727
0.114613
0.112184
0.109086
0.108655
0.107064
0.107680
0.106420
0.105185
0.106267
0.104461
0.104078
0.104049
0.104036
0.105899
0.105915
0.103853
0.105704
0.105293
0.103853
0.105739
0.105681
0.103898
0.105136
0.105698
0.103898
0.105136
0.105698
0.103898
0.104002
0.105597
0.104504
0.104368
0.104504
0.106153
0.106153
0.106153
0.106153
0.106153
0.106153
0.106153
0.106153
0.106153
0.106153
0.106153
0.106153
0.106153
0.106153
0.106153
0.106153
0.106153
0.106153
0.106153
0.106153
0.106153
0.106153
0.106153
0.106153
0.106153
0.106153
0.106153
0.106153
0.106153
0.106153
0.106153
0.106153
0.106153
0.106153
0.106153
0.106153
0.106153
0.106153
0.106153
0.106153
0.106153
0.106153
0.106153
0.106153
0.106153
0.106153
0.106153
0.106153
0.106153
0.106153
0.106153
0.106153
0.106153
0.106153
0.106153
0.106153
0.106153
0.106153
0.106153
0.106153
0.105921
0.105921
0.105921
0.105921
0.105921
0.105921
0.105921
0.105921
0.105921
0.105921
0.105921
0.105921
0.105921
0.105921
0.105921
0.105921
0.105921
0.105921
0.105921
0.105921
0.105921
0.105921
0.105921
0.105921
0.105921
0.105921
0.105921
0.105921
0.105921
0.105921
0.105921
0.105921
0.105921
0.105921
0.105921
0.105921
0.105921
0.105921
0.105921
0.105921
0.105921
0.105921
0.105921
0.105921
0.105921
0.105921
0.105921
0.105921
0.105921
0.105921
0.105921
0.105921
0.105921
0.105921
0.105921
0.105921
0.105921
0.105921
0.105921
0.105921
0.105921
0.105921
0.105921
0.105921
0.105921
0.105921
0.105921
0.105921
0.105921
0.105921
0.105921
0.105921
0.105921
0.105921
0.105921
0.105921
0.105921
0.105921
0.105921
0.105921
0.105921
0.105921
0.105921
0.105921
0.105921
0.105921
0.105921
0.105921
0.105921
0.105921
0.105921
0.105921
0.105921
0.105921
0.105921
0.105921
0.105921
0.105921
0.105921
0.105921
0.105921
0.105921
0.105921
0.105921
0.105921
0.105921
0.105921
0.105921
0.105921
0.105921
0.105921
0.105921
0.105921
0.105921
0.105921
0.105921
0.105921
0.105921
0.105921
0.105921
0.106170
0.106350
0.105766
0.106530
0.106310
0.106363
0.106530
0.105614
0.105685
0.104871
0.106120
0.105928
0.107127
0.107041
0.107613
0.108413
0.110718
0.111666
0.112580
0.114446
0.116740
0.117085
0.119888
0.121619
0.123231
0.128474
0.129608
0.134531
0.134797
0.139387
0.144891
0.163590
0.163655
0.163705
0.163704
0.163708
0.163594
0.163609
0.163979
0.163984
0.163325
0.163782
0.163545
0.163545
0.163973
0.164297
0.164195
0.164727
0.164064
0.164069
0.164208
0.164258
0.164382
0.164135
0.164352
0.164372
0.165838
0.163695
0.162038
0.162000
0.162881
0.165142
0.161983
0.162106
0.161861
0.161714
0.161594
0.161562
0.163327
0.163530
0.164920
0.168349
0.164125
0.164327
0.163690
0.163618
0.162714
0.164739
0.161589
0.161888
0.160949
0.163020
0.162817
0.163171
0.165302
0.160040
0.157804
0.159740
0.161007
0.155247
0.154550
0.161886
0.161437
0.155677
0.153363
0.153499
0.152789
0.154069
0.152624
0.152604
0.153106
0.153046
0.152598
0.152576
0.152474
0.152232
0.152166
0.153167
0.152515
0.152288
0.153155
0.152216
0.152214
0.152210
0.153087
0.152212
0.152211
0.153081
0.152213
0.152208
0.153090
0.152213
0.152212
0.152214
0.152213
0.152210
