0.163431
0.156349
0.155812
0.147796
0.143228
0.135920
0.128812
0.122941
0.121635
0.118141
0.109063
0.104713
0.098680
0.098962
0.098962
0.082067
0.088655
0.080867
0.072667
0.071860
0.071602
0.069069
0.069350
0.061431
0.064937
0.056831
0.056789
0.056090
0.060537
0.066351
0.053445
0.068523
0.068019
0.087987
0.087962
0.076404
0.063375
0.063992
0.064403
0.098606
0.100845
0.112097
0.119207
0.126429
0.126676
0.142236
0.147130
0.151624
0.157200
0.162960
0.161979
0.143108
0.136520
0.131602
0.129292
0.147402
0.147408
0.128462
0.128689
0.113514
0.112395
0.148950
0.108101
0.108287
0.108609
0.109644
0.109393
0.108415
0.164539
0.163994
0.163281
0.166813
0.110316
0.114551
0.108332
0.110867
0.113074
0.114087
0.123543
0.177320
0.174239
0.173154
0.117137
0.118545
0.120529
0.116362
0.120078
0.115872
0.183894
0.186427
0.126573
0.121809
0.187013
0.193377
0.122701
0.123180
0.186412
0.188882
0.185242
0.180497
0.126287
0.176054
0.127146
0.197772
0.199852
0.200516
0.189427
0.195695
0.183655
0.122991
0.126843
0.127617
0.188356
0.182985
0.182912
0.125982
0.124091
0.188834
0.121918
0.124983
0.188248
0.185464
0.137285
0.136835
0.138642
0.137440
0.133564
0.144757
0.140175
0.139414
0.131863
0.142398
0.142839
0.133038
0.135730
0.137713
0.139389
0.153490
0.160806
0.165741
0.161910
0.161977
0.162422
0.159016
0.169088
0.163069
0.149362
0.149418
0.148247
0.159795
0.157523
0.157981
0.159710
0.159533
0.155779
0.156177
0.163885
0.170690
0.176061
0.176062
0.176733
0.174870
0.175806
0.148023
0.130921
0.121023
0.117914
0.123089
0.136550
0.157132
0.187809
0.222856
0.268340
0.318391
0.373708
0.369673
0.297246
0.232962
0.179909
0.135664
0.103836
0.081278
0.069319
0.071558
0.076494
0.111215
0.127759
0.166839
0.166685
0.166726
0.167186
0.168326
0.168044
0.165819
0.167068
0.167311
0.167377
0.167630
0.168069
0.166622
0.166767
0.166891
0.165220
0.164339
0.165069
0.164676
0.164677
0.164150
0.163943
0.163987
0.166139
0.166919
0.166143
0.166696
0.166058
0.166202
0.166059
0.165861
0.166215
0.166124
0.166126
0.166509
0.164981
0.166556
0.166847
0.167047
0.166118
0.165761
0.166251
0.166978
0.167763
0.167296
0.166347
0.167176
0.167159
0.166629
0.166996
0.166839
0.166661
0.166420
0.165711
0.165512
0.164699
0.164711
0.163423
0.165509
0.164670
0.164860
0.163624
0.163644
0.163899
0.164019
0.164395
0.164872
0.165850
0.165889
0.166395
0.166981
0.168355
0.166134
0.166179
0.148124
0.153804
0.154943
0.147486
0.147889
0.147738
0.147945
0.141399
0.142214
0.149858
0.149555
0.149087
0.148563
0.148797
0.141593
0.141704
0.141873
0.144321
0.143800
0.138471
0.138365
0.137909
0.138030
0.137177
0.142048
0.144325
0.138960
0.144123
0.144945
0.145455
0.148342
0.150710
0.143211
0.143059
0.142985
0.142674
0.151114
0.144314
0.144329
0.151145
0.151128
0.151187
0.148014
0.148317
0.143448
0.147602
0.147800
0.147426
0.147574
0.147518
0.146729
0.154402
0.154233
0.145792
0.145983
0.147824
0.141683
0.147571
0.147995
0.145288
0.138189
0.138638
0.138512
0.248365
0.247279
0.247304
0.247305
0.247303
0.246633
0.246690
0.246759
0.246590
0.246453
0.247326
0.246359
0.247350
0.246500
0.247366
0.246466
0.247191
0.246504
0.247386
0.247342
0.247358
0.247455
0.247380
0.247192
0.245142
0.246034
0.246034
0.246043
0.246035
0.246020
0.246020
0.246020
0.246020
0.246020
0.246020
0.246020
0.243166
0.242643
0.245652
0.245652
0.245652
0.246885
0.244238
0.245302
0.083177
0.082943
0.083073
0.083065
0.083796
0.081614
0.077783
0.079695
0.079721
0.079506
0.078324
0.081611
0.081462
0.078317
0.078577
0.081991
0.082569
0.083670
0.082377
0.080790
0.081975
0.081358
0.081946
0.081941
0.081944
0.080330
0.075712
0.148771
0.147659
0.146800
0.146602
0.145423
0.145225
0.145374
0.145233
0.140605
0.140566
0.141784
0.140813
0.140861
0.141062
0.140977
0.139489
0.138708
0.139103
0.139138
0.136967
0.140122
0.140298
0.140164
0.144086
0.144214
0.143326
0.143716
0.140366
0.139137
0.139150
0.139298
0.140872
0.136202
0.140163
0.139383
0.135673
0.135790
0.136520
0.132498
0.141567
0.141543
0.141955
0.142252
0.141835
0.141399
0.133662
0.141511
0.140965
0.134299
0.139295
0.140112
0.140516
0.143962
0.142791
0.143348
0.143909
0.143700
0.144301
0.143624
0.140709
0.135675
0.135614
0.138279
0.134579
0.130900
0.128103
0.133369
0.133371
0.133150
0.123492
0.125016
0.126736
0.129426
0.129335
0.128973
0.130052
0.135132
0.136705
0.137138
0.136578
0.130483
0.129854
0.128149
0.134295
0.131565
0.132998
0.130619
0.130069
0.124285
0.128347
0.125059
0.125035
0.124483
0.123117
0.129911
0.121566
0.121464
0.121372
0.122224
0.139415
0.140392
0.139884
0.140061
0.140356
0.140443
0.139358
0.139604
0.139895
0.140496
0.139717
0.139745
0.138072
0.136410
0.137285
0.135435
0.135679
0.135695
0.136956
0.136429
0.137333
0.137236
0.137081
0.136962
0.136208
0.136166
0.135781
0.135382
0.133213
0.134553
0.134194
0.134853
0.135224
0.133215
0.132897
0.132940
0.131875
0.131585
0.133347
0.133839
0.134158
0.133705
0.132857
0.132142
0.132381
0.132773
0.132786
0.132492
0.132418
0.131765
0.130361
0.130622
0.130233
0.130261
0.129296
0.129610
0.129440
0.129860
0.127746
0.127725
0.125803
0.126696
0.127503
0.129844
0.130575
0.130576
0.129584
0.129296
0.128422
0.128143
0.127772
0.129053
0.127032
0.125660
0.127115
0.127889
0.143614
0.143618
0.146588
0.141525
0.143098
0.147454
0.119533
0.119450
0.118198
0.118575
0.118376
0.118118
0.118953
0.118545
0.117318
0.116525
0.116473
0.115797
0.116111
0.116796
0.117870
0.118185
0.117121
0.117864
0.117979
0.120021
0.118736
0.119870
0.119042
0.118746
0.121816
0.119928
0.121560
0.121292
0.121185
0.119330
0.121882
0.121587
0.124363
0.123907
0.122170
0.123858
0.120178
0.118842
0.117083
0.117775
0.120828
0.119816
0.129061
0.128770
0.126470
0.126431
0.127001
0.127073
0.124713
0.126693
0.130647
0.128365
0.127868
0.127850
0.126033
0.125900
0.127962
0.127146
0.128786
0.128987
0.131203
0.130416
0.130054
0.130985
0.132742
0.132858
0.131902
0.129887
0.130770
0.132976
0.133310
0.133181
0.132110
0.133708
0.131178
0.131899
0.130887
0.130774
0.131823
0.132416
0.132418
0.112692
0.122714
0.124320
0.124876
0.124012
0.123793
0.122090
0.122985
0.123103
0.122336
0.121623
0.122046
0.120789
0.121107
0.120701
0.119966
0.121384
0.121342
0.123125
0.122963
0.123188
0.122036
0.121837
0.124067
0.136636
0.136720
0.137781
0.135047
0.139711
0.140701
0.137119
0.138287
0.136973
0.137941
0.137279
0.135812
0.149959
0.137696
0.140693
0.153363
0.148832
0.137610
0.138731
0.138956
0.146942
0.136449
0.138031
0.139397
0.140403
0.114589
0.114454
0.112773
0.114484
0.115505
0.116329
0.117726
0.117257
0.122040
0.120932
0.118721
0.132805
0.117552
0.115003
0.113943
0.108782
0.108267
0.110230
0.108875
0.109643
0.111382
0.107789
0.107089
0.112418
0.106224
0.111692
0.113469
0.111648
0.114831
0.100642
0.102638
0.097191
0.102400
0.096799
0.103861
0.102123
0.105310
0.103584
0.105584
0.105980
0.098730
0.101837
0.105006
0.106747
0.108262
0.106969
0.105782
0.104434
0.104326
0.119045
0.107305
0.101289
0.113015
0.114413
0.106300
0.109240
0.104234
0.098646
0.102577
0.100524
0.101879
0.102077
0.098392
0.098408
0.100312
0.092331
0.090026
0.098377
0.097722
0.104720
0.096193
0.101397
0.104054
0.108155
0.116146
0.111120
0.105188
0.105713
0.112566
0.116039
0.114357
0.127233
0.153338
0.141883
0.144175
0.154557
0.124195
0.152827
0.134030
0.153445
0.136803
0.139572
0.143221
0.128537
0.136197
0.137218
0.130221
0.134582
0.131890
0.134204
0.131428
0.138586
0.132892
0.132176
0.139997
0.136303
0.128632
0.132044
0.124105
0.095575
0.091658
0.096140
0.095577
0.101020
0.103336
0.097743
0.101346
0.101582
0.100899
0.099276
0.103310
0.104716
0.103034
0.104256
0.091874
0.095799
0.093599
0.093871
0.094238
0.097581
0.103394
0.100224
0.093660
0.102033
0.093451
0.094252
0.099902
0.099967
0.099721
0.100259
0.101128
0.100568
0.100843
0.080874
0.080499
0.080280
0.079925
0.080592
0.080011
0.083860
0.081892
0.076515
0.076975
0.078715
0.084471
0.081084
0.079138
0.083169
0.081858
0.080909
0.081909
0.078557
0.090910
0.089989
0.090506
0.083727
0.088555
0.090429
0.090559
0.072351
0.091470
0.085357
0.085770
0.086098
0.085219
0.092727
0.092374
0.087087
0.085551
0.076960
0.078303
0.083355
0.080763
0.079327
0.081249
0.083467
0.082276
0.083510
0.078629
0.079943
0.078047
0.079284
0.079211
0.075509
0.073239
0.072281
0.072906
0.085301
0.080304
0.083020
0.079680
0.089133
0.084847
0.084207
0.083346
0.085993
0.080222
0.079077
0.074608
0.076511
0.077149
0.081273
0.075543
0.082216
0.084596
0.095076
0.095659
0.097119
0.096370
0.093436
0.091812
0.091046
0.091585
0.086055
0.093310
0.094857
0.105139
0.102589
0.101261
0.099946
0.100430
0.098859
0.096662
0.096489
0.099216
0.094226
0.093267
0.093386
0.095321
0.094934
0.094465
0.095658
0.095572
0.096476
0.094569
0.088498
0.095566
0.092628
0.232076
0.228798
0.226509
0.225323
0.237997
0.234061
0.224476
0.223949
0.232816
0.231409
0.229621
0.228794
0.192797
0.179329
0.177779
0.175773
0.217481
0.217864
0.205117
0.206176
0.215395
0.215271
0.215160
0.215735
0.205099
0.204445
0.204726
0.215776
0.204674
0.199801
0.211465
0.206836
0.205782
0.205028
0.208123
0.207502
0.208157
0.208000
0.207050
0.208208
0.208436
0.205721
0.206342
0.211124
0.212287
0.207505
0.207996
0.208242
0.207250
0.203938
0.205846
0.206766
0.204439
0.209643
0.219040
0.211453
0.217940
0.212482
0.205563
0.205023
0.204678
0.204830
0.217481
0.216355
0.214605
0.204791
0.204542
0.204300
0.205924
0.205172
0.204879
0.204772
0.204458
0.205642
0.204926
0.205197
0.204907
0.205365
0.204936
0.204965
0.205442
0.204943
0.205107
0.205386
0.205094
0.205675
0.205392
0.205990
0.205256
0.205370
0.205400
0.202981
0.204531
0.203897
0.203782
0.204406
0.204460
0.203574
0.205797
0.203553
0.214073
0.204460
0.204208
0.203941
0.204850
0.204687
0.204897
0.204866
0.204409
0.204281
0.203976
0.204411
0.204060
0.085913
0.084964
0.088716
0.086418
0.087090
0.086077
0.084355
0.082343
0.080558
0.079273
0.078489
0.077279
0.076248
0.075377
0.077147
0.074496
0.074160
0.074255
0.073010
0.073179
0.073328
0.073598
0.073837
0.074020
0.073649
0.075278
0.074014
0.075728
0.074602
0.075579
0.076029
0.074491
0.074410
0.074966
0.074473
0.075470
0.075538
0.074688
0.075325
0.074511
0.074582
0.074506
0.074445
0.074029
0.073866
0.074704
0.075032
0.074057
0.073828
0.073966
0.074191
0.074353
0.074674
0.074344
0.074677
0.074354
0.074473
0.074521
0.074089
0.074645
0.073990
0.074091
0.074375
0.073394
0.073960
0.073915
0.073993
0.073169
0.073577
0.074648
0.074092
0.074250
0.073558
0.073095
0.073894
0.073115
0.074189
0.074066
0.074014
0.074148
0.074205
0.074778
0.074010
0.074090
0.074823
0.074719
0.074543
0.075019
0.074863
0.075072
0.074817
0.074583
0.176543
0.186851
0.183993
0.215690
0.216391
0.193228
0.213712
0.209266
0.213208
0.200977
0.179343
0.198722
0.197433
0.176420
0.193846
0.192508
0.191840
0.191019
0.191993
0.192028
0.192056
0.193359
0.192931
0.193208
0.190109
0.193006
0.191844
0.194365
0.192952
0.168519
0.170608
0.170324
0.169915
0.169429
0.169444
0.169305
0.169022
0.168525
0.167438
0.165004
0.165735
0.166545
0.165199
0.161337
0.163141
0.161495
0.161218
0.167438
0.177073
0.161205
0.162109
0.176061
0.166185
0.166398
0.175270
0.171626
0.169372
0.160038
0.168881
0.169507
0.168970
0.169381
0.155324
0.156216
0.154963
0.154607
0.154553
0.170427
0.172049
0.170317
0.170040
0.160924
0.171392
0.169744
0.178350
0.176126
0.159426
0.159209
0.170303
0.159839
0.158874
0.159358
0.155664
0.166834
0.165541
0.153096
0.150180
0.150059
0.150567
0.152167
0.150119
0.150966
0.148334
0.151195
0.151603
0.151479
0.143204
0.150743
0.150821
0.136924
0.141977
0.138219
0.137991
0.137876
0.139162
0.138856
0.139103
0.150229
0.149738
0.150024
0.148594
0.146027
0.145989
0.138691
0.136445
0.134746
0.131257
0.129907
0.129167
0.132400
0.129746
0.132026
0.133960
0.134357
0.134351
0.132198
0.133493
0.136010
0.144695
0.144647
0.133661
0.144166
0.139557
0.142113
0.144438
0.147148
0.147803
0.146638
0.143446
0.149047
0.145884
0.147419
0.146848
0.147929
0.145563
0.156990
0.155532
0.149278
0.149266
0.165215
0.170491
0.170309
0.168857
0.157198
0.158239
0.162209
0.155180
0.171005
0.169956
0.156057
0.152736
0.158133
0.142349
0.151245
0.138785
0.147436
0.147505
0.147616
0.130771
0.129029
0.121034
0.121899
0.122421
0.122146
0.120974
0.121444
0.120811
0.123582
0.124042
0.123641
0.123107
0.123716
0.125105
0.124792
0.124690
0.125226
0.121917
0.125041
0.124357
0.125698
0.124053
0.125624
0.125425
0.123826
0.123107
0.123803
0.123613
0.122228
0.123206
0.123748
0.121340
0.121596
0.122480
0.121315
0.121534
0.117651
0.117705
0.118365
0.118399
0.116593
0.116973
0.117186
0.120217
0.117252
0.116538
0.118876
0.121076
0.119692
0.120969
0.122970
0.123382
0.123497
0.123975
0.125131
0.123086
0.123172
0.122782
0.123233
0.123501
0.126467
0.124030
0.125887
0.126558
0.122525
0.124198
0.124980
0.124567
0.122605
0.123705
0.123131
0.122799
0.124042
0.123972
0.125814
0.129256
0.128408
0.130599
0.130292
0.133353
0.132885
0.136390
0.134050
0.127162
0.126648
0.127776
0.130125
0.131925
0.129207
0.131131
0.128418
0.129726
0.129928
0.126159
0.129716
0.130437
0.125952
0.126720
0.128308
0.132956
0.133500
0.132888
0.133283
0.133267
0.133290
0.133797
0.133375
0.131381
0.130596
0.129137
0.130495
0.130867
0.130500
0.130250
0.130876
0.132484
0.131723
0.131769
0.131406
0.132104
0.128509
0.130076
0.130421
0.130024
0.135880
0.130528
0.134231
0.131646
0.126498
0.128159
0.128365
0.124827
0.126633
0.123875
0.129271
0.123566
0.123640
0.124228
0.129465
0.129071
0.128007
0.123252
0.123263
0.123229
0.123001
0.126010
0.124071
0.132555
0.132936
0.124576
0.119356
0.119699
0.117499
0.116359
0.116271
0.117180
0.116615
0.116668
0.117704
0.117641
0.117440
0.115916
0.115646
0.115805
0.117041
0.116507
0.117358
0.117292
0.115080
0.117845
0.116730
0.117429
0.116797
0.115731
0.118415
0.122041
0.129458
0.127555
0.126379
0.137489
0.125264
0.125386
0.125513
0.126974
0.124384
0.124867
0.124771
0.124199
0.120153
0.125298
0.127056
0.126779
0.129522
0.133623
0.136528
0.140918
0.140917
0.104634
0.068078
0.063377
0.050848
0.053463
0.076650
0.092732
0.133026
0.173840
0.231629
0.292823
0.366295
0.379940
0.323856
0.269664
0.226242
0.185444
0.151150
0.122229
0.103253
0.089079
0.078422
0.075349
0.077172
0.084796
0.086046
0.086302
0.087653
0.086449
0.087129
0.086559
0.086787
0.087133
0.085713
0.086533
0.086367
0.087329
0.086951
0.086955
0.087329
0.086538
0.086380
0.086816
0.087496
0.087742
0.088781
0.087686
0.087418
0.088302
0.087011
0.086691
0.086913
0.087729
0.089625
0.088060
0.089182
0.088121
0.088031
0.087581
0.085365
0.085122
0.088464
0.086413
0.086130
0.086071
0.086189
0.085590
0.086525
0.084357
0.086045
0.087644
0.089663
0.087221
0.089482
0.086599
0.086861
0.087623
0.088200
0.089120
0.085774
0.086817
0.086533
0.088512
0.086746
0.087238
0.088741
0.089551
0.086959
0.090339
0.087504
0.090226
0.090275
0.088529
0.088864
0.088594
0.088315
0.088567
0.087565
0.088477
0.088512
0.087628
0.087076
0.087472
0.088026
0.089526
0.089598
0.089575
0.088414
0.089753
0.088113
0.087781
0.087142
0.089792
0.089458
0.089016
0.088078
0.088682
0.090081
0.086287
0.088440
0.089264
0.089993
0.090269
0.090098
0.089107
0.088957
0.090497
0.088740
0.089121
0.087582
0.091142
0.086974
0.086444
0.086175
0.086021
0.086789
0.086291
0.086275
0.086819
0.086163
0.086610
0.086970
0.086226
0.086861
0.087023
0.086949
0.088665
0.088867
0.088660
0.088724
0.089137
0.089045
0.089730
0.088868
0.088598
0.089101
0.089079
0.088700
0.088894
0.088490
0.089382
0.088360
0.087036
0.093098
0.087045
0.087945
0.002982
0.002917
0.002833
0.002875
0.002770
0.002610
0.002516
0.002468
0.002423
0.002314
0.002216
0.002204
0.002110
0.002094
0.002063
0.002087
0.002049
0.001952
0.001903
0.001895
0.001895
0.001856
0.001763
0.001746
0.001750
0.001738
0.001749
0.001677
0.001620
0.001559
0.001445
0.001329
0.001171
0.001036
0.000885
0.000764
0.000653
0.000532
0.000435
0.000339
0.000273
0.000184
0.000141
0.000083
0.000065
0.000026
0.000000
0.000019
0.000121
0.000131
0.000194
0.000234
0.000308
0.000387
0.000480
0.000584
0.000695
0.000824
0.000984
0.001119
0.001281
0.001388
0.001495
0.001552
0.001632
0.001686
0.001728
0.001751
0.001741
0.001749
0.001809
0.001853
0.001960
0.001992
0.001998
0.002081
0.002104
0.002169
0.002239
0.002318
0.002976
0.003272
0.004197
0.004771
0.004973
0.005043
0.005435
0.005637
0.005716
0.005890
0.005935
0.006013
0.005959
0.005949
0.005896
0.005946
0.005940
0.005960
0.005878
0.005981
0.006004
0.006053
0.006071
0.006055
0.006050
0.006017
0.006023
0.005935
0.005879
0.005864
0.005837
0.005498
0.005492
0.005479
0.005479
0.005484
0.005509
0.005525
0.005651
0.005668
0.005642
0.005777
0.005675
0.005627
0.005431
0.005477
0.005548
0.005535
0.005390
0.005491
0.005468
0.005472
0.005531
0.005535
0.005557
0.005597
0.005614
0.005720
0.005737
0.005908
0.005901
0.005978
0.006124
0.006201
0.006090
0.006171
0.006273
0.006317
0.007184
0.008197
0.008319
0.008284
0.007727
0.151189
0.150542
0.150207
0.150349
0.149994
0.150834
0.150825
0.150701
0.150594
0.150669
0.150538
0.150910
0.149223
0.149744
0.149133
0.149693
0.149651
0.150297
0.149659
0.149766
0.149397
0.149404
0.149620
0.151012
0.146752
0.146691
0.146806
0.146810
0.149030
0.128468
0.127374
0.147998
0.128508
0.127695
0.136591
0.139370
0.137407
0.137658
0.135254
0.134536
0.131268
0.102202
0.098863
0.102500
0.103861
0.103901
0.102381
0.110543
0.102338
0.106001
0.102287
0.106334
0.105757
0.098582
0.100809
0.102351
0.102962
0.102639
0.098965
0.100211
0.099698
0.108438
0.111111
0.111353
0.110847
0.109924
0.109340
0.109342
0.106859
0.110210
0.109815
0.105513
0.104061
0.102907
0.111154
0.105863
0.104728
0.115790
0.122825
0.122116
0.123258
0.122964
0.122947
0.118475
0.118408
0.120806
0.121125
0.120464
0.124671
0.126707
0.127403
0.128780
0.128234
0.127826
0.128388
0.126889
0.128445
0.127686
0.127823
0.129193
0.129145
0.113034
0.130104
0.095140
0.128624
0.128878
0.128183
0.118956
0.119728
0.121514
0.102474
0.114928
0.115143
0.113244
0.110425
0.112454
0.118180
0.112644
0.110364
0.115808
0.120982
0.114121
0.114076
0.115146
0.115724
0.114234
0.116439
0.116049
0.116153
0.116827
0.116457
0.119766
0.127869
0.128501
0.128498
0.129906
0.131392
0.129197
0.129147
0.131410
0.130576
0.130004
0.129703
0.128101
0.129521
0.129091
0.128552
0.128365
0.127262
0.126673
0.129499
0.128400
0.128524
0.128902
0.127829
0.128363
0.128020
0.128643
0.130243
0.130472
0.129127
0.096484
0.101079
0.097586
0.096074
0.096437
0.100128
0.096486
0.096127
0.097578
0.096512
0.096571
0.099775
0.102275
0.102372
0.103305
0.102792
0.102932
0.101966
0.104308
0.101811
0.102143
0.105516
0.103929
0.103022
0.102506
0.100957
0.101413
0.100952
0.101228
0.112575
0.112465
0.112585
0.113122
0.112791
0.098370
0.109505
0.108240
0.114777
0.110612
0.108852
0.108790
0.109745
0.111088
0.111096
0.114112
0.113151
0.118566
0.131045
0.134013
0.135033
0.133753
0.128778
0.134724
0.126806
0.126429
0.128317
0.129283
0.129916
0.128416
0.129774
0.133155
0.132302
0.130661
0.131673
0.133212
0.130674
0.132705
0.131873
0.130808
0.132280
0.128969
0.133238
0.126477
0.162285
0.162902
0.163236
0.163538
0.162401
0.160887
0.161704
0.160418
0.160863
0.160535
0.160564
0.156796
0.160368
0.155928
0.156983
0.156455
0.154018
0.154585
0.154078
0.150649
0.153047
0.152811
0.150880
0.135144
0.142965
0.144767
0.133826
0.133603
0.141426
0.132246
0.134212
0.142424
0.132218
0.133349
0.131466
0.143140
0.141839
0.137282
0.142476
0.137127
0.140165
0.136132
0.140572
0.142055
0.144241
0.144659
0.145547
0.147463
0.152837
0.157618
0.149574
0.150074
0.150833
0.149670
0.147518
0.152568
0.143984
0.143735
0.144865
0.141528
0.147771
0.148035
0.143861
0.144838
0.143894
0.139837
0.128803
0.128503
0.136248
0.133790
0.129281
0.130755
0.128918
0.128939
0.127878
0.137058
0.141107
0.142324
0.141150
0.141850
0.142179
0.122724
0.122884
0.119167
0.132691
0.132343
0.136000
0.122547
0.121880
0.125653
0.136042
0.136642
0.136304
0.126460
0.128803
0.128440
0.121347
0.131267
0.125393
0.140271
0.132088
0.131249
0.131138
0.130507
0.131169
0.104860
0.107693
0.097102
0.101795
0.099007
0.105316
0.103624
0.105309
0.105787
0.102807
0.102944
0.106810
0.105866
0.106275
0.106134
0.113366
0.113777
0.105330
0.106550
0.108928
0.108957
0.118888
0.118498
0.113634
0.110756
0.117217
0.118090
0.140391
0.140256
0.139215
0.139939
0.138474
0.140833
0.138231
0.138177
0.138999
0.137733
0.140805
0.138272
0.140893
0.141035
0.141324
0.134209
0.137467
0.136395
0.135452
0.135159
0.103401
0.139717
0.098167
0.103062
0.103260
0.102831
0.103541
0.103496
0.102893
0.101001
0.100958
0.100623
0.098393
0.096102
0.100234
0.096984
0.094918
0.093884
0.094674
0.100299
0.101111
0.094942
0.102121
0.102579
0.102105
0.095421
0.095456
0.094391
0.100143
0.102334
0.101818
0.101419
0.100949
0.102034
0.111347
0.129503
0.129875
0.129659
0.127167
0.128481
0.125438
0.164128
0.163986
0.158065
0.157607
0.157933
0.157596
0.156643
0.156942
0.156434
0.156980
0.156888
0.156781
0.157032
0.159136
0.159577
0.160443
0.159689
0.159527
0.161162
0.160645
0.160004
0.160510
0.160770
0.161207
0.160751
0.161038
0.160007
0.160382
0.160184
0.160353
0.164511
0.164651
0.159960
0.164652
0.164292
0.164487
0.164088
0.164536
0.165921
0.165809
0.165300
0.165309
0.164614
0.165723
0.165136
0.165133
0.166013
0.166043
0.162747
0.167431
0.166868
0.167158
0.166773
0.166942
0.167113
0.167063
0.168271
0.169549
0.170363
0.170621
0.136963
0.136420
0.136675
0.137080
0.136827
0.136849
0.136986
0.152008
0.152075
0.151873
0.152054
0.150930
0.151588
0.151543
0.151569
0.152750
0.152515
0.153337
0.152517
0.152204
0.152303
0.153142
0.153002
0.152520
0.152006
0.149748
0.148729
0.152966
0.149110
0.153186
0.132527
0.132485
0.132342
0.142999
0.141566
0.135749
0.152481
0.141359
0.132928
0.132615
0.139699
0.139956
0.137425
0.138421
0.138468
0.152245
0.151343
0.151518
0.152005
0.151093
0.151427
0.132877
0.133518
0.140972
0.140237
0.140317
0.139500
0.139367
0.139645
0.138981
0.133955
0.132759
0.132581
0.134362
0.135781
0.127452
0.150712
0.150001
0.149932
0.149897
0.139105
0.152021
0.137265
0.135942
0.136094
0.153129
0.134282
0.135212
0.143008
0.142785
0.143881
0.143916
0.143093
0.143730
0.134264
0.154532
0.154106
0.153985
0.142486
0.131257
0.124561
0.123701
0.123252
0.123344
0.123387
0.123806
0.123665
0.123733
0.123440
0.124028
0.124028
0.123528
0.123894
0.124257
0.124227
0.124939
0.124939
0.124735
0.125355
0.126175
0.126140
0.127024
0.127217
0.125425
0.126896
0.126247
0.127005
0.127216
0.127156
0.126840
0.127203
0.127687
0.128211
0.128851
0.129153
0.129502
0.128983
0.128955
0.128355
0.129003
0.129013
0.128313
0.128522
0.129005
0.129005
0.130021
0.130102
0.130234
0.130303
0.130818
0.181091
0.180239
0.180372
0.180369
0.180218
0.179979
0.179710
0.178676
0.179753
0.180107
0.179861
0.182167
0.181889
0.181678
0.181837
0.182523
0.183774
0.183400
0.183737
0.182122
0.184776
0.183904
0.183518
0.184051
0.184161
0.183421
0.185366
0.183307
0.183972
0.184050
0.184997
0.184610
0.183718
0.184561
0.184196
0.184289
0.184521
0.184602
0.184266
0.184380
0.184958
0.184638
0.184001
0.183857
0.183773
0.183803
0.183270
0.184058
0.184023
0.184473
0.184018
0.183354
0.183159
0.183260
0.183605
0.183040
0.182775
0.183100
0.182558
0.183062
0.181596
0.181245
0.180790
0.181763
0.181117
0.180955
0.181967
0.181853
0.178866
0.180984
0.181836
0.181345
0.180436
0.179765
0.180658
0.180374
0.180853
0.181248
0.180747
0.181231
0.181081
0.182098
0.182069
0.182200
0.181718
0.181864
0.181720
0.182523
0.181631
0.182666
0.182002
0.182773
0.182185
0.182565
0.182330
0.182504
0.182274
0.182349
0.182271
0.183123
0.182802
0.182574
0.182769
0.183421
0.183294
0.182888
0.182904
0.183612
0.183753
0.183609
0.183755
0.184052
0.183519
0.183867
0.184583
0.184250
0.183205
0.183440
0.183595
0.184119
0.183265
0.182413
0.182070
0.182539
0.181574
0.181816
0.182101
0.182030
0.181425
0.181508
0.182542
0.182198
0.181940
0.181438
0.181721
0.181969
0.181802
0.182036
0.183249
0.183504
0.181544
0.182317
0.181178
0.182505
0.182285
0.181962
0.182412
0.182494
0.181602
0.181922
0.182307
0.181852
0.182631
0.181678
0.182577
0.183087
0.182778
0.183956
0.183597
0.183901
0.183689
0.182801
0.185424
0.185418
0.185464
0.185346
0.185684
0.185659
0.184495
0.184856
0.184655
0.185345
0.184381
0.184978
0.184189
0.184170
0.185218
0.185219
0.135993
0.136022
0.135383
0.135442
0.135195
0.135201
0.135257
0.136350
0.136516
0.137306
0.137241
0.137319
0.137426
0.137350
0.137501
0.137114
0.137023
0.137292
0.137643
0.136859
0.136651
0.137031
0.136957
0.137234
0.137260
0.136565
0.136373
0.136670
0.136681
0.137365
0.136889
0.137156
0.135362
0.137717
0.137102
0.137340
0.136358
0.135459
0.135519
0.135392
0.135027
0.134821
0.134580
0.137042
0.134660
0.134966
0.134988
0.135195
0.135507
0.135661
0.136049
0.135568
0.135328
0.135432
0.136005
0.136289
0.136087
0.135938
0.135822
0.135805
0.135643
0.136483
0.136133
0.135633
0.136553
0.136281
0.136153
0.136858
0.136578
0.136693
0.135253
0.135646
0.136127
0.137624
0.137291
0.137057
0.136699
0.136117
0.135731
0.136750
0.137042
0.138286
0.137056
0.136420
0.135854
0.137445
0.123374
0.123162
0.122615
0.106296
0.103342
0.115760
0.123277
0.123076
0.098310
0.099813
0.103153
0.115635
0.116504
0.115121
0.101224
0.102522
0.107550
0.103318
0.100999
0.101107
0.102606
0.099976
0.099556
0.102114
0.108131
0.107542
0.108281
0.122075
0.103135
0.101801
0.103270
0.103706
0.098110
0.104103
0.103598
0.094875
0.104443
0.104414
0.101283
0.101407
0.101269
0.101018
0.101609
0.101584
0.101888
0.192234
0.191732
0.191512
0.191136
0.191350
0.191309
0.192488
0.192505
0.191107
0.190489
0.192533
0.192511
0.193992
0.194009
0.191777
0.192122
0.190257
0.194908
0.194897
0.195270
0.196202
0.194475
0.192463
0.192594
0.194126
0.194322
0.191674
0.214673
0.213994
0.209064
0.212706
0.209793
0.220672
0.195348
0.194199
0.190782
0.191378
0.191442
0.192162
0.192054
0.193379
0.194566
0.196299
0.195315
0.196207
0.193116
0.196895
0.194689
0.198615
0.198414
0.198529
0.199551
0.201252
0.199991
0.198443
0.201684
0.200504
0.199765
0.198686
0.200112
0.199487
0.199421
0.191249
0.189700
0.198332
0.203690
0.205526
0.205389
0.203298
0.203265
0.196527
0.207601
0.201142
0.207870
0.204140
0.205234
0.205456
0.207735
0.207969
0.207104
0.201072
0.200555
0.205876
0.205484
0.206557
0.207852
0.206283
0.206133
0.202797
0.205878
0.205805
0.205827
0.204901
0.204323
0.195007
0.204454
0.204023
0.203529
0.202574
0.202450
0.202951
0.202400
0.202879
0.198420
0.198510
0.202905
0.203640
0.196976
0.202276
0.202457
0.201356
0.200151
0.196693
0.197740
0.200367
0.199088
0.198760
0.197432
0.193080
0.201290
0.190313
0.190308
0.186241
0.198189
0.198653
0.198924
0.189322
0.189201
0.197931
0.186720
0.190993
0.195836
0.188664
0.188179
0.182964
0.197610
0.190293
0.189389
0.197728
0.189450
0.199847
0.193793
0.193907
0.194818
0.192214
0.192205
0.188006
0.191010
0.186713
0.195196
0.194326
0.193927
0.190684
0.191165
0.195286
0.190311
0.191355
0.190245
0.186446
0.180638
0.183930
0.159462
0.182874
0.183377
0.175573
0.178159
0.171856
0.163707
0.151506
0.152435
0.153556
0.155308
0.151720
0.145481
0.180628
0.179703
0.179731
0.179068
0.177281
0.172481
0.177872
0.177861
0.181642
0.166467
0.164944
0.154804
0.162411
0.162060
0.162494
0.170688
0.168897
0.181671
0.183490
0.184965
0.177436
0.184257
0.188964
0.184780
0.189835
0.191746
0.190836
0.194659
0.198409
0.202141
0.203994
0.207244
0.210311
0.217845
0.215999
0.222749
0.227486
0.228871
0.228869
0.228869
0.228869
0.229073
0.229073
0.229073
0.228871
0.228872
0.228872
0.228872
0.228872
0.228875
0.228875
0.228875
0.228894
