0.135554
0.138283
0.138961
0.141041
0.144085
0.136652
0.140035
0.142335
0.142229
0.140122
0.140642
0.143011
0.144700
0.140102
0.138438
0.146920
0.143855
0.142614
0.145490
0.143749
0.147732
0.148393
0.148898
0.149233
0.148804
0.148004
0.148470
0.149687
0.149376
0.148189
0.147677
0.148549
0.148930
0.148612
0.147969
0.147174
0.147354
0.147721
0.146673
0.147034
0.147967
0.146774
0.147743
0.146145
0.147039
0.147536
0.147494
0.148280
0.147980
0.147472
0.147909
0.148708
0.148793
0.147994
0.149614
0.148511
0.148253
0.147846
0.148236
0.148042
0.099085
0.102055
0.084304
0.090104
0.149327
0.125747
0.101621
0.097109
0.115440
0.114688
0.108235
0.113077
0.120978
0.139342
0.112670
0.109386
0.103692
0.105889
0.104427
0.093886
0.053896
0.053898
0.101404
0.115271
0.111393
0.118559
0.183502
0.181035
0.206238
0.245812
0.321621
0.352220
0.308241
0.308578
0.301341
0.308967
0.305014
0.287010
0.266611
0.283811
0.260316
0.251032
0.317224
0.220520
0.221383
0.221013
0.282160
0.288004
0.294895
0.282328
0.227146
0.227211
0.226670
0.212205
0.203687
0.204415
0.240278
0.221710
0.193127
0.188162
0.182043
0.171261
0.137772
0.139964
0.171735
0.174470
0.138072
0.122987
0.162918
0.163685
0.154002
0.145650
0.154749
0.149322
0.144551
0.143945
0.142498
0.132429
0.126570
0.127212
0.128157
0.133697
0.131309
0.141766
0.139396
0.133910
0.142936
0.141882
0.135729
0.124000
0.130216
0.122289
0.133657
0.133649
0.125306
0.129176
0.107865
0.118406
0.119650
0.116018
0.117689
0.109957
0.103625
0.104231
0.106181
0.103886
0.104394
0.104524
0.101578
0.103960
0.104372
0.103459
0.102839
0.102057
0.095880
0.086661
0.086920
0.085469
0.065212
0.065620
0.064252
0.063660
0.065265
0.062949
0.064458
0.065943
0.063791
0.064652
0.064887
0.065654
0.065662
0.065766
0.066760
0.066300
0.066900
0.069030
0.071177
0.071568
0.070120
0.072293
0.073500
0.074724
0.072475
0.072327
0.071995
0.056181
0.071542
0.060529
0.058807
0.063920
0.064052
0.066660
0.071137
0.074787
0.076753
0.083482
0.080551
0.080508
0.081297
0.079549
0.078813
0.074453
0.091033
0.068152
0.066338
0.064515
0.062056
0.061868
0.060180
0.068562
0.067630
0.072000
0.071449
0.068305
0.067426
0.065013
0.072869
0.069098
0.072824
0.073269
0.074146
0.073840
0.072227
0.072492
0.071682
0.072712
0.072887
0.071205
0.071702
0.075299
0.055442
0.055806
0.055072
0.054887
0.054534
0.054530
0.054882
0.054540
0.054719
0.055346
0.055489
0.055570
0.055948
0.055719
0.054673
0.055000
0.055889
0.055335
0.056583
0.056742
0.056700
0.059460
0.058104
0.058359
0.058571
0.057503
0.058832
0.056667
0.058061
0.058107
0.057945
0.059890
0.062038
0.059464
0.061628
0.058351
0.060906
0.060722
0.062152
0.061897
0.062256
0.061763
0.062047
0.063737
0.061398
0.062175
0.062053
0.056259
0.053910
0.051813
0.058649
0.058568
0.057139
0.056462
0.055652
0.057556
0.057837
0.058517
0.059233
0.058995
0.055146
0.058085
0.057307
0.056690
0.056398
0.060465
0.059165
0.054547
0.057173
0.060950
0.056910
0.055828
0.062648
0.061518
0.060499
0.062273
0.062078
0.062323
0.061744
0.060862
0.060780
0.061173
0.060844
0.057348
0.056390
0.081924
0.079611
0.079629
0.086350
0.079302
0.080698
0.083179
0.080291
0.080809
0.075166
0.079242
0.078849
0.071859
0.079110
0.079201
0.079822
0.079345
0.071937
0.079857
0.080134
0.081237
0.076534
0.079700
0.080154
0.079081
0.078782
0.083884
0.080135
0.077620
0.076104
0.067127
0.070768
0.064874
0.069357
0.075036
0.067042
0.062930
0.064353
0.069627
0.071076
0.062779
0.078006
0.075763
0.078822
0.076748
0.076007
0.075310
0.073312
0.064530
0.069320
0.071292
0.071671
0.070146
0.073459
0.077293
0.073135
0.064514
0.063548
0.055013
0.053663
0.055080
0.051875
0.062053
0.058452
0.066818
0.073087
0.063255
0.065581
0.075143
0.076069
0.064811
0.062810
0.063827
0.065556
0.067945
0.064722
0.066590
0.060055
0.063549
0.059798
0.059364
0.056323
0.057058
0.071758
0.071395
0.071429
0.074346
0.073820
0.080305
0.068938
0.062219
0.061146
0.050142
0.049062
0.049436
0.049151
0.049357
0.076404
0.046686
0.044338
0.045881
0.042280
0.052215
0.042522
0.043671
0.042289
0.046179
0.051762
0.047036
0.047069
0.045431
0.046303
0.045860
0.045846
0.040430
0.045592
0.043065
0.044373
0.083393
0.084685
0.069192
0.069631
0.084139
0.060061
0.057114
0.058854
0.079925
0.058404
0.060902
0.074126
0.070919
0.075086
0.066466
0.077678
0.079224
0.068627
0.069076
0.072151
0.075765
0.074834
0.051661
0.054719
0.060685
0.056292
0.061658
0.055075
0.070074
0.069391
0.063007
0.056052
0.070122
0.069579
0.051408
0.072020
0.073861
0.074916
0.074194
0.071474
0.071602
0.071010
0.072005
0.075307
0.075750
0.074146
0.073238
0.068900
0.072502
0.058860
0.059656
0.059399
0.060574
0.058897
0.064280
0.062770
0.061154
0.057639
0.056723
0.058892
0.060780
0.059330
0.060763
0.051279
0.049163
0.051473
0.051029
0.066380
0.066352
0.054509
0.054612
0.055397
0.054536
0.061260
0.065065
0.064491
0.063761
0.055390
0.053758
0.054974
0.054881
0.053972
0.056719
0.056635
0.056536
0.065120
0.065391
0.062753
0.064226
0.055568
0.058416
0.067118
0.064728
0.067270
0.067712
0.069623
0.064559
0.057076
0.063539
0.064819
0.064502
0.058057
0.059638
0.055859
0.055922
0.057523
0.054540
0.054107
0.055027
0.054823
0.053885
0.051777
0.051446
0.059043
0.054745
0.058788
0.065581
0.065346
0.068466
0.072257
0.074446
0.071485
0.071799
0.097967
0.078584
0.088913
0.086009
0.089068
0.088534
0.087647
0.087942
0.090244
0.104513
0.089824
0.092791
0.094394
0.095201
0.092830
0.078973
0.091242
0.091359
0.091982
0.092738
0.092625
0.096889
0.079964
0.087338
0.088976
0.094847
0.095337
0.095179
0.094662
0.095133
0.096851
0.095089
0.097704
0.097684
0.100894
0.078588
0.101952
0.099528
0.077280
0.077896
0.075040
0.076071
0.077348
0.070515
0.067650
0.068513
0.067522
0.059170
0.054303
0.050214
0.055685
0.048281
0.046808
0.046051
0.045363
0.037496
0.034285
0.030608
0.032572
0.024638
0.028106
0.028746
0.030741
0.028829
0.024280
0.021782
0.017176
0.013965
0.008849
0.005161
0.000000
0.003556
0.005250
0.008111
0.009832
0.010844
0.012373
0.014779
0.017034
0.019480
0.022911
0.024937
0.026067
0.024925
0.022540
0.022215
0.021164
0.020125
0.019464
0.020183
0.021109
0.019569
0.019183
0.019507
0.020699
0.022445
0.025585
0.024799
0.026548
0.025592
0.026837
0.026836
0.028562
0.027578
0.026836
0.028447
0.028333
0.029802
0.032041
0.034452
0.036112
0.036814
0.036781
0.036940
0.038548
0.035606
0.033940
0.034008
0.031591
0.034099
0.034592
0.035431
0.032551
0.031090
0.032904
0.029209
0.029552
0.030278
0.029235
0.026732
0.025759
0.024004
0.025492
0.085496
0.090042
0.087831
0.076479
0.123332
0.120677
0.129973
0.129517
0.083963
0.083710
0.080299
0.091797
0.080194
0.082568
0.080979
0.081362
0.082768
0.080952
0.079191
0.087773
0.081994
0.080283
0.079334
0.079120
0.079215
0.078959
0.080795
0.076817
0.075416
0.079998
0.080569
0.081695
0.079525
0.078428
0.080403
0.080118
0.075175
0.116971
0.123283
0.115014
0.120220
0.118415
0.120321
0.116085
0.122762
0.140466
0.132668
0.139050
0.133071
0.141388
0.122941
0.106891
0.121321
0.127958
0.129881
0.123164
0.094627
0.132488
0.110389
0.102987
0.111096
0.111636
0.107975
0.088515
0.090341
0.091295
0.134725
0.076021
0.077478
0.090626
0.084313
0.125195
0.124971
0.110947
0.135073
0.139562
0.155227
0.156383
0.145480
0.113710
0.116372
0.117464
0.111439
0.109807
0.121865
0.118948
0.108205
0.111581
0.111530
0.136268
0.112569
0.118319
0.120925
0.113899
0.119975
0.120696
0.123573
0.120065
0.132011
0.138147
0.127095
0.104042
0.124415
0.103147
0.116758
0.122175
0.124940
0.122207
0.117876
0.058926
0.058317
0.057246
0.064717
0.064164
0.062196
0.055600
0.055616
0.064353
0.064811
0.064974
0.065637
0.067138
0.070865
0.069359
0.066428
0.066569
0.067181
0.065944
0.068964
0.067233
0.065470
0.064672
0.067388
0.066844
0.067968
0.066078
0.067196
0.066449
0.065509
0.066720
0.066756
0.067158
0.065877
0.067040
0.065597
0.069796
0.070045
0.073242
0.065329
0.069981
0.066683
0.067412
0.070513
0.067938
0.066876
0.067205
0.067386
0.067671
0.070219
0.070699
0.071332
0.069391
0.071104
0.076159
0.114810
0.084225
0.076688
0.083466
0.075053
0.073601
0.076842
0.075591
0.073816
0.078681
0.078802
0.079854
0.081529
0.077348
0.077203
0.071639
0.078783
0.079761
0.079714
0.089052
0.098171
0.091488
0.091751
0.093112
0.094257
0.092975
0.085411
0.071766
0.064015
0.082027
0.092807
0.065185
0.063535
0.067166
0.059824
0.065642
0.079881
0.069767
0.066706
0.076736
0.091139
0.078999
0.078401
0.070668
0.071353
0.073866
0.064489
0.066657
0.063809
0.058834
0.057939
0.060506
0.060501
0.059224
0.060083
0.058747
0.061354
0.062418
0.062413
0.062113
0.065322
0.065869
0.061754
0.061442
0.062967
0.059068
0.059068
0.063434
0.063423
0.061808
0.060939
0.070445
0.063425
0.062338
0.065521
0.065267
0.062100
0.064760
0.063633
0.072383
0.073230
0.065652
0.066275
0.061642
0.094909
0.097316
0.070255
0.063978
0.069519
0.100952
0.114327
0.119396
0.093188
0.104334
0.091135
0.100084
0.097978
0.093877
0.085934
0.088157
0.085833
0.089238
0.091328
0.093523
0.094801
0.095388
0.093515
0.088946
0.088772
0.075229
0.093278
0.092783
0.078105
0.090211
0.090348
0.076700
0.088670
0.087341
0.094839
0.077704
0.078405
0.078172
0.077231
0.089170
0.078665
0.075268
0.075871
0.075352
0.086849
0.076115
0.079527
0.077666
0.076391
0.070295
0.070468
0.069057
0.072813
0.073424
0.075128
0.075162
0.076061
0.076751
0.080923
0.081755
0.077387
0.080703
0.073988
0.088436
0.085297
0.084572
0.082837
0.079940
0.080641
0.070333
0.074293
0.071608
0.071811
0.072865
0.066423
0.067013
0.071225
0.060570
0.057541
0.056247
0.054009
0.069055
0.068150
0.066803
0.069396
0.074051
0.071980
0.086397
0.087498
0.071644
0.085966
0.088548
0.073968
0.073862
0.075551
0.075939
0.076600
0.074280
0.075480
0.073702
0.077761
0.078339
0.081344
0.077652
0.078594
0.082405
0.120599
0.100092
0.119652
0.118094
0.121884
0.088737
0.077399
0.085511
0.084102
0.079588
0.079195
0.082202
0.079130
0.081438
0.087008
0.083492
0.089682
0.091406
0.076668
0.074326
0.073216
0.073078
0.074552
0.072021
0.067633
0.069953
0.069377
0.068995
0.065399
0.063675
0.069108
0.069012
0.065410
0.069282
0.062399
0.059904
0.058106
0.058033
0.061427
0.065968
0.067952
0.081148
0.078382
0.069994
0.070178
0.073641
0.074172
0.055742
0.071447
0.069919
0.070198
0.068814
0.068668
0.049569
0.049120
0.048508
0.069356
0.045848
0.046497
0.049103
0.069184
0.069320
0.074961
0.082855
0.081380
0.089452
0.068391
0.063701
0.064482
0.073522
0.063609
0.065463
0.067685
0.067452
0.076252
0.066088
0.072301
0.058269
0.052278
0.050434
0.050929
0.050759
0.050001
0.065435
0.063959
0.068301
0.066818
0.064616
0.064676
0.069039
0.064413
0.065558
0.059766
0.057792
0.058528
0.057423
0.060476
0.060588
0.058650
0.060833
0.064034
0.065208
0.065302
0.064509
0.065103
0.063620
0.063525
0.062193
0.063495
0.069594
0.082588
0.081695
0.067357
0.078862
0.077561
0.078341
0.077002
0.073369
0.074328
0.074378
0.073265
0.077608
0.075250
0.077085
0.079304
0.084317
0.084204
0.083018
0.067263
0.065955
0.064636
0.063970
0.067171
0.068836
0.065220
0.064628
0.063964
0.069978
0.067074
0.064948
0.066557
0.065036
0.068752
0.068966
0.069780
0.069001
0.069827
0.068914
0.069861
0.071565
0.065492
0.069783
0.074352
0.071405
0.064554
0.070440
0.071782
0.070900
0.070872
0.069309
0.064061
0.067043
0.061327
0.065724
0.068101
0.070125
0.064738
0.066669
0.062029
0.064934
0.068316
0.064702
0.064843
0.061559
0.073211
0.063224
0.072575
0.067921
0.064177
0.063672
0.063570
0.062346
0.063484
0.063093
0.069074
0.068899
0.063164
0.062229
0.061380
0.063789
0.060556
0.077033
0.074325
0.077541
0.079872
0.080644
0.077428
0.079832
0.077619
0.081015
0.081423
0.092321
0.091122
0.092334
0.091439
0.089940
0.089100
0.088726
0.089870
0.084439
0.084108
0.085349
0.084040
0.084549
0.082610
0.088802
0.087757
0.087264
0.086064
0.093578
0.096269
0.097957
0.095470
0.094137
0.091353
0.093939
0.092381
0.098299
0.092902
0.092801
0.089821
0.084340
0.090710
0.091367
0.089834
0.090767
0.089712
0.089531
0.088672
0.092299
0.085731
0.088563
0.089275
0.087958
0.093747
0.095676
0.091973
0.089555
0.092557
0.087499
0.086080
0.089856
0.083752
0.089857
0.086846
0.087286
0.092368
0.088912
0.092022
0.070403
0.080822
0.078836
0.072139
0.082059
0.092912
0.089288
0.083134
0.083005
0.089817
0.087600
0.091339
0.087738
0.085749
0.080167
0.073231
0.081695
0.079100
0.081416
0.081884
0.081977
0.082932
0.082510
0.075678
0.070661
0.075973
0.078786
0.079938
0.079832
0.081347
0.071037
0.073949
0.070552
0.071205
0.069009
0.080714
0.076909
0.076306
0.078044
0.093049
0.092530
0.069566
0.076084
0.068806
0.073381
0.070315
0.078757
0.071606
0.063608
0.091761
0.092810
0.099916
0.083275
0.092206
0.063997
0.062783
0.066029
0.092977
0.101791
0.087509
0.093411
0.086511
0.087050
0.079543
0.076723
0.080930
0.083713
0.089340
0.087788
0.098566
0.099081
0.091440
0.092356
0.088402
0.089718
0.087137
0.088906
0.090459
0.078497
0.083376
0.084505
0.082959
0.077730
0.078853
0.077803
0.079943
0.088772
0.080951
0.081562
0.083284
0.063698
0.065196
0.071388
0.064765
0.081222
0.085025
0.079545
0.082694
0.081210
0.082595
0.068797
0.073876
0.078097
0.076032
0.069449
0.069709
0.067722
0.065047
0.057544
0.057833
0.053936
0.059612
0.083605
0.091084
0.093380
0.089737
0.085993
0.091516
0.089779
0.087348
0.061458
0.066346
0.061178
0.069953
0.086892
0.060532
0.071102
0.062583
0.073191
0.074752
0.070651
0.068267
0.065223
0.063734
0.063636
0.067050
0.062493
0.070682
0.063852
0.072606
0.084031
0.081292
0.094896
0.095880
0.097997
0.085920
0.091197
0.068745
0.081737
0.089599
0.092066
0.084022
0.083062
0.081318
0.080672
0.083492
0.082688
0.082669
0.090256
0.088878
0.074113
0.074624
0.088902
0.088333
0.089961
0.089358
0.078087
0.091531
0.087896
0.087547
0.087104
0.088060
0.084610
0.084868
0.083865
0.086114
0.084113
0.088709
0.088698
0.089121
0.092160
0.085979
0.089223
0.087933
0.091597
0.087319
0.087595
0.086238
0.086307
0.086062
0.084462
0.062695
0.061603
0.063633
0.062880
0.060687
0.058385
0.060528
0.073786
0.078554
0.075057
0.081924
0.076331
0.079483
0.077964
0.077985
0.076952
0.076228
0.083531
0.065081
0.081088
0.079933
0.085718
0.082002
0.086919
0.085097
0.087608
0.087121
0.068793
0.090538
0.062324
0.061305
0.063543
0.071663
0.077779
0.072341
0.079926
0.075534
0.080403
0.081373
0.081226
0.074276
0.075275
0.077290
0.076073
0.076276
0.078771
0.082955
0.084372
0.080706
0.066271
0.068100
0.071550
0.064879
0.068580
0.084386
0.074838
0.075070
0.084125
0.086752
0.074559
0.070053
0.084607
0.082150
0.072533
0.067843
0.095814
0.069259
0.081502
0.081307
0.086082
0.090307
0.073740
0.073021
0.077184
0.087206
0.076707
0.074539
0.075784
0.076749
0.075674
0.076781
0.073323
0.100060
0.094959
0.088421
0.078741
0.093180
0.072747
0.091202
0.076437
0.075143
0.074352
0.073380
0.071310
0.089563
0.096013
0.094154
0.096776
0.095717
0.093928
0.091737
0.094120
0.094075
0.094134
0.091613
0.092204
0.097196
0.095012
0.096863
0.096349
0.094303
0.094260
0.092908
0.092518
0.091831
0.091256
0.088924
0.089436
0.087089
0.087297
0.086352
0.085155
0.084876
0.086123
0.090291
0.089377
0.085408
0.084095
0.083238
0.073769
0.075647
0.068795
0.070334
0.068659
0.072271
0.068777
0.067347
0.061878
0.074542
0.075411
0.079117
0.084313
0.093968
0.093528
0.091465
0.091149
0.086565
0.088349
0.065889
0.048757
0.054267
0.052615
0.068449
0.074008
0.076291
0.069701
0.075594
0.078496
0.073110
0.057767
0.074803
0.083290
0.078810
0.073680
0.076996
0.095335
0.090211
0.053907
0.052925
0.053398
0.047567
0.047829
0.048604
0.049989
0.051595
0.055484
0.055206
0.054580
0.055839
0.078143
0.083821
0.093349
0.090880
0.090767
0.060955
0.055886
0.092969
0.091642
0.092646
0.076725
0.093494
0.090885
0.075785
0.071891
0.073906
0.073056
0.073288
0.070966
0.070232
0.072992
0.069133
0.075282
0.068662
0.071275
0.072853
0.070787
0.076984
0.076111
0.076936
0.074736
0.077964
0.079223
0.079092
0.076114
0.072132
0.075307
0.076931
0.075162
0.081305
0.078946
0.077567
0.077637
0.082473
0.079401
0.085942
0.097877
0.080000
0.081732
0.082740
0.078558
0.080996
0.080876
0.087176
0.083860
0.083038
0.083012
0.084595
0.085745
0.088776
0.095265
0.086983
0.089388
0.089321
0.089982
0.088618
0.082041
0.083117
0.088136
0.088271
0.083375
0.083350
0.074848
0.092583
0.090443
0.086646
0.082216
0.085601
0.086256
0.080874
0.084425
0.087352
0.078926
0.084116
0.086422
0.084972
0.084631
0.087908
0.085477
0.081919
0.081201
0.081303
0.081346
0.081474
0.079802
0.080744
0.079199
0.080821
0.079513
0.077376
0.079181
0.079985
0.077958
0.081759
0.084472
0.084722
0.084595
0.082867
0.080805
0.083217
0.073514
0.074095
0.074704
0.073319
0.073408
0.073984
0.071902
0.070344
0.070314
0.075645
0.073637
0.073684
0.074984
0.074444
0.071558
0.071722
0.075763
0.075464
0.075372
0.075966
0.074181
0.075066
0.074466
0.074512
0.073659
0.073947
0.075869
0.074585
0.075118
0.075175
0.076374
0.076088
0.075821
0.075532
0.074637
0.075656
0.076971
0.075504
0.075879
0.073437
0.075199
0.075867
0.075599
0.075441
0.077113
0.075958
0.074501
0.073478
0.071654
0.070963
0.073537
0.073877
0.074151
0.074630
0.072439
0.072666
0.071780
0.074231
0.069170
0.068917
0.068848
0.069834
0.071220
0.070879
0.070882
0.070497
0.071867
0.072657
0.073277
0.073725
0.070139
0.073866
0.074110
0.074511
0.072923
0.072203
0.073385
0.073114
0.071850
0.070227
0.068095
0.072451
0.073457
0.074439
0.072949
0.074878
0.074177
0.071569
0.071621
0.069877
0.071211
0.073886
0.071901
0.073435
0.071963
0.071852
0.072520
0.073998
0.073106
0.073490
0.070507
0.072092
0.072955
0.075096
0.075512
0.070820
0.071753
0.071705
0.071668
0.069390
0.070826
0.070457
0.069141
0.069713
0.065477
0.066930
0.070865
0.072328
0.074162
0.041791
0.041536
0.040555
0.040139
0.041128
0.043544
0.043531
0.042395
0.042785
0.051448
0.061066
0.056833
0.051936
0.057508
0.040937
0.041952
0.044242
0.041005
0.048949
0.044450
0.043990
0.044825
0.044288
0.045892
0.045889
0.040486
0.039233
0.039202
0.037188
0.035610
0.035278
0.034449
0.033291
0.176117
0.037326
0.033776
0.035883
0.036248
0.038813
0.043863
0.042862
0.042473
0.043728
0.043038
0.047023
0.047721
0.041453
0.041523
0.042371
0.050025
0.053929
0.043199
0.050544
0.056192
0.049932
0.048631
0.050321
0.048644
0.047490
0.048058
0.051362
0.050422
0.051268
0.051974
0.049133
0.050590
0.052733
0.052443
0.056454
0.050395
0.052160
0.112749
0.050849
0.050645
0.058462
0.047429
0.055734
0.058036
0.057872
0.061972
0.058843
0.058194
0.058522
0.059506
0.058948
0.050794
0.048441
0.049200
0.048161
0.061153
0.060499
0.051773
0.061038
0.061049
0.060273
0.060386
0.060493
0.059620
0.060090
0.060428
0.061606
0.061308
0.061190
0.061419
0.061056
0.061683
0.061030
0.060098
0.060522
0.050550
0.050535
0.050290
0.055820
0.059791
0.058840
0.058212
0.054868
0.054125
0.055512
0.055578
0.055936
0.054890
0.053812
0.053201
0.051397
0.053381
0.054710
0.053988
0.052778
0.052847
0.054984
0.050721
0.051062
0.063066
0.060671
0.061666
0.051237
0.073110
0.065693
0.059121
0.056679
0.058359
0.059372
0.059228
0.061953
0.061620
0.059885
0.061114
0.059979
0.064282
0.058278
0.065252
0.066782
0.060520
0.059613
0.059954
0.059901
0.064086
0.062487
0.053964
0.050968
0.047502
0.045070
0.053341
0.053717
0.050376
0.046483
0.046739
0.049610
0.047918
0.048688
0.050411
0.050160
0.052051
0.052271
0.051627
0.043575
0.049747
0.047835
0.045979
0.049741
0.055030
0.047906
0.056236
0.058747
0.059449
0.058569
0.052021
0.049946
0.046359
0.051165
0.049844
0.239790
0.051553
0.049270
0.048965
0.050141
0.051548
0.044241
0.043827
0.051431
0.052026
0.051954
0.056507
0.055374
0.057168
0.055582
0.052444
0.052938
0.050356
0.047661
0.046353
0.060969
0.063386
0.060286
0.060096
0.051086
0.059063
0.060434
0.058634
0.060335
0.058731
0.057436
0.052019
0.052619
0.058223
0.058699
0.050486
0.289499
0.042289
0.054907
0.055814
0.055049
0.057731
0.054488
0.049704
0.046251
0.049401
0.049072
0.048929
0.048336
0.048168
0.047972
0.047812
0.046919
0.046923
0.048689
0.047132
0.043848
0.048715
0.048428
0.054475
0.049444
0.049864
0.055159
0.052188
0.048058
0.050207
0.051463
0.050011
0.049822
0.050755
0.050195
0.052449
0.190836
0.052284
0.042807
0.049043
0.053752
0.056576
0.054746
0.050480
0.050848
0.053121
0.049418
0.052165
0.048850
0.049154
0.049684
0.049025
0.050846
0.050153
0.052836
0.049849
0.050240
0.049311
0.050075
0.049089
0.048313
0.046901
0.050154
0.048671
0.046760
0.051603
0.054721
0.056408
0.055951
0.066782
0.068930
0.068217
0.067308
0.069263
0.071854
0.067625
0.072153
0.072578
0.069202
0.070665
0.069506
0.072153
0.071728
0.069952
0.068957
0.068946
0.069313
0.069486
0.073155
0.068688
0.069517
0.069810
0.070577
0.073663
0.071672
0.071865
0.070520
0.070979
0.070398
0.069402
0.069292
0.068668
0.064723
0.065206
0.066973
0.064726
0.072097
0.066920
0.055077
0.064038
0.057207
0.060423
0.067837
0.071743
0.069163
0.068925
0.068123
0.068946
0.069994
0.068593
0.071224
0.070771
0.072657
0.071212
0.072884
0.067477
0.067702
0.067559
0.064535
0.069197
0.068210
0.065874
0.066708
0.068157
0.070060
0.070167
0.065827
0.065474
0.065385
0.062638
0.060122
0.067205
0.060769
0.064261
0.061071
0.062170
0.061697
0.060834
0.062509
0.062154
0.063112
0.061353
0.061559
0.062623
0.060226
0.062889
0.059517
0.062149
0.064112
0.071531
0.072221
0.074526
0.073718
0.078498
0.076816
0.075533
0.070048
0.073098
0.076472
0.078068
0.078261
0.073613
0.073644
0.072472
0.073857
0.070978
0.072859
0.073553
0.073929
0.075324
0.075437
0.076370
0.077226
0.076555
0.076945
0.077324
0.077895
0.077257
0.077545
0.074846
0.076108
0.075533
0.075106
0.073477
0.076546
0.075420
0.075746
0.075752
0.076709
0.076386
0.076014
0.076872
0.073253
0.077266
0.074848
0.078677
0.077296
0.078264
0.077218
0.076605
0.075655
0.075331
0.076693
0.076834
0.077023
0.078438
0.080406
0.079363
0.077718
0.077513
0.080326
0.079875
0.081274
0.082388
0.080973
0.080571
0.080254
0.080304
0.080703
0.079546
0.080935
0.079068
0.076626
0.076214
0.072573
0.076776
0.076674
0.075100
0.075715
0.080120
0.078666
0.079790
0.079686
0.061013
0.055262
0.080845
0.080387
0.078741
0.080412
0.074546
0.075463
0.074431
0.075186
0.075331
0.076116
0.078828
0.077579
0.079110
0.079657
0.080003
0.080048
0.081125
0.079839
0.078163
0.079315
0.077573
0.078417
0.076989
0.077485
0.076306
0.076857
0.078414
0.078442
0.074381
0.078635
0.077800
0.073682
0.071267
0.073005
0.073666
0.068140
0.067070
0.070624
0.072601
0.072819
0.072173
0.071963
0.075879
0.077870
0.077564
0.078055
0.077901
0.076673
0.069717
0.076980
0.075224
0.065667
0.071205
0.070538
0.062171
0.068391
0.062716
0.065939
0.057875
0.058994
0.068855
0.066427
0.083434
0.079539
0.062531
0.061113
0.062336
0.062005
0.050535
0.062482
0.064203
0.053988
0.055200
0.061524
0.056106
0.058355
0.056449
0.055978
0.058006
0.055481
0.059870
0.053935
0.052306
0.057457
0.056893
0.056613
0.059476
0.056560
0.061030
0.064756
0.061329
0.060515
0.059549
0.061101
0.063352
0.064554
0.063500
0.064865
0.065213
0.063962
0.068672
0.059740
0.060119
0.060771
0.058741
0.059688
0.067281
0.060727
0.062424
0.058255
0.053319
0.054036
0.052433
0.050159
0.050333
0.049492
0.054540
0.050380
0.048540
0.046981
0.047976
0.046188
0.048609
0.048667
0.047962
0.047926
0.048446
0.048511
0.046668
0.046217
0.046640
0.046559
0.047263
0.046409
0.047438
0.046743
0.048236
0.047843
0.050878
0.049341
0.050890
0.050016
0.049976
0.052342
0.049029
0.045882
0.048002
0.048673
0.056488
0.048376
0.051373
0.052974
0.287137
0.067898
0.067507
0.066690
0.064660
0.068210
0.066605
0.066962
0.059270
0.059835
0.060804
0.060858
0.062252
0.062242
0.063786
0.067988
0.071108
0.071719
0.067702
0.069437
0.068928
0.068518
0.069709
0.056912
0.058532
0.058543
0.058865
0.059318
0.070426
0.059063
0.060682
0.052607
0.242119
0.050704
0.051295
0.070487
0.055418
0.050187
0.049808
0.052163
0.050133
0.072480
0.072292
0.071608
0.073096
0.071999
0.069273
0.068733
0.069136
0.059340
0.061634
0.063719
0.072964
0.069915
0.069687
0.071226
0.072624
0.070530
0.072396
0.068333
0.060151
0.059796
0.059437
0.058985
0.060274
0.056778
0.055433
0.334920
0.069854
0.056193
0.061962
0.060665
0.061130
0.058352
0.072883
0.071307
0.073023
0.058183
0.071597
0.071417
0.071515
0.075736
0.072059
0.077208
0.076804
0.078184
0.064813
0.060105
0.064570
0.078508
0.060840
0.065895
0.077884
0.076893
0.077210
0.076861
0.072889
0.073083
0.073774
0.077497
0.073466
0.074793
0.075875
0.073291
0.074908
0.074113
0.073507
0.074519
0.073098
0.072566
0.072221
0.071688
0.390209
0.070699
0.072740
0.071542
0.068838
0.070036
0.069390
0.070524
0.070595
0.070503
0.069396
0.058992
0.072272
0.060649
0.062547
0.065650
0.065792
0.064714
0.066476
0.064253
0.061659
0.072164
0.071882
0.059475
0.064070
0.066658
0.062708
0.066878
0.068943
0.066901
0.062604
0.065165
0.066472
0.064536
0.068199
0.063902
0.064423
0.063423
0.063705
0.065053
0.062830
0.065901
0.062724
0.431506
0.063904
0.063838
0.064269
0.066117
0.064608
0.064569
0.064091
0.063522
0.063586
0.062041
0.064361
0.071454
0.062889
0.061510
0.061627
0.062171
0.070801
0.066313
0.072682
0.064270
0.063166
0.064706
0.065056
0.065427
0.059451
0.063441
0.059653
0.061595
0.060075
0.055637
0.053953
0.055583
0.058411
0.059198
0.057408
0.412976
0.057331
0.055574
0.059865
0.055346
0.063695
0.064298
0.063610
0.076495
0.075993
0.071491
0.070970
0.074643
0.073947
0.071368
0.071433
0.078295
0.071837
0.078132
0.073958
0.073732
0.073175
0.073682
0.073343
0.075743
0.074826
0.076405
0.050281
0.050100
0.050392
0.056967
0.056062
0.057823
0.057291
0.064257
0.064129
0.061956
0.062144
0.062366
0.058728
0.061248
0.063365
0.310219
0.064390
0.063629
0.065595
0.055100
0.056934
0.053075
0.071670
0.057618
0.057259
0.052905
0.051840
0.052467
0.047810
0.047613
0.048597
0.047872
0.047272
0.047295
0.046585
0.046862
0.047170
0.047653
0.047736
0.049699
0.047678
0.048385
0.048231
0.048807
0.048212
0.066691
0.067787
0.062137
0.065959
0.061625
0.061067
0.079044
0.081828
0.065653
0.054915
0.052066
0.054639
0.055889
0.054532
0.065304
0.067072
0.055012
0.069104
0.054921
0.089846
0.078678
0.076065
0.076418
0.082915
0.075620
0.076748
0.079530
0.073504
0.072578
0.075975
0.076430
0.078587
0.078812
0.080107
0.080708
0.079767
0.082250
0.086396
0.068529
0.085899
0.082982
0.082052
0.083991
0.081934
0.082538
0.077187
0.080189
0.071879
0.084579
0.083115
0.084890
0.082300
0.077707
0.080576
0.086781
0.086033
0.086041
0.087605
0.087071
0.087983
0.083205
0.075225
0.074407
0.075680
0.072843
0.069636
0.071767
0.062602
0.070709
0.065493
0.065056
0.063376
0.057514
0.056296
0.056255
0.064103
0.064581
0.070994
0.064439
0.068209
0.068298
0.070791
0.064383
0.064272
0.069396
0.063089
0.058956
0.071969
0.069000
0.076967
0.066728
0.078642
0.076339
0.073541
0.070063
0.072119
0.090207
0.074104
0.093113
0.090044
0.081117
0.081386
0.076238
0.069804
0.081529
0.077294
0.075380
0.076788
0.079326
0.077747
0.078180
0.071253
0.075698
0.076016
0.076576
0.073303
0.076049
0.074411
0.077617
0.074332
0.078645
0.075932
0.075035
0.074848
0.076771
0.081740
0.083319
0.077834
0.080556
0.090051
0.085393
0.116723
0.089228
0.097488
0.113797
0.107500
0.104978
0.111691
0.094470
0.095961
0.093594
0.087042
0.078400
0.082958
0.091641
0.076916
0.083937
0.074286
0.077557
0.074097
0.086857
0.086576
0.093207
0.089386
0.093901
0.089945
0.080875
0.088377
0.093510
0.084407
0.088917
0.090788
0.097542
0.094816
0.103757
0.107351
0.103520
0.106069
0.103470
0.085020
0.094159
0.095236
0.085055
0.089572
0.091745
0.095537
0.084398
0.093145
0.085361
0.082583
0.105720
0.107647
0.104337
0.110205
0.106494
0.110260
0.109370
0.095702
0.111643
0.091861
0.081043
0.087694
0.093013
0.090650
0.085633
0.078992
0.085269
0.080987
0.063571
0.103423
0.087298
0.099551
0.085258
0.088594
0.102078
0.097048
0.074993
0.067602
0.082153
0.072610
0.083284
0.074613
0.098394
0.085728
0.082805
0.079061
0.082677
0.083575
0.084335
0.078369
0.083329
0.079596
0.084062
0.084592
0.080877
0.082775
0.087405
0.094294
0.100849
0.115107
0.097003
0.089811
0.088145
0.081924
0.102664
0.095564
0.108164
0.106045
0.107710
0.110612
0.115212
0.101858
0.105302
0.096188
0.084150
0.099403
0.102747
0.104604
0.109299
0.102751
0.097147
0.109858
0.097358
0.089352
0.097003
0.099503
0.090857
0.078631
0.100046
0.098883
0.104227
0.096580
0.082699
0.073750
0.087499
0.102892
0.110069
0.113343
0.105806
0.096367
0.096324
0.095669
0.079131
0.079935
0.085239
0.080899
0.125542
0.124226
0.130806
0.146645
0.130521
0.130324
0.128898
0.115047
0.122522
0.122293
0.117023
0.145392
0.118525
0.136065
0.140559
0.130997
0.122308
0.123111
0.144181
0.136376
0.130381
0.136528
0.152091
0.147731
0.130875
0.145391
0.144765
0.145095
0.148492
0.144316
0.143573
0.140704
0.134770
0.146080
0.151404
0.137201
0.131036
0.140151
0.149653
0.156030
0.141129
0.147593
0.158833
0.153903
0.162909
0.152159
0.147760
0.154402
0.146945
0.134000
0.139546
0.141412
0.143014
0.128406
0.138680
0.144498
0.134014
0.130448
0.133868
0.143525
0.161847
0.161779
0.160693
0.163201
0.141049
0.153530
0.154196
0.158055
0.153255
0.154432
0.164085
0.152672
0.068259
0.065089
0.059240
0.076887
0.070147
0.069376
0.064737
0.064668
0.079617
0.079113
0.077648
0.082449
0.078995
0.073199
0.099094
0.099720
0.085923
0.097854
0.095855
0.088279
0.068389
0.068637
0.072047
0.064249
0.069244
0.068439
0.061888
0.054899
0.061743
0.058662
0.067565
0.072143
0.057130
0.060739
0.061167
0.064691
0.060595
0.060764
0.061415
0.071676
0.061237
0.067528
0.077637
0.067817
0.070214
0.072974
0.113499
0.115039
0.114799
0.116483
0.073897
0.118736
0.089682
0.104549
0.088885
0.095880
0.099458
0.082717
0.095080
0.088225
0.092918
0.117311
0.091258
0.089408
0.088513
0.091223
0.086725
0.087829
0.112003
0.088029
0.090323
0.095536
0.095814
0.102102
0.098291
0.098603
0.099266
0.104471
0.100199
0.100528
0.088291
0.112672
0.112282
0.110908
0.099706
0.108780
0.097636
0.102894
0.103849
0.109505
0.100136
0.113369
0.113663
0.107719
0.105477
0.108146
0.107865
0.089123
0.093966
0.080591
0.078678
0.077382
0.075010
0.074980
0.077266
0.093417
0.093390
0.084848
0.081934
0.081148
0.083255
0.089988
0.083583
0.086832
0.085196
0.087740
0.098465
0.091542
0.091186
0.084176
0.082994
0.079837
0.072549
0.070479
0.068471
0.071864
0.076132
0.086175
0.084024
0.098141
0.092659
0.094060
0.097955
0.088433
0.062113
0.062675
0.075747
0.079535
0.077711
0.079391
0.076330
0.073485
0.061610
0.070447
0.077577
0.075850
0.058472
0.062524
0.075978
0.084966
0.075517
0.087216
0.080932
0.084649
0.077205
0.078208
0.090934
0.090155
0.091825
0.085255
0.084442
0.087847
0.091294
0.090377
0.076734
0.069694
0.062151
0.062375
0.071626
0.067795
0.074315
0.081005
0.082829
0.070005
0.068706
0.086886
0.090885
0.089860
0.091629
0.085917
0.083947
0.083796
0.088130
0.077523
0.083216
0.080693
0.077151
0.078104
0.077710
0.075819
0.075605
0.075459
0.079151
0.080862
0.073034
0.075311
0.087141
0.091489
0.076435
0.081640
0.055710
0.052359
0.064919
0.070388
0.074798
0.064031
0.069638
0.065123
0.051728
0.085551
0.085976
0.089445
0.081970
0.079457
0.080132
0.086026
0.082752
0.082622
0.082890
0.082314
0.087982
0.087808
0.087963
0.088932
0.079218
0.084184
0.083908
0.083436
0.081910
0.083108
0.088669
0.085711
0.084277
0.083936
0.087349
0.089894
0.087889
0.090100
0.090101
0.088342
0.093250
0.092769
0.096145
0.094151
0.103669
0.101395
0.106787
0.106788
0.110943
0.098690
0.101099
0.098655
0.096172
0.096226
0.101011
0.103755
0.102011
0.100484
0.100365
0.094373
0.109435
0.110110
0.108113
0.104161
0.110148
0.091810
0.103925
0.106169
0.088114
0.083929
0.108398
0.108906
0.093365
0.101600
0.093935
0.109773
0.093876
0.087364
0.090259
0.085767
0.085402
0.102700
0.094302
0.093362
0.089792
0.082832
0.082829
0.087208
0.098238
0.091121
0.083844
0.087606
0.085012
0.088186
0.088529
0.095139
0.097444
0.097257
0.099182
0.095360
0.093376
0.095711
0.103093
0.093429
0.092881
0.090825
0.090075
0.090592
0.091433
0.096611
0.090793
0.081759
0.087526
0.086409
0.086252
0.096217
0.088601
0.091904
0.087458
0.083623
0.086771
0.084735
0.076588
0.076082
0.089310
0.089060
0.083404
0.079347
0.079748
0.081905
0.080951
0.085477
0.080237
0.084385
0.091459
0.085803
0.082546
0.075554
0.074393
0.083339
0.064442
0.089701
0.090324
0.090466
0.085845
0.092589
0.094052
0.092531
0.094227
0.089385
0.091659
0.088273
0.087225
0.086851
0.096620
0.095960
0.092374
0.090632
0.092738
0.092852
0.092761
0.091284
0.083945
0.088445
0.085420
0.082241
0.081007
0.082980
0.076035
0.079110
0.076261
0.577321
0.576911
0.577080
0.577118
0.577482
0.577115
0.576012
0.577794
0.577779
0.584015
0.582130
0.582500
0.583443
0.583442
0.578463
0.578384
0.578365
0.579571
0.579570
0.579526
0.577515
0.576486
0.578366
0.578183
0.582719
0.579005
0.587465
0.581789
0.578739
0.583864
0.579824
0.588923
0.584859
0.583756
0.568697
0.566866
0.575155
0.562646
0.561955
0.561753
0.577986
0.591119
0.589135
0.589362
0.583341
0.585528
0.586226
0.581990
0.581881
0.585715
0.583387
0.580488
0.585647
0.585688
0.585288
0.583195
0.582835
0.583356
0.585542
0.583925
0.532024
0.550988
0.544399
0.544633
0.555658
0.538000
0.543020
0.560072
0.572300
0.565867
0.583247
0.582114
0.583400
0.583400
0.583480
0.578832
0.581661
0.577070
0.577100
0.576803
0.577103
0.578684
0.577951
0.577948
0.577871
0.577563
0.578082
0.577783
0.577796
0.577775
0.577779
0.577773
0.577796
0.577791
0.577830
0.577824
0.577831
0.577764
0.577826
0.577823
0.577834
0.577770
0.577771
0.577769
0.577838
0.577777
0.577831
0.577769
0.577842
0.577841
0.577842
0.577837
0.577840
0.577290
0.577291
0.577829
0.577832
0.577833
0.577834
