0.304790
0.304790
0.304790
0.304790
0.304790
0.304790
0.304790
0.304790
0.304790
0.304790
0.304790
0.304790
0.304790
0.304790
0.304791
0.069305
0.068287
0.069004
0.068920
0.068532
0.068230
0.068682
0.069055
0.068953
0.069711
0.070122
0.066841
0.069299
0.069236
0.064728
0.064917
0.068099
0.069429
0.069352
0.081411
0.079142
0.081576
0.083663
0.084191
0.084530
0.082774
0.084794
0.085489
0.082767
0.084199
0.084433
0.086773
0.088152
0.088030
0.087337
0.074069
0.076030
0.076198
0.075221
0.076010
0.086975
0.085771
0.085757
0.085748
0.087202
0.086430
0.083521
0.084350
0.084149
0.085090
0.078383
0.089174
0.091883
0.091876
0.086226
0.085981
0.084288
0.087319
0.087205
0.085578
0.085621
0.085170
0.084579
0.084576
0.086199
0.079839
0.082809
0.076485
0.076494
0.083636
0.080865
0.081483
0.076208
0.076697
0.083080
0.078876
0.082306
0.083947
0.083897
0.085064
0.082531
0.085664
0.091302
0.091001
0.086650
0.082966
0.081981
0.081959
0.082054
0.085526
0.084946
0.084671
0.083498
0.083455
0.081233
0.085580
0.085095
0.085444
0.085632
0.085806
0.086165
0.085034
0.082353
0.081134
0.081981
0.087596
0.084845
0.085060
0.085010
0.085707
0.082157
0.080300
0.081730
0.082715
0.078831
0.078475
0.078369
0.075192
0.074924
0.073697
0.075433
0.073079
0.077203
0.077103
0.080053
0.081717
0.081367
0.082199
0.080800
0.081179
0.079841
0.080510
0.082110
0.082051
0.077379
0.082831
0.084402
0.078468
0.078959
0.077314
0.081856
0.083639
0.084029
0.083504
0.082483
0.082033
0.079801
0.080515
0.080351
0.082284
0.082211
0.080858
0.080012
0.080116
0.078967
0.079229
0.089397
0.090751
0.091293
0.090090
0.091748
0.091767
0.087889
0.085310
0.087108
0.085690
0.083807
0.089363
0.089141
0.082543
0.082741
0.086229
0.083350
0.084520
0.083090
0.082526
0.082564
0.087090
0.084556
0.087331
0.085017
0.086167
0.087660
0.086917
0.087458
0.087886
0.088320
0.088979
0.089419
0.089343
0.088290
0.090973
0.095064
0.095447
0.097006
0.095229
0.088662
0.087172
0.087050
0.090238
0.092624
0.089081
0.083773
0.084164
0.090811
0.087041
0.093548
0.095134
0.094560
0.108227
0.117411
0.107842
0.103801
0.103949
0.108218
0.109159
0.094060
0.107962
0.108755
0.093149
0.106016
0.094588
0.127479
0.127395
0.070847
0.078023
0.076256
0.104264
0.104120
0.104962
0.103109
0.103515
0.102781
0.102979
0.100627
0.101405
0.100710
0.100266
0.100440
0.099687
0.108889
0.095339
0.091341
0.090271
0.091875
0.093888
0.089298
0.086909
0.087126
0.091234
0.101426
0.091752
0.124452
0.121658
0.121287
0.129922
0.134209
0.134001
0.134864
0.131040
0.130324
0.131679
0.123026
0.122268
0.124135
0.122254
0.132034
0.127691
0.121577
0.126185
0.130710
0.121894
0.129442
0.127954
0.128417
0.126523
0.132273
0.134493
0.134356
0.129182
0.121279
0.121574
0.121701
0.121428
0.124810
0.125324
0.124216
0.125596
0.125457
0.120350
0.119632
0.121744
0.112380
0.112762
0.110825
0.110939
0.116547
0.119763
0.120201
0.050995
0.052422
0.051642
0.051645
0.051492
0.052354
0.052980
0.054198
0.051875
0.051810
0.051122
0.052317
0.053650
0.056181
0.056059
0.055598
0.053702
0.051342
0.053322
0.052240
0.053663
0.051034
0.049859
0.050825
0.051945
0.049536
0.047889
0.049900
0.046317
0.045308
0.053238
0.052162
0.052334
0.052711
0.052514
0.052505
0.053738
0.053332
0.053371
0.053415
0.053314
0.052628
0.053387
0.050641
0.050501
0.051456
0.052047
0.045819
0.047112
0.047566
0.045338
0.044684
0.045510
0.046047
0.046082
0.046614
0.046115
0.045987
0.044894
0.045234
0.044908
0.045297
0.046056
0.045507
0.049261
0.045335
0.047135
0.047303
0.050078
0.051147
0.050803
0.049827
0.050582
0.052416
0.052620
0.050632
0.051862
0.051799
0.052622
0.052784
0.052967
0.052119
0.052835
0.091895
0.100546
0.097018
0.103982
0.093001
0.093381
0.093368
0.091631
0.091628
0.091184
0.102665
0.102500
0.097180
0.097267
0.097350
0.104800
0.097969
0.105325
0.106453
0.107722
0.108704
0.109510
0.101284
0.099590
0.099803
0.099281
0.099404
0.098396
0.099228
0.100058
0.099017
0.099089
0.098650
0.098781
0.097858
0.100151
0.100079
0.099644
0.101165
0.101625
0.099827
0.100738
0.098393
0.096272
0.098734
0.099161
0.099455
0.099200
0.091784
0.090063
0.097048
0.097366
0.094850
0.097515
0.096007
0.097627
0.097565
0.095209
0.094095
0.094286
0.094080
0.094267
0.094400
0.085251
0.084148
0.083723
0.083872
0.080135
0.080694
0.080744
0.072773
0.081040
0.082193
0.082452
0.082911
0.078418
0.082359
0.077370
0.078100
0.080090
0.080496
0.080674
0.077067
0.080792
0.080146
0.077938
0.077962
0.077395
0.080737
0.076490
0.081332
0.081217
0.081548
0.082829
0.079261
0.061567
0.062362
0.065197
0.059771
0.064939
0.058936
0.058075
0.057750
0.059333
0.058778
0.059712
0.056534
0.056737
0.055424
0.054108
0.057581
0.055234
0.057829
0.058233
0.049180
0.057493
0.058026
0.058752
0.057882
0.048975
0.054760
0.047523
0.058471
0.049896
0.047529
0.047932
0.047626
0.047993
0.047636
0.047991
0.049057
0.049080
0.053808
0.052271
0.051716
0.052972
0.053113
0.056630
0.051124
0.062621
0.062470
0.064309
0.052184
0.067021
0.059016
0.059081
0.059669
0.061054
0.064641
0.064489
0.065224
0.065490
0.067377
0.060088
0.067479
0.073229
0.072468
0.072029
0.084821
0.082289
0.077126
0.077610
0.072716
0.072017
0.080824
0.085827
0.083598
0.093211
0.094389
0.093511
0.089307
0.089595
0.091303
0.093079
0.093484
0.092968
0.092871
0.091232
0.092404
0.091675
0.095053
0.095284
0.089166
0.086416
0.086521
0.078783
0.078883
0.081424
0.081843
0.080548
0.079615
0.079476
0.096033
0.099260
0.097237
0.096283
0.095462
0.089698
0.088627
0.096494
0.100177
0.100488
0.104697
0.106736
0.108208
0.109380
0.109342
0.110027
0.112426
0.113969
0.110795
0.115501
0.119524
0.115018
0.116357
0.123099
0.116401
0.114334
0.122997
0.125849
0.117792
0.116820
0.115540
0.116125
0.115304
0.088719
0.088467
0.091199
0.088285
0.086760
0.089912
0.092280
0.098485
0.090481
0.100827
0.092311
0.092117
0.092567
0.083430
0.086931
0.083283
0.084527
0.086291
0.082920
0.093011
0.093395
0.094197
0.092784
0.093738
0.091564
0.093114
0.093111
0.095216
0.099745
0.088627
0.075208
0.075918
0.077497
0.080919
0.079571
0.079753
0.079607
0.074706
0.081512
0.078787
0.076690
0.080750
0.079576
0.080709
0.083723
0.082286
0.082586
0.085202
0.089823
0.083157
0.085156
0.084855
0.079684
0.084572
0.080738
0.078640
0.079300
0.075821
0.072769
0.073869
0.081284
0.081671
0.083479
0.086203
0.084629
0.088043
0.087988
0.089911
0.083755
0.083849
0.081344
0.081490
0.073747
0.082768
0.083092
0.082876
0.082187
0.076101
0.078417
0.115378
0.101295
0.101280
0.100812
0.100448
0.106306
0.100178
0.099965
0.104836
0.099987
0.115387
0.099620
0.108262
0.107418
0.118749
0.119479
0.118604
0.118499
0.119257
0.104942
0.104968
0.115238
0.114965
0.118099
0.105856
0.116768
0.105299
0.119225
0.115719
0.114893
0.115416
0.115887
0.115763
0.115133
0.116006
0.106604
0.117871
0.114530
0.106728
0.115980
0.107509
0.117600
0.118151
0.117968
0.118340
0.116058
0.115312
0.115503
0.116068
0.115731
0.101784
0.117694
0.117686
0.111882
0.113234
0.102933
0.113195
0.112194
0.114531
0.115684
0.110148
0.097267
0.100186
0.113026
0.116743
0.114618
0.114261
0.114020
0.105833
0.106661
0.105957
0.104199
0.101644
0.102078
0.102894
0.105263
0.102151
0.101649
0.104461
0.101518
0.104158
0.102008
0.103485
0.100789
0.096713
0.100242
0.098511
0.096836
0.096404
0.097643
0.099543
0.098339
0.097309
0.097383
0.096672
0.098439
0.099153
0.099262
0.097002
0.096416
0.096978
0.098176
0.097072
0.090126
0.092797
0.093066
0.089201
0.092465
0.091519
0.092116
0.091192
0.091372
0.091715
0.091191
0.094058
0.094533
0.093176
0.094703
0.094292
0.099219
0.098249
0.098282
0.098857
0.098546
0.100078
0.097969
0.100580
0.100336
0.097501
0.099829
0.100226
0.093635
0.093802
0.097570
0.097770
0.097980
0.098134
0.099946
0.100219
0.097981
0.095595
0.098165
0.097336
0.102299
0.103427
0.104267
0.104321
0.102530
0.100785
0.104540
0.104566
0.103643
0.102818
0.103989
0.099492
0.104497
0.097426
0.100616
0.097462
0.098902
0.097818
0.099792
0.103590
0.101669
0.100333
0.100208
0.098878
0.102403
0.099946
0.094702
0.107456
0.105720
0.106216
0.101708
0.097189
0.094349
0.093929
0.093354
0.094066
0.095596
0.101666
0.099795
0.103322
0.102519
0.103299
0.101586
0.103932
0.104004
0.102910
0.094727
0.091659
0.098765
0.098707
0.099830
0.099563
0.100894
0.097531
0.100254
0.100497
0.092322
0.093340
0.093889
0.096623
0.095197
0.098250
0.097530
0.096545
0.098185
0.102961
0.103922
0.098316
0.103984
0.101531
0.102291
0.101962
0.105050
0.105569
0.103966
0.106524
0.105304
0.104511
0.106397
0.105125
0.104881
0.106403
0.106148
0.105569
0.105753
0.105045
0.104989
0.105287
0.103984
0.103675
0.106033
0.109520
0.109379
0.109041
0.108073
0.109831
0.109302
0.109452
0.104829
0.108935
0.108684
0.109182
0.111410
0.104996
0.106035
0.109125
0.103926
0.104248
0.100301
0.099799
0.093467
0.097249
0.098457
0.100861
0.104990
0.099311
0.098754
0.099779
0.106216
0.107295
0.105885
0.097076
0.105392
0.107022
0.105742
0.100075
0.106448
0.101979
0.105214
0.102514
0.103546
0.100052
0.100371
0.101245
0.099554
0.098041
0.098338
0.100346
0.097711
0.098033
0.103815
0.095574
0.105069
0.097075
0.099362
0.098000
0.097765
0.099843
0.099612
0.097717
0.104355
0.097288
0.099358
0.099155
0.099018
0.094996
0.098034
0.097314
0.098287
0.098877
0.097631
0.096833
0.100789
0.098607
0.097880
0.098167
0.107437
0.098222
0.098599
0.096898
0.099208
0.097170
0.097596
0.099393
0.099504
0.099853
0.100038
0.098552
0.097749
0.098520
0.100826
0.099399
0.098612
0.100524
0.101027
0.101341
0.100540
0.098287
0.098214
0.099443
0.100974
0.101067
0.101586
0.105817
0.102806
0.110570
0.101089
0.100343
0.098438
0.098862
0.099662
0.100079
0.098421
0.098288
0.098807
0.094968
0.096463
0.098413
0.096283
0.096525
0.103132
0.100927
0.097324
0.098810
0.102275
0.102274
0.102785
0.100787
0.101169
0.101979
0.103306
0.099781
0.100276
0.099097
0.100331
0.100412
0.099236
0.100891
0.100310
0.099953
0.099575
0.100752
0.100192
0.098127
0.097512
0.099783
0.099538
0.099502
0.098345
0.098944
0.099538
0.098404
0.099636
0.100006
0.099783
0.099727
0.099496
0.098469
0.101567
0.098882
0.097721
0.097317
0.098574
0.095218
0.095526
0.096665
0.097001
0.096987
0.097859
0.099014
0.098487
0.099165
0.100337
0.097278
0.098306
0.097994
0.097875
0.097854
0.097717
0.098808
0.099474
0.099431
0.097129
0.097713
0.096449
0.098152
0.096698
0.097034
0.096787
0.096738
0.097428
0.097059
0.095660
0.095198
0.095172
0.100661
0.102002
0.099105
0.092819
0.098722
0.094688
0.097337
0.097782
0.096445
0.097257
0.096203
0.094021
0.095076
0.097251
0.093871
0.096582
0.096480
0.097375
0.093293
0.093135
0.090933
0.092641
0.095285
0.095478
0.094946
0.096472
0.091970
0.089691
0.092493
0.092444
0.096481
0.092579
0.091927
0.091091
0.091253
0.088317
0.088875
0.086296
0.089568
0.086622
0.089673
0.091957
0.090246
0.091209
0.092214
0.091601
0.088942
0.091703
0.092025
0.092000
0.093394
0.089896
0.090810
0.090742
0.090892
0.090088
0.090673
0.090767
0.091558
0.090932
0.092148
0.092385
0.091681
0.091216
0.091402
0.091360
0.091142
0.091641
0.091508
0.091772
0.091173
0.091546
0.090354
0.088447
0.088081
0.090903
0.087648
0.090732
0.090992
0.091821
0.090325
0.087964
0.089274
0.088148
0.086507
0.089811
0.087647
0.087638
0.085126
0.088952
0.086214
0.085551
0.088126
0.087229
0.086834
0.088210
0.088912
0.088897
0.089447
0.088642
0.035019
0.036466
0.037809
0.037919
0.037836
0.039766
0.040527
0.044165
0.054730
0.056805
0.058764
0.064024
0.072274
0.071983
0.071762
0.070894
0.064247
0.064517
0.072691
0.071585
0.056285
0.056082
0.082921
0.080184
0.078319
0.097922
0.044465
0.044142
0.043802
0.043260
0.043168
0.039825
0.054479
0.055466
0.055376
0.053938
0.053656
0.041405
0.055410
0.055430
0.054073
0.054675
0.053875
0.052075
0.054680
0.055289
0.055102
0.046293
0.044821
0.044942
0.048198
0.047900
0.047919
0.048184
0.048088
0.048292
0.048113
0.048818
0.053253
0.046999
0.053173
0.053597
0.048691
0.051681
0.042182
0.048350
0.053488
0.049563
0.050166
0.049696
0.052150
0.048597
0.046729
0.050141
0.051096
0.051128
0.049535
0.047944
0.046933
0.047225
0.091509
0.102280
0.103806
0.103115
0.102568
0.076057
0.089076
0.075520
0.090913
0.092569
0.087573
0.090456
0.093299
0.099948
0.074256
0.074596
0.097308
0.077825
0.097985
0.092679
0.094388
0.073264
0.075246
0.073555
0.097885
0.075047
0.079658
0.075031
0.090089
0.094013
0.073304
0.072400
0.072622
0.074815
0.073474
0.075309
0.072089
0.091849
0.072365
0.073508
0.095508
0.083210
0.075924
0.073194
0.072566
0.095753
0.073996
0.100399
0.102668
0.102875
0.094617
0.100859
0.101367
0.101489
0.101015
0.101377
0.101950
0.102644
0.101929
0.101711
0.101214
0.101847
0.100586
0.099847
0.100241
0.099056
0.098684
0.099832
0.103609
0.101623
0.099910
0.104583
0.103832
0.102411
0.098945
0.103806
0.102002
0.103393
0.102402
0.106470
0.106846
0.106135
0.102285
0.100147
0.098660
0.103692
0.103577
0.104486
0.102921
0.102862
0.099573
0.100892
0.097588
0.101349
0.100650
0.102528
0.102102
0.101706
0.100976
0.101526
0.101947
0.101915
0.101836
0.104661
0.104267
0.103904
0.101679
0.101681
0.103691
0.103780
0.102520
0.102340
0.102282
0.102356
0.103715
0.104029
0.103279
0.103236
0.104299
0.103279
0.100312
0.104567
0.105115
0.102205
0.102626
0.102213
0.102124
0.102137
0.102126
0.103754
0.100678
0.100624
0.101590
0.102700
0.103173
0.105134
0.056481
0.063313
0.085471
0.059100
0.074407
0.067030
0.092443
0.101625
0.101421
0.110640
0.097794
0.082724
0.080660
0.080488
0.081546
0.092646
0.096676
0.086141
0.084372
0.087125
0.078559
0.092966
0.098539
0.083898
0.099556
0.083737
0.092496
0.092864
0.090827
0.088898
0.106113
0.104804
0.105709
0.103768
0.101056
0.102997
0.107315
0.088674
0.088781
0.087892
0.102218
0.090429
0.103447
0.103078
0.098707
0.096633
0.092736
0.101935
0.101930
0.102355
0.104702
0.103620
0.100652
0.101292
0.091201
0.087019
0.086958
0.086800
0.086744
0.097713
0.091439
0.089459
0.090695
0.090956
0.094896
0.094391
0.096476
0.096140
0.095632
0.097757
0.096568
0.098632
0.103626
0.103948
0.111584
0.107910
0.094765
0.118200
0.118097
0.108620
0.108642
0.110095
0.110877
0.113343
0.110274
0.113074
0.108587
0.109944
0.110362
0.105705
0.103732
0.103095
0.103283
0.103541
0.104790
0.103022
0.102878
0.104594
0.104592
0.102780
0.109425
0.104228
0.105707
0.105719
0.104925
0.106100
0.103590
0.102787
0.100095
0.103130
0.102354
0.091476
0.094210
0.093533
0.096289
0.101096
0.101453
0.099432
0.099486
0.095984
0.090864
0.095535
0.092518
0.092556
0.099641
0.102145
0.098309
0.098331
0.098456
0.102506
0.100398
0.101239
0.103615
0.103891
0.097956
0.096620
0.104843
0.106422
0.106419
0.106841
0.100607
0.107087
0.112051
0.111983
0.005394
0.004581
0.004367
0.004754
0.004744
0.005006
0.004007
0.003761
0.004040
0.004034
0.004558
0.003662
0.003220
0.003335
0.003350
0.004051
0.003177
0.002667
0.002777
0.002783
0.003389
0.002909
0.002213
0.002183
0.002173
0.002767
0.002534
0.001683
0.001565
0.001539
0.002083
0.002163
0.001258
0.001036
0.001029
0.001518
0.001865
0.000803
0.000484
0.000481
0.000848
0.001514
0.000415
0.000000
0.000003
0.000420
0.001378
0.000814
0.000417
0.000419
0.000772
0.001898
0.001550
0.001132
0.001131
0.001322
0.002194
0.002259
0.001614
0.001615
0.001745
0.002612
0.002641
0.002087
0.002093
0.002177
0.002900
0.003209
0.002557
0.002549
0.002562
0.003293
0.003543
0.002955
0.002956
0.002923
0.003573
0.004018
0.003467
0.003467
0.003426
0.004024
0.004373
0.021260
0.020751
0.021339
0.022646
0.021839
0.026163
0.026246
0.020706
0.020560
0.021253
0.021633
0.021601
0.023949
0.022014
0.021212
0.022264
0.022118
0.022017
0.021989
0.023961
0.021788
0.021799
0.022440
0.022333
0.024135
0.022564
0.023287
0.023250
0.021968
0.022060
0.022252
0.022453
0.023438
0.024145
0.023423
0.023262
0.024354
0.023102
0.024029
0.021804
0.022913
0.023164
0.025265
0.022839
0.023431
0.116123
0.116076
0.114253
0.109509
0.121168
0.116254
0.116261
0.115971
0.128720
0.117106
0.112379
0.110514
0.113753
0.116658
0.125382
0.106971
0.106179
0.110738
0.129568
0.113876
0.117481
0.116948
0.116357
0.115350
0.115375
0.116472
0.117439
0.118400
0.115441
0.116919
0.118073
0.118105
0.117953
0.117024
0.113578
0.115314
0.116677
0.039600
0.037819
0.038374
0.038297
0.038314
0.039193
0.038564
0.037619
0.036489
0.037057
0.037336
0.038522
0.038695
0.037619
0.037576
0.037502
0.038241
0.037622
0.037929
0.037983
0.037780
0.037810
0.038351
0.037890
0.038383
0.038058
0.038017
0.038170
0.037927
0.037410
0.038850
0.038337
0.038313
0.038712
0.038815
0.038773
0.038700
0.036507
0.031601
0.031798
0.027140
0.061950
0.058992
0.045901
0.047507
0.046592
0.098080
0.097119
0.104554
0.104404
0.101633
0.092092
0.097888
0.100612
0.101004
0.088912
0.078307
0.084215
0.091725
0.093473
0.090066
0.083304
0.087265
0.090258
0.089551
0.083428
0.087012
0.084266
0.096311
0.095425
0.093589
0.092122
0.092550
0.092416
0.091317
0.092065
0.095710
0.096380
0.095875
0.095694
0.092861
0.094465
0.095703
0.095661
0.096498
0.094743
0.091668
0.092746
0.092162
0.093395
0.092779
0.097058
0.097919
0.097798
0.097360
0.099622
0.098458
0.099142
0.098114
0.098237
0.046227
0.047627
0.046294
0.044940
0.046532
0.046332
0.046714
0.046546
0.044181
0.044221
0.044272
0.043795
0.047284
0.045634
0.045884
0.043538
0.047468
0.046477
0.048540
0.048869
0.047228
0.047992
0.045239
0.047793
0.047684
0.047314
0.047195
0.047672
0.046672
0.046659
0.047148
0.047346
0.048393
0.047934
0.048020
0.046702
0.044157
0.047505
0.047766
0.047731
0.046916
0.124082
0.124254
0.123701
0.123559
0.122431
0.122147
0.123189
0.121613
0.124135
0.121277
0.121694
0.120689
0.125323
0.122518
0.116346
0.115721
0.120058
0.119642
0.121754
0.120328
0.122274
0.122918
0.124512
0.124427
0.127808
0.125958
0.127365
0.126731
0.124389
0.126431
0.126351
0.122733
0.122501
0.121982
0.127091
0.126412
0.127470
0.129044
0.126161
0.127696
0.126677
0.123284
0.128551
0.123783
0.122535
0.126635
0.126411
0.125829
0.124980
0.124778
0.123239
0.125185
0.125510
0.124805
0.124985
0.051227
0.047034
0.049483
0.048876
0.041181
0.047808
0.047178
0.052531
0.054582
0.052324
0.053352
0.056750
0.055826
0.055744
0.055736
0.055066
0.054531
0.053464
0.053653
0.055104
0.056500
0.057298
0.061198
0.060406
0.056290
0.052677
0.060613
0.035246
0.035756
0.051566
0.039874
0.044547
0.044747
0.044433
0.047655
0.046281
0.048478
0.065805
0.055818
0.034451
0.032232
0.033151
0.032310
0.032570
0.031487
0.035022
0.053912
0.053805
0.053808
0.050958
0.052734
0.051581
0.053903
0.054025
0.053424
0.050249
0.051910
0.049933
0.050298
0.050920
0.049992
0.051158
0.050819
0.050709
0.051046
0.051113
0.050942
0.050887
0.050842
0.050934
0.050720
0.051726
0.050117
0.050719
0.049124
0.050497
0.050129
0.050896
0.050136
0.050934
0.053467
0.052446
0.050593
0.050396
0.052375
0.053333
0.051661
0.052337
0.051712
0.051533
0.049648
0.052313
0.051876
0.052987
0.051346
0.050865
0.051373
0.051282
0.051327
0.051131
0.051480
0.050040
0.050480
0.050137
0.050331
0.051905
0.047265
0.049034
0.049104
0.049356
0.050666
0.050813
0.054849
0.054815
0.049670
0.056978
0.049474
0.052887
0.053174
0.048055
0.048361
0.050282
0.049017
0.049206
0.049244
0.052177
0.051680
0.053314
0.052737
0.052350
0.050996
0.049952
0.050210
0.051981
0.048219
0.050961
0.051663
0.058133
0.058020
0.058439
0.057945
0.058305
0.057696
0.058934
0.060492
0.059784
0.057654
0.057669
0.057465
0.060005
0.058639
0.059410
0.060142
0.059725
0.063086
0.062310
0.065138
0.064211
0.064004
0.064260
0.064347
0.063205
0.064459
0.064734
0.054391
0.062816
0.063715
0.064384
0.063620
0.064566
0.062698
0.057945
0.059019
0.058403
0.058518
0.057871
0.059447
0.057404
0.057495
0.063068
0.058213
0.058372
0.058398
0.066564
0.063883
0.057994
0.057622
0.063029
0.062379
0.061004
0.060206
0.061759
0.089051
0.088839
0.087885
0.088749
0.089342
0.088786
0.089361
0.088349
0.088632
0.089142
0.090202
0.090426
0.088896
0.089711
0.090734
0.091429
0.089479
0.088307
0.089132
0.087317
0.087321
0.086922
0.087279
0.086978
0.087116
0.087468
0.088019
0.087389
0.086459
0.085878
0.087076
0.086288
0.086627
0.086094
0.086353
0.086986
0.086661
0.086366
0.087378
0.086931
0.087478
0.087322
0.086950
0.086323
0.086779
0.086445
0.087076
0.085942
0.086762
0.086957
0.087256
0.087152
0.090396
0.087212
0.086956
0.052399
0.053187
0.062597
0.057074
0.058598
0.054129
0.059733
0.052052
0.059495
0.060097
0.060360
0.057541
0.061706
0.049799
0.061094
0.060983
0.061027
0.059303
0.057738
0.057276
0.056924
0.059742
0.057659
0.057379
0.056139
0.059442
0.058403
0.056054
0.057806
0.056042
0.056621
0.058318
0.061210
0.061274
0.057495
0.060896
0.060354
0.060418
0.063707
0.065454
0.067827
0.067841
0.067927
0.068487
0.067922
0.067456
0.067402
0.066251
0.067672
0.066457
0.067062
0.054536
0.058432
0.057248
0.055077
0.053086
0.052927
0.059926
0.060963
0.056477
0.064082
0.063927
0.063531
0.075864
0.061639
0.079935
0.079934
0.081990
0.084800
0.077112
0.075040
0.074503
0.077426
0.096845
0.095614
0.096199
0.095502
0.094697
0.095552
0.097031
0.100820
0.098847
0.100413
0.106662
0.101134
0.117882
0.117804
0.122232
0.122222
0.123335
0.122995
0.123545
0.123175
0.139659
0.123002
0.122350
0.123998
0.125031
0.122786
0.128516
0.122939
0.122865
0.126493
0.107523
0.123863
0.109792
0.106330
0.103669
0.102570
0.108581
0.105615
0.105465
0.100382
0.109044
0.095911
0.095755
0.096697
0.088067
0.090414
0.092571
0.092532
0.092244
0.086858
0.087450
0.090388
0.087069
0.088357
0.084919
0.091028
0.091294
0.089340
0.089249
0.100454
0.107606
0.100432
0.099744
0.099821
0.103041
0.097913
0.098438
0.104720
0.104924
0.112203
0.107442
0.112015
0.115063
0.108917
0.107104
0.115322
0.114853
0.098677
0.097803
0.101262
0.113256
0.102592
0.102743
0.102795
0.105724
0.098991
0.106249
0.111557
0.110354
0.109495
0.075302
0.074402
0.077454
0.077549
0.075643
0.076707
0.082158
0.081715
0.081828
0.078405
0.077905
0.077612
0.081649
0.081145
0.081081
0.076178
0.073951
0.076259
0.073587
0.079127
0.080081
0.080611
0.080094
0.080662
0.076641
0.076749
0.078194
0.077369
0.077601
0.109531
0.097360
0.100361
0.118162
0.097744
0.116448
0.121188
0.121865
0.110921
0.113570
0.115328
0.116645
0.117670
0.118865
0.117609
0.114739
0.097819
0.109862
0.100826
0.098259
0.099078
0.101179
0.117842
0.119403
0.119040
0.103596
0.105177
0.106133
0.110758
0.110557
0.102286
0.106180
0.098436
0.095548
0.097435
0.111748
0.095732
0.110085
0.105941
0.098462
0.101568
0.109725
0.108865
0.116406
0.116273
0.116054
0.116669
0.101968
0.131805
0.130020
0.131638
0.131607
0.129422
0.130278
0.143364
0.132193
0.142633
0.132901
0.132275
0.128672
0.132126
0.129605
0.128489
0.125641
0.126299
0.127033
0.123645
0.102953
0.102784
0.108029
0.106549
0.106792
0.107406
0.055982
0.055901
0.053389
0.055150
0.058764
0.061676
0.060192
0.062585
0.056343
0.056542
0.064101
0.063076
0.055682
0.061194
0.058427
0.060991
0.055949
0.059827
0.055994
0.062073
0.053589
0.053646
0.054248
0.053045
0.052392
0.054080
0.053374
0.054686
0.053950
0.058836
0.055193
0.055465
0.063143
0.063316
0.062666
0.056195
0.058644
0.060027
0.048680
0.055265
0.054293
0.060276
0.052989
0.049922
0.055331
0.051238
0.051384
0.053668
0.050485
0.062307
0.061926
0.055094
0.056259
0.059722
0.059965
0.060385
0.060711
0.061445
0.060613
0.061116
0.055391
0.060513
0.049119
0.049346
0.051112
0.087703
0.089617
0.088041
0.086408
0.086560
0.085516
0.086974
0.087007
0.087449
0.087232
0.087860
0.088668
0.088369
0.088151
0.087566
0.087622
0.087682
0.088961
0.087890
0.087271
0.054736
0.053918
0.051970
0.052117
0.054371
0.053005
0.052813
0.054693
0.054336
0.050924
0.058325
0.054130
0.059947
0.057123
0.060521
0.056675
0.057773
0.056011
0.055214
0.065242
0.066118
0.065675
0.082301
0.076211
0.075702
0.075714
0.075511
0.074359
0.082354
0.081284
0.086125
0.087783
0.087979
0.086563
0.087542
0.088302
0.086463
0.085873
0.081801
0.082265
0.082606
0.082570
0.081947
0.085374
0.081977
0.089468
0.085506
0.091386
0.089097
0.083682
0.090830
0.091154
0.092141
0.090786
0.093478
0.094325
0.096776
0.092778
0.077271
0.093147
0.082516
0.084353
0.082824
0.084390
0.081594
0.081483
0.073932
0.074181
0.074607
0.082043
0.062005
0.068428
0.067991
0.081148
0.083889
0.080679
0.069836
0.080124
0.079508
0.084886
0.067673
0.083217
0.069943
0.080794
0.134160
0.134688
0.134753
0.135237
0.132478
0.133106
0.130591
0.131756
0.133290
0.134344
0.126156
0.134916
0.135082
0.117228
0.130082
0.119076
0.115914
0.116072
0.128712
0.131520
0.131047
0.114706
0.131181
0.131451
0.116223
0.137558
0.134196
0.134210
0.135311
0.132197
0.133624
0.138250
0.138421
0.133701
0.117383
0.131492
0.117374
0.116538
0.110605
0.115141
0.119940
0.122368
0.133768
0.128541
0.127542
0.119029
0.120164
0.118411
0.111637
0.113015
0.112952
0.112690
0.111359
0.109042
0.106947
0.114826
0.115231
0.113107
0.105957
0.094174
0.102349
0.091775
0.096314
0.090126
0.091667
0.103377
0.104975
0.110512
0.117888
0.111632
0.111336
0.113459
0.111456
0.110224
0.117675
0.115654
0.124166
0.112640
0.120902
0.113535
0.119828
0.115666
0.122395
0.121398
0.107714
0.115512
0.103698
0.103135
0.102318
0.103765
0.104206
0.106069
0.104441
0.108329
0.106755
0.118527
0.117994
0.107286
0.110075
0.111178
0.115033
0.121513
0.114480
0.113980
0.122311
0.118445
0.115496
0.115950
0.115337
0.122153
0.114984
0.122504
0.122117
0.080228
0.075086
0.077400
0.076265
0.076267
0.079943
0.076436
0.076445
0.075893
0.076355
0.076587
0.075621
0.075897
0.077694
0.076040
0.074520
0.075864
0.075892
0.077783
0.077701
0.079870
0.077275
0.078932
0.078760
0.077526
0.078439
0.078988
0.079643
0.078716
0.078534
0.078292
0.078484
0.078276
0.077431
0.079311
0.080800
0.082679
0.081911
0.082395
0.072002
0.075384
0.082415
0.083472
0.081145
0.081818
0.082930
0.081710
0.082346
0.082974
0.082781
0.083177
0.082709
0.083658
0.077590
0.085392
0.100035
0.100613
0.100185
0.093940
0.091991
0.093448
0.100493
0.100872
0.101498
0.100990
0.102076
0.101634
0.101970
0.100942
0.100867
0.101466
0.107739
0.097347
0.102195
0.101760
0.101317
0.089050
0.085777
0.086403
0.085457
0.086515
0.086437
0.108616
0.108392
0.108110
0.089491
0.107914
0.107630
0.107602
0.107861
0.108100
0.085556
0.098916
0.100752
0.105886
0.101138
0.100324
0.099234
0.100557
0.101296
0.101277
0.093855
0.092486
0.093920
0.094157
0.100079
0.103206
0.051450
0.050400
0.050348
0.051406
0.051077
0.051184
0.054963
0.053032
0.053435
0.051935
0.051025
0.051813
0.051808
0.052155
0.057653
0.058234
0.057711
0.057705
0.056665
0.053106
0.054153
0.052982
0.053019
0.053845
0.051842
0.051095
0.053052
0.052883
0.052945
0.051168
0.052097
0.052354
0.053448
0.051135
0.051233
0.051059
0.049986
0.052195
0.050404
0.048671
0.047289
0.043191
0.043033
0.050821
0.047209
0.041698
0.036702
0.036337
0.042188
0.042789
0.042500
0.037952
0.037863
0.037409
0.036579
0.035859
0.038638
0.037653
0.037376
0.040355
0.040260
0.043560
0.043058
0.041144
0.040774
0.040820
0.041217
0.041372
0.040331
0.039696
0.038637
0.037176
0.036797
0.036489
0.036087
0.035839
0.036902
0.036925
0.037623
0.042103
0.040945
0.042771
0.042715
0.044566
0.043881
0.044446
0.050968
0.052876
0.043725
0.042641
0.043162
0.050190
0.050362
0.049737
0.048838
0.046839
0.049014
0.048913
0.049580
0.080425
0.080352
0.081222
0.081796
0.084998
0.083215
0.082889
0.082129
0.082162
0.093757
0.093074
0.093560
0.093231
0.092601
0.094408
0.093650
0.093558
0.093480
0.091225
0.092400
0.092676
0.093611
0.093795
0.093404
0.091149
0.075700
0.076926
0.083360
0.082980
0.079888
0.091499
0.078957
0.080358
0.080415
0.080630
0.080818
0.080259
0.079788
0.081773
0.081067
0.081167
0.081886
0.082043
0.082125
0.079495
0.079397
0.080961
0.087612
0.080149
0.080958
0.080701
0.079858
0.087394
0.081554
0.080517
0.095444
0.096434
0.095183
0.094790
0.094898
0.099511
0.090920
0.093110
0.091075
0.092016
0.094471
0.093668
0.093615
0.093058
0.092573
0.092193
0.094468
0.094975
0.093707
0.093834
0.094861
0.112587
0.107467
0.107523
0.108309
0.116755
0.106025
0.097389
0.097166
0.105721
0.095765
0.098009
0.097060
0.097197
0.098795
0.096571
0.097321
0.098236
0.097791
0.098023
0.095236
0.105740
0.109697
0.109347
0.099698
0.107034
0.107033
0.104505
0.104625
0.105004
0.096968
0.099749
0.101602
0.098960
0.087084
0.085965
0.079762
0.079106
0.079064
0.074450
0.088584
0.075205
0.081005
0.079552
0.080229
0.083491
0.086322
0.109053
0.108186
0.089572
0.113731
0.117703
0.085939
0.085809
0.057000
0.089682
0.064229
0.080545
0.080534
0.074332
0.077965
0.077433
0.071050
0.068852
0.069364
0.067396
0.071505
0.071606
0.071617
0.068171
0.055847
0.058285
0.055808
0.055324
0.054967
0.076128
0.065914
0.055846
0.054913
0.055893
0.056898
0.056374
0.052951
0.053367
0.053828
0.058150
0.053853
0.063549
0.062905
0.062654
0.062892
0.062223
0.064714
0.064182
0.064956
0.079882
0.063631
0.064910
0.064749
0.063723
0.056731
0.057793
0.074331
0.067401
0.058450
0.058686
0.084177
0.108650
0.107520
0.106900
0.107435
0.105229
0.090482
0.083346
0.107634
0.107947
0.086808
0.109632
0.109421
0.084065
0.108448
0.094617
0.094154
0.096294
0.095245
0.096206
0.094722
0.097848
0.097800
0.096887
0.095133
0.095549
0.095306
0.093962
0.104340
0.102656
0.094939
0.104157
0.098723
0.105804
0.099371
0.099195
0.099980
0.099545
0.099946
0.099375
0.108281
0.106986
0.105772
0.105177
0.100029
0.098605
0.095849
0.095625
0.097809
0.096980
0.097696
0.098098
0.097254
0.098539
0.100702
0.068913
0.068629
0.068621
0.067311
0.067717
0.067968
0.068363
0.068602
0.069827
0.069094
0.069265
0.068395
0.068085
0.068433
0.065283
0.064856
0.063809
0.063321
0.068487
0.066017
0.067374
0.066937
0.061150
0.060936
0.066223
0.065667
0.066033
0.057328
0.056686
0.056591
0.065765
0.056506
0.065241
0.064746
0.065169
0.057383
0.057221
0.065394
0.065223
0.064885
0.064930
0.063914
0.063343
0.063562
0.063686
0.062790
0.063602
0.064241
0.064203
0.064763
0.065387
0.064480
0.064373
0.064733
0.065046
0.064222
0.063982
0.064993
0.065135
0.064220
0.064539
0.064640
0.064229
0.064335
0.065502
0.066183
0.068294
0.068390
0.068400
0.068412
0.068779
0.057961
0.068697
0.069031
0.069248
0.070783
0.069362
0.071105
0.070548
0.069708
0.069552
0.071238
0.068932
0.070325
0.068981
0.068442
0.069419
0.068623
0.065851
0.069319
0.070138
0.070003
0.069128
0.069244
0.069061
0.069099
0.069280
0.067866
0.065258
0.060014
0.065284
0.063907
0.068237
0.067784
0.063956
0.061904
0.066670
0.066866
0.065970
0.064696
0.062473
0.058359
0.058402
0.057312
0.063416
0.059148
0.057638
0.057368
0.063105
0.066317
0.065807
0.060856
0.060594
0.077543
0.076631
0.077037
0.076109
0.076776
0.075988
0.075912
0.076698
0.076730
0.076638
0.077907
0.077675
0.077780
0.077835
0.057291
0.066545
0.069331
0.067355
0.069107
0.068935
0.066952
0.066905
0.133327
0.136972
0.137317
0.132819
0.131274
0.133293
0.133247
0.133777
0.134403
0.125412
0.131394
0.125068
0.127562
0.125639
0.126604
0.129194
0.127676
0.126901
0.130477
0.125596
0.125537
0.123114
0.124343
0.121505
0.125880
0.128783
0.126737
0.126363
0.127584
0.130735
0.125966
0.131508
0.129748
0.114991
0.122447
0.104727
0.131404
0.131178
0.125983
0.140841
0.147365
0.131989
0.132482
0.135821
0.131273
0.134493
0.135495
0.143581
0.173381
0.162489
0.149517
0.176525
0.167631
0.055891
0.067494
0.056035
0.071589
0.070949
0.070510
0.070730
0.069080
0.068147
0.069899
0.062040
0.082914
0.057992
0.057893
0.057240
0.062390
0.063307
0.064234
0.062278
0.064738
0.060833
0.061635
0.061824
0.060963
0.059376
0.060834
0.058489
0.059909
0.061751
0.061281
0.053445
0.068643
0.068942
0.078232
0.078098
0.071837
0.070804
0.072073
0.071445
0.071056
0.070225
0.069000
0.070894
0.069862
0.070611
0.065528
0.069021
0.078717
0.074948
0.069170
0.080221
0.079617
0.079588
0.077705
0.077401
0.061099
0.056289
0.067327
0.063542
0.064968
0.064679
0.061425
0.062459
0.074565
0.074541
0.096665
0.098591
0.103879
0.094573
0.094814
0.093257
0.094216
0.094401
0.094694
0.094087
0.070257
0.067027
0.066990
0.066528
0.067202
0.065904
0.065348
0.066229
0.098299
0.097850
0.095426
0.098729
0.095720
0.098578
0.097563
0.096995
0.099298
0.095576
0.094780
0.094942
0.094150
0.091108
0.092432
0.092184
0.091647
0.091472
0.092822
0.091243
0.091527
0.091577
0.092269
0.091329
0.091179
0.091562
0.091895
0.091775
0.091299
0.092029
0.092040
0.091892
0.092475
0.093600
0.093759
0.093582
0.093903
0.094408
0.095474
0.095615
0.093279
0.094053
0.093951
0.093595
0.094155
0.092607
0.093691
0.093444
0.093146
0.094220
0.063880
0.063834
0.063860
0.061898
0.061997
0.062218
0.062096
0.062476
0.062611
0.060400
0.062914
0.063213
0.064953
0.065056
0.067675
0.066379
0.065597
0.065916
0.066644
0.067501
0.068664
0.067011
0.067893
0.070842
0.087394
0.069050
0.079962
0.095726
0.083929
0.084516
0.072339
0.072213
0.067294
0.067743
0.067686
0.069988
0.070413
0.066610
0.066649
0.065341
0.069918
0.069200
0.067625
0.093432
0.077511
0.076846
0.077727
0.080767
0.066618
0.074376
0.079856
0.080991
0.067144
0.080320
0.083009
0.074528
0.075556
0.074995
0.070081
0.070154
0.076225
0.076739
0.075532
0.082800
0.076853
0.090014
0.087937
0.077693
0.085165
0.085746
0.087058
0.087445
0.067792
0.078353
0.077627
0.011949
0.011930
0.012061
0.011764
0.012382
0.011475
0.011438
0.011176
0.011261
0.011349
0.010978
0.011373
0.010957
0.010721
0.010980
0.010640
0.010610
0.010969
0.010668
0.011030
0.011301
0.011245
0.011423
0.011032
0.011400
0.011395
0.011400
0.011194
0.011299
0.012048
0.010920
0.011175
0.011075
0.011305
0.011526
0.011376
0.011364
0.011584
0.011330
0.011536
0.011248
0.011715
0.011610
0.012053
0.011966
0.012590
0.012355
0.012327
0.011840
0.012596
0.011179
0.012620
0.010747
0.011283
0.010742
0.011092
0.011142
0.012687
0.012340
0.012121
0.012751
0.012844
0.012514
0.011978
0.031813
0.031904
0.031825
0.030928
0.031558
0.031351
0.031371
0.031546
0.031721
0.031998
0.031083
0.031786
0.031633
0.032207
0.031396
0.031650
0.031418
0.031817
0.031482
0.031189
0.031464
0.031663
0.031708
0.031768
0.031384
0.032078
0.032173
0.032128
0.031473
0.032379
0.031105
0.031400
0.030554
0.032312
0.032071
0.031547
0.031638
0.031697
0.030908
0.032335
0.031809
0.032154
0.032110
0.030684
0.031650
0.031736
0.031403
0.031309
0.032509
0.032026
0.030972
0.031198
0.031073
0.032001
0.031360
0.031614
0.031776
0.031847
0.031680
0.031485
0.032067
0.031706
0.032220
0.031644
0.031708
0.031692
0.031836
0.031813
0.031918
0.029023
0.029064
0.032414
0.039525
0.048461
0.063276
0.078238
0.096516
0.118605
0.143764
0.171831
0.200329
0.234989
0.270988
0.310403
0.310403
0.310403
0.310403
0.310403
0.310403
0.233119
0.233278
0.233225
0.229134
0.222840
0.227949
0.230956
0.233263
0.228264
0.230183
0.229850
0.230331
0.235739
0.233356
0.235836
0.235835
0.234350
0.232145
0.226246
0.225883
0.224283
0.231150
0.227095
0.232247
0.225691
0.226792
0.226820
0.227064
0.223260
0.232237
0.233123
0.231724
0.236969
0.241644
0.236099
0.236131
0.232157
0.231512
0.228120
0.230019
0.229555
0.216271
0.214271
0.230054
0.228194
0.227662
0.230650
0.231817
0.234767
0.225047
0.225712
0.227934
0.239991
0.239071
0.245579
0.253439
0.249891
0.254116
0.243478
0.241010
0.235609
0.252902
0.245560
0.246915
0.242696
0.243039
0.239163
0.238466
0.222789
0.222150
0.246160
0.237156
0.221736
0.219212
0.210722
0.211217
0.223625
0.222780
0.219379
0.226436
0.226642
0.238297
0.238782
0.231403
0.234004
0.234716
0.237940
0.231903
0.229150
0.239137
0.238557
0.220620
0.237619
0.215111
0.237262
0.237284
0.247372
0.236951
0.225170
0.247638
0.246593
0.248283
0.252231
0.244921
0.240428
0.239786
0.248555
0.239868
0.249230
0.246603
0.246773
0.245253
0.245036
0.240341
0.238044
0.238317
0.239091
0.238858
0.238082
0.243952
0.243537
0.230590
0.226184
0.230614
0.227771
0.224817
0.230424
0.230970
0.225900
0.235627
0.233184
0.231336
0.224445
0.232026
0.232956
0.231984
0.231461
0.241127
0.241322
0.242229
0.242131
0.242817
0.241439
0.240842
0.231140
0.231140
0.235804
0.236656
0.235236
0.241670
0.246002
0.248611
0.258010
0.253962
0.255800
0.255923
0.249277
0.257786
0.244539
0.254132
0.256413
0.240963
0.241570
0.229665
0.237253
0.237368
0.259440
0.264133
0.263507
0.258518
0.264030
0.253543
0.236778
0.252747
0.250130
0.256143
0.254628
0.233380
0.229032
0.224181
0.227053
0.229968
0.224168
0.258978
0.273743
0.289742
0.310397
0.310397
0.310397
