0.148136
0.148172
0.148233
0.148543
0.147936
0.153552
0.153234
0.153334
0.147679
0.152626
0.153515
0.152288
0.146044
0.145944
0.146770
0.147826
0.146547
0.146189
0.151402
0.147478
0.149819
0.146674
0.154763
0.153302
0.151810
0.150824
0.153553
0.152659
0.150484
0.147542
0.153568
0.150550
0.146806
0.147183
0.148244
0.147445
0.149935
0.152403
0.150312
0.152003
0.151651
0.154827
0.151950
0.149623
0.150923
0.147513
0.154669
0.147385
0.157542
0.157542
0.157324
0.157144
0.156600
0.157748
0.158189
0.156986
0.156262
0.157152
0.147387
0.152129
0.153549
0.153568
0.153691
0.152334
0.151231
0.142796
0.152996
0.146900
0.147472
0.147266
0.151663
0.151566
0.118546
0.121208
0.114820
0.118192
0.122191
0.122136
0.119705
0.121425
0.120876
0.122777
0.123328
0.121282
0.119524
0.120673
0.117970
0.069833
0.069183
0.070791
0.069861
0.071597
0.070998
0.070980
0.068800
0.055365
0.065311
0.061355
0.062497
0.060587
0.061869
0.059284
0.059027
0.060376
0.058013
0.059952
0.058988
0.053106
0.054739
0.059067
0.049440
0.050431
0.053059
0.053320
0.054350
0.057686
0.059062
0.062925
0.062941
0.071195
0.080093
0.076902
0.080724
0.085415
0.095675
0.110519
0.110527
0.110540
0.158143
0.158215
0.158157
0.158157
0.120771
0.122278
0.124617
0.122334
0.120894
0.081674
0.078845
0.077903
0.080607
0.070875
0.070549
0.078808
0.106110
0.105488
0.104663
0.091534
0.094566
0.094845
0.093979
0.091266
0.089271
0.091678
0.099362
0.119662
0.121680
0.116020
0.115140
0.126416
0.092136
0.086149
0.098327
0.100157
0.088512
0.091230
0.091022
0.111409
0.115321
0.105071
0.103073
0.086725
0.079106
0.077300
0.065399
0.059874
0.059083
0.053635
0.056884
0.058591
0.061607
0.073360
0.082053
0.092236
0.101737
0.067348
0.067367
0.067381
0.063597
0.063535
0.063874
0.064440
0.076110
0.078283
0.079014
0.080783
0.079681
0.075250
0.077505
0.075566
0.082139
0.076035
0.075839
0.073720
0.072215
0.072053
0.072185
0.067520
0.075384
0.079842
0.087670
0.089299
0.087233
0.091783
0.284396
0.289016
0.282452
0.276399
0.279253
0.273705
0.276300
0.274786
0.274512
0.263887
0.245168
0.204578
0.206456
0.182594
0.161132
0.136774
0.112282
0.103873
0.089012
0.076426
0.064722
0.058660
0.056404
0.055393
0.058973
0.064566
0.073499
0.080819
0.091540
0.098935
0.065054
0.065060
0.065076
0.055593
0.055545
0.055577
0.055516
0.049188
0.068379
0.053087
0.044116
0.037456
0.040965
0.043449
0.043904
0.045831
0.047089
0.044717
0.045138
0.045473
0.049674
0.049377
0.048966
0.038843
0.044699
0.049681
0.053007
0.047660
0.049731
0.058739
0.050826
0.053962
0.052773
0.057104
0.056715
0.056239
0.060667
0.058254
0.056637
0.056793
0.048763
0.058338
0.050478
0.045901
0.049151
0.047527
0.054181
0.054843
0.055435
0.055097
0.049203
0.055009
0.057333
0.056504
0.055962
0.054146
0.055291
0.055474
0.055645
0.054995
0.057452
0.057567
0.056352
0.054525
0.056265
0.057765
0.057160
0.057091
0.047259
0.047340
0.048903
0.047365
0.047235
0.046875
0.047254
0.047105
0.046941
0.046783
0.046895
0.047566
0.047745
0.047729
0.048346
0.049037
0.048305
0.048364
0.047515
0.047477
0.048406
0.048120
0.047967
0.048837
0.048166
0.047751
0.047543
0.048374
0.048255
0.047989
0.047591
0.046075
0.048213
0.048155
0.047534
0.048677
0.048576
0.047576
0.046908
0.046921
0.046944
0.047673
0.047793
0.050105
0.049560
0.048427
0.048896
0.049138
0.048591
0.048359
0.048667
0.048333
0.049809
0.049489
0.049363
0.049323
0.049602
0.048202
0.047626
0.046667
0.048306
0.075438
0.076780
0.076958
0.080043
0.080283
0.083020
0.077150
0.083206
0.086593
0.087740
0.083414
0.079626
0.079944
0.082852
0.078486
0.079180
0.081092
0.081393
0.063556
0.063731
0.064484
0.065069
0.065186
0.064903
0.062438
0.064866
0.064671
0.081268
0.077738
0.078838
0.083322
0.082150
0.084068
0.082249
0.082074
0.062985
0.084603
0.082239
0.082544
0.063296
0.063333
0.064618
0.063388
0.083910
0.082678
0.082886
0.081830
0.063762
0.063729
0.064964
0.063222
0.081112
0.063595
0.064777
0.082311
0.085139
0.065164
0.065032
0.082523
0.083584
0.079662
0.082312
0.083484
0.079378
0.079884
0.089922
0.097399
0.089050
0.088252
0.081391
0.095864
0.099645
0.090900
0.082020
0.084961
0.089979
0.100304
0.102319
0.095020
0.088061
0.096595
0.104694
0.080908
0.083377
0.082038
0.082084
0.084598
0.087945
0.083490
0.087024
0.058413
0.089456
0.074772
0.077956
0.078246
0.081873
0.082068
0.083741
0.106356
0.127075
0.117496
0.107661
0.107196
0.093296
0.080753
0.086954
0.089963
0.086993
0.110462
0.108505
0.106491
0.122124
0.150036
0.113196
0.131362
0.148042
0.148852
0.224513
0.209022
0.214491
0.214973
0.177651
0.172624
0.174304
0.174014
0.175818
0.170799
0.173238
0.175070
0.172897
0.153492
0.169185
0.171710
0.167500
0.150355
0.149920
0.153283
0.153961
0.154057
0.171992
0.167884
0.167614
0.167385
0.170129
0.173441
0.170254
0.170029
0.134758
0.136978
0.135447
0.134033
0.136182
0.136472
0.134667
0.134424
0.146706
0.144634
0.147872
0.147555
0.136632
0.135511
0.150376
0.151177
0.150810
0.151570
0.153679
0.152595
0.152075
0.146072
0.150929
0.146572
0.154124
0.154862
0.176583
0.178640
0.177875
0.177431
0.207242
0.228851
0.268304
0.224788
0.239675
0.261298
0.250027
0.257786
0.321960
0.322301
0.340515
0.343863
0.365706
0.370934
0.355928
0.358069
0.383443
0.377684
0.468456
0.464470
0.358298
0.371548
0.371317
0.294370
0.315192
0.264869
0.279818
0.278397
0.282461
0.241536
0.308037
0.301204
0.252041
0.261686
0.271818
0.270389
0.271883
0.273160
0.277757
0.270032
0.266960
0.268057
0.266320
0.292955
0.290481
0.291034
0.313240
0.332050
0.310848
0.308768
0.304352
0.306647
0.316922
0.312244
0.311233
0.308475
0.312232
0.288283
0.324463
0.298121
0.331903
0.283962
0.071851
0.072675
0.068154
0.068085
0.067013
0.072267
0.069573
0.067017
0.067154
0.067020
0.066501
0.074082
0.073784
0.069959
0.071885
0.195900
0.196537
0.197075
0.195998
0.196460
0.197794
0.195315
0.196763
0.193038
0.196149
0.198437
0.189944
0.196139
0.124646
0.124100
0.123780
0.124388
0.124003
0.124699
0.124548
0.123590
0.124913
0.123513
0.124015
0.124485
0.123520
0.124586
0.122329
0.125997
0.129499
0.108104
0.108387
0.105579
0.107645
0.108840
0.108150
0.105024
0.106333
0.105780
0.104327
0.110591
0.112711
0.109838
0.110588
0.109882
0.108421
0.107576
0.106339
0.107158
0.108269
0.117521
0.145031
0.132531
0.133383
0.134149
0.134973
0.133777
0.131953
0.129016
0.127518
0.129803
0.134263
0.120493
0.122959
0.111571
0.110357
0.132562
0.108891
0.117409
0.108826
0.117667
0.119881
0.114475
0.111266
0.109409
0.108693
0.115908
0.118407
0.121074
0.123296
0.109498
0.108476
0.125237
0.125087
0.121310
0.141715
0.141865
0.133075
0.134585
0.175627
0.178908
0.174697
0.176766
0.208079
0.184776
0.154609
0.164974
0.162129
0.177120
0.182036
0.184086
0.191115
0.179399
0.179688
0.184872
0.182995
0.185966
0.183587
0.187984
0.188406
0.163511
0.190940
0.193136
0.213850
0.210701
0.197568
0.196430
0.140647
0.143247
0.150782
0.145019
0.167351
0.170957
0.140290
0.233143
0.167061
0.122610
0.120612
0.120113
0.120668
0.110824
0.109126
0.108670
0.097917
0.102695
0.102654
0.103433
0.101192
0.104049
0.105163
0.107227
0.107613
0.101046
0.100383
0.100162
0.100924
0.099414
0.074646
0.073592
0.111279
0.073363
0.114388
0.114319
0.112013
0.111236
0.113165
0.113789
0.102366
0.098702
0.099152
0.097541
0.097615
0.097309
0.098488
0.098282
0.135463
0.134211
0.146690
0.151146
0.153196
0.142892
0.146333
0.145631
0.145457
0.139701
0.150778
0.150932
0.151330
0.148385
0.142073
0.154760
0.147412
0.148306
0.149061
0.146720
0.145872
0.139542
0.140219
0.142365
0.129367
0.141664
0.120838
0.139380
0.141060
0.144584
0.139465
0.136546
0.134596
0.128861
0.133880
0.131179
0.134675
0.126754
0.136581
0.123214
0.133293
0.121591
0.138847
0.143572
0.143724
0.142458
0.137331
0.136670
0.129850
0.133329
0.122182
0.123257
0.125398
0.130856
0.129646
0.129150
0.129383
0.131139
0.126023
0.133649
0.133824
0.124092
0.131300
0.170300
0.162154
0.152516
0.149407
0.125300
0.134362
0.116839
0.112106
0.118319
0.133479
0.130640
0.159287
0.132506
0.130110
0.136583
0.128933
0.131972
0.130781
0.139035
0.134210
0.134252
0.130470
0.133675
0.132899
0.115228
0.138931
0.135030
0.135350
0.131070
0.132989
0.134597
0.133911
0.132425
0.126060
0.128021
0.129276
0.129542
0.131769
0.131798
0.127725
0.130637
0.127624
0.128671
0.127023
0.127047
0.126936
0.128309
0.127093
0.127905
0.127644
0.130555
0.129031
0.124808
0.149309
0.147002
0.133971
0.138147
0.146948
0.157154
0.170411
0.168729
0.165082
0.157930
0.145844
0.145121
0.093552
0.089817
0.110436
0.118524
0.123515
0.172153
0.089732
0.086327
0.113187
0.181209
0.178674
0.106336
0.149547
0.183950
0.102474
0.152908
0.106422
0.115166
0.086268
0.087706
0.086803
0.088215
0.143569
0.151742
0.158460
0.173182
0.174788
0.187050
0.179697
0.173765
0.171966
0.177154
0.182762
0.184981
0.164122
0.159643
0.178207
0.175065
0.173835
0.182817
0.180326
0.182218
0.181527
0.179556
0.181427
0.181822
0.182484
0.181868
0.181825
0.182575
0.181118
0.181171
0.122003
0.132390
0.122998
0.129245
0.131675
0.132507
0.133095
0.131720
0.130213
0.127671
0.121627
0.122765
0.120690
0.107626
0.147426
0.149896
0.143453
0.172728
0.144201
0.197630
0.131873
0.137778
0.163527
0.165595
0.145659
0.164891
0.201701
0.170392
0.182200
0.141569
0.146008
0.160585
0.155937
0.154208
0.158457
0.162523
0.163801
0.143721
0.147697
0.138480
0.163961
0.156921
0.155720
0.154736
0.107928
0.111619
0.111783
0.105902
0.118237
0.146935
0.147223
0.137640
0.135429
0.133280
0.133419
0.132742
0.144717
0.145690
0.142502
0.138181
0.158888
0.145378
0.136403
0.136498
0.137775
0.119662
0.115579
0.116840
0.120051
0.120544
0.124717
0.131897
0.127214
0.152281
0.212049
0.206801
0.224498
0.218529
0.226846
0.197823
0.226653
0.218410
0.224699
0.203755
0.196411
0.184929
0.206079
0.201793
0.201134
0.155731
0.160530
0.159240
0.161882
0.158322
0.147360
0.144036
0.138842
0.129073
0.126474
0.142640
0.127699
0.132113
0.117918
0.113771
0.134717
0.135298
0.129684
0.128334
0.130252
0.128225
0.126867
0.133318
0.129415
0.131979
0.131852
0.142267
0.143671
0.139795
0.139794
0.134635
0.126960
0.125670
0.126334
0.130117
0.128802
0.127075
0.129749
0.132960
0.122714
0.125629
0.128615
0.126248
0.122136
0.122657
0.117443
0.116519
0.118957
0.113536
0.125699
0.126170
0.131414
0.117710
0.121887
0.120103
0.117484
0.113611
0.117868
0.120614
0.124371
0.190658
0.189575
0.192067
0.189121
0.190817
0.201951
0.204886
0.202544
0.203695
0.205791
0.203674
0.204565
0.199328
0.196347
0.192766
0.122872
0.122350
0.124428
0.123745
0.124115
0.123716
0.123960
0.124177
0.122986
0.124227
0.124738
0.120841
0.119756
0.142477
0.142637
0.152693
0.166022
0.163659
0.158709
0.158693
0.158048
0.158703
0.158691
0.153977
0.147007
0.176919
0.162819
0.179651
0.153350
0.178989
0.183464
0.180909
0.170601
0.170743
0.170855
0.172419
0.171202
0.171491
0.172889
0.171692
0.171963
0.172090
0.181100
0.182606
0.184148
0.178270
0.179013
0.177732
0.182160
0.179506
0.180511
0.180272
0.180969
0.180166
0.180408
0.180054
0.183911
0.182373
0.180682
0.184547
0.184725
0.179775
0.190418
0.187473
0.189386
0.186192
0.186891
0.187598
0.188732
0.189054
0.189278
0.184644
0.190944
0.167919
0.165364
0.166022
0.168286
0.144111
0.153196
0.148132
0.154441
0.166270
0.155771
0.162068
0.171424
0.152283
0.163094
0.159290
0.163232
0.246138
0.223903
0.253406
0.248015
0.246256
0.234644
0.234028
0.230670
0.234553
0.234023
0.252724
0.243399
0.242215
0.204139
0.252400
0.190980
0.190059
0.188986
0.189830
0.189333
0.190134
0.190294
0.185963
0.186265
0.190512
0.187044
0.188758
0.184035
0.180645
0.179547
0.133123
0.134997
0.137535
0.131462
0.134957
0.131683
0.128046
0.127277
0.164883
0.158489
0.159847
0.158705
0.161332
0.149660
0.149278
0.148755
0.151744
0.150304
0.150940
0.153556
0.153572
0.164192
0.153532
0.149974
0.151656
0.149034
0.150262
0.149052
0.146883
0.146521
0.229450
0.197302
0.193616
0.191165
0.176740
0.171408
0.186566
0.176453
0.177655
0.160796
0.160936
0.160161
0.191808
0.164365
0.182541
0.122640
0.119814
0.117910
0.124147
0.124391
0.122625
0.119750
0.125199
0.120083
0.121271
0.124603
0.119474
0.113462
0.118375
0.115196
0.126870
0.128451
0.127789
0.137982
0.134175
0.131315
0.126820
0.122663
0.123772
0.135068
0.138078
0.127875
0.130027
0.133428
0.131161
0.177712
0.176091
0.174354
0.172335
0.165572
0.168289
0.166232
0.166426
0.164034
0.166144
0.166910
0.141087
0.143207
0.158909
0.157775
0.145607
0.141922
0.146335
0.160110
0.171225
0.167373
0.142983
0.172856
0.171021
0.163876
0.162507
0.159564
0.156308
0.143894
0.135149
0.142101
0.162896
0.166038
0.152877
0.154661
0.141620
0.143077
0.138180
0.136197
0.136591
0.135978
0.133300
0.130991
0.112352
0.115748
0.119873
0.118817
0.113479
0.122662
0.119691
0.118925
0.120482
0.117616
0.113712
0.116151
0.112327
0.121391
0.119294
0.122741
0.126344
0.114002
0.131398
0.137000
0.132595
0.129804
0.138140
0.144201
0.132852
0.131871
0.121097
0.138519
0.165019
0.124871
0.147935
0.117790
0.169330
0.179148
0.159686
0.130987
0.122405
0.112913
0.114073
0.116304
0.115496
0.133903
0.125396
0.125156
0.134188
0.135603
0.161060
0.201380
0.207043
0.213183
0.232072
0.220127
0.225151
0.223450
0.223987
0.228535
0.228804
0.224602
0.230750
0.240290
0.238533
0.233337
0.238007
0.246730
0.256485
0.254547
0.266483
0.278238
0.291034
0.061813
0.061969
0.062502
0.062341
0.060275
0.063745
0.063673
0.063287
0.063200
0.062521
0.061828
0.061467
0.061999
0.061779
0.062073
0.062062
0.062301
0.064404
0.063936
0.062340
0.064547
0.063889
0.064356
0.063672
0.063456
0.063408
0.064077
0.064008
0.063906
0.063524
0.063998
0.063406
0.063108
0.062582
0.064358
0.064465
0.059319
0.059673
0.063130
0.062927
0.060968
0.063026
0.060936
0.061562
0.061980
0.062488
0.063059
0.063817
0.063881
0.063715
0.063709
0.062753
0.062226
0.062694
0.061488
0.061136
0.061059
0.061157
0.063411
0.062816
0.063443
0.062884
0.063053
0.062441
0.062563
0.064562
0.060790
0.060814
0.062334
0.040358
0.044408
0.044914
0.044070
0.044667
0.045150
0.045296
0.045210
0.045352
0.045017
0.045125
0.045042
0.045576
0.045639
0.045690
0.046179
0.045747
0.045761
0.044981
0.045427
0.044738
0.045311
0.045609
0.045312
0.045603
0.045139
0.045576
0.045390
0.045016
0.045918
0.045468
0.044922
0.045726
0.045651
0.045109
0.044948
0.045127
0.044550
0.044977
0.045178
0.044998
0.044354
0.044751
0.044847
0.042064
0.045261
0.044802
0.044117
0.044666
0.044541
0.044526
0.044602
0.044523
0.045221
0.045682
0.057632
0.066545
0.094246
0.110729
0.110662
0.107088
0.108225
0.113007
0.112897
0.111027
0.109009
0.106789
0.111345
0.109409
0.116955
0.115656
0.115240
0.112616
0.111935
0.110722
0.111227
0.110349
0.110931
0.110757
0.110845
0.113208
0.113489
0.114542
0.119849
0.122599
0.121144
0.118506
0.116785
0.116002
0.112738
0.122412
0.108113
0.109764
0.116472
0.113000
0.110325
0.109961
0.114094
0.118337
0.116982
0.120476
0.117564
0.115133
0.117080
0.116525
0.117149
0.116565
0.116423
0.116222
0.116027
0.116321
0.116533
0.116396
0.116254
0.116538
0.116172
0.116090
0.117071
0.154587
0.151867
0.131887
0.127893
0.129666
0.131963
0.144152
0.148841
0.146816
0.145422
0.134149
0.127986
0.140361
0.161411
0.165586
0.165827
0.151360
0.164213
0.146825
0.148117
0.131777
0.131230
0.148195
0.150711
0.155937
0.156972
0.147684
0.139001
0.147719
0.127248
0.161616
0.164785
0.160386
0.159753
0.133432
0.147376
0.125657
0.117441
0.140970
0.142384
0.156954
0.131823
0.240372
0.236292
0.241159
0.238753
0.230355
0.218282
0.214159
0.227097
0.237770
0.233519
0.224358
0.227438
0.230112
0.219693
0.211640
0.209240
0.214362
0.233686
0.242741
0.234106
0.232925
0.235402
0.217927
0.200391
0.222986
0.238588
0.222995
0.239529
0.228083
0.221877
0.238239
0.220435
0.223643
0.237744
0.241043
0.244189
0.243047
0.242775
0.177078
0.175717
0.177949
0.178678
0.177303
0.178293
0.177548
0.178161
0.177504
0.177302
0.177357
0.177000
0.176842
0.177618
0.177012
0.176175
0.176470
0.177261
0.184701
0.183375
0.183427
0.188543
0.185511
0.183260
0.178558
0.179654
0.179320
0.179293
0.178622
0.178863
0.181149
0.053078
0.047921
0.047456
0.048934
0.048635
0.048309
0.047688
0.053971
0.046755
0.046014
0.044147
0.042988
0.048466
0.048300
0.046221
0.047399
0.047176
0.046560
0.046196
0.047510
0.047270
0.043874
0.048295
0.047616
0.047820
0.049833
0.050210
0.048277
0.052640
0.053247
0.052771
0.052520
0.050470
0.052517
0.048703
0.048440
0.048792
0.049046
0.048793
0.049208
0.049599
0.048399
0.048282
0.048633
0.048304
0.048397
0.048612
0.049789
0.049577
0.049776
0.049834
0.049883
0.049823
0.049821
0.049856
0.048638
0.048407
0.048401
0.048522
0.113859
0.118011
0.113726
0.111557
0.108848
0.111560
0.101389
0.109314
0.121213
0.110482
0.108446
0.113315
0.109958
0.115902
0.111174
0.106793
0.112196
0.112714
0.112378
0.110568
0.111194
0.110525
0.107696
0.106395
0.112247
0.114477
0.114390
0.107401
0.112002
0.115629
0.116088
0.112611
0.232682
0.203980
0.223019
0.214334
0.217820
0.243957
0.259130
0.243874
0.212310
0.196872
0.195277
0.203455
0.210691
0.214989
0.206377
0.210436
0.200475
0.205812
0.205214
0.223891
0.202474
0.196438
0.220283
0.201549
0.225257
0.217476
0.207471
0.202379
0.200659
0.014085
0.014252
0.014201
0.014204
0.014230
0.014362
0.015055
0.015324
0.015586
0.015290
0.015052
0.015118
0.014968
0.014717
0.014653
0.014765
0.014929
0.014750
0.014495
0.014395
0.014224
0.014570
0.014586
0.014655
0.014653
0.014587
0.014633
0.014734
0.014650
0.014530
0.014394
0.014397
0.014445
0.014509
0.014490
0.014507
0.014274
0.015580
0.021729
0.033659
0.034908
0.025656
0.003162
0.002975
0.002863
0.002940
0.002605
0.002536
0.002533
0.002523
0.002413
0.002479
0.002001
0.001523
0.001358
0.001065
0.000219
0.000000
0.000401
0.001418
0.026152
0.025995
0.025966
0.026020
0.026027
0.025390
0.025283
0.025275
0.025443
0.025802
0.025424
0.025389
0.025528
0.025638
0.025783
0.025782
0.025803
0.025809
0.025810
0.025446
0.025444
0.025733
0.025435
0.025659
0.025326
0.025403
0.025422
0.025391
0.025368
0.025412
0.025421
0.025435
0.025455
0.025405
0.025354
0.023816
0.023870
0.023924
0.023828
0.023685
0.023528
0.023462
0.023433
0.023510
0.023529
0.023443
0.023437
0.023529
0.023547
0.023544
0.023564
0.023625
0.023640
0.023636
0.023589
0.023561
0.023601
0.023601
0.023611
0.023586
0.046298
0.052819
0.050212
0.046731
0.047698
0.055135
0.056865
0.053201
0.048412
0.053597
0.050432
0.046077
0.051212
0.047806
0.048963
0.050221
0.047269
0.051940
0.049512
0.047097
0.048555
0.052056
0.049387
0.051714
0.050854
0.051169
0.051673
0.048320
0.044176
0.052657
0.060943
0.059510
0.058121
0.052551
0.062179
0.059629
0.054160
0.057468
0.060000
0.048055
0.061038
0.045782
0.059772
0.056516
0.056727
0.063035
0.056861
0.055051
0.059569
0.045353
0.060215
0.050292
0.056432
0.053824
0.055332
0.043970
0.054505
0.042905
0.048656
0.048102
0.048669
0.048419
0.048170
0.045869
0.048300
0.047287
0.048410
0.046520
0.047723
0.046224
0.046508
0.045275
0.051543
0.045701
0.045473
0.044968
0.044730
0.044759
0.044483
0.044585
0.044740
0.045140
0.045916
0.046756
0.044753
0.045931
0.044712
0.045097
0.046034
0.045084
0.046080
0.045640
0.045759
0.046288
0.046032
0.046037
0.045946
0.045483
0.045562
0.045849
0.045989
0.046284
0.050353
0.048984
0.049401
0.049362
0.049314
0.045611
0.045706
0.049452
0.049666
0.049448
0.049851
0.049015
0.049036
0.047172
0.047256
0.046931
0.046983
0.047530
0.045026
0.045561
0.045770
0.234598
0.246878
0.244719
0.243971
0.239604
0.215086
0.209679
0.212511
0.199778
0.198349
0.198168
0.201176
0.206626
0.220211
0.215391
0.221085
0.213748
0.217704
0.230628
0.232626
0.230405
0.229939
0.229623
0.229302
0.229095
0.228732
0.223210
0.227791
0.220254
0.231762
0.217730
0.217155
0.217635
0.218387
0.217472
0.217558
0.233985
0.233347
0.214409
0.214566
0.213929
0.214011
0.213210
0.217793
0.213751
0.212419
0.214667
0.214127
0.216847
0.214707
0.218825
0.245663
0.246336
0.241251
0.248255
0.245115
0.227859
0.225233
0.246647
0.246018
0.229862
0.233319
0.253741
0.255610
0.252496
0.237388
0.237896
0.178153
0.187418
0.180389
0.188417
0.182268
0.181626
0.175155
0.175954
0.164488
0.151159
0.159329
0.159140
0.153869
0.162694
0.159775
0.134648
0.131413
0.131933
0.128827
0.129223
0.134476
0.130777
0.129312
0.135738
0.139611
0.142998
0.143827
0.124068
0.137217
0.138567
0.214753
0.216611
0.243278
0.221585
0.212717
0.247376
0.251020
0.215484
0.253240
0.250279
0.254947
0.226622
0.237119
0.231714
0.230929
0.142496
0.141991
0.144099
0.151151
0.150829
0.156320
0.148758
0.148348
0.155029
0.152871
0.145068
0.153036
0.151304
0.154839
0.146601
0.146361
0.170350
0.148999
0.148863
0.166572
0.159991
0.155359
0.153493
0.148465
0.154421
0.158854
0.152777
0.158899
0.162965
0.165013
0.161428
0.149964
0.168358
0.155802
0.158198
0.150969
0.158538
0.154651
0.160868
0.147277
0.140693
0.140431
0.144724
0.143289
0.148956
0.205293
0.223217
0.209808
0.219137
0.213781
0.219350
0.233838
0.236356
0.238164
0.237033
0.233746
0.240336
0.240816
0.213943
0.214269
0.103942
0.114605
0.133019
0.113073
0.133585
0.125982
0.116610
0.121834
0.118048
0.112708
0.134380
0.133763
0.130886
0.133383
0.132933
0.137597
0.136859
0.137225
0.138388
0.138437
0.138383
0.138436
0.138658
0.138732
0.138629
0.138849
0.139860
0.123522
0.126295
0.125608
0.127121
0.126829
0.127448
0.126576
0.127031
0.126788
0.126941
0.126462
0.127327
0.128598
0.127225
0.127883
0.128288
0.128028
0.127441
0.128070
0.128880
0.128009
0.127650
0.127709
0.126563
0.126714
0.125988
0.128313
0.127694
0.128239
0.127999
0.126010
0.128301
0.127548
0.127083
0.126767
0.126087
0.126222
0.126120
0.126417
0.126062
0.126544
0.127138
0.126126
0.126117
0.126231
0.128243
0.127820
0.124473
0.103041
0.115540
0.114326
0.111917
0.116208
0.109026
0.111719
0.112702
0.108612
0.138314
0.135092
0.124707
0.101134
0.114978
0.118232
0.110217
0.111280
0.111191
0.109130
0.112391
0.117897
0.121898
0.121474
0.121989
0.113067
0.120104
0.119986
0.118973
0.111207
0.106186
0.112729
0.111984
0.114643
0.111420
0.112059
0.110963
0.119231
0.118524
0.116434
0.114774
0.118728
0.124222
0.124972
0.132570
0.131619
0.130891
0.131181
0.113681
0.124018
0.131982
0.131563
0.129139
0.128148
0.128765
0.131422
0.131456
0.129559
0.114892
0.124891
0.174785
0.186209
0.199991
0.177251
0.177222
0.178785
0.182566
0.190708
0.201485
0.204636
0.181236
0.179668
0.195726
0.194872
0.186907
0.200937
0.153125
0.154206
0.153140
0.147293
0.145720
0.146772
0.146410
0.144609
0.157145
0.158333
0.156889
0.156222
0.157593
0.159451
0.154846
0.231471
0.222619
0.234844
0.248722
0.238267
0.243371
0.237772
0.243550
0.245832
0.249103
0.247147
0.241393
0.240697
0.234634
0.215244
0.168213
0.173176
0.159153
0.170163
0.170263
0.125363
0.164680
0.126961
0.152527
0.143874
0.129734
0.154023
0.153342
0.131168
0.143843
0.144034
0.187819
0.185332
0.192141
0.188071
0.206401
0.202500
0.169584
0.184734
0.197043
0.194209
0.201563
0.203079
0.197565
0.210872
0.143506
0.145916
0.155097
0.146246
0.147304
0.144513
0.140676
0.154476
0.158492
0.157461
0.157926
0.135992
0.144840
0.141083
0.148387
0.222667
0.242895
0.258515
0.253777
0.254320
0.254422
0.247940
0.234925
0.231791
0.244299
0.242574
0.232391
0.230801
0.240706
0.241281
0.163913
0.190300
0.190952
0.187788
0.192216
0.043032
0.047589
0.046990
0.046418
0.046053
0.046446
0.042637
0.042829
0.045162
0.047455
0.043690
0.043551
0.043882
0.045243
0.043846
0.044221
0.042516
0.042414
0.044857
0.044865
0.043200
0.047042
0.049249
0.047537
0.048131
0.047827
0.047987
0.044131
0.045947
0.052032
0.052973
0.052464
0.050484
0.051937
0.048838
0.050675
0.049335
0.048814
0.048285
0.047200
0.052182
0.047259
0.051461
0.049083
0.052173
0.050048
0.050072
0.047908
0.049450
0.048065
0.049950
0.051821
0.053574
0.053765
0.051406
0.072476
0.087672
0.066006
0.104426
0.104218
0.056812
0.074775
0.072858
0.101569
0.048581
0.059337
0.052526
0.050757
0.053782
0.055537
0.054805
0.053861
0.053015
0.053067
0.055751
0.055389
0.055374
0.054472
0.054967
0.055091
0.055356
0.055378
0.055862
0.055505
0.056095
0.054672
0.054105
0.054479
0.054714
0.054286
0.054188
0.054973
0.054914
0.055195
0.055371
0.055411
0.054703
0.059806
0.054157
0.054573
0.054288
0.055206
0.054870
0.054350
0.054685
0.055778
0.055233
0.055060
0.056037
0.055935
0.055429
0.054142
0.055326
0.055903
0.056197
0.055870
0.054102
0.055004
0.053378
0.054592
0.053768
0.053649
0.053355
0.054188
0.054104
0.055128
0.055157
0.055925
0.126912
0.125085
0.131315
0.132264
0.130018
0.131208
0.131312
0.131851
0.134808
0.135881
0.130396
0.131689
0.128878
0.128415
0.130579
0.131160
0.128348
0.129707
0.129868
0.127687
0.126874
0.128595
0.128106
0.136522
0.137065
0.133078
0.131253
0.131374
0.132035
0.141559
0.130850
0.127412
0.124268
0.125374
0.124259
0.127333
0.127774
0.125458
0.130641
0.131707
0.126973
0.125566
0.127562
0.128050
0.127771
0.127916
0.125905
0.129929
0.132754
0.134454
0.137552
0.131909
0.132731
0.135838
0.123131
0.133445
0.133776
0.133624
0.140938
0.139410
0.134290
0.129507
0.239853
0.241770
0.241165
0.240223
0.241039
0.242483
0.233936
0.222710
0.226034
0.228594
0.228143
0.156209
0.193131
0.180886
0.125676
0.175086
0.193735
0.187996
0.196761
0.236356
0.232796
0.241001
0.220383
0.219111
0.223428
0.242256
0.223122
0.204938
0.223443
0.210084
0.213789
0.211888
0.216046
0.217659
0.181584
0.194687
0.199065
0.198185
0.177512
0.181727
0.183539
0.186150
0.204521
0.204547
0.202796
0.195480
0.206479
0.209316
0.188710
0.194591
0.193186
0.194621
0.191806
0.192510
0.191106
0.191176
0.184877
0.196782
0.145911
0.135096
0.143998
0.130610
0.135987
0.132053
0.138564
0.138406
0.136585
0.134400
0.139895
0.141819
0.140262
0.142317
0.143779
0.141679
0.242600
0.249181
0.238739
0.233166
0.242051
0.242895
0.252296
0.234763
0.225432
0.225501
0.225182
0.222683
0.233348
0.230921
0.231724
0.148732
0.148848
0.148590
0.147325
0.145038
0.158478
0.160782
0.159241
0.164565
0.160999
0.160915
0.161669
0.164597
0.155833
0.150298
0.145907
0.145898
0.146423
0.146347
0.148925
0.147146
0.146926
0.144711
0.147349
0.137196
0.132956
0.135709
0.127198
0.116198
0.117602
0.115280
0.129696
0.129116
0.130610
0.132075
0.123750
0.131617
0.136655
0.135156
0.129958
0.129227
0.128813
0.132312
0.135020
0.129644
0.191923
0.196063
0.199934
0.194982
0.193694
0.185724
0.197485
0.198565
0.198422
0.173345
0.170207
0.177613
0.175378
0.177166
0.174738
0.124361
0.127361
0.127815
0.129520
0.127204
0.129698
0.130155
0.128347
0.132897
0.130473
0.128518
0.123907
0.125107
0.130815
0.135919
0.141376
0.145850
0.142486
0.149850
0.148783
0.149322
0.145508
0.147506
0.142991
0.140568
0.142984
0.140359
0.047554
0.048742
0.051974
0.053290
0.052226
0.054083
0.053356
0.051979
0.051156
0.051767
0.051491
0.049566
0.048382
0.050024
0.051001
0.049862
0.052116
0.052443
0.048488
0.053045
0.053579
0.054355
0.053187
0.048843
0.054478
0.054510
0.052798
0.055348
0.049418
0.051218
0.046077
0.052469
0.050141
0.048809
0.049997
0.050079
0.050149
0.049729
0.049844
0.049956
0.050837
0.049186
0.049336
0.048861
0.048967
0.049142
0.049352
0.049381
0.049655
0.050237
0.050746
0.050870
0.050348
0.050265
0.050341
0.049956
0.049836
0.050376
0.049861
0.049717
0.050225
0.049807
0.041838
0.043900
0.043180
0.042625
0.043337
0.043503
0.044370
0.043440
0.044179
0.043289
0.042820
0.042644
0.043038
0.042303
0.041617
0.041643
0.042099
0.041324
0.041524
0.041774
0.041949
0.040332
0.040587
0.042093
0.042101
0.043799
0.044848
0.048875
0.050239
0.054768
0.055071
0.050029
0.050857
0.047942
0.047613
0.050272
0.045941
0.044863
0.048107
0.051772
0.050842
0.052612
0.053048
0.051551
0.054792
0.061331
0.059756
0.058456
0.053220
0.053360
0.054024
0.055875
0.055405
0.055266
0.055638
0.053671
0.053300
0.054322
0.058067
0.058871
0.056668
0.039298
0.038196
0.038966
0.038472
0.038604
0.038166
0.035872
0.036854
0.038917
0.045044
0.038767
0.036665
0.037965
0.037942
0.039279
0.039365
0.039363
0.038986
0.038948
0.039294
0.039197
0.038980
0.039088
0.039062
0.039052
0.038838
0.038882
0.038604
0.038713
0.038941
0.038693
0.038326
0.038915
0.039082
0.039006
0.038152
0.038639
0.037367
0.036788
0.035707
0.036120
0.035858
0.036788
0.036443
0.037929
0.037242
0.037823
0.037444
0.037887
0.038015
0.037648
0.037473
0.037887
0.035426
0.035868
0.035618
0.036046
0.036103
0.035772
0.037252
0.036215
0.036287
0.038159
0.035982
0.037635
0.037510
0.038149
0.038155
0.037688
0.037772
0.038567
0.037914
0.037568
0.035365
0.037694
0.037486
0.037409
0.037623
0.037025
0.037333
0.037306
0.037972
0.038120
0.037969
0.037667
0.037780
0.037409
0.037701
0.037476
0.037901
0.038096
0.037740
0.036950
0.037770
0.037972
0.039103
0.036839
0.036328
0.036753
0.037138
0.037105
0.038016
0.037333
0.038037
0.037834
0.038002
0.038684
0.036713
0.036566
0.036022
0.035772
0.036195
0.036409
0.036495
0.037456
0.036623
0.037700
0.037355
0.039749
0.037103
0.037290
0.035959
0.035295
0.034827
0.035258
0.035222
0.033635
0.033217
0.033340
0.031709
0.031611
0.032043
0.033525
0.035440
0.034245
0.039049
0.038916
0.043565
0.048230
0.054552
0.072084
0.085891
0.099719
0.114232
0.130320
0.136949
0.164340
0.162912
0.179722
0.157405
0.164254
0.128706
0.161537
0.126261
0.129946
0.119444
0.128785
0.122366
0.111931
0.082712
0.076589
0.084202
0.080096
0.082384
0.073559
0.081652
0.098459
0.100834
0.101396
0.111955
0.116069
0.128867
0.134018
0.162021
0.176610
0.191804
0.189483
0.199076
0.222321
0.205141
0.186091
0.175408
0.126849
0.123611
0.110697
0.105336
0.131482
0.122806
0.109062
0.106267
0.093445
0.086139
0.079242
0.098356
0.093161
0.101616
0.112180
0.098222
0.111938
0.134058
0.153130
0.123899
0.143000
0.144634
0.152615
0.142967
0.173226
0.164789
0.182017
0.155230
0.151535
0.142891
0.138652
0.119499
0.117429
0.114289
0.104135
0.101271
0.102368
0.105381
0.097083
0.103377
0.094708
0.092767
0.087641
0.084425
0.089654
0.118560
0.111822
0.098796
0.124669
0.106274
0.097789
0.125560
0.117683
0.114181
0.120870
0.184760
0.198776
0.208644
0.110022
0.140758
0.134990
0.121896
0.124439
0.100462
0.134489
0.154000
0.168048
0.133394
0.132308
0.134060
0.158117
0.156346
0.150263
0.126145
0.123131
0.142416
0.165225
0.138203
0.153997
0.153847
0.152728
0.152664
0.153183
0.155442
0.159165
0.177501
0.170384
0.177195
0.164339
0.168755
0.168310
0.181304
0.174698
0.181961
0.187138
0.160159
0.176679
0.187666
0.176414
0.202178
0.186388
0.177530
0.175820
0.173150
0.157869
0.177453
0.183665
0.170992
0.169697
0.176452
0.182248
0.170140
0.163972
0.177737
0.161397
0.158192
0.160396
0.160402
0.162124
0.140478
0.168684
0.168601
0.165278
0.206950
0.202361
0.194306
0.173838
0.170941
0.174553
0.182929
0.169900
0.160972
0.151891
0.164373
0.163905
0.152872
0.141837
0.164180
0.138068
0.162145
0.132898
0.157822
0.167278
0.165086
0.142897
0.152130
0.172846
0.173687
0.173496
0.147033
0.155515
0.166950
0.168257
0.150082
0.165347
0.191727
0.176769
0.171266
0.180441
0.163130
0.181433
0.193444
0.182922
0.192728
0.172123
0.175648
0.163933
0.175745
0.173948
0.173440
0.174099
0.171581
0.172639
0.159450
0.158862
0.180211
0.176445
0.170421
0.174283
0.165892
0.150288
0.160590
0.163149
0.146343
0.148065
0.150578
0.154865
0.152944
0.155626
0.163582
0.152426
0.160741
0.155657
0.151042
0.147370
0.157241
0.150377
0.151657
0.171451
0.161684
0.161181
0.159192
0.158064
0.155494
0.154762
0.154543
0.164587
0.168451
0.159325
0.157538
0.154618
0.153260
0.126184
0.142177
0.142597
0.143083
0.152005
0.143996
0.137725
0.156293
0.130999
0.165888
0.143677
0.150437
0.150460
0.128702
0.099136
0.102538
0.164856
0.152476
0.123794
0.117930
0.111957
0.211261
0.158220
0.167012
0.147711
0.119275
0.105011
0.110678
0.097677
0.085121
0.085676
0.094308
0.098987
0.101041
0.098878
0.098586
0.097844
0.099707
0.098715
0.102392
0.101953
0.095071
0.099830
0.098299
0.093668
0.097331
0.097507
0.098240
0.104228
0.105729
0.098499
0.095087
0.104029
0.094650
0.097748
0.099989
0.101480
0.086476
0.087304
0.102237
0.091962
0.089761
0.089802
0.115251
0.100048
0.119428
0.105532
0.105979
0.102677
0.103357
0.104146
0.106138
0.106105
0.107534
0.107137
0.104764
0.110106
0.109646
0.110278
0.107386
0.109178
0.110307
0.104825
0.105085
0.114037
0.110443
0.082280
0.079250
0.084978
0.079378
0.076524
0.083848
0.111483
0.079062
0.107714
0.074493
0.077339
0.076010
0.094396
0.104959
0.116048
0.115274
0.110029
0.111738
0.107892
0.115326
0.119406
0.124798
0.079445
0.076210
0.075521
0.078730
0.093756
0.090235
0.129547
0.141732
0.126970
0.110930
0.100807
0.103974
0.099335
0.109172
0.077531
0.068964
0.072372
0.077170
0.072320
0.081810
0.079928
0.090328
0.080344
0.107059
0.121131
0.123422
0.122622
0.123191
0.125820
0.100518
0.106018
0.115545
0.118371
0.118799
0.115298
0.116741
0.106113
0.088524
0.093537
0.091566
0.081540
0.064022
0.090595
0.094289
0.098713
0.097582
0.091043
0.103872
0.103040
0.102875
0.123297
0.110280
0.084220
0.119397
0.104685
0.117181
0.118117
0.075158
0.065933
0.075099
0.076973
0.077363
0.076226
0.075549
0.110222
0.116110
0.096339
0.100727
0.098123
0.118899
0.093463
0.079939
0.116906
0.083599
0.083371
0.058398
0.086065
0.083298
0.087597
0.084548
0.088970
0.078578
0.091600
0.082312
0.104983
0.077641
0.079858
0.088366
0.117454
0.079457
0.082581
0.080470
0.088176
0.087504
0.086785
0.089917
0.095519
0.084972
0.085221
0.079997
0.078760
0.081558
0.092304
0.093157
0.090909
0.057950
0.056094
0.057651
0.055439
0.054040
0.051807
0.051679
0.052421
0.054307
0.057066
0.051234
0.052270
0.052296
0.052311
0.056895
0.057855
0.046558
0.050824
0.057624
0.058113
0.057984
0.054831
0.058466
0.060304
0.060377
0.062116
0.060042
0.055804
0.061733
0.061883
0.063430
0.063071
0.074263
0.068462
0.064484
0.070854
0.071199
0.071588
0.071929
0.072635
0.065018
0.062526
0.072392
0.071617
0.071686
0.070325
0.065365
0.060459
0.058950
0.055291
0.048690
0.047853
0.051264
0.045069
0.046585
0.047213
0.046609
0.053697
0.047761
0.048105
0.046853
0.046779
0.048447
0.048339
0.048213
0.049038
0.049708
0.053533
0.054031
0.055021
0.051305
0.050208
0.049594
0.050181
0.049249
0.056921
0.056183
0.055300
0.057022
0.056523
0.059206
0.052943
0.052485
0.053238
0.058435
0.057933
0.056130
0.055731
0.056436
0.055510
0.055574
0.054896
0.055593
0.055838
0.056796
0.056491
0.052772
0.054585
0.058164
0.056563
0.056785
0.056375
0.055491
0.055397
0.055539
0.056362
0.056636
0.055303
0.055892
0.055962
0.056483
0.057832
0.055688
0.052103
0.121005
0.144590
0.143137
0.140196
0.140749
0.141006
0.142620
0.143921
0.142987
0.142407
0.143083
0.125298
0.140282
0.117622
0.121192
0.128173
0.127106
0.129186
0.129807
0.119409
0.121871
0.120739
0.095610
0.096607
0.101669
0.125957
0.120422
0.124523
0.127106
0.120267
0.118331
0.140557
0.118214
0.120043
0.117670
0.114489
0.115657
0.115276
0.120171
0.119740
0.114594
0.115303
0.116539
0.203821
0.181542
0.178413
0.213769
0.185610
0.186780
0.185484
0.213371
0.212974
0.208254
0.187430
0.188509
0.189232
0.188566
0.164148
0.115171
0.115899
0.125344
0.115947
0.121753
0.118122
0.093977
0.120115
0.103902
0.110316
0.109585
0.114246
0.116950
0.117856
0.112702
0.122544
0.121626
0.125651
0.132748
0.125632
0.127320
0.129441
0.135649
0.132878
0.131105
0.128472
0.130027
0.123948
0.127770
0.127165
0.115045
0.120869
0.121110
0.134225
0.127835
0.128629
0.127537
0.126284
0.124114
0.123663
0.125360
0.118610
0.123183
0.122201
0.124751
0.160988
0.161920
0.166006
0.166584
0.224070
0.234105
0.231809
0.233391
0.240947
0.241080
0.215498
0.213022
0.213003
0.214959
0.213293
0.133707
0.132680
0.132028
0.136930
0.136634
0.137155
0.131788
0.134764
0.130752
0.141669
0.141847
0.144231
0.133542
0.126837
0.143310
0.228416
0.161835
0.195797
0.144228
0.221732
0.199460
0.202284
0.207212
0.181005
0.188406
0.182575
0.179919
0.244281
0.222247
0.238713
0.142971
0.149981
0.149671
0.146306
0.141185
0.106556
0.115555
0.110381
0.114213
0.133730
0.133586
0.138766
0.135122
0.134248
0.136935
0.144779
0.138995
0.138176
0.144760
0.139578
0.137219
0.142153
0.141523
0.139333
0.135891
0.134805
0.121280
0.128705
0.127633
0.125351
0.123788
0.089202
0.090726
0.118056
0.112313
0.114238
0.091063
0.095343
0.099990
0.103125
0.101492
0.097761
0.110400
0.113230
0.118190
0.113340
0.083221
0.074462
0.075756
0.075676
0.117972
0.120878
0.115993
0.113908
0.115104
0.118784
0.119267
0.096825
0.103151
0.118445
0.120930
0.115491
0.075817
0.076118
0.073370
0.073107
0.071851
0.072208
0.114481
0.116784
0.115813
0.072358
0.073091
0.072561
0.071951
0.072057
0.073663
0.118816
0.117969
0.072088
0.072700
0.071378
0.072462
0.093476
0.074449
0.074112
0.114925
0.118063
0.076218
0.076470
0.060112
0.058952
0.058357
0.058688
0.067709
0.068837
0.062365
0.064434
0.059614
0.066699
0.062932
0.069467
0.066902
0.051910
0.058404
0.067911
0.065417
0.071821
0.069940
0.066154
0.062709
0.070623
0.065609
0.058598
0.061319
0.065812
0.063123
0.064219
0.066136
0.065503
0.064690
0.064874
0.064457
0.064447
0.064826
0.064115
0.065755
0.065429
0.066158
0.065214
0.065256
0.064126
0.061818
0.064837
0.062635
0.064826
0.065344
0.064412
0.064401
0.064534
0.065501
0.064518
0.064719
0.065206
0.065041
0.063308
0.063132
0.063730
0.063101
0.064024
0.063868
0.052011
0.053265
0.047432
0.048931
0.047730
0.048305
0.051690
0.056461
0.053760
0.054163
0.054184
0.056125
0.056819
0.057320
0.056083
0.054870
0.051563
0.055615
0.055684
0.055219
0.052433
0.050853
0.050764
0.049660
0.046399
0.046344
0.043834
0.048793
0.047529
0.048823
0.049522
0.049268
0.045166
0.046950
0.046980
0.050005
0.044843
0.044964
0.044701
0.048041
0.051134
0.048978
0.048533
0.049593
0.050812
0.051621
0.049676
0.052185
0.052171
0.052256
0.055935
0.053812
0.055177
0.053575
0.053721
0.052613
0.058575
0.057727
0.057038
0.054091
0.055854
0.056464
0.057618
0.057353
0.059065
0.058332
0.058664
0.058226
0.058445
0.058462
0.058422
0.058319
0.058658
0.058577
0.058366
0.058405
0.058409
0.057553
0.057465
0.056965
0.057536
0.057682
0.057474
0.057783
0.057946
0.057398
0.057551
0.057631
0.056991
0.057338
0.057307
0.057336
0.057498
0.057396
0.057399
0.058398
0.058686
0.059315
0.059551
0.059386
0.060764
0.061070
0.061618
0.061464
0.060989
0.060811
0.060826
0.060659
0.060422
0.059586
0.058370
0.058035
0.057781
0.057222
0.058850
0.056199
0.062905
0.059527
0.060835
0.059937
0.060204
0.059817
0.059411
0.059281
0.059541
0.059638
0.059629
0.059094
0.059033
0.058971
0.058835
0.056712
0.056983
0.061961
0.059411
0.059947
0.059470
0.060232
0.059505
0.059648
0.059665
0.060061
0.059745
0.062816
0.062493
0.062617
0.056124
0.077761
0.075114
0.074992
0.075357
0.076411
0.075786
0.076182
0.075687
0.063932
0.058778
0.059381
0.059422
0.059336
0.059143
0.059229
0.062782
0.057778
0.055055
0.056182
0.055981
0.056351
0.059807
0.060329
0.059875
0.067413
0.054562
0.073390
0.081646
0.074608
0.081696
0.108344
0.108397
0.108423
0.108270
0.108366
0.108362
0.277498
0.280898
0.349812
0.350201
0.331779
0.356498
0.354330
0.360514
0.359002
0.358429
0.331251
0.325144
0.315592
0.307245
0.310370
0.290470
0.306159
0.234581
0.221557
0.223179
0.303045
0.302371
0.227293
0.231703
0.240752
0.239776
0.231535
0.227276
0.226896
0.226832
0.227094
0.227290
0.227483
0.206563
0.205307
0.205428
0.205247
0.205393
0.205880
0.205260
0.205272
0.205297
0.204850
0.205034
0.205029
0.204888
0.204965
0.205196
0.204479
0.203915
0.203309
0.206290
0.204855
0.199576
0.199853
0.203625
0.203241
0.203196
0.203113
0.203053
0.200937
0.200984
0.189881
0.201032
0.190077
0.201002
0.190219
0.202509
0.190206
0.202513
0.201027
0.202539
0.202552
0.190319
0.204883
0.190280
0.202642
0.204604
0.204188
0.204218
0.203985
0.190350
0.190363
0.190794
0.190726
0.203437
0.203585
0.203055
0.203157
0.203093
0.201387
0.203258
0.204504
0.269015
0.312482
0.353806
0.360705
0.405282
0.407615
0.411899
0.388582
0.387629
0.423946
0.404029
0.425894
0.320232
0.295597
0.264509
0.265072
0.297587
0.332369
0.318274
0.227087
0.257430
0.142007
0.127566
0.108727
0.109555
0.110943
0.112953
0.126965
0.094962
0.153132
0.195448
0.101508
0.122935
0.153045
0.146338
0.145439
0.139761
0.136343
0.204352
0.175987
0.127642
0.116701
0.110452
0.123007
0.123590
0.127205
0.119210
0.121142
0.111610
0.118832
0.114238
0.117710
0.110469
0.115601
0.117614
0.115309
0.114896
0.117581
0.109531
0.110279
0.116780
0.108602
0.097862
0.105977
0.107934
0.097795
0.099721
0.118070
0.106838
0.098793
0.099099
0.110246
0.098584
0.098220
0.097952
0.098700
0.101640
0.097666
0.100395
0.106863
0.098942
0.107214
0.109357
0.107294
0.114428
0.108159
0.115172
0.114227
0.106846
0.114674
0.114783
0.114654
0.114268
0.115101
0.114331
0.114649
0.115539
0.115539
0.115539
0.115539
0.115540
0.115540
0.109432
0.107679
0.103586
0.096668
0.091997
0.099983
0.100110
0.099663
0.070477
0.070718
0.080099
0.093054
0.117544
0.134895
0.150415
0.289219
0.268691
0.310447
0.403928
0.360583
0.316647
0.369717
0.373630
0.354568
0.265734
0.269712
0.328839
0.256965
0.247386
0.218112
0.201239
0.212382
0.189684
0.153820
0.169056
0.178920
0.158332
0.205023
0.172713
0.211386
0.208484
0.189841
0.203729
0.213836
0.244234
0.250153
0.305672
0.265081
0.263795
0.260849
0.276423
0.274021
0.275057
0.270420
0.271434
0.269003
0.267997
0.268219
0.267435
0.266549
0.268048
0.263283
0.243988
0.261406
0.261030
0.251387
0.276728
0.300783
0.290613
0.310850
0.279903
0.257025
0.275396
0.274085
0.244681
0.224692
0.327903
0.364250
0.343255
0.326643
0.329569
0.356843
0.332473
0.331672
0.329799
0.331706
0.331855
0.331014
0.332337
0.332230
0.332481
0.330842
0.330836
0.330494
0.330564
0.330331
0.105618
0.105569
0.105568
0.105569
0.105623
0.101683
0.101683
0.101683
0.101683
0.101683
0.101683
0.101683
0.101683
0.101683
0.101683
0.101683
0.101683
0.101334
0.101334
0.101334
0.101334
0.102763
0.102763
0.102763
0.102763
0.103340
0.103341
0.103339
0.103339
0.103342
0.103351
0.103338
0.103319
0.103335
0.103012
0.103329
0.103328
0.103332
0.103331
0.103327
0.103330
0.103355
0.103343
0.103355
0.103355
0.103022
0.103353
0.103353
0.103354
0.103354
0.103355
0.103355
0.103355
0.103346
0.103358
0.103357
0.103357
0.103326
0.103326
0.103326
0.103326
0.103326
0.103012
0.103012
0.103012
0.103012
0.103012
0.103012
0.103012
0.103012
0.103012
0.105805
