0.339406
0.339120
0.338995
0.336961
0.331308
0.332267
0.332938
0.337080
0.338488
0.338487
0.338348
0.338353
0.312388
0.305815
0.303836
0.299059
0.298600
0.298114
0.296693
0.294519
0.294427
0.294324
0.294323
0.294381
0.294629
0.295356
0.295660
0.288698
0.291272
0.281112
0.294711
0.271675
0.273679
0.280762
0.201100
0.144915
0.124014
0.125790
0.129712
0.130630
0.130080
0.131063
0.132089
0.132568
0.132421
0.131666
0.132049
0.131369
0.131344
0.131242
0.131465
0.131425
0.131420
0.131435
0.131414
0.131063
0.131157
0.136628
0.134687
0.136664
0.137568
0.137770
0.135416
0.135897
0.140179
0.139732
0.139461
0.139452
0.140436
0.138335
0.138220
0.137723
0.139541
0.139446
0.139433
0.139446
0.139388
0.139318
0.139305
0.139315
0.139060
0.139418
0.139276
0.139404
0.139417
0.139320
0.139417
0.139319
0.139491
0.139444
0.139496
0.139443
0.139449
0.139430
0.139449
0.139429
0.139357
0.139272
0.139349
0.139272
0.139349
0.139189
0.139253
0.139232
0.139634
0.139291
0.139376
0.139280
0.141508
0.055411
0.055890
0.053517
0.056757
0.056186
0.056939
0.056220
0.053527
0.056598
0.055382
0.056266
0.056315
0.055055
0.056690
0.055775
0.055310
0.055662
0.054886
0.054396
0.053534
0.054246
0.052923
0.053404
0.052006
0.052018
0.052190
0.051459
0.050345
0.049600
0.050589
0.051701
0.049190
0.048166
0.048148
0.054345
0.048711
0.048881
0.049308
0.049206
0.050270
0.048492
0.049292
0.051283
0.051083
0.050334
0.049233
0.046728
0.050547
0.050068
0.049282
0.048474
0.048611
0.047196
0.046289
0.050465
0.045313
0.045594
0.047912
0.047713
0.045625
0.045007
0.048848
0.047889
0.048119
0.047764
0.045977
0.044642
0.044724
0.044250
0.044333
0.046073
0.045839
0.045577
0.045534
0.047020
0.044901
0.045717
0.043856
0.044658
0.045688
0.044157
0.048202
0.048288
0.044031
0.043309
0.044379
0.046444
0.045859
0.048547
0.045860
0.047100
0.044952
0.045631
0.044932
0.045917
0.044822
0.047618
0.047671
0.045723
0.043148
0.042304
0.048150
0.047801
0.045480
0.043872
0.040668
0.041647
0.042804
0.041105
0.041152
0.039408
0.038951
0.038148
0.038150
0.038426
0.038412
0.038417
0.037785
0.038419
0.037882
0.037803
0.036858
0.037175
0.037291
0.037128
0.036354
0.038065
0.037748
0.037966
0.037798
0.038437
0.037849
0.039113
0.038718
0.040477
0.040954
0.045104
0.045793
0.047510
0.050576
0.057884
0.060156
0.062638
0.065468
0.067200
0.071206
0.074332
0.076312
0.081620
0.086242
0.090830
0.096424
0.100427
0.104168
0.112169
0.118092
0.119276
0.122290
0.123151
0.119109
0.117635
0.117110
0.116190
0.117470
0.118170
0.116222
0.117694
0.118129
0.116126
0.117781
0.118130
0.118348
0.116254
0.116424
0.117914
0.117726
0.116393
0.117546
0.117262
0.117683
0.118529
0.119306
0.118491
0.120204
0.117182
0.119110
0.119423
0.120399
0.116543
0.119858
0.119388
0.119394
0.118194
0.119511
0.117604
0.120311
0.119570
0.119791
0.123128
0.120610
0.118903
0.118345
0.119498
0.120327
0.119183
0.120983
0.119220
0.117137
0.115730
0.116651
0.118800
0.117147
0.116059
0.119716
0.116542
0.114593
0.113977
0.118043
0.115528
0.118953
0.115913
0.117352
0.115338
0.116395
0.117244
0.119075
0.116040
0.120422
0.117891
0.120108
0.118456
0.119961
0.117212
0.116436
0.116371
0.116067
0.116442
0.116012
0.114703
0.113321
0.115340
0.113846
0.116008
0.116995
0.115511
0.115184
0.114235
0.115218
0.113806
0.114965
0.114401
0.116570
0.109399
0.110899
0.108314
0.109330
0.107769
0.107872
0.107126
0.110052
0.108670
0.108864
0.104636
0.108770
0.108785
0.108977
0.109149
0.106922
0.105849
0.107646
0.102563
0.105603
0.105828
0.110302
0.103501
0.103025
0.103823
0.103120
0.103369
0.102442
0.103845
0.101006
0.104865
0.101714
0.103592
0.102475
0.102991
0.102527
0.102896
0.206241
0.204727
0.204538
0.204413
0.204237
0.204039
0.202730
0.199661
0.198867
0.198512
0.199297
0.198983
0.198942
0.198835
0.198466
0.197712
0.198185
0.198291
0.197795
0.198953
0.199028
0.198813
0.199098
0.198593
0.198536
0.198079
0.198076
0.198296
0.197709
0.198039
0.122825
0.115536
0.120759
0.121297
0.113461
0.114707
0.114477
0.119427
0.117989
0.114783
0.114580
0.115398
0.116476
0.116103
0.116004
0.115868
0.115790
0.117368
0.119398
0.115315
0.114796
0.119177
0.120105
0.121609
0.120534
0.121098
0.120667
0.121373
0.120541
0.121764
0.122383
0.123345
0.122042
0.121832
0.121794
0.121896
0.121435
0.121483
0.121494
0.120908
0.124648
0.124297
0.124305
0.124455
0.124663
0.124688
0.124205
0.125143
0.125134
0.126725
0.109624
0.128733
0.123461
0.128688
0.124826
0.123399
0.124209
0.071122
0.063147
0.072683
0.074155
0.081152
0.082316
0.082348
0.081373
0.081972
0.085399
0.108313
0.086194
0.087927
0.072551
0.071762
0.072322
0.074873
0.098038
0.097381
0.109146
0.116722
0.120171
0.108369
0.102313
0.105429
0.109165
0.105857
0.103820
0.102463
0.108620
0.114431
0.113101
0.114168
0.112241
0.111481
0.111647
0.112136
0.117948
0.110726
0.122282
0.109755
0.110254
0.105793
0.116440
0.109341
0.118950
0.112609
0.108083
0.113625
0.111133
0.113365
0.110505
0.111981
0.109759
0.107762
0.110420
0.111542
0.112615
0.112940
0.112976
0.065839
0.065188
0.064582
0.064142
0.063525
0.063914
0.064901
0.064343
0.065491
0.064778
0.064605
0.064669
0.064340
0.064906
0.067324
0.065162
0.063676
0.065109
0.074104
0.081812
0.085899
0.074343
0.067886
0.093790
0.105442
0.103244
0.107242
0.103098
0.106508
0.106051
0.106310
0.093587
0.099459
0.077082
0.094802
0.101729
0.098598
0.094419
0.096656
0.096789
0.093295
0.094045
0.095418
0.093663
0.094482
0.099218
0.096433
0.098037
0.096230
0.097808
0.097942
0.094429
0.095503
0.095577
0.096401
0.096768
0.094298
0.098524
0.098683
0.099336
0.099029
0.099182
0.099514
0.099645
0.099320
0.099590
0.100908
0.100897
0.101649
0.103644
0.104053
0.102308
0.102985
0.099783
0.097738
0.102260
0.104085
0.103555
0.101647
0.103437
0.105509
0.106208
0.106565
0.106530
0.106090
0.107611
0.106481
0.107167
0.104927
0.105733
0.105866
0.104393
0.108103
0.104548
0.097926
0.096631
0.079933
0.096816
0.078040
0.077897
0.079268
0.077033
0.077001
0.076063
0.076824
0.077112
0.075720
0.076408
0.074011
0.074764
0.074427
0.074066
0.073577
0.071507
0.073572
0.072791
0.072611
0.072401
0.091248
0.072221
0.090944
0.071417
0.071925
0.091144
0.089716
0.071262
0.071904
0.117661
0.138934
0.134950
0.140102
0.127875
0.141612
0.124971
0.137401
0.134102
0.126304
0.127718
0.083657
0.078830
0.068078
0.063954
0.065995
0.063473
0.069967
0.076988
0.074468
0.099231
0.094565
0.104017
0.106169
0.108597
0.110420
0.112957
0.107001
0.086766
0.076554
0.071145
0.075219
0.072368
0.072363
0.069222
0.068442
0.067539
0.067447
0.066370
0.068837
0.063878
0.064795
0.064787
0.063182
0.064353
0.065091
0.078369
0.079963
0.077994
0.078141
0.078511
0.078657
0.063957
0.064174
0.065653
0.067149
0.062824
0.065660
0.067422
0.065289
0.066109
0.082929
0.076588
0.080247
0.065950
0.067103
0.068269
0.070398
0.072982
0.070625
0.071882
0.072771
0.070063
0.071602
0.073900
0.091992
0.121857
0.128120
0.131277
0.114707
0.112308
0.113018
0.117474
0.114174
0.110263
0.114843
0.115015
0.086832
0.085757
0.093039
0.092297
0.093888
0.093530
0.093515
0.097814
0.094066
0.086676
0.086359
0.086123
0.085840
0.085133
0.084946
0.084894
0.081610
0.081264
0.080872
0.080448
0.080376
0.079368
0.080337
0.078432
0.078481
0.080994
0.084397
0.077277
0.068273
0.067330
0.069192
0.073337
0.083992
0.112838
0.112549
0.115487
0.111322
0.116335
0.111893
0.113342
0.115396
0.114041
0.088915
0.111879
0.114549
0.086568
0.111372
0.111725
0.115071
0.110745
0.113844
0.112004
0.120677
0.114795
0.110176
0.118804
0.088534
0.095183
0.095975
0.096122
0.094836
0.094627
0.094505
0.095503
0.091974
0.095330
0.088449
0.091724
0.094152
0.080594
0.081001
0.081883
0.116663
0.082598
0.161595
0.158893
0.160160
0.161370
0.160939
0.162774
0.161992
0.156155
0.152510
0.175069
0.174014
0.146691
0.150711
0.156530
0.154905
0.143439
0.137235
0.146462
0.138290
0.148012
0.148521
0.148394
0.154485
0.164178
0.164170
0.164585
0.169365
0.178467
0.156639
0.163943
0.142833
0.146659
0.119830
0.184848
0.182928
0.136451
0.118057
0.111587
0.124014
0.111096
0.104947
0.105747
0.110088
0.113252
0.114295
0.114665
0.109615
0.097250
0.108825
0.107650
0.109995
0.117086
0.144670
0.143204
0.140896
0.148627
0.136812
0.153709
0.145199
0.156892
0.145558
0.145301
0.160475
0.149915
0.148159
0.153952
0.154456
0.143393
0.137873
0.151877
0.137997
0.139253
0.145975
0.140431
0.136624
0.140288
0.140491
0.143625
0.145275
0.142944
0.143493
0.141024
0.141092
0.140171
0.144361
0.147344
0.147408
0.146721
0.149383
0.141654
0.148823
0.136188
0.141322
0.141054
0.151437
0.148625
0.150440
0.152532
0.153741
0.148513
0.150238
0.152186
0.151741
0.140031
0.141125
0.151839
0.256107
0.251501
0.260200
0.241658
0.234267
0.181141
0.180577
0.180426
0.180427
0.180431
0.180513
0.180371
0.180496
0.180510
0.180473
0.181076
0.181067
0.181070
0.181078
0.181197
0.181192
0.182836
0.181534
0.181561
0.181472
0.181414
0.181414
0.181414
0.181414
0.181414
0.181414
0.181414
0.181414
0.181461
0.092194
0.083100
0.140300
0.148486
0.175282
0.196721
0.211058
0.207944
0.208261
0.152187
0.151261
0.151326
0.150949
0.150607
0.150501
0.150503
0.150139
0.150264
0.150058
0.150058
0.150099
0.150457
0.150044
0.150044
0.150076
0.150632
0.149911
0.150534
0.150051
0.150857
0.150452
0.150535
0.150454
0.150516
0.150465
0.150515
0.150467
0.149782
0.206823
0.205489
0.205292
0.205264
0.205287
0.205289
0.205124
0.205115
0.205115
0.205100
0.205237
0.204791
0.208122
0.220322
0.224144
0.217945
0.238819
0.256753
0.235147
0.252251
0.262281
0.255521
0.260301
0.270769
0.276289
0.264108
0.258354
0.257772
0.257772
0.257771
0.258127
0.257297
0.257363
0.257279
0.258024
0.258037
0.257973
0.257957
0.257241
0.256953
0.257399
0.256729
0.256399
0.256554
0.256909
0.256909
0.257010
0.259096
0.097380
0.099199
0.103808
0.101049
0.107795
0.108084
0.106641
0.116535
0.105385
0.103803
0.106239
0.107726
0.106160
0.103564
0.104328
0.103551
0.102295
0.102071
0.102996
0.102452
0.101174
0.128579
0.117775
0.107757
0.103984
0.102604
0.101309
0.102153
0.103296
0.116920
0.104089
0.104371
0.101865
0.105286
0.103827
0.103678
0.103791
0.103988
0.104836
0.096875
0.102863
0.099751
0.093657
0.097230
0.097762
0.096166
0.095563
0.096823
0.096940
0.103743
0.106142
0.086977
0.087713
0.090423
0.097382
0.097247
0.097121
0.094350
0.092690
0.087692
0.095718
0.095122
0.110527
0.112369
0.114077
0.115878
0.113173
0.112757
0.115299
0.114009
0.108400
0.114493
0.113148
0.109992
0.103395
0.107406
0.111702
0.114568
0.112001
0.108138
0.109374
0.102891
0.101432
0.097355
0.101058
0.187913
0.189830
0.189988
0.193725
0.193518
0.189073
0.185218
0.185196
0.167507
0.178442
0.166791
0.187821
0.194790
0.176639
0.178827
0.189549
0.170532
0.168173
0.197099
0.185853
0.177470
0.182904
0.185461
0.199858
0.216609
0.214223
0.212324
0.216851
0.226646
0.224103
0.221766
0.224037
0.222540
0.222406
0.226805
0.229820
0.223246
0.225342
0.223881
0.225325
0.226261
0.226526
0.226386
0.227559
0.224434
0.225056
0.061512
0.059359
0.049580
0.056729
0.058287
0.054327
0.051316
0.051849
0.053299
0.056065
0.048257
0.049327
0.048598
0.049540
0.051960
0.049258
0.050135
0.049221
0.048976
0.048963
0.050972
0.052418
0.050119
0.052046
0.053232
0.058039
0.058091
0.058188
0.056541
0.055037
0.052439
0.055695
0.052820
0.054183
0.053264
0.051651
0.055870
0.054103
0.052952
0.053809
0.058935
0.059091
0.053818
0.052991
0.053986
0.054339
0.053662
0.054664
0.052123
0.053424
0.048198
0.053844
0.049014
0.051419
0.051439
0.053776
0.053072
0.054925
0.054329
0.054597
0.052574
0.054149
0.051024
0.051129
0.050032
0.051210
0.048847
0.049613
0.051584
0.048459
0.049087
0.055532
0.051605
0.053890
0.052001
0.050954
0.049711
0.052325
0.052022
0.052475
0.009326
0.008953
0.008590
0.008042
0.008257
0.008232
0.008570
0.007888
0.007467
0.007233
0.006879
0.006570
0.006531
0.006366
0.006233
0.006218
0.006191
0.006196
0.006030
0.005961
0.006043
0.006062
0.006026
0.005990
0.005905
0.005849
0.005802
0.005749
0.005665
0.005487
0.004381
0.003565
0.003495
0.004198
0.005013
0.005419
0.005756
0.005587
0.005438
0.005395
0.005185
0.004719
0.004397
0.004160
0.004300
0.004286
0.004370
0.004451
0.004242
0.004108
0.004021
0.004078
0.004142
0.003849
0.003837
0.004449
0.004780
0.004591
0.004270
0.003345
0.003157
0.003411
0.003549
0.002549
0.002428
0.002310
0.002302
0.002327
0.002502
0.002520
0.002466
0.002379
0.002284
0.001800
0.001816
0.001632
0.001280
0.001102
0.001132
0.000948
0.000802
0.000641
0.000555
0.000772
0.000772
0.000493
0.000418
0.000313
0.000093
0.000092
0.000103
0.000061
0.000024
0.000000
0.000027
0.000050
0.000058
0.000068
0.000109
0.000174
0.000230
0.000270
0.000305
0.000394
0.000474
0.001217
0.002405
0.003821
0.004212
0.005351
0.005885
0.005898
0.006030
0.006241
0.006334
0.006141
0.006169
0.006331
0.006386
0.007630
0.008117
0.007973
0.008488
0.008136
0.008175
0.008274
0.008172
0.008256
0.008561
0.008549
0.008407
0.008299
0.008332
0.008385
0.008345
0.008344
0.008354
0.008176
0.007879
0.007657
0.007612
0.007579
0.007441
0.007383
0.007225
0.007389
0.007341
0.007320
0.007416
0.006066
0.006014
0.005943
0.005870
0.005863
0.006084
0.006218
0.006404
0.006502
0.006143
0.006063
0.006109
0.006118
0.006553
0.006960
0.007781
0.007409
0.007459
0.007945
0.007676
0.008337
0.007845
0.008044
0.008246
0.009414
0.009943
0.010541
0.011436
0.013046
0.013403
0.013237
0.013165
0.013087
0.013421
0.012678
0.012813
0.012259
0.012182
0.011968
0.012017
0.012079
0.013939
0.013738
0.014185
0.014879
0.012371
0.011693
0.012088
0.011526
0.011148
0.010936
0.009198
0.009195
0.009907
0.011241
0.011554
0.011650
0.011615
0.011866
0.010042
0.009853
0.009568
0.010590
0.011493
0.012549
0.012824
0.012471
0.012287
0.012932
0.012746
0.012253
0.014474
0.014557
0.013525
0.013441
0.013605
0.013761
0.015639
0.015371
0.015069
0.014929
0.013843
0.013388
0.013041
0.012879
0.013073
0.013213
0.013098
0.013059
0.013105
0.012274
0.012203
0.011831
0.011739
0.012028
0.012440
0.012274
0.012437
0.011828
0.011901
0.011796
0.011797
0.011662
0.011544
0.011688
0.011846
0.011919
0.011891
0.011590
0.012396
0.052678
0.050737
0.050705
0.049569
0.060386
0.060416
0.076173
0.080214
0.091068
0.086507
0.084163
0.082687
0.083306
0.080303
0.082106
0.083051
0.083333
0.082661
0.082556
0.083740
0.083394
0.083717
0.083818
0.083786
0.084028
0.083345
0.083506
0.083462
0.083876
0.083691
0.083634
0.083523
0.083727
0.083746
0.083806
0.083689
0.083847
0.107472
0.102777
0.102934
0.103265
0.104313
0.104048
0.101073
0.105186
0.105171
0.103196
0.104903
0.108325
0.103367
0.107092
0.099611
0.103311
0.101557
0.105282
0.100345
0.104014
0.104269
0.106115
0.110525
0.108672
0.111990
0.121344
0.115746
0.117977
0.116751
0.113909
0.112939
0.115180
0.132332
0.193240
0.185534
0.183353
0.182315
0.182531
0.184247
0.188399
0.189434
0.190397
0.200564
0.189684
0.198881
0.181202
0.181206
0.184432
0.179608
0.182971
0.193286
0.197722
0.187630
0.203325
0.193930
0.198974
0.193002
0.197461
0.190896
0.207258
0.203669
0.200730
0.203592
0.207379
0.202514
0.193944
0.197229
0.208040
0.206489
0.201365
0.201326
0.215551
0.209748
0.201314
0.215921
0.215138
0.201638
0.203569
0.202558
0.198587
0.199205
0.204174
0.204857
0.201996
0.204321
0.206690
0.204236
0.201014
0.203832
0.203438
0.202867
0.202814
0.205725
0.206710
0.203680
0.201398
0.202331
0.203162
0.206258
0.210941
0.203413
0.197168
0.202872
0.211366
0.204311
0.203668
0.204210
0.208066
0.213811
0.215386
0.126310
0.127320
0.128547
0.127690
0.127196
0.130211
0.129734
0.129569
0.131483
0.131042
0.131126
0.130974
0.130819
0.129984
0.126551
0.130549
0.132569
0.131081
0.129498
0.129203
0.130303
0.131629
0.130391
0.129556
0.130018
0.131945
0.128365
0.130708
0.128588
0.131145
0.130428
0.131422
0.131971
0.132512
0.133676
0.128614
0.131551
0.128350
0.128899
0.130357
0.128231
0.130866
0.128610
0.130284
0.129316
0.128453
0.131051
0.128139
0.129962
0.128177
0.129480
0.130764
0.129921
0.130230
0.129528
0.103747
0.130510
0.133029
0.130185
0.127488
0.127245
0.130239
0.127480
0.127384
0.129920
0.127621
0.132345
0.130603
0.130527
0.131457
0.131273
0.130543
0.129303
0.133648
0.129225
0.129399
0.128274
0.127683
0.131514
0.134655
0.133455
0.132323
0.134384
0.132626
0.153578
0.122900
0.124975
0.125196
0.123827
0.117926
0.121537
0.117193
0.118222
0.117269
0.113696
0.120797
0.118686
0.122219
0.120931
0.146710
0.127442
0.127298
0.128905
0.127680
0.127859
0.126484
0.124056
0.122707
0.125305
0.107922
0.119865
0.124244
0.119467
0.123416
0.125089
0.124544
0.129256
0.122278
0.118573
0.127499
0.133000
0.128763
0.126748
0.129577
0.125652
0.117713
0.128410
0.127996
0.123537
0.125910
0.130742
0.128117
0.123647
0.123260
0.124885
0.123866
0.122980
0.119142
0.123995
0.126416
0.123399
0.124898
0.126745
0.125535
0.124305
0.123839
0.125252
0.123883
0.123898
0.124273
0.123473
0.123335
0.124912
0.124627
0.123356
0.123624
0.123682
0.126721
0.125182
0.124605
0.123019
0.126382
0.123261
0.127933
0.123363
0.123730
0.124021
0.124150
0.124172
0.123195
0.123509
0.123752
0.123379
0.126498
0.123354
0.123019
0.127541
0.124905
0.127440
0.127950
0.084703
0.087285
0.085700
0.084739
0.083954
0.081664
0.083143
0.084892
0.084145
0.083868
0.085519
0.082042
0.082573
0.085256
0.087147
0.087801
0.088025
0.085769
0.085370
0.085663
0.088767
0.085774
0.085323
0.085272
0.087244
0.086698
0.086125
0.086097
0.086799
0.085928
0.087914
0.088366
0.084737
0.084697
0.087012
0.084159
0.083719
0.084603
0.085207
0.085415
0.084076
0.083070
0.083094
0.083256
0.083216
0.083193
0.079151
0.082770
0.081348
0.079721
0.078547
0.081597
0.076275
0.075032
0.074186
0.080561
0.079604
0.084630
0.083577
0.090083
0.084795
0.082987
0.082998
0.089145
0.088270
0.087745
0.089468
0.087586
0.087686
0.081054
0.068373
0.066297
0.067019
0.077653
0.077954
0.071192
0.071110
0.075953
0.076893
0.076115
0.075615
0.075911
0.069111
0.076632
0.077037
0.077028
0.068701
0.068426
0.068452
0.068282
0.068756
0.076455
0.064824
0.065342
0.065515
0.065734
0.066663
0.066882
0.067967
0.067023
0.069495
0.071473
0.070054
0.071840
0.070770
0.070000
0.073248
0.073704
0.073626
0.080516
0.081545
0.073836
0.066099
0.064690
0.064487
0.061605
0.067121
0.068134
0.067521
0.080341
0.078096
0.079639
0.080539
0.081580
0.082046
0.082338
0.081378
0.076737
0.079492
0.083341
0.085161
0.091238
0.092734
0.089627
0.094177
0.088711
0.089776
0.090151
0.089764
0.088092
0.091377
0.091585
0.097999
0.097259
0.099478
0.091355
0.089639
0.093271
0.093691
0.091435
0.086589
0.086267
0.085255
0.082032
0.082899
0.084136
0.084024
0.085274
0.085115
0.085297
0.085411
0.085192
0.084880
0.084448
0.083056
0.084097
0.083278
0.082738
0.083676
0.082768
0.083326
0.082573
0.082134
0.082706
0.082321
0.082298
0.083640
0.086158
0.081816
0.081618
0.085329
0.082125
0.082244
0.074167
0.080597
0.074601
0.071825
0.067582
0.073007
0.075383
0.074352
0.075000
0.074394
0.073969
0.074183
0.074425
0.076279
0.075530
0.075433
0.075093
0.072678
0.072523
0.072630
0.071736
0.072526
0.072583
0.075489
0.075356
0.074591
0.075419
0.075719
0.076566
0.075452
0.075484
0.070020
0.070066
0.069569
0.070358
0.076470
0.069135
0.068980
0.074014
0.073724
0.068574
0.074151
0.067590
0.069289
0.144694
0.148524
0.138293
0.137146
0.136898
0.137951
0.137429
0.136065
0.136655
0.150769
0.148479
0.150629
0.150776
0.150985
0.150586
0.150128
0.150217
0.150560
0.149893
0.153189
0.149847
0.165028
0.155825
0.149971
0.150434
0.142688
0.147762
0.148976
0.151264
0.144119
0.146088
0.146716
0.143487
0.149623
0.148048
0.147642
0.147930
0.148912
0.148920
0.148721
0.158661
0.158297
0.159834
0.146956
0.146587
0.156874
0.146896
0.149458
0.154657
0.174181
0.181066
0.197734
0.187629
0.202890
0.198215
0.201294
0.205564
0.200858
0.200621
0.205539
0.206029
0.206030
0.206029
0.206029
0.206021
0.206020
0.206023
0.205659
0.205858
0.207284
0.207300
0.207294
0.207276
0.207276
0.207276
0.206647
0.206687
0.206687
0.206687
0.208524
0.208524
0.208524
0.206654
0.177529
0.176817
0.161615
0.174608
0.138947
0.155975
0.138942
0.143864
0.138602
0.135858
0.133982
0.137405
0.143767
0.148773
0.149631
0.152263
0.151098
0.141552
0.313420
0.313470
0.313892
0.309563
0.314345
0.310298
0.303854
0.307881
0.301713
0.307213
0.307223
0.308973
0.306241
0.269314
0.308259
0.308342
0.308249
0.307833
0.303012
0.302327
0.301748
0.302150
0.293158
0.300897
0.300958
0.273829
0.292160
0.302286
0.294082
0.302163
0.296205
0.277318
0.295304
0.295158
0.301189
0.274030
0.301500
0.300989
0.299985
0.302632
0.276897
0.303705
0.307612
0.306448
0.285755
0.290892
0.303894
0.298033
0.300435
0.307166
0.306291
0.304949
0.305023
0.306991
0.305051
0.306259
0.308119
0.310810
0.308996
0.304491
0.303298
0.302840
0.287201
0.305891
0.306537
0.306463
0.311042
0.274482
0.307262
0.305626
0.307019
0.302269
0.305187
0.280304
0.057438
0.057300
0.057322
0.056687
0.056236
0.058536
0.057738
0.058695
0.061083
0.057767
0.057600
0.056624
0.056737
0.055514
0.055806
0.055425
0.054630
0.056523
0.055770
0.056787
0.057593
0.057434
0.057671
0.057429
0.058033
0.059151
0.059516
0.059370
0.059022
0.057587
0.059159
0.058746
0.060568
0.059754
0.060381
0.055959
0.054749
0.057092
0.057323
0.056868
0.057043
0.058826
0.057795
0.058526
0.058111
0.058189
0.057636
0.056066
0.057822
0.086731
0.092430
0.091237
0.090447
0.087225
0.086437
0.079833
0.090652
0.085316
0.077756
0.082726
0.087021
0.079883
0.090237
0.090529
0.082636
0.083245
0.086763
0.083538
0.086853
0.084258
0.078818
0.083844
0.084143
0.081009
0.080785
0.080576
0.080878
0.089369
0.085531
0.090443
0.083134
0.086921
0.087495
0.082961
0.082030
0.087626
0.083113
0.087350
0.086862
0.082852
0.084552
0.083568
0.082801
0.083225
0.083266
0.083264
0.086398
0.085611
0.090923
0.090526
0.090485
0.093088
0.087783
0.090154
0.091294
0.091204
0.091783
0.091162
0.091602
0.089447
0.089152
0.091194
0.089700
0.089602
0.090419
0.091512
0.091044
0.091238
0.091914
0.091973
0.090908
0.090606
0.090541
0.090726
0.090649
0.091800
0.091903
0.091212
0.089534
0.091202
0.091648
0.091290
0.091185
0.086293
0.087621
0.087003
0.087549
0.087730
0.086750
0.091218
0.077380
0.071985
0.071184
0.069576
0.069526
0.071361
0.072962
0.072367
0.077864
0.075980
0.069128
0.070252
0.071086
0.082240
0.078430
0.078435
0.073741
0.074743
0.073745
0.074595
0.075736
0.075634
0.073486
0.073957
0.072904
0.075489
0.071810
0.068774
0.082650
0.081670
0.073426
0.074307
0.073105
0.077177
0.078063
0.085657
0.077679
0.078184
0.074600
0.074935
0.071233
0.071484
0.072811
0.071659
0.070749
0.073083
0.072197
0.073869
0.073278
0.074581
0.079550
0.085444
0.076351
0.082019
0.071669
0.071940
0.077495
0.072830
0.071713
0.071451
0.072305
0.071710
0.073527
0.074661
0.075220
0.077980
0.077242
0.078101
0.074475
0.076989
0.075913
0.075588
0.076563
0.077673
0.083303
0.078752
0.078517
0.079447
0.077705
0.075087
0.073493
0.077271
0.076999
0.075114
0.075474
0.075993
0.071164
0.071845
0.069510
0.068021
0.066880
0.069913
0.073175
0.073255
0.074121
0.073528
0.072754
0.072921
0.076662
0.075083
0.075018
0.073806
0.070425
0.069480
0.073045
0.074262
0.072519
0.077065
0.078314
0.071137
0.076416
0.078407
0.070370
0.074897
0.073982
0.076131
0.075478
0.076604
0.076283
0.074760
0.072450
0.074530
0.071556
0.069918
0.070693
0.067290
0.069251
0.069306
0.071115
0.073445
0.073245
0.073602
0.074709
0.074865
0.078706
0.079525
0.081918
0.083809
0.086308
0.081925
0.086935
0.086216
0.086292
0.084519
0.081381
0.084062
0.084422
0.078162
0.079507
0.078270
0.078305
0.080689
0.081141
0.079926
0.079779
0.078327
0.074493
0.074976
0.078362
0.079137
0.079985
0.078982
0.080284
0.075332
0.080189
0.079721
0.079537
0.078406
0.079415
0.078288
0.077368
0.078003
0.078446
0.075626
0.073076
0.074769
0.074340
0.074104
0.073814
0.072355
0.073338
0.074380
0.073506
0.073335
0.075058
0.073427
0.073800
0.073965
0.074657
0.076617
0.076128
0.071306
0.074671
0.073173
0.073209
0.081895
0.073305
0.075354
0.080934
0.084732
0.087353
0.086134
0.088348
0.090544
0.092476
0.093491
0.092974
0.092263
0.090676
0.092321
0.091315
0.091482
0.091440
0.091984
0.091269
0.090967
0.090663
0.089945
0.088787
0.090265
0.090168
0.086721
0.089336
0.089412
0.086341
0.084275
0.084085
0.082850
0.082054
0.082204
0.079124
0.078948
0.078004
0.084702
0.077187
0.078920
0.078156
0.080912
0.079477
0.079398
0.079818
0.079776
0.080728
0.080189
0.079864
0.080602
0.079561
0.080870
0.080131
0.079894
0.081337
0.081774
0.081080
0.080500
0.079483
0.079532
0.078783
0.078213
0.077525
0.079558
0.079755
0.080479
0.081626
0.081574
0.080565
0.080148
0.082902
0.093697
0.081003
0.080307
0.080580
0.080432
0.080418
0.079953
0.079428
0.079511
0.081152
0.081248
0.079145
0.079931
0.084656
0.082501
0.080976
0.081928
0.085544
0.087321
0.088437
0.079680
0.083520
0.081989
0.081268
0.082359
0.083078
0.084166
0.084480
0.087988
0.087153
0.089015
0.080126
0.074158
0.077516
0.077605
0.077293
0.077113
0.074593
0.073756
0.070963
0.070716
0.066465
0.069254
0.069454
0.066988
0.065944
0.067740
0.070020
0.068577
0.066297
0.068873
0.068921
0.068449
0.069120
0.066443
0.066007
0.066611
0.070367
0.066229
0.067700
0.068163
0.066235
0.069781
0.069845
0.068782
0.066901
0.067164
0.069372
0.067755
0.066154
0.065414
0.071821
0.065077
0.065247
0.066104
0.066857
0.066036
0.067591
0.067847
0.066675
0.065342
0.065465
0.065206
0.066439
0.065740
0.070799
0.228766
0.226619
0.210096
0.234495
0.241932
0.236595
0.259511
0.255054
0.229513
0.253759
0.241015
0.243807
0.254679
0.254994
0.250517
0.263500
0.268435
0.284392
0.283927
0.284193
0.276025
0.275829
0.275412
0.276381
0.274021
0.273147
0.266494
0.255617
0.260925
0.284041
0.296650
0.294609
0.293263
0.289316
0.289261
0.297249
0.284366
0.268131
0.268348
0.269338
0.287036
0.292570
0.292291
0.281230
0.281141
0.268237
0.270433
0.270916
0.260755
0.259342
0.258637
0.250328
0.252284
0.252126
0.256955
0.237592
0.237593
0.261540
0.254439
0.249779
0.236590
0.223935
0.223927
0.214375
0.260681
0.301946
0.318333
0.326607
0.328813
0.096814
0.097394
0.096566
0.093954
0.094865
0.094748
0.094834
0.098627
0.099280
0.100431
0.095842
0.106044
0.106256
0.092658
0.093435
0.082400
0.083889
0.076914
0.085038
0.084366
0.084345
0.084879
0.084473
0.084788
0.084801
0.088131
0.086767
0.082742
0.084549
0.090422
0.092895
0.086426
0.091451
0.092467
0.092382
0.092417
0.092308
0.092565
0.092553
0.086951
0.092673
0.092276
0.090563
0.092768
0.092113
0.092000
0.092068
0.092022
0.092946
0.092094
0.090650
0.090582
0.089467
0.092658
0.099832
0.098943
0.087059
0.086143
0.089557
0.090227
0.090787
0.091808
0.053845
0.084731
0.082645
0.084597
0.089862
0.092816
0.091626
0.081186
0.096743
0.079333
0.101363
0.103016
0.096637
0.102234
0.096322
0.102602
0.100209
0.101380
0.102193
0.102280
0.101129
0.101417
0.092617
0.086954
0.087763
0.086294
0.088192
0.087858
0.087736
0.089020
0.090825
0.090455
0.089846
0.091577
0.092110
0.090108
0.091589
0.091229
0.092413
0.092697
0.091945
0.091801
0.092784
0.093393
0.094236
0.097353
0.089786
0.092086
0.091404
0.095149
0.090738
0.091839
0.088808
0.091545
0.097624
0.090387
0.089820
0.092012
0.094740
0.092778
0.089419
0.091705
0.088878
0.089201
0.093224
0.094593
0.090676
0.089537
0.088543
0.087834
0.093356
0.092593
0.089190
0.085519
0.088582
0.088107
0.084311
0.092109
0.090214
0.087639
0.089386
0.087062
0.088084
0.084126
0.084827
0.083888
0.088235
0.086754
0.086690
0.105344
0.093293
0.083562
0.083903
0.083076
0.084255
0.104515
0.102584
0.103428
0.102414
0.102438
0.104510
0.102464
0.097992
0.103685
0.103703
0.102690
0.103846
0.103902
0.103755
0.103509
0.103673
0.102728
0.083100
0.101457
0.085812
0.102519
0.092997
0.095267
0.102866
0.097313
0.094136
0.095504
0.093135
0.097888
0.095161
0.091144
0.095043
0.088914
0.092054
0.094744
0.091270
0.091776
0.093718
0.090785
0.090139
0.090545
0.092001
0.088889
0.090101
0.092201
0.089040
0.087960
0.092916
0.088763
0.085453
0.091268
0.095063
0.083421
0.086696
0.089980
0.082933
0.085956
0.087843
0.082307
0.081648
0.087669
0.085055
0.085815
0.084799
0.087943
0.089715
0.088568
0.084115
0.086077
0.089158
0.083509
0.083804
0.083192
0.083873
0.083440
0.083042
0.083225
0.082799
0.082719
0.081817
0.080824
0.081267
0.080361
0.082196
0.079755
0.079589
0.080863
0.078583
0.079144
0.080706
0.078564
0.081537
0.081753
0.081781
0.084246
0.081101
0.079739
0.083630
0.080532
0.079203
0.078167
0.079025
0.077150
0.078563
0.078197
0.077387
0.082725
0.057116
0.061316
0.061640
0.058871
0.057550
0.056106
0.058891
0.055946
0.058023
0.058032
0.067609
0.064181
0.065616
0.063752
0.066245
0.060213
0.058215
0.059554
0.056305
0.056911
0.054988
0.057519
0.056194
0.055710
0.055966
0.057380
0.056612
0.055724
0.058372
0.056626
0.058988
0.063278
0.062914
0.062188
0.038007
0.040369
0.061355
0.064009
0.064004
0.063336
0.063501
0.058880
0.062293
0.061230
0.062888
0.058250
0.062140
0.058120
0.057893
0.060291
0.058252
0.054071
0.048632
0.055939
0.062636
0.063015
0.063081
0.063533
0.062484
0.062137
0.058440
0.072222
0.066318
0.061984
0.060484
0.060729
0.058389
0.060430
0.054337
0.044354
0.048787
0.053687
0.055782
0.061467
0.060365
0.062162
0.061667
0.061894
0.059405
0.060583
0.060514
0.042252
0.041786
0.058560
0.056157
0.053882
0.052007
0.040005
0.039097
0.040129
0.040984
0.041046
0.040454
0.054551
0.056700
0.043796
0.041181
0.042345
0.039811
0.059762
0.061903
0.060037
0.040673
0.042098
0.041448
0.041551
0.041186
0.041260
0.041829
0.041402
0.040387
0.040611
0.039695
0.040017
0.041206
0.041108
0.108806
0.113677
0.114075
0.110024
0.109550
0.114299
0.114098
0.114397
0.109597
0.113883
0.109753
0.112832
0.116379
0.177528
0.174243
0.113364
0.169880
0.171913
0.114143
0.174221
0.114740
0.111636
0.114594
0.174092
0.176877
0.171185
0.176548
0.171275
0.169152
0.162069
0.126000
0.125650
0.114910
0.114058
0.118389
0.119988
0.130383
0.110187
0.108874
0.116851
0.114847
0.112872
0.133721
0.115615
0.152191
0.161919
0.155809
0.158128
0.155351
0.115728
0.155519
0.155193
0.157886
0.105162
0.157479
0.155601
0.157508
0.156019
0.116357
0.121682
0.157319
0.158063
0.158215
0.160344
0.158210
0.156385
0.155904
0.156083
0.147169
0.153820
0.130625
0.143011
0.130467
0.108336
0.109766
0.107570
0.125905
0.143391
0.142525
0.137348
0.138669
0.102149
0.103392
0.150551
0.146284
0.151287
0.150939
0.146441
0.147153
0.104246
0.150807
0.150846
0.150836
0.149913
0.150666
0.150097
0.150779
0.151813
0.135647
0.107689
0.106331
0.108108
0.116756
0.116542
0.114545
0.109466
0.128616
0.153864
0.157812
0.076953
0.074684
0.075936
0.070942
0.072732
0.090783
0.090498
0.096987
0.074297
0.084986
0.085703
0.084385
0.082698
0.087794
0.083607
0.076831
0.076891
0.075705
0.076021
0.077644
0.077891
0.075511
0.081602
0.085681
0.081461
0.077617
0.074150
0.079086
0.077228
0.073024
0.077207
0.073698
0.079934
0.082703
0.086934
0.084357
0.085165
0.083011
0.084247
0.083920
0.076311
0.087938
0.085257
0.084862
0.084013
0.077732
0.083165
0.082366
0.079029
0.078886
0.076805
0.079975
0.080253
0.080048
0.080304
0.079024
0.078439
0.074822
0.086978
0.087710
0.089447
0.087640
0.062813
0.083222
0.085984
0.087549
0.088156
0.086923
0.087067
0.085855
0.085258
0.085405
0.086211
0.086675
0.054860
0.089972
0.053049
0.090661
0.090879
0.089405
0.088974
0.065570
0.060255
0.062205
0.061213
0.083004
0.092999
0.095125
0.084176
0.083403
0.060037
0.056028
0.088604
0.055201
0.063395
0.063117
0.096000
0.063418
0.060905
0.062422
0.061811
0.096113
0.053566
0.092340
0.052689
0.087970
0.059768
0.090650
0.049723
0.087745
0.087045
0.088886
0.090123
0.090651
0.087302
0.087074
0.054026
0.052792
0.053820
0.090144
0.088109
0.086573
0.082780
0.082660
0.082426
0.081508
0.077884
0.071957
0.077323
0.079151
0.084313
0.087442
0.090106
0.091204
0.090873
0.088113
0.091521
0.057127
0.053159
0.052579
0.060685
0.058366
0.053279
0.063086
0.064180
0.060531
0.064552
0.067584
0.062999
0.062949
0.064159
0.063333
0.063626
0.063951
0.061962
0.063234
0.063566
0.063317
0.063099
0.066341
0.064087
0.064881
0.063964
0.064967
0.065453
0.068786
0.059107
0.059694
0.062209
0.062756
0.061699
0.062857
0.057287
0.062043
0.060914
0.063725
0.053091
0.057678
0.064979
0.064755
0.064390
0.061793
0.053261
0.052713
0.050141
0.049424
0.078029
0.079122
0.055667
0.056604
0.066934
0.078928
0.079696
0.079193
0.077537
0.057263
0.080887
0.080372
0.063977
0.057055
0.061240
0.064056
0.064749
0.065334
0.063099
0.065333
0.064702
0.065692
0.064919
0.060420
0.057460
0.059225
0.056908
0.058361
0.062818
0.059646
0.055794
0.046657
0.046895
0.053449
0.043945
0.069502
0.071632
0.074960
0.074123
0.064930
0.069791
0.074467
0.074280
0.075167
0.072298
0.074620
0.069047
0.073198
0.073018
0.047665
0.064106
0.071152
0.063855
0.065444
0.068630
0.068017
0.070296
0.064706
0.063247
0.069821
0.074603
0.079141
0.077799
0.079337
0.079050
0.078146
0.079453
0.083608
0.084388
0.085141
0.085149
0.086647
0.083778
0.085493
0.083127
0.082420
0.081542
0.082778
0.086985
0.085330
0.088485
0.089251
0.088013
0.086370
0.089379
0.087614
0.088379
0.088578
0.091069
0.089039
0.077312
0.082369
0.080649
0.079258
0.079795
0.078871
0.080551
0.078878
0.078814
0.078213
0.084526
0.086594
0.085645
0.083780
0.084751
0.092352
0.091887
0.096596
0.097139
0.110572
0.105849
0.099323
0.105228
0.102724
0.111094
0.100298
0.110202
0.119167
0.116335
0.107634
0.105709
0.108553
0.107340
0.108558
0.110480
0.108805
0.106982
0.108489
0.108154
0.110464
0.109555
0.107028
0.113716
0.114156
0.106688
0.107829
0.114563
0.087982
0.091342
0.096270
0.096679
0.098873
0.101012
0.101751
0.102949
0.099455
0.100071
0.104554
0.095786
0.103787
0.118556
0.112503
0.118102
0.122938
0.073330
0.071767
0.071658
0.071778
0.072314
0.071973
0.071829
0.071701
0.071632
0.072246
0.072261
0.071807
0.072212
0.072243
0.072243
0.072243
0.072243
0.073205
0.073205
0.073205
0.073205
0.071804
0.071737
0.071675
0.072030
0.071595
0.071360
0.071366
0.071294
0.071595
0.071595
0.071595
0.071595
0.071365
0.071378
0.071484
0.071431
0.071507
0.071509
0.071925
0.071492
0.071382
0.071393
0.071393
0.071905
0.073409
0.072554
0.071606
0.071480
0.071809
0.071707
0.072859
0.071674
0.071774
0.071508
0.071155
0.071460
0.071237
0.071237
0.071237
0.071237
0.071793
0.071923
0.071835
0.071546
0.072354
0.072138
0.071770
0.072023
0.071868
0.073445
0.071776
0.073380
0.071852
0.071845
0.071862
0.071986
0.072307
0.072126
0.072126
0.072157
0.072114
0.071835
0.071835
0.071836
0.071827
0.071788
0.071827
0.071788
0.071827
0.071868
0.072113
0.072906
0.072906
0.072906
0.072906
0.072906
0.072906
0.072906
0.072906
0.072906
0.073043
0.073228
0.193628
0.189473
0.189144
0.188960
0.188955
0.188819
0.190430
0.189193
0.189188
0.189527
0.189754
0.189329
0.189321
0.188985
0.189037
0.189083
0.189869
0.189780
0.189607
0.189050
0.189044
0.189200
0.189220
0.189095
0.189124
0.189177
0.189151
0.189137
0.191019
0.189058
0.189329
0.189249
0.189238
0.189567
0.189581
0.189451
0.189450
0.188862
0.188539
0.188032
0.187725
0.187610
0.187632
0.187628
0.187359
0.187333
0.187316
0.187340
0.187569
0.187556
0.190236
0.194265
0.194281
0.190383
0.190298
0.190262
0.192143
0.193484
0.193489
0.192683
0.193869
0.193655
0.191971
0.192068
0.191681
0.191671
0.191613
0.191151
0.191454
0.191227
0.191506
0.191532
0.191442
0.191477
0.191139
0.191163
0.191283
0.191287
0.191292
0.191607
0.191645
0.191601
0.191841
0.191591
0.191292
0.192700
0.192734
0.188308
0.186630
0.187982
0.192747
0.192728
0.192176
0.192655
0.192481
0.192194
0.192778
0.192788
0.192230
0.193272
0.192863
0.193269
0.192379
0.192379
0.192401
0.192333
0.191176
0.191325
0.191658
0.192015
0.191082
0.191362
0.179409
0.177049
0.178391
0.173277
0.175020
0.173954
0.174096
0.177071
0.183290
0.180841
0.178970
0.180859
0.180861
0.178988
0.178963
0.178961
0.183803
0.185728
0.185725
0.180762
0.190554
0.074267
0.070827
0.071043
0.071577
0.071536
0.069585
0.069370
0.070741
0.071008
0.073692
0.072903
0.072812
0.071968
0.074412
0.072764
0.074275
0.074070
0.071776
0.076013
0.074736
0.074582
0.074226
0.074842
0.075496
0.076794
0.075033
0.074621
0.074464
0.074080
0.074145
0.075080
0.075199
0.074697
0.072868
0.072458
0.072502
0.072080
0.072005
0.071787
0.063326
0.069169
0.062955
0.058126
0.056027
0.053991
0.056825
0.060117
0.058031
0.069560
0.047994
0.048782
0.048376
0.046880
0.046769
0.046566
0.046154
0.063713
0.049102
0.058338
0.058530
0.054982
0.055965
0.056334
0.056270
0.057113
0.060306
0.059151
0.059160
0.055353
0.055713
0.066323
0.066843
0.065541
0.061817
0.064318
0.067207
0.066790
0.066943
0.064340
0.063853
0.062659
0.055390
0.055198
0.055205
0.069984
0.069734
0.071140
0.072272
0.066307
0.065801
0.175659
0.188993
0.185062
0.170241
0.167283
0.168923
0.170280
0.160310
0.180672
0.166956
0.180187
0.180927
0.160613
0.153878
0.158131
0.155594
0.175667
0.175049
0.157045
0.170531
0.158618
0.173597
0.173116
0.158247
0.154367
0.151715
0.179201
0.154744
0.174384
0.178451
0.150070
0.176077
0.157427
0.174874
0.154708
0.151495
0.155209
0.153354
0.153019
0.153353
0.154928
0.155171
0.158335
0.167563
0.154941
0.157853
0.155105
0.155583
0.157299
0.166142
0.157325
0.157082
0.156123
0.156426
0.155963
0.156573
0.157486
0.156310
0.165256
0.163989
0.157658
0.156240
0.156380
0.156982
0.157308
0.158763
0.159855
0.156017
0.156680
0.167091
0.169333
0.172119
0.171642
0.168594
0.168138
0.155111
0.155019
0.155968
0.155217
0.155588
0.155409
0.156430
0.156671
0.156221
0.155492
0.156506
0.155381
0.154350
0.156335
0.155919
0.155706
0.157579
0.153746
0.155733
0.154959
0.154509
0.154883
0.156108
0.156088
0.156243
0.154967
0.154561
0.155846
0.150812
0.149833
0.153081
0.166118
0.165822
0.154164
0.151534
0.152731
0.153112
0.153801
0.155979
0.156042
0.150670
0.165461
0.164477
0.164148
0.163892
0.152075
0.155766
0.149479
0.149811
0.162736
0.165026
0.165271
0.150299
0.166731
0.166076
0.165116
0.135259
0.134413
0.142852
0.145354
0.140387
0.143788
0.143640
0.143606
0.141128
0.143975
0.143646
0.144179
0.160032
0.144014
0.144077
0.145229
0.144270
0.145710
0.144816
0.135775
0.136372
0.160458
0.160254
0.152267
0.075881
0.078427
0.079964
0.079430
0.080554
0.080910
0.081456
0.081511
0.088382
0.087564
0.086100
0.086443
0.078568
0.079949
0.077944
0.078499
0.074160
0.078409
0.082541
0.069241
0.083535
0.083098
0.082965
0.081463
0.076440
0.076609
0.071490
0.072920
0.072820
0.072358
0.072513
0.071910
0.089151
0.074569
0.071122
0.068935
0.066414
0.069992
0.079297
0.078100
0.086463
0.093279
0.088860
0.089955
0.091474
0.079098
0.068255
0.067608
0.078405
0.078192
0.079669
0.079110
0.085499
0.079968
0.080569
0.079427
0.071909
0.077530
0.081464
0.084482
0.082209
0.084189
0.083062
0.080984
0.082552
0.080696
0.081881
0.083313
0.085604
0.080442
0.076443
0.073872
0.074702
0.081751
0.077022
0.076084
0.076680
0.073630
0.082197
0.082419
0.082265
0.082108
0.082174
0.081208
0.083435
0.082570
0.082049
0.084742
0.090716
0.087319
0.089133
0.088768
0.087846
0.085677
0.085650
0.084982
0.084254
0.085171
0.077123
0.086266
0.081947
0.077929
0.077329
0.077647
0.077469
0.082869
0.080039
0.079960
0.080636
0.079049
0.079716
0.075983
0.074775
0.079598
0.078195
0.087852
0.074454
0.075689
0.079044
0.081852
0.083665
0.086244
0.081713
0.085753
0.087579
0.078690
0.082613
0.079319
0.080041
0.084276
0.058485
0.082936
0.066180
0.066598
0.054724
0.047226
0.052125
0.056539
0.057182
0.053926
0.062028
0.061957
0.061543
0.057449
0.058171
0.057732
0.058325
0.055740
0.057223
0.058993
0.059025
0.061771
0.060883
0.060623
0.056915
0.057954
0.056993
0.055654
0.059449
0.055484
0.053318
0.053407
0.059606
0.053938
0.065123
0.072256
0.106414
0.095694
0.093705
0.093125
0.093073
0.093658
0.101824
0.101267
0.100055
0.101071
0.101468
0.100654
0.095670
0.100703
0.095204
0.095501
0.095560
0.094964
0.095289
0.094923
0.096375
0.084280
0.084683
0.084229
0.084672
0.090618
0.086273
0.085537
0.088405
0.096290
0.087408
0.096124
0.085251
0.083497
0.086556
0.084177
0.086433
0.085485
0.087515
0.085662
0.086695
0.086376
0.086458
0.089687
0.084856
0.086792
0.091228
0.090380
0.090904
0.091639
0.087182
0.086917
0.085668
0.090285
0.089917
0.090783
0.089387
0.083794
0.082324
0.089767
0.094302
0.091971
0.090329
0.088570
0.090012
0.090642
0.090775
0.089066
0.089521
0.094340
0.095877
0.089553
0.089908
0.092387
0.093443
0.093028
0.094260
0.093929
0.093283
0.091123
0.092413
0.091442
0.091513
0.091475
0.098017
0.093256
0.098788
0.092543
0.093810
0.094315
0.093704
0.092432
0.093859
0.099520
0.105562
0.098935
0.099791
0.093949
0.096852
0.096426
0.102089
0.095377
0.092493
0.094619
0.095191
0.094407
0.101388
0.091958
0.093252
0.093531
0.094633
0.093210
0.090844
0.095074
0.095594
0.096983
0.092680
0.093459
0.096590
0.095377
0.092816
0.102391
0.089769
0.095096
0.098415
0.099923
0.098649
0.101478
0.089319
0.087197
0.091976
0.092705
0.096252
0.103170
0.099616
0.097501
0.100619
0.098896
0.099819
0.098061
0.097068
0.093223
0.095910
0.094963
0.094251
0.095702
0.095605
0.096257
0.096305
0.095453
0.094492
0.090789
0.093804
0.093988
0.093890
0.094147
0.094705
0.094585
0.094805
0.093048
0.093153
0.095378
0.094674
0.096595
0.095326
0.096157
0.097508
0.098795
0.092224
0.094260
0.092638
0.092950
0.091426
0.090924
0.099080
0.101708
0.097040
0.093187
0.099231
0.095182
0.098477
0.097173
0.093957
0.102426
0.102439
0.103022
0.100698
0.092099
0.101692
0.101245
0.104031
0.099609
0.098684
0.097807
0.102537
0.111512
0.107488
0.110616
0.098767
0.101871
0.098694
0.098066
0.098763
0.101719
0.100372
0.097220
0.102253
0.098329
0.099482
0.101858
0.100340
0.100485
0.101652
0.099992
0.095960
0.098198
0.093854
0.086602
0.087596
0.084877
0.085120
0.092999
0.091730
0.090553
0.091400
0.092492
0.089665
0.096228
0.097356
0.090716
0.093375
0.099118
0.091217
0.092024
0.090661
0.091232
0.092615
0.095874
0.095964
0.097847
0.097270
0.088882
0.094000
0.090944
0.090582
0.090999
0.090840
0.105254
0.110893
0.101002
0.100684
0.104419
0.093611
0.095851
0.097795
0.097824
0.092351
0.090443
0.090073
0.094447
0.096050
0.093107
0.092402
0.090754
0.100293
0.099494
0.098018
