0.060786
0.060750
0.061067
0.060675
0.062780
0.062274
0.062718
0.062737
0.062893
0.062705
0.062482
0.062610
0.062791
0.062389
0.062668
0.062644
0.062319
0.063163
0.063064
0.063330
0.064279
0.063052
0.063218
0.062872
0.063108
0.062845
0.063143
0.063200
0.063264
0.063023
0.062831
0.063410
0.063578
0.063738
0.063581
0.063704
0.063850
0.063031
0.062937
0.062786
0.062879
0.064108
0.063977
0.063910
0.063053
0.062930
0.063050
0.063212
0.063162
0.063034
0.063034
0.062781
0.062850
0.062844
0.062521
0.062498
0.062457
0.062507
0.063258
0.062936
0.063650
0.062960
0.061939
0.062977
0.063043
0.062373
0.062337
0.062417
0.062519
0.063305
0.061664
0.061532
0.061752
0.061821
0.061838
0.062871
0.062787
0.063254
0.061628
0.061897
0.061828
0.061980
0.061783
0.061528
0.061437
0.061472
0.061196
0.061122
0.061425
0.061579
0.061484
0.061649
0.061551
0.061443
0.061468
0.061485
0.061424
0.061113
0.061278
0.061107
0.059006
0.058646
0.061078
0.061417
0.061110
0.061266
0.061263
0.060937
0.061290
0.061244
0.045496
0.040404
0.039611
0.033695
0.032974
0.033086
0.034190
0.034128
0.034781
0.034963
0.032730
0.030064
0.027774
0.025974
0.024926
0.023873
0.022826
0.021774
0.020884
0.020092
0.019409
0.018954
0.017505
0.015679
0.014044
0.012460
0.011149
0.009969
0.009019
0.008187
0.007956
0.007774
0.006325
0.005128
0.004143
0.003316
0.002612
0.002073
0.001648
0.001280
0.000952
0.000755
0.000662
0.000557
0.000439
0.000346
0.000309
0.000264
0.000229
0.000201
0.000187
0.000174
0.000166
0.000161
0.000159
0.000158
0.000158
0.000157
0.000157
0.000157
0.000156
0.000156
0.000155
0.000155
0.000155
0.000155
0.000155
0.000155
0.000155
0.000155
0.000143
0.000143
0.000143
0.000143
0.000143
0.000127
0.000115
0.000103
0.000094
0.000059
0.000046
0.000033
0.000028
0.000029
0.000045
0.000092
0.000158
0.000238
0.000343
0.000445
0.000466
0.000565
0.000631
0.000676
0.000696
0.000758
0.000767
0.000815
0.000798
0.000792
0.000828
0.000836
0.000805
0.000810
0.000779
0.000767
0.000707
0.000701
0.000684
0.000710
0.000725
0.000750
0.000774
0.000770
0.000775
0.000749
0.000729
0.000653
0.000562
0.000440
0.000352
0.000286
0.000243
0.000206
0.000180
0.000157
0.000144
0.000134
0.000129
0.000125
0.000121
0.000121
0.000121
0.000121
0.000121
0.000121
0.000121
0.000121
0.000121
0.000120
0.000120
0.000120
0.000120
0.000118
0.000118
0.000118
0.000118
0.000115
0.000114
0.000115
0.000109
0.000091
0.000081
0.000064
0.000053
0.000029
0.000015
0.000004
0.000000
0.000011
0.000037
0.000103
0.000185
0.000285
0.000380
0.000437
0.000506
0.000577
0.000616
0.000674
0.000704
0.000742
0.000755
0.000789
0.000789
0.000798
0.000804
0.000797
0.000792
0.000776
0.000764
0.000719
0.000708
0.000683
0.000688
0.000705
0.000735
0.000753
0.000770
0.000760
0.000756
0.000720
0.000692
0.000607
0.000496
0.000405
0.000320
0.000269
0.000220
0.000196
0.000170
0.000151
0.000136
0.000129
0.000125
0.000123
0.000122
0.000122
0.000122
0.000122
0.000122
0.000121
0.000122
0.000122
0.000122
0.000122
0.000122
0.000122
0.000122
0.000122
0.000123
0.000123
0.000123
0.000122
0.000122
0.000122
0.000113
0.000097
0.000085
0.000067
0.000055
0.000034
0.000022
0.000013
0.000014
0.000031
0.000070
0.000151
0.000243
0.000347
0.000420
0.000493
0.000546
0.000603
0.000652
0.000701
0.000730
0.000760
0.000774
0.000790
0.000805
0.000802
0.000813
0.000808
0.000786
0.000778
0.000750
0.000726
0.000686
0.000686
0.000723
0.000734
0.000740
0.000766
0.000791
0.000760
0.000754
0.000722
0.000658
0.000555
0.000450
0.000347
0.000289
0.000240
0.000209
0.000179
0.000158
0.000143
0.000135
0.000129
0.000125
0.000123
0.000122
0.000122
0.000122
0.000122
0.000123
0.000123
0.000123
0.000123
0.000122
0.000122
0.000123
0.000123
0.000123
0.000123
0.000122
0.000123
0.000123
0.000123
0.000122
0.000115
0.000105
0.000095
0.000076
0.000063
0.000043
0.000030
0.000017
0.000013
0.000041
0.000074
0.000125
0.000221
0.000288
0.000388
0.000478
0.000537
0.000576
0.000651
0.000692
0.000719
0.000755
0.000765
0.000792
0.000810
0.000806
0.000813
0.000844
0.010376
0.010068
0.011422
0.014244
0.018525
0.024481
0.031532
0.036848
0.038429
0.038449
0.038445
0.038389
0.038465
0.038403
0.038522
0.038578
0.038584
0.038355
0.038520
0.038421
0.038402
0.038463
0.038424
0.038424
0.038424
0.038605
0.038600
0.038598
0.038548
0.038568
0.038673
0.038631
0.038666
0.038581
0.038598
0.038594
0.038585
0.038541
0.038542
0.038541
0.038487
0.038848
0.038841
0.038818
0.038818
0.038791
0.038872
0.038871
0.038871
0.038870
0.038654
0.038654
0.038654
0.038654
0.038803
0.038676
0.038676
0.038723
0.038610
0.038685
0.038685
0.038686
0.038710
0.038651
0.038651
0.038651
0.038719
0.038720
0.038720
0.038662
0.038706
0.038706
0.038706
0.038706
0.038654
0.038696
0.038633
0.038632
0.038587
0.038586
0.038586
0.038643
0.038574
0.038573
0.038573
0.038574
0.038637
0.038686
0.038686
0.038682
0.038655
0.038583
0.038583
0.038597
0.038590
0.038576
0.038576
0.038641
0.038642
0.038636
0.038641
0.038949
0.039013
0.039014
0.039013
0.039016
0.039031
0.039031
0.039032
0.038993
0.038931
0.038930
0.038930
0.038930
0.038991
0.038986
0.038986
0.038986
0.038674
0.038674
0.038674
0.038674
0.038609
0.038578
0.038578
0.038574
0.038801
0.038723
0.038723
0.038777
0.038782
0.038842
0.038843
0.038866
0.038773
0.038778
0.038778
0.038778
0.038782
0.038767
0.038766
0.038766
0.038802
0.038791
0.038792
0.038792
0.038632
0.038628
0.038659
0.038826
0.038736
0.038737
0.038737
0.038873
0.038910
0.038961
0.038960
0.038960
0.038960
0.038960
0.038960
0.038784
0.038754
0.038754
0.038752
0.038694
0.038790
0.038787
0.038787
0.038780
0.038987
0.038991
0.038991
0.038991
0.038641
0.038641
0.038641
0.038641
0.038773
0.038786
0.038786
0.038786
0.038746
0.038849
0.038850
0.038848
0.038790
0.038791
0.038789
0.038791
0.038747
0.038747
0.038747
0.038747
0.038718
0.038718
0.038718
0.038658
0.038733
0.038713
0.038713
0.038777
0.038715
0.038717
0.038717
0.038717
0.038648
0.038670
0.038669
0.038729
0.038704
0.038776
0.038776
0.038776
0.038696
0.038699
0.038673
0.038672
0.038694
0.038692
0.038692
0.038639
0.038642
0.038643
0.038691
0.038681
0.038673
0.038673
0.038673
0.038673
0.038675
0.038676
0.038679
0.038677
0.038814
0.038814
0.038814
0.038814
0.038755
0.038755
0.038755
0.038755
0.038704
0.038709
0.038709
0.038709
0.038698
0.038577
0.038578
0.038638
0.038693
0.038587
0.038588
0.038646
0.038719
0.038790
0.038790
0.038790
0.038696
0.038758
0.038758
0.038702
0.038728
0.038725
0.038784
0.038784
0.038758
0.038758
0.038757
0.038776
0.038785
0.038784
0.038784
0.038702
0.038734
0.038747
0.038887
0.038887
0.038887
0.038887
0.038887
0.038575
0.035411
0.030880
0.031178
0.034041
0.039138
0.040914
0.049215
0.055486
0.055546
0.056931
0.065433
0.066467
0.070542
0.070959
0.071026
0.071210
0.071057
0.070561
0.070531
0.070532
0.070580
0.070626
0.070646
0.070646
0.070646
0.070747
0.070459
0.070459
0.070459
0.070561
0.070957
0.070956
0.070709
0.070766
0.070993
0.070758
0.071024
0.070017
0.070689
0.070628
0.070653
0.070694
0.070686
0.070704
0.070298
0.070391
0.070599
0.070540
0.070438
0.070162
0.069937
0.069924
0.070659
0.069893
0.069869
0.069883
0.069842
0.069934
0.070076
0.069657
0.069998
0.069994
0.069994
0.069995
0.069709
0.069894
0.069894
0.069991
0.069921
0.069921
0.069824
0.069921
0.069870
0.069848
0.069849
0.069849
0.069862
0.069862
0.069863
0.069910
0.069984
0.070197
0.070021
0.070198
0.069651
0.069650
0.069652
0.069672
0.069652
0.069651
0.069652
0.069648
0.069648
0.069649
0.069928
0.069648
0.069648
0.069648
0.069920
0.069920
0.069648
0.069928
0.069928
0.069648
0.069648
0.069648
0.069648
0.069648
0.069648
0.069648
0.069648
0.069669
0.069661
0.069664
0.069667
0.069645
0.069642
0.069645
0.069646
0.069790
0.069769
0.069768
0.069768
0.069768
0.069791
0.069768
0.069768
0.069792
0.069627
0.069627
0.069627
0.069647
0.069679
0.069679
0.069679
0.069679
0.069825
0.069825
0.069825
0.069825
0.069604
0.069623
0.069623
0.069710
0.069709
0.069708
0.069708
0.069707
0.069707
0.069708
0.069708
0.069706
0.069708
0.069708
0.069707
0.069708
0.069708
0.069708
0.069708
0.069708
0.069708
0.069708
0.069708
0.069708
0.069752
0.069708
0.069753
0.069706
0.069706
0.069707
0.069708
0.069705
0.069718
0.069737
0.069719
0.069755
0.069752
0.069643
0.069749
0.069600
0.069910
0.069838
0.069662
0.069837
0.069855
0.069854
0.069850
0.069850
0.069532
0.069529
0.069531
0.069531
0.069691
0.069697
0.069697
0.069665
0.070334
0.070334
0.070334
0.070355
0.069835
0.069837
0.069837
0.069835
0.069810
0.069812
0.069812
0.069808
0.069809
0.069809
0.069809
0.069600
0.069808
0.069808
0.069808
0.069789
0.069808
0.069808
0.069808
0.069789
0.069809
0.069807
0.069808
0.069615
0.069802
0.069809
0.069808
0.069673
0.069809
0.069808
0.069808
0.069652
0.069833
0.069842
0.069815
0.069835
0.069862
0.069862
0.069832
0.069603
0.069944
0.069950
0.069948
0.069724
0.069724
0.069724
0.069724
0.069921
0.069906
0.069823
0.069821
0.069821
0.069830
0.069714
0.069713
0.069670
0.069842
0.069902
0.069902
0.069902
0.069920
0.069689
0.069668
0.069895
0.069703
0.069740
0.069740
0.069658
0.069824
0.069743
0.069867
0.069867
0.069704
0.069867
0.069704
0.069824
0.069867
0.069703
0.069703
0.069824
0.069703
0.069661
0.069704
0.069867
0.069844
0.069703
0.069702
0.069703
0.069675
0.069857
0.069612
0.057124
0.054905
0.055832
0.058572
0.067318
0.069667
0.062974
0.062798
0.062824
0.062906
0.062916
0.062907
0.062919
0.063045
0.063046
0.063046
0.063016
0.063035
0.063012
0.063013
0.062943
0.062915
0.062897
0.062896
0.063094
0.063000
0.063012
0.063006
0.063154
0.062996
0.062999
0.062999
0.062995
0.062993
0.063000
0.063000
0.063000
0.062999
0.063001
0.063001
0.063001
0.063001
0.063001
0.063001
0.063001
0.062962
0.062970
0.062970
0.062585
0.062839
0.062839
0.062839
0.062838
0.062518
0.062527
0.062527
0.062527
0.062444
0.062471
0.062471
0.062489
0.062463
0.062481
0.062481
0.062468
0.062468
0.062468
0.062985
0.062909
0.062909
0.062910
0.062914
0.062810
0.063050
0.063050
0.063054
0.062661
0.062661
0.062661
0.062661
0.062743
0.062784
0.062784
0.062784
0.063150
0.063151
0.063151
0.063151
0.063255
0.063182
0.063182
0.063183
0.063183
0.063183
0.063183
0.063183
0.063205
0.063141
0.063141
0.063141
0.063141
0.063141
0.063141
0.063141
0.063141
0.063141
0.063141
0.063141
0.063141
0.063141
0.063141
0.063141
0.063141
0.063141
0.063141
0.063141
0.063141
0.063141
0.063141
0.063141
0.062949
0.062948
0.063261
0.063068
0.063333
0.063261
0.063261
0.063067
0.063067
0.063065
0.063067
0.063067
0.063068
0.063068
0.063064
0.063063
0.063125
0.063125
0.063158
0.063158
0.062659
0.062659
0.062659
0.062665
0.062883
0.062774
0.062774
0.062774
0.062774
0.062774
0.062774
0.062774
0.062774
0.062774
0.062774
0.062774
0.062774
0.062774
0.062774
0.062774
0.062774
0.062774
0.062774
0.062774
0.062713
0.062713
0.062713
0.062713
0.062713
0.062713
0.062713
0.062713
0.062713
0.062713
0.062713
0.062713
0.062713
0.062713
0.062713
0.062713
0.062707
0.062707
0.062707
0.062900
0.062870
0.062902
0.062902
0.062740
0.062740
0.062740
0.062740
0.062740
0.062783
0.062751
0.062752
0.062752
0.062681
0.062681
0.062688
0.062688
0.062988
0.062988
0.062988
0.062987
0.062923
0.063262
0.063262
0.063369
0.063369
0.063369
0.063369
0.063369
0.063369
0.063369
0.063369
0.063369
0.063371
0.063229
0.063229
0.063229
0.063264
0.063264
0.063264
0.063369
0.063260
0.063260
0.063260
0.063230
0.063233
0.063233
0.063233
0.063232
0.063232
0.063232
0.063232
0.063232
0.063232
0.063232
0.063232
0.063232
0.063230
0.063230
0.063057
0.063057
0.063268
0.063268
0.063268
0.062898
0.062898
0.062898
0.062898
0.062898
0.062898
0.062898
0.062898
0.062898
0.062941
0.062941
0.062940
0.062941
0.062916
0.062916
0.062904
0.062904
0.063240
0.063026
0.063026
0.063026
0.063029
0.063029
0.063029
0.063029
0.063029
0.063029
0.063029
0.063029
0.063029
0.063029
0.063029
0.063029
0.063029
0.063029
0.063029
0.063028
0.063028
0.063028
0.063028
0.063028
0.063028
0.063028
0.063028
0.063028
0.063028
0.063028
0.063028
0.063028
0.063028
0.063028
0.063028
0.063028
0.063028
0.063028
0.063022
0.063026
0.063009
0.063009
0.063009
0.062871
0.062871
0.062871
0.062871
0.062871
0.062872
0.062811
0.062767
0.062811
0.062891
0.062891
0.062885
0.062891
0.063105
0.063105
0.063105
0.063114
0.062915
0.063118
0.063118
0.062762
0.063106
0.063106
0.063106
0.063106
0.063106
0.063106
0.063106
0.063106
0.063106
0.063106
0.063106
0.063106
0.063106
0.063106
0.063106
0.063106
0.063106
0.063106
0.063106
0.063106
0.063106
0.063106
0.063106
0.063106
0.063106
0.063106
0.063106
0.063106
0.063106
0.063106
0.063106
0.063106
0.063106
0.063106
0.063126
0.063106
0.063107
0.063107
0.063106
0.062824
0.062824
0.062824
0.062824
0.062824
0.062833
0.062901
0.062901
0.062900
0.062984
0.062984
0.062984
0.062984
0.062842
0.063104
0.063104
0.063104
0.062689
0.062886
0.062886
0.062886
0.062898
0.062619
0.062619
0.062619
0.062619
0.062619
0.062619
0.062619
0.062619
0.062619
0.062619
0.062619
0.062619
0.062619
0.062619
0.062619
0.062619
0.062619
0.062619
0.062619
0.062619
0.062619
0.062619
0.062619
0.062619
0.062619
0.062619
0.062619
0.062619
0.062619
0.062619
0.062619
0.062621
0.062621
0.062951
0.062949
0.062949
0.062949
0.062949
0.062884
0.062884
0.062884
0.062884
0.062884
0.062887
0.062959
0.062959
0.062959
0.062847
0.062847
0.062847
0.062847
0.062967
0.062967
0.062967
0.062967
0.063003
0.063015
0.063015
0.063015
0.063015
0.063015
0.063015
0.063015
0.063015
0.063015
0.063015
0.063015
0.062946
0.062946
0.062946
0.062945
0.062945
0.062945
0.062945
0.062945
0.062945
0.062945
0.062945
0.062945
0.062945
0.062945
0.062945
0.062945
0.062945
0.062945
0.062945
0.062945
0.062945
0.062945
0.062945
0.062945
0.063014
0.063014
0.063015
0.063013
0.063013
0.063013
0.063013
0.062675
0.062675
0.062675
0.062675
0.062726
0.062726
0.062726
0.062726
0.062726
0.062726
0.062726
0.062726
0.062726
0.062407
0.063754
0.041582
0.047170
0.044222
0.046520
0.049726
0.060798
0.062190
0.062176
0.062241
0.062152
0.061806
0.062043
0.061501
0.061842
0.062192
0.061517
0.061247
0.061448
0.061357
0.062141
0.062283
0.062156
0.062429
0.062386
0.062748
0.062740
0.063265
0.062613
0.062482
0.062495
0.062495
0.062403
0.062512
0.062734
0.073079
0.062430
0.072914
0.062363
0.061815
0.062001
0.073477
0.073457
0.072676
0.073432
0.073632
0.074085
0.074203
0.073479
0.073417
0.073592
0.074255
0.073198
0.073021
0.072484
0.072992
0.072695
0.073213
0.061642
0.061674
0.061774
0.061754
0.062239
0.062015
0.065179
0.062065
0.147853
0.115159
0.079886
0.097351
0.119645
0.123611
0.191575
0.196643
0.195429
0.089882
0.110503
0.135989
0.121362
0.109222
0.097926
0.087415
0.103065
0.097390
0.097796
0.078133
0.075899
0.065773
0.068199
0.057445
0.060622
0.062266
0.060991
0.060932
0.061374
0.061094
0.060305
0.061059
0.060240
0.061903
0.061013
0.058463
0.057850
0.058168
0.057682
0.057567
0.060034
0.057724
0.057649
0.057613
0.058349
0.058611
0.058811
0.058927
0.058625
0.059136
0.058734
0.058949
0.057794
0.057965
0.057413
0.057622
0.057250
0.057187
0.057208
0.056514
0.056727
0.056831
0.056809
0.057397
0.057175
0.057944
0.057461
0.060913
0.062281
0.058558
0.156744
0.133740
0.148860
0.191127
0.187596
0.192967
0.216207
0.217023
0.223133
0.225764
0.225764
0.225764
0.225764
0.225764
0.225764
0.225764
0.225764
0.225764
0.225764
0.225764
0.225764
0.225764
0.225764
0.225764
0.225764
0.225764
0.225764
0.225764
0.225764
0.225764
0.225764
0.225764
0.225764
0.225764
0.225764
0.225764
0.225764
0.225764
0.225764
0.225764
