0.236193
0.236193
0.236193
0.236193
0.236193
0.236193
0.236193
0.236193
0.236193
0.236193
0.236193
0.236193
0.236193
0.236193
0.236193
0.236193
0.236193
0.236193
0.236193
0.236193
0.236193
0.236193
0.236193
0.236193
0.236193
0.236193
0.226216
0.212407
0.199236
0.182997
0.178220
0.165529
0.152945
0.142541
0.138303
0.129338
0.123783
0.116168
0.112599
0.108363
0.104421
0.101644
0.101390
0.100649
0.099690
0.100987
0.104591
0.106582
0.105420
0.109458
0.111423
0.111838
0.112169
0.113724
0.114658
0.114055
0.117160
0.115028
0.117303
0.117049
0.115403
0.116773
0.116860
0.116640
0.114667
0.115676
0.115769
0.114817
0.114509
0.114660
0.116061
0.115149
0.116573
0.116058
0.115277
0.114609
0.116198
0.115047
0.113099
0.109653
0.109452
0.109331
0.109109
0.110016
0.109409
0.111482
0.116595
0.117254
0.116549
0.116657
0.118517
0.122855
0.115433
0.115680
0.117210
0.122641
0.117444
0.117799
0.116598
0.120716
0.115431
0.114043
0.121376
0.122953
0.124398
0.122107
0.118067
0.117193
0.115912
0.122676
0.122132
0.121600
0.122587
0.122125
0.123213
0.124061
0.123544
0.122730
0.122134
0.117132
0.121916
0.117780
0.120589
0.117687
0.121758
0.116539
0.116999
0.116596
0.116276
0.116865
0.116903
0.114668
0.115220
0.116761
0.116608
0.116240
0.117953
0.124870
0.124915
0.121715
0.117626
0.118746
0.123992
0.124371
0.123304
0.121848
0.124269
0.123793
0.121950
0.126759
0.121860
0.120998
0.121006
0.121005
0.120925
0.124350
0.123923
0.123931
0.123763
0.093093
0.077080
0.060328
0.046587
0.035972
0.028560
0.023960
0.022220
0.022155
0.022110
0.022124
0.022034
0.021945
0.022091
0.021909
0.021915
0.022122
0.022144
0.021773
0.021388
0.015841
0.011088
0.006861
0.003572
0.000990
0.000147
0.000000
0.000140
0.000523
0.001141
0.002165
0.002698
0.003286
0.004290
0.004685
0.004733
0.004932
0.005547
0.005862
0.005813
0.005521
0.005430
0.005543
0.005706
0.006410
0.007143
0.007757
0.007740
0.007785
0.008153
0.009009
0.009026
0.009108
0.009385
0.009356
0.008973
0.009033
0.009416
0.009759
0.009761
0.009743
0.009708
0.009967
0.010232
0.010315
0.010813
0.011562
0.011539
0.011367
0.011649
0.011923
0.012329
0.012909
0.013148
0.012795
0.012801
0.012456
0.012418
0.013054
0.013421
0.013555
0.013521
0.013678
0.014106
0.014300
0.014784
0.015302
0.015343
0.015363
0.015339
0.015705
0.016591
0.016450
0.016974
0.016910
0.017281
0.017229
0.017522
0.017815
0.018005
0.017687
0.017911
0.017782
0.018559
0.022304
0.027718
0.032553
0.039940
0.052060
0.067386
0.078151
0.074923
0.066682
0.073806
0.075497
0.066986
0.066461
0.073586
0.075227
0.075170
0.067517
0.073865
0.075817
0.078026
0.079410
0.078799
0.073717
0.076629
0.074208
0.074092
0.073479
0.072853
0.072609
0.070653
0.072896
0.073185
0.072401
0.073185
0.073578
0.072807
0.070894
0.070742
0.074813
0.071245
0.074229
0.074532
0.073528
0.073228
0.073758
0.075581
0.075970
0.076193
0.073603
0.077045
0.075576
0.069369
0.068394
0.074254
0.069729
0.072608
0.069477
0.071479
0.072386
0.075793
0.075905
0.074369
0.074277
0.074462
0.074137
0.073839
0.069461
0.069503
0.073769
0.075118
0.069449
0.071012
0.075165
0.074977
0.064887
0.073960
0.073778
0.074051
0.075150
0.075426
0.074097
0.074374
0.074161
0.072660
0.074039
0.073722
0.072863
0.074642
0.074476
0.074552
0.074414
0.074657
0.074366
0.074821
0.074485
0.095260
0.097066
0.097466
0.097361
0.097222
0.096055
0.096920
0.097882
0.098607
0.098138
0.097232
0.097172
0.096585
0.097015
0.097181
0.097350
0.097810
0.097574
0.097766
0.097492
0.095940
0.096393
0.096586
0.096274
0.096771
0.095630
0.095247
0.095461
0.095803
0.095539
0.096189
0.096235
0.096263
0.096357
0.096149
0.095805
0.097483
0.095967
0.095823
0.095706
0.095400
0.096023
0.097467
0.097365
0.098279
0.097917
0.098448
0.097628
0.097708
0.097746
0.097515
0.096043
0.097971
0.097937
0.097944
0.095607
0.095463
0.095469
0.095367
0.096695
0.096998
0.098548
0.097066
0.099844
0.097344
0.095626
0.097357
0.099486
0.099028
0.099018
0.096577
0.096253
0.096771
0.098780
0.096836
0.099179
0.098929
0.099387
0.100018
0.101128
0.099177
0.097930
0.097750
0.100303
0.098279
0.096104
0.096440
0.103631
0.097260
0.101322
0.098952
0.098266
0.106492
0.099534
0.098367
0.105186
0.105346
0.098365
0.099077
0.099429
0.099195
0.105461
0.105611
0.106210
0.099329
0.099313
0.099504
0.099965
0.104716
0.104997
0.105114
0.104851
0.105020
0.105526
0.104910
0.105026
0.105517
0.105563
0.103420
0.103449
0.103260
0.101606
0.099946
0.100714
0.103188
0.102594
0.104926
0.105032
0.114150
0.115134
0.115990
0.115053
0.113841
0.115066
0.113706
0.114726
0.116761
0.117104
0.119381
0.118747
0.119815
0.121389
0.120689
0.104894
0.118059
0.120106
0.120304
0.105723
0.117206
0.117390
0.115497
0.125814
0.115050
0.113735
0.116111
0.115623
0.114456
0.114316
0.116428
0.113909
0.115477
0.112848
0.115677
0.114392
0.122920
0.123598
0.122069
0.122269
0.124151
0.124008
0.123988
0.123314
0.124027
0.123475
0.125410
0.125796
0.126245
0.118111
0.118455
0.118847
0.119134
0.119416
0.120199
0.119419
0.119316
0.121971
0.122431
0.118648
0.117940
0.119060
0.120405
0.120070
0.118659
0.118447
0.120250
0.119058
0.119699
0.120119
0.120402
0.120068
0.120099
0.120772
0.120010
0.120465
0.120629
0.123399
0.121227
0.122480
0.119986
0.117103
0.116872
0.116268
0.114908
0.118905
0.121101
0.116076
0.114076
0.115243
0.111408
0.112231
0.111060
0.113057
0.114494
0.113242
0.115422
0.115795
0.117953
0.115845
0.114296
0.116155
0.117023
0.116366
0.117440
0.119459
0.119002
0.118330
0.116998
0.118937
0.111822
0.111015
0.111188
0.111241
0.115462
0.115903
0.118057
0.119995
0.122076
0.122572
0.113112
0.122750
0.122439
0.119512
0.119033
0.119857
0.119499
0.122479
0.121772
0.122007
0.122132
0.118660
0.122376
0.123260
0.122074
0.124567
0.121347
0.118636
0.117622
0.118991
0.115629
0.113853
0.115392
0.117372
0.116615
0.117799
0.118767
0.121145
0.119756
0.117886
0.117689
0.116873
0.119911
0.118366
0.119485
0.113706
0.121287
0.119421
0.120394
0.120116
0.119910
0.120770
0.120424
0.119612
0.121175
0.119656
0.119216
0.118758
0.118792
0.118755
0.118859
0.120198
0.120359
0.120746
0.120031
0.118333
0.120017
0.122981
0.121542
0.120413
0.121704
0.121342
0.124121
0.123040
0.122540
0.125173
0.124123
0.121170
0.120220
0.120157
0.120756
0.120878
0.121395
0.120714
0.120224
0.122971
0.121751
0.121922
0.120721
0.119780
0.119867
0.121288
0.123409
0.123602
0.126177
0.125378
0.119976
0.119906
0.125647
0.124263
0.122225
0.124239
0.123904
0.125474
0.126366
0.125929
0.126855
0.127377
0.127865
0.128172
0.127805
0.124675
0.123654
0.122472
0.127003
0.126898
0.126638
0.125823
0.126310
0.126283
0.126790
0.127328
0.124377
0.124555
0.121768
0.122379
0.119316
0.119279
0.122060
0.121876
0.122190
0.122512
0.122965
0.122628
0.122588
0.122338
0.122062
0.122295
0.121722
0.123552
0.122897
0.122154
0.121858
0.122202
0.097547
0.098975
0.097757
0.098572
0.099217
0.095646
0.098754
0.095920
0.102145
0.097794
0.103282
0.095468
0.101857
0.103101
0.103218
0.099432
0.098201
0.097376
0.094974
0.097751
0.096829
0.096815
0.097762
0.101392
0.099809
0.094945
0.101185
0.100154
0.098606
0.097741
0.098543
0.098109
0.097706
0.095849
0.096744
0.098809
0.096112
0.097645
0.100450
0.102205
0.100527
0.100289
0.100153
0.100473
0.100465
0.102509
0.097390
0.102010
0.099896
0.101808
0.099638
0.099688
0.096391
0.099591
0.102340
0.097329
0.096105
0.098962
0.104601
0.099457
0.104694
0.096130
0.096208
0.096696
0.098211
0.104850
0.104550
0.098134
0.104154
0.101361
0.102842
0.093624
0.092958
0.094792
0.095095
0.099307
0.099846
0.098762
0.099433
0.099503
0.100953
0.097181
0.099648
0.095515
0.095525
0.094452
0.095480
0.095677
0.094638
0.094833
0.096727
0.098524
0.100982
0.097132
0.099946
0.101387
0.092616
0.096781
0.101348
0.097073
0.096256
0.097446
0.096282
0.101539
0.107111
0.108942
0.103057
0.101803
0.101357
0.096180
0.100048
0.097394
0.099701
0.102907
0.100888
0.100486
0.099933
0.100277
0.099352
0.087275
0.087875
0.100611
0.097283
0.098037
0.088822
0.102873
0.102240
0.101653
0.102592
0.102817
0.102274
0.099668
0.104747
0.094848
0.107163
0.107476
0.101188
0.099411
0.100838
0.106363
0.102122
0.099461
0.107342
0.107129
0.106244
0.106691
0.097629
0.108057
0.109490
0.109884
0.108479
0.097748
0.101592
0.102315
0.102586
0.102415
0.102484
0.106296
0.103522
0.098991
0.092207
0.109932
0.091848
0.103444
0.103471
0.110097
0.093682
0.091977
0.104047
0.094688
0.092929
0.093482
0.092138
0.092344
0.092581
0.094309
0.091199
0.091323
0.093652
0.090736
0.094638
0.091888
0.092342
0.093476
0.092171
0.100902
0.120265
0.119884
0.120139
0.120405
0.120070
0.120188
0.121010
0.121115
0.122124
0.122895
0.123416
0.123707
0.121914
0.121073
0.121291
0.120608
0.120556
0.121743
0.123465
0.123118
0.120549
0.123601
0.123208
0.123402
0.124010
0.125582
0.120726
0.120291
0.121386
0.119337
0.118935
0.118581
0.118685
0.119578
0.120189
0.120346
0.120322
0.119929
0.120402
0.120263
0.119895
0.118783
0.118659
0.118312
0.118160
0.118689
0.118679
0.117843
0.118270
0.117155
0.116832
0.121902
0.122154
0.119537
0.120018
0.119071
0.119565
0.121703
0.119418
0.118867
0.119870
0.123386
0.122372
0.122167
0.122204
0.121662
0.121537
0.121804
0.122715
0.124571
0.121865
0.122577
0.123656
0.123672
0.125611
0.125433
0.124609
0.124280
0.124017
0.124256
0.123775
0.124850
0.123622
0.124760
0.124927
0.125456
0.125477
0.125069
0.125531
0.124717
0.125391
0.125267
0.124529
0.122822
0.123958
0.120775
0.122671
0.122646
0.121312
0.120779
0.120842
0.120812
0.122365
0.121957
0.123183
0.121998
0.122586
0.123907
0.123888
0.123301
0.122347
0.123348
0.121730
0.121867
0.121783
0.122949
0.121974
0.122017
0.112853
0.119875
0.119983
0.120263
0.121221
0.119848
0.121157
0.117650
0.117781
0.117423
0.119100
0.119650
0.119829
0.118752
0.118412
0.118103
0.117943
0.119284
0.119698
0.119330
0.120263
0.119415
0.120463
0.119838
0.120049
0.119905
0.120091
0.120228
0.120413
0.119679
0.119797
0.119303
0.119738
0.119069
0.121358
0.119664
0.119576
0.121191
0.120446
0.120575
0.120648
0.120946
0.121146
0.119513
0.120066
0.119760
0.120601
0.120136
0.119916
0.119369
0.120894
0.120245
0.120146
0.120015
0.119811
0.120565
0.118823
0.119590
0.115473
0.117570
0.119658
0.102772
0.096846
0.095114
0.094606
0.095647
0.095833
0.094998
0.095092
0.095105
0.094743
0.095487
0.095434
0.095414
0.094954
0.094792
0.094575
0.093524
0.090506
0.087728
0.093661
0.077912
0.080815
0.069862
0.067980
0.094457
0.095579
0.093854
0.069830
0.096389
0.098214
0.095904
0.097836
0.068934
0.068825
0.069114
0.097580
0.097635
0.096711
0.098116
0.067904
0.069138
0.070536
0.096431
0.096048
0.096067
0.095964
0.068826
0.068962
0.069046
0.068733
0.069757
0.068724
0.095503
0.097562
0.097643
0.097016
0.096448
0.069494
0.093488
0.095682
0.071786
0.069436
0.095228
0.095954
0.094728
0.092520
0.093093
0.070549
0.069988
0.097625
0.097278
0.069544
0.070907
0.071467
0.069732
0.088950
0.087109
0.089997
0.093852
0.091329
0.088212
0.069409
0.070969
0.071256
0.070802
0.080287
0.081824
0.085538
0.087341
0.069767
0.088676
0.075467
0.095520
0.102008
0.095786
0.097376
0.098207
0.095443
0.068042
0.068841
0.075494
0.069339
0.067394
0.070226
0.070144
0.093815
0.098023
0.094573
0.095852
0.097244
0.096784
0.096946
0.096333
0.096663
0.096479
0.095827
0.096114
0.095691
0.096079
0.093632
0.094464
0.093930
0.094456
0.096367
0.095640
0.095100
0.097070
0.096983
0.096505
0.123982
0.123511
0.124369
0.109042
0.125244
0.124495
0.125829
0.125820
0.125764
0.125483
0.125635
0.125376
0.125847
0.125705
0.125395
0.125395
0.123677
0.124589
0.124193
0.124985
0.125436
0.125236
0.125219
0.124892
0.124281
0.124431
0.124715
0.124851
0.125467
0.125101
0.125121
0.125726
0.126483
0.126967
0.126545
0.126618
0.125760
0.115909
0.115421
0.114096
0.123073
0.122977
0.124212
0.122964
0.124511
0.123974
0.117133
0.114687
0.114684
0.115557
0.116000
0.123143
0.122759
0.122517
0.126419
0.124915
0.124524
0.122317
0.118405
0.117374
0.117478
0.120136
0.120339
0.120387
0.119480
0.119261
0.117111
0.117653
0.117225
0.118244
0.118110
0.119193
0.117487
0.116657
0.116882
0.116999
0.116367
0.114981
0.113656
0.112435
0.111740
0.114870
0.112659
0.112335
0.113053
0.112081
0.106567
0.105210
0.105483
0.107386
0.103628
0.101605
0.102772
0.100730
0.100335
0.098480
0.100626
0.100613
0.099936
0.099064
0.099959
0.105974
0.100810
0.099711
0.100414
0.100460
0.101619
0.101097
0.100555
0.100506
0.100340
0.100513
0.100784
0.101196
0.100911
0.101658
0.102071
0.102854
0.102630
0.102207
0.103287
0.102732
0.102866
0.100394
0.101101
0.102981
0.103030
0.102502
0.101993
0.102574
0.101505
0.100850
0.100244
0.100724
0.105924
0.102341
0.102791
0.102229
0.103298
0.105458
0.104733
0.104457
0.102674
0.103158
0.101766
0.103506
0.104217
0.090199
0.078076
0.076075
0.078115
0.079237
0.079870
0.091131
0.111964
0.112658
0.113392
0.110450
0.109657
0.110881
0.113380
0.116680
0.112038
0.112583
0.112548
0.113740
0.115563
0.110065
0.114679
0.113390
0.113731
0.111772
0.109860
0.127309
0.120784
0.118576
0.108422
0.108665
0.118079
0.118647
0.119699
0.120438
0.121418
0.122485
0.124091
0.122516
0.123875
0.121735
0.119969
0.116735
0.118216
0.119368
0.115878
0.118566
0.118418
0.118565
0.116356
0.120587
0.119736
0.119658
0.119480
0.120197
0.119256
0.119669
0.118957
0.120419
0.119840
0.119189
0.093870
0.068084
0.068411
0.067516
0.067693
0.067340
0.067170
0.067097
0.067268
0.066458
0.065962
0.066472
0.066115
0.068122
0.065683
0.066373
0.066889
0.066515
0.066672
0.065793
0.066009
0.066037
0.065828
0.064605
0.065819
0.065515
0.064900
0.065767
0.066140
0.066763
0.066395
0.066560
0.066834
0.066979
0.066852
0.067021
0.067231
0.063489
0.065860
0.062377
0.063444
0.062731
0.065970
0.065038
0.064975
0.065802
0.064424
0.064111
0.064480
0.064566
0.065131
0.065031
0.063611
0.064362
0.063718
0.064895
0.064804
0.064137
0.065192
0.067026
0.063327
0.059453
0.058651
0.057097
0.055295
0.057797
0.058506
0.057327
0.054019
0.072188
0.072023
0.073369
0.087409
0.086905
0.077979
0.080270
0.082422
0.075163
0.076497
0.079345
0.081447
0.080994
0.082133
0.083530
0.078394
0.079203
0.079059
0.079268
0.079253
0.079286
0.079692
0.078936
0.079399
0.079165
0.078261
0.078427
0.078000
0.077795
0.078994
0.078483
0.078684
0.078764
0.079058
0.079545
0.081080
0.080706
0.080049
0.081296
0.081311
0.081022
0.081504
0.081125
0.079139
0.079669
0.079516
0.078024
0.078389
0.077329
0.077182
0.078397
0.079216
0.079157
0.078998
0.078240
0.079427
0.079311
0.079758
0.079136
0.078986
0.079080
0.079363
0.078647
0.079139
0.079390
0.083931
0.083392
0.083181
0.083386
0.079356
0.079071
0.079027
0.079263
0.079270
0.079872
0.079280
0.078482
0.079725
0.080587
0.078816
0.079752
0.080153
0.079990
0.079811
0.080032
0.075849
0.080427
0.079940
0.080219
0.081548
0.080032
0.083681
0.079281
0.079642
0.078836
0.078452
0.080058
0.080017
0.079976
0.080310
0.079858
0.080498
0.079936
0.079147
0.079570
0.079456
0.080588
0.081105
0.080315
0.080484
0.080124
0.081483
0.079700
0.077649
0.079213
0.079530
0.079969
0.079162
0.076735
0.074297
0.074681
0.073605
0.073104
0.073230
0.076341
0.075068
0.072761
0.070488
0.070249
0.073500
0.072905
0.073662
0.071274
0.071374
0.071366
0.071366
0.072201
0.071862
0.071763
0.073544
0.073270
0.071170
0.071977
0.069243
0.066594
0.064108
0.063128
0.060645
0.060869
0.061644
0.063329
0.068114
0.072238
0.065876
0.063601
0.065775
0.064218
0.072594
0.072964
0.071551
0.075921
0.066932
0.066975
0.065216
0.066403
0.074116
0.067210
0.074179
0.073414
0.073749
0.074692
0.078810
0.066904
0.067181
0.075430
0.075209
0.070566
0.070059
0.068173
0.069816
0.071179
0.070604
0.071116
0.070924
0.071140
0.070589
0.070160
0.071263
0.071278
0.072190
0.071712
0.073145
0.084787
0.105204
0.086223
0.092550
0.095025
0.097512
0.093429
0.090033
0.091937
0.093911
0.093632
0.093485
0.094361
0.093249
0.092690
0.092468
0.093166
0.099728
0.099632
0.097425
0.101572
0.096176
0.099921
0.100126
0.099695
0.099169
0.096733
0.095434
0.099636
0.096913
0.096179
0.094917
0.105390
0.097540
0.097912
0.097640
0.109572
0.105050
0.106120
0.106828
0.106335
0.107174
0.106395
0.106057
0.101164
0.100702
0.101000
0.101313
0.098031
0.098958
0.099671
0.099769
0.098605
0.097996
0.099193
0.096754
0.096449
0.096568
0.096914
0.098165
0.097741
0.097608
0.095539
0.094956
0.096520
0.095894
0.095596
0.097099
0.096664
0.097303
0.097811
0.096972
0.098470
0.098807
0.098327
0.098630
0.092935
0.099176
0.094430
0.082953
0.087073
0.092680
0.119270
0.115994
0.116478
0.117021
0.116693
0.116255
0.116493
0.116078
0.117052
0.116073
0.115347
0.118211
0.118864
0.115457
0.115978
0.113745
0.113546
0.112601
0.113339
0.112744
0.112103
0.114705
0.115224
0.114778
0.113989
0.114421
0.114423
0.113895
0.113569
0.112666
0.111993
0.115549
0.114578
0.111575
0.114773
0.112801
0.113964
0.113975
0.117581
0.114789
0.115007
0.114600
0.113968
0.113362
0.113769
0.114104
0.113524
0.113754
0.112507
0.112466
0.113121
0.112911
0.112298
0.113056
0.113029
0.113099
0.111140
0.110554
0.111387
0.111122
0.111063
0.111420
0.112583
0.110795
0.111740
0.113015
0.112888
0.112602
0.112507
0.113361
0.115933
0.114159
0.114067
0.114167
0.113881
0.088264
0.116364
0.116716
0.116023
0.115215
0.117284
0.116568
0.116448
0.116401
0.114818
0.115731
0.114933
0.113344
0.113491
0.112813
0.114818
0.115016
0.114752
0.114102
0.114421
0.114308
0.115710
0.114943
0.114055
0.113837
0.114256
0.114945
0.116282
0.116324
0.115324
0.114755
0.116392
0.116064
0.115166
0.114821
0.114884
0.113736
0.114636
0.113416
0.112855
0.115678
0.113702
0.114599
0.114608
0.114146
0.114702
0.115420
0.114974
0.114948
0.115140
0.115851
0.114020
0.115339
0.114993
0.114798
0.115461
0.115940
0.117659
0.117593
0.116322
0.115730
0.115538
0.115195
0.113368
0.111325
0.116148
0.117373
0.113525
0.116735
0.116680
0.117489
0.117342
0.117755
0.117030
0.117492
0.117218
0.121371
0.120881
0.120818
0.118498
0.118711
0.118600
0.118105
0.117658
0.118525
0.118118
0.117581
0.117136
0.117905
0.117648
0.117180
0.117389
0.118138
0.117675
0.116945
0.118350
0.117157
0.117080
0.117173
0.117112
0.116874
0.117857
0.117327
0.116315
0.117074
0.116203
0.117858
0.117262
0.118695
0.118893
0.117113
0.116394
0.116772
0.117383
0.099481
0.099897
0.105875
0.108216
0.109464
0.102912
0.104143
0.100776
0.102880
0.100919
0.100663
0.106252
0.109361
0.110543
0.104370
0.104371
0.100395
0.099809
0.096116
0.092911
0.086845
0.087447
0.072092
0.073271
0.077185
0.075720
0.073581
0.073480
0.071795
0.080386
0.080563
0.080196
0.079877
0.072062
0.071829
0.072964
0.075300
0.072872
0.077977
0.080703
0.077849
0.072268
0.070695
0.070212
0.073540
0.074302
0.071032
0.068171
0.069220
0.074642
0.069280
0.070595
0.070626
0.066727
0.074428
0.081588
0.075893
0.068532
0.077364
0.077188
0.069756
0.074876
0.073405
0.072941
0.073036
0.070695
0.067246
0.063178
0.064481
0.072844
0.069832
0.071021
0.070375
0.071154
0.070084
0.069431
0.071674
0.070593
0.071004
0.070022
0.070206
0.071382
0.069595
0.073605
0.074735
0.076874
0.067810
0.065155
0.069374
0.079010
0.072357
0.072228
0.074157
0.073548
0.073503
0.073313
0.080240
0.075261
0.084110
0.088514
0.079125
0.067105
0.064953
0.065958
0.064860
0.065276
0.067147
0.068867
0.069501
0.070137
0.068988
0.080339
0.083462
0.088258
0.086976
0.088314
0.089196
0.089929
0.090206
0.093154
0.092655
0.092780
0.093573
0.095579
0.096778
0.105601
0.106180
0.104591
0.109456
0.106396
0.113456
0.110807
0.106908
0.107518
0.105221
0.104392
0.114997
0.118767
0.108887
0.119774
0.118292
0.118089
0.119186
0.107372
0.109990
0.093119
0.095600
0.095273
0.106121
0.110027
0.106964
0.095336
0.093673
0.092918
0.105606
0.107107
0.108013
0.106778
0.108247
0.095263
0.094581
0.095209
0.095002
0.093836
0.094502
0.094182
0.094559
0.094815
0.094708
0.094069
0.110120
0.109830
0.094045
0.112353
0.112869
0.112799
0.098943
0.099376
0.099251
0.099789
0.097990
0.093636
0.093922
0.094446
0.095827
0.095633
0.096245
0.095516
0.092262
0.102249
0.106404
0.106275
0.099730
0.108771
0.092238
0.089897
0.095124
0.094622
0.097349
0.098829
0.100086
0.093413
0.093302
0.094042
0.096365
0.083806
0.097673
0.098509
0.096579
0.097012
0.097662
0.094320
0.087516
0.104180
0.106357
0.107376
0.097223
0.097713
0.098127
0.096773
0.093768
0.095075
0.095958
0.098514
0.099023
0.101940
0.096291
0.091363
0.098005
0.098788
0.099400
0.094232
0.096890
0.096226
0.094136
0.094011
0.093799
0.101281
0.095546
0.097188
0.094588
0.099938
0.103096
0.101235
0.097601
0.097762
0.094356
0.099565
0.101076
0.096040
0.097315
0.096843
0.095665
0.095259
0.095199
0.096437
0.095921
0.097395
0.095824
0.095898
0.100209
0.100134
0.101464
0.101990
0.094344
0.099709
0.094922
0.095193
0.094864
0.097692
0.095074
0.100347
0.100997
0.100324
0.095370
0.097567
0.095767
0.095872
0.095398
0.101140
0.100235
0.100512
0.100030
0.100326
0.099969
0.099923
0.100427
0.099053
0.099305
0.100198
0.100289
0.100210
0.100615
0.100907
0.097706
0.098495
0.101771
0.090836
0.091345
0.086679
0.074031
0.079365
0.072626
0.071384
0.073020
0.074485
0.069968
0.074917
0.069161
0.072184
0.072332
0.074064
0.073460
0.073910
0.071433
0.073959
0.071859
0.071356
0.073604
0.070066
0.070223
0.071935
0.070248
0.071289
0.072530
0.073105
0.070278
0.070327
0.070719
0.071529
0.070845
0.069998
0.070148
0.069908
0.071660
0.071596
0.070311
0.074162
0.073974
0.070432
0.068419
0.068836
0.066499
0.067390
0.072565
0.071221
0.071760
0.071147
0.075420
0.072680
0.074564
0.076900
0.077338
0.073462
0.073998
0.073678
0.074502
0.074841
0.074669
0.074201
0.074662
0.074446
0.076532
0.077992
0.076229
0.077258
0.076211
0.076102
0.077007
0.076161
0.073990
0.077058
0.074253
0.077778
0.077379
0.076158
0.077182
0.077048
0.075569
0.076490
0.076993
0.076949
0.076675
0.076914
0.076940
0.077319
0.077422
0.077010
0.076884
0.077109
0.076863
0.076947
0.076817
0.077489
0.077220
0.078273
0.077297
0.072989
0.073845
0.075914
0.073562
0.074759
0.075807
0.076753
0.071798
0.073530
0.072761
0.073141
0.075401
0.079750
0.077551
0.079586
0.077993
0.078577
0.082155
0.082524
0.082178
0.081929
0.081416
0.080401
0.073181
0.073258
0.072874
0.065906
0.069638
0.068996
0.068711
0.067403
0.065693
0.071037
0.076927
0.070392
0.067948
0.067656
0.068074
0.068319
0.073811
0.082068
0.079920
0.069116
0.081221
0.078096
0.075968
0.083906
0.072712
0.069467
0.071309
0.069383
0.080163
0.075964
0.068347
0.063149
0.060115
0.057772
0.059989
0.060535
0.076371
0.095322
0.118879
0.096561
0.095850
0.097237
0.119581
0.096283
0.097143
0.101128
0.096807
0.097611
0.098800
0.101092
0.102417
0.097699
0.097185
0.104123
0.099086
0.098803
0.098395
0.101003
0.097914
0.096958
0.098443
0.098583
0.105434
0.098823
0.098694
0.103252
0.103772
0.103468
0.103821
0.098257
0.102305
0.103413
0.106933
0.104341
0.107874
0.103677
0.106964
0.103100
0.103675
0.103407
0.104271
0.107676
0.107967
0.108316
0.103432
0.104777
0.102422
0.103663
0.105460
0.126090
0.106486
0.104081
0.108760
0.105449
0.103152
0.106523
0.107134
0.121220
0.104449
0.103474
0.106444
0.123869
0.120153
0.119146
0.123486
0.124388
0.099752
0.093791
0.094924
0.098898
0.093912
0.096123
0.095018
0.106361
0.094760
0.093883
0.093725
0.106488
0.093741
0.092262
0.093646
0.093874
0.094706
0.108154
0.094898
0.106109
0.093504
0.095364
0.093037
0.107200
0.085624
0.089614
0.085368
0.087879
0.087226
0.087914
0.087356
0.088068
0.088607
0.089439
0.085996
0.086728
0.078084
0.073890
0.073998
0.072641
0.071685
0.072222
0.071903
0.072773
0.071800
0.072446
0.072236
0.071839
0.072412
0.071997
0.072508
0.073429
0.073999
0.086926
0.076018
0.086718
0.075537
0.091820
0.076904
0.076266
0.076386
0.076117
0.077352
0.098032
0.102605
0.101584
0.077631
0.092880
0.087620
0.099091
0.098858
0.104250
0.101732
0.101594
0.101404
0.095360
0.102465
0.095548
0.094041
0.094533
0.087173
0.095512
0.096784
0.100234
0.102704
0.095146
0.094569
0.092923
0.093794
0.094094
0.092466
0.090917
0.095824
0.090706
0.095901
0.091742
0.093928
0.095293
0.093519
0.089963
0.093465
0.094835
0.090893
0.090934
0.094496
0.090278
0.095251
0.096955
0.088878
0.089712
0.089222
0.098249
0.089533
0.098195
0.093965
0.095797
0.094344
0.093638
0.085988
0.091252
0.094963
0.085716
0.088636
0.088920
0.086060
0.087241
0.088620
0.087671
0.083059
0.080850
0.082226
0.081771
0.080020
0.103731
0.101544
0.100881
0.103815
0.102743
0.102630
0.103739
0.103764
0.103698
0.104572
0.103844
0.104372
0.105995
0.104668
0.102364
0.103449
0.104140
0.105827
0.105420
0.104725
0.103760
0.105336
0.105414
0.104573
0.104394
0.104412
0.106683
0.106144
0.105156
0.105954
0.102699
0.103460
0.105729
0.106804
0.104264
0.105298
0.105801
0.104883
0.108088
0.106635
0.108575
0.108844
0.104322
0.107322
0.107222
0.105666
0.104170
0.104229
0.107453
0.106068
0.104321
0.104479
0.104689
0.104017
0.107145
0.105572
0.106985
0.106655
0.107888
0.107382
0.106935
0.107623
0.106550
0.079652
0.075315
0.075119
0.075598
0.076653
0.076420
0.077180
0.081188
0.080828
0.083960
0.082018
0.085352
0.083793
0.082399
0.081909
0.080399
0.082280
0.082370
0.082666
0.082453
0.080054
0.080179
0.080331
0.079911
0.080599
0.080137
0.080017
0.080586
0.080594
0.080304
0.081166
0.080070
0.080680
0.080748
0.081972
0.080499
0.089626
0.091172
0.073373
0.076376
0.078264
0.091457
0.091109
0.092675
0.091370
0.092019
0.091075
0.092592
0.091467
0.090440
0.092210
0.093355
0.093142
0.084948
0.084435
0.082860
0.088920
0.083129
0.084293
0.087838
0.089752
0.087500
0.089807
0.086423
0.088667
0.090016
0.090780
0.091339
0.091325
0.093332
0.092681
0.093161
0.092020
0.094933
0.095342
0.093212
0.092787
0.095926
0.094790
0.113550
0.112228
0.107901
0.107840
0.107082
0.094947
0.100986
0.106995
0.113566
0.109024
0.109545
0.110533
0.110755
0.114702
0.111292
0.109820
0.116056
0.117112
0.121970
0.116598
0.115639
0.115364
0.116663
0.118606
0.104081
0.122856
0.125275
0.129047
0.118503
0.117803
0.124462
0.122502
0.119893
0.106381
0.101192
0.109048
0.101104
0.102954
0.102796
0.103076
0.105519
0.108666
0.100218
0.079178
0.120103
0.120158
0.117394
0.116549
0.114914
0.119313
0.122554
0.114449
0.119199
0.112814
0.113435
0.113077
0.115302
0.115700
0.113465
0.116794
0.102709
0.108450
0.104139
0.102569
0.100427
0.103061
0.097115
0.096969
0.075289
0.094516
0.097479
0.093492
0.090611
0.108436
0.113496
0.114087
0.114531
0.114662
0.114688
0.114510
0.117046
0.115281
0.114746
0.116171
0.114796
0.117986
0.120264
0.119795
0.115257
0.119598
0.119166
0.116200
0.115280
0.115369
0.115453
0.116485
0.115938
0.116986
0.114897
0.114737
0.121215
0.115446
0.118603
0.115717
0.115752
0.113817
0.112538
0.112902
0.114413
0.116461
0.115374
0.116481
0.113732
0.111827
0.112816
0.115615
0.116203
0.112723
0.114067
0.113008
0.112556
0.112569
0.107298
0.109295
0.108029
0.109628
0.109734
0.110578
0.109386
0.109565
0.109334
0.110155
0.111052
0.112910
0.115249
0.114692
0.118191
0.112744
0.111327
0.116681
0.115338
0.117281
0.117711
0.116334
0.115992
0.117389
0.116907
0.117353
0.116642
0.123409
0.115175
0.114945
0.116415
0.115909
0.113092
0.114950
0.114831
0.115418
0.117315
0.114875
0.114844
0.115133
0.115355
0.116130
0.115559
0.115801
0.115716
0.115680
0.115571
0.114045
0.114468
0.114452
0.114406
0.117128
0.117269
0.114878
0.116436
0.116358
0.122553
0.117347
0.115976
0.115272
0.116370
0.117163
0.116936
0.117218
0.115722
0.116885
0.117018
0.117704
0.120047
0.116002
0.117275
0.118658
0.118682
0.118655
0.117969
0.118519
0.113832
0.115241
0.113519
0.111504
0.110592
0.112641
0.115945
0.116726
0.116094
0.116299
0.115959
0.117601
0.116206
0.117675
0.116207
0.119196
0.118671
0.119947
0.119775
0.117246
0.117339
0.116610
0.116889
0.115736
0.116733
0.115420
0.116157
0.118263
0.117357
0.117272
0.118653
0.118130
0.117945
0.119439
0.120409
0.120008
0.120419
0.119798
0.116621
0.118183
0.117546
0.118388
0.116374
0.117437
0.115466
0.116108
0.114154
0.115499
0.116471
0.117869
0.114975
0.120865
0.113058
0.108581
0.106144
0.104412
0.104429
0.105052
0.106104
0.106765
0.106072
0.106579
0.106824
0.106135
0.106226
0.105909
0.105889
0.105938
0.104734
0.104537
0.104785
0.104730
0.104415
0.104289
0.104464
0.103827
0.104105
0.104367
0.104844
0.103829
0.104115
0.103389
0.102910
0.105610
0.103775
0.104534
0.104455
0.104253
0.104613
0.104369
0.105058
0.105158
0.104773
0.104268
0.104727
0.103553
0.103565
0.104801
0.104013
0.106378
0.106515
0.106175
0.105170
0.105929
0.105996
0.105271
0.105128
0.104058
0.104266
0.103896
0.104777
0.104686
0.104073
0.103660
0.103841
0.104043
0.104319
0.104389
0.104256
0.104724
0.104186
0.103958
0.105270
0.104841
0.105547
0.105153
0.104721
0.104199
0.104187
0.103992
0.106393
0.105550
0.105743
0.105995
0.105892
0.105533
0.105637
0.105506
0.105774
0.107998
0.106999
0.106066
0.106271
0.099537
0.099769
0.099950
0.099814
0.100648
0.102259
0.100534
0.102236
0.101012
0.100276
0.102652
0.101155
0.102286
0.101385
0.102647
0.101929
0.102035
0.102053
0.108539
0.103320
0.103458
0.105072
0.101588
0.101839
0.101300
0.102520
0.101759
0.101062
0.101323
0.100772
0.105330
0.105794
0.105905
0.100528
0.101923
0.102369
0.101148
0.101608
0.095336
0.098180
0.100899
0.103500
0.098825
0.098868
0.099609
0.098284
0.099978
0.098801
0.100137
0.098922
0.097884
0.101661
0.099723
0.103626
0.102436
0.104079
0.104120
0.104098
0.103785
0.103789
0.103837
0.103507
0.101041
0.103440
0.102384
0.098818
0.098334
0.099217
0.099640
0.099521
0.100175
0.099507
0.099259
0.097901
0.100376
0.102473
0.103363
0.102619
0.104590
0.103145
0.102442
0.088300
0.072513
0.079192
0.074820
0.071200
0.071909
0.070270
0.068921
0.069518
0.069213
0.069348
0.069850
0.070471
0.069078
0.069419
0.070264
0.069670
0.078371
0.074217
0.073891
0.072272
0.073683
0.072509
0.070248
0.072449
0.068215
0.070429
0.069618
0.070644
0.069550
0.066748
0.083317
0.082924
0.081896
0.083476
0.081337
0.083153
0.081592
0.081080
0.080920
0.080744
0.079846
0.080625
0.080253
0.070290
0.071339
0.073327
0.071506
0.069384
0.078636
0.070013
0.069609
0.069605
0.070340
0.070894
0.070743
0.070902
0.071257
0.070025
0.072015
0.072729
0.082267
0.083128
0.083429
0.083082
0.082358
0.080460
0.079304
0.080315
0.071526
0.074143
0.075905
0.070112
0.071883
0.072873
0.073341
0.072662
0.072418
0.073741
0.074204
0.074930
0.074145
0.074094
0.075386
0.076255
0.076361
0.076305
0.075005
0.075790
0.102598
0.101345
0.101727
0.098740
0.098956
0.101719
0.102598
0.101300
0.101899
0.102251
0.102915
0.102799
0.102683
0.102461
0.103359
0.102988
0.101660
0.102573
0.103172
0.101576
0.101457
0.103773
0.103555
0.102031
0.100947
0.102451
0.103382
0.102613
0.103074
0.102876
0.103924
0.102917
0.102902
0.103023
0.102710
0.102827
0.102389
0.102313
0.102315
0.102833
0.102059
0.102865
0.103033
0.103282
0.103217
0.103457
0.102535
0.102714
0.102038
0.103532
0.102953
0.102743
0.102557
0.103111
0.100408
0.103686
0.103575
0.102942
0.103333
0.103601
0.103950
0.102503
0.100151
0.100308
0.101466
0.103647
0.102887
0.102287
0.104846
0.104693
0.105195
0.104880
0.103344
0.103291
0.103807
0.103726
0.104777
0.103090
0.103203
0.103029
0.103521
0.103885
0.103991
0.103869
0.104207
0.103340
0.102863
0.101914
0.103859
0.101379
0.100563
0.102128
0.100738
0.102656
0.104386
0.103510
0.103529
0.103846
0.102841
0.102632
0.103085
0.103141
0.102152
0.101935
0.103964
0.106296
0.101717
0.102344
0.106999
0.106861
0.107224
0.107123
0.107167
0.102709
0.104317
0.103899
0.104662
0.102185
0.104019
0.103956
0.103115
0.103138
0.101672
0.102589
0.101509
0.101893
0.103329
0.100921
0.105209
0.104633
0.108177
0.102103
0.101909
0.103036
0.102171
0.103244
0.104193
0.104005
0.103614
0.104023
0.104931
0.101743
0.102857
0.103705
0.103210
0.103923
0.103534
0.103530
0.103761
0.104062
0.104399
0.103406
0.104488
0.104184
0.104462
0.102027
0.103239
0.103714
0.103868
0.103021
0.102600
0.108039
0.108021
0.104401
0.104748
0.104496
0.104269
0.104360
0.104580
0.105852
0.105101
0.112749
0.109879
0.104998
0.104125
0.103168
0.103559
0.102119
0.104611
0.102923
0.106633
0.105478
0.087690
0.082402
0.084405
0.076377
0.075142
0.074362
0.072589
0.091957
0.093513
0.088532
0.092571
0.089125
0.094085
0.089896
0.091507
0.078779
0.077205
0.076430
0.085964
0.080856
0.087084
0.093774
0.087101
0.082547
0.084102
0.082563
0.083021
0.082334
0.082807
0.078565
0.083960
0.083536
0.081672
0.081836
0.082441
0.081272
0.080816
0.082753
0.075155
0.081250
0.078922
0.081760
0.081200
0.081217
0.080722
0.080393
0.081123
0.080902
0.081324
0.081126
0.081316
0.080942
0.081550
0.080642
0.080424
0.081038
0.081155
0.081042
0.081275
0.081582
0.081657
0.082002
0.081187
0.081225
0.081586
0.082051
0.081333
0.080812
0.081075
0.080917
0.080836
0.080031
0.079856
0.081524
0.081252
0.082017
0.081328
0.081447
0.081125
0.081431
0.080810
0.080601
0.074780
0.072324
0.074244
0.074928
0.074252
0.072010
0.071897
0.069476
0.072986
0.083550
0.083553
0.083137
0.072518
0.074918
0.080276
0.076061
0.074616
0.069961
0.077757
0.080948
0.079689
0.079712
0.083686
0.083124
0.072312
0.081677
0.082129
0.082227
0.081083
0.081302
0.082171
0.084634
0.084917
0.084705
0.073682
0.072715
0.081891
0.082658
0.073854
0.073760
0.073438
0.074505
0.080800
0.074422
0.079403
0.079721
0.076251
0.075836
0.075631
0.077824
0.076620
0.077406
0.077026
0.076509
0.077457
0.075006
0.075238
0.075088
0.076627
0.077206
0.077535
0.077682
0.078001
0.077178
0.082710
0.080483
0.078720
0.081029
0.088089
0.088434
0.087853
0.082790
0.085172
0.083718
0.085180
0.085506
0.083533
0.083893
0.075822
0.076417
0.084527
0.084669
0.078248
0.084296
0.074156
0.082211
0.080875
0.081703
0.076598
0.077673
0.078945
0.083300
0.082083
0.080362
0.077896
0.104051
0.103266
0.103006
0.102128
0.102168
0.101582
0.101734
0.101436
0.101231
0.102601
0.102131
0.102521
0.102967
0.102914
0.102732
0.103005
0.104623
0.103165
0.102112
0.103248
0.101959
0.102270
0.103400
0.102821
0.103304
0.102973
0.103412
0.103467
0.102753
0.102854
0.103638
0.103627
0.103423
0.103375
0.103283
0.104434
0.102784
0.103324
0.102817
0.103452
0.103115
0.103642
0.102870
0.101945
0.101827
0.102467
0.102395
0.102834
0.104538
0.105594
0.104747
0.069863
0.102216
0.103131
0.102978
0.101769
0.103535
0.102565
0.101790
0.101588
0.102492
0.101706
0.102688
0.102835
0.102221
0.101659
0.101380
0.102398
0.102476
0.100674
0.103416
0.102191
0.101990
0.102160
0.101511
0.101882
0.102629
0.102967
0.103816
0.100549
0.100070
0.102082
0.101741
0.103538
0.103868
0.103982
0.101581
0.101887
0.103670
0.104024
0.102500
0.104430
0.104319
0.103611
0.103318
0.101676
0.104434
0.102347
0.100486
0.101828
0.101884
0.102007
0.099412
0.099890
0.100084
0.102046
0.100926
0.102044
0.102248
0.102222
0.102416
0.102180
0.102382
0.102176
0.101750
0.101500
0.101554
0.101620
0.105031
0.103955
0.101930
0.101678
0.101714
0.101417
0.099894
0.101763
0.102654
0.103284
0.103041
0.103183
0.103299
0.101845
0.101178
0.101440
0.102153
0.102225
0.101686
0.101261
0.102692
0.102261
0.101852
0.103111
0.100831
0.103841
0.106198
0.100039
0.096738
0.094430
0.090283
0.089358
0.087161
0.083273
0.083323
0.083162
0.087998
0.091070
0.077029
0.085837
0.089469
0.090926
0.094499
0.100741
0.113540
0.105854
0.126767
0.134820
0.202666
0.215853
0.190676
0.206488
0.141369
0.141049
0.115755
0.111999
0.065814
0.087193
0.088398
0.088965
0.088556
0.154521
0.154565
0.117831
0.118419
0.108852
0.107965
0.108920
0.109136
0.109182
0.109172
0.107431
0.093317
0.094292
0.087126
0.090202
0.094005
0.093507
0.087738
0.087372
0.087069
0.087420
0.087535
0.087684
0.087469
0.094995
0.096398
0.096676
0.093819
0.093932
0.096662
0.100685
0.090156
0.093067
0.094306
0.093960
0.107049
0.107545
0.108448
0.106436
0.108680
0.108637
0.108687
0.108680
0.108418
0.106424
0.106170
0.106170
0.105936
0.104274
0.103664
0.103006
0.102660
0.104440
0.104372
0.103922
0.104186
0.096710
0.099989
0.094782
0.095400
0.095772
0.092628
0.092543
0.094801
0.094960
0.097943
0.098268
0.116163
0.116047
0.099853
0.101254
0.100494
0.101684
0.101218
0.106114
0.110263
0.102596
0.102575
0.099122
0.100049
0.101221
0.101103
0.104808
0.101358
0.101142
0.088375
0.088713
0.104987
0.103681
0.099776
0.099187
0.098918
0.097880
0.098051
0.097952
0.093247
0.091787
0.091715
0.082388
0.082891
0.097963
0.097951
0.104775
0.104656
0.104623
0.104667
0.072827
0.130085
0.129050
0.132972
0.129926
0.130562
0.130572
0.085524
0.085617
0.185708
0.185935
0.180839
0.188299
0.187633
0.187726
0.112218
0.116526
0.115697
0.121857
0.121854
0.119603
0.121414
0.158373
0.158341
0.155391
0.154962
0.152220
0.156524
0.156530
0.156120
0.135315
0.134298
0.134317
0.121688
0.122094
0.129127
0.129243
0.129155
0.129143
0.130490
0.130483
0.131308
0.132373
0.133009
0.132972
0.132904
0.154904
0.155238
0.143582
0.143048
0.143504
0.143396
0.147952
0.147996
0.148055
0.141357
0.139837
0.134578
0.127223
0.121867
0.112807
0.108872
0.107688
0.107427
0.103647
0.085661
0.086943
0.087705
0.085075
0.086551
0.075656
0.076613
0.073756
0.070565
0.070443
0.070408
0.071273
0.071338
0.070430
0.073979
0.078032
0.073203
0.075326
0.071361
0.072644
0.071234
0.070619
0.071385
0.070083
0.077249
0.069501
0.069349
0.071471
0.069051
0.068978
0.071516
0.072415
0.069691
0.076580
0.076647
0.076415
0.076377
0.076976
0.077915
0.077855
0.077108
0.077239
0.075266
0.076250
0.075540
0.076126
0.075692
0.075617
0.076554
0.075893
0.076047
0.074941
0.076824
0.074344
0.077987
0.074590
0.073493
0.102829
0.103004
0.103338
0.103177
0.102227
0.103016
0.103256
0.103777
0.103487
0.103098
0.103734
0.103189
0.101585
0.101262
0.102358
0.103243
0.103687
0.101956
0.101456
0.101267
0.101351
0.101175
0.101570
0.101481
0.101403
0.101404
0.101856
0.101764
0.102930
0.101647
0.101660
0.102358
0.102588
0.102496
0.101108
0.101907
0.101573
0.100731
0.102784
0.100975
0.100006
0.100199
0.100354
0.100606
0.100651
0.100582
0.100802
0.100827
0.100876
0.100029
0.099690
0.099707
0.099777
0.100446
0.100048
0.100557
0.100715
0.100566
0.102482
0.102558
0.099714
0.099387
0.100491
0.100480
0.100800
0.101236
0.101525
0.101096
0.100905
0.101470
0.101096
0.101322
0.101407
0.100508
0.100877
0.101377
0.102906
0.102664
0.102615
0.103057
0.103527
0.103198
0.102634
0.103646
0.101035
0.104571
0.103111
0.103026
0.102801
0.102129
0.103023
0.103476
0.103691
0.102605
0.102244
0.102440
0.104704
0.104678
0.102365
0.102997
0.104984
0.102242
0.100816
0.102257
0.103095
0.101800
0.100462
0.101703
0.102108
0.107104
0.106721
0.106975
0.106427
0.106565
0.106392
0.105931
0.102533
0.100968
0.102000
0.102240
0.103237
0.102594
0.102929
0.102940
0.102651
0.100495
0.100839
0.100810
0.100663
0.102186
0.102349
0.100999
0.099737
0.100599
0.100944
0.100369
0.099327
0.102421
0.099285
0.099004
0.100704
0.101634
0.102121
0.102995
0.099552
0.100641
0.100832
0.099996
0.100871
0.100916
0.100490
0.101245
0.103334
0.114165
0.108525
0.108597
0.108382
0.107020
0.107142
0.107030
0.114777
0.112537
0.112507
0.112829
0.108916
0.108277
0.108663
0.108433
0.108567
0.101701
0.104459
0.104765
0.105067
0.105752
0.105411
0.105757
0.102246
0.102198
0.102379
0.102358
0.101567
0.103218
0.103049
0.101858
0.102136
0.101832
0.102002
0.102167
0.102055
0.102180
0.104332
0.104655
0.104722
0.105928
0.103040
0.102747
0.102434
0.107971
0.102854
0.103301
0.102992
0.103819
0.105278
0.105096
0.105685
0.104724
0.104972
0.101651
0.102179
0.104164
0.106223
0.102835
0.104672
0.104139
0.103946
0.102851
0.100486
0.101004
0.102459
0.099615
0.101011
0.100749
0.100713
0.100932
0.100539
0.101362
0.105138
0.101941
0.104873
0.102700
0.101874
0.101735
0.101861
0.104824
0.104611
0.103056
0.104772
0.105628
0.102701
0.102111
0.102811
0.104782
0.100844
0.098771
0.100084
0.099030
0.096619
0.100773
0.099385
0.100523
0.104500
0.107313
0.112835
0.117031
0.122499
0.128310
0.136501
0.142813
0.151647
0.159942
0.172287
0.181210
0.192418
0.203259
0.216505
