0.266327
0.266327
0.266327
0.266327
0.264828
0.264855
0.255051
0.255037
0.246256
0.246219
0.237089
0.237091
0.230441
0.230441
0.225356
0.228959
0.221839
0.221837
0.223122
0.222585
0.222832
0.222839
0.221548
0.221491
0.223118
0.222945
0.222298
0.222096
0.222769
0.223308
0.222860
0.223165
0.223054
0.223643
0.223188
0.222670
0.223263
0.223162
0.222600
0.222227
0.221813
0.221443
0.219940
0.218249
0.220174
0.218653
0.220117
0.220103
0.215371
0.216502
0.217780
0.218443
0.217851
0.218811
0.219307
0.219290
0.216643
0.216754
0.216215
0.216859
0.216790
0.216632
0.217186
0.217383
0.215846
0.216235
0.215693
0.214648
0.216169
0.214293
0.214174
0.206293
0.206260
0.205908
0.204525
0.204237
0.203922
0.203885
0.204869
0.205068
0.204651
0.204525
0.204331
0.203978
0.204459
0.203888
0.203411
0.204367
0.204565
0.204870
0.203368
0.203921
0.203618
0.204124
0.203273
0.203729
0.203121
0.202125
0.200927
0.190735
0.226266
0.226432
0.235693
0.236206
0.245126
0.245055
0.257911
0.258847
0.262884
0.262885
0.263351
0.263200
0.263200
0.263199
0.263200
0.263200
0.263200
0.263197
0.263197
0.263197
0.263350
0.263347
0.263347
0.263347
0.263350
0.263348
0.263349
0.263349
0.263197
0.263347
0.263347
0.263347
0.263350
0.263348
0.263348
0.263348
0.263349
0.263349
0.263349
0.263349
0.263357
0.263074
0.263087
0.262713
0.262692
0.262113
0.262054
0.262078
0.262084
0.262678
0.262651
0.262651
0.262653
0.262649
0.262650
0.262650
0.262653
0.262653
0.262653
0.262653
0.262654
0.262650
0.262649
0.262649
0.262655
0.262655
0.262655
0.262654
0.262659
0.262658
0.262661
0.262661
0.262664
0.262663
0.262663
0.262663
0.262664
0.262664
0.262664
0.262664
0.262666
0.262664
0.262667
0.262667
0.262667
0.262667
0.262667
0.262667
0.262666
0.262666
0.262666
0.262666
0.262706
0.262746
0.262649
0.262923
0.263585
0.264560
0.265869
0.266327
0.266327
0.266327
0.266327
0.266327
0.263574
0.231911
0.192368
0.164195
0.144920
0.140462
0.141057
0.142142
0.144053
0.144452
0.145435
0.145086
0.144821
0.145418
0.145670
0.145124
0.145451
0.145217
0.146188
0.147699
0.148552
0.149830
0.150387
0.148627
0.148680
0.148338
0.149393
0.150225
0.149562
0.147411
0.150136
0.148823
0.151466
0.153284
0.152321
0.153648
0.154405
0.155074
0.155246
0.156524
0.156877
0.156691
0.155518
0.157161
0.156367
0.156912
0.154988
0.157311
0.155442
0.155697
0.156219
0.155265
0.156155
0.156805
0.156743
0.155597
0.156005
0.155470
0.156225
0.155226
0.156763
0.157010
0.157169
0.157338
0.156470
0.156930
0.156615
0.157087
0.157306
0.159017
0.158233
0.159335
0.157838
0.157567
0.159226
0.158721
0.158806
0.158124
0.158634
0.158041
0.157646
0.154962
0.151086
0.147215
0.131682
0.128584
0.121012
0.128172
0.112895
0.128636
0.115766
0.119457
0.128134
0.127146
0.128941
0.124530
0.117932
0.124653
0.127439
0.125088
0.132191
0.130842
0.137871
0.137468
0.130834
0.137466
0.135600
0.137769
0.134463
0.137461
0.139593
0.137392
0.136225
0.136219
0.135678
0.139070
0.133434
0.134465
0.134668
0.133246
0.133767
0.135574
0.128336
0.134227
0.135759
0.135385
0.135413
0.135087
0.133562
0.133421
0.133890
0.134236
0.135561
0.135477
0.135370
0.134195
0.134706
0.136494
0.136528
0.134871
0.134776
0.135741
0.134651
0.141891
0.141337
0.141378
0.141614
0.140685
0.140750
0.140333
0.139874
0.140058
0.140085
0.141921
0.142331
0.142603
0.130323
0.130538
0.130489
0.130766
0.130927
0.129662
0.130830
0.130712
0.131102
0.145495
0.129895
0.122162
0.137863
0.142603
0.132483
0.142742
0.134324
0.134413
0.134856
0.136231
0.119383
0.121703
0.121394
0.133943
0.132447
0.131483
0.129524
0.133805
0.133588
0.133062
0.132216
0.136304
0.121914
0.124974
0.122364
0.131940
0.124560
0.122660
0.124105
0.136430
0.134430
0.129218
0.128518
0.126892
0.129109
0.126417
0.118872
0.114338
0.120282
0.127504
0.113838
0.121316
0.136399
0.139212
0.125828
0.125597
0.127346
0.128795
0.127047
0.133098
0.137564
0.138724
0.139696
0.141368
0.141781
0.143024
0.143564
0.140705
0.141030
0.140031
0.148684
0.135529
0.136415
0.137006
0.141798
0.136420
0.140901
0.143506
0.150839
0.149490
0.152083
0.152125
0.149042
0.154288
0.149073
0.145078
0.147131
0.159644
0.149661
0.156834
0.151929
0.159719
0.161003
0.159705
0.159074
0.159380
0.159927
0.162476
0.162846
0.158016
0.165990
0.165397
0.166194
0.168538
0.170477
0.171702
0.174830
0.174816
0.174308
0.177070
0.180278
0.165428
0.168165
0.173999
0.175539
0.177281
0.175949
0.178165
0.182614
0.183016
0.193108
0.192503
0.195350
0.193482
0.196423
0.196777
0.199725
0.200045
0.203582
0.205611
0.204469
0.206121
0.207718
0.207764
0.208749
0.200810
0.209242
0.206072
0.216029
0.215427
0.215588
0.215187
0.211831
0.215452
0.214151
0.213235
0.213422
0.209386
0.210388
0.210157
0.209111
0.202884
0.215153
0.216880
0.217419
0.216057
0.217167
0.208569
0.216856
0.205455
0.207666
0.206534
0.206471
0.203471
0.214986
0.204710
0.216734
0.215370
0.215216
0.215868
0.214636
0.214264
0.208555
0.207684
0.209056
0.206783
0.210114
0.209209
0.211848
0.211648
0.207862
0.207032
0.206591
0.216824
0.217668
0.215783
0.217659
0.217266
0.208107
0.208264
0.208131
0.208509
0.211501
0.208697
0.207930
0.207314
0.205810
0.206200
0.208438
0.208328
0.207490
0.204483
0.206277
0.204928
0.207168
0.205646
0.207356
0.209298
0.209927
0.206576
0.207227
0.206899
0.206990
0.205033
0.204463
0.206732
0.209379
0.206374
0.207955
0.207167
0.206953
0.208000
0.204408
0.206222
0.204658
0.207828
0.208747
0.216185
0.216275
0.214878
0.211652
0.210142
0.208795
0.209779
0.209675
0.212471
0.210867
0.209832
0.211268
0.211445
0.211794
0.212430
0.214015
0.212364
0.210773
0.207673
0.207655
0.204602
0.205064
0.206076
0.204377
0.204189
0.202214
0.201919
0.198473
0.202244
0.204459
0.201763
0.202580
0.203378
0.207843
0.207411
0.207351
0.205960
0.202914
0.207174
0.207719
0.204276
0.201982
0.201220
0.205172
0.203745
0.201744
0.200143
0.199694
0.202177
0.204950
0.204593
0.199413
0.200704
0.203526
0.202225
0.200973
0.200403
0.201688
0.200186
0.200191
0.198812
0.200481
0.199573
0.200106
0.198705
0.196724
0.199148
0.202649
0.199359
0.197576
0.200048
0.200343
0.201421
0.198618
0.198469
0.199584
0.198056
0.197616
0.197490
0.196983
0.194578
0.193604
0.194064
0.193140
0.196105
0.192791
0.195801
0.198974
0.198374
0.197598
0.199067
0.197475
0.195750
0.195206
0.192786
0.191788
0.191310
0.192286
0.193110
0.195391
0.193344
0.195729
0.197188
0.198002
0.199504
0.196987
0.195830
0.194351
0.195072
0.194607
0.193917
0.193232
0.191915
0.193648
0.195313
0.194412
0.194582
0.197294
0.197238
0.197113
0.199003
0.199344
0.197383
0.201777
0.196198
0.196721
0.196824
0.198876
0.196912
0.195552
0.193846
0.199513
0.197499
0.196239
0.195413
0.197565
0.199779
0.202554
0.199290
0.198889
0.197940
0.199748
0.195588
0.195727
0.194849
0.196170
0.198749
0.197851
0.190115
0.193431
0.195365
0.199729
0.200876
0.202087
0.213257
0.206210
0.206842
0.207816
0.210125
0.214160
0.210050
0.216049
0.208164
0.215396
0.213812
0.212789
0.204208
0.205735
0.205487
0.206235
0.206918
0.203147
0.205846
0.214652
0.214162
0.207811
0.207334
0.203542
0.206468
0.206138
0.211958
0.210790
0.203949
0.204852
0.207438
0.209516
0.211563
0.212338
0.213814
0.209462
0.209751
0.208873
0.206579
0.202356
0.206690
0.204297
0.211310
0.211247
0.211953
0.212970
0.205657
0.205184
0.203855
0.209637
0.207604
0.212216
0.208222
0.206259
0.207511
0.210211
0.212273
0.207168
0.209927
0.205518
0.206124
0.211523
0.208810
0.213826
0.211713
0.210227
0.216146
0.210226
0.207983
0.207687
0.208910
0.205641
0.203829
0.205020
0.204090
0.200746
0.204110
0.203315
0.208854
0.208607
0.207801
0.208682
0.203236
0.205034
0.206217
0.203967
0.205661
0.201927
0.205531
0.206569
0.204806
0.203468
0.204162
0.208053
0.207745
0.208974
0.210686
0.207123
0.210323
0.209111
0.202214
0.202655
0.201237
0.201888
0.196972
0.198451
0.201492
0.199784
0.200953
0.200390
0.202083
0.205887
0.210894
0.211156
0.206902
0.205825
0.208544
0.209019
0.203944
0.205614
0.205035
0.202884
0.203207
0.203599
0.203483
0.204967
0.203622
0.207293
0.205592
0.208948
0.211127
0.204103
0.216179
0.211827
0.214296
0.207683
0.206960
0.205388
0.204785
0.206473
0.224817
0.224410
0.223248
0.223504
0.222865
0.224189
0.223455
0.224554
0.222798
0.223475
0.223457
0.223368
0.224857
0.224000
0.224034
0.224206
0.226075
0.226401
0.225989
0.226159
0.223174
0.225676
0.223285
0.223950
0.223151
0.222352
0.221393
0.223267
0.221862
0.223608
0.224726
0.224294
0.224432
0.221840
0.221993
0.221342
0.224123
0.224767
0.223197
0.222789
0.223059
0.219925
0.221742
0.221513
0.221771
0.222430
0.221889
0.221964
0.223306
0.223845
0.222809
0.223858
0.220306
0.221445
0.221036
0.217863
0.219486
0.220493
0.219000
0.219168
0.220093
0.222130
0.221805
0.220213
0.222217
0.221387
0.221391
0.221370
0.221253
0.221477
0.220919
0.222561
0.222982
0.224720
0.224657
0.224281
0.223910
0.222203
0.218376
0.216952
0.218237
0.217872
0.216346
0.218148
0.217476
0.218707
0.220284
0.221289
0.219414
0.221536
0.221114
0.220317
0.220716
0.220262
0.218489
0.220493
0.218926
0.215836
0.216095
0.215486
0.217196
0.217288
0.218602
0.219187
0.218422
0.215977
0.217980
0.213531
0.212884
0.212178
0.212556
0.211478
0.211194
0.211449
0.211530
0.214628
0.212107
0.211405
0.211858
0.211971
0.211531
0.213096
0.213090
0.213631
0.214008
0.212310
0.210256
0.210509
0.210291
0.208478
0.073618
0.098029
0.132585
0.119705
0.137269
0.116958
0.123625
0.123291
0.123147
0.123445
0.131623
0.133981
0.134891
0.127449
0.127430
0.135213
0.136102
0.137456
0.138869
0.137311
0.137204
0.133958
0.132435
0.129008
0.126878
0.123225
0.123008
0.127487
0.130163
0.138170
0.139878
0.143790
0.143807
0.138519
0.140750
0.135383
0.133171
0.128996
0.130671
0.129347
0.128539
0.131652
0.131924
0.131227
0.132117
0.131643
0.130728
0.130394
0.126825
0.124674
0.126898
0.129889
0.135719
0.138232
0.140723
0.141840
0.136974
0.138240
0.137107
0.131350
0.126794
0.125373
0.127787
0.128845
0.131275
0.134377
0.137170
0.139199
0.138998
0.133437
0.133018
0.133804
0.133783
0.137519
0.139102
0.139683
0.139331
0.136769
0.134202
0.131610
0.127300
0.128545
0.127006
0.126219
0.126609
0.125891
0.125313
0.130882
0.133006
0.132574
0.134029
0.137714
0.137533
0.129885
0.130130
0.130739
0.130720
0.131827
0.134153
0.135111
0.136591
0.104514
0.103897
0.103313
0.097145
0.096552
0.097702
0.099714
0.102991
0.106087
0.106891
0.109339
0.110455
0.111384
0.111479
0.111130
0.110705
0.110090
0.105746
0.101431
0.101075
0.100474
0.098570
0.101190
0.100632
0.101292
0.106066
0.110363
0.113173
0.113423
0.114806
0.111888
0.109324
0.106394
0.103016
0.104482
0.103337
0.100641
0.100318
0.101927
0.098909
0.100630
0.103810
0.104128
0.108790
0.113481
0.117283
0.114981
0.110691
0.110714
0.108057
0.107931
0.101009
0.097015
0.099444
0.100677
0.100007
0.097392
0.097805
0.097564
0.100342
0.104339
0.107825
0.109485
0.108227
0.105269
0.104216
0.104359
0.105771
0.104746
0.103179
0.100661
0.095218
0.094828
0.096092
0.097001
0.095203
0.096284
0.097503
0.102570
0.106657
0.107140
0.107503
0.105879
0.105780
0.103863
0.100254
0.097002
0.096135
0.098083
0.100796
0.101242
0.098081
0.098198
0.098020
0.099650
0.101066
0.102779
0.101978
0.103587
0.101959
0.101473
0.100940
0.100159
0.100083
0.098483
0.096786
0.098008
0.097781
0.097799
0.098041
0.098387
0.098000
0.100187
0.102341
0.103114
0.104209
0.100649
0.098693
0.101488
0.101423
0.101419
0.098810
0.095013
0.094105
0.096545
0.098391
0.098545
0.099081
0.098608
0.097344
0.101550
0.107521
0.109612
0.109461
0.107918
0.165480
0.163384
0.168810
0.168622
0.173105
0.174329
0.173453
0.178301
0.182531
0.171139
0.180035
0.176895
0.173611
0.171205
0.176086
0.169569
0.202340
0.136454
0.116564
0.125200
0.125873
0.203830
0.188406
0.155531
0.161797
0.159923
0.159259
0.130150
0.126811
0.125643
0.139754
0.132863
0.135864
0.131081
0.168242
0.142733
0.133152
0.134084
0.130853
0.151871
0.155702
0.160474
0.166538
0.146178
0.139082
0.138682
0.147958
0.216542
0.178496
0.141338
0.141544
0.141850
0.167468
0.169828
0.179167
0.181248
0.189996
0.200212
0.197858
0.190152
0.190615
0.181674
0.185598
0.183338
0.181714
0.173694
0.170855
0.168928
0.167928
0.172339
0.178281
0.175817
0.186172
0.189950
0.189758
0.131401
0.129617
0.129113
0.131887
0.131424
0.132749
0.126004
0.127465
0.128022
0.129629
0.127372
0.130156
0.133070
0.133275
0.133045
0.131815
0.132318
0.127453
0.128327
0.124284
0.134292
0.132893
0.133732
0.132253
0.128443
0.130673
0.130601
0.125776
0.132505
0.132428
0.123805
0.123410
0.120795
0.129078
0.132775
0.133541
0.130908
0.130664
0.130877
0.127993
0.127565
0.127313
0.129521
0.130703
0.137869
0.137839
0.139988
0.139253
0.139552
0.140578
0.139056
0.136803
0.135127
0.135413
0.131928
0.130875
0.127996
0.127391
0.129593
0.133561
0.135713
0.134467
0.136677
0.136000
0.140060
0.140542
0.140126
0.137914
0.132336
0.131078
0.129507
0.129258
0.125854
0.124893
0.128181
0.128822
0.128594
0.126504
0.130399
0.130736
0.135879
0.135631
0.121433
0.121808
0.120598
0.137047
0.134591
0.130945
0.128087
0.125722
0.131666
0.131478
0.130398
0.124795
0.126707
0.128470
0.128629
0.127323
0.130778
0.125024
0.128414
0.129023
0.127382
0.127934
0.129482
0.130202
0.132598
0.133128
0.125217
0.130734
0.122672
0.121304
0.121785
0.127930
0.120261
0.122027
0.124959
0.127230
0.127013
0.128136
0.103082
0.106614
0.109775
0.110749
0.109094
0.107994
0.108743
0.108521
0.106899
0.102919
0.101967
0.102739
0.102780
0.101750
0.097402
0.096937
0.099974
0.100350
0.102162
0.102498
0.102420
0.102456
0.104078
0.105421
0.106522
0.106730
0.106046
0.104740
0.103541
0.100883
0.100940
0.100875
0.104730
0.101676
0.102805
0.105227
0.107198
0.110123
0.110629
0.106955
0.099388
0.097519
0.097742
0.099902
0.102201
0.103258
0.102669
0.103027
0.104298
0.100073
0.099114
0.099112
0.098564
0.101883
0.102985
0.105329
0.106969
0.106448
0.105989
0.106186
0.105751
0.105600
0.101173
0.099055
0.100038
0.100158
0.100247
0.098917
0.098742
0.099947
0.101597
0.104497
0.108844
0.106447
0.102154
0.099615
0.097707
0.100948
0.103525
0.103365
0.096645
0.097377
0.099066
0.098277
0.096669
0.096789
0.097117
0.099157
0.102088
0.172805
0.169432
0.171395
0.168554
0.170211
0.166165
0.165165
0.166281
0.166701
0.167402
0.171753
0.174483
0.182448
0.179787
0.184179
0.184828
0.181869
0.177705
0.177255
0.139131
0.149000
0.197640
0.169107
0.163193
0.164255
0.171988
0.143311
0.137609
0.137476
0.151877
0.139034
0.134869
0.133624
0.136866
0.154636
0.135779
0.139380
0.136982
0.157442
0.150295
0.149130
0.164063
0.178044
0.139694
0.140289
0.140574
0.192350
0.188763
0.138214
0.132497
0.135923
0.157423
0.209291
0.236095
0.237896
0.237848
0.237906
0.238638
0.243959
0.239199
0.238176
0.238506
0.236405
0.234801
0.233941
0.234471
0.235594
0.241138
0.212818
0.220459
0.221032
0.216752
0.219064
0.212462
0.210147
0.206522
0.222830
0.218371
0.217706
0.217440
0.218434
0.217628
0.216018
0.215004
0.216520
0.216612
0.219583
0.219334
0.218527
0.216509
0.217822
0.217083
0.214364
0.213499
0.212925
0.210576
0.211507
0.210682
0.210515
0.208634
0.208778
0.208205
0.210444
0.211280
0.213800
0.213258
0.214421
0.213801
0.212861
0.210917
0.209573
0.207501
0.208571
0.206327
0.208750
0.207922
0.209391
0.208633
0.208275
0.210444
0.209844
0.210651
0.211008
0.211548
0.211817
0.212447
0.212811
0.195836
0.202780
0.194111
0.198950
0.197532
0.197236
0.196866
0.197139
0.192643
0.195198
0.197655
0.199637
0.198217
0.199833
0.196749
0.196215
0.198986
0.198557
0.197988
0.197338
0.196305
0.201957
0.196793
0.196644
0.194371
0.198097
0.197339
0.200170
0.199300
0.199702
0.200639
0.199759
0.197505
0.198429
0.195665
0.203634
0.200786
0.198476
0.198946
0.200776
0.199151
0.198015
0.200256
0.195806
0.197484
0.198369
0.199109
0.203565
0.204082
0.201773
0.199941
0.201157
0.198061
0.199782
0.198762
0.196728
0.202806
0.199120
0.196719
0.197507
0.201155
0.202362
0.201675
0.204030
0.203941
0.205290
0.203609
0.205469
0.203066
0.202842
0.230204
0.230363
0.230863
0.230352
0.229490
0.229255
0.230034
0.230810
0.231285
0.230702
0.231073
0.230226
0.230501
0.230403
0.230536
0.230542
0.229717
0.230296
0.227671
0.228215
0.227827
0.228025
0.227821
0.227549
0.227808
0.226543
0.226843
0.225211
0.225367
0.224162
0.223625
0.222519
0.222182
0.219551
0.220167
0.219917
0.220793
0.219172
0.216770
0.217330
0.220585
0.216672
0.217659
0.230810
0.232376
0.232678
0.231967
0.231872
0.231823
0.231948
0.232077
0.232581
0.231974
0.232965
0.232775
0.231697
0.232410
0.231707
0.231774
0.232365
0.232182
0.232932
0.233659
0.232867
0.233387
0.229520
0.232805
0.231051
0.232466
0.231577
0.231852
0.232046
0.230513
0.231050
0.230597
0.223056
0.227445
0.227493
0.224704
0.226919
0.231429
0.231483
0.226625
0.227175
0.231151
0.232052
0.231567
0.230897
0.230824
0.231068
0.231301
0.233575
0.232460
0.232695
0.232596
0.232463
0.231427
0.231713
0.231957
0.233141
0.232119
0.233314
0.232616
0.232369
0.231256
0.228358
0.227266
0.227110
0.228872
0.229945
0.229509
0.231248
0.228559
0.231684
0.229687
0.231240
0.231423
0.237295
0.237779
0.236747
0.235837
0.234702
0.233391
0.232097
0.234765
0.234560
0.237827
0.233759
0.233865
0.233467
0.234624
0.234857
0.235331
0.235442
0.235490
0.236194
0.237647
0.237715
0.237971
0.236813
0.237225
0.237578
0.236720
0.232816
0.237244
0.236612
0.236473
0.234756
0.234223
0.234471
0.183397
0.180484
0.183448
0.183184
0.183612
0.181769
0.180623
0.180927
0.180423
0.178136
0.178634
0.179495
0.180811
0.181538
0.185420
0.189199
0.191905
0.189679
0.189331
0.187538
0.186356
0.187340
0.186103
0.183705
0.182764
0.182626
0.185174
0.186561
0.187607
0.187271
0.185890
0.185113
0.184879
0.186007
0.184970
0.186541
0.186470
0.186794
0.187328
0.187397
0.187097
0.186276
0.185246
0.184633
0.186690
0.186516
0.185445
0.184836
0.184165
0.183769
0.183389
0.184199
0.184831
0.185211
0.187421
0.188416
0.188010
0.192200
0.190191
0.188159
0.186246
0.184809
0.186743
0.187019
0.186391
0.186561
0.186061
0.186218
0.186704
0.187850
0.189473
0.190442
0.191125
0.191114
0.189399
0.188499
0.186661
0.186041
0.183724
0.184489
0.182061
0.182487
0.183695
0.183274
0.182749
0.186381
0.190077
0.191907
0.187926
0.187685
0.184407
0.182594
0.180599
0.179194
0.177984
0.175106
0.176127
0.178047
0.179032
0.181570
0.182671
0.184099
0.184165
0.184202
0.182822
0.182829
0.180569
0.179748
0.179129
0.178863
0.178393
0.177350
0.176088
0.175660
0.175247
0.174715
0.175964
0.176769
0.177751
0.178525
0.179382
0.179470
0.179183
0.180277
0.181539
0.182260
0.182522
0.183497
0.181375
0.179620
0.177155
0.176997
0.178253
0.177566
0.177103
0.176370
0.176998
0.177869
0.177176
0.178311
0.180207
0.181464
0.181940
0.182833
0.182598
0.180868
0.179161
0.178405
0.177733
0.177159
0.176302
0.176186
0.176626
0.177437
0.179115
0.180813
0.183986
0.186265
0.183572
0.181248
0.177947
0.176281
0.177306
0.176910
0.177018
0.175414
0.175152
0.178115
0.179471
0.179933
0.180195
0.179859
0.181311
0.180911
0.180054
0.178376
0.178295
0.178804
0.178671
0.177438
0.177892
0.178338
0.177495
0.176966
0.177545
0.179476
0.181125
0.182219
0.181790
0.183239
0.182304
0.180762
0.180481
0.179958
0.179213
0.181508
0.182070
0.184337
0.185277
0.185635
0.183673
0.182446
0.181865
0.182688
0.181293
0.182636
0.185167
0.187754
0.186778
0.185322
0.184362
0.184740
0.184313
0.185012
0.185447
0.184261
0.183739
0.181901
0.180542
0.180996
0.180278
0.177330
0.177650
0.177984
0.178335
0.178103
0.176974
0.179618
0.182014
0.182999
0.182009
0.180294
0.179748
0.178348
0.178383
0.178139
0.179237
0.178148
0.178634
0.178636
0.179227
0.179573
0.181783
0.181999
0.180486
0.181611
0.181196
0.179333
0.178002
0.176573
0.177983
0.178587
0.178775
0.176403
0.176953
0.177467
0.177241
0.177745
0.178948
0.181928
0.183899
0.216760
0.210369
0.208651
0.084441
0.105225
0.107509
0.122802
0.104918
0.106963
0.095619
0.088863
0.091407
0.101782
0.095957
0.101584
0.158977
0.210238
0.213736
0.210441
0.181973
0.099572
0.111644
0.113752
0.107186
0.111083
0.114343
0.080328
0.108334
0.185349
0.211804
0.212155
0.212345
0.210697
0.211763
0.211115
0.210694
0.077092
0.174294
0.163578
0.152995
0.149103
0.098025
0.112151
0.108383
0.080280
0.097490
0.164719
0.207358
0.207763
0.209794
0.227866
0.228367
0.211307
0.105196
0.109416
0.119990
0.123806
0.119306
0.116317
0.117739
0.115899
0.117315
0.149186
0.202389
0.234401
0.225971
0.226290
0.227262
0.227461
0.227263
0.164467
0.166097
0.158257
0.159754
0.168747
0.165346
0.162790
0.162778
0.167939
0.172395
0.166425
0.168396
0.163481
0.172127
0.172870
0.162359
0.167202
0.169171
0.172000
0.173426
0.170777
0.164522
0.168663
0.169969
0.170287
0.168733
0.162034
0.157407
0.166206
0.163671
0.162492
0.160386
0.163977
0.163577
0.151788
0.130117
0.127144
0.127528
0.129660
0.127694
0.124758
0.123220
0.121973
0.133630
0.133137
0.132377
0.130753
0.127929
0.125291
0.124787
0.140233
0.137573
0.138602
0.149400
0.130397
0.130973
0.076487
0.122228
0.124110
0.122110
0.126781
0.127628
0.127207
0.127579
0.119241
0.120712
0.126646
0.120853
0.126830
0.128475
0.129075
0.130041
0.129309
0.127244
0.130463
0.159341
0.122162
0.092442
0.094939
0.098603
0.122924
0.124998
0.116651
0.113509
0.133238
0.194617
0.206990
0.216201
0.133010
0.113618
0.099789
0.118572
0.099811
0.097321
0.116405
0.118981
0.109561
0.147199
0.184748
0.221852
0.217171
0.220117
0.215763
0.214291
0.111120
0.113545
0.119923
0.099351
0.103245
0.095858
0.093926
0.097432
0.090683
0.113671
0.149866
0.197988
0.221188
0.221153
0.218827
0.217239
0.217436
0.209909
0.102797
0.104307
0.104467
0.105749
0.103924
0.102828
0.103291
0.105492
0.107047
0.133362
0.162009
0.203046
0.211154
0.213721
0.214449
0.213798
0.162158
0.146226
0.149959
0.153839
0.170983
0.174410
0.173688
0.173841
0.165840
0.167251
0.166685
0.166642
0.164201
0.158284
0.164725
0.163082
0.161916
0.166059
0.166248
0.168519
0.170351
0.171481
0.173569
0.174234
0.171674
0.172334
0.169530
0.168746
0.163746
0.159488
0.159253
0.164639
0.162181
0.163563
0.159795
0.169575
0.115361
0.124675
0.117604
0.129419
0.126526
0.131437
0.129794
0.128254
0.110036
0.108973
0.100527
0.102253
0.101907
0.108113
0.117296
0.132452
0.119899
0.116589
0.118071
0.116055
0.116796
0.116744
0.116813
0.117350
0.112623
0.111203
0.120122
0.124965
0.111109
0.110350
0.110727
0.126956
0.137413
0.132217
0.131745
0.131706
0.118978
0.118381
0.113646
0.102164
0.136816
0.093673
0.102578
0.105782
0.094830
0.094958
0.110651
0.102327
0.085527
0.097809
0.089022
0.121962
0.192225
0.153655
0.082008
0.086067
0.094700
0.099449
0.094215
0.100492
0.091055
0.078303
0.090373
0.122913
0.187803
0.200267
0.201365
0.200348
0.200350
0.072905
0.111119
0.112972
0.114054
0.120809
0.114948
0.106947
0.103924
0.095424
0.086122
0.091561
0.205361
0.225488
0.226985
0.227236
0.226299
0.226487
0.224148
0.167060
0.130134
0.105916
0.106595
0.074018
0.068529
0.100215
0.104029
0.106365
0.129541
0.173840
0.210299
0.223397
0.223820
0.225138
0.224673
0.215314
0.183262
0.168420
0.152689
0.140894
0.141830
0.142938
0.142032
0.137282
0.136674
0.136298
0.136484
0.137934
0.141454
0.138644
0.138653
0.138778
0.140114
0.143549
0.139802
0.139131
0.141578
0.139236
0.139292
0.138221
0.137237
0.138592
0.136800
0.133386
0.133887
0.137591
0.140551
0.137426
0.139230
0.138635
0.143082
0.132297
0.121183
0.118287
0.118202
0.116567
0.111988
0.109513
0.105622
0.101127
0.097937
0.099221
0.098284
0.099911
0.104338
0.105372
0.105849
0.106577
0.110771
0.116986
0.114633
0.112539
0.113089
0.113204
0.108946
0.105411
0.101747
0.095566
0.094326
0.098861
0.110098
0.107049
0.103052
0.103783
0.105175
0.106073
0.113065
0.110090
0.115919
0.122026
0.124899
0.137708
0.181525
0.136867
0.128811
0.086624
0.086869
0.081223
0.081997
0.076877
0.075051
0.078154
0.080559
0.076598
0.076918
0.077688
0.078772
0.092119
0.126258
0.182607
0.211447
0.230452
0.231955
0.221788
0.139306
0.098022
0.091757
0.091052
0.089359
0.091929
0.115417
0.169823
0.209700
0.232340
0.233477
0.233366
0.233646
0.232185
0.232121
0.141716
0.073650
0.076986
0.080392
0.087926
0.086249
0.083929
0.089874
0.106584
0.164725
0.213002
0.230911
0.233724
0.227810
0.232668
0.233329
0.232798
0.156366
0.072830
0.072718
0.070648
0.071273
0.082670
0.087053
0.127479
0.132094
0.159100
0.186265
0.215491
0.215880
0.216810
0.215651
0.220287
0.214984
0.170632
0.171579
0.155246
0.160577
0.153616
0.175917
0.176669
0.165645
0.173612
0.160099
0.157590
0.169616
0.153375
0.148968
0.150362
0.154787
0.172337
0.154808
0.149785
0.149747
0.151884
0.154353
0.156030
0.154996
0.154453
0.153745
0.152699
0.142157
0.152087
0.146805
0.168322
0.153912
0.152403
0.162532
0.157333
0.143521
0.122825
0.106350
0.101214
0.101872
0.098680
0.096556
0.101598
0.104079
0.100198
0.104486
0.099395
0.100417
0.099977
0.106211
0.102667
0.094009
0.110314
0.109677
0.108921
0.094650
0.106349
0.116584
0.112298
0.107551
0.102682
0.101365
0.097243
0.095377
0.108721
0.111732
0.109442
0.108763
0.109450
0.096232
0.113928
0.108062
0.199372
0.195701
0.181716
0.181876
0.161579
0.160078
0.170164
0.187035
0.114888
0.147290
0.171399
0.168485
0.169190
0.171598
0.160506
0.146665
0.150681
0.169637
0.175784
0.177808
0.171258
0.159758
0.155726
0.162033
0.150600
0.153417
0.188852
0.189164
0.188329
0.194088
0.194739
0.187760
0.199043
0.202790
0.192766
0.196388
0.203413
0.198698
0.184145
0.188234
0.195661
0.188441
0.135564
0.146129
0.162655
0.172013
0.167387
0.166571
0.173175
0.163032
0.168869
0.172931
0.173734
0.179676
0.167433
0.162540
0.164391
0.184140
0.187224
0.157954
0.139951
0.178408
0.188132
0.185104
0.197463
0.195595
0.196213
0.195038
0.210003
0.210900
0.215105
0.205558
0.169684
0.185750
0.195236
0.176295
0.133409
0.151753
0.176085
0.176882
0.177013
0.180326
0.158376
0.171097
0.172215
0.164295
0.178613
0.174140
0.164725
0.160952
0.177379
0.183413
0.156472
0.138980
0.171562
0.188770
0.194960
0.191535
0.205695
0.189735
0.192205
0.208676
0.201498
0.198808
0.203691
0.196401
0.195864
0.198562
0.158827
0.166480
0.174487
0.182384
0.168979
0.174948
0.174599
0.164921
0.146802
0.162560
0.177189
0.178492
0.181117
0.180659
0.176998
0.177850
0.196118
0.190072
0.168209
0.143288
0.191561
0.201203
0.200477
0.201313
0.202234
0.194789
0.188104
0.215101
0.212739
0.211829
0.214893
0.212510
0.211552
0.217750
0.198469
0.185693
0.186397
0.194661
0.188770
0.189724
0.189798
0.188721
0.153781
0.147141
0.160243
0.188558
0.194280
0.189290
0.137996
0.167452
0.174116
0.160431
0.158119
0.214248
0.176124
0.212818
0.171294
0.177276
0.164820
0.155228
0.124093
0.169836
0.178035
0.145714
0.121161
0.152284
0.206182
0.180073
0.166208
0.159716
0.145750
0.152040
0.150830
0.152315
0.155976
0.144934
0.133036
0.114804
0.149632
0.157772
0.191613
0.157251
0.142228
0.168998
0.169217
0.164242
0.168010
0.208789
0.205620
0.170324
0.170557
0.166035
0.153405
0.154565
0.171192
0.147446
0.190658
0.159340
0.130998
0.149256
0.164135
0.160474
0.137221
0.146614
0.169910
0.148811
0.157236
0.157352
0.157005
0.134615
0.133562
0.092216
0.079042
0.153483
0.154990
0.167063
0.163345
0.177943
0.176492
0.163315
0.154940
0.166093
0.173417
0.182403
0.174205
0.157948
0.156243
0.153043
0.094769
0.129979
0.168611
0.142353
0.132447
0.135631
0.159889
0.160514
0.144618
0.149642
0.151476
0.148971
0.154520
0.158428
0.154129
0.132562
0.091006
0.107355
0.124363
0.157371
0.129623
0.141161
0.155585
0.171200
0.162801
0.170508
0.173369
0.160626
0.184475
0.205283
0.214282
0.187471
0.167125
0.157387
0.173295
0.195332
0.162682
0.160769
0.179943
0.201700
0.195480
0.192235
0.190114
0.193162
0.138651
0.148806
0.159613
0.143209
0.110836
0.120257
0.121439
0.117377
0.153402
0.178595
0.153608
0.138650
0.191349
0.192864
0.189410
0.175885
0.186107
0.145725
0.142989
0.169618
0.138004
0.129581
0.135207
0.146040
0.167868
0.182762
0.162343
0.149119
0.158980
0.184801
0.185471
0.167425
0.161563
0.118241
0.107003
0.139236
0.163983
0.160974
0.105793
0.086444
0.101193
0.115471
0.175598
0.188779
0.160301
0.134076
0.161097
0.174623
0.148731
0.157543
0.145674
0.134769
0.154025
0.195940
0.170958
0.144044
0.105843
0.153323
0.152863
0.169035
0.155260
0.157189
0.174148
0.173394
0.152468
0.155282
0.136090
0.092879
0.114724
0.172107
0.162739
0.108593
0.125876
0.137170
0.131538
0.156346
0.174533
0.167810
0.141408
0.180057
0.143032
0.146499
0.176379
0.189082
0.145710
0.136787
0.194549
0.212316
0.193971
0.168955
0.184440
0.156818
0.172359
0.182455
0.179249
0.179305
0.186823
0.170532
0.138101
0.168033
0.155273
0.116886
0.129725
0.164401
0.148585
0.129993
0.132998
0.134005
0.168448
0.177782
0.162682
0.162795
0.165799
0.182682
0.133593
0.142439
0.175967
0.153683
0.138382
0.148905
0.210190
0.209764
0.187357
0.138602
0.169655
0.181213
0.189464
0.176772
0.180339
0.186564
0.189644
0.156087
0.120450
0.144959
0.125552
0.136956
0.145336
0.159440
0.154988
0.152135
0.116377
0.131353
0.196982
0.182611
0.177253
0.182470
0.201042
0.156744
0.159766
0.203401
0.205865
0.187773
0.190355
0.195830
0.168089
0.181549
0.181870
0.143251
0.101004
0.124423
0.176150
0.166450
0.152376
0.164321
0.141218
0.128822
0.154951
0.167260
0.176168
0.165399
0.202033
0.185864
0.167635
0.178525
0.191877
0.155941
0.126922
0.188053
0.195839
0.203167
0.184736
0.179483
0.187569
0.200052
0.211857
0.205335
0.169307
0.192358
0.173435
0.192655
0.205151
0.206992
0.162333
0.179575
0.173362
0.170622
0.173073
0.182522
0.137656
0.138957
0.163320
0.157455
0.183109
0.153138
0.189956
0.159784
0.145870
0.132845
0.140874
0.160607
0.151696
0.152605
0.152493
0.172987
0.174268
0.129769
0.113023
0.170897
0.186517
0.186589
0.197575
0.192758
0.189495
0.181207
0.189002
0.198551
0.206662
0.195570
0.154138
0.161134
0.173179
0.138037
0.124734
0.129992
0.177600
0.172598
0.152504
0.162553
0.167049
0.149048
0.159746
0.157753
0.148957
0.161330
0.141111
0.134768
0.166244
0.177751
0.139033
0.133051
0.150230
0.190512
0.177427
0.173096
0.193086
0.191784
0.187180
0.181736
0.173326
0.181404
0.192242
0.142657
0.167282
0.174453
0.171732
0.119680
0.130736
0.162141
0.176287
0.170490
0.173423
0.201433
0.193109
0.189504
0.188560
0.192852
0.197402
0.201417
0.192338
0.190707
0.196163
0.198684
0.182460
0.134095
0.107871
0.109986
0.111502
0.112134
0.117593
0.117696
0.120661
0.113866
0.128735
0.114544
0.114086
0.116323
0.117961
0.117370
0.115564
0.118823
0.115975
0.109547
0.113559
0.114419
0.109150
0.109995
0.107982
0.104461
0.100369
0.099212
0.103437
0.108833
0.106377
0.125274
0.105698
0.122771
0.095412
0.085778
0.085458
0.087177
0.061364
0.062310
0.066048
0.115796
0.121351
0.074484
0.133003
0.139412
0.146534
0.112456
0.122883
0.133062
0.139679
0.172863
0.150207
0.166833
0.153768
0.158788
0.178189
0.177510
0.185666
0.191829
0.192003
0.192305
0.192547
0.188205
0.202215
0.212459
0.195877
0.198536
0.201728
0.202071
0.202115
0.204813
0.202908
0.211483
0.200649
0.215276
0.215095
0.216146
0.202771
0.216619
0.205294
0.206532
0.212951
0.214189
0.206760
0.217691
0.217126
0.120525
0.063039
0.067122
0.134434
0.125198
0.128264
0.135439
0.131870
0.143126
0.120548
0.147752
0.146625
0.145000
0.156393
0.159884
0.154217
0.143558
0.135378
0.137280
0.130316
0.133756
0.131415
0.132750
0.132094
0.146576
0.146644
0.144866
0.149047
0.153143
0.152573
0.140063
0.136498
0.135468
0.140802
0.141064
0.143973
0.133903
0.134844
0.141296
0.148654
0.148134
0.148667
0.149453
0.158918
0.153934
0.147383
0.150627
0.150215
0.145744
0.148568
0.140692
0.144935
0.134579
0.132402
0.136532
0.141680
0.152456
0.154847
0.152078
0.144255
0.130541
0.133439
0.132091
0.147785
0.145975
0.138095
0.130593
0.131989
0.138097
0.133893
0.134522
0.131414
0.143005
0.136717
0.131082
0.131754
0.134719
0.134100
0.140825
0.136311
0.129492
0.123243
0.117292
0.114615
0.112340
0.114644
0.128955
0.123014
0.122552
0.136593
0.131709
0.113459
0.111604
0.120173
0.123278
0.122942
0.118273
0.108427
0.102963
0.102868
0.105733
0.109741
0.117488
0.115335
0.111058
0.111365
0.118236
0.120204
0.112485
0.110284
0.110855
0.122813
0.123073
0.113764
0.112234
0.112246
0.113609
0.118402
0.131108
0.113009
0.108469
0.106338
0.113626
0.113017
0.117890
0.109021
0.100801
0.102121
0.106497
0.103929
0.104758
0.102486
0.095975
0.098706
0.101516
0.146149
0.146904
0.137132
0.139516
0.142123
0.143673
0.139769
0.142233
0.143673
0.146318
0.147570
0.149114
0.151213
0.151511
0.144416
0.144608
0.141892
0.139495
0.143529
0.144018
0.138990
0.138133
0.124393
0.122298
0.123837
0.124108
0.124395
0.143207
0.137595
0.137576
0.139582
0.138444
0.135481
0.135559
0.136648
0.141885
0.133899
0.132495
0.134265
0.124084
0.125284
0.137738
0.139539
0.139481
0.136580
0.135888
0.142694
0.136403
0.135826
0.138192
0.136638
0.137333
0.136975
0.140386
0.139138
0.139838
0.140809
0.142470
0.141658
0.142511
0.138151
0.137468
0.141672
0.139147
0.138766
0.139085
0.138217
0.135588
0.134850
0.135360
0.138942
0.142251
0.142865
0.144693
0.145321
0.145036
0.142330
0.140256
0.143602
0.141855
0.141015
0.140806
0.138956
0.136633
0.134193
0.133408
0.136832
0.137009
0.138103
0.138045
0.138017
0.141828
0.138907
0.132057
0.129163
0.128827
0.133813
0.133682
0.132516
0.129033
0.134619
0.135956
0.135656
0.136936
0.142319
0.140536
0.135258
0.137759
0.137795
0.136503
0.140063
0.139289
0.164584
0.142781
0.136532
0.135504
0.117180
0.116709
0.116091
0.108610
0.105998
0.105547
0.119189
0.119885
0.117380
0.108830
0.104317
0.109141
0.110468
0.106896
0.104414
0.105692
0.113796
0.113679
0.116792
0.117029
0.110957
0.107377
0.107108
0.104093
0.100236
0.098412
0.101285
0.106051
0.110371
0.110043
0.111760
0.110323
0.116958
0.118532
0.119283
0.113222
0.103200
0.103639
0.107843
0.111160
0.116505
0.116865
0.116591
0.111139
0.109851
0.117589
0.118930
0.119160
0.111771
0.108443
0.106630
0.106089
0.104889
0.108165
0.107030
0.113579
0.109699
0.110430
0.110576
0.106789
0.105784
0.106059
0.110022
0.105424
0.105049
0.110867
0.113098
0.112357
0.107883
0.106973
0.107451
0.110158
0.113643
0.115671
0.108155
0.104477
0.104001
0.108571
0.111773
0.110679
0.112404
0.103579
0.103145
0.105340
0.117499
0.113625
0.112885
0.105766
0.102609
0.107154
0.112283
0.112393
0.108002
0.107789
0.101627
0.103214
0.110610
0.114394
0.115208
0.113934
0.105945
0.106305
0.107838
0.108156
0.109967
0.119026
0.116485
0.113440
0.110601
0.114664
0.119219
0.120379
0.113514
0.104423
0.104883
0.110385
0.124696
0.117790
0.114150
0.108926
0.108773
0.109060
0.109236
0.117022
0.125999
0.112230
0.106438
0.105093
0.112840
0.163374
0.161479
0.163128
0.170856
0.168737
0.162721
0.162564
0.167083
0.165682
0.168883
0.172741
0.165094
0.166213
0.165597
0.165008
0.163027
0.167515
0.168740
0.172002
0.169413
0.171122
0.169939
0.168058
0.170352
0.161328
0.168126
0.165211
0.167473
0.164100
0.165286
0.167713
0.167750
0.176445
0.173854
0.170509
0.172808
0.168867
0.163098
0.161636
0.165145
0.166356
0.168054
0.167360
0.164374
0.159968
0.165165
0.166187
0.160806
0.164535
0.168374
0.166425
0.161878
0.164815
0.162119
0.164405
0.166294
0.163870
0.162606
0.158010
0.157936
0.156954
0.157891
0.157157
0.167021
0.163703
0.160135
0.166832
0.169413
0.155348
0.155549
0.162793
0.165429
0.157892
0.155022
0.159598
0.166109
0.160142
0.155224
0.167380
0.161243
0.161221
0.157194
0.154603
0.160850
0.148694
0.147295
0.153689
0.156192
0.158735
0.158028
0.156792
0.157904
0.161427
0.161548
0.159485
0.156618
0.156228
0.140703
0.133493
0.161694
0.169975
0.188847
0.198312
0.204951
0.213002
0.214687
0.215367
0.222161
0.223661
0.221976
0.225907
0.216844
0.207086
0.199907
0.201081
0.218553
0.228685
0.234064
0.234078
0.232319
0.220985
0.211193
0.214990
0.205159
0.200860
0.198966
0.151658
0.137302
0.162746
0.162748
0.158760
0.194128
0.224546
0.220213
0.220204
0.217093
0.219442
0.219093
0.219344
0.220148
0.220117
0.210501
0.099562
0.102684
0.107024
0.112592
0.193135
0.194830
0.219430
0.220089
0.219909
0.220415
0.219770
0.156673
0.118681
0.114138
0.098852
0.123377
0.176175
0.215614
0.222129
0.223830
0.220983
0.220612
0.221636
0.220482
0.219441
0.220650
0.198615
0.143319
0.145245
0.117848
0.096334
0.219275
0.225732
0.224794
0.222688
0.222807
0.225134
0.223778
0.218999
0.224650
0.220205
0.202979
0.109392
0.114763
0.116688
0.088987
0.222733
0.220887
0.221334
0.221879
0.221644
0.220366
0.222499
0.221243
0.222763
0.222279
0.160831
0.116159
0.114547
0.115821
0.098829
0.225305
0.218930
0.218080
0.218779
0.217050
0.214182
0.222380
0.212762
0.221657
0.169503
0.088680
0.107308
0.111936
0.092540
0.087244
0.089414
0.095315
0.083249
0.080246
0.097884
0.113215
0.093257
0.097210
0.094311
0.076927
0.116416
0.136632
0.136757
0.137015
0.135196
0.149826
0.153645
0.154546
0.155206
0.141795
0.106679
0.108319
0.105705
0.104647
0.106013
0.102111
0.119050
0.154719
0.191816
0.230963
0.235999
0.234658
0.233971
0.234574
0.234501
0.241084
0.100773
0.080279
0.076988
0.082808
0.202507
0.234583
0.234669
0.235410
0.234721
0.233594
0.233130
0.235519
0.236801
0.217554
0.112863
0.075639
0.071627
0.081573
0.125348
0.174305
0.169056
0.168744
0.167230
0.168266
0.168624
0.069305
0.079396
0.106331
0.103411
0.049231
0.108991
0.178222
0.173149
0.172897
0.171124
0.168749
0.166788
0.169130
0.169521
0.170074
0.143843
0.058178
0.106227
0.094877
0.059407
0.165643
0.172140
0.172894
0.175064
0.173700
0.169618
0.167786
0.165293
0.164478
0.164421
0.091691
0.055976
0.107081
0.107355
0.050407
0.048523
0.171741
0.167045
0.165991
0.165912
0.164780
0.163047
0.163590
0.162244
0.161330
0.129742
0.064253
0.086060
0.090989
0.070846
0.099383
0.171851
0.169203
0.167001
0.166853
0.167268
0.165945
0.166122
0.166270
0.165946
0.086196
0.078283
0.080158
0.083889
0.023323
0.043991
0.036135
0.056252
0.061630
0.061614
0.063345
0.077503
0.074478
0.062613
0.059402
0.038588
0.042992
0.124923
0.119813
0.119036
0.120796
0.115719
0.113022
0.100850
0.045806
0.065156
0.070438
0.075745
0.075225
0.069674
0.075397
0.032277
0.085400
0.173913
0.175274
0.176251
0.177430
0.177296
0.216619
0.123200
0.077866
0.086852
0.091437
0.097596
0.192268
0.216225
0.213970
0.211794
0.221153
0.220355
0.214879
0.215457
0.216265
0.218490
0.125287
0.074484
0.089706
0.094175
0.096097
0.120877
0.217502
0.214491
0.214449
0.212512
0.096549
0.147580
0.165535
0.106814
0.138560
0.098537
0.126413
0.186032
0.202198
0.199894
0.077597
0.098960
0.114014
0.094759
0.081039
0.075207
0.068735
0.077758
0.103673
0.102483
0.105027
0.100223
0.073471
0.110229
0.077900
0.081969
0.151022
0.162965
0.157846
0.153292
0.152111
0.149751
0.144938
0.138993
0.135248
0.135663
0.137492
0.133344
0.135654
0.139344
0.142427
0.142371
0.144103
0.140544
0.137207
0.133097
0.130727
0.132195
0.133521
0.132852
0.132191
0.133617
0.136822
0.135709
0.133704
0.138052
0.136048
0.135128
0.140047
0.138178
0.138895
0.151292
0.136449
0.136554
0.138414
0.141094
0.146174
0.139452
0.135358
0.148211
0.147275
0.148917
0.161815
0.161742
0.153320
0.150528
0.147124
0.134488
0.124983
0.128160
0.125704
0.138561
0.139909
0.145294
0.156839
0.159463
0.149981
0.147157
0.136018
0.139509
0.138625
0.141043
0.140030
0.143049
0.140134
0.133942
0.130887
0.125489
0.126773
0.128269
0.130414
0.134632
0.127842
0.142455
0.134529
0.147886
0.152938
0.142479
0.132193
0.127797
0.136848
0.133860
0.128812
0.127503
0.128167
0.126431
0.127962
0.128124
0.132588
0.136046
0.140304
0.147073
0.150381
0.147358
0.146443
0.135815
0.129975
0.122208
0.122824
0.122120
0.123404
0.126743
0.131407
0.137214
0.137421
0.138654
0.136908
0.137828
0.139764
0.137877
0.138484
0.140236
0.141228
0.139370
0.133273
0.131053
0.129302
0.132996
0.135301
0.139342
0.140828
0.139704
0.141612
0.149739
0.148710
0.148420
0.145377
0.147962
0.144204
0.140208
0.141976
0.140256
0.139326
0.138773
0.139968
0.137273
0.143743
0.148378
0.154473
0.154733
0.153154
0.152514
0.150536
0.150852
0.146778
0.140599
0.141003
0.140757
0.140218
0.142790
0.142286
0.144965
0.144641
0.143456
0.146515
0.155402
0.154193
0.153263
0.153839
0.146543
0.141589
0.113207
0.125692
0.124152
0.134614
0.130869
0.137427
0.136427
0.136724
0.141748
0.153512
0.152160
0.151782
0.155251
0.158092
0.152804
0.132024
0.129187
0.167031
0.168566
0.164235
0.168454
0.170653
0.169774
0.166745
0.140209
0.145776
0.184181
0.192324
0.214081
0.215135
0.224704
0.228821
0.232571
0.232732
0.216979
0.215425
0.206978
0.210076
0.217613
0.213419
0.225007
0.191979
0.111883
0.093020
0.082765
0.107706
0.155350
0.238750
0.238971
0.236177
0.235747
0.236500
0.240431
0.223198
0.221903
0.221917
0.223272
0.222131
0.160974
0.127514
0.113599
0.118303
0.156033
0.218961
0.222199
0.224196
0.222015
0.222806
0.220094
0.150314
0.089431
0.108314
0.106613
0.149945
0.223267
0.225030
0.225163
0.223006
0.223604
0.221612
0.218916
0.221964
0.217187
0.219009
0.142116
0.104963
0.109578
0.093758
0.101724
0.221745
0.219503
0.218635
0.219394
0.219030
0.219628
0.218366
0.217750
0.215460
0.173021
0.103901
0.102849
0.104230
0.105347
0.140316
0.221543
0.220132
0.217532
0.220812
0.220042
0.216794
0.220162
0.215531
0.216965
0.216058
0.104825
0.109774
0.114878
0.112235
0.144961
0.221922
0.219882
0.220463
0.216038
0.217865
0.218160
0.221774
0.220273
0.220294
0.220684
0.115279
0.110277
0.117681
0.106546
0.136422
0.131729
0.122772
0.126991
0.123402
0.124248
0.124090
0.129044
0.119779
0.119757
0.123558
0.119700
0.143153
0.156668
0.157983
0.159830
0.157416
0.163256
0.157609
0.145169
0.113853
0.107970
0.101478
0.112059
0.107574
0.102084
0.104732
0.109967
0.139351
0.184958
0.218006
0.234535
0.235155
0.235829
0.237234
0.179089
0.098077
0.070641
0.070867
0.092124
0.232912
0.234495
0.235763
0.234763
0.235415
0.234827
0.236658
0.235405
0.235308
0.232193
0.185209
0.076352
0.072231
0.072933
0.126121
0.238194
0.237529
0.235284
0.235931
0.236244
0.235249
0.236773
0.102064
0.123674
0.117014
0.103746
0.127015
0.214779
0.209917
0.210031
0.206429
0.207770
0.207399
0.205597
0.206740
0.204975
0.206925
0.097959
0.121033
0.125764
0.120077
0.113296
0.151405
0.212028
0.210374
0.216070
0.215587
0.218677
0.220893
0.222123
0.213368
0.222278
0.092778
0.094731
0.117548
0.111570
0.135773
0.209976
0.214063
0.214740
0.215437
0.212731
0.212496
0.210837
0.209257
0.208966
0.209914
0.099855
0.111426
0.093490
0.094750
0.142754
0.200804
0.205515
0.210334
0.205866
0.207001
0.205490
0.207505
0.205327
0.206399
0.206954
0.089351
0.099417
0.104702
0.094921
0.096785
0.099076
0.098566
0.092137
0.129172
0.123030
0.107377
0.128817
0.096711
0.094303
0.099039
0.115420
0.130141
0.126018
0.127133
0.130598
0.125918
0.115861
0.122423
0.147004
0.161026
0.164459
0.158800
0.202714
0.131250
0.118307
0.114989
0.123046
0.153760
0.149289
0.156382
0.163454
0.199626
0.176406
0.183435
0.189448
0.190262
0.190376
0.177075
0.168380
0.167850
0.164926
0.168014
0.155120
0.157576
0.153584
0.154359
0.171392
0.181954
0.177458
0.179900
0.177984
0.178200
0.112157
0.109281
0.110739
0.092407
0.094255
0.095519
0.106484
0.105198
0.097926
0.093746
0.105417
0.123034
0.122526
0.118127
0.109247
0.114581
0.102801
0.098185
0.098357
0.094749
0.095690
0.118389
0.098763
0.099197
0.103212
0.103698
0.112271
0.114386
0.110241
0.112666
0.109627
0.100465
0.107298
0.100774
0.100088
0.100943
0.105251
0.092518
0.099349
0.101964
0.092111
0.126417
0.110263
0.136328
0.139415
0.139053
0.128505
0.110638
0.107491
0.104322
0.109544
0.120858
0.109088
0.100270
0.111533
0.101002
0.120340
0.110106
0.114246
0.098397
0.098489
0.106544
0.106372
0.106096
0.102521
0.104836
0.107738
0.106298
0.101534
0.098574
0.110504
0.108953
0.106295
0.092690
0.098814
0.118066
0.113230
0.108159
0.111270
0.091127
0.088530
0.093246
0.087505
0.097643
0.098531
0.096947
0.089706
0.090460
0.096455
0.105153
0.117023
0.106845
0.101752
0.099050
0.095305
0.091715
0.089097
0.082321
0.092063
0.088992
0.087333
0.098016
0.099233
0.089985
0.089512
0.093767
0.098498
0.113285
0.105400
0.103223
0.097313
0.086916
0.079719
0.088605
0.098112
0.093258
0.085967
0.101415
0.102793
0.090225
0.088716
0.093217
0.111118
0.111730
0.095488
0.084841
0.084195
0.084779
0.084221
0.079910
0.082515
0.084782
0.083845
0.105200
0.109497
0.124984
0.127681
0.109209
0.108170
0.126087
0.120274
0.018870
0.020377
0.017034
0.012015
0.011713
0.011051
0.025794
0.028817
0.021471
0.021365
0.021887
0.022010
0.031714
0.051257
0.051288
0.021284
0.016635
0.011290
0.008235
0.008426
0.022270
0.031663
0.015415
0.016683
0.036116
0.080416
0.035248
0.031120
0.038452
0.051758
0.034253
0.025561
0.020843
0.026393
0.031666
0.024371
0.018165
0.013841
0.011878
0.018597
0.029989
0.032315
0.041039
0.040972
0.040676
0.033510
0.030126
0.030079
0.018323
0.009194
0.005952
0.007002
0.023586
0.031050
0.015679
0.017226
0.025517
0.026238
0.028164
0.031145
0.030006
0.021897
0.016984
0.014416
0.014430
0.013985
0.014898
0.021832
0.018102
0.008395
0.009514
0.014238
0.041486
0.048113
0.026570
0.021503
0.019467
0.018400
0.017617
0.025559
0.024341
0.004467
0.000000
0.003503
0.018650
0.022560
0.023551
0.025903
0.026042
0.026033
0.022556
0.025478
0.025943
0.018310
0.011381
0.014071
0.020446
0.017955
0.016878
0.020025
0.013599
0.014655
0.014719
0.018146
0.022721
0.023712
0.022221
0.025637
0.022337
0.020384
0.022739
0.029560
0.035595
0.020309
0.032090
0.043232
0.036669
0.040754
0.182916
0.187403
0.189614
0.188130
0.186117
0.183436
0.179783
0.173086
0.172672
0.171144
0.171621
0.169166
0.170597
0.170117
0.173536
0.181162
0.186087
0.185344
0.186424
0.185828
0.185260
0.178011
0.200856
0.198435
0.196419
0.172738
0.175290
0.193451
0.194601
0.168288
0.176679
0.179122
0.188347
0.189464
0.192687
0.193177
0.189715
0.191623
0.190727
0.178278
0.177608
0.168539
0.168568
0.164890
0.169986
0.170757
0.176685
0.197461
0.202790
0.203753
0.200942
0.207471
0.208405
0.197908
0.194615
0.190554
0.191400
0.189737
0.191505
0.179136
0.188250
0.181628
0.193673
0.200366
0.207933
0.210887
0.214022
0.213794
0.211390
0.208591
0.202756
0.202201
0.199715
0.198907
0.202594
0.202899
0.204877
0.212499
0.217981
0.217061
0.216851
0.216460
0.215788
0.219220
0.210179
0.212017
0.202659
0.197221
0.196536
0.197529
0.207178
0.207683
0.204048
0.208904
0.217208
0.216116
0.218638
0.220438
0.219325
0.220181
0.208434
0.205314
0.199184
0.201735
0.205448
0.207339
0.206955
0.207306
0.206249
0.213857
0.219709
0.221644
0.221397
0.222336
0.220574
0.217183
0.213751
0.211381
0.209172
0.200891
0.198857
0.207014
0.208197
0.208412
0.211145
0.211609
0.211571
0.210575
0.219897
0.223800
0.224114
0.217255
0.208442
0.201417
0.098122
0.099523
0.106886
0.100748
0.094554
0.095769
0.114500
0.112711
0.127971
0.146984
0.149655
0.136568
0.120699
0.117240
0.095633
0.105868
0.104138
0.101899
0.104724
0.105759
0.112316
0.108781
0.119081
0.115721
0.124298
0.136954
0.119151
0.118228
0.117331
0.107583
0.111895
0.104405
0.101878
0.092097
0.096853
0.099838
0.083255
0.092523
0.104701
0.091043
0.099284
0.110664
0.103751
0.087956
0.082821
0.091086
0.089404
0.089219
0.082258
0.084449
0.083679
0.090494
0.087124
0.074092
0.103477
0.092200
0.094415
0.087806
0.103921
0.123813
0.098372
0.100452
0.081455
0.103761
0.117640
0.121917
0.104753
0.100950
0.088942
0.083521
0.088599
0.131350
0.128790
0.130548
0.113751
0.088305
0.079163
0.084151
0.080605
0.077772
0.121694
0.112087
0.108382
0.081660
0.095750
0.101148
0.136458
0.142957
0.131726
0.107190
0.096111
0.108950
0.211000
0.209610
0.209279
0.208412
0.205444
0.202958
0.204555
0.091639
0.148950
0.104020
0.098679
0.086099
0.205178
0.202932
0.203677
0.203441
0.205443
0.205720
0.223132
0.224242
0.221012
0.220773
0.069331
0.156980
0.172241
0.171777
0.129497
0.119975
0.064621
0.132261
0.132073
0.144433
0.150541
0.157887
0.166418
0.155511
0.149912
0.177698
0.163104
0.163473
0.163221
0.158271
0.153744
0.152132
0.155716
0.156672
0.161436
0.165298
0.168785
0.166737
0.170959
0.175541
0.176780
0.169204
0.160130
0.073409
0.141492
0.158467
0.146460
0.143856
0.145336
0.144230
0.127390
0.118694
0.134134
0.142353
0.125071
0.120024
0.164175
0.165741
0.166484
0.165672
0.170682
0.136500
0.100114
0.098212
0.111094
0.112557
0.110421
0.119004
0.146337
0.135737
0.095634
0.146845
0.213663
0.218877
0.217251
0.214502
0.214436
0.214116
0.215771
0.220677
0.213016
0.223039
0.220824
0.221362
0.213644
0.219694
0.219063
0.213404
0.210770
0.213404
0.217014
0.218469
0.217955
0.222497
0.226577
0.218346
0.228890
0.227113
0.224434
0.224286
0.223275
0.224917
0.224980
0.226511
0.072490
0.102286
0.101826
0.096557
0.111892
0.223977
0.222760
0.221626
0.222974
0.218118
0.220004
0.220544
0.149927
0.091802
0.107066
0.115483
0.107182
0.205182
0.218770
0.220789
0.221964
0.221701
0.219967
0.222415
0.223241
0.217970
0.220826
0.093103
0.112560
0.094010
0.085996
0.101358
0.093125
0.112289
0.123110
0.169615
0.150777
0.156228
0.158179
0.157599
0.160296
0.153390
0.151652
0.148840
0.147143
0.151687
0.151996
0.150563
0.156299
0.154031
0.149818
0.148990
0.150854
0.160961
0.162378
0.161271
0.154625
0.150975
0.157104
0.154867
0.125867
0.132389
0.132987
0.129018
0.120814
0.117438
0.124663
0.130223
0.127081
0.131504
0.130414
0.130190
0.134902
0.138100
0.140123
0.139572
0.139684
0.141789
0.135364
0.129826
0.122643
0.116361
0.113682
0.116150
0.117759
0.117108
0.127615
0.129153
0.142633
0.193294
0.218260
0.222150
0.223339
0.222363
0.220334
0.219779
0.219418
0.223082
0.223305
0.224908
0.224827
0.226370
0.225198
0.225267
0.218663
0.217186
0.217906
0.217817
0.217011
0.217402
0.218135
0.218776
0.220657
0.220091
0.220322
0.221514
0.219336
0.221784
0.221618
0.217629
0.218612
0.164076
0.105910
0.107069
0.101866
0.089511
0.139329
0.121608
0.186189
0.207950
0.223906
0.201127
0.198349
0.197181
0.204711
0.205031
0.204716
0.206733
0.202739
0.203284
0.206939
0.209425
0.212050
0.205089
0.204828
0.204384
0.209187
0.202393
0.202660
0.203151
0.204665
0.207334
0.203804
0.203057
0.201405
0.201484
0.202010
0.211357
0.205580
0.202663
0.202242
0.203695
0.193162
0.194949
0.195354
0.209021
0.208359
0.205650
0.207429
0.223327
0.219850
0.214575
0.205691
0.198414
0.204248
0.207343
0.209063
0.211365
0.204553
0.203120
0.204998
0.220584
0.205843
0.209608
0.209359
0.207727
0.202687
0.203592
0.207209
0.204066
0.205494
0.205875
0.204595
0.201561
0.197034
0.196603
0.196424
0.202212
0.202416
0.202256
0.200336
0.202262
0.202392
0.200558
0.208807
0.205746
0.205211
0.207766
0.212152
0.210338
0.175541
0.179328
0.211614
0.216474
0.216122
0.195951
0.194233
0.191673
0.194297
0.200298
0.206623
0.190983
0.195236
0.200738
0.201414
0.190724
0.190490
0.187419
0.206359
0.205510
0.200939
0.197859
0.186911
0.185712
0.189343
0.185838
0.184581
0.187664
0.190155
0.193979
0.187412
0.186798
0.187925
0.197316
0.193303
0.194036
0.183757
0.207964
0.186768
0.185913
0.181380
0.199475
0.201026
0.203696
0.190679
0.190313
0.183121
0.190054
0.195111
0.197861
0.188288
0.197328
0.200713
0.185007
0.184566
0.190728
0.189774
0.185087
0.199344
0.191926
0.178582
0.185355
0.184831
0.185956
0.178654
0.193549
0.202395
0.199874
0.197304
0.178828
0.185798
0.179640
0.205297
0.204183
0.196976
0.188345
0.208579
0.170548
0.175141
0.190408
0.196468
0.192280
0.200213
0.174219
0.176270
0.171035
0.169634
0.170158
0.194429
0.196475
0.197507
0.204304
0.208263
0.185364
0.179599
0.179700
0.191631
0.192146
0.193492
0.186404
0.176111
0.176725
0.170801
0.164736
0.193587
0.201489
0.203904
0.199493
0.183995
0.184658
0.185264
0.204472
0.196665
0.194217
0.185473
0.207329
0.174872
0.174325
0.183908
0.193295
0.198688
0.198661
0.177238
0.179378
0.175730
0.174351
0.087317
0.160541
0.190485
0.140873
0.148208
0.191697
0.176934
0.170151
0.168188
0.159504
0.140569
0.138449
0.136281
0.139396
0.157185
0.153016
0.157309
0.134348
0.131178
0.130696
0.131571
0.147599
0.148688
0.141648
0.155804
0.181723
0.133622
0.136341
0.140839
0.147606
0.162856
0.158628
0.140391
0.086042
0.137684
0.103585
0.105855
0.148728
0.162292
0.218071
0.215654
0.215175
0.215262
0.217456
0.197916
0.197365
0.193481
0.203872
0.204136
0.060115
0.093595
0.116964
0.119016
0.113389
0.214705
0.202606
0.206745
0.206852
0.206763
0.205727
0.113510
0.142841
0.173645
0.166644
0.120137
0.074233
0.218710
0.213255
0.211653
0.207169
0.206615
0.203891
0.205080
0.203446
0.203317
0.202302
0.068887
0.180223
0.180386
0.161883
0.065002
0.210242
0.204396
0.204518
0.203837
0.205467
0.205202
0.202800
0.200530
0.201898
0.201318
0.067091
0.184207
0.193126
0.194868
0.091839
0.126864
0.210799
0.205245
0.203786
0.202153
0.197079
0.197055
0.196887
0.198150
0.113124
0.077325
0.176159
0.194802
0.087699
0.048345
0.204978
0.198684
0.194496
0.194100
0.195715
0.196253
0.196394
0.196478
0.193786
0.192300
0.070126
0.145800
0.131966
0.092601
0.084091
0.041505
0.079780
0.084423
0.090667
0.088142
0.089913
0.091738
0.091580
0.085162
0.094024
0.050295
0.106408
0.149120
0.148360
0.147396
0.143951
0.138652
0.114340
0.055392
0.073496
0.070698
0.075953
0.099702
0.096273
0.100636
0.112623
0.157270
0.206635
0.228906
0.232781
0.233259
0.234277
0.235780
0.235163
0.154144
0.098741
0.071489
0.071754
0.121654
0.231360
0.235023
0.234585
0.234130
0.233964
0.234674
0.236010
0.235699
0.235555
0.235524
0.112692
0.068255
0.071652
0.075038
0.188793
0.233846
0.234040
0.231073
0.229598
0.229884
0.230007
0.229843
0.143025
0.101711
0.097230
0.104504
0.185423
0.232072
0.232582
0.232846
0.231415
0.231088
0.230816
0.231761
0.230075
0.231759
0.229881
0.165271
0.110131
0.109823
0.104796
0.143004
0.230628
0.234141
0.232392
0.231021
0.229665
0.229564
0.229551
0.229706
0.229810
0.202687
0.124344
0.123586
0.120334
0.112091
0.195955
0.229620
0.230195
0.230269
0.230575
0.228951
0.230005
0.229842
0.230299
0.230958
0.230616
0.201544
0.113369
0.119936
0.115360
0.130815
0.226983
0.230506
0.230682
0.230699
0.231246
0.230509
0.229881
0.229989
0.230585
0.233508
0.167212
0.115383
0.113544
0.110406
0.107841
0.103417
0.111468
0.108997
0.118777
0.137712
0.155651
0.156476
0.156779
0.134908
0.133923
0.136933
0.139531
0.154396
0.150684
0.150898
0.157673
0.144739
0.140809
0.143313
0.127566
0.188028
0.144900
0.148859
0.148189
0.127030
0.121631
0.122781
0.128700
0.136761
0.127073
0.155969
0.153262
0.172285
0.190120
0.177341
0.179032
0.195960
0.186999
0.173843
0.165306
0.156527
0.157396
0.157480
0.151244
0.151225
0.151186
0.024618
0.034800
0.035967
0.031355
0.028344
0.032901
0.025281
0.016073
0.014610
0.021088
0.022328
0.139058
0.232485
0.035747
0.032210
0.039057
0.044930
0.043865
0.048350
0.049387
0.056496
0.052858
0.051779
0.042996
0.031262
0.027215
0.026460
0.026011
0.032784
0.037245
0.031405
0.032104
0.036966
0.059736
0.074379
0.059024
0.039669
0.031134
0.022411
0.016648
0.023939
0.051659
0.032703
0.015878
0.014243
0.015393
0.028111
0.048799
0.052625
0.037038
0.032073
0.034356
0.035287
0.033632
0.034457
0.062097
0.053217
0.029805
0.027482
0.030068
0.053077
0.055232
0.029868
0.034899
0.036362
0.036727
0.057134
0.071958
0.046960
0.035675
0.026570
0.022177
0.035547
0.045872
0.023310
0.024598
0.021513
0.020696
0.027222
0.047285
0.057861
0.044469
0.036428
0.034081
0.036395
0.027364
0.021799
0.013315
0.010628
0.014947
0.019832
0.030480
0.031249
0.041722
0.055531
0.053389
0.025076
0.022192
0.023457
0.030565
0.049912
0.023687
0.018027
0.019698
0.012767
0.013806
0.044354
0.039977
0.016535
0.013983
0.022357
0.031044
0.045022
0.043555
0.039961
0.024809
0.024962
0.029655
0.040978
0.058496
0.036340
0.034113
0.033337
0.043671
0.042892
0.052053
0.050506
0.053251
0.045514
0.054142
0.056193
0.073919
0.075948
0.071528
0.051110
0.087868
0.099442
0.104207
0.103205
0.111300
0.102542
0.103223
0.112011
0.114990
0.116588
0.114444
0.113030
0.114115
0.121499
0.118844
0.113863
0.100507
0.100275
0.093145
0.096379
0.108513
0.118945
0.121690
0.114883
0.114428
0.115235
0.115381
0.100407
0.112258
0.104849
0.113338
0.106017
0.089525
0.091269
0.092629
0.095897
0.104280
0.105630
0.110646
0.109562
0.114366
0.116213
0.124805
0.113674
0.105736
0.103531
0.107653
0.106806
0.101024
0.110207
0.101050
0.094053
0.090747
0.105948
0.136336
0.121214
0.117065
0.113646
0.113411
0.111816
0.110271
0.112967
0.114082
0.099346
0.095011
0.100503
0.108656
0.104127
0.105115
0.108917
0.127580
0.134517
0.119154
0.119374
0.112852
0.126645
0.112831
0.108988
0.106756
0.106456
0.107821
0.101514
0.098413
0.099777
0.113587
0.104585
0.105140
0.107154
0.105404
0.117532
0.111356
0.111338
0.115026
0.097869
0.112427
0.099015
0.096860
0.102027
0.102590
0.114185
0.117697
0.112446
0.131783
0.109409
0.110974
0.117948
0.112240
0.109549
0.092210
0.087584
0.105413
0.104565
0.104373
0.105787
0.105438
0.103574
0.104303
0.109260
0.111900
0.116290
0.101890
0.117361
0.107375
0.096174
0.095728
0.101018
0.108753
0.112698
0.106087
0.084055
0.186528
0.190340
0.194168
0.196449
0.197510
0.195401
0.195715
0.192068
0.191600
0.189786
0.182899
0.191641
0.190776
0.188461
0.191978
0.186065
0.189405
0.197300
0.196261
0.171042
0.169260
0.165307
0.192913
0.187808
0.188396
0.178312
0.183247
0.181545
0.181004
0.180111
0.176122
0.180536
0.176154
0.182550
0.183425
0.196561
0.198590
0.198169
0.189043
0.186145
0.182410
0.172174
0.182121
0.179471
0.171821
0.174251
0.168578
0.179368
0.168561
0.168999
0.142353
0.146709
0.147680
0.179448
0.173530
0.177377
0.161615
0.155060
0.148620
0.087879
0.114691
0.112396
0.139433
0.138216
0.141306
0.138427
0.153946
0.156369
0.161840
0.152366
0.134998
0.118844
0.104122
0.119146
0.146137
0.156657
0.110637
0.117712
0.108235
0.119226
0.154899
0.157195
0.147216
0.147758
0.140643
0.134270
0.115722
0.129392
0.101918
0.089687
0.087070
0.097920
0.159975
0.160342
0.110798
0.120796
0.138789
0.168719
0.157987
0.158107
0.118892
0.152436
0.161122
0.145751
0.085269
0.092971
0.103221
0.146668
0.149604
0.069235
0.129005
0.136928
0.155049
0.164233
0.169194
0.170323
0.158233
0.140475
0.135838
0.139858
0.068245
0.051797
0.059882
0.060048
0.073173
0.099694
0.051508
0.047025
0.044995
0.047960
0.055008
0.057597
0.069437
0.118219
0.135107
0.091088
0.067218
0.068463
0.088350
0.105332
0.099921
0.046619
0.040061
0.050817
0.057304
0.061549
0.065020
0.059837
0.130964
0.144839
0.101913
0.096342
0.071934
0.064935
0.066055
0.099268
0.093020
0.113915
0.057936
0.076201
0.069941
0.066720
0.077046
0.067596
0.070329
0.062747
0.081036
0.074329
0.077176
0.121669
0.090001
0.072439
0.070328
0.053508
0.062459
0.076500
0.069472
0.068297
0.112746
0.157654
0.108115
0.098899
0.058361
0.085359
0.068968
0.069948
0.201955
0.210414
0.173189
0.118515
0.081941
0.096845
0.097763
0.102044
0.125166
0.191115
0.183758
0.210631
0.165302
0.124800
0.122034
0.118921
0.078707
0.170383
0.175966
0.180550
0.121325
0.098241
0.088888
0.092072
0.089290
0.077231
0.219077
0.144903
0.041652
0.079245
0.063193
0.166450
0.087013
0.087448
0.103653
0.095666
0.099365
0.091921
0.099819
0.097900
0.216180
0.213467
0.209125
0.085369
0.103704
0.094253
0.087285
0.107525
0.088779
0.101754
0.101986
0.101460
0.105588
0.111155
0.122825
0.188657
0.210312
0.207788
0.209202
0.211173
0.085880
0.105374
0.104649
0.107515
0.107096
0.098775
0.117474
0.117656
0.115126
0.120257
0.119070
0.128391
0.141059
0.144404
0.125652
0.115254
0.104889
0.107945
0.100034
0.096980
0.097363
0.098138
0.115413
0.115540
0.118785
0.127202
0.108567
0.081322
0.201105
0.208746
0.185682
0.086315
0.108735
0.106640
0.107229
0.101569
0.097586
0.108157
0.100856
0.169972
0.210615
0.206827
0.129071
0.102383
0.131316
0.127048
0.116132
0.105593
0.104786
0.113957
0.122865
0.171163
0.190250
0.176755
0.089932
0.203175
0.215987
0.214820
0.092041
0.104148
0.170388
0.168212
0.188030
0.188857
0.191389
0.193925
0.169582
0.145523
0.147890
0.145146
0.184486
0.176292
0.175542
0.169518
0.204380
0.189682
0.163355
0.204032
0.210936
0.222436
0.205697
0.189129
0.169767
0.157915
0.177740
0.167945
0.159447
0.177491
0.186014
0.191860
0.177411
0.080758
0.151658
0.151524
0.087535
0.097208
0.104558
0.098666
0.100650
0.158129
0.179508
0.167227
0.148118
0.106924
0.095804
0.094979
0.117453
0.165474
0.146981
0.195458
0.113984
0.108033
0.104137
0.105778
0.148453
0.170131
0.115770
0.116256
0.115387
0.141656
0.111143
0.103181
0.098545
0.108047
0.135294
0.124199
0.119416
0.083507
0.093046
0.098972
0.101031
0.124192
0.130562
0.124029
0.122514
0.108115
0.110776
0.107182
0.141688
0.151309
0.147182
0.123175
0.125507
0.108303
0.101991
0.101129
0.146037
0.126734
0.128297
0.102649
0.101161
0.106279
0.106807
0.111011
0.109343
0.125389
0.149729
0.146313
0.169319
0.105881
0.107107
0.121768
0.084644
0.119445
0.136155
0.125020
0.105777
0.106746
0.108386
0.109868
0.137030
0.099216
0.075082
0.059433
0.077535
0.070160
0.065233
0.107004
0.095524
0.072664
0.057807
0.116833
0.079503
0.081612
0.082844
0.137392
0.085820
0.079864
0.075468
0.093232
0.079468
0.098904
0.105089
0.158103
0.075921
0.063327
0.067792
0.115229
0.067261
0.095408
0.087618
0.063144
0.082647
0.073296
0.066828
0.095539
0.107926
0.094908
0.094374
0.102205
0.059402
0.073945
0.110649
0.114311
0.119051
0.100895
0.101441
0.104553
0.105611
0.115018
0.101600
0.115099
0.110535
0.111598
0.103812
0.090190
0.093284
0.094648
0.092775
0.089562
0.109734
0.105888
0.109115
0.124385
0.111705
0.123311
0.120847
0.108725
0.109078
0.091267
0.089638
0.109183
0.090152
0.088215
0.090506
0.084377
0.085784
0.085954
0.103912
0.097697
0.099056
0.089125
0.091370
0.095463
0.095187
0.095681
0.098548
0.102714
0.108502
0.106621
0.101361
0.100171
0.099711
0.105637
0.104604
0.122517
0.121252
0.102011
0.122189
0.119914
0.111614
0.108250
0.109340
0.093461
0.112241
0.113656
0.113680
0.121738
0.122683
0.120890
0.119240
0.121947
0.113654
0.111854
0.112573
0.116350
0.117656
0.115418
0.113854
0.118824
0.116914
0.115174
0.116670
0.133344
0.112601
0.133631
0.133763
0.134673
0.135699
0.133858
0.138668
0.132558
0.131248
0.139551
0.129709
0.137153
0.135681
0.144557
0.145966
0.136548
0.134944
0.147876
0.149119
0.139112
0.138302
0.138640
0.144179
0.148578
0.140930
0.151024
0.161089
0.148729
0.189174
0.179509
0.190834
0.134617
0.127202
0.193308
0.181994
0.185520
0.185911
0.192135
0.184640
0.184971
0.188239
0.197613
0.197400
0.195758
0.197396
0.197844
0.198608
0.199211
0.191004
0.191766
0.201325
0.203055
0.201962
0.206499
0.197529
0.207947
0.210232
0.212951
0.209527
0.206328
0.208654
0.215729
0.215487
0.217375
0.215842
0.217229
0.218297
0.216690
0.213085
0.211914
0.212312
0.209097
0.209703
0.208267
0.209755
0.210949
0.210677
0.210477
0.209798
0.209331
0.215534
0.233714
0.206649
0.209599
0.217525
0.210983
0.209899
0.209731
0.210674
0.221753
0.209469
0.220511
0.208270
0.230016
0.229048
0.231705
0.232898
0.229277
0.228419
0.231683
0.230969
0.230518
0.230510
0.228696
0.229826
0.218434
0.217538
0.226106
0.222880
0.219282
0.200239
0.223632
0.199772
0.194655
0.197956
0.193276
0.194074
0.192605
0.189949
0.180828
0.186120
0.188561
0.184861
0.186337
0.183299
0.181280
0.178348
0.178967
0.182022
0.190139
0.194848
0.181407
0.179954
0.197992
0.174744
0.173151
0.181670
0.184296
0.185679
0.181018
0.178010
0.169091
0.169197
0.167830
0.159551
0.160457
0.157562
0.159663
0.156841
0.163710
0.161930
0.155118
0.162024
0.158620
0.157217
0.158146
0.159018
0.160162
0.156913
0.152151
0.150100
0.155871
0.147350
0.155816
0.153202
0.153684
0.145405
0.144303
0.147423
0.144753
0.146815
0.142135
0.144672
0.148117
0.147923
0.147262
0.143735
0.147109
0.151459
0.151413
0.144499
0.144324
0.145272
0.141691
0.139142
0.138586
0.140038
0.138939
0.147471
0.148283
0.147942
0.146500
0.147986
0.150088
0.147427
0.148517
0.148121
0.145542
0.148500
0.149583
0.150062
0.149937
0.148716
0.145858
0.145254
0.144819
0.147814
0.145437
0.148730
0.151889
0.150328
0.154197
0.155912
0.156011
0.156550
0.154051
0.152316
0.156375
0.160298
0.158321
0.154795
0.152724
0.152168
0.154006
0.157520
0.153155
0.155001
0.165665
0.164330
0.166464
0.166636
0.171362
0.171789
0.174406
0.173604
0.171093
0.175445
0.176813
0.173406
0.153890
0.156867
0.159586
0.172122
0.173097
0.170155
0.172827
0.171726
0.168338
0.167056
0.167830
0.171253
0.171975
0.170174
0.173240
0.170994
0.170973
0.171855
0.169319
0.169637
0.169330
0.170566
0.170061
0.169832
0.169254
0.169236
0.170033
0.170723
0.170432
0.172705
0.171485
0.171932
0.170331
0.171769
0.171127
0.171036
0.172343
0.172443
0.172840
0.176133
0.173209
0.172501
0.174533
0.176789
0.175455
0.175103
0.175606
0.175471
0.176314
0.176214
0.173584
0.176153
0.173345
0.173739
0.173675
0.174875
0.172028
0.173406
0.171296
0.172865
0.169795
0.171998
0.172327
0.173122
0.172212
0.177085
0.173227
0.173804
0.171249
0.172482
0.171656
0.171186
0.171774
0.174989
0.166294
0.166119
0.164883
0.161552
0.161216
0.161694
0.161557
0.162160
0.162107
0.161696
0.163382
0.171748
0.169551
0.170531
0.171567
0.170192
0.160860
0.161282
0.168673
0.169077
0.168916
0.167365
0.167805
0.167660
0.165920
0.166758
0.166007
0.167261
0.167064
0.168755
0.168332
0.168149
0.168041
0.168099
0.166233
0.167059
0.166320
0.166998
0.168997
0.169101
0.168255
0.167824
0.166805
0.166339
0.169898
0.168087
0.166688
0.171869
0.166900
0.169364
0.169573
0.171845
0.171596
0.172879
0.174379
0.175463
0.177208
0.178689
0.179055
0.180168
0.181326
0.182895
0.181948
0.184971
0.184991
0.185974
0.186895
0.182633
0.187465
0.188156
0.185739
0.183916
0.184431
0.184726
0.184377
0.184146
0.183231
0.183332
0.184148
0.182916
0.180409
0.182647
0.181999
0.181839
0.181358
0.179717
0.177891
0.178756
0.177870
0.177850
0.178475
0.178135
0.176494
0.177254
0.176122
0.174329
0.173988
0.173977
0.173533
0.173348
0.174300
0.175139
0.174871
0.174902
0.175928
0.177642
0.175119
0.176581
0.172040
0.176131
0.176417
0.175921
0.177870
0.177300
0.176151
0.178151
0.177114
0.176143
0.175514
0.177168
0.175615
0.178106
0.177218
0.178785
0.174131
0.174654
0.173525
0.174867
0.175058
0.177948
0.176448
0.177429
0.177338
0.179325
0.180326
0.181125
0.183631
0.184928
0.184371
0.184252
0.182333
0.184876
0.184615
0.185672
0.184940
0.187972
0.186308
0.186456
0.185747
0.186079
0.185294
0.183266
0.184047
0.186097
0.184493
0.184832
0.185776
0.187144
0.184909
0.185779
0.185166
0.184976
0.185151
0.186328
0.185950
0.184424
0.183748
0.185661
0.188057
0.188065
0.188947
0.190571
0.190177
0.187751
0.186417
0.185807
0.186127
0.185846
0.187383
0.182808
0.184074
0.182302
0.182204
0.181982
0.182362
0.182238
0.182406
0.180583
0.181933
0.179312
0.184140
0.182986
0.183049
0.182169
0.180927
0.182622
0.182917
0.185590
0.181126
0.179203
0.191546
0.178614
0.194540
0.182259
0.180476
0.182390
0.188393
0.187524
0.187388
0.183510
0.195356
0.186748
0.186282
0.182393
0.182065
0.182548
0.243769
0.244172
0.244176
0.244103
0.244007
0.243707
0.244031
0.243800
0.244265
0.243822
0.243673
0.244397
0.244398
0.244434
0.243876
0.243683
0.243993
0.244402
0.244442
0.244445
0.244429
0.244455
0.244315
0.243967
0.247007
0.238452
0.253435
0.252655
0.254055
0.254683
0.255373
0.257162
0.257312
0.256708
0.256600
0.256600
0.256708
0.256600
0.256600
0.256600
0.256601
0.256599
0.256602
0.256702
0.256742
0.256742
0.256702
0.256742
0.256702
0.256702
0.256702
0.256742
0.256742
0.256742
0.256742
0.256742
0.256742
0.256741
0.256931
0.256831
0.257280
0.253469
0.252072
0.243162
0.257284
0.258076
0.245163
0.247362
0.247406
0.247400
0.247400
0.247401
0.247638
0.247694
0.247694
0.247697
0.247707
0.247680
0.247676
0.247692
0.247586
0.247632
0.247642
0.247674
0.248104
0.249102
0.250434
0.252948
0.255668
0.259415
0.263366
0.266327
0.266327
0.266327
