0.142742
0.144335
0.147257
0.148024
0.145942
0.145012
0.143630
0.158703
0.143551
0.144174
0.158664
0.157535
0.156929
0.158521
0.155692
0.139308
0.149768
0.151011
0.150929
0.150077
0.149073
0.148437
0.147954
0.147862
0.149652
0.146028
0.148455
0.143579
0.142754
0.142069
0.141005
0.140145
0.140642
0.141755
0.140152
0.139910
0.151087
0.145362
0.137653
0.146774
0.147084
0.148076
0.149958
0.144746
0.141350
0.154253
0.146336
0.152515
0.156204
0.153024
0.151838
0.150746
0.147575
0.149368
0.150511
0.148896
0.147892
0.156181
0.155802
0.154977
0.153457
0.153140
0.157398
0.157420
0.157201
0.159140
0.159800
0.141816
0.159291
0.150118
0.151264
0.161455
0.160851
0.161523
0.154922
0.162946
0.149843
0.162142
0.161896
0.162330
0.161200
0.155672
0.161089
0.162232
0.162706
0.163114
0.162444
0.162472
0.162604
0.162217
0.163597
0.166661
0.167042
0.164814
0.162681
0.166892
0.163606
0.165459
0.165871
0.165072
0.166467
0.165301
0.177289
0.177221
0.196045
0.244654
0.264150
0.298347
0.298347
0.267452
0.245459
0.210063
0.192162
0.194097
0.179314
0.181863
0.182283
0.183483
0.183097
0.187944
0.183187
0.184097
0.183754
0.183156
0.183398
0.183350
0.188837
0.184105
0.183658
0.194356
0.186853
0.183211
0.194338
0.185236
0.184097
0.190542
0.188231
0.188594
0.188307
0.189935
0.187592
0.183063
0.188448
0.184829
0.184440
0.185029
0.186455
0.184191
0.198874
0.195311
0.196090
0.196057
0.194788
0.180725
0.180472
0.195968
0.196373
0.196134
0.196263
0.195885
0.193408
0.197149
0.196503
0.198602
0.196548
0.197615
0.196714
0.198668
0.198591
0.199097
0.197564
0.198424
0.198322
0.196848
0.196945
0.198923
0.197989
0.198469
0.197750
0.200112
0.200096
0.199248
0.199882
0.200518
0.200703
0.196908
0.201574
0.199664
0.204740
0.196325
0.196609
0.197977
0.200901
0.198378
0.198898
0.198080
0.195971
0.197173
0.195989
0.202863
0.195627
0.194460
0.199178
0.201688
0.202427
0.203981
0.202425
0.201426
0.203362
0.201996
0.202144
0.198918
0.202317
0.203287
0.203700
0.200164
0.200532
0.197442
0.199698
0.197704
0.199291
0.199742
0.201122
0.201481
0.198178
0.200352
0.200061
0.201100
0.202837
0.200393
0.203032
0.203687
0.201243
0.201015
0.198788
0.200334
0.199572
0.199673
0.201941
0.201527
0.199449
0.198558
0.200526
0.199395
0.195577
0.198523
0.196298
0.198665
0.197576
0.132034
0.102405
0.111008
0.160418
0.244553
0.375050
0.375050
0.375050
0.375050
0.375050
0.375050
0.375050
0.375050
0.375050
0.375050
0.375050
0.375050
0.375050
0.375050
0.375050
0.375050
0.375050
0.375050
0.375050
0.375050
0.375050
0.375050
0.328889
0.294389
0.262198
0.232039
0.205422
0.179525
0.159340
0.136793
0.121575
0.108673
0.096733
0.089259
0.083805
0.080190
0.079887
0.078857
0.080158
0.078472
0.077184
0.077883
0.077341
0.076614
0.079609
0.078984
0.085832
0.085793
0.085837
0.085365
0.085105
0.084801
0.083847
0.083565
0.083084
0.083852
0.083062
0.083368
0.083819
0.083693
0.086011
0.082973
0.085026
0.084798
0.084246
0.084755
0.084599
0.084463
0.082904
0.081798
0.082158
0.082243
0.083455
0.081345
0.079764
0.080964
0.081369
0.081845
0.082653
0.082867
0.082514
0.083065
0.083310
0.083106
0.083512
0.083217
0.083837
0.083397
0.082575
0.083267
0.083556
0.083715
0.083114
0.082348
0.082078
0.082953
0.083400
0.082741
0.082823
0.081973
0.081194
0.078924
0.081611
0.080078
0.073457
0.078849
0.078922
0.074983
0.076872
0.076774
0.077743
0.077782
0.078939
0.078771
0.079577
0.079888
0.079992
0.077943
0.078053
0.079484
0.080360
0.080148
0.080804
0.077042
0.078218
0.079871
0.077753
0.077172
0.076462
0.076327
0.075837
0.075885
0.074544
0.075150
0.074806
0.073542
0.073268
0.076299
0.074509
0.074929
0.073645
0.075003
0.075574
0.074611
0.075563
0.074073
0.074627
0.074629
0.074680
0.073805
0.074755
0.077127
0.076366
0.075386
0.076071
0.076082
0.073726
0.077222
0.078326
0.075422
0.074733
0.077422
0.076970
0.076817
0.074816
0.074847
0.080206
0.075361
0.076844
0.075881
0.076798
0.076754
0.077631
0.076221
0.076309
0.098862
0.097298
0.075896
0.099459
0.079840
0.084108
0.084659
0.084527
0.079474
0.079865
0.083166
0.079134
0.079485
0.079901
0.089889
0.093237
0.092678
0.114698
0.112677
0.089541
0.081050
0.095531
0.095063
0.083701
0.094851
0.085878
0.081047
0.085259
0.081949
0.084230
0.085248
0.089689
0.085225
0.074429
0.116818
0.117272
0.097195
0.096079
0.073549
0.074502
0.113813
0.084067
0.080473
0.085174
0.113756
0.113566
0.113817
0.114269
0.085926
0.112502
0.112987
0.114015
0.113521
0.114157
0.115064
0.115050
0.086020
0.115537
0.113789
0.113107
0.082970
0.083669
0.084508
0.118841
0.085659
0.085455
0.118409
0.118174
0.084421
0.083771
0.085805
0.083085
0.083702
0.114148
0.086435
0.084424
0.083411
0.086330
0.083480
0.114232
0.085211
0.114595
0.089799
0.088426
0.089109
0.089008
0.089055
0.117957
0.085512
0.116696
0.116538
0.085893
0.114766
0.088036
0.084592
0.115126
0.115074
0.115745
0.086055
0.117444
0.116014
0.083020
0.086872
0.087722
0.090040
0.131847
0.135903
0.139176
0.136752
0.127928
0.130684
0.133874
0.131106
0.131539
0.134052
0.135629
0.132203
0.145148
0.139584
0.136498
0.143689
0.146626
0.148199
0.149302
0.141454
0.141530
0.142795
0.145663
0.145631
0.141250
0.130639
0.139707
0.145917
0.133553
0.152732
0.150168
0.156908
0.153832
0.126136
0.133678
0.130426
0.139716
0.141918
0.141348
0.129606
0.133730
0.134471
0.144603
0.141288
0.130277
0.142994
0.142157
0.140676
0.147966
0.144768
0.144558
0.139552
0.132288
0.140420
0.139392
0.137827
0.138867
0.134816
0.136307
0.139533
0.136774
0.136949
0.136987
0.136651
0.141803
0.138564
0.137723
0.135744
0.138962
0.138148
0.137813
0.138038
0.137504
0.135888
0.139985
0.140148
0.137725
0.138202
0.138738
0.135856
0.143213
0.135639
0.135972
0.133506
0.138344
0.135817
0.133639
0.134023
0.132992
0.135155
0.134574
0.135957
0.134409
0.130750
0.132243
0.127664
0.132538
0.141807
0.141762
0.142058
0.135352
0.134104
0.140687
0.136433
0.132584
0.131711
0.131985
0.130575
0.131349
0.128477
0.141218
0.129534
0.132426
0.131240
0.133129
0.131667
0.138944
0.136289
0.138084
0.140048
0.137960
0.138974
0.136894
0.135705
0.136977
0.137751
0.137189
0.137078
0.136273
0.138827
0.132309
0.141257
0.141665
0.138081
0.138324
0.140176
0.141306
0.109801
0.110130
0.113261
0.113279
0.113367
0.109951
0.110863
0.109276
0.107052
0.110657
0.111914
0.109644
0.110268
0.104781
0.111625
0.104948
0.107746
0.110333
0.107643
0.107756
0.109411
0.110170
0.109693
0.110311
0.109259
0.104195
0.104017
0.100771
0.100747
0.098862
0.099199
0.103234
0.103407
0.102881
0.102703
0.102223
0.100395
0.105840
0.106704
0.109273
0.108644
0.105984
0.106891
0.108159
0.108258
0.108077
0.101439
0.104894
0.100983
0.103484
0.106841
0.106139
0.093356
0.114505
0.113615
0.113615
0.113615
0.113615
0.114155
0.114930
0.114064
0.113043
0.113304
0.113458
0.114001
0.113384
0.113683
0.112350
0.114757
0.114782
0.113370
0.113589
0.114266
0.113591
0.109709
0.110791
0.111374
0.108741
0.109795
0.110310
0.109919
0.110318
0.112287
0.111999
0.115539
0.110541
0.114862
0.114735
0.112466
0.114898
0.114483
0.114596
0.112695
0.113172
0.113812
0.115115
0.114506
0.113994
0.117830
0.117079
0.113716
0.114637
0.117121
0.114969
0.115451
0.116228
0.114330
0.116577
0.113344
0.144419
0.113834
0.113938
0.113809
0.113806
0.113806
0.112360
0.115321
0.116617
0.114837
0.117496
0.116108
0.116638
0.114690
0.114304
0.116645
0.114030
0.114037
0.112799
0.113373
0.114012
0.114255
0.113840
0.114603
0.114573
0.113502
0.114084
0.115414
0.114093
0.110117
0.110539
0.113330
0.113371
0.112958
0.112774
0.116009
0.111201
0.111147
0.113622
0.115985
0.111507
0.111501
0.115706
0.111699
0.113196
0.114919
0.114683
0.115949
0.114727
0.110395
0.114130
0.135135
0.135890
0.141682
0.113566
0.114352
0.113400
0.142867
0.113134
0.136351
0.114158
0.112602
0.114511
0.114072
0.111736
0.113208
0.114217
0.114907
0.115521
0.113944
0.114910
0.109261
0.112982
0.109964
0.114032
0.110430
0.157944
0.153225
0.155790
0.156381
0.156240
0.154452
0.154296
0.154220
0.154623
0.152820
0.157911
0.152262
0.154811
0.154427
0.159114
0.159837
0.159518
0.165662
0.166271
0.167104
0.154454
0.166318
0.156376
0.157756
0.156747
0.157425
0.156865
0.154726
0.154047
0.156149
0.157483
0.156190
0.154632
0.155057
0.155030
0.153731
0.152606
0.155689
0.155801
0.158507
0.158798
0.159784
0.161683
0.160544
0.162182
0.164217
0.162307
0.161241
0.161093
0.160232
0.158702
0.161477
0.160634
0.159813
0.158919
0.161413
0.159892
0.160918
0.160662
0.159505
0.165427
0.159990
0.157656
0.156390
0.160806
0.153901
0.158545
0.159583
0.157624
0.159814
0.160304
0.156322
0.160469
0.155222
0.155406
0.155745
0.156418
0.155645
0.156986
0.155198
0.156335
0.157176
0.156981
0.157668
0.158140
0.157532
0.155666
0.158190
0.157458
0.157523
0.157117
0.155528
0.154964
0.155444
0.154782
0.154281
0.155588
0.156596
0.156051
0.155516
0.155021
0.152696
0.156743
0.155470
0.155253
0.154274
0.152647
0.152098
0.150933
0.148748
0.150438
0.158334
0.160457
0.160721
0.160788
0.160211
0.163544
0.162651
0.160487
0.161339
0.164715
0.161762
0.163721
0.162772
0.162771
0.164537
0.164288
0.159521
0.159222
0.155592
0.160613
0.161330
0.153347
0.154868
0.156329
0.155500
0.154854
0.155615
0.154889
0.153590
0.155202
0.162278
0.157762
0.158679
0.157694
0.156591
0.156639
0.156451
0.161061
0.155258
0.155327
0.155733
0.159087
0.154768
0.155069
0.155568
0.155024
0.155897
0.159166
0.156727
0.159293
0.155761
0.154563
0.156536
0.154842
0.154896
0.159453
0.155117
0.154622
0.153842
0.158009
0.157184
0.160500
0.160031
0.156131
0.154735
0.155494
0.156072
0.153645
0.155030
0.153714
0.157569
0.155441
0.156099
0.158687
0.154692
0.155622
0.155738
0.154652
0.157634
0.153714
0.158642
0.158588
0.159591
0.156908
0.160071
0.155546
0.155261
0.157436
0.158915
0.155209
0.162145
0.161951
0.162741
0.161449
0.158620
0.161004
0.154111
0.151375
0.152021
0.153266
0.157521
0.156423
0.156986
0.157473
0.154121
0.155616
0.156485
0.159801
0.158770
0.157933
0.156764
0.156719
0.157600
0.157315
0.156723
0.156953
0.157106
0.158930
0.162887
0.163789
0.165943
0.157637
0.160078
0.158041
0.157499
0.158323
0.158414
0.157746
0.156738
0.156691
0.156645
0.156597
0.157204
0.157193
0.154330
0.155591
0.155972
0.156161
0.156603
0.159834
0.157533
0.156425
0.156085
0.110513
0.109665
0.109609
0.111171
0.111742
0.112026
0.111196
0.110566
0.110284
0.111741
0.110436
0.109908
0.111134
0.110102
0.106702
0.110993
0.110312
0.110213
0.109686
0.109610
0.108613
0.110353
0.112004
0.109817
0.110989
0.109598
0.109606
0.108444
0.108134
0.108291
0.106455
0.110041
0.108885
0.107492
0.108594
0.109492
0.110351
0.108067
0.109484
0.107003
0.105609
0.106802
0.109688
0.108449
0.109755
0.108849
0.109191
0.109433
0.108548
0.108568
0.109784
0.108876
0.109008
0.109965
0.106378
0.108327
0.108273
0.107977
0.106610
0.109947
0.109916
0.110362
0.110426
0.110173
0.109825
0.111568
0.111194
0.110671
0.109573
0.110198
0.109007
0.109707
0.109148
0.112723
0.123550
0.115339
0.109897
0.126809
0.124407
0.113540
0.108863
0.087724
0.088762
0.088840
0.089166
0.089066
0.088287
0.088578
0.087170
0.088947
0.086592
0.087503
0.088307
0.089040
0.090793
0.091310
0.091418
0.088512
0.087625
0.089710
0.089662
0.090780
0.090168
0.087236
0.092559
0.092312
0.092918
0.092991
0.094055
0.089839
0.091978
0.086981
0.095151
0.094089
0.095636
0.093191
0.089729
0.093423
0.088328
0.087121
0.094430
0.092019
0.095343
0.095689
0.087725
0.087121
0.093343
0.092498
0.089387
0.091929
0.088994
0.088681
0.088948
0.089203
0.088277
0.089780
0.090109
0.092379
0.084876
0.086461
0.092884
0.092689
0.091449
0.089907
0.089563
0.090236
0.088959
0.091322
0.092730
0.090528
0.091597
0.090459
0.089247
0.087146
0.088545
0.091012
0.087167
0.089343
0.088181
0.088868
0.086311
0.085680
0.086951
0.088309
0.087265
0.089433
0.090659
0.088050
0.087990
0.085532
0.087438
0.088559
0.091566
0.087862
0.086965
0.087409
0.089375
0.086987
0.087952
0.089410
0.088090
0.087854
0.086460
0.087770
0.085118
0.086551
0.085743
0.088564
0.087882
0.084437
0.084250
0.088520
0.088628
0.089176
0.088537
0.087330
0.087347
0.086407
0.086722
0.088925
0.083513
0.082839
0.089087
0.086903
0.086592
0.089323
0.086700
0.090240
0.091002
0.089895
0.089770
0.088756
0.088189
0.088226
0.090094
0.088966
0.091188
0.089715
0.089526
0.087839
0.087952
0.088947
0.090152
0.090451
0.088183
0.089697
0.089615
0.088494
0.087661
0.090360
0.090700
0.090472
0.090462
0.089936
0.090307
0.089869
0.087515
0.087591
0.089580
0.091106
0.089283
0.090026
0.090722
0.090157
0.089610
0.091993
0.090437
0.089851
0.090334
0.088064
0.076922
0.084935
0.090134
0.097399
0.104449
0.113855
0.133034
0.152161
0.148789
0.165041
0.177098
0.187967
0.190401
0.190472
0.194109
0.194409
0.195020
0.194628
0.193733
0.188041
0.193163
0.186283
0.188360
0.184834
0.185207
0.194117
0.187596
0.187298
0.188261
0.188046
0.184908
0.195699
0.210636
0.193416
0.190092
0.189855
0.191622
0.191196
0.189906
0.192605
0.190020
0.192168
0.190852
0.190861
0.197328
0.192251
0.194615
0.189819
0.192018
0.181509
0.181349
0.182556
0.181131
0.182102
0.181210
0.191826
0.186123
0.195862
0.186506
0.191638
0.188419
0.184723
0.186711
0.191852
0.189991
0.181292
0.181339
0.181897
0.181159
0.182038
0.183109
0.181967
0.182082
0.182094
0.182023
0.181089
0.181560
0.181843
0.180665
0.180445
0.181244
0.182543
0.183399
0.182676
0.181770
0.182075
0.187924
0.181502
0.180995
0.181043
0.180080
0.180908
0.180175
0.181961
0.180023
0.180016
0.181056
0.181971
0.181519
0.181560
0.179698
0.180737
0.180807
0.180110
0.179549
0.181603
0.180805
0.181854
0.181864
0.181814
0.190991
0.181953
0.181270
0.186628
0.187765
0.188101
0.183785
0.187273
0.185215
0.186050
0.185789
0.180913
0.180847
0.179003
0.181430
0.180001
0.177777
0.177986
0.179728
0.177636
0.178636
0.177272
0.175922
0.178122
0.183781
0.180384
0.187808
0.179277
0.187433
0.183811
0.182285
0.181601
0.182328
0.182792
0.183269
0.182247
0.183476
0.182322
0.180349
0.185900
0.192134
0.196747
0.192696
0.193488
0.194951
0.196186
0.191192
0.195908
0.195372
0.182887
0.194752
0.180491
0.179643
0.190608
0.191337
0.195054
0.190708
0.191554
0.197069
0.196899
0.196930
0.195852
0.195736
0.196924
0.194945
0.194354
0.196250
0.195420
0.193059
0.194962
0.193739
0.195679
0.199028
0.190162
0.190917
0.181208
0.181220
0.182137
0.190955
0.194726
0.193664
0.181812
0.192037
0.190472
0.179451
0.186124
0.185372
0.190029
0.193554
0.191080
0.192595
0.193899
0.193796
0.181016
0.198298
0.192967
0.197724
0.197554
0.195025
0.191274
0.190559
0.188869
0.192910
0.191416
0.189665
0.181678
0.189307
0.183337
0.184010
0.184814
0.195241
0.182951
0.195766
0.182973
0.184101
0.191476
0.193497
0.189611
0.182319
0.188726
0.192674
0.193818
0.194176
0.192664
0.194011
0.196170
0.194091
0.193948
0.193433
0.192739
0.192464
0.192464
0.194308
0.191452
0.192505
0.194599
0.195177
0.196060
0.196712
0.196348
0.194629
0.196973
0.189974
0.194543
0.194393
0.194568
0.193306
0.193934
0.193774
0.193809
0.194183
0.191688
0.179824
0.192541
0.191983
0.192839
0.192072
0.193231
0.193161
0.193084
0.190501
0.196277
0.192823
0.191367
0.195463
0.189312
0.196009
0.194797
0.195427
0.194917
0.194969
0.195253
0.195963
0.195831
0.196573
0.191479
0.196110
0.192220
0.195698
0.196476
0.195889
0.194310
0.191837
0.192521
0.187696
0.191442
0.196052
0.191359
0.194119
0.194043
0.195715
0.193102
0.192205
0.182563
0.195800
0.194220
0.197359
0.192757
0.191003
0.199770
0.185390
0.181863
0.191318
0.183201
0.181530
0.182392
0.183894
0.192177
0.182605
0.199874
0.191608
0.181776
0.180811
0.191430
0.193573
0.189994
0.195117
0.187070
0.194223
0.181360
0.180617
0.190632
0.194201
0.191932
0.188039
0.194896
0.178341
0.181111
0.190524
0.189620
0.194012
0.190892
0.191714
0.187564
0.190836
0.180779
0.181214
0.191836
0.190438
0.196274
0.194304
0.081014
0.085756
0.084613
0.084249
0.083523
0.080262
0.083494
0.083778
0.084955
0.084159
0.085341
0.083294
0.082129
0.082860
0.083197
0.082720
0.081211
0.082551
0.080498
0.081782
0.082973
0.082745
0.082006
0.083374
0.082318
0.083358
0.083249
0.083018
0.081666
0.081779
0.082101
0.081296
0.082316
0.082559
0.082607
0.082431
0.081385
0.080522
0.080499
0.082285
0.080859
0.081900
0.082622
0.081740
0.080807
0.081151
0.080172
0.082850
0.082679
0.081240
0.080755
0.081349
0.080345
0.081042
0.080303
0.080932
0.081395
0.081348
0.080930
0.081647
0.080602
0.082331
0.080803
0.081251
0.080025
0.081100
0.080989
0.081422
0.080945
0.081144
0.085859
0.087191
0.086965
0.081115
0.079842
0.081694
0.081077
0.080792
0.082315
0.079212
0.081118
0.080149
0.080549
0.080679
0.081569
0.080594
0.080577
0.081427
0.081407
0.080500
0.081969
0.080033
0.080317
0.079282
0.080503
0.080082
0.080983
0.078477
0.079755
0.081546
0.078233
0.077928
0.079121
0.082243
0.082194
0.081698
0.081862
0.082102
0.081042
0.079663
0.079403
0.081466
0.081136
0.081563
0.080803
0.080993
0.081694
0.080524
0.079962
0.081554
0.080764
0.081351
0.081161
0.080390
0.078984
0.081644
0.079878
0.080243
0.080534
0.080945
0.082447
0.100679
0.095624
0.111701
0.095800
0.097997
0.097061
0.104100
0.103225
0.109033
0.109844
0.115164
0.115248
0.123890
0.123765
0.121353
0.120725
0.119929
0.120475
0.117251
0.120952
0.119875
0.129165
0.128440
0.126651
0.126754
0.128361
0.130633
0.127751
0.128412
0.128267
0.127333
0.126742
0.125876
0.127116
0.127158
0.112302
0.126980
0.127483
0.126271
0.127803
0.127510
0.128494
0.127288
0.128001
0.129315
0.127714
0.128932
0.128476
0.128518
0.128344
0.129458
0.129467
0.129109
0.128549
0.129387
0.130022
0.129573
0.130231
0.129375
0.129249
0.129627
0.129344
0.128144
0.129133
0.128828
0.128262
0.128607
0.128835
0.127795
0.129507
0.128184
0.128562
0.128854
0.128068
0.128581
0.128060
0.128033
0.128990
0.128282
0.129178
0.130343
0.129628
0.128477
0.128039
0.130999
0.130718
0.130894
0.128693
0.132360
0.130957
0.132257
0.130991
0.130665
0.131129
0.134441
0.133199
0.131234
0.135172
0.134734
0.134139
0.134563
0.133257
0.135804
0.134021
0.134628
0.134174
0.134476
0.135383
0.135534
0.135408
0.135856
0.134571
0.134997
0.135075
0.136387
0.136617
0.134721
0.136940
0.137265
0.137842
0.137478
0.133693
0.137872
0.136831
0.136895
0.136720
0.136305
0.136466
0.143343
0.137315
0.136632
0.137292
0.136659
0.138943
0.136020
0.136361
0.137195
0.137140
0.137607
0.137780
0.137962
0.136031
0.137605
0.136992
0.139026
0.140527
0.139799
0.140096
0.141638
0.142145
0.143411
0.143206
0.142579
0.138940
0.139962
0.139693
0.138771
0.137394
0.137779
0.141110
0.138616
0.139555
0.142127
0.140271
0.139869
0.139278
0.139759
0.140204
0.140494
0.144510
0.138795
0.140435
0.140413
0.140295
0.141742
0.141309
0.140564
0.139699
0.141868
0.140535
0.140399
0.139329
0.140381
0.139320
0.142808
0.151743
0.149587
0.149911
0.142390
0.142901
0.138110
0.137868
0.138352
0.139559
0.148505
0.137684
0.154890
0.154903
0.154950
0.150126
0.148328
0.153097
0.154282
0.147190
0.139776
0.142312
0.140967
0.139794
0.140994
0.140794
0.142216
0.141730
0.142246
0.140996
0.141268
0.142302
0.143543
0.144352
0.143197
0.143394
0.154732
0.154373
0.155214
0.141824
0.152034
0.152295
0.151922
0.153379
0.152758
0.153113
0.152277
0.150423
0.151920
0.152229
0.151545
0.152956
0.151417
0.152879
0.152536
0.152184
0.152995
0.152951
0.152804
0.153422
0.153268
0.153997
0.152932
0.153296
0.152622
0.154384
0.154467
0.152195
0.151540
0.153288
0.153948
0.153365
0.153453
0.153254
0.149973
0.148884
0.152648
0.149722
0.153211
0.151582
0.153271
0.151560
0.151970
0.151289
0.153223
0.153335
0.152814
0.153321
0.151890
0.131732
0.128903
0.128583
0.129541
0.130257
0.131213
0.129366
0.129621
0.129436
0.131347
0.131435
0.128225
0.130252
0.130158
0.129130
0.129154
0.128925
0.129892
0.131284
0.132294
0.133275
0.131103
0.133075
0.130157
0.126752
0.129647
0.126213
0.130322
0.124123
0.131379
0.129275
0.131761
0.132353
0.132261
0.130259
0.131839
0.131934
0.132586
0.131863
0.132651
0.132151
0.132205
0.132140
0.130715
0.131667
0.132317
0.131488
0.131638
0.130022
0.130580
0.130585
0.130515
0.130984
0.129950
0.130252
0.131507
0.130341
0.132504
0.130308
0.132781
0.130770
0.129973
0.131523
0.131215
0.129698
0.132413
0.132143
0.129979
0.129959
0.130653
0.130095
0.130301
0.129451
0.129494
0.129924
0.129173
0.131111
0.129848
0.131732
0.130041
0.131679
0.131091
0.131780
0.129169
0.132177
0.130952
0.131999
0.129452
0.131827
0.130153
0.130229
0.130384
0.129383
0.129051
0.129192
0.129314
0.130459
0.128200
0.129650
0.129096
0.130370
0.125155
0.129575
0.126236
0.128220
0.127888
0.126821
0.126418
0.126330
0.129255
0.127204
0.127648
0.128495
0.126978
0.126780
0.123985
0.127946
0.128378
0.130517
0.130281
0.128969
0.127193
0.129021
0.128524
0.128026
0.128057
0.129031
0.128161
0.131810
0.130654
0.130375
0.131243
0.131729
0.131222
0.131999
0.131881
0.131240
0.129756
0.131517
0.128485
0.129313
0.130566
0.128587
0.130681
0.131672
0.130361
0.130721
0.131523
0.130534
0.129620
0.129323
0.129672
0.129409
0.127717
0.129064
0.127990
0.127998
0.124752
0.128433
0.127296
0.125654
0.131177
0.129542
0.132009
0.132742
0.132806
0.129037
0.129239
0.128040
0.128970
0.129212
0.129217
0.128554
0.129160
0.128225
0.128650
0.127579
0.129153
0.128434
0.127222
0.128853
0.128461
0.128233
0.127659
0.128748
0.128449
0.128546
0.128719
0.128952
0.129158
0.128713
0.129192
0.127808
0.129388
0.129439
0.129431
0.129865
0.131620
0.131084
0.130653
0.130089
0.129932
0.129543
0.130222
0.129339
0.128214
0.129271
0.129478
0.129190
0.128843
0.129309
0.128792
0.129052
0.130360
0.130141
0.128832
0.129303
0.128404
0.129988
0.127968
0.129907
0.128921
0.127573
0.129367
0.127660
0.128984
0.129367
0.131069
0.128108
0.128746
0.125137
0.126364
0.124486
0.128733
0.129357
0.129575
0.129177
0.128922
0.128910
0.129149
0.130290
0.128980
0.129869
0.130619
0.130610
0.131677
0.130573
0.129173
0.233198
0.227812
0.232251
0.230060
0.232690
0.225505
0.227203
0.227255
0.230105
0.228582
0.227651
0.227790
0.228376
0.232327
0.231441
0.228632
0.232964
0.230991
0.230166
0.230622
0.230375
0.231065
0.231032
0.230121
0.227221
0.227932
0.223921
0.224646
0.228936
0.228979
0.229374
0.227082
0.227127
0.225960
0.227792
0.231145
0.229595
0.227911
0.231744
0.229214
0.228981
0.231766
0.229543
0.228756
0.228692
0.228406
0.228988
0.228472
0.228554
0.229693
0.229351
0.228123
0.227362
0.225566
0.230101
0.229509
0.229674
0.220084
0.225581
0.226140
0.225587
0.216724
0.214564
0.215223
0.219886
0.210705
0.214183
0.214979
0.214466
0.215976
0.216700
0.217163
0.213903
0.208580
0.213135
0.216886
0.217532
0.216984
0.213703
0.211852
0.213472
0.213443
0.213330
0.212982
0.213821
0.210004
0.208359
0.208564
0.211022
0.206032
0.208581
0.201975
0.199949
0.199254
0.199393
0.183703
0.187054
0.187875
0.183214
0.186488
0.184786
0.174628
0.176082
0.180576
0.172581
0.180634
0.179615
0.172136
0.172904
0.173052
0.176496
0.173650
0.170724
0.166065
0.163696
0.168045
0.166065
0.165175
0.168745
0.169494
0.167999
0.169589
0.167306
0.166837
0.168571
0.170676
0.168433
0.168474
0.168237
0.167281
0.164565
0.169261
0.167938
0.166909
0.169007
0.172663
0.166857
0.162835
0.166395
0.165376
0.167748
0.162971
0.166930
0.162807
0.169004
0.168074
0.166466
0.165551
0.165563
0.163512
0.164845
0.165185
0.162493
0.162441
0.164336
0.160363
0.160931
0.157831
0.157158
0.160270
0.165399
0.162537
0.157624
0.157626
0.160843
0.162284
0.162570
0.156424
0.163979
0.163794
0.162106
0.163545
0.163013
0.159860
0.160437
0.163509
0.162165
0.160979
0.161879
0.162290
0.156386
0.155360
0.162351
0.154776
0.155371
0.156963
0.154004
0.150619
0.150334
0.150878
0.150694
0.148474
0.148154
0.147439
0.149093
0.147305
0.145865
0.145719
0.153971
0.152238
0.149064
0.144206
0.144598
0.144574
0.153723
0.154417
0.155254
0.153816
0.153954
0.153654
0.154954
0.154755
0.154445
0.154356
0.145215
0.154325
0.154393
0.153601
0.149834
0.151230
0.154750
0.154212
0.173466
0.173634
0.173822
0.174208
0.177074
0.174193
0.173959
0.176295
0.167838
0.154254
0.154874
0.151676
0.141845
0.114937
0.114802
0.114982
0.114125
0.110452
0.106811
0.100009
0.101006
0.097315
0.105290
0.117949
0.116150
0.113538
0.113693
0.112407
0.107074
0.099379
0.111808
0.105734
0.110341
0.110092
0.102697
0.117018
0.118261
0.122069
0.116268
0.117580
0.118336
0.117690
0.120572
0.119719
0.119957
0.119506
0.119341
0.120487
0.115995
0.114393
0.115255
0.114225
0.114380
0.125146
0.125772
0.125846
0.127053
0.128691
0.125412
0.127479
0.111106
0.125037
0.125399
0.125641
0.127155
0.114617
0.118514
0.118123
0.119194
0.118279
0.117637
0.115780
0.115488
0.115408
0.115771
0.114835
0.117676
0.114372
0.113673
0.113975
0.115308
0.116453
0.116272
0.114519
0.116546
0.116564
0.118436
0.115028
0.116328
0.116299
0.116903
0.116878
0.119515
0.119621
0.119016
0.119911
0.117691
0.118807
0.119397
0.131286
0.129361
0.130344
0.128846
0.129293
0.129682
0.129289
0.129094
0.121524
0.126673
0.117006
0.118054
0.118815
0.119998
0.118934
0.118217
0.118138
0.118471
0.121376
0.119650
0.117977
0.115527
0.114758
0.116419
0.123755
0.124069
0.122409
0.122861
0.123626
0.130297
0.128184
0.127668
0.123802
0.126736
0.127544
0.115441
0.115702
0.116926
0.119105
0.115817
0.126139
0.126703
0.116566
0.127780
0.116292
0.116216
0.115127
0.121024
0.118796
0.120569
0.118252
0.120326
0.118291
0.117142
0.119880
0.112452
0.113544
0.117883
0.110447
0.116672
0.139727
0.150244
0.163247
0.158773
0.161578
0.162414
0.160717
0.161309
0.163476
0.165169
0.159327
0.163345
0.163733
0.163304
0.163738
0.161578
0.162192
0.163146
0.160069
0.152460
0.155625
0.156374
0.155906
0.154054
0.156419
0.156851
0.153955
0.146769
0.120389
0.156777
0.131114
0.161614
0.163086
0.155833
0.162067
0.159256
0.153330
0.161706
0.157327
0.164517
0.163741
0.163489
0.162552
0.156838
0.161039
0.161047
0.155815
0.156309
0.162452
0.154182
0.152247
0.160396
0.150946
0.149960
0.152918
0.149573
0.146538
0.148624
0.152300
0.146437
0.147219
0.144725
0.145004
0.145767
0.146437
0.165368
0.143930
0.161644
0.164829
0.158634
0.160230
0.160069
0.158443
0.158032
0.161893
0.156874
0.160326
0.174562
0.157526
0.157901
0.141899
0.140766
0.138034
0.139642
0.155255
0.156551
0.149579
0.150324
0.164637
0.149627
0.160656
0.165225
0.157017
0.160490
0.157936
0.156767
0.154001
0.145564
0.140257
0.146120
0.144188
0.140415
0.146373
0.142619
0.143960
0.144065
0.144819
0.142891
0.141705
0.141586
0.139797
0.141203
0.137395
0.141561
0.141810
0.140198
0.141555
0.140745
0.142185
0.136634
0.136559
0.140844
0.143610
0.140236
0.142370
0.139658
0.140686
0.139843
0.133474
0.116797
0.108368
0.113220
0.103331
0.107909
0.105915
0.092225
0.095830
0.096588
0.094894
0.098669
0.102785
0.107237
0.112010
0.118114
0.118315
0.119758
0.119740
0.118484
0.119313
0.120315
0.120279
0.119217
0.118998
0.119118
0.119180
0.119641
0.119467
0.118825
0.121406
0.120433
0.118327
0.122880
0.122350
0.122383
0.122687
0.122490
0.123847
0.122977
0.130111
0.130380
0.129565
0.122072
0.122031
0.121790
0.121172
0.124139
0.124084
0.124238
0.127832
0.129030
0.121887
0.130154
0.154469
0.155249
0.153898
0.151986
0.157576
0.154101
0.155767
0.154320
0.153663
0.157462
0.153853
0.148959
0.133071
0.129961
0.130760
0.130952
0.129876
0.124440
0.126993
0.127573
0.151794
0.131672
0.126612
0.127914
0.128159
0.127212
0.155394
0.153772
0.152650
0.153729
0.155398
0.145438
0.144686
0.144950
0.144484
0.144116
0.145324
0.146074
0.146380
0.146064
0.157347
0.126813
0.126126
0.125739
0.133783
0.144487
0.142717
0.156317
0.133709
0.152510
0.151212
0.145071
0.145454
0.144569
0.144173
0.144414
0.145888
0.143293
0.144990
0.144172
0.144587
0.145753
0.144575
0.144460
0.144285
0.144871
0.144492
0.145968
0.145371
0.146570
0.145205
0.145125
0.145556
0.147328
0.146616
0.148600
0.146828
0.143661
0.158067
0.114497
0.111775
0.111472
0.116609
0.105219
0.114475
0.121815
0.121960
0.119999
0.107647
0.106570
0.106205
0.118207
0.117602
0.109043
0.121938
0.119917
0.121957
0.118078
0.119442
0.129111
0.119326
0.119074
0.119010
0.123641
0.123856
0.124302
0.122993
0.120593
0.120589
0.127989
0.125485
0.136091
0.124738
0.136576
0.133799
0.132525
0.120789
0.124069
0.131887
0.121492
0.133635
0.120597
0.138426
0.122301
0.122513
0.121388
0.133661
0.132764
0.134104
0.133777
0.131430
0.133735
0.133061
0.132265
0.122835
0.135967
0.127438
0.152072
0.133653
0.131363
0.133300
0.133754
0.129190
0.131777
0.132315
0.131507
0.132811
0.151164
0.133805
0.155032
0.151178
0.152410
0.149816
0.151708
0.150318
0.154306
0.154830
0.152299
0.154191
0.150134
0.154081
0.154329
0.154767
0.152298
0.150465
0.150091
0.152882
0.155854
0.154711
0.153654
0.154481
0.152276
0.133804
0.135189
0.132750
0.131979
0.133082
0.133556
0.132355
0.135160
0.135359
0.109990
0.120987
0.093924
0.078497
0.075222
0.060635
0.056166
0.049550
0.044736
0.040526
0.038036
0.036053
0.037246
0.040596
0.041012
0.040951
0.043579
0.042152
0.041957
0.042918
0.042931
0.042678
0.040849
0.043347
0.039673
0.041072
0.040754
0.041084
0.038966
0.038915
0.039164
0.039147
0.039078
0.038655
0.039713
0.040291
0.039840
0.039854
0.039050
0.039101
0.040298
0.038881
0.040644
0.040052
0.039804
0.040437
0.039717
0.039280
0.039140
0.038858
0.039223
0.038115
0.037789
0.038318
0.039203
0.038322
0.038988
0.038672
0.039006
0.038765
0.039134
0.039042
0.038996
0.039572
0.039302
0.039945
0.039505
0.039529
0.038997
0.039003
0.039976
0.038559
0.038858
0.038084
0.038501
0.038601
0.038761
0.037882
0.038729
0.038604
0.038868
0.038179
0.038247
0.040603
0.040232
0.040409
0.039930
0.039864
0.039719
0.040224
0.040045
0.039977
0.040285
0.040402
0.039387
0.040107
0.039800
0.039649
0.038851
0.039183
0.039083
0.038187
0.038253
0.037778
0.037003
0.037006
0.037062
0.038480
0.042662
0.041393
0.042274
0.040965
0.040729
0.040549
0.040863
0.039845
0.039820
0.040009
0.040358
0.039542
0.039491
0.039826
0.040599
0.039209
0.040821
0.040698
0.040222
0.040134
0.038659
0.039608
0.038891
0.039256
0.037416
0.038626
0.037014
0.037272
0.037186
0.035117
0.034727
0.035292
0.031855
0.032576
0.033215
0.033366
0.029596
0.027964
0.022594
0.017924
0.014041
0.010346
0.007590
0.005199
0.003343
0.001684
0.000661
0.000101
0.000000
0.000112
0.000371
0.000780
0.001226
0.002389
0.002439
0.002657
0.002767
0.003032
0.003411
0.004349
0.004435
0.004751
0.005408
0.005536
0.005955
0.006152
0.006742
0.006699
0.006798
0.007493
0.007660
0.008726
0.008954
0.009533
0.009594
0.009714
0.010038
0.010373
0.010428
0.010511
0.010548
0.010712
0.010897
0.010964
0.010958
0.011183
0.012347
0.013567
0.013766
0.013591
0.013770
0.013783
0.013455
0.013373
0.015314
0.015636
0.015488
0.015570
0.015948
0.015977
0.016107
0.015918
0.016173
0.016499
0.017631
0.017722
0.017829
0.018440
0.018778
0.019102
0.019179
0.019178
0.019311
0.019286
0.019606
0.019797
0.019805
0.019571
0.020651
0.020987
0.025117
0.025121
0.024535
0.024819
0.024787
0.024899
0.025189
0.025343
0.025457
0.023234
0.023229
0.024681
0.023560
0.024024
0.023478
0.023217
0.024128
0.024167
0.024561
0.024062
0.024093
0.024472
0.024219
0.024577
0.025125
0.025088
0.025124
0.025529
0.025746
0.026048
0.026060
0.026223
0.026041
0.026729
0.025980
0.025943
0.026857
0.026664
0.026952
0.027752
0.028210
0.027706
0.027929
0.027156
0.026898
0.027387
0.027100
0.028232
0.029131
0.028730
0.028787
0.028970
0.028793
0.028923
0.028518
0.028978
0.028337
0.028016
0.028347
0.029512
0.029612
0.030459
0.028914
0.031922
0.034193
0.038702
0.043534
0.055022
0.066537
0.077466
0.092477
0.106690
0.121380
0.141221
0.164638
0.180839
0.165598
0.164585
0.167425
0.167467
0.164137
0.176792
0.178757
0.176989
0.177010
0.175693
0.200152
0.195416
0.195105
0.202771
0.202335
0.147447
0.186690
0.142920
0.177485
0.182497
0.166937
0.175725
0.175761
0.169713
0.176644
0.159432
0.156057
0.156656
0.161045
0.168341
0.209403
0.210711
0.209035
0.210080
0.210505
0.199210
0.188945
0.191578
0.199929
0.185373
0.186677
0.179904
0.184597
0.184960
0.185871
0.176818
0.178204
0.175497
0.178315
0.177803
0.177249
0.181575
0.180407
0.182873
0.179084
0.180323
0.180399
0.177447
0.177529
0.172620
0.174427
0.173060
0.173341
0.172699
0.174180
0.175269
0.169679
0.171674
0.170814
0.171716
0.172488
0.139234
0.143666
0.145871
0.145530
0.142508
0.175655
0.181292
0.177714
0.173979
0.190349
0.161754
0.160139
0.139968
0.144021
0.140081
0.141225
0.136642
0.134661
0.136708
0.106210
0.130491
0.132444
0.106881
0.105456
0.107408
0.105687
0.106395
0.105676
0.142961
0.111937
0.133984
0.137231
0.165806
0.181036
0.185561
0.102520
0.103933
0.107866
0.109448
0.107019
0.120450
0.117340
0.112111
0.114378
0.118283
0.117314
0.113504
0.116898
0.116977
0.116805
0.116633
0.117167
0.117490
0.116350
0.117383
0.120745
0.120442
0.117193
0.119831
0.119351
0.118675
0.118138
0.120014
0.118208
0.115914
0.116194
0.116463
0.118220
0.117103
0.116262
0.115778
0.115936
0.116016
0.114852
0.115571
0.114183
0.116773
0.118590
0.116330
0.117219
0.117113
0.114510
0.115895
0.117991
0.116714
0.115175
0.117520
0.118168
0.115689
0.117155
0.117138
0.116633
0.115791
0.115586
0.115432
0.115365
0.115082
0.116099
0.115622
0.113548
0.112430
0.115485
0.116316
0.110634
0.117624
0.119274
0.115648
0.117885
0.117153
0.112286
0.117605
0.116388
0.118582
0.117000
0.115850
0.117379
0.117165
0.115987
0.114732
0.117405
0.116266
0.116318
0.117444
0.116766
0.117913
0.119534
0.116810
0.118612
0.117317
0.117623
0.116915
0.115778
0.122029
0.123247
0.126147
0.124062
0.125074
0.125666
0.127941
0.125491
0.125952
0.120028
0.123412
0.120263
0.121341
0.125943
0.122462
0.118875
0.130880
0.129154
0.121906
0.121863
0.126129
0.124287
0.125723
0.119386
0.120734
0.121015
0.120911
0.120364
0.123669
0.120166
0.120073
0.120726
0.124778
0.124512
0.117291
0.117911
0.120377
0.120729
0.121329
0.121992
0.134446
0.122000
0.121572
0.129784
0.122695
0.132273
0.132242
0.131013
0.131340
0.132422
0.131730
0.122038
0.122676
0.128859
0.122502
0.130717
0.134860
0.120619
0.123004
0.129991
0.131112
0.131418
0.133951
0.131427
0.127220
0.117746
0.120542
0.115469
0.107185
0.101445
0.108086
0.099810
0.108218
0.113958
0.111478
0.119781
0.136199
0.151745
0.152897
0.160136
0.155487
0.154591
0.154911
0.152547
0.154471
0.153933
0.153969
0.152208
0.153211
0.154457
0.154458
0.154223
0.155668
0.155759
0.155218
0.155859
0.156184
0.156082
0.156478
0.155904
0.155938
0.156040
0.155572
0.152627
0.154124
0.155640
0.154019
0.155042
0.152736
0.153058
0.154323
0.152779
0.156290
0.153416
0.153042
0.151735
0.154670
0.154355
0.153655
0.153433
0.152897
0.151359
0.151799
0.151493
0.153648
0.150905
0.150117
0.154768
0.157379
0.158379
0.157899
0.158520
0.157617
0.158116
0.158707
0.157607
0.158296
0.158509
0.157798
0.157882
0.158106
0.157887
0.156733
0.154683
0.156615
0.156402
0.156144
0.157158
0.156784
0.156538
0.157867
0.157447
0.158218
0.157100
0.155448
0.156261
0.156628
0.157415
0.158968
0.158869
0.158636
0.157816
0.158065
0.158738
0.158235
0.157071
0.157864
0.157903
0.158406
0.158763
0.158942
0.157166
0.157424
0.157903
0.158000
0.158200
0.157439
0.157827
0.157669
0.157607
0.157636
0.158212
0.159308
0.158710
0.158095
0.159205
0.158536
0.159147
0.158517
0.158468
0.158231
0.157213
0.157329
0.156470
0.157445
0.156589
0.157525
0.149512
0.152193
0.151719
0.153489
0.148635
0.152237
0.159163
0.154330
0.159083
0.156024
0.153465
0.154475
0.152377
0.153151
0.152603
0.153834
0.153366
0.152860
0.153204
0.153162
0.153071
0.154683
0.155057
0.157867
0.159254
0.157657
0.154506
0.156886
0.155105
0.157106
0.154974
0.155813
0.154044
0.154589
0.154167
0.154626
0.152814
0.155421
0.155671
0.156103
0.154685
0.155316
0.156108
0.155667
0.155107
0.156277
0.155501
0.157392
0.157158
0.156843
0.157079
0.156781
0.157744
0.155346
0.153565
0.155764
0.155075
0.154836
0.155307
0.155210
0.154929
0.154043
0.153185
0.153538
0.153305
0.153266
0.154186
0.154870
0.156443
0.155918
0.154451
0.156337
0.155310
0.155361
0.153458
0.155868
0.154118
0.154358
0.156381
0.156057
0.156899
0.156718
0.155979
0.155406
0.155712
0.155211
0.153750
0.154025
0.154606
0.153797
0.155314
0.154285
0.156676
0.155926
0.156189
0.156664
0.156374
0.157832
0.157484
0.153710
0.154178
0.153871
0.154171
0.154410
0.156895
0.152942
0.153073
0.150233
0.149686
0.150087
0.149842
0.154089
0.152584
0.150028
0.156691
0.157355
0.154143
0.157342
0.152721
0.150059
0.155758
0.157051
0.156248
0.157814
0.154417
0.157609
0.156700
0.157663
0.156836
0.156735
0.156319
0.156104
0.157213
0.157640
0.156027
0.156257
0.156870
0.159500
0.157227
0.158435
0.166045
0.166235
0.167208
0.164379
0.165786
0.166425
0.164681
0.166510
0.166640
0.165508
0.165519
0.166922
0.167068
0.167220
0.166881
0.164700
0.163933
0.163188
0.164233
0.164484
0.164190
0.163622
0.163366
0.159122
0.163105
0.158556
0.159379
0.163272
0.160387
0.160692
0.154681
0.154235
0.164030
0.156806
0.152737
0.152944
0.152418
0.151288
0.149956
0.150517
0.163485
0.162462
0.159842
0.153855
0.150646
0.150701
0.150636
0.161685
0.149930
0.149360
0.149026
0.148640
0.148220
0.146946
0.148249
0.146327
0.148449
0.149475
0.150909
0.151094
0.145523
0.153643
0.145543
0.145551
0.145015
0.149271
0.152796
0.154808
0.146323
0.150717
0.150972
0.144901
0.147086
0.148654
0.148354
0.146014
0.125447
0.106082
0.093269
0.081709
0.077922
0.079637
0.087033
0.100185
0.116483
0.140572
0.172232
0.200020
0.228930
0.249019
0.247628
0.246277
0.245796
0.245031
0.246968
0.248576
0.247956
0.250486
0.251946
0.252806
0.255971
0.256761
0.253079
0.254875
0.253344
0.250037
0.249759
0.252857
0.252400
0.253527
0.244627
0.248558
0.249486
0.247436
0.247678
0.245726
0.251709
0.254992
0.242333
0.251260
0.247826
0.254701
0.249285
0.251750
0.242392
0.249284
0.252020
0.250112
0.249658
0.243938
0.248557
0.249473
0.249816
0.248199
0.231840
0.246884
0.227563
0.249917
0.244967
0.250052
0.251622
0.247302
0.251505
0.251482
0.246565
0.246157
0.238578
0.235442
0.230795
0.251938
0.250117
0.233352
0.253152
0.251394
0.250570
0.251902
0.252077
0.254047
0.244376
0.234365
0.233788
0.224387
0.235669
0.251579
0.252906
0.251902
0.232819
0.251098
0.255146
0.224531
0.251968
0.239246
0.251312
0.214758
0.247935
0.244388
0.237888
0.227781
0.219199
0.239029
0.240933
0.253297
0.207862
0.237825
0.250059
0.253855
0.253704
0.244993
0.245420
0.245726
0.236814
0.244764
0.244784
0.244852
0.245298
0.243577
0.240843
0.235402
0.236113
0.241330
0.233871
0.248417
0.249859
0.250427
0.246248
0.250067
0.248421
0.247292
0.248344
0.244350
0.240146
0.240826
0.244290
0.242017
0.245483
0.160254
0.158420
0.156312
0.158773
0.157640
0.157941
0.159917
0.159375
0.159202
0.160041
0.160727
0.159441
0.165394
0.159293
0.159497
0.123526
0.174604
0.160039
0.160981
0.159502
0.170042
0.157258
0.164989
0.159887
0.160199
0.159831
0.159842
0.163102
0.163355
0.145733
0.148508
0.167919
0.171291
0.169430
0.146851
0.145703
0.147500
0.169271
0.146077
0.168648
0.166284
0.168652
0.167483
0.168746
0.169919
0.168409
0.172853
0.171414
0.121684
0.121688
0.121097
0.121521
0.122038
0.124410
0.161268
0.124013
0.160528
0.158338
0.155448
0.158771
0.158621
0.157634
0.157867
0.157539
0.157910
0.160310
0.159113
0.159448
0.172667
0.159548
0.159519
0.160214
0.159155
0.174035
0.175638
0.174723
0.173611
0.171168
0.168595
0.169143
0.169381
0.168100
0.168284
0.169657
0.169407
0.169707
0.169261
0.168491
0.168467
0.168518
0.165887
0.166535
0.166426
0.164012
0.168267
0.156840
0.166205
0.166597
0.168032
0.165881
0.160291
0.159791
0.161232
0.160152
0.160574
0.149039
0.159399
0.167030
0.165594
0.168184
0.159945
0.160694
0.157025
0.165877
0.158345
0.167699
0.166197
0.156798
0.168497
0.166917
0.170508
0.168773
0.169303
0.167375
0.166974
0.169358
0.163216
0.167808
0.162306
0.160099
0.170588
0.159496
0.168419
0.169095
0.169037
0.166884
0.167085
0.157816
0.166510
0.170107
0.157723
0.160361
0.170023
0.168583
0.158504
0.157649
0.157937
0.160173
0.172207
0.158492
0.169451
0.169349
0.169184
0.169466
0.168472
0.169708
0.169630
0.155290
0.156358
0.156661
0.156389
0.155544
0.157219
0.156912
0.156443
0.156276
0.147713
0.142989
0.144015
0.155701
0.154394
0.144345
0.150486
0.145155
0.126601
0.146356
0.136358
0.134123
0.138698
0.126097
0.145987
0.148123
0.137131
0.066764
0.066822
0.063363
0.061727
0.056620
0.060778
0.063090
0.062568
0.060368
0.061906
0.066067
0.061041
0.063314
0.060041
0.059929
0.059181
0.061723
0.061286
0.062020
0.061143
0.062460
0.063883
0.062192
0.059897
0.061501
0.063096
0.060129
0.061656
0.059515
0.060875
0.060549
0.058124
0.060087
0.057928
0.064704
0.057991
0.065277
0.061031
0.066185
0.065624
0.065725
0.065329
0.063877
0.063809
0.057875
0.063269
0.064091
0.064472
0.064084
0.057787
0.064490
0.064276
0.064528
0.065619
0.064955
0.061490
0.064863
0.064487
0.063022
0.065041
0.059894
0.061579
0.060112
0.060902
0.053148
0.055973
0.063219
0.063675
0.063425
0.063563
0.061147
0.061826
0.061890
0.061840
0.063570
0.061652
0.063465
0.061366
0.060873
0.056789
0.058815
0.057510
0.058751
0.058346
0.054642
0.052624
0.060062
0.059878
0.062101
0.059985
0.060412
0.062437
0.061231
0.062668
0.062641
0.062795
0.062355
0.063614
0.063704
0.057921
0.058287
0.058613
0.060170
0.058079
0.061570
0.060382
0.062547
0.062679
0.062668
0.058855
0.059378
0.054114
0.056650
0.054672
0.056835
0.061993
0.055501
0.055999
0.057041
0.054239
0.058450
0.056635
0.056038
0.059648
0.056406
0.054405
0.054487
0.058464
0.055160
0.054745
0.053940
0.055772
0.051839
0.056675
0.056909
0.053833
0.053911
0.053066
0.053550
0.054775
0.053172
0.056150
0.055637
0.055154
0.055029
0.055956
0.059196
0.055615
0.060824
0.056111
0.056557
0.058125
0.059027
0.060150
0.059683
0.060470
0.058990
0.062655
0.069694
0.070142
0.061114
0.067665
0.067099
0.065145
0.064992
0.064883
0.063973
0.064540
0.064991
0.062942
0.063817
0.062144
0.064338
0.061590
0.062191
0.061382
0.062529
0.061795
0.060570
0.061832
0.060379
0.062480
0.063886
0.055047
0.061466
0.065163
0.062622
0.060380
0.058134
0.063308
0.065387
0.063162
0.063563
0.061746
0.064720
0.057455
0.060997
0.060005
0.066962
0.060420
0.061928
0.060063
0.059604
0.059903
0.059746
0.057632
0.057021
0.063950
0.065914
0.067190
0.062665
0.062525
0.062838
0.062496
0.066325
0.068433
0.048394
0.048873
0.049028
0.048104
0.049473
0.048811
0.048920
0.050009
0.047977
0.069234
0.048307
0.047403
0.048771
0.047266
0.047142
0.047860
0.048393
0.046879
0.048229
0.046882
0.046484
0.047362
0.047086
0.046649
0.045686
0.048049
0.069420
0.068612
0.066144
0.067899
0.064821
0.065211
0.064713
0.065663
0.066096
0.064429
0.064517
0.059165
0.064026
0.064550
0.064993
0.062707
0.062471
0.063816
0.063736
0.063635
0.063198
0.063645
0.063438
0.065872
0.060959
0.044532
0.044987
0.045884
0.044619
0.044856
0.045190
0.045620
0.045321
0.044604
0.045054
0.044784
0.044514
0.044647
0.044188
0.044343
0.045101
0.133641
0.132525
0.130822
0.132560
0.131305
0.131081
0.127098
0.129273
0.130045
0.128237
0.128403
0.132476
0.128499
0.129977
0.126460
0.127408
0.129753
0.126918
0.130660
0.129231
0.129750
0.129495
0.130748
0.130073
0.131171
0.131066
0.131488
0.131538
0.132141
0.129693
0.129749
0.129693
0.131908
0.128943
0.132631
0.130013
0.131958
0.131354
0.131300
0.129865
0.132700
0.132355
0.131201
0.133329
0.130880
0.132318
0.132671
0.132206
0.132792
0.131739
0.131395
0.131687
0.132274
0.130201
0.130722
0.130479
0.130073
0.129696
0.130324
0.130328
0.129606
0.130169
0.129645
0.130138
0.130365
0.131397
0.130363
0.131767
0.131962
0.131363
0.131635
0.131493
0.131606
0.131786
0.131750
0.129908
0.130089
0.131073
0.131485
0.129453
0.131470
0.129574
0.129591
0.129319
0.129903
0.129238
0.129240
0.128992
0.132708
0.128830
0.129186
0.129308
0.129373
0.128715
0.128474
0.130415
0.133048
0.128383
0.130851
0.128442
0.128749
0.128758
0.128988
0.129315
0.129337
0.125287
0.125043
0.130731
0.132409
0.131486
0.128694
0.129066
0.129263
0.128825
0.131407
0.130726
0.131222
0.128546
0.129026
0.129402
0.129669
0.129949
0.128451
0.128425
0.128616
0.128502
0.128901
0.129306
0.129222
0.130980
0.130341
0.129571
0.129249
0.129933
0.129719
0.129378
0.130233
0.129614
0.129595
0.129569
0.128420
0.128216
0.129129
0.129232
0.128640
0.128826
0.129421
0.129390
0.129757
0.129485
0.128853
0.128574
0.128497
0.129361
0.130316
0.129443
0.129688
0.129174
0.128418
0.131532
0.131203
0.131040
0.131053
0.130780
0.130308
0.130670
0.129968
0.128833
0.129865
0.130068
0.130883
0.130005
0.132415
0.132448
0.131204
0.132169
0.131429
0.131247
0.131960
0.130463
0.133484
0.132712
0.126293
0.126512
0.128582
0.126121
0.126159
0.131236
0.128239
0.125879
0.125490
0.127055
0.125605
0.132196
0.131798
0.132209
0.131171
0.132700
0.132551
0.131717
0.132516
0.132691
0.130587
0.132373
0.131445
0.130505
0.130810
0.131721
0.132135
0.130776
0.131320
0.130892
0.130408
0.129849
0.129838
0.129700
0.127690
0.126790
0.130534
0.128784
0.128635
0.128893
0.124300
0.124646
0.130888
0.129834
0.130136
0.130424
0.130357
0.131340
0.130409
0.130136
0.130074
0.129887
0.130825
0.132466
0.129108
0.131331
0.131289
0.132691
0.130027
0.129960
0.130051
0.130099
0.129285
0.129700
0.128961
0.128514
0.106579
0.108458
0.108161
0.104512
0.103227
0.103611
0.102086
0.100470
0.098817
0.097377
0.098975
0.099519
0.098809
0.095716
0.099314
0.098357
0.101859
0.103365
0.103222
0.101673
0.103357
0.103630
0.102683
0.102426
0.102496
0.100522
0.104162
0.103881
0.104510
0.103450
0.103659
0.104706
0.103166
0.104275
0.104431
0.104236
0.104982
0.107136
0.106355
0.107049
0.107439
0.106077
0.106326
0.104113
0.105329
0.105089
0.105837
0.104600
0.106983
0.105971
0.105715
0.107118
0.103541
0.105268
0.104283
0.103488
0.102904
0.103136
0.107851
0.104625
0.106601
0.106714
0.104881
0.107755
0.107419
0.107654
0.105726
0.108464
0.104769
0.108758
0.106916
0.105361
0.107129
0.105980
0.106083
0.106018
0.106123
0.110309
0.105711
0.105988
0.106854
0.111457
0.110855
0.111012
0.112214
0.111621
0.112963
0.112111
0.111494
0.110309
0.111076
0.110163
0.110330
0.109885
0.110747
0.110158
0.111598
0.111884
0.112293
0.112434
0.112754
0.112438
0.113187
0.112623
0.113474
0.112498
0.113210
0.112783
0.113496
0.113302
0.110123
0.109728
0.109869
0.113038
0.113319
0.109668
0.111116
0.109512
0.111796
0.112205
0.113172
0.112941
0.113213
0.113187
0.114505
0.113686
0.112928
0.114008
0.114188
0.114210
0.114001
0.114012
0.113023
0.113304
0.114199
0.114483
0.113380
0.113262
0.114524
0.114268
0.114369
0.113473
0.114020
0.113833
0.114801
0.115220
0.115426
0.115512
0.116386
0.116379
0.117018
0.116701
0.117684
0.116724
0.116987
0.115621
0.115572
0.114482
0.115448
0.115435
0.114941
0.115880
0.116086
0.117087
0.118413
0.117300
0.117137
0.117706
0.117963
0.119086
0.116483
0.117135
0.117015
0.118401
0.118306
0.121782
0.121525
0.118901
0.119885
0.118659
0.120382
0.120258
0.120537
0.120550
0.119315
0.118956
0.117760
0.119208
0.119194
0.119296
0.117536
0.121229
0.120540
0.120269
0.121081
0.119749
0.119981
0.120542
0.123070
0.123101
0.124561
0.122642
0.123418
0.125759
0.125118
0.124618
0.125764
0.125595
0.126025
0.126719
0.126609
0.159344
0.159223
0.158444
0.162754
0.161531
0.160861
0.157526
0.162475
0.159903
0.162455
0.160785
0.161274
0.160447
0.162900
0.159071
0.160688
0.158819
0.156933
0.156390
0.156695
0.155690
0.156587
0.156839
0.156251
0.156854
0.157645
0.155103
0.156695
0.144171
0.156298
0.142378
0.146180
0.156095
0.157815
0.156480
0.156127
0.156170
0.155988
0.153297
0.155036
0.153870
0.155574
0.154177
0.148981
0.147332
0.143701
0.142059
0.143566
0.142013
0.142910
0.145722
0.143678
0.143309
0.145511
0.143693
0.143249
0.144405
0.144332
0.144281
0.144366
0.143812
0.143790
0.145572
0.144818
0.143819
0.144353
0.143830
0.154590
0.157249
0.132663
0.132970
0.131540
0.130784
0.131506
0.130349
0.130813
0.131951
0.138683
0.125451
0.138162
0.131436
0.137099
0.136352
0.137759
0.137897
0.129784
0.129716
0.129796
0.129761
0.129937
0.131224
0.137349
0.131652
0.142927
0.142147
0.138769
0.135964
0.135357
0.136076
0.130059
0.140249
0.138913
0.130543
0.136230
0.131353
0.136735
0.128239
0.132035
0.130009
0.129371
0.120239
0.120222
0.123047
0.121064
0.120677
0.130842
0.129826
0.129863
0.136697
0.130909
0.131141
0.129787
0.131484
0.130147
0.130530
0.131781
0.130393
0.132226
0.127921
0.131639
0.131117
0.131402
0.130416
0.130751
0.130301
0.131071
0.131056
0.131837
0.132453
0.131634
0.130488
0.131690
0.132048
0.131887
0.130361
0.133761
0.133173
0.133527
0.129253
0.133476
0.132485
0.142372
0.132669
0.141459
0.139825
0.141146
0.134932
0.138042
0.134420
0.133648
0.143893
0.133855
0.133257
0.135092
0.134278
0.134261
0.132764
0.134126
0.134064
0.133477
0.133218
0.134069
0.133709
0.134180
0.134702
0.134041
0.133770
0.133230
0.133137
0.133309
0.132974
0.131266
0.126993
0.125615
0.124014
0.124886
0.129525
0.132745
0.135788
0.141796
0.147845
0.150235
0.165272
0.175212
0.187839
0.196216
0.209482
0.216228
0.213156
0.229029
0.235275
0.225431
0.226880
0.225055
0.225270
0.225424
0.223357
0.219813
0.219505
0.227099
0.227643
0.228505
0.229186
0.225449
0.225655
0.227179
0.230337
0.226822
0.228874
0.227163
0.229128
0.228170
0.228351
0.228020
0.229215
0.228347
0.227825
0.230607
0.230787
0.230637
0.228707
0.229981
0.229864
0.228081
0.227684
0.228687
0.231058
0.228541
0.228096
0.224962
0.229070
0.228526
0.227959
0.225782
0.225860
0.224253
0.228433
0.226860
0.230077
0.229390
0.226941
0.224204
0.227536
0.227882
0.227610
0.225705
0.225180
0.225857
0.227844
0.225111
0.228163
0.227460
0.224166
0.227394
0.227116
0.227655
0.227003
0.226143
0.219721
0.220182
0.219156
0.210273
0.208524
0.224493
0.225140
0.227362
0.227311
0.224418
0.224771
0.224758
0.224712
0.229278
0.229837
0.226161
0.229780
0.227916
0.230291
0.229898
0.228527
0.222521
0.221552
0.222127
0.222396
0.222752
0.227146
0.222590
0.230223
0.223562
0.222859
0.226248
0.224158
0.224378
0.228615
0.229469
0.231354
0.231764
0.230404
0.228774
0.222558
0.229549
0.220926
0.229322
0.227383
0.230178
0.229678
0.231849
0.229455
0.222210
0.207364
0.229022
0.231802
0.232469
0.231020
0.231436
0.206074
0.205679
0.206129
0.205185
0.231451
0.234543
0.232700
0.233882
0.235039
0.232952
0.236997
0.236208
0.236794
0.235698
0.235940
0.237006
0.236480
0.236186
0.236014
0.236613
0.235641
0.235461
0.235875
0.235974
0.236719
0.236581
0.237565
0.237490
0.237715
0.237609
0.235870
0.237281
0.237800
0.232650
0.237839
0.236915
0.230968
0.204653
0.205605
0.210895
0.210581
0.211176
0.210018
0.228039
0.205878
0.213564
0.215221
0.214174
0.213682
0.164086
0.169580
0.173738
0.141301
0.133065
0.144843
0.120501
0.121162
0.117845
0.112939
0.105915
0.115238
0.111333
0.110823
0.111810
0.136839
0.151110
0.151127
0.114271
0.114007
0.114259
0.114817
0.115059
0.113639
0.114228
0.112115
0.113014
0.112685
0.112324
0.141006
0.111667
0.112618
0.112385
0.109879
0.111292
0.111417
0.111401
0.110158
0.113312
0.112555
0.115413
0.113431
0.112006
0.111588
0.112357
0.107711
0.108006
0.112863
0.107227
0.112340
0.112229
0.112328
0.111692
0.111977
0.112903
0.112010
0.111498
0.111228
0.106311
0.106341
0.111726
0.112771
0.112514
0.113866
0.113745
0.113452
0.112571
0.112703
0.113024
0.113106
0.111635
0.111662
0.112374
0.113445
0.112752
0.113746
0.109223
0.111922
0.112093
0.112499
0.112038
0.112061
0.112343
0.112037
0.112658
0.112625
0.112606
0.112567
0.112416
0.113090
0.113217
0.111916
0.113228
0.112665
0.113475
0.113760
0.112555
0.112447
0.112574
0.111748
0.112911
0.112970
0.112752
0.113065
0.112966
0.113244
0.113164
0.113970
0.113208
0.114991
0.113413
0.110664
0.110219
0.114981
0.115120
0.114941
0.108412
0.107202
0.107122
0.109667
0.109573
0.112301
0.110282
0.113039
0.110676
0.110421
0.111818
0.141049
0.140845
0.107635
0.140370
0.140499
0.140480
0.140519
0.113841
0.112802
0.112757
0.112938
0.113097
0.140804
0.155852
0.160833
0.161296
0.157102
0.156416
0.160831
0.160844
0.160811
0.159484
0.157089
0.156819
0.156977
0.155815
0.155833
0.157789
0.160628
0.150009
0.160633
0.161333
0.161758
0.161268
0.161396
0.161123
0.161419
0.162005
0.156514
0.158181
0.149860
0.157024
0.156481
0.160459
0.160202
0.160740
0.160464
0.160693
0.159634
0.159995
0.159791
0.159994
0.159875
0.160056
0.160200
0.155992
0.159886
0.160076
0.160286
0.160217
0.161123
0.159772
0.157231
0.159594
0.159592
0.156140
0.159567
0.159612
0.159897
0.159934
0.159403
0.160005
0.159771
0.156187
0.156229
0.155806
0.160816
0.159729
0.155058
0.160193
0.160077
0.155863
0.155824
0.156062
0.155837
0.160133
0.159956
0.159292
0.155046
0.155297
0.155402
0.159793
0.155630
0.159873
0.155563
0.155418
0.155517
0.156245
0.156492
0.156572
0.157097
0.156852
0.160286
0.161264
0.160076
0.160276
0.160685
0.161348
0.160208
0.160633
0.160307
0.161463
0.159373
0.160178
0.157317
0.156780
0.156732
0.159835
0.160068
0.158828
0.158973
0.156119
0.155267
0.160200
0.158134
0.156340
0.156292
0.156729
0.157232
0.160562
0.156637
0.156496
0.161410
0.155811
0.156404
0.155753
0.155646
0.156158
0.156558
0.161777
0.161128
0.161728
0.157398
0.161253
0.161499
0.161108
0.160934
0.161232
0.161280
0.161116
0.160609
0.161056
0.161210
0.160696
0.160164
0.160349
0.159168
0.156913
0.156908
0.160772
0.159667
0.150939
0.159688
0.159847
0.159510
0.161011
0.159307
0.160276
0.160048
0.160854
0.159256
0.160591
0.159245
0.156792
0.159973
0.159961
0.159678
0.160351
0.160141
0.159746
0.160156
0.160581
0.159408
0.159655
0.161688
0.160626
0.155317
0.156007
0.159567
0.160323
0.159485
0.160071
0.161605
0.160772
0.149513
0.159681
0.159742
0.158623
0.155089
0.156089
0.155279
0.155810
0.157042
0.145705
0.158354
0.159844
0.160651
0.157687
0.153071
0.161388
0.162259
0.160603
0.155844
0.160943
0.156644
0.156640
0.156881
0.156903
0.159362
0.159683
0.159080
0.158439
0.160051
0.159803
0.159937
0.161799
0.162048
0.161172
0.160072
0.156297
0.156718
0.155553
0.156671
0.156140
0.160286
0.160624
0.156757
0.158979
0.153972
0.160671
0.154482
0.159700
0.160388
0.160725
0.154884
0.160267
0.155376
0.155752
0.154434
0.160177
0.156469
0.155367
0.154027
0.155220
0.159344
0.161045
0.156298
0.159461
0.159815
0.158768
0.159653
0.159967
0.159033
0.159206
0.158851
0.156159
0.156873
0.159040
0.158971
0.158879
0.159327
0.160068
0.159169
0.160754
0.157957
0.156682
0.160083
0.157125
0.157110
0.161617
0.161045
0.156732
0.155968
0.155661
0.160353
0.159951
0.160821
0.160723
0.160726
0.158940
0.160301
0.160742
0.160297
0.161328
0.159830
0.159410
0.160560
0.154920
0.158776
0.159104
0.159180
0.159471
0.159796
0.160142
0.159837
0.160084
0.160279
0.159432
0.159522
0.160528
0.159760
0.157213
0.159364
0.157282
0.155959
0.155646
0.157433
0.159652
0.156238
0.159263
0.161358
0.158668
0.156323
0.158015
0.158045
0.158863
0.160513
0.158906
0.159063
0.158978
0.155464
0.157672
0.161164
0.150649
0.148232
0.157505
0.159958
0.154428
0.156451
0.148643
0.159538
0.157124
0.159225
0.159192
0.158703
0.160144
0.158683
0.160574
0.160057
0.160881
0.160309
0.160411
0.160085
0.160126
0.158571
0.159076
0.158936
0.159600
0.158511
0.158432
0.158907
0.159827
0.160185
0.161252
0.160372
0.160235
0.159854
0.160607
0.160407
0.159902
0.159253
0.159334
0.159772
0.160114
0.160117
0.159021
0.159719
0.154923
0.160701
0.160544
0.156132
0.156500
0.160332
0.159633
0.157125
0.157091
0.160678
0.159088
0.160629
0.159449
0.160800
0.160364
0.160408
0.159948
0.159164
0.159543
0.159383
0.160150
0.159910
0.160828
0.159045
0.158767
0.158461
0.159440
0.160168
0.160192
0.160967
0.160224
0.160744
0.161403
0.160601
0.161603
0.161219
0.160990
0.146233
0.161348
0.161821
0.161460
0.157906
0.161430
0.158825
0.158086
0.156994
0.159199
0.157567
0.158194
0.156790
0.157028
0.161773
0.156305
0.155433
0.157061
0.153808
0.157584
0.156112
0.157462
0.155694
0.154802
0.155504
0.157133
0.157085
0.158508
0.155222
0.154920
0.158784
0.158571
0.155430
0.159628
0.157774
0.159096
0.160393
0.160929
0.160100
0.159095
0.159138
0.158849
0.159767
0.160109
0.158885
0.158591
0.158858
0.158538
0.159002
0.158494
0.158324
0.157779
0.157574
0.158051
0.157515
0.156695
0.157828
0.157294
0.159064
0.156008
0.153555
0.160208
0.159058
0.160294
0.161465
0.163218
0.163162
0.161557
0.162026
0.160973
0.157995
0.159476
0.161375
0.160750
0.156753
0.156274
0.158977
0.160468
0.158355
0.161167
0.161134
0.161750
0.160586
0.159967
0.160370
0.159447
0.162317
0.160900
0.159750
0.160000
0.160072
0.160735
0.160960
0.159964
0.161115
0.162613
0.159517
0.159138
0.160533
0.159594
0.159586
0.160331
0.159761
0.159888
0.161045
0.161197
0.160570
0.159763
0.160208
0.159294
0.158514
0.159085
0.161065
0.163164
0.166167
0.173051
0.179891
0.192049
0.201880
0.216179
0.231585
0.252546
0.270593
0.294058
0.317654
0.346359
0.197403
0.197239
0.197518
0.198233
0.197038
0.197011
0.197505
0.197146
0.196443
0.197777
0.196589
0.199074
0.197317
0.196451
0.197115
0.197372
0.197683
0.197595
0.198646
0.196802
0.198883
0.199339
0.195667
0.197695
0.199008
0.196173
0.196125
0.197475
0.197865
0.196725
0.196999
0.195879
0.197668
0.197153
0.196108
0.197082
0.196499
0.197517
0.198998
0.196604
0.199254
0.195984
0.197233
0.199228
0.197568
0.197850
0.199258
0.210535
0.209298
0.197237
0.197788
0.195075
0.195537
0.196372
0.196220
0.198743
0.196489
0.197218
0.197020
0.197698
0.197316
0.198146
0.197283
0.196815
0.195277
0.195826
0.194056
0.196807
0.197341
0.197763
0.196387
0.197941
0.197218
0.199684
0.198168
0.201039
0.198243
0.199781
0.201378
0.197777
0.199131
0.200744
0.199607
0.199353
0.199381
0.201899
0.197175
0.200064
0.199279
0.198550
0.198604
0.198604
0.198718
0.199513
0.199401
0.198523
0.201258
0.198397
0.199696
0.198404
0.197488
0.198776
0.199797
0.198651
0.199655
0.199367
0.200170
0.198744
0.196972
0.201358
0.198075
0.199136
0.199171
0.198907
0.197820
0.207802
0.230477
0.266395
0.314963
0.374269
