0.336049
0.336083
0.309766
0.280602
0.251869
0.228561
0.212222
0.207769
0.195399
0.190448
0.184794
0.177791
0.175913
0.176614
0.176218
0.179162
0.177283
0.174584
0.177500
0.177928
0.175310
0.176196
0.174481
0.174150
0.174342
0.174033
0.174478
0.173742
0.174190
0.175552
0.170405
0.173985
0.177515
0.177598
0.171800
0.174991
0.174543
0.175841
0.172282
0.171103
0.169657
0.170354
0.172021
0.169012
0.171947
0.171060
0.172987
0.173846
0.175708
0.147843
0.142562
0.143193
0.145278
0.142181
0.141842
0.140586
0.137773
0.143397
0.143957
0.144272
0.143530
0.146980
0.147076
0.147075
0.145040
0.146735
0.145906
0.146666
0.146210
0.145575
0.142351
0.142780
0.142883
0.142270
0.143378
0.144614
0.143055
0.144827
0.140852
0.142101
0.142526
0.143591
0.143777
0.141920
0.142523
0.144083
0.143245
0.144489
0.144380
0.146146
0.144362
0.144059
0.144042
0.143027
0.141531
0.141847
0.144522
0.146214
0.142861
0.144029
0.147375
0.144565
0.172545
0.173244
0.146722
0.173549
0.143230
0.174333
0.146821
0.170941
0.171285
0.174083
0.173350
0.173261
0.172840
0.173972
0.174063
0.173437
0.173253
0.173463
0.175628
0.175038
0.173925
0.174162
0.173542
0.174425
0.173430
0.173719
0.173207
0.173784
0.174754
0.153301
0.152046
0.154430
0.154270
0.174756
0.175399
0.175462
0.174041
0.175116
0.176078
0.173000
0.176299
0.172688
0.154451
0.173214
0.173448
0.172785
0.144697
0.140929
0.141882
0.146876
0.153845
0.153632
0.153807
0.154323
0.151711
0.154524
0.154304
0.154808
0.155879
0.163657
0.155875
0.155028
0.164740
0.134435
0.130235
0.132367
0.144681
0.153620
0.153429
0.159226
0.160438
0.170250
0.182564
0.160459
0.137843
0.138583
0.135759
0.127702
0.143436
0.124563
0.124396
0.102670
0.117436
0.101738
0.116319
0.113800
0.104889
0.122163
0.122208
0.140533
0.138060
0.127896
0.130205
0.139782
0.140612
0.119848
0.126061
0.118095
0.137240
0.135204
0.120991
0.140748
0.132919
0.132374
0.137969
0.130214
0.153318
0.121277
0.133933
0.131300
0.140496
0.165451
0.170193
0.141120
0.147809
0.149023
0.131568
0.145345
0.153274
0.134125
0.136908
0.146833
0.144052
0.144844
0.140417
0.138274
0.135014
0.143728
0.146568
0.145632
0.147969
0.135793
0.132993
0.136094
0.129834
0.126246
0.131377
0.132052
0.131445
0.126579
0.129023
0.128920
0.141590
0.138771
0.139163
0.127961
0.128024
0.129610
0.135927
0.131891
0.140127
0.139487
0.138305
0.140118
0.125427
0.111523
0.112559
0.129331
0.130310
0.127146
0.139872
0.114490
0.114640
0.152421
0.147999
0.146451
0.142940
0.134326
0.140550
0.136257
0.139889
0.125669
0.125696
0.122868
0.123606
0.119768
0.125752
0.126150
0.130244
0.130228
0.124971
0.111049
0.111119
0.107842
0.107880
0.106970
0.128022
0.126979
0.127838
0.117293
0.116650
0.114837
0.131067
0.123533
0.126299
0.113244
0.104242
0.107650
0.116261
0.111957
0.106139
0.124452
0.125282
0.124270
0.123007
0.118887
0.136973
0.136105
0.134798
0.127759
0.129726
0.128327
0.131489
0.121287
0.120088
0.123296
0.126622
0.133506
0.125731
0.129447
0.125624
0.150140
0.152531
0.151963
0.144700
0.139095
0.135157
0.137586
0.139383
0.136780
0.135463
0.134596
0.135403
0.134737
0.133369
0.121028
0.135135
0.133862
0.132460
0.136503
0.140961
0.139155
0.134943
0.137064
0.133640
0.132706
0.142793
0.144932
0.142688
0.139689
0.141645
0.140232
0.146728
0.123886
0.130361
0.130958
0.141071
0.128113
0.127042
0.128540
0.126522
0.132137
0.130504
0.130792
0.122145
0.122336
0.140074
0.146415
0.142619
0.145930
0.117076
0.130991
0.118616
0.159262
0.161505
0.162194
0.161629
0.120757
0.125482
0.124685
0.125616
0.124741
0.129061
0.123669
0.126231
0.121397
0.122678
0.113304
0.113624
0.113314
0.123127
0.122865
0.128443
0.129271
0.132418
0.131938
0.129976
0.130077
0.135141
0.131697
0.132202
0.117160
0.114054
0.148522
0.104639
0.092358
0.087033
0.093222
0.086417
0.077960
0.079718
0.073097
0.086344
0.077769
0.075690
0.078865
0.081204
0.076302
0.085391
0.084206
0.085546
0.086743
0.086464
0.086109
0.087462
0.092980
0.090926
0.090208
0.087520
0.087352
0.085204
0.087851
0.090692
0.084310
0.084968
0.087109
0.087210
0.088191
0.088499
0.088594
0.095110
0.088348
0.089767
0.088667
0.089556
0.086973
0.087241
0.088674
0.089107
0.090293
0.088154
0.095485
0.093053
0.091056
0.090663
0.087477
0.087558
0.087687
0.088260
0.088425
0.102642
0.096916
0.099584
0.104116
0.102701
0.102684
0.102578
0.100894
0.102879
0.101979
0.100479
0.099076
0.100116
0.100470
0.100506
0.104047
0.102913
0.104300
0.091597
0.091058
0.103819
0.103730
0.099673
0.101606
0.100438
0.092191
0.101505
0.101701
0.092703
0.093516
0.095630
0.102657
0.093727
0.100252
0.091996
0.093062
0.093387
0.092892
0.101045
0.102037
0.101832
0.101350
0.102816
0.100722
0.102938
0.100966
0.099093
0.100903
0.101484
0.100359
0.099420
0.102707
0.098992
0.100841
0.073496
0.075784
0.063705
0.066394
0.089680
0.087009
0.092543
0.093485
0.080563
0.077880
0.077298
0.082798
0.074336
0.073224
0.073441
0.073276
0.072439
0.073896
0.085990
0.089513
0.049925
0.091901
0.102635
0.109289
0.057686
0.060695
0.064111
0.102891
0.107651
0.110531
0.079856
0.105419
0.150294
0.136223
0.157467
0.099191
0.129380
0.103746
0.107146
0.135932
0.139379
0.138351
0.139476
0.109713
0.109363
0.108055
0.138940
0.139140
0.141184
0.140490
0.143119
0.141294
0.138614
0.140721
0.141785
0.142180
0.141855
0.140543
0.140848
0.142933
0.142552
0.141348
0.143004
0.138105
0.137449
0.140322
0.137727
0.142980
0.143034
0.142403
0.139899
0.140381
0.141044
0.138510
0.139432
0.139603
0.139757
0.141754
0.140914
0.140345
0.140712
0.141522
0.142650
0.142186
0.141142
0.141379
0.141264
0.141982
0.142030
0.141834
0.141742
0.141951
0.142030
0.141876
0.142818
0.140692
0.141055
0.140544
0.141342
0.140154
0.140715
0.138322
0.138746
0.139477
0.140756
0.137934
0.138607
0.136689
0.123086
0.109189
0.102755
0.121641
0.110043
0.082198
0.096324
0.090852
0.086997
0.082712
0.079446
0.079586
0.078382
0.080257
0.078084
0.071192
0.066609
0.068526
0.072792
0.070633
0.067381
0.069474
0.065331
0.067398
0.067112
0.067088
0.067000
0.067358
0.067039
0.067120
0.066278
0.066545
0.066340
0.065758
0.062630
0.066032
0.062816
0.062339
0.065518
0.061501
0.063724
0.064432
0.065279
0.064722
0.064527
0.064466
0.065405
0.064716
0.064905
0.065097
0.065290
0.065987
0.065218
0.065719
0.066155
0.067498
0.064053
0.066659
0.065984
0.064030
0.062220
0.061567
0.062210
0.066177
0.063172
0.065564
0.065923
0.064189
0.063926
0.065039
0.063515
0.065016
0.065415
0.063247
0.064418
0.064883
0.063910
0.063727
0.062241
0.066051
0.063551
0.061747
0.059340
0.064007
0.064358
0.063969
0.062412
0.064940
0.063346
0.063207
0.063879
0.064280
0.063534
0.062705
0.061253
0.063339
0.062755
0.064542
0.064511
0.063822
0.064105
0.063691
0.061080
0.062005
0.061678
0.061622
0.063819
0.059506
0.061036
0.061574
0.064402
0.062501
0.063064
0.062101
0.061281
0.061867
0.060076
0.061511
0.062045
0.062483
0.063695
0.063364
0.065693
0.062672
0.062754
0.062863
0.062989
0.063146
0.062880
0.060757
0.062957
0.061275
0.061346
0.061072
0.061872
0.062785
0.061361
0.061558
0.061531
0.059656
0.062890
0.058474
0.056148
0.053922
0.052673
0.058224
0.058801
0.056875
0.055866
0.057502
0.056539
0.055199
0.058303
0.057835
0.055678
0.055732
0.058987
0.057112
0.053379
0.057167
0.056440
0.057800
0.056536
0.056975
0.056441
0.058174
0.051855
0.056454
0.058894
0.056486
0.055932
0.058259
0.057489
0.054495
0.056835
0.055961
0.049211
0.051954
0.050769
0.056072
0.053178
0.041553
0.053145
0.050434
0.054372
0.053586
0.053289
0.049567
0.048170
0.047966
0.048087
0.046956
0.055194
0.053461
0.047833
0.054413
0.051280
0.048350
0.045448
0.046442
0.042512
0.041999
0.042786
0.038891
0.040308
0.039952
0.042660
0.041408
0.041362
0.037010
0.038611
0.039528
0.037004
0.042083
0.036415
0.039454
0.034539
0.033512
0.034872
0.034548
0.034190
0.033993
0.034410
0.034276
0.034409
0.034440
0.034812
0.034124
0.034876
0.034080
0.033935
0.034787
0.035304
0.034423
0.035167
0.034708
0.034652
0.034599
0.033933
0.043734
0.043521
0.042867
0.042169
0.042635
0.042635
0.042567
0.042755
0.042582
0.042893
0.041742
0.042849
0.043017
0.042799
0.042987
0.042773
0.042613
0.042853
0.042818
0.042464
0.042003
0.041881
0.042735
0.042485
0.042639
0.042260
0.042035
0.042977
0.042323
0.042299
0.042557
0.042566
0.041957
0.042514
0.041405
0.042238
0.042236
0.042719
0.042708
0.042470
0.042782
0.042431
0.041995
0.042890
0.042361
0.042809
0.041144
0.041920
0.041771
0.043512
0.042126
0.043058
0.042487
0.039887
0.040148
0.040327
0.039957
0.040329
0.040329
0.040564
0.039772
0.040251
0.042424
0.041728
0.039989
0.040071
0.039473
0.041888
0.039898
0.041688
0.039433
0.039932
0.039008
0.039282
0.039051
0.039533
0.039405
0.041934
0.039476
0.039219
0.038623
0.041535
0.040333
0.039174
0.039872
0.039226
0.040798
0.041105
0.041035
0.039624
0.039311
0.041629
0.040059
0.041464
0.039318
0.039327
0.039923
0.040223
0.041022
0.041060
0.041989
0.040895
0.040748
0.041307
0.042621
0.032049
0.035711
0.031437
0.031311
0.031934
0.034859
0.038513
0.037012
0.038649
0.037438
0.037139
0.035553
0.034892
0.035085
0.036929
0.035566
0.033692
0.036005
0.032918
0.033193
0.040669
0.042428
0.038588
0.042055
0.042208
0.040469
0.040763
0.039434
0.041923
0.040867
0.038685
0.041560
0.041296
0.043256
0.043556
0.035177
0.032478
0.036482
0.038865
0.035388
0.036109
0.039690
0.040800
0.037708
0.037952
0.038097
0.037759
0.037848
0.037582
0.035754
0.035743
0.036714
0.036698
0.036088
0.035084
0.032933
0.034120
0.032059
0.031813
0.034765
0.030739
0.031395
0.032154
0.032346
0.032164
0.035160
0.036500
0.037342
0.038456
0.034143
0.036661
0.034084
0.036577
0.038798
0.036894
0.041392
0.039888
0.040367
0.039903
0.038537
0.038248
0.039271
0.039233
0.038343
0.035760
0.040371
0.039396
0.039267
0.039594
0.040148
0.039578
0.041543
0.041953
0.042177
0.042480
0.041209
0.039159
0.041355
0.040893
0.042865
0.043336
0.040187
0.042534
0.036208
0.037486
0.040292
0.040088
0.041358
0.045101
0.043891
0.043029
0.043014
0.042864
0.042103
0.046153
0.043737
0.045010
0.041000
0.046058
0.046762
0.051073
0.053791
0.039086
0.039407
0.035932
0.037215
0.034936
0.041379
0.033935
0.033512
0.039717
0.039074
0.038112
0.037661
0.038848
0.039713
0.038961
0.046182
0.040678
0.041189
0.041514
0.042093
0.042214
0.043600
0.038524
0.040210
0.041260
0.041973
0.043243
0.041017
0.041653
0.042586
0.041952
0.041378
0.038489
0.038399
0.037077
0.033203
0.034262
0.037166
0.043485
0.045181
0.047394
0.046039
0.044385
0.045034
0.044412
0.044044
0.045162
0.044359
0.047094
0.043658
0.044662
0.051887
0.044141
0.040102
0.042050
0.033626
0.158075
0.158571
0.158429
0.158031
0.159925
0.156933
0.157601
0.156860
0.159871
0.154291
0.158296
0.157053
0.159278
0.155913
0.154585
0.154927
0.157283
0.155406
0.152596
0.108113
0.121104
0.123419
0.102582
0.122069
0.105312
0.101880
0.098441
0.094458
0.103108
0.098166
0.109542
0.104591
0.102564
0.107500
0.103067
0.110289
0.104372
0.107715
0.108985
0.102182
0.102276
0.101974
0.102909
0.135928
0.129911
0.099896
0.104297
0.105393
0.102160
0.093904
0.096151
0.105754
0.106007
0.104329
0.111597
0.153247
0.102548
0.102664
0.105254
0.103771
0.103443
0.106262
0.099902
0.106039
0.112049
0.100381
0.099945
0.098942
0.106883
0.097939
0.098075
0.108387
0.108189
0.107790
0.096753
0.137727
0.108850
0.109624
0.098407
0.111232
0.100489
0.098617
0.104132
0.101102
0.092491
0.093046
0.092570
0.088651
0.115604
0.114922
0.125222
0.087462
0.114461
0.118488
0.117302
0.117672
0.121816
0.115311
0.109760
0.118554
0.097702
0.107189
0.088529
0.089481
0.083974
0.101883
0.131961
0.120207
0.128253
0.157662
0.105244
0.122368
0.108968
0.104929
0.118069
0.144819
0.115342
0.140360
0.113616
0.117068
0.128968
0.122166
0.129278
0.112865
0.070530
0.057525
0.037246
0.067673
0.066738
0.065950
0.066593
0.067928
0.095701
0.095109
0.066421
0.067155
0.068289
0.069379
0.068975
0.071296
0.069516
0.089658
0.070564
0.068515
0.091402
0.089883
0.070172
0.078786
0.086106
0.087854
0.090156
0.072017
0.070267
0.069025
0.059819
0.067183
0.064226
0.062157
0.061487
0.062284
0.056237
0.056877
0.055938
0.051003
0.044327
0.041600
0.030140
0.036039
0.031292
0.030064
0.030121
0.032326
0.048874
0.037441
0.036709
0.037042
0.037194
0.037952
0.036547
0.035375
0.036005
0.035485
0.034477
0.034099
0.033965
0.033469
0.036402
0.036247
0.036368
0.035872
0.036266
0.036571
0.038565
0.037422
0.038960
0.037655
0.038728
0.040078
0.037857
0.037767
0.039236
0.039317
0.037142
0.034914
0.034565
0.034914
0.033714
0.036358
0.037534
0.037132
0.040138
0.042250
0.042734
0.041682
0.041577
0.041014
0.041451
0.040824
0.040323
0.039994
0.039751
0.039821
0.040024
0.039346
0.039746
0.040151
0.040577
0.040783
0.041417
0.041239
0.042530
0.045471
0.049097
0.043651
0.045270
0.044178
0.045281
0.045591
0.046437
0.048227
0.047356
0.048341
0.048379
0.048051
0.047778
0.049060
0.050171
0.044860
0.044698
0.044416
0.042349
0.041274
0.040788
0.041505
0.040423
0.040600
0.037798
0.038101
0.038821
0.038199
0.038117
0.038320
0.038076
0.038059
0.038379
0.036440
0.038754
0.038126
0.036331
0.035693
0.039669
0.071797
0.070747
0.069330
0.081911
0.080388
0.080675
0.074068
0.073303
0.070004
0.069337
0.073843
0.075088
0.077583
0.075714
0.075000
0.075523
0.077335
0.075317
0.072059
0.075234
0.072957
0.073811
0.077499
0.071304
0.073922
0.073504
0.073802
0.074408
0.072584
0.072749
0.070823
0.075856
0.073846
0.071367
0.071854
0.073633
0.078734
0.073651
0.076511
0.073234
0.077600
0.072962
0.073903
0.074767
0.079929
0.069701
0.070750
0.072103
0.075760
0.072983
0.069803
0.071111
0.073494
0.072149
0.073819
0.071154
0.071785
0.070367
0.073038
0.075466
0.075677
0.072518
0.073083
0.069819
0.073909
0.073121
0.072586
0.069536
0.078191
0.073427
0.071640
0.072734
0.071541
0.073730
0.072859
0.074559
0.074099
0.074323
0.074394
0.082262
0.074398
0.077196
0.076300
0.076432
0.073143
0.076158
0.074729
0.075640
0.076986
0.076550
0.076490
0.074585
0.077182
0.078391
0.074759
0.073143
0.074871
0.074398
0.074552
0.072827
0.077391
0.071912
0.071820
0.074565
0.074175
0.073852
0.075296
0.074038
0.073908
0.071300
0.074485
0.075643
0.075364
0.076026
0.076261
0.075228
0.075252
0.074485
0.074796
0.074668
0.076158
0.074928
0.078273
0.076237
0.076015
0.076843
0.075228
0.076462
0.077176
0.078031
0.077897
0.076972
0.077521
0.077622
0.077416
0.075904
0.076988
0.073083
0.076995
0.078518
0.072323
0.073054
0.072462
0.072698
0.078609
0.074183
0.072265
0.072227
0.073105
0.075942
0.076036
0.075308
0.076101
0.076130
0.075891
0.076627
0.077637
0.076432
0.075537
0.077333
0.077931
0.075813
0.075491
0.074248
0.074229
0.074758
0.074715
0.074528
0.106834
0.107636
0.111849
0.103534
0.106403
0.104923
0.106821
0.105067
0.106485
0.107311
0.108908
0.104168
0.105931
0.106236
0.105538
0.104520
0.106439
0.101992
0.105273
0.105562
0.107271
0.103293
0.102247
0.104149
0.102385
0.097314
0.101580
0.101663
0.096652
0.099584
0.101978
0.098754
0.102081
0.100909
0.102255
0.106996
0.102055
0.095076
0.095281
0.094666
0.094080
0.113851
0.104456
0.118916
0.095261
0.109558
0.111809
0.099709
0.095367
0.095507
0.095653
0.104393
0.097585
0.099223
0.106203
0.110544
0.099578
0.098566
0.097603
0.096170
0.101124
0.099176
0.099640
0.098322
0.101617
0.102269
0.102043
0.101956
0.102315
0.101124
0.100727
0.102846
0.104040
0.102175
0.099441
0.099607
0.099377
0.098758
0.098461
0.098150
0.098346
0.098409
0.098396
0.102480
0.099079
0.098854
0.097676
0.100254
0.097495
0.098758
0.096662
0.097539
0.096588
0.098480
0.100861
0.102425
0.099230
0.102055
0.100111
0.102989
0.101264
0.099839
0.101546
0.101949
0.100810
0.099946
0.099026
0.100169
0.098908
0.098467
0.098412
0.100025
0.101123
0.099917
0.100260
0.100801
0.098936
0.101148
0.099923
0.097742
0.100367
0.101569
0.099573
0.095667
0.096273
0.097278
0.097824
0.096296
0.096476
0.099231
0.099749
0.099377
0.100660
0.100712
0.100453
0.100310
0.099644
0.101572
0.097042
0.094582
0.097531
0.097656
0.100264
0.099006
0.095882
0.096246
0.095494
0.094975
0.097338
0.098670
0.099788
0.100099
0.101880
0.097119
0.101769
0.097764
0.100919
0.099008
0.100009
0.097018
0.096106
0.096306
0.096319
0.094934
0.095614
0.096076
0.095659
0.096529
0.099669
0.106743
0.105739
0.104456
0.106658
0.096817
0.095594
0.094066
0.095158
0.096109
0.095249
0.096031
0.096569
0.095632
0.095020
0.096624
0.096650
0.097236
0.098442
0.097611
0.101932
0.102996
0.097044
0.101020
0.095817
0.102097
0.100320
0.097742
0.100623
0.101917
0.096487
0.095019
0.095811
0.098083
0.096397
0.106006
0.096662
0.097975
0.103139
0.095354
0.097331
0.097783
0.096677
0.095080
0.097312
0.099829
0.101636
0.099311
0.099406
0.099856
0.097732
0.097807
0.096760
0.096907
0.101838
0.101495
0.102859
0.104190
0.100638
0.102908
0.105488
0.102381
0.102977
0.109004
0.106852
0.097328
0.099440
0.098503
0.097574
0.097446
0.097623
0.097269
0.098370
0.097297
0.108277
0.099515
0.095874
0.096883
0.097171
0.098071
0.096482
0.106831
0.107510
0.097699
0.096690
0.099267
0.095086
0.099626
0.101721
0.105573
0.097258
0.096704
0.098437
0.096602
0.099082
0.099938
0.097403
0.099897
0.100790
0.097774
0.099196
0.096985
0.098915
0.098833
0.097173
0.096045
0.095651
0.096916
0.095762
0.094389
0.101756
0.094994
0.094056
0.093798
0.095385
0.095349
0.099824
0.095675
0.101030
0.096095
0.092313
0.098862
0.097197
0.100699
0.095751
0.090132
0.096885
0.096443
0.097209
0.097235
0.096903
0.096657
0.097011
0.098586
0.099232
0.103392
0.097511
0.103092
0.095571
0.094179
0.103108
0.097291
0.099318
0.102493
0.041513
0.040479
0.040324
0.040391
0.041476
0.040846
0.046129
0.045686
0.046895
0.047663
0.047783
0.043440
0.044473
0.044037
0.043215
0.045399
0.051317
0.048832
0.049202
0.045154
0.061982
0.060854
0.061902
0.049504
0.053476
0.051523
0.060369
0.059477
0.055192
0.066357
0.072878
0.075564
0.086244
0.090615
0.109595
0.115212
0.136693
0.137605
0.136662
0.142834
0.143057
0.152126
0.151976
0.157247
0.157041
0.151651
0.142397
0.163697
0.161788
0.159315
0.147575
0.150841
0.160485
0.155537
0.144802
0.140803
0.142306
0.168702
0.147344
0.150123
0.129336
0.147279
0.133412
0.150473
0.131261
0.127150
0.133580
0.121193
0.121803
0.124163
0.140005
0.127769
0.130075
0.136605
0.117372
0.113601
0.111521
0.103509
0.106226
0.100759
0.100513
0.097995
0.091025
0.102382
0.098165
0.100044
0.092170
0.093491
0.091529
0.091799
0.089947
0.088459
0.089352
0.088972
0.085435
0.086360
0.085605
0.083826
0.085065
0.091538
0.086278
0.079869
0.086285
0.082810
0.085278
0.084995
0.089723
0.083263
0.081540
0.089450
0.082696
0.081988
0.087309
0.088405
0.082379
0.083210
0.081220
0.083709
0.088454
0.088537
0.090479
0.090465
0.087939
0.091079
0.089224
0.093598
0.096327
0.096126
0.098297
0.101578
0.103145
0.098551
0.099879
0.100127
0.097659
0.099738
0.100036
0.103159
0.101842
0.112096
0.106979
0.103736
0.099188
0.100791
0.101181
0.098199
0.098255
0.097343
0.097744
0.096638
0.096814
0.095634
0.094927
0.094552
0.093407
0.093392
0.092051
0.092032
0.092762
0.086034
0.035484
0.035971
0.027687
0.028223
0.035869
0.035938
0.034213
0.034999
0.029617
0.035384
0.034179
0.033986
0.033825
0.034813
0.034766
0.035813
0.035435
0.035312
0.035340
0.035194
0.036458
0.036467
0.034825
0.034626
0.034714
0.034535
0.034805
0.034999
0.035166
0.034887
0.034752
0.034861
0.034688
0.034738
0.034283
0.033967
0.033981
0.025566
0.026178
0.025877
0.034403
0.033460
0.033973
0.032618
0.034465
0.034070
0.033860
0.034729
0.034735
0.033803
0.033960
0.034235
0.034187
0.034530
0.034800
0.034900
0.035180
0.034831
0.035034
0.035053
0.035132
0.034720
0.034861
0.034605
0.035915
0.035108
0.035119
0.035216
0.034665
0.036263
0.035761
0.036092
0.036220
0.058042
0.059420
0.055620
0.056734
0.055581
0.055389
0.055627
0.056717
0.058392
0.052854
0.055076
0.061653
0.056129
0.057843
0.057297
0.055285
0.052994
0.054268
0.052673
0.053810
0.052397
0.053732
0.053217
0.051528
0.053902
0.052515
0.048979
0.051722
0.051138
0.051649
0.052551
0.052984
0.054865
0.052763
0.054184
0.054187
0.053437
0.054077
0.055853
0.055224
0.052388
0.053579
0.055938
0.052266
0.053877
0.054420
0.056889
0.056972
0.055877
0.056093
0.056843
0.052862
0.057225
0.057532
0.055873
0.056573
0.055383
0.055951
0.058148
0.060540
0.059345
0.057961
0.058774
0.055339
0.056804
0.057890
0.059044
0.056355
0.056423
0.055605
0.054665
0.056972
0.056727
0.057789
0.058495
0.058358
0.056894
0.056080
0.056656
0.055733
0.054186
0.053692
0.053684
0.053859
0.053371
0.055166
0.056639
0.058143
0.065140
0.075526
0.074004
0.067652
0.072702
0.082045
0.075840
0.076717
0.076070
0.087547
0.083247
0.076704
0.077917
0.068067
0.074519
0.078632
0.077913
0.078206
0.077467
0.077901
0.085423
0.086689
0.088041
0.077263
0.079698
0.088718
0.089268
0.085836
0.090468
0.080276
0.090191
0.088608
0.089588
0.094264
0.093502
0.092298
0.091003
0.094130
0.096882
0.080239
0.082151
0.092092
0.086968
0.083339
0.086845
0.084453
0.082643
0.085454
0.080710
0.082536
0.085510
0.090390
0.089633
0.089431
0.088641
0.088848
0.089267
0.089527
0.093849
0.088426
0.085729
0.086839
0.085099
0.082492
0.083766
0.083081
0.079546
0.082573
0.090226
0.091992
0.080894
0.079896
0.083656
0.084865
0.083387
0.080451
0.082450
0.083393
0.080238
0.084434
0.083974
0.092106
0.094299
0.098092
0.097911
0.092940
0.093343
0.091757
0.098524
0.099375
0.107214
0.106728
0.097283
0.100194
0.096486
0.096945
0.186207
0.187893
0.189480
0.189503
0.189451
0.189715
0.187069
0.189146
0.189050
0.184743
0.189061
0.188660
0.189716
0.187078
0.187872
0.187849
0.190869
0.190910
0.192387
0.188366
0.187597
0.187757
0.187743
0.187922
0.185161
0.186506
0.185534
0.186536
0.185110
0.186318
0.186513
0.184822
0.185763
0.185752
0.184931
0.186184
0.186988
0.184527
0.185375
0.185921
0.184030
0.184469
0.184210
0.188333
0.183307
0.185520
0.179985
0.182231
0.179013
0.177983
0.178928
0.179343
0.180096
0.180134
0.181097
0.180813
0.180563
0.180059
0.180664
0.180584
0.181300
0.180597
0.181170
0.180754
0.180222
0.180196
0.180344
0.180289
0.182433
0.180306
0.180806
0.180172
0.180245
0.180079
0.179283
0.179002
0.178899
0.179463
0.180841
0.184062
0.177542
0.177333
0.177265
0.179605
0.180097
0.184372
0.185566
0.179295
0.181921
0.183929
0.179483
0.184794
0.007531
0.007245
0.007172
0.007181
0.007310
0.007039
0.006579
0.006281
0.006848
0.006779
0.006707
0.005977
0.005965
0.005544
0.005341
0.005304
0.005061
0.004574
0.004121
0.003848
0.003733
0.003556
0.003296
0.002998
0.002821
0.002553
0.002050
0.001328
0.000939
0.000860
0.000440
0.000000
0.000412
0.001089
0.001252
0.001873
0.002167
0.002352
0.002319
0.002484
0.002579
0.002511
0.002932
0.003107
0.003870
0.004408
0.004788
0.005191
0.006049
0.006198
0.007435
0.008182
0.008586
0.009147
0.009721
0.010076
0.011020
0.011651
0.012277
0.013303
0.013382
0.013623
0.015521
0.017362
0.018654
0.018089
0.018795
0.020090
0.020395
0.021221
0.021668
0.022645
0.024657
0.022641
0.023316
0.024526
0.025792
0.027830
0.027854
0.029444
0.035630
0.030752
0.040795
0.040530
0.037995
0.038429
0.041892
0.042869
0.043709
0.043430
0.045466
0.045875
0.043918
0.047859
0.050038
0.039459
0.043267
0.041324
0.042093
0.043862
0.045557
0.046348
0.047280
0.042641
0.045375
0.044206
0.042252
0.036578
0.036477
0.035519
0.036277
0.037988
0.038465
0.041395
0.040455
0.044774
0.045398
0.048392
0.051764
0.053592
0.054744
0.052507
0.043899
0.053432
0.054783
0.055226
0.044817
0.055888
0.044094
0.054338
0.044762
0.055101
0.054696
0.053355
0.053392
0.054122
0.046811
0.046440
0.054912
0.054403
0.053331
0.055607
0.052296
0.054093
0.054968
0.054744
0.054866
0.047270
0.054218
0.055068
0.046960
0.054764
0.055589
0.054715
0.046651
0.056599
0.055911
0.056833
0.055588
0.056401
0.047458
0.056952
0.057264
0.057726
0.057339
0.057519
0.057594
0.057497
0.058079
0.056564
0.056140
0.058440
0.057594
0.057147
0.057051
0.057034
0.057390
0.056844
0.057776
0.057111
0.052635
0.059246
0.057881
0.057664
0.057932
0.057239
0.058490
0.057373
0.058260
0.058873
0.042575
0.044644
0.049109
0.046396
0.045698
0.045011
0.045078
0.044384
0.043139
0.042822
0.042403
0.039188
0.050681
0.046480
0.044327
0.043954
0.043580
0.044256
0.043491
0.042010
0.042414
0.042817
0.039575
0.040748
0.038795
0.039101
0.042310
0.041048
0.044645
0.044143
0.044139
0.043517
0.044146
0.045166
0.044738
0.044028
0.044688
0.046530
0.047243
0.046644
0.044869
0.045793
0.049860
0.046127
0.054486
0.054570
0.053740
0.055272
0.055889
0.061193
0.062213
0.063446
0.062203
0.065376
0.062721
0.065199
0.064252
0.064786
0.045206
0.043309
0.064393
0.065144
0.064091
0.065270
0.063903
0.063958
0.062492
0.046717
0.043520
0.043053
0.049813
0.049880
0.044904
0.045321
0.054587
0.045019
0.046764
0.043971
0.085325
0.093091
0.087379
0.087721
0.086384
0.085308
0.084747
0.087862
0.091660
0.091635
0.086333
0.086723
0.085173
0.085675
0.085590
0.083634
0.082981
0.083038
0.083648
0.085921
0.086913
0.087287
0.087561
0.089768
0.089960
0.089463
0.090299
0.092701
0.093841
0.089581
0.090352
0.089057
0.089378
0.090902
0.087140
0.086665
0.088152
0.089788
0.092516
0.088495
0.087916
0.087821
0.087835
0.087820
0.089263
0.089111
0.086618
0.088028
0.089644
0.088997
0.085621
0.087031
0.086550
0.086853
0.086753
0.084190
0.084374
0.083518
0.083454
0.083418
0.085757
0.085120
0.087556
0.087436
0.088155
0.087071
0.088111
0.087978
0.088231
0.090924
0.090213
0.088278
0.085081
0.086948
0.087113
0.086964
0.086457
0.076060
0.074079
0.073070
0.075428
0.072148
0.068419
0.064332
0.067697
0.065291
0.064580
0.064593
0.052500
0.062394
0.063105
0.061700
0.062279
0.063155
0.063471
0.060534
0.055474
0.061339
0.054302
0.055202
0.054436
0.055480
0.054592
0.054339
0.060839
0.054117
0.058012
0.056636
0.055728
0.056086
0.051055
0.056802
0.055723
0.057431
0.052858
0.054907
0.054242
0.051726
0.055117
0.056923
0.055703
0.055913
0.050072
0.056294
0.055677
0.056785
0.055441
0.054142
0.055297
0.054295
0.053801
0.053925
0.054848
0.054415
0.054301
0.054762
0.051578
0.054817
0.055767
0.056918
0.045606
0.061925
0.045590
0.045842
0.054422
0.054284
0.053476
0.055879
0.054780
0.055695
0.055849
0.055745
0.044636
0.043596
0.043970
0.044181
0.043915
0.046768
0.044580
0.047303
0.048618
0.047793
0.047728
0.064849
0.057560
0.049416
0.047230
0.048564
0.049871
0.054037
0.058192
0.066469
0.077238
0.092906
0.107758
0.117959
0.116749
0.115765
0.115546
0.114986
0.114910
0.117773
0.114518
0.114503
0.114976
0.115409
0.118966
0.119890
0.119847
0.126790
0.123640
0.118879
0.119679
0.123043
0.117555
0.123704
0.120947
0.120493
0.121171
0.122466
0.120329
0.120530
0.120361
0.116502
0.117035
0.115885
0.119327
0.120801
0.118536
0.121457
0.122494
0.123759
0.122175
0.122208
0.123495
0.122382
0.122553
0.120891
0.122407
0.121776
0.113869
0.120931
0.121398
0.121813
0.122354
0.118903
0.116690
0.120734
0.121053
0.119601
0.120665
0.122076
0.119068
0.121827
0.122423
0.116263
0.120107
0.120211
0.109225
0.111571
0.121842
0.120226
0.118855
0.119868
0.116809
0.116759
0.116650
0.119362
0.114994
0.115877
0.114800
0.113669
0.112042
0.113707
0.112810
0.113847
0.114344
0.112746
0.114843
0.115051
0.112233
0.112086
0.113325
0.113841
0.117448
0.116931
0.118455
0.117923
0.113535
0.117461
0.113219
0.113420
0.115545
0.114950
0.115828
0.117242
0.118064
0.119771
0.117624
0.117754
0.118362
0.116862
0.115429
0.114649
0.116243
0.116528
0.115649
0.115315
0.118740
0.119293
0.120063
0.118843
0.121896
0.119924
0.120078
0.121070
0.119596
0.120566
0.120848
0.120807
0.120297
0.122616
0.120710
0.121540
0.122494
0.120839
0.120116
0.122327
0.119557
0.118109
0.118133
0.117514
0.111793
0.118494
0.118551
0.120397
0.119625
0.117827
0.121784
0.120405
0.120668
0.119978
0.118157
0.120429
0.122728
0.122558
0.124868
0.124497
0.125657
0.127432
0.116720
0.119790
0.117806
0.126721
0.124464
0.125737
0.122487
0.125100
0.123269
0.123008
0.119476
0.118322
0.124230
0.120141
0.122243
0.118661
0.122826
0.122172
0.122864
0.117175
0.116959
0.118691
0.119281
0.120485
0.121046
0.121883
0.121883
0.122217
0.120525
0.121465
0.119478
0.120841
0.117315
0.116846
0.112414
0.116144
0.116102
0.117632
0.117317
0.117075
0.117630
0.118147
0.119427
0.117914
0.117391
0.118027
0.118232
0.117703
0.119959
0.116657
0.118891
0.120177
0.121209
0.120702
0.121813
0.120935
0.121758
0.120678
0.121018
0.120875
0.120377
0.118111
0.118978
0.118335
0.117554
0.118036
0.120109
0.121600
0.122514
0.116581
0.120046
0.124506
0.118132
0.120413
0.122490
0.120570
0.125876
0.126220
0.126139
0.128071
0.126865
0.127253
0.125622
0.122615
0.128684
0.127835
0.129884
0.129071
0.125564
0.125449
0.125634
0.124213
0.124426
0.123583
0.127866
0.122868
0.122609
0.123457
0.122689
0.122369
0.122343
0.121990
0.124047
0.122736
0.122077
0.122837
0.123504
0.124152
0.125501
0.126047
0.124894
0.123680
0.122180
0.123273
0.120410
0.120800
0.120320
0.119525
0.119069
0.119099
0.118373
0.118990
0.118211
0.117787
0.118402
0.118478
0.117702
0.117471
0.116601
0.118500
0.101891
0.101482
0.102212
0.101567
0.102013
0.101460
0.101036
0.101135
0.101647
0.101111
0.101126
0.101390
0.100991
0.100254
0.100165
0.100078
0.100546
0.102342
0.101540
0.101046
0.101953
0.100701
0.101082
0.100976
0.102319
0.100222
0.100317
0.100538
0.101331
0.100972
0.101385
0.101103
0.101046
0.101380
0.101594
0.101544
0.101137
0.101889
0.100531
0.101306
0.100566
0.100464
0.100627
0.101580
0.101756
0.096904
0.101148
0.102116
0.101498
0.101714
0.099813
0.099984
0.099772
0.101017
0.099910
0.100781
0.101167
0.102239
0.102912
0.106261
0.104749
0.105153
0.104891
0.105422
0.105506
0.103971
0.104738
0.104581
0.103349
0.102176
0.102926
0.104470
0.104296
0.103679
0.105213
0.106461
0.105606
0.103798
0.104168
0.107193
0.103423
0.104866
0.104087
0.105558
0.105152
0.103972
0.106425
0.103527
0.105247
0.106917
0.103750
0.103915
0.103873
0.103458
0.103755
0.104788
0.103645
0.105872
0.105065
0.105075
0.106560
0.106214
0.105254
0.104320
0.106364
0.107287
0.106466
0.108392
0.107685
0.108081
0.107748
0.107804
0.106324
0.107158
0.106407
0.105126
0.106488
0.105559
0.105568
0.104857
0.104826
0.103077
0.102952
0.103139
0.103345
0.102626
0.101666
0.102021
0.103509
0.102803
0.103518
0.105644
0.103938
0.104791
0.103977
0.105100
0.104598
0.104343
0.103817
0.104507
0.103796
0.104406
0.103820
0.104224
0.102404
0.103045
0.102434
0.102798
0.102642
0.103139
0.102875
0.104250
0.103996
0.103089
0.103632
0.104934
0.102870
0.103095
0.102791
0.103484
0.103154
0.103081
0.103142
0.103444
0.103501
0.103680
0.103016
0.103552
0.102526
0.102951
0.103039
0.102822
0.103391
0.103548
0.102455
0.104120
0.103534
0.104270
0.103206
0.103159
0.102964
0.103426
0.103481
0.103225
0.103838
0.105628
0.103927
0.103305
0.103332
0.103332
0.102394
0.104229
0.103424
0.103242
0.102247
0.102693
0.102773
0.103696
0.102680
0.102639
0.102032
0.101828
0.099247
0.100003
0.097858
0.098343
0.100271
0.100743
0.100646
0.101185
0.100235
0.101058
0.100782
0.100680
0.100441
0.101084
0.096996
0.100894
0.101059
0.100722
0.100771
0.101005
0.101480
0.101234
0.100310
0.100580
0.100227
0.100387
0.100666
0.100922
0.101159
0.100175
0.099956
0.100367
0.100148
0.100261
0.101099
0.101200
0.101874
0.102565
0.101081
0.099685
0.101288
0.100982
0.100974
0.102087
0.102588
0.102089
0.102717
0.102021
0.100896
0.102841
0.102647
0.102492
0.103511
0.102856
0.104477
0.103168
0.102374
0.103547
0.103016
0.104544
0.104155
0.104666
0.103513
0.103457
0.102530
0.103361
0.102888
0.103904
0.103477
0.103999
0.103513
0.103084
0.102810
0.103168
0.102316
0.102167
0.101817
0.102077
0.101520
0.102197
0.102854
0.102886
0.102022
0.102007
0.101308
0.102470
0.101699
0.101657
0.101531
0.102119
0.101699
0.100959
0.100395
0.101500
0.100634
0.100922
0.100856
0.100883
0.100665
0.100341
0.100169
0.101642
0.100897
0.101223
0.101233
0.101469
0.100143
0.100413
0.100359
0.100815
0.099481
0.100865
0.100763
0.101202
0.100810
0.100706
0.100270
0.101339
0.100433
0.100534
0.100899
0.101632
0.101231
0.101694
0.100466
0.102152
0.099736
0.101573
0.100418
0.100780
0.099229
0.100170
0.099932
0.100296
0.099423
0.098761
0.099767
0.099239
0.098760
0.099213
0.099408
0.099750
0.099252
0.099689
0.100173
0.100095
0.098229
0.099667
0.099598
0.100530
0.099664
0.100222
0.100477
0.100185
0.093898
0.100960
0.099978
0.101578
0.100430
0.099632
0.099692
0.100131
0.101273
0.101585
0.101794
0.100262
0.100922
0.100580
0.100209
0.101291
0.101322
0.100212
0.100104
0.100681
0.100043
0.100099
0.100237
0.100514
0.099422
0.100359
0.099930
0.100433
0.099479
0.100293
0.101699
0.099757
0.099524
0.099848
0.099638
0.098960
0.099886
0.099569
0.100846
0.098858
0.099283
0.099139
0.099981
0.100757
0.100298
0.109064
0.122370
0.140091
0.159706
0.181873
0.205210
0.234532
0.261960
0.303401
