0.084864
0.085134
0.085007
0.085397
0.085542
0.085395
0.086061
0.086352
0.086388
0.086565
0.085663
0.085629
0.085778
0.085889
0.087999
0.085989
0.085769
0.097112
0.096947
0.097019
0.097049
0.096865
0.096759
0.096563
0.096623
0.096510
0.096943
0.096300
0.096601
0.096598
0.096112
0.096402
0.096863
0.097580
0.096753
0.096701
0.096015
0.096408
0.096605
0.096525
0.084589
0.084718
0.084266
0.084305
0.083991
0.084202
0.077765
0.081341
0.079317
0.084544
0.084606
0.084556
0.084576
0.084517
0.084574
0.084492
0.084065
0.084573
0.084547
0.096306
0.084309
0.077612
0.077768
0.079181
0.080004
0.080895
0.081367
0.079744
0.081470
0.084033
0.084566
0.084509
0.084265
0.084005
0.083693
0.084464
0.084194
0.093794
0.079551
0.084550
0.084652
0.084217
0.084052
0.084541
0.084568
0.084103
0.084659
0.084185
0.084788
0.078072
0.083997
0.077594
0.080489
0.077539
0.078615
0.081491
0.084676
0.084464
0.084316
0.096588
0.097276
0.093176
0.096425
0.097024
0.096871
0.096320
0.096373
0.096596
0.097054
0.096536
0.096255
0.097588
0.096613
0.097446
0.096311
0.096698
0.096920
0.093784
0.096839
0.096430
0.097334
0.094139
0.097025
0.093151
0.094180
0.096579
0.096098
0.096277
0.097008
0.096445
0.097118
0.096792
0.097317
0.096635
0.091414
0.096461
0.093305
0.097009
0.096295
0.096908
0.096910
0.096419
0.096946
0.096876
0.096812
0.096592
0.096665
0.096624
0.096804
0.096175
0.096013
0.096694
0.096477
0.097222
0.096790
0.477391
0.477233
0.473859
0.475132
0.467440
0.464146
0.471550
0.471700
0.466483
0.466575
0.468690
0.473871
0.402139
0.419758
0.414443
0.419261
0.416565
0.412199
0.411533
0.411932
0.414211
0.413977
0.414167
0.414150
0.414892
0.414719
0.415378
0.415637
0.414593
0.408807
0.414398
0.401565
0.382706
0.363611
0.179126
0.090724
0.094743
0.094156
0.098571
0.095672
0.097706
0.098545
0.099265
0.096342
0.095802
0.059393
0.075082
0.072659
0.073788
0.088035
0.058815
0.079199
0.084086
0.083102
0.083602
0.084040
0.084946
0.080390
0.083781
0.081486
0.083919
0.081420
0.082938
0.082171
0.441652
0.394739
0.454619
0.439963
0.343512
0.237546
0.196772
0.140872
0.108226
0.119258
0.121370
0.132785
0.099803
0.100956
0.102112
0.107432
0.105909
0.105391
0.105632
0.104351
0.115561
0.094973
0.106267
0.107675
0.109697
0.112571
0.109492
0.110112
0.100812
0.102978
0.101879
0.104077
0.098296
0.111937
0.159477
0.188652
0.191750
0.174420
0.181114
0.175167
0.164200
0.164485
0.163209
0.135956
0.148905
0.163185
0.176221
0.142201
0.150157
0.157595
0.156150
0.155718
0.159482
0.160091
0.177215
0.160018
0.233561
0.212958
0.221663
0.258619
0.291207
0.302496
0.274171
0.124378
0.125544
0.127468
0.128923
0.129149
0.111821
0.109742
0.110472
0.111450
0.107711
0.103965
0.109433
0.110829
0.111034
0.112495
0.109762
0.112111
0.110540
0.113014
0.109106
0.083652
0.109928
0.109744
0.111195
0.095224
0.095517
0.100274
0.097262
0.094501
0.095867
0.102459
0.103789
0.106321
0.119073
0.113021
0.121632
0.118057
0.117846
0.118865
0.119117
0.118244
0.119204
0.120470
0.116764
0.114684
0.114158
0.118862
0.117727
0.120503
0.162627
0.186483
0.188367
0.189855
0.199662
0.201770
0.194126
0.192633
0.193720
0.195135
0.192214
0.194385
0.195054
0.196769
0.205491
0.205750
0.199931
0.198941
0.200103
0.201148
0.202185
0.201591
0.205159
0.205680
0.204347
0.204908
0.203894
0.079172
0.079830
0.074432
0.075703
0.079227
0.069839
0.076961
0.078193
0.077382
0.070676
0.075105
0.070993
0.076083
0.074671
0.073998
0.064288
0.094343
0.075103
0.077558
0.089202
0.074324
0.093763
0.100317
0.093876
0.099359
0.097045
0.089917
0.089482
0.094435
0.093013
0.069400
0.126138
0.127078
0.099751
0.092639
0.076993
0.082601
0.093598
0.114816
0.124846
0.123719
0.125441
0.121882
0.121679
0.123252
0.123318
0.123778
0.124289
0.124721
0.127310
0.125725
0.134329
0.131878
0.152180
0.151098
0.146680
0.141511
0.139324
0.135418
0.121645
0.120853
0.125090
0.125410
0.133519
0.131346
0.132514
0.133758
0.131092
0.132040
0.134161
0.132084
0.133239
0.132472
0.133806
0.148539
0.151028
0.146391
0.146409
0.146480
0.134198
0.145811
0.145836
0.147202
0.147719
0.134408
0.147780
0.147585
0.147392
0.147304
0.147365
0.147701
0.147565
0.147356
0.147607
0.148389
0.061531
0.066668
0.069417
0.066964
0.064568
0.058052
0.055934
0.049632
0.048661
0.052617
0.051112
0.052310
0.052609
0.055301
0.048767
0.049435
0.050035
0.050054
0.048265
0.046807
0.044934
0.049770
0.049224
0.049364
0.047153
0.047302
0.048549
0.048433
0.048213
0.044135
0.044308
0.062744
0.067171
0.059315
0.108715
0.102152
0.109314
0.070967
0.070400
0.082959
0.073800
0.075460
0.121637
0.116932
0.092100
0.120914
0.148356
0.103480
0.131178
0.098831
0.138006
0.150201
0.159401
0.136604
0.161054
0.153548
0.160559
0.165522
0.164583
0.184381
0.164152
0.168810
0.183367
0.172491
0.156132
0.179397
0.179041
0.175640
0.183864
0.172458
0.170980
0.176970
0.167820
0.168902
0.184018
0.185810
0.179299
0.192644
0.182645
0.185528
0.183442
0.187802
0.189073
0.179510
0.195237
0.193123
0.187971
0.190195
0.183713
0.187382
0.186578
0.177788
0.175942
0.187862
0.185766
0.189224
0.179472
0.183691
0.183799
0.184881
0.185314
0.180745
0.186854
0.184238
0.185938
0.176275
0.176842
0.145478
0.148187
0.102260
0.099952
0.101671
0.106808
0.099380
0.099578
0.097359
0.099626
0.101924
0.102065
0.102815
0.104976
0.102070
0.102992
0.100958
0.103809
0.100491
0.105579
0.102934
0.102700
0.104161
0.107354
0.106175
0.105294
0.105108
0.088561
0.086860
0.085483
0.090636
0.079512
0.090313
0.073748
0.078474
0.078249
0.079980
0.086661
0.088020
0.089218
0.091429
0.092070
0.089929
0.087719
0.085617
0.091262
0.092121
0.089162
0.078188
0.078894
0.080893
0.079070
0.080194
0.081412
0.087216
0.092842
0.092882
0.096293
0.094283
0.156735
0.148926
0.146300
0.149429
0.147761
0.155355
0.152816
0.154804
0.153788
0.154548
0.153823
0.156367
0.157771
0.157725
0.156923
0.150009
0.151822
0.149665
0.153198
0.150995
0.152652
0.153377
0.152308
0.148691
0.151033
0.152511
0.157133
0.151379
0.148007
0.151761
0.154244
0.157181
0.062053
0.065578
0.063495
0.063379
0.062817
0.066621
0.066101
0.066405
0.064869
0.070219
0.069539
0.067177
0.067076
0.067079
0.068026
0.067632
0.065660
0.072780
0.073482
0.068139
0.074948
0.071117
0.072881
0.072036
0.071301
0.074043
0.074360
0.073147
0.072510
0.068141
0.068018
0.067371
0.114568
0.112716
0.101235
0.105577
0.103056
0.104789
0.101953
0.104404
0.104154
0.107812
0.106064
0.105187
0.106144
0.105492
0.107228
0.106072
0.099093
0.098960
0.099507
0.103740
0.107845
0.096727
0.098207
0.099313
0.094951
0.096957
0.098281
0.097445
0.095353
0.095961
0.096797
0.093186
0.095087
0.073834
0.073457
0.075066
0.071630
0.066757
0.064796
0.065941
0.066574
0.066895
0.066860
0.080043
0.065369
0.091864
0.100139
0.099938
0.098912
0.099095
0.097117
0.100749
0.104400
0.102106
0.099818
0.098707
0.097328
0.097174
0.110993
0.071370
0.073080
0.066049
0.073023
0.069607
0.073592
0.073052
0.072821
0.073632
0.069718
0.064125
0.065951
0.066919
0.064299
0.074277
0.071380
0.072361
0.115315
0.116892
0.114049
0.111864
0.111941
0.111405
0.109163
0.109727
0.109308
0.106333
0.105638
0.106188
0.108456
0.107569
0.105496
0.101804
0.111729
0.111642
0.072285
0.071411
0.070608
0.072264
0.071707
0.070519
0.071157
0.070205
0.069740
0.068991
0.067883
0.067959
0.072030
0.071163
0.067606
0.070187
0.068868
0.073874
0.078985
0.079367
0.078487
0.078744
0.082324
0.072987
0.076940
0.079118
0.076547
0.075797
0.074954
0.078858
0.073980
0.077290
0.071510
0.072370
0.077695
0.075463
0.071523
0.071031
0.071562
0.076304
0.079427
0.077147
0.079649
0.081651
0.078096
0.080471
0.080201
0.080115
0.078783
0.079163
0.079367
0.080445
0.080534
0.081764
0.079366
0.078359
0.091294
0.090310
0.088969
0.083216
0.087804
0.084928
0.083440
0.088476
0.089793
0.087978
0.086764
0.088435
0.087039
0.090590
0.087198
0.087926
0.089384
0.087867
0.091473
0.085819
0.085398
0.088171
0.088047
0.089924
0.088955
0.088360
0.090324
0.089012
0.085675
0.084051
0.082851
0.111854
0.114144
0.105729
0.110753
0.112386
0.101801
0.086600
0.102117
0.080650
0.083792
0.085661
0.083063
0.084334
0.077426
0.082249
0.088419
0.081724
0.098688
0.093637
0.125030
0.133001
0.129885
0.129198
0.116854
0.129872
0.057084
0.057708
0.063554
0.062295
0.064570
0.063509
0.065077
0.066847
0.064265
0.064891
0.066354
0.066641
0.065494
0.067753
0.064030
0.064531
0.065522
0.065695
0.065221
0.064631
0.069571
0.070514
0.071639
0.070496
0.074266
0.074860
0.071524
0.072022
0.071452
0.071602
0.071905
0.071160
0.073323
0.072033
0.071574
0.072065
0.074179
0.072432
0.072912
0.071090
0.071380
0.070803
0.070816
0.070816
0.070667
0.068699
0.070730
0.071026
0.072611
0.071236
0.070725
0.073591
0.070353
0.071704
0.070360
0.071471
0.072163
0.071517
0.071987
0.073708
0.071795
0.070391
0.071200
0.072589
0.072676
0.072614
0.072837
0.074710
0.068265
0.076723
0.076056
0.077603
0.079078
0.075346
0.078803
0.078484
0.080216
0.081036
0.080006
0.076888
0.078378
0.079508
0.079525
0.082114
0.080019
0.078461
0.079075
0.079837
0.080106
0.089899
0.089428
0.082452
0.093283
0.091580
0.079017
0.079588
0.080346
0.090830
0.078739
0.079658
0.078853
0.081103
0.078539
0.077138
0.080312
0.080057
0.075431
0.078508
0.080185
0.080108
0.083639
0.078914
0.090534
0.077287
0.076266
0.077885
0.077112
0.079377
0.078585
0.104127
0.100849
0.094658
0.092004
0.094956
0.091825
0.094347
0.086810
0.085725
0.080799
0.083081
0.082838
0.083812
0.082739
0.085354
0.083211
0.106423
0.080780
0.082779
0.087284
0.108793
0.109556
0.063843
0.063109
0.062384
0.064169
0.065133
0.067988
0.067067
0.067013
0.068218
0.068890
0.070060
0.069442
0.066978
0.065347
0.070023
0.068120
0.068041
0.068804
0.068074
0.067222
0.067087
0.069448
0.065806
0.066232
0.064995
0.066160
0.065520
0.064776
0.065868
0.068287
0.066299
0.066941
0.068902
0.066966
0.067847
0.068404
0.067666
0.080823
0.085753
0.083409
0.083147
0.084449
0.081905
0.084238
0.084644
0.088632
0.084115
0.081132
0.085574
0.083097
0.085637
0.083293
0.080712
0.080227
0.079788
0.075462
0.079333
0.077119
0.075072
0.074268
0.072613
0.072030
0.069042
0.067868
0.070424
0.069770
0.074067
0.076238
0.074238
0.074414
0.074525
0.074814
0.075982
0.077476
0.073411
0.099191
0.075978
0.074903
0.077474
0.076339
0.075640
0.076954
0.075909
0.077483
0.078007
0.068528
0.099867
0.069307
0.069369
0.068957
0.067065
0.069174
0.070740
0.072300
0.070969
0.071882
0.069364
0.068969
0.068438
0.068074
0.067134
0.067192
0.068272
0.066063
0.067038
0.067746
0.066267
0.069675
0.067163
0.068985
0.068290
0.066838
0.069041
0.066543
0.069676
0.072779
0.070321
0.071939
0.071591
0.070853
0.069640
0.068800
0.067846
0.072678
0.071144
0.068961
0.066217
0.065310
0.064486
0.070949
0.068863
0.069758
0.072012
0.068958
0.071338
0.102298
0.098894
0.106006
0.098706
0.097667
0.100442
0.108998
0.088747
0.086060
0.100594
0.100141
0.105007
0.097542
0.119556
0.100450
0.120207
0.124318
0.122586
0.098196
0.107084
0.099312
0.107992
0.102044
0.107661
0.114165
0.105700
0.111143
0.107686
0.097183
0.102691
0.102318
0.101827
0.100903
0.100012
0.099544
0.105281
0.103842
0.105193
0.096615
0.100475
0.106316
0.118313
0.115198
0.113574
0.112239
0.109501
0.114167
0.110411
0.109742
0.087525
0.086490
0.088703
0.087921
0.088372
0.082919
0.095964
0.086167
0.095026
0.085967
0.085252
0.098831
0.083991
0.082840
0.089105
0.088268
0.107410
0.104455
0.107486
0.108656
0.102176
0.109534
0.092793
0.097479
0.113714
0.113696
0.114982
0.110879
0.111218
0.110768
0.112740
0.115035
0.112582
0.111931
0.114463
0.115604
0.114776
0.116548
0.117949
0.114069
0.114417
0.111162
0.112088
0.112815
0.116449
0.105812
0.104941
0.101590
0.109787
0.110408
0.109946
0.107515
0.109492
0.111472
0.108028
0.109238
0.109940
0.110974
0.109738
0.111026
0.108346
0.110821
0.106733
0.110680
0.108360
0.106006
0.114579
0.111133
0.113289
0.113236
0.114971
0.102916
0.100983
0.096624
0.092570
0.090477
0.100290
0.097556
0.096994
0.099685
0.095903
0.091429
0.087320
0.084314
0.092739
0.088801
0.089711
0.089945
0.088840
0.089204
0.088130
0.093582
0.089843
0.093477
0.079028
0.067220
0.071465
0.070024
0.070400
0.070285
0.069728
0.070162
0.072700
0.070079
0.070649
0.068655
0.068069
0.068973
0.069942
0.070479
0.068395
0.068478
0.074042
0.064939
0.067078
0.066894
0.067763
0.066669
0.067410
0.067804
0.068046
0.068361
0.068839
0.067430
0.071122
0.068579
0.068660
0.068564
0.068262
0.069269
0.067768
0.069624
0.066484
0.069314
0.068112
0.068319
0.066180
0.069097
0.070198
0.071580
0.068174
0.067174
0.065797
0.064415
0.069046
0.063152
0.070686
0.089088
0.080117
0.069082
0.069290
0.069384
0.067857
0.068310
0.068582
0.078945
0.064659
0.060776
0.069574
0.065643
0.074649
0.077724
0.070433
0.069140
0.072079
0.076641
0.084537
0.068214
0.071028
0.072194
0.079193
0.074059
0.072403
0.076654
0.073093
0.076493
0.064420
0.073093
0.067361
0.064911
0.062927
0.065638
0.064772
0.070881
0.069613
0.069242
0.070007
0.068931
0.070906
0.072299
0.073185
0.071888
0.070651
0.074871
0.069121
0.074631
0.074447
0.074947
0.075103
0.073855
0.072918
0.082802
0.077316
0.070422
0.081915
0.073109
0.068899
0.071041
0.072415
0.067452
0.069283
0.071485
0.067303
0.067608
0.067010
0.067003
0.069058
0.070716
0.068000
0.073600
0.071717
0.072513
0.072747
0.073373
0.071333
0.072201
0.074220
0.074920
0.074692
0.074265
0.070950
0.072273
0.075372
0.077459
0.077522
0.081701
0.076919
0.078857
0.076468
0.078024
0.082463
0.062824
0.061768
0.063626
0.064106
0.063371
0.062655
0.062639
0.064046
0.063081
0.061997
0.065076
0.063278
0.062397
0.063233
0.063603
0.064463
0.062953
0.064385
0.060313
0.062376
0.061512
0.060542
0.066975
0.062756
0.061630
0.064424
0.061435
0.061731
0.062060
0.058556
0.060861
0.065623
0.063116
0.065508
0.060393
0.060007
0.060732
0.061154
0.064900
0.065181
0.066250
0.068552
0.068743
0.071361
0.071269
0.071733
0.067748
0.065785
0.068491
0.071626
0.072068
0.074697
0.073062
0.074339
0.074298
0.073128
0.071619
0.071102
0.076191
0.070781
0.071589
0.071138
0.087279
0.086000
0.087439
0.093556
0.092314
0.090002
0.090180
0.086344
0.083525
0.085597
0.086220
0.085339
0.084788
0.085087
0.085297
0.085624
0.085799
0.084257
0.090567
0.090826
0.086288
0.089889
0.088902
0.088096
0.089943
0.089265
0.088661
0.091422
0.090298
0.089045
0.088360
0.088760
0.090665
0.087594
0.087355
0.087975
0.088860
0.088802
0.089917
0.091493
0.090336
0.092251
0.091592
0.092509
0.089229
0.074497
0.076809
0.079027
0.074237
0.073970
0.071679
0.079409
0.076954
0.077005
0.076656
0.075702
0.077048
0.076340
0.075306
0.076065
0.075996
0.074715
0.076037
0.075770
0.076274
0.077832
0.075011
0.076813
0.076432
0.073178
0.073016
0.072036
0.075222
0.074105
0.066160
0.069622
0.072875
0.071713
0.070860
0.070349
0.081593
0.082746
0.080174
0.077346
0.078681
0.085717
0.078832
0.078182
0.078222
0.079946
0.077134
0.077831
0.078850
0.069769
0.070253
0.069083
0.069006
0.069750
0.070913
0.070850
0.071732
0.072898
0.068995
0.071325
0.070393
0.068493
0.070203
0.067893
0.070172
0.071534
0.073549
0.089205
0.084590
0.084112
0.083611
0.083506
0.085533
0.086206
0.086264
0.083333
0.081857
0.084090
0.085396
0.084055
0.085714
0.086921
0.085287
0.082896
0.085619
0.086808
0.084869
0.085585
0.085148
0.084955
0.086168
0.087116
0.084942
0.086163
0.088253
0.097900
0.086504
0.088884
0.099844
0.105904
0.104777
0.097743
0.098688
0.102730
0.107420
0.103473
0.104298
0.103815
0.106883
0.109443
0.105010
0.105606
0.110822
0.111602
0.107775
0.097434
0.104016
0.105706
0.095129
0.096519
0.095609
0.091782
0.092421
0.094120
0.095170
0.094907
0.094897
0.096398
0.096157
0.098910
0.098284
0.099192
0.098791
0.098883
0.099966
0.098641
0.098993
0.098746
0.099289
0.096087
0.099735
0.098028
0.097822
0.098089
0.095731
0.111571
0.110056
0.109670
0.110709
0.110021
0.114950
0.111091
0.105987
0.110214
0.110010
0.107488
0.107869
0.109755
0.108496
0.109175
0.105528
0.107944
0.107682
0.107685
0.115519
0.108253
0.107983
0.110305
0.115251
0.114488
0.111660
0.117399
0.114851
0.113727
0.077818
0.084745
0.084943
0.087665
0.083029
0.078764
0.082523
0.085415
0.078897
0.085646
0.080576
0.079622
0.076811
0.074426
0.081290
0.076025
0.074585
0.080528
0.079430
0.079782
0.080133
0.080495
0.078780
0.079698
0.076221
0.077198
0.079487
0.073707
0.079609
0.066208
0.062807
0.063559
0.062359
0.061412
0.062138
0.061130
0.062159
0.068883
0.061263
0.061826
0.063778
0.065061
0.069787
0.069621
0.066406
0.069087
0.067438
0.066029
0.064516
0.067339
0.066394
0.065411
0.064719
0.068928
0.074790
0.074828
0.074956
0.064321
0.059679
0.064033
0.065478
0.074453
0.063768
0.070080
0.069801
0.071414
0.069534
0.075132
0.088222
0.083325
0.080832
0.085288
0.087863
0.084721
0.076857
0.076377
0.076998
0.076693
0.079905
0.079546
0.076695
0.078292
0.075691
0.076871
0.062148
0.060303
0.059703
0.059017
0.062452
0.060970
0.061664
0.059931
0.060585
0.060016
0.061743
0.059643
0.075720
0.061952
0.076348
0.075693
0.075326
0.076627
0.074215
0.075335
0.077732
0.074587
0.076205
0.078147
0.074321
0.065603
0.062179
0.061313
0.061136
0.059430
0.060882
0.060551
0.060995
0.062862
0.062560
0.062350
0.070954
0.069894
0.021002
0.019567
0.019069
0.016875
0.015991
0.013403
0.012412
0.009810
0.010022
0.010282
0.009689
0.006357
0.004371
0.003060
0.000000
0.002607
0.005603
0.006656
0.006685
0.006864
0.005594
0.133720
0.139022
0.152328
0.152924
0.135454
0.139097
0.136156
0.129405
0.149834
0.133658
0.146374
0.156869
0.148871
0.130842
0.130746
0.132129
0.133504
0.145926
0.140341
0.147139
0.154243
0.154213
0.151280
0.156069
0.155357
0.145308
0.154482
0.146176
0.049195
0.051624
0.049620
0.053315
0.052430
0.054515
0.054244
0.056061
0.056120
0.051655
0.051738
0.054874
0.055084
0.056941
0.055585
0.056810
0.057509
0.055412
0.055887
0.055830
0.055759
0.063875
0.064179
0.062632
0.062099
0.061972
0.062341
0.068967
0.069802
0.071278
0.071674
0.073422
0.070782
0.071216
0.071743
0.063542
0.063381
0.071349
0.072799
0.073108
0.072695
0.069585
0.089507
0.087743
0.090970
0.091574
0.082825
0.087801
0.087513
0.087902
0.089800
0.091357
0.092005
0.093764
0.094120
0.092960
0.094177
0.096788
0.096243
0.094605
0.063436
0.064049
0.063976
0.067904
0.063844
0.065404
0.067132
0.064936
0.064038
0.063887
0.065439
0.066110
0.066358
0.066178
0.065065
0.066280
0.063335
0.065383
0.065649
0.066752
0.066260
0.063537
0.065025
0.063746
0.065386
0.066161
0.066923
0.060907
0.060261
0.059288
0.059415
0.058713
0.060576
0.061675
0.060858
0.061154
0.059694
0.056783
0.058664
0.058773
0.058782
0.055764
0.057589
0.068995
0.062731
0.054084
0.059711
0.057626
0.061873
0.061443
0.069734
0.068164
0.065190
0.071443
0.068184
0.067741
0.068330
0.067309
0.068231
0.068645
0.067428
0.067894
0.067212
0.069060
0.067097
0.066099
0.302825
0.317944
0.307335
0.307228
0.312922
0.307817
0.307121
0.310562
0.334493
0.306898
0.314609
0.312705
0.338833
0.312552
0.338985
0.339129
0.339867
0.339700
0.340114
0.340653
0.340241
0.340188
0.340917
0.344012
0.340575
0.340785
0.340631
0.344777
0.340080
0.341774
0.340481
0.341045
0.340584
0.343957
0.340646
0.342152
0.341889
0.341297
0.342235
0.342234
0.342872
0.342498
0.342676
0.343623
0.343093
0.343102
0.340801
0.340878
0.341005
0.340585
0.342010
0.340998
0.342668
0.336703
0.340741
0.344503
0.283564
0.284492
0.306870
0.304995
0.279262
0.281521
0.281680
0.271564
0.285003
0.278373
0.268891
0.276351
0.275820
0.271312
0.261415
0.265248
0.210459
0.259356
0.246346
0.240147
0.247110
0.245076
0.226792
0.203461
0.176987
0.175915
0.174584
0.173662
0.162241
0.163766
0.157636
0.158357
0.156796
0.158017
0.150296
0.124441
0.153841
0.170259
0.155964
0.156186
0.165601
0.160682
0.155514
0.149855
0.143094
0.144429
0.140388
0.129914
0.130589
0.127874
0.123890
0.119405
0.115917
0.116758
0.116782
0.164932
0.169715
0.171248
0.168949
0.167986
0.165095
0.167541
0.167172
0.165535
0.157695
0.158260
0.161120
0.166002
0.165317
0.161875
0.157270
0.147045
0.146115
0.147289
0.131182
0.149184
0.153926
0.157646
0.146739
0.156295
0.154775
0.153985
0.147965
0.150431
0.155160
0.152736
0.155105
0.132613
0.155057
0.145782
0.156883
0.165854
0.169183
0.171880
0.166729
0.184004
0.187772
0.196397
0.203776
0.166569
0.165165
0.162703
0.161182
0.168271
0.166252
0.174487
0.180392
0.165244
0.166723
0.162164
0.182581
0.196422
0.189986
0.191169
0.189319
0.167298
0.194263
0.183592
0.185642
0.190694
0.180742
0.183472
0.177425
0.169461
0.172911
0.170612
0.167780
0.171443
0.172860
0.173300
0.178150
0.175180
0.175624
0.165225
0.166310
0.173023
0.170795
0.165196
0.172141
0.172839
0.172162
0.172383
0.172729
0.164150
0.173591
0.165801
0.163731
0.159828
0.159401
0.158201
0.159204
0.158881
0.182348
0.183672
0.183909
0.184373
0.171683
0.182376
0.178783
0.176888
0.186735
0.184878
0.189060
0.186011
0.192431
0.192888
0.187523
0.190147
0.190265
0.192600
0.192365
0.184172
0.180466
0.196782
0.191350
0.198881
0.202433
0.195708
0.199224
0.199381
0.198718
0.199668
0.198520
0.201748
0.201078
0.202522
0.204570
0.203261
0.201587
0.207290
0.202720
0.203697
0.206214
0.200712
0.200362
0.198106
0.202406
0.195921
0.206120
0.192378
0.193432
0.187393
0.188647
0.173520
0.193383
0.188350
0.189307
0.185508
0.175700
0.177678
0.178752
0.199782
0.201656
0.197139
0.189009
0.201071
0.204125
0.188053
0.191582
0.194575
0.193806
0.195262
0.196749
0.194445
0.195336
0.193828
0.188062
0.187931
0.186811
0.186741
0.186760
0.182123
0.183572
0.181872
0.183090
0.185180
0.183461
0.177623
0.070427
0.069182
0.073809
0.072549
0.067547
0.065556
0.064120
0.062485
0.069640
0.065181
0.062962
0.065713
0.068059
0.065033
0.079401
0.085091
0.080762
0.081656
0.069032
0.085040
0.081959
0.079697
0.072423
0.092577
0.079425
0.091664
0.064483
0.070952
0.086079
0.072347
0.070111
0.066550
0.067576
0.066137
0.077658
0.070567
0.077482
0.075911
0.076510
0.065596
0.069184
0.064160
0.068690
0.062153
0.059222
0.059046
0.057733
0.060537
0.061678
0.064810
0.065667
0.069514
0.064411
0.064477
0.067105
0.066658
0.069477
0.068198
0.068659
0.065820
0.066851
0.062328
0.066076
0.060424
0.060614
0.060111
0.057203
0.058985
0.060292
0.060506
0.058638
0.064663
0.069632
0.071070
0.070702
0.070500
0.071364
0.065109
0.066597
0.070067
0.069154
0.066655
0.065291
0.066344
0.067708
0.071845
0.068742
0.068288
0.064246
0.074398
0.072858
0.077429
0.079401
0.078513
0.074528
0.076018
0.075857
0.075271
0.075465
0.077395
0.075130
0.075722
0.073370
0.072884
0.072005
0.071795
0.065834
0.061940
0.058520
0.057372
0.057120
0.056787
0.062432
0.062294
0.062007
0.058803
0.056863
0.051431
0.050954
0.052883
0.048876
0.049073
0.048704
0.049115
0.056203
0.056581
0.052343
0.049828
0.052813
0.050912
0.050281
0.054195
0.052967
0.053268
0.050257
0.052632
0.048525
0.046267
0.049494
0.048643
0.047521
0.046558
0.048984
0.048953
0.049855
0.050952
0.049428
0.054636
0.058883
0.069030
0.071170
0.070092
0.069184
0.068052
0.067344
0.065884
0.067543
0.065545
0.059612
0.058630
0.057007
0.062126
0.058609
0.065572
0.069785
0.069056
0.070675
0.060543
0.066484
0.069205
0.068651
0.054623
0.057917
0.058192
0.056781
0.056977
0.055031
0.056070
0.055882
0.063646
0.057386
0.059551
0.060613
0.070312
0.068853
0.069204
0.068202
0.064696
0.071424
0.065888
0.065464
0.063589
0.053474
0.058779
0.068654
0.065942
0.071461
0.064738
0.068879
0.070577
0.069320
0.071203
0.068655
0.067842
0.069342
0.067102
0.067801
0.067701
0.069723
0.069072
0.066622
0.067387
0.068247
0.068203
0.068123
0.072828
0.067591
0.067117
0.067973
0.066848
0.081878
0.065983
0.078472
0.072669
0.066149
0.065547
0.071880
0.075167
0.070167
0.073124
0.073803
0.070272
0.068899
0.070265
0.070100
0.071747
0.072662
0.071145
0.071953
0.072135
0.071427
0.067276
0.075693
0.077225
0.079410
0.076125
0.078059
0.075198
0.074874
0.071310
0.070269
0.070472
0.067042
0.069613
0.069374
0.067741
0.065999
0.068548
0.067734
0.067082
0.065023
0.071254
0.080203
0.074216
0.084266
0.079945
0.082334
0.089980
0.088004
0.089348
0.093229
0.100928
0.068523
0.069828
0.068821
0.070239
0.090436
0.093392
0.098918
0.096732
0.066000
0.095866
0.094764
0.074971
0.080553
0.081341
0.092163
0.098249
0.098668
0.099188
0.100241
0.109682
0.109912
0.111872
0.113336
0.062568
0.063574
0.109360
0.062574
0.065272
0.067560
0.064066
0.066712
0.105852
0.103717
0.084300
0.084388
0.094785
0.086520
0.095164
0.091497
0.090601
0.075278
0.083575
0.084456
0.070576
0.068898
0.076310
0.070320
0.070342
0.075354
0.077582
0.071858
0.084980
0.072746
0.072050
0.072030
0.071407
0.065108
0.067741
0.077325
0.076299
0.077500
0.078243
0.069165
0.085643
0.079239
0.084525
0.096832
0.086945
0.083779
0.095095
0.079553
0.086728
0.076601
0.073617
0.071557
0.097550
0.097636
0.098022
0.107166
0.099861
0.097906
0.076493
0.096020
0.100010
0.100046
0.099870
0.100246
0.099580
0.099878
0.094562
0.095741
0.088413
0.074980
0.073887
0.096615
0.073438
0.082413
0.083351
0.086165
0.086594
0.080418
0.079803
0.076756
0.089227
0.090848
0.074626
0.087729
0.086261
0.081247
0.079504
0.083074
0.081556
0.078510
0.082971
0.084303
0.072854
0.076130
0.074622
0.075774
0.086329
0.089509
0.078471
0.085123
0.087206
0.080367
0.078955
0.092557
0.090583
0.092979
0.086487
0.083947
0.084500
0.086991
0.083214
0.079997
0.085906
0.085924
0.080789
0.080781
0.082227
0.077328
0.077942
0.078341
0.076988
0.079409
0.083774
0.080446
0.082608
0.081815
0.083200
0.072352
0.071989
0.070688
0.070493
0.077331
0.076690
0.076861
0.075054
0.076083
0.076287
0.075516
0.077167
0.077191
0.075958
0.075655
0.079914
0.074793
0.074084
0.074268
0.073946
0.073223
0.081326
0.081106
0.076772
0.071368
0.071605
0.068975
0.075267
0.074330
0.073194
0.073663
0.073877
0.074016
0.072043
0.071003
0.077257
0.115192
0.117206
0.122266
0.121463
0.120609
0.119113
0.121157
0.127970
0.121026
0.119244
0.122024
0.120449
0.116436
0.122814
0.111948
0.112343
0.135157
0.118430
0.136910
0.128482
0.137263
0.138420
0.133826
0.134945
0.124389
0.122595
0.122920
0.126477
0.116470
0.107507
0.112840
0.111360
0.119902
0.106981
0.119902
0.123670
0.116367
0.108293
0.115431
0.111065
0.131647
0.126423
0.130505
0.125277
0.130521
0.135156
0.132048
0.125811
0.130854
0.130916
0.130516
0.125696
0.134374
0.151739
0.149962
0.132833
0.129588
0.146749
0.149066
0.132847
0.133252
0.137245
0.192131
0.196161
0.175961
0.174461
0.174996
0.188949
0.176854
0.195976
0.191479
0.192100
0.169752
0.170247
0.200433
0.195742
0.216803
0.197274
0.210771
0.208793
0.207417
0.174618
0.185785
0.061991
0.062481
0.064826
0.062908
0.061603
0.060933
0.060402
0.065514
0.068521
0.064884
0.064630
0.067456
0.065654
0.063678
0.065421
0.065635
0.063486
0.069062
0.069663
0.067549
0.064577
0.061987
0.064518
0.065834
0.066788
0.070977
0.064427
0.076359
0.074407
0.071000
0.070548
0.069583
0.071300
0.067902
0.071784
0.063989
0.062332
0.066582
0.065757
0.067217
0.067770
0.067473
0.066651
0.068684
0.069051
0.067213
0.067584
0.069060
0.070416
0.070772
0.072960
0.074838
0.075504
0.075165
0.069895
0.065070
0.066682
0.069758
0.068343
0.069404
0.073182
0.069233
0.071226
0.072634
0.069747
0.069895
0.070298
0.073808
0.077469
0.073391
0.077284
0.077851
0.076987
0.075316
0.075478
0.075159
0.074901
0.075202
0.074474
0.074975
0.075143
0.074950
0.074092
0.075025
0.078537
0.074540
0.077752
0.077700
0.079088
0.076820
0.077816
0.076356
0.075143
0.076763
0.078104
0.074786
0.076494
0.072925
0.072227
0.077793
0.082696
0.078297
0.086931
0.087470
0.072510
0.072222
0.071308
0.072395
0.073771
0.075435
0.073643
0.073627
0.073878
0.070823
0.073828
0.073535
0.073909
0.074623
0.072996
0.074391
0.073849
0.074688
0.074833
0.072502
0.074354
0.072434
0.073946
0.074574
0.075176
0.074907
0.075152
0.073996
0.073780
0.074973
0.074834
0.071414
0.076262
0.075648
0.075163
0.073757
0.074760
0.073785
0.073357
0.074020
0.073560
0.073818
0.073912
0.072453
0.073840
0.073204
0.074226
0.073122
0.072543
0.073567
0.072899
0.072437
0.075255
0.073463
0.072260
0.073560
0.073623
0.073849
0.073774
0.073232
0.073308
0.073291
0.073057
0.074064
0.074443
0.074636
0.074795
0.072868
0.074594
0.074402
0.074315
0.072533
0.072900
0.072872
0.073401
0.073834
0.072082
0.073794
0.073043
0.071432
0.072519
0.072349
0.072226
0.073553
0.073995
0.073389
0.074502
0.071787
0.073577
0.072515
0.071848
0.073098
0.074630
0.073630
0.073429
0.073630
0.073033
0.073087
0.072513
0.069624
0.069667
0.070508
0.070233
0.070178
0.069758
0.069424
0.069877
0.069948
0.073997
0.073765
0.074297
0.071190
0.071703
0.072930
0.074270
0.072358
0.073101
0.073043
0.071443
0.073309
0.073674
0.073401
0.074588
0.072667
0.072797
0.071661
0.071847
0.072682
0.071423
0.071930
0.072021
0.069679
0.072600
0.072712
0.073318
0.072054
0.074275
0.071485
0.073862
0.073562
0.073505
0.073760
0.073691
0.073762
0.073694
0.073639
0.072374
0.071894
0.071730
0.071916
0.071978
0.070753
0.071482
0.071006
0.071360
0.071476
0.071431
0.071123
0.071079
0.071597
0.071500
0.071618
0.072528
0.081159
0.078878
0.080530
0.080310
0.078987
0.080287
0.068907
0.069173
0.069070
0.069156
0.069527
0.067239
0.068108
0.067672
0.066909
0.068149
0.067147
0.046671
0.046671
0.046671
0.046671
0.046671
0.046666
0.050207
0.050207
0.049474
0.059857
0.049729
0.050722
0.050271
0.061930
0.049704
0.050306
0.049741
0.050166
0.050051
0.060896
0.059391
0.060418
0.047256
0.048530
0.048345
0.125448
0.128746
0.126897
0.123810
0.122349
0.123808
0.123914
0.123954
0.124372
0.122220
0.121264
0.122571
0.123058
0.101545
0.087132
0.096369
0.090902
0.094765
0.094660
0.096733
0.094968
0.096552
0.092777
0.095347
0.091868
0.085688
0.088846
0.098953
0.101000
0.099183
0.096427
0.095158
0.082466
0.081489
0.094973
0.113666
0.108336
0.111574
0.139238
0.094173
0.148568
0.143808
0.136956
0.140241
0.152539
0.160772
0.169175
0.184650
0.109346
0.111001
0.129791
0.129329
0.140037
0.140825
0.122844
0.119701
0.120847
0.094406
0.105296
0.098996
0.095220
0.101444
0.094538
0.090029
0.090839
0.099660
0.093168
0.094139
0.094996
0.094038
0.105580
0.102276
0.133105
0.135239
0.122743
0.116680
0.107633
0.121881
0.110044
0.092902
0.119835
0.115508
0.111391
0.109968
0.106190
0.105087
0.110076
0.094905
0.100191
0.093595
0.093277
0.096595
0.092938
0.091312
0.089819
0.093859
0.099956
0.093371
0.102189
0.089028
0.113695
0.107493
0.103444
0.084811
0.087868
0.082536
0.082372
0.083587
0.085188
0.085164
0.085295
0.084260
0.074593
0.087432
0.091774
0.088827
0.087389
0.086802
0.088535
0.091231
0.093147
0.101033
0.097676
0.095901
0.095424
0.094338
0.096728
0.093671
0.088228
0.089116
0.093179
0.101437
0.097742
0.098747
0.096835
0.096600
0.097111
0.098181
0.110592
0.100622
0.109783
0.107052
0.108986
0.108281
0.108793
0.108179
0.110042
0.108936
0.109972
0.110341
0.109044
0.107420
0.109393
0.106466
0.132243
0.135839
0.129642
0.131892
0.136636
0.132769
0.133566
0.134570
0.126817
0.131252
0.127804
0.131636
0.133726
0.134580
0.126294
0.122481
0.105875
0.108578
0.104654
0.115569
0.110694
0.105605
0.108058
0.106737
0.106498
0.104297
0.107870
0.110253
0.113090
0.110832
0.116777
0.112354
0.109813
0.121668
0.108084
0.112306
0.108828
0.118532
0.117641
0.109444
0.108595
0.106731
0.108438
0.112789
0.112829
0.112879
0.118722
0.127786
0.124720
0.120890
0.119104
0.118687
0.121129
0.117828
0.128657
0.119843
0.131692
0.130100
0.133985
0.130496
0.132661
0.105729
0.097090
0.099997
0.104328
0.098772
0.093789
0.103035
0.086935
0.091175
0.090562
0.086714
0.085803
0.090789
0.089459
0.092241
0.092164
0.092836
0.097788
0.094879
0.097250
0.094376
0.093792
0.085797
0.088586
0.086310
0.081846
0.084854
0.085910
0.076391
0.073866
0.077158
0.067710
0.072388
0.075425
0.069201
0.071680
0.069990
0.070621
0.068075
0.067200
0.067065
0.067246
0.066346
0.071069
0.069656
0.074556
0.077062
0.075965
0.092178
0.092568
0.083401
0.086971
0.072002
0.087346
0.082783
0.083803
0.085604
0.070455
0.091886
0.088434
0.087986
0.092692
0.097057
0.098235
0.042451
0.060569
0.059592
0.049315
0.052810
0.055117
0.053593
0.046998
0.056257
0.055612
0.047706
0.060587
0.047449
0.080398
0.073067
0.047360
0.058294
0.050303
0.062414
0.060553
0.060068
0.058188
0.062607
0.065411
0.066432
0.064396
0.067362
0.064643
0.062533
0.076385
0.087351
0.083557
0.094152
0.082376
0.077134
0.079939
0.068530
0.077455
0.072634
0.079926
0.072723
0.081106
0.066359
0.077662
0.067767
0.069700
0.068559
0.069012
0.070237
0.073533
0.077328
0.076163
0.074703
0.078666
0.076811
0.081143
0.056753
0.068051
0.057394
0.074912
0.086079
0.074970
0.075673
0.075174
0.074313
0.075654
0.077484
0.074334
0.076091
0.074674
0.076206
0.074941
0.074466
0.074156
0.076620
0.076222
0.075978
0.076295
0.076865
0.074898
0.073550
0.070865
0.071780
0.073841
0.075905
0.074395
0.074162
0.073152
0.072574
0.073458
0.073441
0.069573
0.070776
0.071236
0.067573
0.068607
0.072095
0.071302
0.073439
0.071009
0.072013
0.067953
0.067804
0.073966
0.073050
0.073118
0.071789
0.073723
0.073237
0.069855
0.074028
0.072661
0.074394
0.072223
0.073385
0.070249
0.073093
0.072268
0.069687
0.069571
0.074771
0.072310
0.071633
0.073307
0.073050
0.074595
0.075253
0.073762
0.070604
0.071382
0.071534
0.070511
0.070232
0.073204
0.074871
0.071184
0.072012
0.071846
0.071125
0.070529
0.071359
0.071371
0.069754
0.071252
0.070849
0.071010
0.070358
0.066685
0.070207
0.069542
0.069555
0.068973
0.070225
0.071269
0.071646
0.070485
0.071396
0.067326
0.068311
0.069463
0.066194
0.064840
0.063290
0.065954
0.064549
0.063673
0.064070
0.068926
0.067121
0.069028
0.068120
0.073169
0.074974
0.075507
0.075892
0.074730
0.064266
0.064392
0.071014
0.065946
0.066831
0.065883
0.067097
0.069420
0.068216
0.069087
0.068365
0.066275
0.066167
0.067069
0.068244
0.068213
0.068532
0.066380
0.066889
0.070598
0.068348
0.065415
0.068924
0.066542
0.064490
0.065307
0.064732
0.062239
0.061737
0.062051
0.069139
0.067226
0.068807
0.072346
0.071985
0.078048
0.080871
0.079167
0.082134
0.082130
0.081511
0.083025
0.082765
0.082392
0.079623
0.079606
0.078179
0.077059
0.077090
0.077245
0.075889
0.074862
0.075570
0.078109
0.077021
0.076017
0.076098
0.075373
0.076288
0.076793
0.074978
0.077166
0.078334
0.077251
0.075405
0.076707
0.073424
0.075680
0.075634
0.075549
0.075241
0.074957
0.075230
0.075356
0.079111
0.079335
0.076327
0.075917
0.076241
0.075976
0.067868
0.065788
0.066414
0.076126
0.077833
0.075251
0.067899
0.071297
0.071497
0.071098
0.070758
0.068996
0.072603
0.070723
0.071342
0.070351
0.068839
0.065444
0.069656
0.069874
0.066000
0.068979
0.068071
0.064700
0.069001
0.067453
0.066769
0.066681
0.071036
0.075040
0.077771
0.077644
0.075905
0.077842
0.068138
0.080474
0.074806
0.077732
0.073233
0.075705
0.074549
0.072325
0.073577
0.075899
0.075228
0.077538
0.073470
0.079921
0.079315
0.078730
0.078486
0.078340
0.066872
0.068946
0.068642
0.067739
0.069446
0.069261
0.068017
0.067972
0.067000
0.067161
0.066742
0.066337
0.066528
0.066695
0.066024
0.069920
0.067064
0.065756
0.067377
0.069376
0.067739
0.069479
0.069691
0.069990
0.070180
0.068200
0.067369
0.068132
0.067055
0.067237
0.074696
0.065006
0.068249
0.067155
0.065539
0.067303
0.066546
0.067286
0.066299
0.070792
0.071662
0.069233
0.070268
0.066640
0.067353
0.066657
0.067553
0.066146
0.077501
0.077057
0.077658
0.078688
0.077916
0.078344
0.077193
0.077814
0.077839
0.076751
0.076838
0.076740
0.074756
0.076745
0.070466
0.069251
0.077283
0.077344
0.067244
0.077112
0.075493
0.076366
0.077388
0.070280
0.069929
0.079866
0.079416
0.076504
0.079175
0.066439
0.066811
0.068937
0.077344
0.066220
0.066663
0.081143
0.066574
0.066464
0.066270
0.066255
0.066179
0.082908
0.090214
0.089660
0.089561
0.089217
0.089356
0.088320
0.089490
0.088812
0.089436
0.089437
0.089436
0.089435
0.072837
0.084120
0.084265
0.084718
0.084438
0.084714
0.084952
0.084982
0.084953
0.085128
0.084459
0.062863
0.084364
0.084510
0.084410
0.085147
0.085379
0.084761
0.084861
0.063949
0.084734
0.084600
0.085073
0.085098
0.084013
0.085112
0.083858
0.084780
0.084786
0.084433
0.062211
0.061808
0.061852
0.084365
0.061667
0.084640
0.084725
0.084404
0.083945
0.083899
0.084417
0.083329
0.083476
0.083950
0.062834
0.061473
0.063074
0.063149
0.062291
0.061591
0.084080
0.083756
0.084230
0.083939
0.084255
0.084369
0.062207
0.084984
0.084286
0.084769
0.084733
0.083951
0.084214
0.084229
0.084438
0.085453
0.084893
0.085167
0.083996
0.084706
0.084103
0.084324
0.084427
0.084359
0.084360
0.072216
0.071969
0.071959
0.071894
0.071895
0.071914
0.071977
0.071858
0.071760
0.071781
0.071826
0.071674
0.079032
0.079353
0.079355
0.079307
0.079696
0.079578
0.079599
0.079502
0.079510
0.079370
0.079456
0.079213
0.070162
0.069049
0.068530
0.072400
0.068902
0.072035
0.068704
0.073165
0.069851
0.068976
0.069623
0.069458
0.068621
0.072391
0.069566
0.069561
0.069940
0.070351
0.070555
0.070594
0.070150
0.071629
0.068049
0.072908
0.068268
0.069922
0.070028
0.067853
0.069181
0.069290
0.069740
0.071920
0.070083
0.069793
0.070278
0.069693
0.068502
0.071826
0.069714
0.069518
0.069447
0.069823
0.069958
0.070274
0.069564
0.070309
0.070147
0.071201
0.070250
0.069920
0.070863
0.070590
0.070358
0.071438
0.072242
0.069993
0.071148
0.071019
0.070460
0.071242
0.069853
0.071046
0.070856
0.070756
0.069668
0.069132
0.069318
0.068641
0.069612
0.069363
0.068500
0.071439
0.072297
0.074368
0.066983
0.073676
0.071641
0.077482
0.073481
0.072303
0.071936
0.073059
0.072678
0.064370
0.072325
0.063324
0.071519
0.072430
0.072768
0.072492
0.072637
0.071402
0.073077
0.075481
0.070342
0.075761
0.071814
0.073709
0.074803
0.075678
0.078622
0.073704
0.076630
0.064376
0.074312
0.076067
0.075424
0.074864
0.075966
0.073678
0.075349
0.080371
0.072580
0.068357
0.070419
0.074142
0.072022
0.073544
0.070458
0.078693
0.076228
0.072245
0.082347
0.113117
0.115849
0.093036
0.092016
0.090576
0.091815
0.092241
0.096294
0.106418
0.093963
0.092296
0.114217
0.115197
0.107990
0.106736
0.110024
0.094618
0.109764
0.112307
0.109800
0.112420
0.101735
0.099756
0.100045
0.102735
0.117027
0.116951
0.117440
0.118488
0.115312
0.117564
0.117528
0.127364
0.128457
0.123771
0.118888
0.121606
0.119355
0.120134
0.091731
0.092164
0.091101
0.122473
0.122941
0.090530
0.110759
0.112431
0.104523
0.110773
0.108486
0.092832
0.095047
0.106750
0.097862
0.106062
0.109032
0.099898
0.115165
0.124036
0.114694
0.127992
0.118540
0.099801
0.124910
0.141344
0.109149
0.118647
0.119091
0.136389
0.139971
0.119331
0.107044
0.145433
0.165066
0.166572
0.158449
0.143768
0.148257
0.111093
0.128954
0.129594
0.142462
0.142260
0.141515
0.142356
0.129666
0.129478
0.125079
0.121566
0.097761
0.119335
0.103028
0.118867
0.117659
0.098568
0.111573
0.134889
0.131555
0.125395
0.117574
0.090815
0.118195
0.114479
0.114627
0.117036
0.126677
0.119590
0.117434
0.118499
0.118294
0.083619
0.085281
0.085262
0.085401
0.089050
0.090525
0.090677
0.090747
0.089739
0.089338
0.085736
0.085095
0.083899
0.083240
0.083775
0.087955
0.087826
0.065304
0.065250
0.088590
0.087795
0.063248
0.063781
0.089169
0.066443
0.065319
0.064943
0.065323
0.066009
0.066370
0.065824
0.064801
0.065094
0.065305
0.063456
0.065552
0.105415
0.103569
0.102546
0.102140
0.100082
0.062927
0.063696
0.064136
0.089604
0.095834
0.094755
0.095098
0.092479
0.094189
0.093056
0.063601
0.066413
0.063967
0.063667
0.063269
0.062737
0.063019
0.104130
0.065301
0.065880
0.103639
0.103282
0.064417
0.099985
0.090444
0.107139
0.095894
0.106266
0.091946
0.102862
0.104077
0.101126
0.102660
0.096924
0.101103
0.103206
0.104200
0.102485
0.105429
0.105569
0.104534
0.104084
0.097254
0.103099
0.096989
0.105061
0.105869
0.104135
0.104618
0.062099
0.062921
0.062856
0.063302
0.063426
0.063106
0.063160
0.062847
0.063364
0.063677
0.063637
0.064559
0.064348
0.063993
0.088690
0.092522
0.083878
0.064719
0.064923
0.065114
0.063775
0.065296
0.064782
0.064935
0.094015
0.092589
0.064778
0.064912
0.093682
0.065951
0.062028
0.094093
0.091293
0.093875
0.091351
0.090827
0.093280
0.094337
0.093119
0.091861
0.089386
0.087850
0.092936
0.091847
0.092069
0.094235
0.090913
0.092475
0.093156
0.091955
0.062036
0.062381
0.063180
0.063558
0.088556
0.090560
0.089942
0.063830
0.062473
0.061864
0.089713
0.089967
0.090749
0.089338
0.087450
0.061860
0.061933
0.062112
0.064253
0.062057
0.061589
0.060531
0.063523
0.060811
0.062592
0.062140
0.062832
0.087850
0.087953
0.062767
0.088362
0.086919
0.087100
0.098362
0.086729
0.089549
0.089626
0.088971
0.087915
0.087391
0.087876
0.087430
0.088620
0.088581
0.088553
0.088653
0.087072
0.090739
0.089436
0.087812
0.087478
0.090077
0.089646
0.100090
0.087614
0.085906
0.099376
0.103134
0.108607
0.117001
0.116713
0.118104
0.120222
0.112171
0.117083
0.128222
0.118207
0.114372
0.114545
0.112004
0.110892
0.105868
0.105038
0.113233
0.108243
0.115046
0.112496
0.115651
0.114627
0.112643
0.115708
0.114159
0.111992
0.115692
0.103654
0.107009
0.106720
0.108126
0.110673
0.107239
0.115898
0.115136
0.112498
0.111902
0.112295
0.111444
0.109342
0.112020
0.106564
0.113348
0.116063
0.117248
0.116807
0.110600
0.109913
0.104347
0.109249
0.109543
0.113653
0.116598
0.113208
0.117945
0.104544
0.105547
0.106443
0.106472
0.103643
0.102753
0.101768
0.103242
0.102322
0.100751
0.102038
0.101938
0.107014
0.106420
0.106313
0.103039
0.105638
0.104675
0.107327
0.102313
0.104650
0.107251
0.105736
0.103397
0.103734
0.103587
0.100437
0.100473
0.098136
0.101065
0.101274
0.102190
0.098464
0.101307
0.100602
0.099578
0.102950
0.103002
0.107240
0.109974
0.110105
0.106174
0.109927
0.109477
0.106257
0.110836
0.109313
0.111606
0.111570
0.106485
0.105472
0.110794
0.118324
0.119298
0.118575
0.104404
0.107327
0.107018
0.105902
0.104949
0.105853
0.109654
0.111882
0.109387
0.110566
0.106165
0.112566
0.111978
0.112414
0.110690
0.110094
0.108536
0.112018
0.111034
0.114431
0.109528
0.109814
0.112036
0.109969
0.111475
0.111425
0.110781
0.109230
0.110649
0.110715
0.110793
0.110560
0.110339
0.110571
0.110462
0.111273
0.112314
0.106611
0.105245
0.104982
0.101568
0.099497
0.102131
0.101392
0.100470
0.103954
0.100654
0.104279
0.104708
0.102083
0.103911
0.098787
0.101290
0.097037
0.100063
0.099379
0.096899
0.102209
0.099133
0.098152
0.099235
0.098665
0.102303
0.095053
0.100325
0.100998
0.100923
0.102150
0.104014
0.105642
0.102740
0.107601
0.103853
0.105976
0.106237
0.100179
0.104445
0.110419
0.102218
0.095906
0.094964
0.104074
0.095843
0.103045
0.105016
0.103809
0.104901
0.098394
0.103569
0.105087
0.102231
0.105473
0.106786
0.103251
0.101973
0.102428
0.098628
0.099417
0.099987
0.102577
0.099145
0.099382
0.101155
0.103140
0.103245
0.101565
0.099164
0.094468
0.096412
0.096919
0.096783
0.097203
0.102902
0.099365
0.098926
0.099962
0.105035
0.100863
0.096910
0.108688
0.103704
0.101070
0.109585
0.109858
0.111021
0.107590
0.103381
0.099694
0.109545
0.104884
0.103784
0.105472
0.103938
0.103204
0.101471
0.097917
0.098327
0.096936
0.100363
0.100828
0.096730
0.094280
0.098104
0.100916
0.099354
0.097779
0.098330
0.099064
0.097960
0.098116
0.097965
0.096578
0.096915
0.096958
0.101440
0.098259
0.101388
0.096699
0.096191
0.094373
0.087349
0.086552
0.107263
0.105994
0.109084
0.108204
0.108835
0.110566
0.108533
0.106645
0.109139
0.106591
0.109830
0.107175
0.106382
0.103883
0.103355
0.107168
0.107151
0.103750
0.108346
0.104635
0.104558
0.072624
0.118867
0.115947
0.066409
0.077398
0.080902
0.086378
0.086454
0.085662
0.080344
0.105206
0.103998
0.103472
0.093682
0.093050
0.087370
0.089532
0.089278
0.092525
0.092595
0.094374
0.091007
0.103177
0.098721
0.098571
0.101981
0.097755
0.096584
0.086446
0.078842
0.073924
0.072566
0.071134
0.066852
0.068106
0.066777
0.062073
0.070830
0.067767
0.074137
0.072230
0.071744
0.068269
0.068859
0.070186
0.070730
0.072640
0.073599
0.077562
0.074870
0.075134
0.076349
0.076180
0.075946
0.074809
0.076755
0.074524
0.073995
0.074103
0.073814
0.074056
0.073592
0.075107
0.073549
0.073420
0.076803
0.071210
0.070446
0.065193
0.060733
0.062863
0.059683
0.065444
0.063732
0.070128
0.074218
0.089487
0.081654
0.083477
0.087038
0.088225
0.094624
0.095233
0.095622
0.096531
0.098438
0.095207
0.093963
0.092160
0.094475
0.090495
0.097578
0.091597
0.077405
0.076349
0.102027
0.094978
0.108470
0.120289
0.117176
0.118232
0.106711
0.101722
0.111717
0.073870
0.076503
0.077025
0.083460
0.076138
0.077775
0.071006
0.075166
0.082291
0.081083
0.075547
0.076725
0.078254
0.082273
0.081844
0.082550
0.076236
0.112903
0.102046
0.081278
0.080889
0.077627
0.076011
0.109593
0.106756
0.076315
0.076603
0.105392
0.077032
0.100609
0.100125
0.112164
0.112858
0.105348
0.102322
0.101866
0.107951
0.111247
0.109951
0.104695
0.075366
0.079517
0.094476
0.095516
0.093841
0.097226
0.097151
0.096398
0.079153
0.156753
0.152622
0.156459
0.156996
0.153639
0.158577
0.159960
0.162711
0.153313
0.158213
0.156430
0.156591
0.156787
0.153410
0.153728
0.154592
0.134213
0.154568
0.137557
0.155785
0.138755
0.142943
0.158902
0.142474
0.157673
0.157855
0.159390
0.141500
0.138745
0.150625
0.155847
0.141632
0.150178
0.144578
0.161001
0.160666
0.160371
0.149432
0.144931
0.148378
0.139114
0.120482
0.117756
0.105793
0.109117
0.100945
0.107185
0.097844
0.107793
0.093786
0.087753
0.061970
0.055060
0.062467
0.112632
0.097380
0.096352
0.094432
0.096984
0.091836
0.092051
0.089577
0.086950
0.088945
0.119922
0.123858
0.125792
0.113172
0.085962
0.086751
0.088134
0.091944
0.088195
0.083511
0.083728
0.082384
0.095298
0.097808
0.097729
0.109044
0.084820
0.087650
0.086866
0.089143
0.095482
0.086516
0.120445
0.120185
0.126084
0.124814
0.130415
0.155908
0.154740
0.149053
0.139641
0.140981
0.139880
0.139290
0.140540
0.135673
0.131143
0.136237
0.128238
0.124795
0.128191
0.135600
0.078174
0.066583
0.066148
0.075662
0.077208
0.074392
0.074055
0.078711
0.087459
0.079962
0.080213
0.083415
0.084971
0.062400
0.061814
0.080325
0.062939
0.080903
0.062490
0.062006
0.081674
0.061462
0.060892
0.059150
0.059619
0.076935
0.074798
0.075196
0.057796
0.059079
0.057915
0.056170
0.056236
0.056651
0.056492
0.056637
0.056424
0.056649
0.056468
0.058016
0.057868
0.056572
0.070196
0.073686
0.060265
0.060246
0.058464
0.058247
0.060192
0.060358
0.059880
0.060151
0.059086
0.059106
0.057887
0.059012
0.058473
0.071016
0.071444
0.058621
0.059758
0.076471
0.079156
0.078018
0.073463
0.104328
0.128891
0.130544
0.083884
0.082081
0.111079
0.084872
0.077906
0.085421
0.087767
0.091157
0.092551
0.101894
0.131410
0.135472
0.109950
0.109595
0.102892
0.102938
0.104138
0.104437
0.110382
0.122470
0.112483
0.109571
0.104457
0.102464
0.109368
0.100677
0.099383
0.102660
0.114937
0.104100
0.065868
0.095405
0.079348
0.073381
0.106436
0.104844
0.105597
0.097204
0.098092
0.100968
0.097461
0.101677
0.066732
0.068486
0.072758
0.066871
0.072580
0.077756
0.071581
0.078330
0.080502
0.080686
0.079256
0.081094
0.079638
0.080998
0.072966
0.073581
0.083581
0.076339
0.074331
0.078027
0.072258
0.080292
0.071519
0.078921
0.101423
0.078496
0.081153
0.079707
0.070040
0.074332
0.072915
0.095093
0.098404
0.090834
0.074566
0.090945
0.094469
0.091696
0.093300
0.067682
0.067920
0.067996
0.074602
0.066826
0.076139
0.068695
0.078083
0.070348
0.070382
0.068345
0.070906
0.070626
0.075976
0.088882
0.084141
0.088885
0.078995
0.074668
0.070376
0.072763
0.082155
0.076265
0.077775
0.078835
0.077658
0.074010
0.076153
0.076998
0.075920
0.076849
0.081439
0.077791
0.075952
0.075343
0.076891
0.076943
0.074567
0.096272
0.095644
0.098968
0.096089
0.084487
0.092737
0.091430
0.092040
0.092885
0.093186
0.094597
0.094347
0.100239
0.091141
0.087628
0.090885
0.091844
0.097866
0.096464
0.099013
0.098981
0.096904
0.091953
0.092629
0.095926
0.098511
0.099007
0.097357
0.101531
0.097855
0.095494
0.093485
0.098291
0.095540
0.092671
0.095319
0.091286
0.088312
0.089012
0.091372
0.093511
0.090747
0.097074
0.090396
0.088471
0.096023
0.091296
0.096482
0.100574
0.096313
0.088889
0.093384
0.088245
0.097489
0.091696
0.088243
0.089500
0.092822
0.088348
0.090031
0.089274
0.089762
0.088681
0.094765
0.095613
0.090540
0.087021
0.085901
0.091563
0.088048
0.154123
