0.068368
0.068115
0.068161
0.068113
0.068463
0.068446
0.068440
0.068509
0.068547
0.068402
0.068342
0.068362
0.068580
0.068547
0.068504
0.068694
0.069142
0.068842
0.068749
0.068727
0.068678
0.068279
0.068369
0.069804
0.068856
0.069977
0.069935
0.069938
0.069953
0.069716
0.069696
0.069714
0.068774
0.069937
0.068550
0.068128
0.068405
0.068130
0.068134
0.068040
0.067710
0.067990
0.068049
0.067988
0.068610
0.068939
0.069030
0.068927
0.068560
0.068229
0.069006
0.068095
0.068453
0.068383
0.068402
0.068296
0.068521
0.068331
0.068511
0.068671
0.068452
0.068343
0.068362
0.068508
0.069309
0.069348
0.068729
0.068932
0.068725
0.068493
0.068642
0.068615
0.068555
0.068650
0.068655
0.068652
0.068638
0.068300
0.068368
0.068396
0.068232
0.068080
0.068120
0.068155
0.068378
0.068308
0.068533
0.068337
0.068546
0.068378
0.068201
0.068250
0.068173
0.068087
0.068289
0.068203
0.068933
0.068395
0.068481
0.068840
0.068279
0.068110
0.068157
0.068199
0.067991
0.067876
0.068636
0.067844
0.068423
0.068032
0.068652
0.068048
0.068197
0.068104
0.068681
0.068180
0.068697
0.068621
0.068217
0.068430
0.067964
0.067988
0.068014
0.067975
0.067851
0.067867
0.067862
0.067860
0.068076
0.067891
0.067712
0.067828
0.067693
0.067761
0.068672
0.067889
0.067776
0.067736
0.067600
0.067336
0.067755
0.067683
0.067649
0.067651
0.067477
0.067348
0.067637
0.067638
0.067872
0.067530
0.067660
0.068113
0.067720
0.067742
0.067454
0.067530
0.067910
0.068828
0.068720
0.067597
0.067909
0.067769
0.067777
0.067765
0.068795
0.068164
0.068635
0.068724
0.068653
0.067632
0.067635
0.068509
0.068595
0.068584
0.067772
0.067785
0.067918
0.067634
0.067572
0.067572
0.067767
0.067695
0.067631
0.067635
0.068433
0.067767
0.068322
0.067707
0.067669
0.067750
0.067649
0.067936
0.068080
0.068145
0.068003
0.067982
0.067879
0.067937
0.068094
0.068022
0.068190
0.063301
0.056802
0.041179
0.039832
0.032962
0.034279
0.033965
0.029393
0.025332
0.016945
0.013478
0.004472
0.002868
0.002450
0.002185
0.001965
0.001492
0.001125
0.000915
0.000891
0.000905
0.000908
0.000854
0.000859
0.000863
0.000796
0.000761
0.000751
0.000714
0.000681
0.000625
0.000598
0.000593
0.000594
0.000571
0.000604
0.000654
0.000658
0.000666
0.000632
0.000623
0.000607
0.000516
0.000450
0.000343
0.000233
0.000185
0.000135
0.000100
0.000067
0.000050
0.000034
0.000024
0.000017
0.000015
0.000013
0.000013
0.000013
0.000012
0.000012
0.000012
0.000012
0.000012
0.000012
0.000012
0.000012
0.000011
0.000011
0.000011
0.000011
0.000011
0.000011
0.000011
0.000011
0.000010
0.000010
0.000012
0.000014
0.000019
0.000027
0.000042
0.000061
0.000092
0.000123
0.000175
0.000235
0.000342
0.000470
0.000602
0.000677
0.000740
0.000790
0.000821
0.000851
0.000861
0.000864
0.000862
0.000848
0.000827
0.000808
0.000769
0.000739
0.000714
0.000682
0.000682
0.000640
0.000589
0.000558
0.000552
0.000559
0.000572
0.000606
0.000621
0.000640
0.000632
0.000618
0.000606
0.000553
0.000474
0.000376
0.000266
0.000199
0.000140
0.000107
0.000073
0.000049
0.000030
0.000018
0.000010
0.000006
0.000004
0.000003
0.000002
0.000002
0.000002
0.000002
0.000002
0.000002
0.000001
0.000001
0.000001
0.000001
0.000001
0.000000
0.000000
0.000000
0.000000
0.000001
0.000001
0.000001
0.000001
0.000003
0.000004
0.000009
0.000015
0.000026
0.000043
0.000068
0.000098
0.000179
0.000247
0.000331
0.000461
0.000548
0.000662
0.000752
0.000815
0.000820
0.000854
0.000862
0.000899
0.000890
0.000876
0.000859
0.000831
0.000800
0.000802
0.000756
0.000711
0.000702
0.000678
0.000630
0.000585
0.000590
0.000570
0.000578
0.020135
0.048241
0.048226
0.044880
0.043536
0.039947
0.030222
0.030374
0.023260
0.021146
0.018187
0.018136
0.018079
0.018060
0.018050
0.018034
0.018021
0.018011
0.018005
0.018006
0.018001
0.018001
0.018003
0.017817
0.017819
0.017819
0.017819
0.017819
0.017819
0.017819
0.017822
0.017817
0.017808
0.017829
0.017804
0.017804
0.017808
0.017807
0.017802
0.017802
0.017802
0.017805
0.017803
0.017808
0.017831
0.017850
0.017842
0.017872
0.017828
0.017771
0.017839
0.018013
0.018135
0.018134
0.018222
0.018083
0.018213
0.018254
0.018277
0.018369
0.018285
0.018282
0.018148
0.018257
0.018215
0.018407
0.018369
0.018330
0.018316
0.018293
0.018267
0.018222
0.018178
0.018163
0.018166
0.018299
0.018313
0.018340
0.018356
0.018347
0.018351
0.018335
0.018296
0.018221
0.018145
0.018055
0.017992
0.017944
0.017912
0.017881
0.017855
0.017839
0.017828
0.017829
0.017829
0.017828
0.017826
0.017825
0.017826
0.017826
0.017826
0.017827
0.017825
0.017825
0.017825
0.017825
0.017824
0.017824
0.017824
0.017825
0.017825
0.017825
0.017825
0.017825
0.017824
0.017824
0.017826
0.017827
0.017826
0.017834
0.017841
0.017855
0.017859
0.017812
0.017758
0.017803
0.017869
0.018062
0.018193
0.018292
0.018358
0.018105
0.018249
0.018278
0.018178
0.018194
0.018189
0.018195
0.018159
0.018260
0.018415
0.018438
0.018399
0.018385
0.018345
0.018311
0.018219
0.018185
0.018168
0.018165
0.018172
0.018299
0.018329
0.018391
0.018415
0.018402
0.018383
0.018352
0.018318
0.018209
0.018109
0.018042
0.017969
0.017930
0.017899
0.017871
0.017845
0.017836
0.017838
0.017807
0.017803
0.017799
0.017792
0.017792
0.017809
0.017792
0.017787
0.017787
0.017787
0.017789
0.017785
0.017784
0.017787
0.017790
0.017783
0.017797
0.017797
0.017787
0.017813
0.017794
0.017795
0.017796
0.017793
0.017800
0.017804
0.017813
0.017826
0.017844
0.017871
0.017805
0.017859
0.017915
0.018094
0.018210
0.018327
0.018409
0.018290
0.018326
0.018354
0.018372
0.018384
0.018399
0.018393
0.018216
0.018305
0.018246
0.018484
0.018455
0.018421
0.018360
0.018343
0.018314
0.018265
0.018240
0.018205
0.018219
0.018331
0.018388
0.018361
0.018370
0.018373
0.018326
0.018366
0.018320
0.018241
0.018190
0.018092
0.018029
0.017977
0.017929
0.017849
0.017845
0.017822
0.017807
0.017800
0.017795
0.017796
0.017793
0.017794
0.017793
0.017794
0.017799
0.017799
0.017799
0.017800
0.017798
0.017799
0.017779
0.017780
0.017777
0.017778
0.017779
0.017779
0.017784
0.017780
0.017779
0.017779
0.017801
0.017802
0.017805
0.017812
0.017824
0.017843
0.017841
0.017980
0.017805
0.017856
0.017914
0.018066
0.018224
0.018307
0.018325
0.018274
0.018305
0.018362
0.018257
0.018264
0.018280
0.018263
0.018244
0.018211
0.018201
0.018265
0.018234
0.018402
0.018387
0.018303
0.018254
0.018254
0.018195
0.018191
0.018309
0.030632
0.019340
0.017795
0.018327
0.018743
0.021691
0.025315
0.025577
0.026210
0.025137
0.021200
0.021147
0.021091
0.020994
0.020953
0.020937
0.020920
0.020908
0.020897
0.020896
0.020800
0.020898
0.020900
0.020856
0.020876
0.020860
0.020864
0.020937
0.020932
0.020896
0.020932
0.021010
0.021012
0.021012
0.021012
0.021012
0.021036
0.021014
0.021036
0.020930
0.020928
0.020940
0.020945
0.020942
0.021000
0.021063
0.021123
0.021218
0.021575
0.021557
0.021756
0.022093
0.022351
0.022623
0.022843
0.023076
0.023152
0.023181
0.023261
0.023388
0.023413
0.023320
0.023321
0.023276
0.023135
0.022967
0.022868
0.022627
0.022389
0.022191
0.021994
0.021816
0.021633
0.021586
0.021697
0.021654
0.021548
0.021577
0.021608
0.021635
0.021649
0.021522
0.021483
0.021455
0.021357
0.021264
0.021220
0.021151
0.021115
0.021080
0.021056
0.021055
0.021042
0.021036
0.021034
0.021033
0.021032
0.021032
0.021032
0.021032
0.021031
0.021033
0.021033
0.021033
0.021034
0.021034
0.021034
0.021034
0.020926
0.020935
0.020935
0.020935
0.020935
0.020935
0.020935
0.020935
0.020953
0.020958
0.020976
0.020985
0.021041
0.021113
0.021211
0.021294
0.021493
0.021502
0.021774
0.022147
0.022401
0.022673
0.022900
0.023009
0.023222
0.023269
0.023357
0.023325
0.023360
0.023340
0.023309
0.023188
0.023035
0.022870
0.022726
0.022507
0.022339
0.022150
0.021956
0.021782
0.021666
0.021565
0.021716
0.021524
0.021288
0.021309
0.021351
0.021328
0.021359
0.021203
0.021289
0.021335
0.021221
0.021049
0.021159
0.021151
0.021118
0.021106
0.021074
0.021073
0.020850
0.020700
0.020694
0.020708
0.020709
0.020705
0.020705
0.020705
0.020710
0.020710
0.020710
0.020710
0.020945
0.021001
0.021001
0.021004
0.021027
0.021028
0.021028
0.021043
0.020968
0.020973
0.020970
0.020973
0.020966
0.021004
0.021067
0.020942
0.020940
0.021004
0.021109
0.021325
0.021681
0.021720
0.022047
0.022305
0.022558
0.022795
0.023029
0.023142
0.023262
0.023233
0.023305
0.023217
0.023151
0.023202
0.023116
0.022909
0.022813
0.022665
0.022491
0.022284
0.022096
0.021876
0.021640
0.021555
0.021384
0.021498
0.021661
0.021587
0.021498
0.021523
0.021523
0.021537
0.021520
0.021485
0.021422
0.021339
0.021246
0.021188
0.021096
0.021115
0.021086
0.021055
0.020999
0.021026
0.020989
0.020998
0.021020
0.021044
0.021062
0.021026
0.021014
0.021025
0.021025
0.021025
0.020987
0.021010
0.021009
0.021009
0.021014
0.021014
0.021014
0.021009
0.020999
0.020999
0.020999
0.021013
0.020905
0.020902
0.020906
0.020937
0.020957
0.020911
0.021139
0.021240
0.021437
0.021349
0.021468
0.021591
0.022163
0.022440
0.022485
0.022915
0.023129
0.023177
0.023315
0.023368
0.023318
0.023338
0.023250
0.022983
0.022846
0.022687
0.022619
0.022461
0.022240
0.022052
0.021855
0.021677
0.021504
0.021611
0.021446
0.021425
0.021453
0.021620
0.021649
0.021674
0.021671
0.021761
0.021528
0.021608
0.021505
0.021419
0.021230
0.021150
0.021120
0.021121
0.027251
0.027200
0.029888
0.034229
0.041113
0.045909
0.056616
0.072058
0.076952
0.072564
0.075188
0.075184
0.076955
0.075652
0.077300
0.077909
0.077339
0.077351
0.079390
0.077185
0.079547
0.079708
0.079666
0.080663
0.080811
0.079516
0.080207
0.080870
0.081105
0.079916
0.080447
0.081212
0.080249
0.080575
0.080109
0.080869
0.080863
0.080472
0.080442
0.080200
0.079897
0.080335
0.080159
0.079435
0.079706
0.080063
0.080860
0.080059
0.079428
0.078246
0.078072
0.077764
0.080506
0.079577
0.080322
0.079073
0.079351
0.078935
0.079623
0.079109
0.078706
0.078977
0.078911
0.078692
0.079637
0.078990
0.079243
0.076524
0.076923
0.076586
0.076728
0.076516
0.076604
0.076481
0.076695
0.075969
0.077960
0.075673
0.075659
0.075447
0.075444
0.075761
0.075553
0.074640
0.078815
0.078641
0.078748
0.074260
0.074538
0.075740
0.074255
0.074280
0.074191
0.073967
0.074649
0.074372
0.074654
0.074301
0.074101
0.074574
0.074935
0.074358
0.074790
0.074663
0.074907
0.075009
0.075473
0.075269
0.075424
0.075230
0.075066
0.074902
0.074752
0.074277
0.074412
0.074431
0.072707
0.072757
0.073584
0.073556
0.073502
0.073364
0.073400
0.071593
0.073152
0.072780
0.072862
0.073825
0.073910
0.072883
0.072478
0.073430
0.073034
0.072069
0.074350
0.074751
0.073403
0.072790
0.073251
0.072567
0.072779
0.073704
0.074330
0.074179
0.074088
0.073223
0.074206
0.074341
0.073738
0.073618
0.073760
0.073908
0.072792
0.073614
0.073738
0.072980
0.072893
0.072958
0.073018
0.074345
0.074314
0.074325
0.074402
0.074373
0.074336
0.074343
0.073936
0.075492
0.075258
0.075403
0.075406
0.075490
0.073888
0.074944
0.075028
0.073584
0.073511
0.073910
0.074153
0.074133
0.074337
0.073738
0.073744
0.073845
0.073698
0.074658
0.074735
0.075026
0.074177
0.073671
0.073663
0.073773
0.073684
0.073572
0.073242
0.074183
0.075170
0.072930
0.073905
0.072866
0.072894
0.072737
0.074387
0.073807
0.073595
0.073932
0.073770
0.073941
0.073971
0.073986
0.073510
0.071618
0.069463
0.069197
0.069224
0.069095
0.069153
0.068954
0.067949
0.068985
0.078011
0.078294
0.069430
0.069477
0.069522
0.069638
0.069903
0.069964
0.069825
0.069760
0.069697
0.069417
0.069627
0.066654
0.066771
0.066544
0.068892
0.079205
0.069372
0.068178
0.066346
0.069283
0.080752
0.080584
0.080172
0.068749
0.076885
0.068695
0.076859
0.076331
0.078711
0.066911
0.065203
0.065589
0.076561
0.067372
0.067606
0.067620
0.064805
0.067612
0.067404
0.068102
0.067255
0.066798
0.068305
0.068334
0.066703
0.067065
0.066231
0.066548
0.066638
0.066518
0.066107
0.066308
0.066041
0.066295
0.066583
0.065951
0.065663
0.064292
0.064237
0.064243
0.064249
0.064965
0.063715
0.063776
0.063577
0.064348
0.063624
0.064407
0.063180
0.063007
0.063031
0.062914
0.063034
0.063117
0.062943
0.063150
0.063701
0.063155
0.063286
0.063125
0.063999
0.063765
0.063841
0.063153
0.063929
0.063806
0.063695
0.063566
0.063667
0.063188
0.063731
0.063238
0.063454
0.063541
0.063336
0.063279
0.063203
0.063251
0.062568
0.062997
0.062877
0.062775
0.062820
0.062948
0.063863
0.063872
0.063946
0.063913
0.063752
0.063579
0.063111
0.063468
0.062911
0.062888
0.063090
0.063572
0.063053
0.063177
0.063287
0.062755
0.062685
0.062799
0.061994
0.062729
0.062904
0.062873
0.062844
0.062718
0.062516
0.062142
0.062128
0.062794
0.063011
0.061916
0.061865
0.054886
0.040754
0.039516
0.037569
0.035031
0.033236
0.036568
0.039714
0.047767
0.041301
0.037554
0.035554
0.035938
0.035719
0.039323
0.038882
0.040130
0.039604
0.039697
0.041372
0.041258
0.040945
0.039473
0.039505
0.039486
0.039490
0.039497
0.039497
0.041551
0.039501
0.039381
0.041432
0.039587
0.039484
0.039484
0.039484
0.039629
0.039629
0.039773
0.039759
0.039707
0.039763
0.039857
0.039741
0.039740
0.039741
0.039703
0.039703
0.039703
0.039703
0.042061
0.042059
0.042059
0.042025
0.039727
0.039793
0.039761
0.039777
0.040056
0.040095
0.040095
0.040152
0.040049
0.040043
0.040043
0.040043
0.040038
0.040064
0.040073
0.042452
0.039788
0.042375
0.042260
0.042249
0.042213
0.042213
0.042218
0.040072
0.039785
0.039751
0.039760
0.039790
0.039943
0.040132
0.040132
0.039887
0.039867
0.039867
0.039867
0.039867
0.040077
0.040077
0.040077
0.040077
0.039867
0.039837
0.039838
0.039837
0.042528
0.042489
0.042489
0.042489
0.042519
0.042520
0.042520
0.042521
0.040089
0.040090
0.040090
0.040090
0.040063
0.040063
0.040063
0.040061
0.039986
0.040028
0.040028
0.040029
0.040011
0.040011
0.040011
0.039985
0.040039
0.040016
0.040016
0.040067
0.040009
0.040009
0.040009
0.040009
0.040076
0.040034
0.040034
0.040033
0.040034
0.040026
0.040026
0.039835
0.039836
0.039805
0.039835
0.040080
0.041329
0.041348
0.041543
0.041513
0.041508
0.041508
0.041508
0.041508
0.041600
0.041504
0.041504
0.041504
0.040075
0.040051
0.040051
0.040051
0.039910
0.039910
0.039918
0.039919
0.040107
0.040096
0.040096
0.040106
0.041461
0.041458
0.041458
0.040078
0.040195
0.040198
0.040199
0.040161
0.040170
0.040163
0.040175
0.040173
0.040181
0.040182
0.040164
0.040167
0.040107
0.040108
0.040108
0.040105
0.040170
0.040170
0.040169
0.040170
0.040145
0.040102
0.040141
0.040140
0.040141
0.040119
0.040180
0.039791
0.039832
0.039881
0.039829
0.039828
0.039845
0.039843
0.039845
0.039830
0.039375
0.039375
0.039375
0.039375
0.039658
0.039658
0.039645
0.039645
0.039663
0.039663
0.039663
0.039663
0.039705
0.039705
0.039705
0.039705
0.039686
0.039686
0.039686
0.039686
0.039655
0.039666
0.039661
0.039683
0.039726
0.039726
0.039757
0.039727
0.039690
0.039671
0.039676
0.039674
0.039723
0.039687
0.039687
0.039688
0.039672
0.039672
0.039672
0.039672
0.040105
0.039649
0.039649
0.039649
0.039663
0.039664
0.039624
0.040093
0.040128
0.040128
0.040126
0.041338
0.039764
0.039880
0.039866
0.039968
0.039866
0.039936
0.039951
0.039978
0.040006
0.039738
0.039738
0.040095
0.040075
0.040088
0.040088
0.040088
0.039827
0.039827
0.039832
0.039835
0.039868
0.039868
0.039899
0.039928
0.039823
0.039849
0.039850
0.039821
0.039927
0.039959
0.039959
0.039981
0.039973
0.039951
0.039980
0.039986
0.039902
0.039906
0.039906
0.039899
0.039895
0.039934
0.039906
0.039913
0.039904
0.039892
0.039892
0.039838
0.039882
0.039882
0.039882
0.040123
0.040137
0.040139
0.039878
0.039877
0.039885
0.040149
0.039961
0.040258
0.040050
0.040265
0.040240
0.039952
0.039932
0.040147
0.040147
0.039931
0.040081
0.040081
0.040081
0.039964
0.040238
0.040217
0.040218
0.040220
0.040275
0.040258
0.040258
0.040258
0.039873
0.039873
0.039759
0.039725
0.040087
0.040088
0.040088
0.039769
0.040010
0.040009
0.039546
0.039531
0.039722
0.039721
0.039721
0.040034
0.040191
0.040158
0.040144
0.040153
0.042547
0.042518
0.042557
0.042572
0.040191
0.039732
0.040191
0.039745
0.039724
0.039719
0.040162
0.040163
0.040165
0.040157
0.040178
0.040169
0.040172
0.040129
0.040184
0.040050
0.040047
0.040096
0.040055
0.040094
0.040107
0.040108
0.040108
0.040106
0.040085
0.040065
0.040060
0.039851
0.039876
0.039876
0.039876
0.039876
0.039861
0.039894
0.039865
0.039894
0.039894
0.039894
0.039894
0.039894
0.039895
0.039895
0.039895
0.039895
0.040049
0.040120
0.040120
0.040077
0.040154
0.040151
0.040080
0.040027
0.040581
0.037936
0.038128
0.037200
0.035962
0.035170
0.035976
0.033255
0.032260
0.029022
0.025190
0.022018
0.017475
0.015445
0.013641
0.012139
0.010423
0.009397
0.008744
0.008788
0.008920
0.008926
0.008972
0.008853
0.008834
0.008847
0.008793
0.008744
0.008725
0.008709
0.008637
0.008604
0.008602
0.008613
0.008627
0.008622
0.008642
0.008676
0.008687
0.008670
0.008652
0.008640
0.008542
0.008466
0.008368
0.008279
0.008221
0.008170
0.008139
0.008108
0.008087
0.008069
0.008051
0.008046
0.008042
0.008042
0.008042
0.008045
0.008045
0.008045
0.008044
0.008044
0.008044
0.008045
0.008040
0.008040
0.008040
0.008041
0.008046
0.008046
0.008046
0.008045
0.008044
0.008045
0.008044
0.008045
0.008043
0.008047
0.008050
0.008057
0.008073
0.008093
0.008119
0.008169
0.008219
0.008285
0.008388
0.008501
0.008628
0.008717
0.008776
0.008818
0.008846
0.008881
0.008918
0.008912
0.008899
0.008887
0.008891
0.008852
0.008831
0.008794
0.008761
0.008744
0.008705
0.008678
0.008633
0.008622
0.008595
0.008603
0.008617
0.008650
0.008662
0.008683
0.008670
0.008664
0.008649
0.008610
0.008517
0.008419
0.008309
0.008240
0.008182
0.008146
0.008114
0.008091
0.008073
0.008062
0.008055
0.008050
0.008048
0.008047
0.008046
0.008046
0.008046
0.008046
0.008046
0.008046
0.008046
0.008045
0.008045
0.008045
0.008045
0.008056
0.008052
0.008053
0.008053
0.008053
0.008053
0.008053
0.008053
0.008053
0.008056
0.008060
0.008067
0.008075
0.008096
0.008122
0.008157
0.008187
0.008252
0.008329
0.008460
0.008576
0.008690
0.008757
0.008811
0.008844
0.008880
0.008903
0.008914
0.008934
0.008900
0.008883
0.008861
0.008831
0.008820
0.008785
0.008763
0.008717
0.008694
0.008652
0.008627
0.008588
0.008588
0.008599
0.008625
0.008644
0.008671
0.008671
0.008667
0.008652
0.008623
0.015618
0.067463
0.068770
0.067690
0.062828
0.063128
0.068200
0.067778
0.068327
0.068302
0.068444
0.068449
0.068349
0.068477
0.069602
0.068322
0.068129
0.068115
0.068386
0.068174
0.068228
0.067992
0.068082
0.067561
0.067634
0.067778
0.067793
0.067925
0.067782
0.067872
0.067993
0.067836
0.067944
0.067949
0.067894
0.068034
0.068033
0.067933
0.067969
0.068055
0.068008
0.067823
0.068063
0.068014
0.067774
0.068012
0.068169
0.068291
0.068130
0.068119
0.067916
0.068047
0.067876
0.068014
0.068004
0.067988
0.067761
0.067750
0.067804
0.067727
0.067532
0.068412
0.068450
0.067208
0.067203
0.067173
0.067189
0.067133
0.067156
0.061266
0.061142
0.069209
0.070029
0.069982
0.061278
0.061591
0.061494
0.061675
0.068845
0.069192
0.061326
0.067797
0.069430
0.061311
0.067598
0.067902
0.067433
0.067603
0.067563
0.067637
0.067544
0.067549
0.067511
0.067612
0.067547
0.067512
0.067666
0.067715
0.067556
0.067903
0.067935
0.067638
0.067526
0.067986
0.067865
0.067963
0.067933
0.067999
0.067989
0.068018
0.068012
0.068017
0.068046
0.068037
0.067996
0.068165
0.068073
0.068327
0.068341
0.068257
0.067963
0.068339
0.068543
0.068654
0.068475
0.068220
0.068780
0.068436
0.068426
0.067802
0.067548
0.067953
0.067984
0.068028
0.067849
0.067738
0.067747
0.067894
0.067778
0.068006
0.068023
0.068070
0.068087
0.068133
0.067857
0.067932
0.067958
0.067739
0.068017
0.068028
0.067799
0.067839
0.067829
0.067827
0.067776
0.067795
0.067630
0.067582
0.067884
0.067867
0.067614
0.067906
0.067743
0.067598
0.067640
0.067736
0.067577
0.067586
0.067905
0.067779
0.067838
0.067823
0.067716
0.067817
0.067527
0.067362
0.067822
0.067714
0.067742
0.067691
0.067667
0.067684
0.067551
0.067376
0.067566
0.067751
0.067486
0.067616
0.067181
0.066951
0.067058
0.066987
0.067012
0.067031
0.067151
0.067234
0.067146
0.067333
0.067289
0.067282
0.068213
0.067200
0.067516
0.067344
0.067238
0.067271
0.067238
0.067463
0.067268
0.067566
0.067593
0.067592
0.067595
0.067514
0.067431
0.067389
0.067665
0.067706
0.067652
0.067655
0.067704
0.067668
0.067429
0.102817
0.105260
0.108759
0.111888
0.109890
0.108609
0.127805
0.139306
0.174892
0.154046
0.149758
0.141592
0.131453
0.126196
0.105807
0.092756
0.109681
0.102937
0.071015
0.068036
0.051578
0.050213
0.056603
0.053123
0.051643
0.053035
0.052459
0.052706
0.052785
0.053408
0.052936
0.052824
0.052884
0.052618
0.052422
0.050658
0.050325
0.050135
0.049867
0.049912
0.050658
0.050749
0.050826
0.050885
0.051674
0.051797
0.050879
0.050498
0.051313
0.051614
0.051529
0.051309
0.051133
0.051136
0.052438
0.052379
0.053121
0.053288
0.052403
0.052730
0.052794
0.053069
0.052539
0.052203
0.052764
0.051870
0.068774
0.083141
0.101258
0.106706
0.117426
0.115789
0.150802
0.266676
0.265217
0.272536
0.290321
0.290564
0.291360
0.292173
0.292173
0.292173
0.292173
0.292173
0.292173
0.292173
0.292173
