0.045018
0.044741
0.044873
0.044774
0.044598
0.044694
0.045096
0.049838
0.049831
0.049858
0.049863
0.049898
0.050100
0.050103
0.041619
0.043374
0.044635
0.044636
0.045196
0.043938
0.044554
0.043864
0.044056
0.043977
0.051616
0.051156
0.051424
0.051524
0.051304
0.051124
0.051828
0.051791
0.051879
0.051891
0.051748
0.051693
0.051807
0.051831
0.051818
0.052041
0.051722
0.032065
0.030425
0.029787
0.030168
0.030231
0.029609
0.035229
0.031444
0.035900
0.036651
0.031407
0.034819
0.034356
0.028722
0.051356
0.051333
0.051506
0.051465
0.051593
0.051715
0.037913
0.038505
0.038437
0.040704
0.044606
0.037978
0.040744
0.041845
0.042907
0.043919
0.049230
0.042844
0.043027
0.051982
0.051825
0.051848
0.051849
0.051983
0.051982
0.052188
0.051879
0.051832
0.052595
0.047951
0.052765
0.051269
0.048512
0.049269
0.052894
0.050133
0.048880
0.045259
0.049221
0.046520
0.048425
0.040610
0.047135
0.045767
0.049532
0.048104
0.039345
0.039302
0.039174
0.038042
0.039957
0.039640
0.040044
0.039967
0.039788
0.039258
0.039141
0.039002
0.039273
0.039150
0.038901
0.038329
0.039278
0.039030
0.039307
0.040976
0.043260
0.041946
0.046645
0.044797
0.042681
0.046463
0.040590
0.039412
0.044581
0.040110
0.038298
0.037398
0.037800
0.037661
0.036975
0.036941
0.036783
0.037527
0.035857
0.034955
0.034852
0.041333
0.038117
0.041226
0.046463
0.047274
0.046247
0.045559
0.037219
0.050520
0.052786
0.052788
0.052929
0.056202
0.044531
0.051558
0.052446
0.050191
0.042192
0.046860
0.040753
0.040724
0.041007
0.037761
0.042502
0.042423
0.046434
0.047691
0.045877
0.047077
0.039254
0.038891
0.039776
0.036344
0.045333
0.043713
0.041247
0.041543
0.045014
0.048934
0.050090
0.042860
0.042823
0.043117
0.045645
0.045933
0.047144
0.045975
0.043752
0.048060
0.047487
0.047391
0.047286
0.053222
0.053870
0.040319
0.050267
0.049565
0.046742
0.047455
0.050196
0.052530
0.052770
0.052540
0.050788
0.046921
0.052948
0.052950
0.052272
0.052838
0.054491
0.054936
0.054012
0.072218
0.093144
0.102141
0.130652
0.133832
0.178950
0.345188
0.050469
0.050469
0.051252
0.051252
0.032940
0.046064
0.094540
0.096044
0.093669
0.093289
0.091283
0.099106
0.099079
0.077681
0.082689
0.086310
0.080807
0.080524
0.082923
0.081112
0.082921
0.081074
0.081067
0.085889
0.083068
0.092458
0.082991
0.085012
0.086545
0.082033
0.079259
0.088245
0.088721
0.080537
0.081946
0.085429
0.082753
0.083044
0.083098
0.092860
0.090776
0.091241
0.091058
0.091402
0.091927
0.090159
0.092530
0.092615
0.086396
0.091440
0.085458
0.082428
0.082482
0.090066
0.086192
0.100725
0.093227
0.099450
0.099530
0.082290
0.098047
0.097528
0.097249
0.096454
0.096893
0.079682
0.092404
0.092928
0.092719
0.090909
0.091699
0.091880
0.092264
0.094229
0.094989
0.095348
0.095306
0.096027
0.095574
0.095968
0.140238
0.126424
0.150740
0.108911
0.101799
0.098017
0.102570
0.090394
0.112364
0.078461
0.076481
0.075635
0.076424
0.072909
0.072089
0.069615
0.069740
0.066861
0.064856
0.064020
0.087929
0.065026
0.066087
0.060554
0.066753
0.065498
0.063966
0.059944
0.062533
0.526312
0.442011
0.374883
0.372904
0.271142
0.198531
0.158972
0.103424
0.103282
0.069660
0.063405
0.046399
0.051792
0.051585
0.052839
0.050205
0.049367
0.053505
0.051479
0.053153
0.053927
0.056074
0.053962
0.054192
0.054920
0.055674
0.506941
0.397775
0.397775
0.317891
0.274289
0.226387
0.158486
0.150506
0.128178
0.094173
0.065565
0.047309
0.046710
0.044396
0.042311
0.053723
0.042906
0.042915
0.043292
0.060794
0.042939
0.043442
0.043461
0.044921
0.045371
0.048735
0.034223
0.034304
0.031715
0.032685
0.032922
0.027300
0.027237
0.028674
0.032423
0.033514
0.029236
0.029360
0.030259
0.029442
0.030295
0.029566
0.029884
0.026987
0.026717
0.028670
0.028194
0.028240
0.028027
0.031029
0.027745
0.028628
0.028504
0.028892
0.030271
0.031227
0.031365
0.031779
0.030734
0.030598
0.031761
0.031114
0.034174
0.031985
0.031563
0.031499
0.031981
0.032101
0.031246
0.029576
0.031150
0.031457
0.031410
0.031922
0.031267
0.030961
0.032150
0.032342
0.034466
0.040623
0.041720
0.041032
0.040700
0.040947
0.040898
0.040627
0.036173
0.036062
0.035032
0.038521
0.042660
0.038816
0.038962
0.037738
0.035643
0.035658
0.034405
0.039948
0.032839
0.033208
0.033809
0.031483
0.032229
0.031443
0.030614
0.031084
0.031308
0.034272
0.033897
0.034477
0.031761
0.031953
0.031753
0.031224
0.032078
0.030667
0.031849
0.032466
0.029827
0.029145
0.028016
0.029436
0.029517
0.030466
0.028369
0.029762
0.029876
0.030356
0.034769
0.041648
0.041614
0.041674
0.041415
0.041192
0.042012
0.042347
0.042689
0.042258
0.043032
0.042082
0.041451
0.044561
0.043408
0.040650
0.040492
0.044907
0.044640
0.044684
0.045190
0.057749
0.059801
0.051576
0.050859
0.059365
0.057420
0.055768
0.052926
0.053806
0.049219
0.054434
0.047606
0.050177
0.049464
0.051780
0.051447
0.050494
0.060813
0.061006
0.061766
0.059180
0.056494
0.064914
0.062750
0.065491
0.065013
0.047285
0.055145
0.054896
0.054104
0.049914
0.063123
0.043079
0.042879
0.041089
0.043574
0.040353
0.035535
0.036469
0.034756
0.039307
0.037926
0.047880
0.048097
0.049777
0.044604
0.043296
0.041448
0.040880
0.036065
0.037606
0.035350
0.035990
0.034544
0.035651
0.036655
0.037031
0.043395
0.043234
0.042448
0.040298
0.030182
0.032940
0.032734
0.028406
0.028302
0.028798
0.033375
0.030985
0.032264
0.032454
0.032940
0.033617
0.033582
0.033496
0.032884
0.034739
0.032813
0.032997
0.034072
0.031765
0.031998
0.031017
0.030994
0.030594
0.032469
0.033113
0.033189
0.033195
0.032517
0.027634
0.027898
0.028339
0.031837
0.030957
0.027231
0.031109
0.030837
0.028160
0.027805
0.027424
0.027883
0.024470
0.024304
0.024790
0.026310
0.025808
0.025981
0.025966
0.025003
0.024787
0.025808
0.029282
0.029338
0.026104
0.025707
0.025834
0.026352
0.026350
0.026085
0.024981
0.024932
0.036519
0.035833
0.036623
0.038488
0.041756
0.040562
0.040015
0.037467
0.038197
0.038420
0.037947
0.036723
0.036478
0.036463
0.035129
0.031731
0.033566
0.035193
0.034050
0.033893
0.033822
0.033720
0.033479
0.031969
0.031855
0.031846
0.031334
0.030912
0.034102
0.031198
0.031434
0.032553
0.031458
0.033292
0.033500
0.030413
0.030348
0.031002
0.034390
0.035247
0.035108
0.034814
0.033818
0.033716
0.033741
0.034321
0.034472
0.034714
0.034703
0.032950
0.035322
0.035291
0.033481
0.033797
0.033877
0.031683
0.031476
0.032514
0.032720
0.032946
0.032569
0.032435
0.032301
0.033362
0.035513
0.035587
0.034625
0.034653
0.034919
0.027893
0.034990
0.035292
0.033938
0.034408
0.032980
0.034261
0.034317
0.034901
0.034713
0.034506
0.034762
0.034718
0.034725
0.034869
0.041855
0.041918
0.040893
0.040255
0.036552
0.033548
0.034182
0.034168
0.033466
0.033224
0.033258
0.033028
0.032822
0.031580
0.031938
0.032576
0.022655
0.022815
0.017642
0.015258
0.010401
0.009781
0.009959
0.009353
0.009245
0.009826
0.008598
0.009127
0.007826
0.005940
0.005272
0.004937
0.004927
0.004832
0.004078
0.002740
0.002364
0.002353
0.002036
0.001708
0.001208
0.001587
0.001586
0.000648
0.000000
0.000525
0.001824
0.001829
0.002690
0.001603
0.003530
0.004370
0.004324
0.004661
0.005177
0.005100
0.006832
0.006810
0.007625
0.008140
0.007349
0.008628
0.008632
0.035965
0.034870
0.033466
0.034404
0.034539
0.034010
0.035303
0.035961
0.033692
0.032546
0.038186
0.037788
0.039364
0.039911
0.039299
0.041206
0.041090
0.039150
0.040449
0.035056
0.042491
0.040557
0.037787
0.036820
0.037511
0.037789
0.039275
0.036285
0.035584
0.035749
0.037515
0.036902
0.033908
0.036008
0.035846
0.038052
0.043150
0.045943
0.042536
0.042849
0.046417
0.041708
0.037890
0.038104
0.037788
0.036194
0.034222
0.038441
0.051808
0.051978
0.048463
0.201791
0.398442
0.351497
0.349361
0.369436
0.357709
0.357017
0.475585
0.475768
0.470106
0.412906
0.280006
0.264639
0.264924
0.221144
0.209788
0.190459
0.182822
0.183711
0.160297
0.153943
0.160427
0.147795
0.147477
0.152726
0.142644
0.141514
0.140950
0.137572
0.031165
0.028711
0.030933
0.034999
0.035237
0.030293
0.033060
0.034835
0.033083
0.032597
0.034328
0.035937
0.035785
0.037079
0.037288
0.034747
0.034714
0.027548
0.028189
0.028519
0.031707
0.031954
0.030131
0.031554
0.031786
0.030830
0.032723
0.031055
0.030700
0.030859
0.032504
0.036004
0.036333
0.031815
0.031661
0.032981
0.032077
0.032195
0.032928
0.032228
0.032422
0.032906
0.032672
0.035261
0.034277
0.035049
0.051945
0.051945
0.051945
0.051945
