0.109489
0.109489
0.109489
0.109489
0.109489
0.109489
0.109489
0.109489
0.109489
0.109489
0.109489
0.109489
0.109489
0.109489
0.109489
0.109489
0.109489
0.109489
0.109489
0.109489
0.109489
0.109489
0.109489
0.109489
0.109489
0.109489
0.109489
0.109489
0.109489
0.109489
0.109489
0.109489
0.109489
0.109489
0.109489
0.109489
0.109489
0.109489
0.109489
0.109489
0.109489
0.109489
0.109489
0.109489
0.109489
0.109489
0.109489
0.109489
0.109489
0.109489
0.109489
0.109489
0.109489
0.109489
0.109489
0.109489
0.109489
0.109489
0.109489
0.109489
0.109489
0.109489
0.109489
0.109489
0.109489
0.109489
0.109489
0.109489
0.109489
0.109489
0.109489
0.109489
0.109489
0.109489
0.109489
0.109489
0.109489
0.109489
0.109489
0.109489
0.109489
0.109489
0.109489
0.109489
0.109489
0.109489
0.109489
0.109489
0.109489
0.109489
0.109489
0.109489
0.109489
0.109489
0.109489
0.109489
0.109489
0.109489
0.109489
0.109489
0.109489
0.109489
0.109489
0.109489
0.109489
0.109489
0.109489
0.109489
0.109489
0.109489
0.258776
0.201531
0.265615
0.269726
0.246196
0.227105
0.227105
0.207682
0.150300
0.178154
0.138692
0.138710
0.151092
0.114956
0.125545
0.116507
0.118445
0.133609
0.134736
0.139917
0.138520
0.134680
0.085804
0.081356
0.132712
0.083858
0.143870
0.069177
0.069897
0.069207
0.072153
0.071710
0.064715
0.063491
0.067829
0.059779
0.059607
0.066646
0.071868
0.084940
0.122900
0.119755
0.163934
0.173191
0.171209
0.163368
0.160874
0.155372
0.128806
0.146829
0.137167
0.141948
0.133393
0.115121
0.094722
0.071873
0.068845
0.092933
0.070745
0.110144
0.081579
0.079594
0.119521
0.122172
0.153127
0.114824
0.116506
0.133573
0.145955
0.127931
0.114430
0.113946
0.146735
0.160593
0.114157
0.107637
0.108144
0.107642
0.103877
0.102640
0.104892
0.104658
0.092388
0.117080
0.149829
0.165132
0.166136
0.169301
0.160813
0.166386
0.170311
0.171059
0.276609
0.171015
0.181172
0.171399
0.179024
0.181308
0.172672
0.167831
0.180093
0.178997
0.164804
0.163061
0.178901
0.183178
0.182856
0.200316
0.205050
0.198057
0.187021
0.185918
0.189271
0.189416
0.198159
0.197995
0.198822
0.197495
0.193608
0.200362
0.210930
0.211752
0.224885
0.228511
0.210371
0.207486
0.206192
0.211098
0.227109
0.225809
0.221356
0.225425
0.226431
0.223258
0.222169
0.231704
0.231872
0.239507
0.232034
0.229989
0.231952
0.208744
0.207814
0.205756
0.214929
0.211315
0.194338
0.192920
0.191052
0.164279
0.155049
0.157892
0.155029
0.152831
0.154836
0.160314
0.166295
0.166582
0.184826
0.274910
0.251798
0.250605
0.253126
0.253489
0.240831
0.235875
0.236965
0.237085
0.178360
0.197554
0.208517
0.157611
0.159336
0.162612
0.162894
0.164436
0.132507
0.161871
0.119264
0.128924
0.127655
0.116982
0.116105
0.117790
0.113391
0.118404
0.122294
0.115582
0.118775
0.119394
0.114848
0.118309
0.120169
0.126716
0.123186
0.121764
0.119143
0.106323
0.122858
0.121915
0.124156
0.102178
0.119270
0.114856
0.115040
0.107772
0.105409
0.109823
0.119969
0.102027
0.108288
0.110671
0.110743
0.110409
0.113670
0.107372
0.128397
0.130118
0.122697
0.130886
0.126906
0.114465
0.113573
0.112016
0.108377
0.104828
0.105744
0.105579
0.110818
0.112830
0.112797
0.114977
0.112555
0.109627
0.127195
0.116046
0.114094
0.113649
0.116654
0.113581
0.115882
0.115242
0.115100
0.117687
0.114984
0.121766
0.108466
0.107215
0.113630
0.108780
0.111518
0.123572
0.118826
0.106422
0.111607
0.115699
0.222183
0.219285
0.212052
0.186216
0.232012
0.229747
0.242427
0.236866
0.244394
0.237078
0.226934
0.219277
0.175023
0.173117
0.169716
0.198116
0.184788
0.180413
0.181225
0.181438
0.200810
0.200013
0.181557
0.188675
0.199803
0.181018
0.145481
0.160467
0.155322
0.138702
0.138936
0.139053
0.134710
0.140123
0.133909
0.133125
0.132990
0.129138
0.130094
0.134202
0.134259
0.134189
0.134833
0.145823
0.140881
0.142961
0.142800
0.137842
0.138026
0.134859
0.135344
0.135012
0.137335
0.147603
0.138491
0.132868
0.133685
0.152793
0.172815
0.173515
0.151576
0.153677
0.167932
0.151334
0.154826
0.157556
0.159155
0.166072
0.168492
0.146401
0.143986
0.144961
0.147441
0.154991
0.154468
0.148991
0.149047
0.152343
0.153258
0.159379
0.189253
0.159202
0.152175
0.153478
0.155150
0.145803
0.145686
0.156268
0.169427
0.200149
0.238676
0.244601
0.219261
0.194745
0.194988
0.190549
0.191257
0.227480
0.188072
0.190602
0.287457
0.287846
0.254527
0.258290
0.224186
0.238920
0.238261
0.210755
0.185952
0.190780
0.217146
0.212737
0.223229
0.212786
0.251226
0.210028
0.208172
0.200361
0.198730
0.231579
0.239010
0.238903
0.236798
0.224686
0.177939
0.227046
0.227527
0.232647
0.241412
0.236689
0.238701
0.241432
0.240514
0.189367
0.241735
0.239121
0.231898
0.232076
0.222372
0.220585
0.201638
0.220145
0.220247
0.223971
0.198250
0.171877
0.234077
0.234662
0.292758
0.288978
0.286822
0.279149
0.280560
0.275552
0.265436
0.239553
0.185639
0.180112
0.268026
0.258869
0.167875
0.254765
0.270812
0.290290
0.287027
0.274968
0.278748
0.270627
0.264302
0.266668
0.268250
0.268834
0.266142
0.202037
0.201051
0.176588
0.184116
0.185298
0.182558
0.192234
0.193329
0.189162
0.189154
0.188012
0.195369
0.186726
0.184790
0.188260
0.187071
0.189771
0.139478
0.165866
0.166136
0.164823
0.164923
0.148962
0.142869
0.141178
0.139833
0.138658
0.142058
0.174811
0.175063
0.161352
0.163620
0.141887
0.134408
0.133657
0.145000
0.139189
0.138051
0.133359
0.132895
0.137069
0.137662
0.137739
0.138178
0.148010
0.135160
0.136327
0.136896
0.137506
0.144393
0.147383
0.134301
0.129862
0.130534
0.198337
0.134677
0.181772
0.170035
0.178242
0.178234
0.181909
0.164157
0.147515
0.137666
0.149486
0.183729
0.136881
0.176474
0.140763
0.135408
0.138545
0.153817
0.164037
0.149959
0.171678
0.152630
0.151660
0.176734
0.197336
0.196633
0.195262
0.144789
0.134503
0.129478
0.133767
0.115035
0.054316
0.044327
0.036773
0.036636
0.042601
0.032978
0.030867
0.033683
0.034201
0.029111
0.035676
0.040725
0.037483
0.044016
0.040817
0.032213
0.033518
0.031714
0.033044
0.039886
0.044214
0.042821
0.042809
0.042930
0.048493
0.049473
0.037855
0.045819
0.052041
0.057163
0.066806
0.067319
0.061849
0.061466
0.066168
0.067376
0.065908
0.073180
0.072519
0.074113
0.076891
0.083936
0.071204
0.074033
0.071297
0.068477
0.070301
0.068277
0.074729
0.076320
0.072992
0.074370
0.055437
0.073649
0.076759
0.075418
0.080847
0.058604
0.049018
0.047795
0.045152
0.040781
0.036079
0.040138
0.043964
0.033723
0.032129
0.034312
0.038717
0.032834
0.038784
0.035908
0.036616
0.036795
0.032170
0.036289
0.036809
0.047434
0.051234
0.033852
0.031665
0.048832
0.046616
0.046293
0.102687
0.075485
0.069282
0.141302
0.142051
0.139986
0.142705
0.149392
0.119240
0.147937
0.150523
0.149118
0.149189
0.153870
0.152920
0.146735
0.149211
0.151068
0.161218
0.159926
0.151693
0.152337
0.156672
0.158420
0.156855
0.154680
0.156198
0.146168
0.154632
0.155348
0.147531
0.150443
0.154039
0.152270
0.155262
0.156292
0.150928
0.153631
0.153604
0.153086
0.158540
0.156978
0.159712
0.153643
0.151015
0.154676
0.148629
0.148943
0.155748
0.154826
0.154799
0.155791
0.156378
0.148678
0.152266
0.148974
0.155592
0.145739
0.125360
0.058984
0.060859
0.067305
0.061728
0.048336
0.050603
0.050477
0.058475
0.044928
0.045976
0.044141
0.042936
0.041379
0.044790
0.038159
0.043519
0.041294
0.036792
0.044551
0.054479
0.056991
0.055380
0.065090
0.072059
0.079948
0.084313
0.085739
0.073182
0.064503
0.091411
0.084679
0.088774
0.082904
0.108798
0.100685
0.092468
0.092881
0.099196
0.095759
0.100473
0.105080
0.104280
0.121126
0.106649
0.091289
0.105017
0.106263
0.106535
0.078683
0.066672
0.060922
0.060947
0.063801
0.068705
0.066252
0.067895
0.065583
0.061704
0.063934
0.062324
0.061769
0.061677
0.061114
0.072431
0.071611
0.064108
0.063878
0.065333
0.064196
0.067402
0.071467
0.071253
0.069516
0.067187
0.066488
0.068586
0.069423
0.068613
0.069406
0.066539
0.059221
0.058386
0.063381
0.064958
0.076630
0.074362
0.073494
0.074494
0.069835
0.087742
0.064588
0.064757
0.076593
0.070161
0.069744
0.069847
0.070475
0.065834
0.064424
0.060811
0.105540
0.104434
0.159609
0.227599
0.290709
0.286886
0.289143
0.308458
0.294154
0.229675
0.252239
0.253191
0.236554
0.304801
0.306393
0.320704
0.320524
0.313031
0.342296
0.314967
0.333053
0.331234
0.331797
0.327836
0.336830
0.309396
0.313222
0.328553
0.324816
0.245047
0.319842
0.320198
0.281541
0.250775
0.263208
0.258408
0.264344
0.256632
0.240921
0.294588
0.298138
0.299861
0.299706
0.298277
0.299613
0.300341
0.299491
0.298816
0.302512
0.298852
0.310127
0.297678
0.248322
0.262053
0.277847
0.278328
0.274124
0.342551
0.344200
0.349140
0.348189
0.344899
0.342371
0.347993
0.350723
0.345038
0.308614
0.320542
0.341412
0.319619
0.325261
0.325337
0.344959
0.321189
0.359620
0.346997
0.338889
0.354064
0.356155
0.354118
0.351759
0.349840
0.355224
0.341084
0.332465
0.329320
0.329607
0.326015
0.352199
0.353136
0.332085
0.337272
0.359889
0.348742
0.349279
0.350297
0.345103
0.355702
0.350176
0.323145
0.224713
0.224799
0.191000
0.170563
0.143113
0.122591
0.122693
0.122955
0.243015
0.228430
0.244387
0.232554
0.228524
0.225900
0.278601
0.233056
0.231425
0.284448
0.237315
0.268236
0.266003
0.266107
0.264740
0.214319
0.235306
0.224754
0.225523
0.238505
0.208289
0.205437
0.272060
0.271930
0.237545
0.243212
0.237831
0.240968
0.239063
0.220904
0.236740
0.228117
0.243572
0.227395
0.217285
0.239480
0.237098
0.221238
0.165635
0.165280
0.165288
0.163598
0.146974
0.175194
0.177253
0.169561
0.184737
0.187466
0.175172
0.155899
0.183597
0.177590
0.156251
0.159757
0.161100
0.166211
0.142381
0.141553
0.174136
0.175378
0.176529
0.168413
0.151125
0.171430
0.158281
0.145044
0.136610
0.131530
0.136142
0.136460
0.137873
0.135720
0.161787
0.159752
0.160653
0.165876
0.160185
0.165849
0.169002
0.164154
0.162712
0.166070
0.166438
0.180452
0.139037
0.170976
0.155847
0.160513
0.156597
0.153827
0.159594
0.163888
0.144568
0.127124
0.127513
0.114265
0.125783
0.131688
0.123244
0.123970
0.116222
0.107892
0.119204
0.125355
0.125510
0.106344
0.163141
0.189037
0.187548
0.187855
0.192390
0.197611
0.197609
0.196229
0.194561
0.191682
0.179510
0.176392
0.167027
0.160110
0.163735
0.183109
0.168234
0.171973
0.173531
0.175799
0.175340
0.175590
0.179107
0.182625
0.175976
0.188015
0.195942
0.199615
0.199202
0.193827
0.192828
0.169821
0.133238
0.131765
0.116268
0.073825
0.083271
0.171726
0.174398
0.179069
0.156953
0.203742
0.186523
0.188420
0.183607
0.184215
0.198131
0.195021
0.240829
0.199496
0.169448
0.172588
0.180475
0.157400
0.169991
0.171135
0.175537
0.179497
0.178126
0.186053
0.147211
0.144716
0.138253
0.138976
0.229197
0.227084
0.206658
0.209539
0.207327
0.200955
0.199360
0.209792
0.205435
0.206247
0.206654
0.191292
0.177741
0.170020
0.156175
0.224022
0.160536
0.081020
0.110369
0.110735
0.173961
0.207478
0.207522
0.200223
0.199966
0.198817
0.194825
0.194145
0.194797
0.200749
0.203349
0.194660
0.201529
0.190518
0.190534
0.191362
0.200876
0.191094
0.201800
0.197466
0.174554
0.184058
0.180718
0.182260
0.184495
0.183946
0.183878
0.185597
0.179151
0.179095
0.080318
0.081300
0.080840
0.081810
0.082132
0.081501
0.082165
0.081675
0.080434
0.085000
0.081978
0.081698
0.083298
0.080211
0.079968
0.082360
0.082750
0.081913
0.082733
0.082632
0.085835
0.086103
0.084833
0.085622
0.085667
0.091263
0.085462
0.085451
0.098921
0.099370
0.100104
0.093923
0.247993
0.256287
0.249982
0.216246
0.225478
0.228366
0.233661
0.249824
0.323215
0.362535
0.296602
0.362966
0.342468
0.352113
0.369343
0.361920
0.354132
0.354548
0.345874
0.323242
0.346676
0.344313
0.333663
0.334038
0.312275
0.326164
0.292030
0.289819
0.281952
0.319002
0.307963
0.289370
0.294035
0.293484
0.293623
0.255312
0.235126
0.196269
0.199178
0.209955
0.211918
0.145876
0.143750
0.146942
0.142190
0.135915
0.156153
0.160529
0.154063
0.194122
0.176683
0.149336
0.167560
0.166800
0.165193
0.195451
0.195640
0.167694
0.170542
0.200325
0.097760
0.093266
0.083786
0.083797
0.083780
0.084486
0.081240
0.081584
0.081253
0.079189
0.078098
0.076345
0.075149
0.075156
0.072739
0.065486
0.065261
0.064223
0.065254
0.067121
0.077693
0.081922
0.054521
0.085835
0.082036
0.073792
0.094197
0.098285
0.098324
0.091885
0.090750
0.089283
0.088286
0.084403
0.093010
0.088890
0.087272
0.080892
0.081813
0.088606
0.088526
0.090067
0.086948
0.088674
0.078301
0.078013
0.081039
0.088486
0.084842
0.090258
0.087478
0.085926
0.085938
0.090331
0.069798
0.070246
0.082022
0.080823
0.080680
0.080043
0.082314
0.079852
0.079177
0.079306
0.076472
0.076856
0.077005
0.090448
0.089979
0.081801
0.079866
0.083833
0.079642
0.065823
0.078314
0.073949
0.076150
0.093364
0.093749
0.084403
0.081677
0.091941
0.089433
0.089270
0.089769
0.090020
0.096406
0.091376
0.090854
0.095922
0.081020
0.098693
0.100574
0.101667
0.103132
0.107508
0.111083
0.110969
0.110549
0.110382
0.106278
0.099022
0.098373
0.096881
0.100047
0.090014
0.104733
0.087236
0.086832
0.075130
0.087273
0.089218
0.101989
0.102102
0.118213
0.120786
0.121546
0.125034
0.124406
0.099745
0.105875
0.104706
0.104675
0.105347
0.102586
0.096722
0.096722
0.102529
0.102927
0.097717
0.097793
0.101306
0.098537
0.098830
0.101004
0.101502
0.098444
0.099964
0.099956
0.118357
0.109987
0.112086
0.100540
0.098377
0.093783
0.094439
0.089756
0.097199
0.098312
0.098768
0.107251
0.098426
0.095331
0.095633
0.093451
0.094469
0.087112
0.095069
0.084854
0.110011
0.111885
0.109960
0.107055
0.107021
0.105996
0.103854
0.092258
0.120928
0.120593
0.086487
0.087167
0.091030
0.090139
0.090171
0.092404
0.095798
0.096657
0.097188
0.098122
0.099152
0.100430
0.095016
0.098187
0.097787
0.099138
0.101832
0.093382
0.093588
0.093665
0.091398
0.089435
0.090002
0.081428
0.085710
0.083086
0.082070
0.082537
0.081750
0.083270
0.176843
0.190469
0.207952
0.212083
0.210102
0.203600
0.201842
0.211595
0.191815
0.189960
0.176950
0.209888
0.196681
0.198119
0.219611
0.189608
0.206559
0.199427
0.198037
0.200420
0.201385
0.189443
0.238688
0.294877
0.301465
0.301266
0.247700
0.213479
0.179166
0.189934
0.193285
0.163867
0.182789
0.201606
0.204687
0.214912
0.203930
0.218066
0.218359
0.186016
0.184596
0.198214
0.216998
0.226831
0.292578
0.222380
0.205802
0.102671
0.106473
0.101316
0.104082
0.104032
0.103115
0.102490
0.104878
0.107622
0.104226
0.105267
0.106068
0.106446
0.104214
0.110648
0.105693
0.109109
0.106331
0.104574
0.103820
0.104206
0.102936
0.104872
0.105666
0.103021
0.104336
0.111534
0.112462
0.105380
0.105341
0.106208
0.107771
0.109206
0.115685
0.115252
0.116614
0.116406
0.102361
0.117536
0.092123
0.058274
0.073940
0.071606
0.069024
0.074880
0.075414
0.077448
0.071702
0.074298
0.074213
0.068998
0.067496
0.065713
0.066908
0.069544
0.069854
0.068174
0.071368
0.072516
0.073614
0.068258
0.070583
0.072165
0.072439
0.069213
0.066429
0.059978
0.058995
0.061826
0.061323
0.057798
0.055691
0.035003
0.034186
0.036054
0.035720
0.038334
0.040714
0.036101
0.042006
0.039672
0.034364
0.040643
0.039537
0.036264
0.044778
0.043046
0.063892
0.063896
0.063613
0.064731
0.063809
0.061644
0.060542
0.057322
0.062847
0.065584
0.073406
0.072092
0.081585
0.072674
0.072977
0.074710
0.074443
0.074264
0.074431
0.073307
0.075119
0.079151
0.078362
0.073823
0.066447
0.070352
0.070355
0.070876
0.074810
0.057058
0.068500
0.068434
0.049800
0.052277
0.109594
0.074284
0.073884
0.074085
0.140573
0.116073
0.123856
0.121519
0.110932
0.114213
0.106645
0.105217
0.104864
0.094811
0.119434
0.096324
0.088539
0.087221
0.103942
0.094060
0.049201
0.182555
0.176490
0.156719
0.177007
0.268524
0.272586
0.271726
0.271581
0.270442
0.271198
0.269328
0.271674
0.269283
0.266701
0.272908
0.269298
0.268790
0.272024
0.271377
0.271255
0.272789
0.272970
0.268854
0.259480
0.258426
0.263844
0.266173
0.259777
0.270111
0.270606
0.268303
0.267804
0.270909
0.270318
0.269074
0.270684
0.270583
0.268599
0.265982
0.272573
0.271281
0.271067
0.269075
0.267931
0.267379
0.270382
0.270345
0.271545
0.269243
0.268420
0.266757
0.267656
0.270510
0.268286
0.268849
0.263561
0.264883
0.263468
0.264153
0.264895
0.267901
0.267210
0.267856
0.271998
0.270114
0.269496
0.270232
0.269844
0.271192
0.269244
0.270410
0.272037
0.271688
0.271081
0.270972
0.272053
0.271845
0.271960
0.272195
0.272094
0.270681
0.285433
0.272832
0.274803
0.273841
0.275401
0.278351
0.277247
0.273983
0.275703
0.274590
0.275456
0.275400
0.272711
0.273829
0.269700
0.268055
0.268821
0.271189
0.252796
0.231726
0.241501
0.237493
0.202803
0.186661
0.185962
0.170127
0.205779
0.178012
0.200093
0.199101
0.142655
0.142804
0.129941
0.131625
0.128762
0.100544
0.080688
0.074003
0.073835
0.067076
0.067263
0.067260
0.065976
0.062796
0.080327
0.062210
0.063009
0.075034
0.088585
0.103185
0.131420
0.131914
0.133718
0.145454
0.166490
0.186220
0.187529
0.211547
0.222468
0.230205
0.228607
0.228902
0.227810
0.224967
0.216845
0.227501
0.228909
0.242010
0.250671
0.247402
0.249005
0.249481
0.266604
0.254015
0.268536
0.275450
0.280496
0.273474
0.272626
0.263996
0.274227
0.275811
0.280806
0.275067
0.280187
0.279233
0.280270
0.288617
0.284131
0.281047
0.282344
0.282556
0.283376
0.282804
0.284988
0.283573
0.283731
0.283595
0.224093
0.093200
0.085691
0.085709
0.098609
0.088571
0.095615
0.096551
0.095492
0.110439
0.092518
0.073309
0.068977
0.068817
0.067783
0.066834
0.074135
0.080771
0.082008
0.088650
0.066634
0.068259
0.059146
0.058374
0.058650
0.058693
0.107548
0.156241
0.156596
0.174520
0.169033
0.190244
0.227734
0.227474
0.425326
0.433938
0.436884
0.431311
0.413677
0.429498
0.428630
0.426458
0.444498
0.441531
0.421309
0.424209
0.425322
0.332913
0.334187
0.337866
0.342701
0.443793
0.335614
0.335582
0.355007
0.349734
0.370291
0.364330
0.364294
0.349733
0.378882
0.339677
0.333560
0.344749
0.328005
0.342749
0.349251
0.350778
0.349585
0.333665
0.371882
0.454162
0.449755
0.440227
0.435535
0.437192
0.422960
0.411241
0.423114
0.438840
0.434669
0.440287
0.390230
0.390224
0.397984
0.384943
0.398367
0.401232
0.401317
0.444145
0.416043
0.442618
0.467150
0.467180
0.475578
0.472424
0.447259
0.460911
0.460332
0.453744
0.377325
0.388833
0.391221
0.389592
0.392313
0.390998
0.398296
0.363005
0.376554
0.397904
0.391984
0.382709
0.334246
0.334970
0.335200
0.346199
0.376844
0.411442
0.412320
0.364476
0.084922
0.078870
0.127692
0.127708
0.123697
0.125051
0.125035
0.125625
0.125963
0.118468
0.118933
0.116773
0.115606
0.115860
0.125455
0.127272
0.119566
0.120416
0.120648
0.106077
0.115891
0.096769
0.093596
0.093360
0.094349
0.098271
0.101013
0.096165
0.095933
0.095885
0.094538
0.170482
0.172652
0.173150
0.162617
0.127850
0.142728
0.157462
0.155864
0.156535
0.136877
0.158096
0.159964
0.159978
0.161970
0.161866
0.159568
0.156075
0.149959
0.148664
0.147294
0.052063
0.051795
0.054457
0.060809
0.054942
0.054031
0.136823
0.055236
0.055081
0.052454
0.055083
0.056139
0.055068
0.055163
0.139821
0.055154
0.139241
0.140141
0.053674
0.139825
0.138043
0.138294
0.054671
0.128745
0.054417
0.057247
0.053974
0.054546
0.054729
0.054714
0.055330
0.054414
0.053228
0.053670
0.053706
0.053850
0.054993
0.239442
0.221325
0.239806
0.239476
0.237679
0.215446
0.215564
0.221845
0.216321
0.238091
0.220303
0.220400
0.235648
0.238424
0.220090
0.238178
0.239370
0.241417
0.211561
0.194354
0.195758
0.194932
0.194824
0.208440
0.208779
0.202481
0.202640
0.195315
0.192024
0.184247
0.187607
0.180465
0.194438
0.104548
0.160648
0.186393
0.186399
0.124230
0.145753
0.129166
0.184125
0.184049
0.180482
0.174302
0.184259
0.193464
0.190534
0.191624
0.184348
0.195292
0.194952
0.194943
0.200681
0.198396
0.191396
0.165759
0.165421
0.162104
0.164559
0.181741
0.176424
0.175357
0.186474
0.164173
0.166072
0.163669
0.163247
0.173211
0.166981
0.169166
0.165625
0.165608
0.194851
0.181818
0.157225
0.171281
0.171611
0.168325
0.149473
0.152745
0.129834
0.129801
0.132902
0.132031
0.124290
0.131215
0.131207
0.130983
0.132652
0.126402
0.125494
0.123545
0.124198
0.127858
0.129680
0.130216
0.131012
0.127310
0.134676
0.135078
0.142422
0.145349
0.142977
0.147902
0.150556
0.149651
0.149621
0.151700
0.151382
0.146156
0.151116
0.151155
0.149397
0.148140
0.152639
0.152873
0.152946
0.152108
0.129457
0.125723
0.128673
0.127663
0.129075
0.143223
0.128370
0.127303
0.127551
0.173327
0.112446
0.146226
0.150023
0.148440
0.128425
0.162697
0.167426
0.162918
0.161803
0.160750
0.161405
0.160584
0.195687
0.197206
0.198741
0.197970
0.160697
0.163361
0.166151
0.200040
0.201639
0.172417
0.208692
0.208579
0.167922
0.162972
0.161024
0.166689
0.168683
0.172386
0.166976
0.171540
0.166417
0.165237
0.115441
0.073945
0.060446
0.068594
0.063656
0.068886
0.065084
0.070952
0.067253
0.064318
0.059428
0.043216
0.052783
0.066814
0.067657
0.070220
0.076346
0.075772
0.075887
0.078504
0.068752
0.068517
0.075565
0.088592
0.085312
0.094675
0.093961
0.078253
0.066217
0.067800
0.067341
0.061575
0.065913
0.063865
0.065564
0.062407
0.054102
0.059375
0.073412
0.079397
0.077633
0.073510
0.076945
0.074323
0.075041
0.074823
0.073714
0.077075
0.074983
0.068773
0.067331
0.067844
0.071267
0.072721
0.066174
0.060593
0.061996
0.070393
0.079674
0.078468
0.078861
0.073113
0.090672
0.077678
0.076127
0.076514
0.094633
0.127189
0.124083
0.147907
0.147527
0.151847
0.142019
0.141980
0.143461
0.143407
0.127166
0.142683
0.125793
0.119171
0.132861
0.130654
0.128884
0.130472
0.129835
0.129967
0.132955
0.136749
0.132716
0.134274
0.131491
0.132858
0.134254
0.134794
0.135599
0.135365
0.135328
0.131555
0.132798
0.137207
0.137366
0.138745
0.136251
0.136922
0.140277
0.139909
0.141175
0.135673
0.132482
0.122728
0.122291
0.125689
0.125957
0.124480
0.124503
0.123883
0.123579
0.123643
0.121594
0.121591
0.122613
0.132392
0.138308
0.142128
0.142987
0.143339
0.138294
0.142013
0.144042
0.143551
0.144249
0.148122
0.141807
0.148497
0.133868
0.135590
0.135061
0.135582
0.103988
0.131380
0.132117
0.113280
0.110036
0.097363
0.098348
0.098303
0.147384
0.152826
0.142165
0.152863
0.142779
0.150091
0.152061
0.108005
0.145406
0.141640
0.143834
0.139613
0.137574
0.131606
0.125947
0.116052
0.117876
0.126481
0.127789
0.128818
0.127195
0.125030
0.150010
0.152713
0.120697
0.151548
0.154242
0.157455
0.128166
0.128343
0.125625
0.125409
0.130095
0.161972
0.160944
0.124369
0.124568
0.123413
0.121391
0.121346
0.119340
0.118513
0.103966
0.105334
0.106137
0.109044
0.107118
0.106898
0.111297
0.106417
0.107869
0.106912
0.110250
0.104386
0.104680
0.106080
0.090005
0.081131
0.085823
0.091304
0.087733
0.082453
0.079123
0.079636
0.073101
0.080089
0.080321
0.081176
0.080331
0.080330
0.079778
0.079407
0.080281
0.079569
0.079677
0.079057
0.084868
0.063066
0.061911
0.062930
0.058970
0.061340
0.083719
0.055537
0.061357
0.081340
0.082571
0.083561
0.078867
0.078983
0.078203
0.081769
0.083237
0.075714
0.073438
0.077691
0.079597
0.081406
0.107042
0.106898
0.083362
0.077445
0.076868
0.077179
0.074987
0.080173
0.073942
0.070132
0.068368
0.067775
0.061917
0.062683
0.063384
0.109454
0.109602
0.114633
0.111525
0.127114
0.139447
0.139980
0.109707
0.123458
0.104935
0.098820
0.099123
0.089233
0.090221
0.084796
0.084527
0.079156
0.079448
0.080963
0.087161
0.085386
0.086607
0.088114
0.089877
0.083632
0.082562
0.099868
0.099795
0.094595
0.106507
0.102831
0.094020
0.093693
0.087562
0.075393
0.083058
0.081670
0.084020
0.083727
0.086621
0.085964
0.086764
0.086483
0.092459
0.095620
0.095468
0.104955
0.104281
0.105333
0.106449
0.114335
0.114802
0.113014
0.112557
0.084759
0.089815
0.087827
0.098542
0.087215
0.118831
0.102154
0.126155
0.126271
0.128519
0.127353
0.126916
0.099444
0.074688
0.072793
0.073983
0.095043
0.082309
0.082101
0.081653
0.083650
0.088286
0.077594
0.077884
0.082835
0.058900
0.060878
0.083409
0.084705
0.066272
0.085603
0.094468
0.078003
0.070782
0.078961
0.076080
0.071475
0.065976
0.066471
0.066110
0.075723
0.079700
0.072283
0.062187
0.064047
0.071236
0.073407
0.071706
0.072221
0.124943
0.110781
0.099869
0.100232
0.104084
0.081575
0.109222
0.121116
0.091295
0.114310
0.106969
0.093047
0.123999
0.133750
0.132043
0.129677
0.134060
0.142997
0.159733
0.153724
0.155002
0.162801
0.152350
0.150173
0.153721
0.143041
0.129564
0.128045
0.135141
0.135204
0.137932
0.141100
0.138579
0.150757
0.150750
0.118685
0.140404
0.116330
0.125963
0.129248
0.140774
0.153406
0.171497
0.166087
0.166013
0.174272
0.175000
0.174526
0.177634
0.175777
0.178268
0.140411
0.154194
0.190142
0.189943
0.181615
0.183733
0.173901
0.120744
0.122174
0.165974
0.123985
0.155724
0.138527
0.138639
0.114546
0.115518
0.109174
0.108581
0.111089
0.102412
0.092406
0.093000
0.097442
0.097253
0.095104
0.097920
0.106360
0.120285
0.113074
0.156212
0.122979
0.122618
0.129324
0.133653
0.140681
0.124703
0.067953
0.058033
0.062458
0.063196
0.074573
0.084627
0.074105
0.074406
0.080221
0.109584
0.092324
0.111760
0.112021
0.106381
0.104465
0.107890
0.117857
0.120661
0.134390
0.106978
0.113999
0.108178
0.110934
0.100373
0.099318
0.102897
0.079475
0.076969
0.103015
0.251845
0.168142
0.201829
0.204708
0.173366
0.174666
0.212969
0.210208
0.210844
0.211489
0.207918
0.203626
0.211012
0.209451
0.188178
0.209288
0.208112
0.208062
0.208320
0.216740
0.207865
0.194847
0.216064
0.197753
0.208959
0.229404
0.199698
0.230784
0.213023
0.220556
0.241566
0.184779
0.262126
0.261647
0.189085
0.182820
0.185784
0.194706
0.188571
0.180310
0.189143
0.196821
0.187846
0.188681
0.261702
0.261397
0.174733
0.173930
0.170530
0.171006
0.175549
0.249262
0.179364
0.175691
0.183508
0.190924
0.201681
0.176755
0.195234
0.193051
0.190609
0.238148
0.246681
0.252994
0.253221
0.248022
0.186591
0.252900
0.212171
0.214257
0.250816
0.175220
0.178159
0.190084
0.190372
0.202312
0.197209
0.203786
0.193596
0.195695
0.195842
0.187797
0.194674
0.189185
0.186515
0.188600
0.188178
0.205292
0.189363
0.201733
0.216513
0.191365
0.190667
0.202953
0.201972
0.187177
0.189614
0.202755
0.222710
0.222313
0.195512
0.204575
0.219642
0.187817
0.186214
0.055026
0.056640
0.051431
0.044489
0.044523
0.043326
0.043411
0.048782
0.045633
0.050951
0.049529
0.054359
0.061051
0.051818
0.052245
0.106003
0.107975
0.068489
0.063986
0.064265
0.124733
0.074971
0.071061
0.121821
0.121892
0.121540
0.086525
0.053073
0.067295
0.069827
0.069296
0.089477
0.086306
0.073656
0.073778
0.089026
0.072231
0.077396
0.085428
0.085133
0.082727
0.070606
0.069643
0.072277
0.071040
0.066944
0.080167
0.061015
0.063972
0.059878
0.068039
0.087586
0.073406
0.132376
0.131228
0.122958
0.124923
0.120010
0.114680
0.114543
0.114655
0.114099
0.125407
0.113587
0.113593
0.134852
0.115114
0.104924
0.130839
0.134262
0.099057
0.087284
0.092894
0.103382
0.103333
0.104406
0.106589
0.090024
0.072339
0.071254
0.067323
0.067055
0.079255
0.105477
0.105686
0.088106
0.088836
0.187456
0.164862
0.164738
0.184037
0.191596
0.186969
0.165796
0.168045
0.163725
0.151312
0.163959
0.169909
0.170380
0.159777
0.146295
0.137882
0.139221
0.134388
0.142270
0.150415
0.151239
0.147316
0.158706
0.160487
0.154084
0.151273
0.138732
0.138698
0.138727
0.132371
0.136107
0.148145
0.147742
0.150052
0.160564
0.163100
0.143508
0.143584
0.138940
0.149815
0.152741
0.162532
0.162389
0.145335
0.171321
0.169032
0.168292
0.171184
0.168867
0.169150
0.138385
0.158256
0.159583
0.135439
0.136765
0.170601
0.172450
0.173835
0.156550
0.149197
0.160805
0.167065
0.182902
0.171591
0.183741
0.163783
0.160075
0.160203
0.161856
0.155819
0.138404
0.118106
0.114878
0.121301
0.126972
0.195571
0.192946
0.192035
0.189448
0.189537
0.197321
0.192703
0.194217
0.192963
0.230172
0.180518
0.214999
0.214133
0.178620
0.208300
0.186475
0.185187
0.184435
0.183521
0.198422
0.189166
0.176150
0.176101
0.188217
0.191596
0.188185
0.188088
0.187849
0.188615
0.180237
0.189771
0.187181
0.181372
0.182007
0.247534
0.210622
0.237428
0.236755
0.202083
0.175805
0.205550
0.209385
0.207516
0.206478
0.210075
0.249934
0.236354
0.189028
0.188770
0.182157
0.191827
0.202777
0.201809
0.200692
0.245255
0.206249
0.246158
0.245879
0.247333
0.237223
0.195860
0.196844
0.188609
0.188293
0.196920
0.241157
0.246430
0.238977
0.193261
0.194467
0.182978
0.248347
0.226176
0.226564
0.224811
0.253407
0.151769
0.133528
0.133849
0.128925
0.126753
0.130086
0.100739
0.101779
0.085034
0.108788
0.104138
0.076546
0.080387
0.098899
0.089618
0.096720
0.102431
0.101522
0.132858
0.134685
0.134643
0.156085
0.154417
0.149422
0.155841
0.131889
0.140831
0.134064
0.133899
0.085607
0.082011
0.088114
0.087254
0.093717
0.092529
0.091799
0.090509
0.094539
0.081146
0.081291
0.084271
0.082503
0.083308
0.078652
0.080554
0.078651
0.074237
0.074157
0.074951
0.078662
0.077668
0.079322
0.081609
0.083199
0.070717
0.073736
0.083005
0.074115
0.083589
0.082196
0.076822
0.078551
0.078570
0.081905
0.089163
0.083018
0.087158
0.087504
0.086448
0.086509
0.084417
0.088247
0.085231
0.082102
0.081789
0.092283
0.091453
0.093017
0.073808
0.077687
0.089353
0.086519
0.090793
0.083084
0.083147
0.080012
0.082708
0.086319
0.089047
0.078604
0.075974
0.075861
0.077298
0.076976
0.075440
0.072413
0.081352
0.071606
0.077500
0.068841
0.074017
0.072688
0.073693
0.075577
0.061592
0.082005
0.073367
0.079854
0.081645
0.073107
0.073479
0.078021
0.081240
0.083755
0.082276
0.088281
0.084052
0.084299
0.088267
0.092076
0.095737
0.087075
0.075849
0.076451
0.083355
0.079492
0.075500
0.075908
0.076508
0.075495
0.089714
0.097918
0.091812
0.118194
0.121222
0.118214
0.117130
0.120233
0.117899
0.109384
0.097541
0.108000
0.110380
0.102168
0.104360
0.111139
0.109136
0.109466
0.116706
0.120001
0.051164
0.111825
0.112135
0.106100
0.073437
0.083556
0.077168
0.076183
0.077684
0.049426
0.078089
0.035143
0.072467
0.074910
0.063496
0.079314
0.126146
0.126371
0.137541
0.222846
0.226823
0.227668
0.228025
0.228823
0.239397
0.235006
0.235996
0.236211
0.225489
0.221441
0.225547
0.225312
0.225054
0.225838
0.225674
0.232419
0.235187
0.235420
0.240363
0.225277
0.223664
0.242985
0.230362
0.232558
0.225758
0.228822
0.232808
0.232928
0.233449
0.233403
0.225629
0.229297
0.228171
0.225464
0.227453
0.224110
0.227444
0.231184
0.230233
0.230555
0.223354
0.227311
0.242935
0.242356
0.225830
0.241684
0.212511
0.169617
0.165205
0.166552
0.166527
0.223095
0.231450
0.241562
0.244153
0.234680
0.245413
0.229605
0.230311
0.230580
0.288779
0.241751
0.246625
0.245400
0.241618
0.240819
0.232788
0.233814
0.234445
0.240256
0.286717
0.241011
0.241923
0.241374
0.238887
0.239436
0.237687
0.218516
0.217052
0.217097
0.261284
0.269745
0.256014
0.254925
0.267789
0.256120
0.255022
0.268927
0.267999
0.269316
0.265991
0.276262
0.269586
0.269714
0.427048
0.275962
0.280350
0.344079
0.388299
0.322396
0.358212
0.338542
0.311878
0.311160
0.299516
0.100301
0.103607
0.104520
0.103213
0.098717
0.099517
0.101830
0.105984
0.104637
0.110462
0.110412
0.116229
0.120313
0.121503
0.122914
0.122291
0.121933
0.121503
0.122239
0.123872
0.123103
0.121774
0.136287
0.135944
0.134383
0.130915
0.104941
0.105224
0.104552
0.104274
0.103333
0.102871
0.120481
0.122601
0.133921
0.137045
0.104609
0.103239
0.105015
0.133987
0.137859
0.128830
0.126006
0.126666
0.125481
0.127516
0.129204
0.130110
0.130664
0.097263
0.097851
0.097538
0.100725
0.102786
0.099754
0.130256
0.098898
0.097270
0.101916
0.097307
0.098157
0.102080
0.128342
0.128150
0.102206
0.105657
0.123803
0.107689
0.128191
0.132783
0.134213
0.159936
0.130684
0.149034
0.117230
0.126600
0.141873
0.116825
0.084599
0.091525
0.090551
0.084180
0.075483
0.081962
0.085602
0.080058
0.085591
0.068453
0.085124
0.093103
0.081451
0.084366
0.083654
0.084046
0.076671
0.075869
0.072016
0.077537
0.076347
0.076857
0.076943
0.070060
0.080048
0.082480
0.078923
0.073771
0.263016
0.250650
0.250537
0.251037
0.254594
0.261039
0.264959
0.266942
0.257268
0.262182
0.257540
0.257805
0.254695
0.256215
0.252134
0.262210
0.265213
0.256800
0.266275
0.286774
0.260579
0.249314
0.258269
0.257768
0.260546
0.267921
0.267600
0.266834
0.268328
0.266216
0.247019
0.250713
0.253096
0.244599
0.241270
0.261424
0.275140
0.217997
0.262573
0.260041
0.267562
0.263681
0.263304
0.270320
0.265433
0.267357
0.263027
0.263953
0.264211
0.268666
0.273908
0.261943
0.237736
0.258254
0.262862
0.262704
0.265748
0.273102
0.265004
0.264207
0.266634
0.252062
0.270091
0.259245
0.250786
0.260901
0.260644
0.270390
0.259677
0.257819
0.270317
0.267665
0.269361
0.269105
0.261734
0.261284
0.208885
0.414569
0.409299
0.086548
0.070135
0.085321
0.086843
0.087107
0.081222
0.083327
0.089260
0.077016
0.085291
0.077858
0.080525
0.082539
0.084602
0.091828
0.098604
0.096454
0.089159
0.084560
0.084185
0.086618
0.088381
0.093756
0.087437
0.089129
0.087641
0.089244
0.088196
0.090408
0.079493
0.085989
0.088784
0.085515
0.093725
0.093252
0.081356
0.088419
0.091339
0.076458
0.079656
0.076063
0.063809
0.065438
0.062047
0.062307
0.060161
0.060852
0.058219
0.060149
0.059685
0.060578
0.057888
0.056036
0.036644
0.054086
0.033360
0.031355
0.031318
0.032525
0.029855
0.032445
0.032062
0.033890
0.036491
0.036234
0.034410
0.041984
0.040416
0.041613
0.041449
0.041132
0.039584
0.041562
0.042317
0.042268
0.058922
0.066113
0.075235
0.064583
0.059320
0.059214
0.061715
0.064894
0.074187
0.074382
0.072870
0.087405
0.086477
0.077198
0.081824
0.084096
0.098138
0.096766
0.132246
0.132036
0.136878
0.114073
0.131209
0.136751
0.136112
0.132089
0.129814
0.118915
0.134867
0.134304
0.144108
0.118920
0.137188
0.136829
0.117540
0.120316
0.132150
0.132746
0.138781
0.139864
0.132620
0.133566
0.130071
0.124277
0.124238
0.137175
0.142105
0.126189
0.118631
0.117559
0.118142
0.134498
0.129609
0.134120
0.134408
0.114232
0.125530
0.121294
0.135440
0.124133
0.127768
0.122152
0.118003
0.123632
0.118503
0.110857
0.116631
0.139686
0.131613
0.132737
0.129637
0.133624
0.111522
0.115629
0.115286
0.110112
0.112018
0.118925
0.131482
0.131320
0.108112
0.138451
0.154356
0.146597
0.138112
0.119843
0.131937
0.115915
0.121568
0.121762
0.126769
0.140817
0.128742
0.120155
0.117746
0.122610
0.136261
0.124737
0.138468
0.144171
0.153735
0.153456
0.150373
0.145872
0.146358
0.127178
0.146065
0.151601
0.147599
0.145200
0.145496
0.147672
0.134533
0.128584
0.128454
0.138832
0.125728
0.130893
0.136288
0.133154
0.094100
0.087603
0.075963
0.073544
0.073542
0.073822
0.080774
0.088375
0.087690
0.087660
0.088585
0.088526
0.087960
0.088693
0.089436
0.090623
0.088569
0.088860
0.088941
0.088943
0.088360
0.088132
0.087395
0.087598
0.087891
0.087986
0.087641
0.087202
0.087317
0.087391
0.087851
0.089248
0.089122
0.087573
0.087517
0.088405
0.089416
0.087835
0.087855
0.087833
0.086557
0.082129
0.088851
0.081783
0.081763
0.082668
0.084227
0.081762
0.088100
0.089866
0.090048
0.088621
0.083913
0.085387
0.082255
0.082970
0.082267
0.081906
0.083442
0.085396
0.083634
0.082568
0.082146
0.082549
0.085299
0.085291
0.087025
0.087322
0.088073
0.086514
0.086625
0.088230
0.088828
0.088464
0.086536
0.086482
0.086195
0.088448
0.085763
0.077291
0.083475
0.067449
0.062263
0.031063
0.030943
0.036056
0.037634
0.030584
0.030520
0.030938
0.033762
0.033400
0.036456
0.036664
0.038019
0.038523
0.100074
0.050756
0.041713
0.044751
0.045031
0.043958
0.044942
0.046991
0.072218
0.072607
0.037565
0.048677
0.037632
0.055241
0.056042
0.053955
0.069358
0.071258
0.079258
0.081005
0.081938
0.077757
0.067959
0.076394
0.076053
0.088736
0.089242
0.094217
0.099031
0.099673
0.092610
0.083007
0.080704
0.080197
0.079820
0.076817
0.071046
0.078780
0.088361
0.088637
0.089739
0.086993
0.080309
0.040583
0.048327
0.043336
0.085530
0.077634
0.094700
0.095782
0.087190
0.050007
0.049182
0.047926
0.046750
0.050986
0.089255
0.097928
0.091745
0.091758
0.094496
0.097834
0.118183
0.102152
0.098891
0.089290
0.063608
0.069028
0.053877
0.065498
0.049030
0.053959
0.063634
0.063694
0.063940
0.052855
0.052211
0.049929
0.044835
0.047860
0.044247
0.035677
0.038451
0.057142
0.052374
0.116309
0.083548
0.079759
0.121496
0.120920
0.064485
0.062734
0.107658
0.062491
0.062573
0.076212
0.055418
0.065090
0.057672
0.053993
0.085816
0.059963
0.066355
0.061772
0.061711
0.144971
0.060312
0.106238
0.088743
0.091058
0.079646
0.145464
0.137531
0.139840
0.140589
0.130190
0.133305
0.126990
0.115274
0.117796
0.101502
0.120573
0.124274
0.120114
0.121764
0.150781
0.156047
0.137731
0.133419
0.133121
0.132542
0.099037
0.108487
0.124609
0.125632
0.132261
0.132552
0.101882
0.125199
0.124879
0.128591
0.121523
0.122923
0.122809
0.123464
0.124693
0.126041
0.102834
0.101690
0.106127
0.116977
0.140075
0.129874
0.129927
0.131153
0.136815
0.116769
0.133285
0.134115
0.135068
0.135733
0.075270
0.077190
0.075968
0.075549
0.125215
0.124967
0.125577
0.128486
0.127606
0.129474
0.124489
0.131210
0.123428
0.123384
0.127822
0.138687
0.128640
0.137639
0.133823
0.117841
0.163275
0.167590
0.135305
0.135296
0.168652
0.179597
0.098906
0.118662
0.117513
0.132584
0.142709
0.129721
0.097715
0.086450
0.121020
0.113943
0.094421
0.137685
0.144480
0.094043
0.103478
0.117967
0.096538
0.122992
0.124720
0.107826
0.123270
0.105520
0.102284
0.106226
0.103789
0.080217
0.101285
0.081415
0.081445
0.102928
0.102921
0.116496
0.102495
0.103035
0.134359
0.126177
0.103078
0.106319
0.108247
0.099793
0.097407
0.107982
0.120910
0.114082
0.110650
0.091192
0.125935
0.221810
0.174037
0.131536
0.146849
0.130036
0.127174
0.124704
0.093958
0.073564
0.103353
0.175607
0.179646
0.078633
0.078578
0.080954
0.067129
0.066692
0.089898
0.086656
0.091279
0.103425
0.087928
0.087060
0.077602
0.114750
0.097438
0.097828
0.094624
0.068882
0.094411
0.092583
0.090509
0.073855
0.096207
0.098960
0.091865
0.088227
0.095129
0.102664
0.104718
0.104601
0.105835
0.114846
0.170174
0.169343
0.181466
0.184892
0.176425
0.161535
0.164565
0.161569
0.162313
0.147003
0.186690
0.178325
0.186716
0.168713
0.162576
0.150167
0.157320
0.152288
0.150433
0.161057
0.169262
0.191996
0.211879
0.211010
0.181758
0.222325
0.221012
0.220413
0.222969
0.223392
0.210831
0.211011
0.209472
0.201602
0.188247
0.207512
0.226764
0.213699
0.202013
0.214346
0.191783
0.184700
0.211310
0.211403
0.200051
0.199527
0.204394
0.173069
0.173264
0.172211
0.190204
0.185232
0.185190
0.185168
0.178997
0.156766
0.168104
0.159136
0.161076
0.154946
0.164222
0.155307
0.160298
0.160545
0.158493
0.174067
0.174945
0.172748
0.171716
0.176198
0.174949
0.172937
0.173245
0.172351
0.174515
0.172758
0.178003
0.176181
0.178030
0.178659
0.171855
0.174700
0.176173
0.176239
0.179399
0.176891
0.172366
0.172791
0.172159
0.155571
0.170998
0.171793
0.168435
0.170152
0.168804
0.172668
0.177729
0.174341
0.175679
0.163634
0.154251
0.158357
0.156953
0.156522
0.169506
0.161428
0.164200
0.186545
0.185747
0.191281
0.179985
0.181429
0.186530
0.193113
0.192173
0.187413
0.171011
0.242951
0.243086
0.230240
0.237952
0.271939
0.196250
0.196790
0.277461
0.269211
0.253657
0.248683
0.249244
0.230856
0.254299
0.194803
0.292619
0.292015
0.303708
0.273671
0.233964
0.265186
0.267076
0.278881
0.275026
0.228509
0.230760
0.231636
0.215429
0.320603
0.318920
0.272803
0.279120
0.267497
0.255436
0.247303
0.233204
0.271232
0.317087
0.306615
0.278708
0.252922
0.253135
0.254646
0.283053
0.319364
0.275269
0.272207
0.251970
0.307651
0.309911
0.358311
0.362577
0.292664
0.277968
0.286990
0.265818
0.264827
0.363808
0.364625
0.262281
0.287910
0.278077
0.264552
0.250046
0.348393
0.297087
0.206525
0.206039
0.215388
0.238198
0.260649
0.354383
0.354914
0.185486
0.232682
0.188062
0.286156
0.287137
0.238832
0.240939
0.125772
0.192032
0.186010
0.217505
0.168786
0.187806
0.168243
0.162934
0.173208
0.224302
0.263530
0.239113
0.238880
0.274977
0.193059
0.175443
0.222207
0.219951
0.260330
0.270134
0.278954
0.170845
0.182198
0.204832
0.207918
0.229252
0.208386
0.208610
0.214394
0.195467
0.210716
0.180287
0.181606
0.248643
0.258800
0.226168
0.242003
0.241573
0.250381
0.257387
0.260330
0.249919
0.250105
0.231866
0.198283
0.103152
0.100359
0.100408
0.034443
0.050962
0.050638
0.067263
0.061416
0.040596
0.043305
0.045394
0.055729
0.055842
0.054363
0.068152
0.053532
0.062653
0.062701
0.057520
0.140362
0.104118
0.095926
0.095804
0.083034
0.132818
0.106713
0.093831
0.094987
0.090010
0.105757
0.103608
0.111942
0.112002
0.081115
0.073214
0.071087
0.070382
0.070544
0.078272
0.067935
0.083373
0.084392
0.084168
0.086052
0.088023
0.118873
0.119435
0.130884
0.094970
0.119609
0.108996
0.444587
0.444581
0.107626
0.103570
0.093024
0.128671
0.128896
0.132556
0.156869
0.459421
0.127266
0.126861
0.106474
0.127069
0.128726
0.134622
0.136008
0.077465
0.059578
0.519165
0.072231
0.072500
0.120645
0.556803
0.154790
0.131492
0.131611
0.085709
0.107862
0.373123
0.140864
0.141109
0.133485
0.131417
0.150742
0.168968
0.169148
0.398882
0.104103
0.155448
0.117182
0.117182
0.110425
0.073733
0.072738
0.082062
0.082042
0.175716
0.173978
0.210436
0.192634
0.192292
0.192526
0.138327
0.180871
0.167167
0.186869
0.212988
0.194912
0.168676
0.168500
0.167761
0.172639
0.191977
0.191978
0.190118
0.188208
0.193153
0.201378
0.219051
0.219102
0.218998
0.226848
0.216408
0.220097
0.207815
0.207396
0.208177
0.220194
0.197519
0.222986
0.221475
0.204825
0.204039
0.237949
0.202634
0.201454
0.197887
0.196234
0.238678
0.186877
0.187094
0.229076
0.237773
0.255980
0.256077
0.255972
0.247160
0.202169
0.197085
0.180786
0.180205
0.180108
0.174335
0.166909
0.162823
0.162320
0.170363
0.170576
0.172834
0.232000
0.231907
0.196589
0.188281
0.179372
0.197805
0.195428
0.175864
0.166326
0.162038
0.186690
0.186285
0.222574
0.191028
0.211610
0.173988
0.176675
0.191642
0.182911
0.181134
0.188618
0.188340
0.218342
0.203782
0.180427
0.170893
0.178529
0.178554
0.192533
0.152466
0.198695
0.184069
0.209543
0.168219
0.247255
0.245294
0.243507
0.245655
0.253455
0.233135
0.236583
0.236929
0.237492
0.268776
0.276391
0.287129
0.254392
0.251266
0.243568
0.244009
0.239822
0.227140
0.227671
0.230307
0.222928
0.240520
0.233485
0.233119
0.230718
0.233639
0.229908
0.232818
0.233846
0.233321
0.229854
0.221553
0.222731
0.223364
0.217262
0.212149
0.186244
0.169894
0.170754
0.170060
0.185402
0.182609
0.194384
0.194438
0.193071
0.200469
0.206913
0.220472
0.223066
0.213106
0.195898
0.199501
0.186955
0.186628
0.126011
0.129061
0.093136
0.116849
0.116765
0.116339
0.178336
0.138982
0.136563
0.137346
0.137295
0.174597
0.175126
0.192840
0.193588
0.205170
0.203551
0.161887
0.162408
0.163118
0.222523
0.222836
0.222911
0.226086
0.226171
0.228154
0.231818
0.242044
0.241850
0.242065
0.286976
0.290094
0.272533
0.279540
0.284322
0.256959
0.251745
0.137748
0.082304
0.083884
0.056058
0.078659
0.104735
0.108140
0.109454
0.170032
0.156284
0.179517
0.175964
0.181781
0.179223
0.134303
0.137344
0.138656
0.138700
0.168242
0.176054
0.120776
0.117710
0.151480
0.160538
0.202242
0.199145
0.172267
0.163272
0.162667
0.163741
0.112540
0.111868
0.111544
0.182099
0.171687
0.174021
0.206042
0.224690
0.197252
0.163132
0.163673
0.136256
0.137093
0.152705
0.154429
0.148650
0.168688
0.168600
0.150068
0.153281
0.162900
0.142106
0.142476
0.109192
0.050779
0.050756
0.091886
0.093152
0.092962
0.100354
0.100836
0.090281
0.091291
0.106080
0.106648
0.105207
0.089833
0.096724
0.097689
0.093980
0.091719
0.093887
0.094514
0.094734
0.091329
0.096980
0.097009
0.097036
0.140175
0.094073
0.095115
0.093155
0.093212
0.093244
0.104228
0.104631
0.102499
0.100209
0.096125
0.094572
0.092612
0.093567
0.092791
0.086214
0.093330
0.099248
0.091705
0.091354
0.091808
0.116818
0.123250
0.088168
0.122694
0.118921
0.114282
0.114174
0.101845
0.104126
0.098663
0.097864
0.097728
0.098872
0.099119
0.078494
0.080181
0.077635
0.084076
0.080629
0.084406
0.087127
0.091359
0.088101
0.088465
0.088112
0.236093
0.241047
0.254074
0.253691
0.280026
0.251008
0.266358
0.279034
0.278830
0.293340
0.298672
0.276833
0.271430
0.270852
0.256919
0.259104
0.261893
0.256564
0.256727
0.253512
0.242683
0.229337
0.230906
0.231168
0.227411
0.223629
0.219028
0.215661
0.213415
0.213979
0.210819
0.202742
0.203496
0.200435
0.201616
0.202660
0.195425
0.192909
0.187899
0.187042
0.203187
0.198509
0.218830
0.208936
0.213390
0.225863
0.238914
0.246794
0.242175
0.242301
0.210113
0.253139
0.243596
0.241512
0.238996
0.248537
0.233608
0.228399
0.230877
0.230789
0.244605
0.245190
0.236555
0.245614
0.244556
0.251725
0.247919
0.250731
0.244727
0.244735
0.233711
0.249619
0.255626
0.254126
0.252775
0.251929
0.249316
0.287342
0.260012
0.260112
0.264660
0.247555
0.269909
0.225919
0.226825
0.189909
0.211572
0.181141
0.200049
0.200343
0.182461
0.191239
0.188029
0.181322
0.180725
0.223134
0.228318
0.243475
0.247219
0.248019
0.258433
0.272263
0.265011
0.253297
0.252374
0.241264
0.231337
0.241119
0.251010
0.250168
0.268240
0.290122
0.237377
0.293208
0.293282
0.238200
0.255764
0.225264
0.226594
0.226569
0.214110
0.214508
0.208958
0.202446
0.202447
0.194377
0.204318
0.183719
0.184303
0.179105
0.142740
0.166791
0.131141
0.139327
0.136726
0.152643
0.142403
0.139294
0.141020
0.141504
0.144999
0.155282
0.141792
0.148878
0.148765
0.145252
0.121046
0.116000
0.122670
0.123933
0.145148
0.134222
0.135279
0.138793
0.137723
0.142861
0.142646
0.148078
0.143827
0.143388
0.154497
0.151928
0.125914
0.136537
0.123165
0.120841
0.124215
0.123991
0.131756
0.131444
0.131005
0.125488
0.124620
0.123023
0.121781
0.139491
0.136473
0.133285
0.136640
0.134577
0.132311
0.134464
0.140044
0.134161
0.134845
0.138466
0.144057
0.138518
0.136719
0.115076
0.087557
0.086032
0.081053
0.107640
0.107501
0.135994
0.106296
0.211662
0.159776
0.160707
0.201884
0.191020
0.190548
0.181821
0.184901
0.181837
0.177749
0.179156
0.171921
0.171387
0.175978
0.159285
0.149431
0.154104
0.154094
0.151798
0.157000
0.152830
0.201297
0.198795
0.185580
0.128995
0.126065
0.129154
0.129334
0.115004
0.121451
0.121753
0.179717
0.180003
0.181062
0.161512
0.167323
0.162445
0.163244
0.214963
0.202963
0.212615
0.211925
0.210900
0.171045
0.178165
0.179710
0.178377
0.178280
0.159144
0.135399
0.109599
0.100717
0.100479
0.094918
0.139883
0.141838
0.132667
0.130164
0.118237
0.123379
0.112563
0.114992
0.114688
0.100778
0.117634
0.116218
0.116638
0.115994
0.113410
0.106011
0.104527
0.096842
0.098180
0.096599
0.107577
0.111132
0.114423
0.111256
0.110805
0.117625
0.114025
0.124304
0.123419
0.123342
0.118978
0.125746
0.115455
0.116828
0.118731
0.112873
0.126114
0.084417
0.095998
0.100193
0.131543
0.126294
0.083015
0.103082
0.103091
0.127302
0.127733
0.119480
0.116752
0.117652
0.099859
0.099911
0.122912
0.138973
0.138752
0.131970
0.125789
0.100976
0.111697
0.111479
0.109922
0.131545
0.114087
0.116053
0.116537
0.110218
0.094671
0.079976
0.119695
0.122050
0.124880
0.099215
0.105207
0.073190
0.073071
0.086598
0.093243
0.273564
0.209160
0.209143
0.188022
0.449488
0.447427
0.432308
0.420621
0.422933
0.324321
0.316039
0.175448
0.182815
0.260744
0.241076
0.290020
0.257680
0.252653
0.276516
0.245115
0.180171
0.176216
0.175228
0.176854
0.203923
0.264219
0.180885
0.181708
0.268562
0.270748
0.203576
0.239947
0.238331
0.290568
0.256430
0.258369
0.277871
0.275595
0.275410
0.216296
0.191046
0.292747
0.292766
0.234637
0.233033
0.186226
0.179776
0.178960
0.180256
0.175396
0.171256
0.172363
0.170363
0.175789
0.171146
0.174005
0.174847
0.176638
0.175880
0.202297
0.177587
0.174957
0.174173
0.189194
0.170093
0.160911
0.156650
0.157021
0.158302
0.156210
0.224338
0.227337
0.224904
0.229122
0.202010
0.210276
0.211485
0.209695
0.215562
0.236767
0.219519
0.190931
0.191056
0.190526
0.204714
0.198754
0.190659
0.196678
0.197634
0.196709
0.194355
0.199158
0.206668
0.197492
0.205828
0.196168
0.208829
0.208379
0.217282
0.218853
0.216733
0.214891
0.215222
0.210669
0.211731
0.212248
0.203098
0.196768
0.206859
0.201519
0.196607
0.173728
0.173957
0.157327
0.159967
0.172108
0.165623
0.164777
0.167671
0.174638
0.178897
0.201420
0.201615
0.194645
0.214792
0.199390
0.215642
0.201595
0.198305
0.222050
0.200367
0.217154
0.217370
0.220779
0.191092
0.189956
0.204097
0.202127
0.183570
0.185454
0.194699
0.187405
0.215873
0.204482
0.209478
0.226644
0.175950
0.177244
0.176822
0.174364
0.181321
0.184363
0.183206
0.174583
0.179108
0.191891
0.166204
0.166013
0.181763
0.184950
0.203822
0.178268
0.178331
0.184372
0.181277
0.175523
0.175956
0.177036
0.204584
0.202725
0.187534
0.192019
0.192172
0.214593
0.211881
0.215017
0.211597
0.212757
0.196014
0.192137
0.200371
0.204794
0.204536
0.204998
0.205390
0.206806
0.256975
0.213383
0.270735
0.278285
0.275502
0.271555
0.269689
0.275693
0.267253
0.275152
0.277388
0.262214
0.275587
0.273686
0.278876
0.234616
0.250003
0.269727
0.267707
0.269923
0.265343
0.269558
0.276407
0.269745
0.265673
0.263181
0.267697
0.267552
0.263770
0.260082
0.263652
0.274461
0.268735
0.278003
0.268609
0.263287
0.260591
0.259790
0.263300
0.273291
0.271082
0.195393
0.345443
0.364358
0.261382
0.371675
0.345037
0.353902
0.270159
0.249695
0.249971
0.257279
0.273824
0.275827
0.326653
0.267367
0.322841
0.261888
0.327167
0.312486
0.325224
0.316737
0.312369
0.315088
0.319158
0.317907
0.346571
0.346786
0.380564
0.381654
0.388636
0.362529
0.363441
0.406884
0.388584
0.390527
0.391843
0.391694
0.416744
0.415713
0.394036
0.419647
0.418163
0.402635
0.416736
0.416408
0.399745
0.399774
0.403149
0.402137
0.409590
0.369281
0.381081
0.414316
0.406801
0.371613
0.381706
0.411608
0.376782
0.365538
0.421751
0.350448
0.350665
0.423557
0.327470
0.404812
0.324321
0.327384
0.332232
0.421227
0.336665
0.328991
0.328529
0.330584
0.323701
0.321205
0.389769
0.335594
0.316736
0.320477
0.354301
0.316213
0.318370
0.317016
0.314434
0.344356
0.419041
0.417937
0.343836
0.415040
0.414288
0.424129
0.414324
0.347816
0.423293
0.418779
0.424439
0.424033
0.345166
0.422432
0.426494
0.428953
0.428463
0.379595
0.431010
0.393907
0.391768
0.393744
0.395288
0.398696
0.397301
0.394948
0.394627
0.428874
0.426630
0.419534
0.417938
0.421601
0.423413
0.370862
0.382444
0.394575
0.393148
0.393642
0.394773
0.388944
0.391423
0.392450
0.393467
0.394743
0.423378
0.421576
0.422913
0.387391
0.396399
0.391217
0.424962
0.424435
0.425916
0.432538
0.426666
0.421149
0.422709
0.430330
0.439512
0.434581
0.422659
0.424789
0.427274
0.427647
0.428661
0.428929
0.429006
0.425377
0.436664
0.422917
0.429196
0.428370
0.441971
0.449003
0.437921
0.438274
0.438179
0.440412
0.417230
0.433055
0.402967
0.403476
0.408574
0.432145
0.414527
0.431340
0.429871
0.432591
0.430722
0.425948
0.428674
0.428152
0.426890
0.427866
0.426436
0.427259
0.427233
0.422476
0.410118
0.434033
0.416810
0.416176
0.426334
0.425534
0.424069
0.426317
0.426391
0.430107
0.436646
0.432916
0.424153
0.425709
0.427304
0.436390
0.424134
0.425712
0.425874
0.425655
0.429712
0.430232
0.430846
0.432736
0.436142
0.431851
0.435324
0.434645
0.435328
0.431257
0.413828
0.427939
0.435228
0.435067
0.405718
0.390704
0.388970
0.400898
0.401179
0.400996
0.391277
0.386439
0.384882
0.432030
0.422675
0.425934
0.428901
0.400369
0.398691
0.426504
0.400245
0.407492
0.403710
0.396330
0.395855
0.396163
0.390485
0.393732
0.392398
0.393103
0.398052
0.395802
0.397160
0.391413
0.398241
0.395264
0.397239
0.388457
0.395261
0.395176
0.386698
0.384656
0.396687
0.384852
0.385063
0.396569
0.254843
0.232568
0.186806
0.189807
0.087356
0.090835
0.065293
0.097849
0.098354
0.095908
0.100358
0.099756
0.095261
0.094182
0.095214
0.100292
0.099872
0.093847
0.093303
0.099055
0.094928
0.069133
0.063754
0.061736
0.061654
0.066076
0.063305
0.076904
0.074649
0.077590
0.071427
0.073614
0.071269
0.072316
0.067415
0.068036
0.029738
0.025366
0.025475
0.030783
0.029359
0.025206
0.023601
0.023780
0.024394
0.025045
0.023276
0.024435
0.024856
0.025979
0.026343
0.030355
0.029406
0.029098
0.027147
0.035350
0.037652
0.176881
0.176822
0.208310
0.176201
0.396636
0.388769
0.389046
0.388406
0.397429
0.412761
0.415030
0.390016
0.377107
0.396150
0.378039
0.377642
0.378009
0.380446
0.375531
0.383817
0.377622
0.377611
0.378222
0.365960
0.382958
0.368325
0.386372
0.392640
0.389434
0.395700
0.385761
0.391483
0.372495
0.396565
0.400436
0.396284
0.394804
0.385563
0.382920
0.386799
0.382239
0.382414
0.383956
0.386912
0.384944
0.383011
0.383393
0.394401
0.396813
0.394302
0.398208
0.397192
0.401967
0.394238
0.394430
0.398187
0.398369
0.403521
0.396387
0.406097
0.403801
0.404347
0.402053
0.400383
0.417995
0.416669
0.415719
0.414961
0.417293
0.405470
0.375380
0.375920
0.382390
0.407839
0.389577
0.383443
0.382989
0.384269
0.399682
0.393182
0.379185
0.378872
0.383662
0.374276
0.374115
0.377192
0.377410
0.376295
0.380039
0.374793
0.373103
0.373082
0.372176
0.363437
0.367332
0.364597
0.367284
0.373894
0.370220
0.376117
0.379778
0.379372
0.368813
0.380279
0.372548
0.383969
0.381984
0.370762
0.372195
0.382952
0.386388
0.382475
0.372635
0.376478
0.376676
0.376357
0.376124
0.379662
0.369529
0.371041
0.369632
0.371938
0.364867
0.367010
0.371515
0.369665
0.370049
0.368604
0.377630
0.378801
0.387566
0.391582
0.387902
0.388482
0.373125
0.381431
0.374118
0.385381
0.386490
0.363009
0.366928
0.371692
0.373629
0.374850
0.376089
0.383504
0.381087
0.387520
0.387475
0.386594
0.391220
0.388542
0.393489
0.414066
0.401331
0.400961
0.396256
0.396388
0.401426
0.398913
0.396807
0.400400
0.396086
0.406458
0.384603
0.382452
0.387226
0.386890
0.392413
0.397075
0.397180
0.403621
0.403371
0.396947
0.403157
0.401800
0.392407
0.392561
0.395227
0.392679
0.399553
0.401960
0.399040
0.402035
0.397246
0.394764
0.406743
0.406635
0.403169
0.353740
0.397069
0.397316
0.397052
0.398557
0.396674
0.407015
0.398924
0.398298
0.392206
0.382367
0.391171
0.402985
0.404269
0.406550
0.400795
0.389037
0.377255
0.376123
0.284534
0.081943
0.073348
0.076698
0.074621
0.047931
0.060032
0.057285
0.054338
0.052970
0.058762
0.056082
0.046350
0.054664
0.053960
0.048805
0.025437
0.026902
0.021336
0.021358
0.017195
0.021056
0.030389
0.029063
0.027878
0.028098
0.010670
0.000000
0.004167
0.004159
0.006833
0.015010
0.032451
0.035647
0.037143
0.034116
0.036173
0.034422
0.030697
0.030753
0.027353
0.034821
0.037368
0.040127
0.040127
0.055629
0.054989
0.047092
0.045376
0.044866
0.057839
0.073788
0.080690
0.086069
0.079404
0.076630
0.073572
0.089297
0.072182
0.072178
0.210679
0.203437
0.396979
0.372470
0.371683
0.376317
0.399230
0.380844
0.382491
0.382789
0.375784
0.397472
0.398559
0.373433
0.376655
0.392163
0.370069
0.392873
0.398919
0.399015
0.400000
0.403444
0.400715
0.402547
0.404666
0.382435
0.391876
0.394519
0.395331
0.407125
0.377589
0.378100
0.380737
0.380026
0.396052
0.393459
0.383956
0.383991
0.373583
0.374228
0.378104
0.380545
0.380394
0.375399
0.378448
0.381918
0.380936
0.386729
0.404554
0.404478
0.405842
0.392029
0.388856
0.383628
0.382959
0.384318
0.378433
0.377286
0.381681
0.379545
0.380063
0.385893
0.386236
0.393092
0.393166
0.392185
0.390697
0.389852
0.388937
0.388801
0.384913
0.389296
0.390760
0.410294
0.411295
0.414144
0.413644
0.412793
0.413652
0.408422
0.386417
0.410819
0.406673
0.409188
0.408102
0.406019
0.393136
0.398290
0.398722
0.398938
0.363801
0.381217
0.362656
0.355246
0.356237
0.330048
0.330680
0.293644
0.424163
0.423859
0.428532
0.430727
0.433547
0.436245
0.440139
0.436218
0.434358
0.434918
0.426503
0.425435
0.427607
0.438072
0.440710
0.426474
0.428254
0.394908
0.392560
0.396924
0.432428
0.429422
0.415344
0.392435
0.402367
0.405752
0.392331
0.427141
0.440793
0.428694
0.430136
0.435916
0.417050
0.426180
0.433143
0.416952
0.423656
0.357297
0.377474
0.378357
0.389032
0.398754
0.402720
0.356270
0.365467
0.378537
0.368319
0.383675
0.382805
0.397796
0.382791
0.390638
0.383464
0.381127
0.369018
0.384626
0.377550
0.377548
0.362566
0.365978
0.353785
0.355880
0.353045
0.355999
0.358984
0.345742
0.344891
0.344848
0.342004
0.342916
0.337681
0.338327
0.338636
0.324533
0.351628
0.301071
0.316126
0.316807
0.290218
0.304120
0.282050
0.281003
0.279791
0.338250
0.330235
0.312135
0.317301
0.317747
0.365669
0.342767
0.294474
0.370498
0.375452
0.277598
0.315642
0.362120
0.382237
0.381253
0.374065
0.362025
0.357171
0.356867
0.356709
0.362971
0.336182
0.395110
0.387668
0.387036
0.391759
0.342128
0.381199
0.337404
0.336888
0.333432
0.414239
0.412706
0.410971
0.416516
0.413800
0.390614
0.350311
0.337889
0.397722
0.396840
0.380217
0.385638
0.265051
0.261966
0.376540
0.397749
0.364330
0.252039
0.256491
0.335648
0.350324
0.369990
0.328850
0.329287
0.309535
0.324796
0.383193
0.384976
0.386757
0.379062
0.375592
0.366818
0.369689
0.365916
0.385767
0.368671
0.386690
0.390504
0.390564
0.388321
0.388746
0.352808
0.377173
0.377036
0.385159
0.373646
0.375654
0.376199
0.382300
0.378324
0.376645
0.371749
0.389777
0.389901
0.377245
0.353622
0.361249
0.358760
0.359587
0.359159
0.360248
0.358541
0.357291
0.358876
0.334841
0.367516
0.361480
0.371480
0.371521
0.354257
0.356644
0.339319
0.354394
0.353049
0.359413
0.347592
0.432797
0.357319
0.437648
0.437201
0.434899
0.417135
0.345081
0.345386
0.345339
0.355678
0.340230
0.334800
0.346851
0.340608
0.332795
0.347315
0.319591
0.307734
0.308453
0.306612
0.399242
0.316008
0.316024
0.362244
0.352507
0.326781
0.339814
0.339956
0.332182
0.335622
0.341284
0.377167
0.376024
0.332745
0.340029
0.338199
0.336153
0.334969
0.422819
0.398089
0.435028
0.435655
0.432966
0.434385
0.431601
0.406296
0.403551
0.401509
0.400896
0.399634
0.396387
0.412887
0.415768
0.416334
0.416090
0.417110
0.419735
0.412423
0.416241
0.406088
0.413828
0.404710
0.369417
0.416371
0.417779
0.414836
0.412005
0.419553
0.419148
0.409803
0.413037
0.422537
0.423714
0.426452
0.421199
0.409205
0.383426
0.377869
0.357388
0.371123
0.367029
0.376358
0.303775
0.363039
0.361183
0.358519
0.358464
0.358131
0.380452
0.368073
0.419065
0.398413
0.415513
0.389087
0.363287
0.376070
0.326038
0.327930
0.333110
0.381402
0.377076
0.370932
0.362720
0.360600
0.424253
0.428140
0.430112
0.434405
0.433629
0.398108
0.392030
0.388667
0.387457
0.390051
0.384166
0.373539
0.386367
0.378022
0.385344
0.381879
0.382421
0.389092
0.383840
0.382590
0.384777
0.386981
0.386679
0.384865
0.387440
0.387712
0.387463
0.390322
0.390420
0.390888
0.382310
0.383255
0.429920
0.406055
0.407666
0.399293
0.400563
0.399248
0.397037
0.404966
0.408185
0.403817
0.408139
0.425725
0.424038
0.440557
0.424006
0.423028
0.428220
0.428183
0.417878
0.422329
0.429673
0.422040
0.428892
0.426849
0.429016
0.423339
0.418425
0.426790
0.412074
0.427096
0.417534
0.391666
0.427722
0.383398
0.376084
0.371636
0.368384
0.370369
0.389876
0.387739
0.394246
0.385997
0.386184
0.385335
0.378840
0.374032
0.383886
0.386247
0.397081
0.395476
0.392346
0.393243
0.395669
0.394084
0.392517
0.383316
0.378587
0.379555
0.368339
0.380870
0.380759
0.395297
0.379329
0.379375
0.379477
0.372671
0.138721
0.138701
0.138701
0.138701
0.138701
0.138689
0.138687
0.138687
0.138687
0.138692
0.138691
0.138667
0.138691
0.138668
0.138667
0.138692
0.138687
0.138687
0.138687
0.138690
0.138649
0.138667
0.134235
0.134554
0.135326
0.136863
0.136864
0.139444
0.109488
0.109488
0.109488
0.109488
0.109488
0.109488
0.109488
0.109488
0.109488
0.109488
0.109488
0.109488
0.109488
0.109488
0.109488
0.109488
0.109488
0.109488
0.109488
0.109488
0.109488
0.109488
0.109488
0.109488
0.109488
