0.023255
0.023255
0.023255
0.023255
0.023255
0.023255
0.023255
0.023255
0.021561
0.019675
0.017627
0.017085
0.017090
0.014849
0.013778
0.013595
0.013978
0.014185
0.013203
0.013198
0.013542
0.013669
0.011725
0.012278
0.011923
0.013918
0.014088
0.014130
0.014994
0.015627
0.020656
0.017806
0.017859
0.024621
0.026317
0.028240
0.030455
0.030394
0.033274
0.036906
0.038355
0.042267
0.043539
0.045465
0.048474
0.048504
0.047541
0.049234
0.048745
0.049286
0.049312
0.047359
0.047076
0.047413
0.047488
0.047793
0.047822
0.047741
0.047883
0.047453
0.047537
0.047291
0.048403
0.047243
0.048752
0.047648
0.047719
0.047812
0.047567
0.047910
0.047694
0.047678
0.047735
0.047724
0.047934
0.047704
0.047818
0.047916
0.048846
0.048108
0.048829
0.048036
0.049510
0.049021
0.048872
0.048837
0.048769
0.049110
0.049072
0.049653
0.049047
0.049095
0.048981
0.049899
0.049951
0.049861
0.048348
0.048547
0.051113
0.050101
0.048310
0.050106
0.049137
0.048040
0.048939
0.049030
0.049089
0.048472
0.049467
0.048887
0.048906
0.048077
0.049016
0.048894
0.049360
0.048724
0.049323
0.049352
0.048369
0.049524
0.047816
0.048018
0.048018
0.048063
0.048162
0.048390
0.048286
0.048259
0.048230
0.049116
0.048330
0.048505
0.048565
0.048682
0.048287
0.048564
0.048737
0.048507
0.048896
0.048617
0.049047
0.049119
0.049337
0.048691
0.044449
0.044520
0.047808
0.048084
0.048315
0.042886
0.047437
0.046030
0.045365
0.047117
0.042627
0.044305
0.044918
0.044837
0.053998
0.052500
0.050226
0.044069
0.044219
0.045817
0.046019
0.045410
0.043927
0.042288
0.042282
0.042889
0.043192
0.041253
0.041258
0.042847
0.040463
0.045667
0.043472
0.043392
0.063782
0.042923
0.064754
0.069896
0.070526
0.065251
0.064242
0.064289
0.064117
0.063726
0.068147
0.064080
0.064006
0.060269
0.060295
0.071755
0.049466
0.051082
0.044777
0.044575
0.045152
0.035253
0.033504
0.043649
0.044928
0.035249
0.043509
0.034669
0.043179
0.043087
0.034132
0.043029
0.042731
0.042398
0.042450
0.033641
0.033753
0.033554
0.033664
0.033670
0.033680
0.033558
0.033591
0.033591
0.033535
0.033603
0.033769
0.034127
0.034460
0.034291
0.034637
0.034477
0.034602
0.034485
0.034528
0.034486
0.034582
0.034501
0.034340
0.034535
0.034478
0.034617
0.034204
0.034514
0.034364
0.034298
0.034482
0.034411
0.034479
0.034405
0.034461
0.034461
0.034357
0.034469
0.034388
0.034650
0.034374
0.034421
0.034969
0.034675
0.034504
0.034372
0.034470
0.034686
0.034753
0.034751
0.034858
0.035195
0.035183
0.035183
0.035039
0.034699
0.034841
0.034740
0.034832
0.034772
0.034822
0.034728
0.044270
0.039617
0.039370
0.039116
0.036902
0.036677
0.039997
0.032864
0.032935
0.051448
0.051527
0.050068
0.047331
0.049308
0.046344
0.046317
0.048470
0.046383
0.048186
0.049952
0.049648
0.072052
0.080502
0.084862
0.096433
0.097186
0.098609
0.101936
0.109181
0.112637
0.112222
0.104566
0.107598
0.112990
0.113961
0.113961
0.121102
0.138313
0.142913
0.143302
0.144549
0.151898
0.150131
0.153672
0.144909
0.145149
0.144862
0.146474
0.144510
0.144777
0.144761
0.143926
0.144107
0.135107
0.133202
0.133595
0.144503
0.144871
0.144456
0.143584
0.144772
0.143669
0.145996
0.143192
0.139537
0.139270
0.139398
0.140212
0.140125
0.151209
0.142003
0.146683
0.155248
0.145282
0.144533
0.144132
0.144143
0.143768
0.143599
0.143648
0.143611
0.142872
0.143479
0.142373
0.146840
0.146012
0.145445
0.140112
0.145692
0.146576
0.147170
0.147359
0.146940
0.145268
0.143543
0.143598
0.145224
0.142548
0.143724
0.145653
0.145622
0.143115
0.141942
0.141712
0.144589
0.141587
0.153488
0.144226
0.141423
0.139190
0.142332
0.139115
0.144195
0.141690
0.145460
0.142299
0.142541
0.047275
0.048658
0.060545
0.055156
0.066515
0.065629
0.063674
0.068838
0.035389
0.032710
0.122382
0.093927
0.122325
0.074930
0.119282
0.120647
0.121424
0.082965
0.083013
0.069049
0.069989
0.078353
0.036274
0.035881
0.068630
0.061834
0.071308
0.077009
0.076964
0.072300
0.066939
0.073603
0.103743
0.104337
0.103006
0.066334
0.101551
0.098362
0.098368
0.095940
0.095298
0.094756
0.093999
0.093874
0.095029
0.091238
0.094800
0.066792
0.072645
0.081808
0.079660
0.083524
0.096449
0.094234
0.094224
0.091783
0.093700
0.090127
0.094634
0.091120
0.090669
0.091953
0.091288
0.091664
0.092839
0.091963
0.090916
0.071497
0.071573
0.091614
0.097032
0.095280
0.093911
0.077976
0.093904
0.096610
0.096358
0.098020
0.099740
0.096531
0.096954
0.088102
0.099850
0.099786
0.097953
0.098357
0.098010
0.097837
0.087614
0.102340
0.102771
0.100658
0.101709
0.098817
0.097122
0.099521
0.098762
0.098744
0.097922
0.099162
0.097899
0.101783
0.066771
0.102084
0.065708
0.069555
0.071429
0.070975
0.066927
0.071820
0.069882
0.070222
0.070148
0.071463
0.068466
0.068064
0.070384
0.070499
0.070916
0.073726
0.074123
0.070627
0.070704
0.064909
0.071274
0.064975
0.067890
0.067907
0.067176
0.066588
0.066374
0.064630
0.065291
0.063856
0.066926
0.068607
0.072283
0.070206
0.072552
0.069795
0.070954
0.074932
0.071859
0.074907
0.072869
0.090499
0.083428
0.078056
0.083066
0.079355
0.063129
0.107541
0.072584
0.104876
0.100971
0.066082
0.097268
0.097001
0.096973
0.071427
0.070759
0.056205
0.086611
0.079473
0.100712
0.089694
0.090801
0.090500
0.090952
0.082965
0.047625
0.071384
0.071275
0.123974
0.112513
0.106944
0.096045
0.096032
0.087191
0.078865
0.072631
0.064751
0.064687
0.058498
0.052396
0.046884
0.041845
0.041843
0.036913
0.031871
0.028104
0.024410
0.024383
0.024838
0.022704
0.020917
0.018482
0.018478
0.016696
0.015621
0.011210
0.009082
0.008527
0.007415
0.005346
0.004706
0.003542
0.003530
0.001970
0.001477
0.000000
0.001526
0.001529
0.002220
0.004161
0.005410
0.006343
0.006343
0.008379
0.009142
0.010562
0.012619
0.012619
0.012849
0.015327
0.016435
0.017141
0.017142
0.019280
0.021393
0.022543
0.023901
0.023894
0.025365
0.026928
0.028960
0.031577
0.031538
0.032810
0.034131
0.034010
0.035192
0.035688
0.036426
0.037181
0.038581
0.038185
0.038185
0.040408
0.040384
0.041137
0.041685
0.042138
0.043997
0.044909
0.046250
0.047193
0.047534
0.044957
0.047154
0.037831
0.047580
0.041279
0.007307
0.013533
0.014328
0.016179
0.017289
0.016757
0.016885
0.013253
0.014601
0.014605
0.017005
0.018452
0.017332
0.020562
0.021077
0.021854
0.021628
0.023323
0.015352
0.015352
0.018884
0.007827
0.009159
0.006870
0.008191
0.008982
0.011892
0.010549
0.014442
0.014348
0.015995
0.018020
0.022678
0.024256
0.024392
0.026100
0.037797
0.044371
0.057987
0.058089
0.065433
0.092147
0.075384
0.107521
0.106927
0.118082
0.127705
0.137539
0.154018
0.153954
0.163063
0.170819
0.181938
0.193506
0.192857
0.172134
0.182202
0.181516
0.191067
0.194359
0.191371
0.178424
0.180422
0.177289
0.188117
0.187833
0.193513
0.193187
0.193815
0.193784
0.193399
0.198078
0.129462
0.128281
0.134350
0.134825
0.139246
0.137161
0.136985
0.137011
0.136231
0.147149
0.144578
0.120335
0.120153
0.121794
0.122868
0.122044
0.123853
0.123474
0.119825
0.154604
0.125781
0.128010
0.127970
0.104037
0.125313
0.106839
0.107332
0.098763
0.121032
0.094036
0.117643
0.117580
0.129919
0.125290
0.112556
0.114259
0.114191
0.152110
0.112980
0.159283
0.147857
0.148380
0.158192
0.120618
0.136896
0.142037
0.145300
0.155092
0.154032
0.152703
0.153873
0.154245
0.153986
0.181987
0.184278
0.182022
0.182012
0.177803
0.177514
0.179788
0.167267
0.167518
0.173087
0.175546
0.183100
0.184293
0.185468
0.184719
0.170306
0.184210
0.186454
0.187986
0.172727
0.131546
0.141843
0.165652
0.163417
0.128277
0.140051
0.129258
0.137274
0.137715
0.135125
0.125322
0.124525
0.135352
0.176676
0.121578
0.126701
0.129756
0.170123
0.169267
0.166894
0.168679
0.170221
0.182759
0.182487
0.163414
0.181130
0.176165
0.175697
0.175646
0.175793
0.163522
0.172631
0.152107
0.152355
0.172888
0.170707
0.137367
0.141949
0.141887
0.143918
0.138530
0.143023
0.147051
0.147398
0.113649
0.112653
0.118532
0.110108
0.109997
0.110657
0.121715
0.127837
0.131021
0.127617
0.137912
0.133581
0.114802
0.106880
0.106363
0.114419
0.125387
0.127400
0.125555
0.125672
0.126304
0.123088
0.121747
0.122566
0.122391
0.131332
0.123720
0.123133
0.112766
0.112680
0.109216
0.106119
0.118039
0.101948
0.101860
0.102473
0.103531
0.104684
0.107638
0.106789
0.096876
0.113726
0.119825
0.192308
0.192818
0.113842
0.113959
0.189344
0.112193
0.112027
0.110486
0.111040
0.109870
0.107870
0.108234
0.183287
0.204893
0.197990
0.184157
0.186134
0.184199
0.183624
0.184023
0.189381
0.187917
0.189631
0.185194
0.183320
0.185740
0.185423
0.187472
0.204234
0.205222
0.202785
0.202789
0.203125
0.200312
0.206877
0.211296
0.206096
0.204046
0.196921
0.188958
0.186790
0.186792
0.191238
0.204260
0.203341
0.193465
0.195254
0.194845
0.196816
0.199073
0.196997
0.196816
0.192907
0.185332
0.169190
0.164419
0.164425
0.164398
0.189838
0.160578
0.152341
0.150730
0.145267
0.175693
0.175512
0.194477
0.194287
0.160809
0.159241
0.195035
0.219037
0.219854
0.159455
0.161222
0.163639
0.165930
0.189324
0.167135
0.180653
0.169943
0.178662
0.179289
0.175980
0.174239
0.182789
0.193480
0.193384
0.193413
0.210103
0.206934
0.193605
0.193722
0.178486
0.187256
0.192991
0.140944
0.140898
0.139851
0.142192
0.172093
0.174965
0.176943
0.180208
0.139113
0.141224
0.169902
0.167504
0.167102
0.169066
0.170555
0.166469
0.167590
0.133621
0.131751
0.130373
0.129209
0.128859
0.129219
0.173380
0.138860
0.137571
0.142679
0.145459
0.141986
0.140930
0.141354
0.137669
0.136690
0.140169
0.137924
0.137703
0.140165
0.174082
0.171521
0.172943
0.172354
0.141919
0.147979
0.148047
0.180195
0.180225
0.148773
0.141111
0.137297
0.136509
0.139968
0.135512
0.137483
0.134057
0.133684
0.137211
0.131950
0.137839
0.137449
0.137274
0.137842
0.138543
0.139049
0.139202
0.139679
0.139623
0.156500
0.153561
0.132837
0.146766
0.148688
0.147158
0.135546
0.128512
0.144213
0.113317
0.133815
0.167012
0.150603
0.161687
0.161875
0.140391
0.126996
0.119086
0.108977
0.108289
0.103577
0.088093
0.103374
0.089526
0.098378
0.089719
0.098530
0.097807
0.095064
0.096031
0.094593
0.099160
0.094371
0.099184
0.097865
0.102169
0.097770
0.097212
0.099912
0.100030
0.101577
0.101439
0.097169
0.096188
0.096567
0.099346
0.099898
0.101151
0.100380
0.100927
0.101138
0.096811
0.094653
0.096498
0.095649
0.096309
0.097503
0.097579
0.095078
0.095713
0.100827
0.099593
0.094613
0.095105
0.095607
0.094905
0.094743
0.096066
0.091367
0.091383
0.090809
0.091539
0.090996
0.090264
0.089815
0.090154
0.089513
0.087394
0.100189
0.096388
0.095027
0.100232
0.096288
0.102060
0.101198
0.097393
0.096936
0.096648
0.090460
0.090714
0.091077
0.082663
0.077253
0.073390
0.073378
0.065657
0.061015
0.060033
0.052777
0.053353
0.049587
0.055759
0.059173
0.057426
0.057156
0.066216
0.055496
0.057330
0.058545
0.058403
0.059823
0.048652
0.049718
0.055805
0.057931
0.062968
0.065070
0.056521
0.059458
0.057476
0.063706
0.062735
0.063429
0.064003
0.063940
0.063423
0.062760
0.063582
0.065914
0.063935
0.063363
0.060812
0.062936
0.064909
0.064915
0.053601
0.056705
0.058415
0.057337
0.057439
0.061446
0.055173
0.050490
0.057958
0.057909
0.055183
0.055502
0.045343
0.042934
0.042640
0.040719
0.043088
0.043541
0.041966
0.041977
0.037971
0.036779
0.035363
0.034548
0.033983
0.034545
0.033439
0.033543
0.034154
0.034325
0.042801
0.042563
0.043643
0.045249
0.044782
0.047284
0.044027
0.046353
0.042818
0.043947
0.042865
0.041417
0.044713
0.051226
0.051204
0.047423
0.061294
0.040783
0.045847
0.045781
0.043500
0.040301
0.045605
0.043475
0.046461
0.045970
0.045715
0.058248
0.051902
0.051983
0.057998
0.078431
0.083728
0.083428
0.085561
0.085140
0.083588
0.089841
0.090437
0.088546
0.089047
0.084265
0.075746
0.077283
0.081464
0.087472
0.086094
0.086456
0.086764
0.086250
0.086614
0.086881
0.095410
0.094886
0.086516
0.082897
0.098122
0.073552
0.073317
0.071791
0.081094
0.088047
0.080340
0.080707
0.098634
0.078910
0.079340
0.073330
0.074104
0.083316
0.084614
0.083138
0.086265
0.084535
0.082715
0.084254
0.088665
0.090899
0.090898
0.089405
0.089417
0.086941
0.092314
0.085308
0.090771
0.089838
0.090520
0.091117
0.091069
0.091356
0.091093
0.090881
0.088836
0.088355
0.087680
0.086855
0.086473
0.087307
0.087524
0.086474
0.088276
0.087043
0.084683
0.083442
0.084192
0.084201
0.084696
0.081534
0.080661
0.086468
0.086646
0.088985
0.087188
0.087097
0.086102
0.086643
0.091280
0.089367
0.090525
0.090802
0.089661
0.090233
0.083482
0.083048
0.085415
0.089901
0.087791
0.086291
0.086252
0.086449
0.088345
0.089438
0.091155
0.090932
0.091239
0.090549
0.090460
0.091388
0.091345
0.090591
0.094408
0.094439
0.097216
0.098263
0.097767
0.096240
0.097657
0.098803
0.099489
0.087230
0.090657
0.092801
0.090211
0.094670
0.100133
0.099001
0.094284
0.089750
0.091679
0.091521
0.089355
0.086181
0.085757
0.085950
0.084931
0.083596
0.092814
0.097146
0.093551
0.092755
0.093556
0.092568
0.098604
0.098042
0.100454
0.097490
0.099634
0.101868
0.102143
0.101619
0.109503
0.105598
0.048183
0.048284
0.049036
0.049296
0.048408
0.047826
0.047921
0.048240
0.048175
0.048773
0.048426
0.048780
0.048858
0.048804
0.048624
0.048513
0.048462
0.048688
0.048494
0.048071
0.048761
0.048585
0.047847
0.048856
0.048824
0.049034
0.048948
0.048969
0.048386
0.048592
0.048425
0.048575
0.048147
0.048474
0.048667
0.048240
0.048300
0.047984
0.048077
0.047481
0.047663
0.047662
0.047955
0.047910
0.043768
0.044183
0.044308
0.045707
0.045964
0.039141
0.040060
0.039950
0.039660
0.041697
0.043166
0.045173
0.045166
0.041058
0.042150
0.039865
0.037752
0.036976
0.036840
0.035041
0.040468
0.079833
0.078874
0.079346
0.072294
0.077012
0.078444
0.077965
0.088912
0.093204
0.072901
0.072470
0.072246
0.071155
0.072412
0.072210
0.071655
0.073043
0.073767
0.069336
0.072427
0.087065
0.072375
0.086558
0.086183
0.064602
0.087699
0.087793
0.066615
0.079868
0.086883
0.077063
0.077054
0.086041
0.087857
0.088782
0.088728
0.087971
0.088286
0.088109
0.089534
0.088787
0.089682
0.088553
0.089520
0.089379
0.088484
0.087804
0.088745
0.076033
0.075782
0.079052
0.079372
0.078674
0.076467
0.076639
0.079607
0.079490
0.081777
0.080051
0.079808
0.079377
0.080172
0.083790
0.079866
0.079515
0.080486
0.078931
0.072231
0.073591
0.075669
0.078024
0.077420
0.080872
0.073902
0.073111
0.076455
0.074607
0.074687
0.072494
0.073073
0.078114
0.078078
0.077656
0.077668
0.077680
0.077671
0.078167
0.078156
0.078159
0.078093
0.078155
0.078146
0.077859
0.077990
0.077955
0.077722
0.078035
0.078623
0.078711
0.079103
0.079165
0.078841
0.078694
0.079275
0.078620
0.079267
0.081452
0.081495
0.080860
0.080904
0.079098
0.079820
0.078278
0.079233
0.079750
0.079304
0.079812
0.081071
0.080873
0.081038
0.081569
0.078489
0.078442
0.079400
0.079237
0.080907
0.081182
0.092466
0.094255
0.094374
0.091571
0.085888
0.097181
0.098849
0.098912
0.093094
0.071361
0.069437
0.060670
0.061527
0.064609
0.066538
0.076457
0.076344
0.076440
0.080738
0.083084
0.085971
0.086259
0.087159
0.083635
0.086930
0.079818
0.080656
0.080604
0.080546
0.080526
0.076502
0.101154
0.100640
0.106032
0.100589
0.122248
0.124539
0.116010
0.107003
0.105866
0.105384
0.105769
0.105758
0.105669
0.103277
0.103800
0.104706
0.104384
0.104171
0.104965
0.099917
0.103518
0.104362
0.104896
0.103390
0.104414
0.105369
0.105658
0.104032
0.104754
0.103774
0.104208
0.104186
0.105258
0.104302
0.104907
0.107948
0.106244
0.105102
0.092124
0.106409
0.108743
0.108661
0.106249
0.108619
0.107913
0.106833
0.106658
0.102522
0.101570
0.103674
0.101720
0.102024
0.105202
0.107600
0.106019
0.114719
0.109734
0.102558
0.107416
0.120155
0.103033
0.102964
0.100469
0.102345
0.100324
0.103742
0.103846
0.107336
0.104187
0.108231
0.108159
0.107710
0.094101
0.114751
0.113070
0.103705
0.103227
0.035814
0.040147
0.048068
0.047692
0.047765
0.048205
0.045525
0.043555
0.042969
0.042954
0.044272
0.043895
0.042460
0.041935
0.042135
0.043199
0.043510
0.043487
0.050815
0.051142
0.050539
0.051919
0.053124
0.049289
0.049216
0.052730
0.048272
0.045910
0.051433
0.052243
0.051448
0.052678
0.061102
0.057021
0.057703
0.057259
0.057321
0.056667
0.057958
0.058099
0.056347
0.056578
0.056206
0.057940
0.057413
0.056293
0.055503
0.056194
0.057941
0.057955
0.058088
0.058386
0.057681
0.059299
0.059069
0.058087
0.058567
0.058764
0.058753
0.057623
0.058149
0.057574
0.055596
0.055883
0.053313
0.055258
0.048066
0.044974
0.044900
0.042183
0.039741
0.116085
0.094310
0.093227
0.102396
0.103287
0.100673
0.099347
0.099553
0.099326
0.099539
0.097848
0.106530
0.100686
0.101725
0.100787
0.100058
0.100415
0.100202
0.100587
0.101648
0.087377
0.100731
0.100720
0.110734
0.107728
0.112693
0.111195
0.111916
0.111291
0.110066
0.109376
0.106475
0.096313
0.098939
0.103256
0.102486
0.092234
0.091575
0.090544
0.099985
0.113693
0.109822
0.098554
0.099889
0.108081
0.063434
0.037244
0.039586
0.042466
0.043953
0.057359
0.055280
0.054686
0.067154
0.070380
0.062346
0.051564
0.054941
0.051142
0.059742
0.062021
0.071830
0.071427
0.070320
0.047446
0.041922
0.044888
0.044625
0.041869
0.061708
0.056344
0.061898
0.061923
0.049220
0.049896
0.047968
0.045656
0.046639
0.047443
0.059815
0.057803
0.047287
0.047856
0.048774
0.050384
0.048388
0.045108
0.045212
0.051225
0.059709
0.055073
0.047535
0.046930
0.049814
0.049277
0.044219
0.046668
0.046624
0.058954
0.045701
0.044877
0.051705
0.051610
0.048740
0.042947
0.038538
0.045192
0.045537
0.086172
0.124906
0.124796
0.123511
0.126879
0.125862
0.111103
0.114442
0.109350
0.109466
0.110409
0.111984
0.114147
0.127297
0.128161
0.111774
0.113944
0.111816
0.118702
0.119192
0.120629
0.109048
0.111619
0.122929
0.122861
0.117769
0.113751
0.116579
0.118038
0.118055
0.120103
0.128727
0.118000
0.108238
0.111005
0.110676
0.112485
0.110834
0.107041
0.107171
0.137878
0.139905
0.138490
0.110520
0.111273
0.112127
0.111378
0.112828
0.104144
0.105598
0.104017
0.105373
0.111947
0.135320
0.135292
0.131785
0.104746
0.150299
0.120442
0.127888
0.144435
0.146742
0.124738
0.126237
0.125660
0.102600
0.145497
0.143482
0.099661
0.124766
0.101004
0.100563
0.148655
0.123783
0.151750
0.144302
0.077417
0.061148
0.073901
0.073885
0.056504
0.074911
0.072899
0.074061
0.074037
0.148720
0.151046
0.151420
0.153009
0.152992
0.151537
0.156940
0.146556
0.155919
0.154438
0.153042
0.153819
0.154439
0.082556
0.082482
0.059700
0.123540
0.051120
0.126355
0.122742
0.077642
0.082767
0.059563
0.051094
0.053832
0.051553
0.055927
0.046049
0.043341
0.043362
0.044607
0.040964
0.040162
0.043467
0.056752
0.050609
0.052243
0.052694
0.051239
0.051032
0.039620
0.041838
0.040452
0.040269
0.041213
0.039846
0.042061
0.040602
0.040986
0.039585
0.036251
0.036261
0.037482
0.039321
0.098238
0.095279
0.098619
0.097880
0.093290
0.094732
0.093563
0.078024
0.084808
0.083324
0.086462
0.087829
0.087167
0.087092
0.086944
0.081567
0.082190
0.082671
0.083216
0.082712
0.083138
0.098554
0.097600
0.090777
0.096449
0.093199
0.090816
0.061680
0.088958
0.116924
0.089519
0.071781
0.066869
0.068910
0.069678
0.092391
0.072463
0.087457
0.092389
0.092612
0.087177
0.072444
0.070170
0.068318
0.097531
0.063861
0.077486
0.083256
0.079607
0.080027
0.075386
0.083550
0.087157
0.107955
0.108048
0.106756
0.109468
0.105866
0.104115
0.103869
0.104996
0.095640
0.101482
0.093094
0.092137
0.097655
0.100474
0.097220
0.099474
0.100632
0.113771
0.088778
0.088309
0.089391
0.089395
0.094976
0.096078
0.100908
0.100576
0.099786
0.099601
0.097475
0.105641
0.095067
0.097497
0.102540
0.118881
0.103877
0.090447
0.090940
0.103719
0.100108
0.107687
0.107024
0.107161
0.105442
0.106883
0.113550
0.107287
0.107359
0.109235
0.111632
0.099855
0.101038
0.101038
0.105076
0.108128
0.109049
0.100391
0.100599
0.095334
0.097246
0.095154
0.095365
0.095283
0.094505
0.097505
0.094970
0.103407
0.104217
0.107372
0.095715
0.109496
0.110412
0.109857
0.116139
0.116412
0.105455
0.098482
0.101594
0.104892
0.100440
0.100487
0.100274
0.100623
0.100553
0.100945
0.100699
0.101111
0.100571
0.100355
0.099465
0.099933
0.099448
0.099222
0.099860
0.099874
0.099593
0.099593
0.100804
0.099985
0.100353
0.100709
0.100569
0.100352
0.083259
0.069529
0.057966
0.045509
0.045420
0.035303
0.026622
0.020291
0.016357
0.016358
0.014041
0.013400
0.014562
0.017980
0.017856
0.023255
0.023505
0.022919
0.022494
0.022954
0.022913
0.022769
0.022012
0.022248
0.022352
0.022113
0.021639
0.022205
0.021919
0.022132
0.022103
0.021885
0.021920
0.021960
0.021946
0.021928
0.022420
0.022154
0.022344
0.022446
0.022584
0.022908
0.022851
0.022763
0.022891
0.023004
0.023460
0.023751
0.023998
0.023814
0.024235
0.024465
0.024786
0.024708
0.024797
0.024655
0.024798
0.024769
0.024797
0.024811
0.024811
0.024798
0.024683
0.024688
0.024689
0.024717
0.024661
0.024667
0.024667
0.024667
0.024672
0.024814
0.024814
0.024814
0.024819
0.024788
0.024788
0.024655
0.024684
0.024655
0.024661
0.024702
0.024659
0.024764
0.024675
0.024688
0.024678
0.024679
0.024668
0.024683
0.024669
0.024691
0.024665
0.024677
0.024665
0.024666
0.024654
0.024666
0.024654
0.024666
0.024654
0.024666
0.024654
0.024666
0.024654
0.024680
0.024668
0.024681
0.024668
0.024821
0.024660
0.024660
0.024660
0.024660
0.024661
0.024661
0.024661
0.024660
0.024660
0.024660
0.024660
0.024660
0.024660
0.024660
0.024660
0.024660
0.024658
0.024658
0.024771
0.024422
0.024254
0.024031
0.023643
0.023663
0.023518
0.023224
0.023010
0.022789
0.022789
0.022591
0.022426
0.022260
0.022147
0.022130
0.022026
0.021983
0.021910
0.021757
0.021822
0.021749
0.021704
0.021689
0.021680
0.021677
0.021826
0.021893
0.021914
0.021986
0.021995
0.022080
0.022215
0.023921
0.021777
0.021777
0.025018
0.021902
0.021903
0.021903
0.021903
0.021902
0.022618
0.023045
0.022800
0.022800
0.021702
0.021571
0.021497
0.021410
0.021452
0.021402
0.021374
0.021394
0.021491
0.021492
0.021573
0.021669
0.021749
0.021810
0.021810
0.021993
0.022165
0.022388
0.022622
0.022625
0.022899
0.023512
0.023837
0.024230
0.024232
0.024595
0.024581
0.025577
0.026071
0.026077
0.026517
0.026983
0.027313
0.027294
0.027293
0.027294
0.027296
0.027317
0.027317
0.027316
0.027317
0.027298
0.027298
0.027297
0.027298
0.027298
0.027319
0.027318
0.027299
0.027298
0.027298
0.027298
0.027298
0.027298
0.027298
0.027299
0.027300
0.027300
0.027300
0.027300
0.027300
0.027300
0.027300
0.027300
0.027300
0.027300
0.027300
0.027300
0.027300
0.027319
0.027319
0.027318
0.027319
0.027319
0.027319
0.027319
0.027318
0.027319
0.027318
0.027319
0.027318
0.027318
0.027318
0.027318
0.027318
0.027318
0.027319
0.027286
0.027316
0.027312
0.027312
0.027311
0.027327
0.027327
0.027327
0.027327
0.027348
0.027343
0.027343
0.027347
0.027348
0.027348
0.027348
0.027348
0.027348
0.027348
0.027348
0.027142
0.027053
0.026852
0.026681
0.026188
0.025526
0.025255
0.025255
0.024599
0.024154
0.024006
0.023615
0.023615
0.023416
0.023100
0.022765
0.022303
0.022302
0.022050
0.022058
0.021895
0.021712
0.021702
0.021594
0.021482
0.021867
0.021854
0.021685
0.022003
0.021904
0.021870
0.022036
0.022035
0.021994
0.022568
0.022679
0.024073
0.024102
0.023255
0.023255
0.023255
0.023255
0.023255
