0.139784
0.138038
0.139659
0.139362
0.140136
0.139995
0.139679
0.140082
0.137809
0.140098
0.139902
0.140776
0.139885
0.140388
0.140129
0.142376
0.142387
0.140342
0.139432
0.142242
0.140100
0.135996
0.136592
0.137410
0.136500
0.136273
0.135568
0.136847
0.138900
0.137586
0.139432
0.140595
0.139460
0.140389
0.140271
0.140077
0.140379
0.139275
0.139613
0.141168
0.140880
0.140044
0.138713
0.140062
0.139320
0.141135
0.142465
0.137472
0.135869
0.138820
0.139178
0.141489
0.138650
0.138208
0.138823
0.139814
0.139606
0.137257
0.138120
0.138061
0.139812
0.138972
0.141175
0.140740
0.143128
0.141450
0.141052
0.137978
0.139740
0.139456
0.140551
0.138818
0.137673
0.135913
0.136534
0.135937
0.137594
0.137068
0.135724
0.136951
0.136627
0.137574
0.140485
0.138647
0.136133
0.139799
0.139810
0.140305
0.141454
0.108171
0.090167
0.090097
0.090107
0.090462
0.113850
0.090571
0.092013
0.107998
0.109139
0.108325
0.089259
0.091261
0.088544
0.088245
0.091137
0.090840
0.090856
0.090757
0.088577
0.091792
0.109341
0.108189
0.105868
0.105873
0.104110
0.108121
0.108104
0.109870
0.111251
0.107178
0.106479
0.106164
0.104100
0.104743
0.103589
0.103319
0.105178
0.104941
0.103539
0.104810
0.103006
0.100679
0.105407
0.099033
0.100677
0.106205
0.101737
0.108588
0.102153
0.101546
0.100102
0.102141
0.099909
0.107388
0.106094
0.104194
0.104348
0.104157
0.101016
0.098566
0.101166
0.101702
0.101083
0.101148
0.100432
0.100385
0.100564
0.101355
0.100185
0.101739
0.099673
0.099940
0.102240
0.100273
0.100275
0.100247
0.101514
0.104971
0.098982
0.100009
0.101148
0.101234
0.101481
0.101080
0.101402
0.100867
0.101272
0.100553
0.101319
0.106328
0.104724
0.106256
0.098146
0.100339
0.101844
0.101882
0.101696
0.099532
0.099311
0.100137
0.100078
0.100258
0.097696
0.100658
0.099675
0.102591
0.099509
0.102731
0.113551
0.117937
0.103143
0.107120
0.105019
0.104039
0.104413
0.105569
0.106710
0.109877
0.108386
0.107721
0.112529
0.111000
0.108735
0.105512
0.106820
0.108494
0.106825
0.107713
0.106111
0.109230
0.108667
0.111205
0.105977
0.100612
0.103128
0.103270
0.109821
0.110282
0.109717
0.103432
0.103082
0.102436
0.101949
0.100594
0.100137
0.097804
0.100499
0.100699
0.099540
0.101503
0.101206
0.103043
0.106225
0.106756
0.106363
0.104228
0.104640
0.106991
0.107363
0.105780
0.116534
0.111765
0.109668
0.114730
0.099663
0.099480
0.107506
0.102534
0.101290
0.100796
0.101868
0.101255
0.106420
0.101068
0.101877
0.107305
0.098788
0.106795
0.099764
0.101449
0.099923
0.105785
0.100411
0.100898
0.100759
0.105360
0.103748
0.107599
0.100891
0.104411
0.102068
0.101428
0.102786
0.109322
0.105056
0.106187
0.104111
0.108457
0.110126
0.105841
0.105259
0.108201
0.107731
0.109301
0.107344
0.109140
0.109737
0.109724
0.108236
0.108734
0.098585
0.099759
0.098659
0.099364
0.099654
0.100993
0.100015
0.100635
0.099188
0.102856
0.099610
0.101677
0.100987
0.103257
0.102477
0.100567
0.101473
0.103081
0.102054
0.106353
0.104460
0.106107
0.103131
0.105739
0.105390
0.106370
0.101992
0.098625
0.112949
0.087291
0.087461
0.088429
0.090394
0.089191
0.089205
0.088822
0.091425
0.089771
0.090324
0.090484
0.089517
0.088602
0.088672
0.088455
0.104805
0.089466
0.108782
0.110496
0.115459
0.111572
0.101017
0.100571
0.099237
0.100009
0.099535
0.102206
0.103167
0.099109
0.099579
0.093609
0.089889
0.090841
0.093659
0.087466
0.088805
0.089789
0.090834
0.090893
0.090609
0.089858
0.090045
0.091132
0.107033
0.105809
0.106801
0.112372
0.108966
0.109820
0.106184
0.107359
0.092112
0.091825
0.106467
0.110313
0.090782
0.089208
0.089559
0.091609
0.089158
0.090795
0.089469
0.091828
0.107398
0.090938
0.090625
0.088871
0.088177
0.088226
0.088367
0.088177
0.088952
0.089458
0.089006
0.089817
0.090677
0.089783
0.105760
0.089537
0.106430
0.092818
0.089540
0.089819
0.089831
0.089392
0.106379
0.106839
0.108946
0.105193
0.089613
0.110986
0.091278
0.105465
0.108356
0.109057
0.108963
0.110448
0.106090
0.109145
0.108434
0.109843
0.109474
0.109603
0.091576
0.113173
0.113542
0.089808
0.089962
0.089775
0.088921
0.090150
0.114392
0.088902
0.091369
0.113362
0.112827
0.110873
0.105571
0.111766
0.110862
0.090933
0.090654
0.089526
0.089497
0.091815
0.089681
0.110327
0.090931
0.091094
0.110721
0.090033
0.091927
0.091980
0.111617
0.110623
0.109636
0.109272
0.108779
0.109468
0.090390
0.109902
0.089067
0.089901
0.090883
0.089812
0.090071
0.090610
0.089263
0.109227
0.109683
0.088289
0.087963
0.090430
0.087587
0.088153
0.087048
0.088359
0.089777
0.088821
0.089554
0.107099
0.090960
0.110062
0.089539
0.089345
0.109154
0.087898
0.091208
0.109782
0.107949
0.089810
0.089970
0.109619
0.110547
0.108980
0.106553
0.106668
0.108023
0.110002
0.111927
0.112455
0.112919
0.112785
0.109632
0.104122
0.109715
0.109539
0.110235
0.110654
0.095776
0.093217
0.090148
0.088371
0.088399
0.088187
0.089276
0.088392
0.089759
0.088908
0.088523
0.088482
0.108152
0.088848
0.110760
0.105595
0.088517
0.091355
0.091502
0.091253
0.090812
0.091353
0.089362
0.091439
0.089932
0.089162
0.091546
0.090826
0.091718
0.090365
0.091413
0.091938
0.092478
0.089451
0.089671
0.113076
0.109270
0.110704
0.107192
0.091670
0.090565
0.089483
0.086426
0.087502
0.089326
0.090507
0.088875
0.107741
0.109237
0.088837
0.089511
0.087395
0.088794
0.089453
0.087371
0.089383
0.090993
0.091612
0.090833
0.089475
0.089205
0.090370
0.110733
0.108196
0.110708
0.110492
0.088542
0.088809
0.089155
0.088404
0.089161
0.089298
0.089262
0.089551
0.089527
0.110925
0.111016
0.091300
0.092317
0.092561
0.089273
0.105605
0.110034
0.088617
0.089279
0.089685
0.089807
0.111749
0.109927
0.089009
0.089615
0.089180
0.111289
0.111359
0.105467
0.094382
0.108761
0.108558
0.103571
0.108549
0.107569
0.088232
0.088768
0.109817
0.089135
0.110605
0.088868
0.106826
0.110844
0.106834
0.109063
0.087956
0.108201
0.108101
0.107175
0.089195
0.088487
0.088878
0.089510
0.090580
0.089281
0.110465
0.110293
0.089891
0.089149
0.089906
0.089585
0.092297
0.091771
0.098122
0.110868
0.084254
0.086377
0.075953
0.060139
0.075069
0.093262
0.087926
0.092544
0.093848
0.096901
0.099196
0.095122
0.090105
0.091060
0.095323
0.093361
0.094375
0.095772
0.098921
0.084154
0.088136
0.099614
0.098261
0.060290
0.055115
0.059696
0.056314
0.055717
0.056074
0.055712
0.056077
0.055565
0.056118
0.056643
0.055722
0.057113
0.057104
0.056705
0.056678
0.056577
0.056639
0.057039
0.056940
0.057023
0.056475
0.057385
0.057119
0.057611
0.057335
0.057300
0.057392
0.055265
0.055931
0.056610
0.056641
0.056589
0.055263
0.055263
0.056157
0.056508
0.056130
0.056856
0.056827
0.056567
0.056517
0.056507
0.056556
0.056479
0.056494
0.056626
0.056531
0.056556
0.057407
0.056465
0.056559
0.056610
0.056605
0.056569
0.055823
0.055971
0.056949
0.056714
0.056594
0.056755
0.056727
0.056605
0.056958
0.056323
0.056635
0.056676
0.056723
0.056794
0.056579
0.056675
0.056835
0.056716
0.057031
0.056850
0.056622
0.056556
0.056518
0.057172
0.057107
0.057171
0.056442
0.056220
0.056255
0.056076
0.056426
0.056668
0.056533
0.056653
0.056715
0.056519
0.056431
0.032724
0.032740
0.032330
0.032807
0.032803
0.032729
0.032894
0.032807
0.032798
0.033991
0.032778
0.032732
0.032765
0.032841
0.032832
0.032710
0.032711
0.032664
0.033945
0.032640
0.032299
0.032708
0.032624
0.034407
0.034775
0.033795
0.033852
0.032767
0.032720
0.032661
0.036830
0.032859
0.032960
0.032721
0.033028
0.033140
0.033058
0.032688
0.032934
0.032868
0.032588
0.032779
0.032688
0.032793
0.032916
0.032971
0.032907
0.032917
0.032757
0.032747
0.032713
0.032653
0.032862
0.032681
0.032684
0.032798
0.032751
0.033175
0.033233
0.033112
0.032793
0.032726
0.032673
0.032652
0.032539
0.032670
0.032636
0.032531
0.032517
0.032523
0.032666
0.032683
0.032613
0.032652
0.032662
0.032727
0.032905
0.032914
0.033018
0.032836
0.033866
0.032805
0.032863
0.032901
0.032907
0.032841
0.032571
0.033844
0.033808
0.032685
0.033318
0.034087
0.033677
0.032491
0.032048
0.033624
0.030933
0.028985
0.024235
0.024293
0.024702
0.026873
0.018354
0.014345
0.009858
0.006800
0.004029
0.002663
0.001611
0.001194
0.000917
0.002168
0.001500
0.001164
0.000999
0.000989
0.000998
0.001001
0.000983
0.000981
0.000987
0.001067
0.001007
0.000992
0.000996
0.000978
0.000981
0.000998
0.000998
0.000996
0.001328
0.000993
0.001030
0.001570
0.000977
0.000977
0.000948
0.000936
0.001033
0.000971
0.001060
0.001062
0.000962
0.000947
0.000948
0.000950
0.001008
0.001356
0.000964
0.000943
0.000940
0.000954
0.000981
0.000940
0.000950
0.000937
0.000945
0.000962
0.000966
0.000962
0.000947
0.000985
0.000985
0.001125
0.001152
0.001012
0.001027
0.001008
0.000960
0.000950
0.000944
0.000936
0.000924
0.000939
0.000932
0.000947
0.000939
0.000926
0.000930
0.000936
0.000930
0.000976
0.000974
0.000974
0.000970
0.000926
0.000920
0.000917
0.000912
0.000911
0.000930
0.000848
0.001263
0.000847
0.000000
0.001041
0.001799
0.003405
0.006007
0.009212
0.013153
0.018092
0.023974
0.031917
0.037113
0.040482
0.043793
0.045916
0.045403
0.044498
0.044786
0.044489
0.044901
0.044021
0.043688
0.043061
0.043369
0.043093
0.043124
0.042859
0.043024
0.042962
0.042919
0.043103
0.043079
0.043074
0.043154
0.043236
0.042756
0.043179
0.043187
0.043204
0.043066
0.042974
0.043105
0.043459
0.043014
0.043043
0.043478
0.043221
0.042661
0.042837
0.043173
0.043160
0.042732
0.042947
0.042766
0.042860
0.043064
0.043014
0.043281
0.043329
0.043141
0.043091
0.042791
0.043062
0.042756
0.042808
0.042801
0.042891
0.042752
0.042884
0.042760
0.043258
0.042998
0.043056
0.042769
0.042873
0.042759
0.042722
0.042825
0.043015
0.042532
0.042553
0.042724
0.042752
0.042690
0.042772
0.042733
0.042771
0.043055
0.042942
0.042970
0.042515
0.042779
0.042664
0.042957
0.042790
0.042711
0.042602
0.042956
0.042868
0.042835
0.042795
0.042678
0.042582
0.042372
0.042565
0.042383
0.042415
0.042389
0.042844
0.042821
0.028300
0.027980
0.027925
0.027964
0.027877
0.028525
0.027843
0.028112
0.028004
0.028195
0.028199
0.028346
0.028268
0.028030
0.028267
0.027928
0.028294
0.028314
0.028038
0.028125
0.028093
0.028383
0.029166
0.028034
0.027969
0.027982
0.028013
0.028114
0.028051
0.028200
0.028201
0.028227
0.028091
0.027963
0.027938
0.027938
0.027944
0.027992
0.026908
0.026862
0.028102
0.028105
0.028058
0.028023
0.027965
0.027948
0.027943
0.027937
0.027952
0.027937
0.027474
0.027400
0.027959
0.027966
0.027392
0.027921
0.027919
0.027916
0.027376
0.027976
0.027406
0.027384
0.027802
0.027798
0.027382
0.027838
0.027553
0.028157
0.028164
0.028138
0.027647
0.028264
0.028252
0.028269
0.028685
0.028347
0.027887
0.027883
0.027842
0.027406
0.027785
0.028422
0.027884
0.028165
0.028306
0.028571
0.028571
0.028429
0.028249
0.027939
0.031137
0.036462
0.043336
0.042814
0.059553
0.074208
0.096978
0.121028
0.140305
0.150733
0.152546
0.154167
0.153129
0.146682
0.113891
0.088940
0.078406
0.070621
0.065842
0.063566
0.060347
0.057366
0.055218
0.052746
0.049675
0.049575
0.049568
0.049588
0.050732
0.050695
0.048984
0.049753
0.049876
0.049704
0.049593
0.049556
0.049726
0.049765
0.049695
0.049700
0.049688
0.049691
0.049763
0.049358
0.049576
0.049482
0.049558
0.049518
0.049445
0.049482
0.049484
0.049594
0.049600
0.049557
0.049510
0.049589
0.049617
0.049827
0.049538
0.049653
0.049626
0.049606
0.049617
0.049780
0.049669
0.049664
0.049570
0.049640
0.049552
0.049617
0.049538
0.049669
0.049801
0.049634
0.049653
0.049396
0.049838
0.049708
0.049788
0.049704
0.050045
0.049803
0.049705
0.049883
0.049596
0.049624
0.049664
0.049637
0.049601
0.049645
0.049793
0.049760
0.049671
0.049808
0.049819
0.049761
0.050576
0.051422
0.049805
0.049928
0.049923
0.050539
0.051595
0.051648
0.053043
0.055498
0.053364
0.048229
0.046354
0.045410
0.045615
0.043240
0.047584
0.036268
0.034397
0.026807
0.041542
0.041426
0.042949
0.046001
0.045478
0.047320
0.050319
0.048320
0.048176
0.048589
0.048397
0.048303
0.048529
0.048633
0.048674
0.048434
0.048494
0.048715
0.048707
0.048638
0.048585
0.048474
0.048492
0.048343
0.048462
0.048333
0.048359
0.048227
0.048318
0.048416
0.048308
0.048359
0.048265
0.048875
0.048836
0.048382
0.048519
0.048344
0.048341
0.048491
0.049455
0.049051
0.048612
0.048339
0.048998
0.048930
0.048879
0.048523
0.048354
0.048454
0.048486
0.048532
0.048318
0.049141
0.049190
0.049031
0.048702
0.048666
0.048781
0.048694
0.048394
0.048339
0.048363
0.048355
0.048370
0.048576
0.048561
0.049038
0.049169
0.049447
0.048688
0.048567
0.048828
0.048781
0.048602
0.048495
0.048706
0.047887
0.047748
0.047883
0.047882
0.047882
0.047906
0.047921
0.047912
0.048166
0.048782
0.050794
0.048025
0.046388
0.046809
0.042840
0.039102
0.034756
0.033306
0.033899
0.034308
0.040618
0.043274
0.043757
0.053049
0.050299
0.053166
0.059485
0.059555
0.057937
0.057625
0.056796
0.056397
0.058886
0.055144
0.055094
0.055169
0.060244
0.059092
0.060158
0.054961
0.060111
0.060072
0.060013
0.060107
0.059822
0.059875
0.059839
0.059717
0.060119
0.060041
0.057868
0.057834
0.057723
0.057838
0.057782
0.057706
0.057741
0.057615
0.057654
0.059282
0.059279
0.057707
0.057632
0.058126
0.057744
0.059350
0.059808
0.058078
0.056999
0.057607
0.056936
0.057985
0.057100
0.055128
0.054762
0.057061
0.058232
0.058252
0.058085
0.054950
0.058726
0.058314
0.054918
0.054890
0.054942
0.054909
0.054926
0.054308
0.054682
0.054759
0.054101
0.057768
0.054064
0.054083
0.054153
0.055456
0.054863
0.054268
0.054927
0.054467
0.056411
0.055507
0.055465
0.055459
0.055492
0.055364
0.055432
0.055490
0.055499
0.055345
0.057044
0.061239
0.062745
0.062173
0.062782
0.067435
0.068145
0.067703
0.063957
0.060762
0.047641
0.044364
0.036477
0.031022
0.025381
0.022658
0.024683
0.025865
0.034916
0.034627
0.037422
0.042749
0.040603
0.042053
0.042330
0.042373
0.042170
0.042314
0.042154
0.043063
0.042100
0.042376
0.042408
0.042342
0.042659
0.042524
0.041842
0.041973
0.041852
0.041839
0.041515
0.041556
0.041609
0.041703
0.041591
0.041208
0.041288
0.041214
0.041177
0.041400
0.041223
0.041171
0.041347
0.041268
0.041278
0.041483
0.041708
0.041521
0.041410
0.041593
0.041477
0.041341
0.041323
0.041323
0.041366
0.041403
0.041480
0.041282
0.041226
0.041271
0.041200
0.041214
0.040963
0.040966
0.041340
0.041259
0.041265
0.041384
0.041045
0.041272
0.041646
0.041126
0.041124
0.041095
0.041112
0.041138
0.041140
0.041119
0.041159
0.041086
0.041804
0.041875
0.041984
0.041785
0.041670
0.041558
0.041448
0.041834
0.041691
0.041453
0.041498
0.042838
0.044094
0.040555
0.042001
0.041111
0.037015
0.035824
0.034414
0.032672
0.032678
0.032445
0.035017
0.041886
0.036103
0.038973
0.039628
0.041380
0.044689
0.046187
0.046186
0.045662
0.046325
0.044891
0.044230
0.044542
0.044411
0.043676
0.043610
0.044582
0.043543
0.043670
0.044601
0.044017
0.044875
0.044879
0.044101
0.044437
0.044717
0.044790
0.045030
0.044853
0.045414
0.045474
0.044602
0.044745
0.044945
0.044503
0.044467
0.044390
0.044557
0.044569
0.043259
0.044482
0.044478
0.043493
0.043849
0.044556
0.043997
0.043454
0.043691
0.044617
0.045174
0.044194
0.044565
0.044634
0.044560
0.044635
0.044613
0.044600
0.044653
0.044519
0.044511
0.044449
0.044460
0.044309
0.044238
0.043737
0.044401
0.043907
0.044053
0.044887
0.043362
0.043994
0.044995
0.044468
0.044489
0.044500
0.044955
0.044945
0.044586
0.044028
0.043815
0.043815
0.043766
0.043866
0.043738
0.043638
0.044257
0.044009
0.043490
0.044105
0.043796
0.046110
0.046839
0.047128
0.051523
0.050713
0.049829
0.050130
0.047171
0.045882
0.046930
0.044931
0.046717
0.037595
0.037257
0.036225
0.032979
0.035324
0.047764
0.035133
0.035510
0.036227
0.032360
0.035173
0.034489
0.034739
0.034869
0.034567
0.034738
0.035343
0.034968
0.034881
0.034571
0.034631
0.035620
0.036970
0.036630
0.036482
0.035804
0.034365
0.035735
0.035887
0.035748
0.035696
0.035475
0.035500
0.035408
0.036060
0.035402
0.035527
0.035574
0.035474
0.035423
0.035468
0.035251
0.035759
0.034641
0.034289
0.034203
0.034978
0.034462
0.034833
0.034144
0.035116
0.034335
0.034911
0.034334
0.034507
0.034458
0.034448
0.034367
0.034176
0.033803
0.034096
0.034320
0.034046
0.034237
0.034355
0.034155
0.034116
0.034107
0.033996
0.034091
0.034028
0.034116
0.034010
0.035571
0.035657
0.034934
0.034603
0.035599
0.035160
0.034977
0.035054
0.034960
0.035241
0.035071
0.034982
0.034616
0.034808
0.034707
0.039139
0.042168
0.049278
0.071948
0.077286
0.084882
0.099897
0.117874
0.135726
0.144915
0.150002
0.153941
0.157384
0.155048
0.148532
0.141835
0.133851
0.118675
0.107356
0.093960
0.084635
0.077818
0.065935
0.060961
0.055499
0.054186
0.054950
0.055166
0.054856
0.055203
0.055171
0.055583
0.055165
0.055162
0.055451
0.055400
0.054847
0.054199
0.054630
0.054274
0.054651
0.054452
0.054474
0.053579
0.053930
0.053709
0.053800
0.053690
0.053702
0.053832
0.054814
0.054738
0.054757
0.055004
0.054795
0.054860
0.054892
0.054870
0.054768
0.053552
0.053631
0.054544
0.054511
0.053629
0.053668
0.054365
0.053697
0.053807
0.053609
0.054901
0.054588
0.053795
0.053763
0.054024
0.053832
0.053730
0.053649
0.053619
0.053473
0.053668
0.055057
0.053549
0.053578
0.053455
0.053587
0.053906
0.053751
0.053072
0.052847
0.053504
0.053568
0.053046
0.053299
0.053178
0.053253
0.053274
0.053137
0.054151
0.054508
0.054170
0.053506
0.054277
0.054838
0.053379
0.055713
0.056203
0.054468
0.057201
0.056945
0.060629
0.058799
0.054922
0.051252
0.047953
0.038495
0.036312
0.035582
0.034749
0.034990
0.037834
0.039372
0.040205
0.039017
0.040503
0.039690
0.039770
0.040330
0.040839
0.041361
0.041307
0.040392
0.040037
0.041103
0.040797
0.041155
0.041123
0.040881
0.040711
0.039630
0.040724
0.040637
0.040592
0.039757
0.040521
0.040546
0.039387
0.039450
0.040290
0.040977
0.040991
0.039950
0.039902
0.040096
0.040750
0.039933
0.039968
0.041525
0.040660
0.041055
0.039468
0.041100
0.039552
0.039622
0.039607
0.039521
0.039631
0.040086
0.040044
0.039999
0.039715
0.040783
0.040174
0.039815
0.040229
0.040381
0.040763
0.039902
0.040574
0.040628
0.040642
0.040406
0.040045
0.040616
0.039914
0.039844
0.040631
0.040351
0.041277
0.040756
0.040818
0.040763
0.040654
0.040815
0.040668
0.040544
0.040664
0.040454
0.040009
0.040308
0.040743
0.040108
0.040124
0.040321
0.040083
0.039727
0.040307
0.038964
0.038333
0.033067
0.032409
0.031557
0.034182
0.034958
0.039779
0.041361
0.040853
0.035624
0.028865
0.028319
0.029898
0.031180
0.031833
0.034388
0.036463
0.034120
0.033649
0.034191
0.033952
0.033962
0.033997
0.034045
0.034015
0.034026
0.033915
0.033969
0.033955
0.033872
0.034696
0.034768
0.035580
0.035937
0.034876
0.034803
0.035459
0.035466
0.034835
0.037584
0.035227
0.035108
0.034681
0.035658
0.035224
0.035283
0.035140
0.035104
0.035085
0.035082
0.035054
0.034640
0.034659
0.034831
0.034551
0.034808
0.034753
0.034803
0.034792
0.034736
0.034690
0.034322
0.034681
0.034745
0.034306
0.034345
0.034471
0.034681
0.034278
0.035863
0.034615
0.034400
0.034374
0.034392
0.034326
0.034347
0.034346
0.034404
0.034866
0.034482
0.034729
0.034696
0.034693
0.034694
0.034632
0.034691
0.034660
0.034664
0.034682
0.034684
0.034745
0.034713
0.034663
0.034584
0.034538
0.034789
0.033750
0.036051
0.034471
0.035494
0.031095
0.030208
0.032447
0.028708
0.028347
0.032323
0.037152
0.037655
0.039729
0.037979
0.039754
0.039126
0.044244
0.042685
0.043148
0.043347
0.048083
0.046020
0.048235
0.048279
0.048761
0.049128
0.048419
0.048395
0.048572
0.047920
0.048482
0.048297
0.050091
0.048392
0.047420
0.046817
0.046796
0.046825
0.046842
0.046687
0.046858
0.047005
0.046888
0.046516
0.046540
0.046866
0.046871
0.048698
0.048206
0.048601
0.048392
0.048520
0.048362
0.048174
0.048206
0.048372
0.049984
0.050115
0.048235
0.048247
0.048168
0.048205
0.048235
0.050286
0.050227
0.048113
0.048196
0.050278
0.048617
0.048124
0.048090
0.049760
0.048081
0.048105
0.047807
0.048278
0.050067
0.048562
0.048078
0.048575
0.048071
0.048563
0.048481
0.049955
0.050199
0.048038
0.048770
0.048724
0.048085
0.048161
0.048193
0.048181
0.047844
0.048551
0.047246
0.048055
0.047262
0.045718
0.047342
0.047282
0.047936
0.048368
0.048508
0.048142
0.050171
0.052090
0.047791
0.046097
0.042414
0.042107
0.044414
0.045686
0.047306
0.050201
0.048123
0.044349
0.044902
0.042972
0.042898
0.046638
0.046633
0.045472
0.050412
0.051171
0.051132
0.051042
0.051148
0.051098
0.051397
0.051944
0.051384
0.051830
0.052130
0.051774
0.050718
0.051174
0.050727
0.051343
0.050510
0.051068
0.050872
0.050892
0.050931
0.051556
0.050932
0.050847
0.050533
0.050824
0.050753
0.050774
0.050747
0.051274
0.051586
0.050880
0.050542
0.051188
0.051531
0.050920
0.051385
0.050283
0.050431
0.050206
0.050528
0.050229
0.050532
0.050524
0.050487
0.051787
0.050383
0.050414
0.051462
0.050766
0.051171
0.050183
0.051212
0.050451
0.051251
0.051269
0.051343
0.050784
0.051287
0.051286
0.051206
0.051003
0.051520
0.051416
0.051693
0.050952
0.050974
0.051062
0.051025
0.051293
0.050956
0.051619
0.051847
0.051825
0.050894
0.051271
0.052024
0.050848
0.051002
0.051278
0.048990
0.054061
0.061885
0.067617
0.072980
0.079606
0.088474
0.099909
0.109947
0.121461
0.133140
0.150838
0.159154
0.156212
0.150875
0.138587
0.129166
0.116817
0.106251
0.100005
0.086671
0.084411
0.075567
0.066401
0.057899
0.057735
0.057607
0.058135
0.057579
0.057631
0.058523
0.058523
0.058388
0.058421
0.058411
0.058437
0.059025
0.058478
0.058455
0.058654
0.058539
0.058716
0.058382
0.058499
0.058533
0.058584
0.058442
0.058735
0.058349
0.058385
0.058380
0.058690
0.058644
0.058405
0.057837
0.057839
0.057834
0.058437
0.058110
0.058338
0.058153
0.058611
0.058389
0.058433
0.058166
0.058605
0.058394
0.058689
0.058410
0.058730
0.058044
0.058315
0.058313
0.058334
0.058604
0.058767
0.058969
0.058639
0.058616
0.058389
0.058342
0.058345
0.057995
0.057878
0.057882
0.057877
0.058326
0.059012
0.058365
0.058662
0.058445
0.058391
0.058300
0.058337
0.058408
0.058495
0.058446
0.058472
0.058858
0.058429
0.058330
0.058434
0.058734
0.059189
0.058817
0.059463
0.059396
0.057680
0.057351
0.054920
0.054883
0.054663
0.051709
0.048840
0.034236
0.031274
0.035188
0.038977
0.043286
0.049293
0.053268
0.063316
0.074592
0.070669
0.072777
0.071234
0.071248
0.070933
0.070589
0.071022
0.070925
0.071677
0.071336
0.075271
0.075168
0.075138
0.071240
0.070979
0.071002
0.070968
0.075021
0.075289
0.075360
0.071150
0.071222
0.071223
0.071320
0.071317
0.071319
0.071329
0.071403
0.071329
0.071219
0.071460
0.071538
0.071642
0.071518
0.071586
0.071588
0.071410
0.071308
0.071308
0.071222
0.071250
0.071535
0.071120
0.071629
0.070900
0.071832
0.071615
0.072035
0.072049
0.071585
0.071423
0.071399
0.071234
0.071474
0.071247
0.071339
0.071484
0.071338
0.071071
0.071429
0.071504
0.071460
0.071467
0.071499
0.071446
0.071494
0.071502
0.071440
0.071477
0.071155
0.071218
0.071261
0.070956
0.070847
0.070900
0.071292
0.071096
0.070910
0.071371
0.071809
0.075411
0.073631
0.074998
0.070712
0.066233
0.066226
0.062820
0.055420
0.042775
0.038216
0.039032
0.036610
0.042165
0.044704
0.039423
0.041856
0.039638
0.043885
0.044433
0.044285
0.042979
0.042765
0.044033
0.046054
0.046257
0.046212
0.046438
0.045725
0.046023
0.046570
0.046687
0.046561
0.045953
0.046720
0.046698
0.046655
0.047097
0.046898
0.046688
0.046294
0.046353
0.046438
0.046297
0.046362
0.046141
0.046134
0.046589
0.046659
0.046506
0.046551
0.046526
0.046420
0.046623
0.046591
0.046356
0.046807
0.046785
0.046519
0.046524
0.047063
0.047092
0.046966
0.046760
0.046580
0.046742
0.046599
0.046749
0.046728
0.046916
0.046723
0.046433
0.046553
0.046618
0.046309
0.046317
0.046110
0.046385
0.046365
0.046051
0.046532
0.046869
0.046864
0.046872
0.046930
0.046855
0.046840
0.046838
0.046840
0.046872
0.046791
0.046739
0.046852
0.046732
0.046706
0.046310
0.046672
0.046665
0.046596
0.046590
0.046526
0.046666
0.046613
0.045255
0.046135
0.047972
0.045726
0.045568
0.042479
0.046429
0.045824
0.048059
0.047446
0.046503
0.047193
0.044867
0.041427
0.045220
0.047420
0.051405
0.056481
0.058101
0.056228
0.059841
0.055931
0.056937
0.060388
0.060218
0.056984
0.056926
0.059613
0.059926
0.056668
0.057291
0.056686
0.057111
0.061211
0.046854
0.060664
0.057088
0.056917
0.057138
0.061457
0.061077
0.061065
0.060727
0.060381
0.060682
0.060725
0.060752
0.057405
0.057021
0.056949
0.056946
0.056943
0.060239
0.060289
0.060330
0.056999
0.047242
0.047143
0.060535
0.056948
0.060273
0.056849
0.057180
0.056964
0.056872
0.057066
0.057007
0.057184
0.060607
0.060710
0.060416
0.060746
0.060915
0.060704
0.060697
0.060690
0.060700
0.060604
0.060698
0.060697
0.060725
0.056879
0.060950
0.056812
0.056886
0.056809
0.056811
0.056821
0.056822
0.056810
0.056861
0.056847
0.056834
0.056827
0.056835
0.056949
0.057213
0.057254
0.056951
0.061738
0.060031
0.047480
0.062343
0.048817
0.043842
0.042647
0.056726
0.046313
0.041778
0.042871
0.044976
0.043105
0.044126
0.043410
0.041257
0.040181
0.031737
0.032295
0.031618
0.032543
0.032665
0.032104
0.031804
0.031509
0.031382
0.031322
0.031202
0.031007
0.030724
0.031341
0.030995
0.030837
0.031124
0.031339
0.031385
0.031970
0.031686
0.031760
0.031608
0.030958
0.031163
0.031348
0.031385
0.030924
0.030844
0.030831
0.030852
0.030795
0.030859
0.030890
0.030772
0.030734
0.030727
0.030890
0.030708
0.030766
0.030771
0.030829
0.030865
0.030751
0.030786
0.030790
0.030791
0.030787
0.030740
0.030724
0.030742
0.030821
0.030749
0.030952
0.030936
0.030719
0.030782
0.030714
0.030900
0.030838
0.031037
0.031060
0.030885
0.031234
0.031025
0.030899
0.030892
0.030880
0.030894
0.030871
0.030867
0.030870
0.030869
0.031054
0.031050
0.031052
0.031052
0.031051
0.031044
0.030850
0.030875
0.030972
0.030911
0.030835
0.034627
0.039590
0.045638
0.051837
0.060919
0.074945
0.093269
0.120684
0.139185
0.146891
0.152880
0.154000
0.151027
0.136317
0.123401
0.105790
0.090346
0.075503
0.070440
0.077228
0.071251
0.064858
0.059709
0.058323
0.054277
0.053931
0.054004
0.052724
0.052005
0.052100
0.052104
0.052753
0.052020
0.052009
0.052080
0.052073
0.051975
0.051603
0.052290
0.052452
0.053339
0.052200
0.052057
0.051623
0.051890
0.051901
0.051770
0.049065
0.052232
0.051809
0.051936
0.051888
0.052465
0.052102
0.052201
0.051993
0.051825
0.051954
0.051954
0.052788
0.052079
0.052112
0.052210
0.052165
0.051861
0.049054
0.052281
0.051826
0.051700
0.048853
0.052112
0.049729
0.051918
0.052109
0.051918
0.049886
0.050199
0.048792
0.051178
0.051194
0.051201
0.051205
0.049896
0.051100
0.051163
0.050853
0.051183
0.051277
0.051310
0.051165
0.052005
0.052088
0.051529
0.051369
0.051200
0.051362
0.051250
0.051338
0.051365
0.051365
0.051320
0.048863
0.049731
0.049352
0.049070
0.049719
0.049739
0.043329
0.040394
0.033655
0.032857
0.032223
0.032283
0.035756
0.037923
0.034417
0.046761
0.050773
0.053570
0.056757
0.056242
0.057727
0.058432
0.055617
0.055335
0.055797
0.055820
0.055751
0.055819
0.055824
0.055329
0.055739
0.055168
0.055027
0.054786
0.055126
0.055585
0.056115
0.055969
0.056000
0.055855
0.055732
0.055814
0.055802
0.055980
0.055919
0.055892
0.055970
0.055752
0.056149
0.055611
0.055593
0.055360
0.055202
0.055380
0.055765
0.056140
0.056232
0.056236
0.055794
0.056357
0.056248
0.056378
0.056227
0.056659
0.057024
0.056742
0.056779
0.056543
0.056521
0.056839
0.056543
0.056288
0.056176
0.056331
0.056381
0.056294
0.055920
0.055807
0.056483
0.055820
0.056199
0.056417
0.056321
0.056587
0.056598
0.056575
0.057186
0.056168
0.056175
0.056233
0.056113
0.056381
0.055830
0.056262
0.055879
0.055721
0.055768
0.055758
0.055756
0.056293
0.056686
0.056651
0.058036
0.055914
0.056985
0.058757
0.055844
0.056660
0.055848
0.057394
0.057469
0.059164
0.060028
0.064538
0.064212
0.064118
0.064623
0.063972
0.062001
0.060365
0.059519
0.059006
0.058422
0.057694
0.057081
0.057081
0.056575
0.056808
0.057325
0.056739
0.056703
0.056809
0.056514
0.056693
0.056662
0.056521
0.056410
0.056442
0.056703
0.056160
0.056813
0.056774
0.056715
0.057431
0.057101
0.057300
0.057265
0.057243
0.057227
0.057383
0.057672
0.057282
0.057000
0.057004
0.056992
0.056889
0.057065
0.056769
0.055965
0.056025
0.056439
0.056374
0.056887
0.057299
0.057214
0.057455
0.056984
0.056563
0.057015
0.056434
0.057100
0.056840
0.056285
0.056802
0.056960
0.056689
0.055980
0.056010
0.055997
0.056010
0.056260
0.055963
0.055981
0.055992
0.055975
0.056331
0.055934
0.055972
0.055903
0.055878
0.056340
0.056309
0.056306
0.056349
0.056350
0.055803
0.056507
0.055980
0.055859
0.055798
0.056345
0.056021
0.056338
0.057127
0.056894
0.057674
0.057981
0.059546
0.060416
0.057647
0.057728
0.057121
0.057241
0.053127
0.060447
0.055033
0.048010
0.038303
0.048350
0.055068
0.059362
0.059591
0.058828
0.059497
0.057494
0.058439
0.057859
0.057383
0.057611
0.057486
0.057480
0.057314
0.057403
0.057395
0.057528
0.057497
0.057479
0.057553
0.057380
0.057544
0.058400
0.057329
0.057282
0.057268
0.057308
0.057280
0.057326
0.057205
0.057271
0.057549
0.057339
0.057496
0.057341
0.057398
0.057258
0.057685
0.056890
0.056696
0.057569
0.057661
0.057020
0.057205
0.057208
0.056976
0.057054
0.057411
0.057098
0.057344
0.057376
0.057279
0.056794
0.057318
0.057285
0.057392
0.057324
0.056264
0.057490
0.057566
0.057562
0.057575
0.057488
0.057609
0.057552
0.057593
0.057548
0.057524
0.057538
0.057069
0.057178
0.056567
0.056669
0.056063
0.056521
0.057357
0.056733
0.057236
0.057304
0.057579
0.056820
0.057396
0.057644
0.056596
0.056130
0.057640
0.058954
0.058528
0.059572
0.061194
0.060226
0.057192
0.047622
0.051158
0.052603
0.052579
0.047104
0.046031
0.046097
0.041896
0.046363
0.045905
0.046040
0.050829
0.048206
0.048744
0.050549
0.047562
0.048749
0.048318
0.048024
0.048100
0.048054
0.048040
0.048150
0.048015
0.048042
0.048130
0.048103
0.048201
0.048017
0.048023
0.048050
0.048247
0.048223
0.048155
0.048179
0.048168
0.048482
0.048108
0.047994
0.048259
0.048325
0.048189
0.048229
0.048220
0.048536
0.048545
0.049875
0.048503
0.048385
0.048210
0.048332
0.048148
0.047982
0.048149
0.048287
0.048356
0.048367
0.048107
0.048146
0.048318
0.048281
0.048264
0.048325
0.048450
0.048329
0.048438
0.048284
0.048395
0.048446
0.048478
0.048291
0.048420
0.048194
0.048415
0.048232
0.048229
0.048174
0.048177
0.048224
0.048237
0.048253
0.048349
0.048343
0.048346
0.048257
0.048270
0.048147
0.048121
0.048054
0.048404
0.047955
0.048263
0.048735
0.048966
0.051955
0.054987
0.061076
0.068837
0.078504
0.091266
0.103039
0.115172
0.132292
0.142493
0.149528
0.155078
0.155050
0.153241
0.148791
0.141456
0.129162
0.114434
0.101738
0.090590
0.079688
0.068371
0.059504
0.051533
0.043758
0.043754
0.044997
0.043812
0.043954
0.043953
0.043710
0.043687
0.043636
0.043472
0.043603
0.043381
0.043628
0.043137
0.042847
0.042761
0.043516
0.042831
0.042878
0.043046
0.043562
0.043481
0.042988
0.042911
0.043414
0.043575
0.043663
0.042109
0.042400
0.042892
0.042702
0.043536
0.042994
0.043873
0.042390
0.042386
0.043903
0.043095
0.041969
0.043141
0.043816
0.042867
0.042996
0.041805
0.041760
0.042897
0.041748
0.042684
0.042652
0.042990
0.042752
0.042864
0.043529
0.043627
0.043442
0.042228
0.043572
0.042581
0.042877
0.042840
0.043010
0.043175
0.042927
0.042861
0.042848
0.043158
0.043887
0.043893
0.044285
0.043699
0.043645
0.043789
0.043643
0.043659
0.043655
0.043902
0.043791
0.043129
0.044890
0.043497
0.045102
0.046399
0.047041
0.047446
0.048496
0.049646
0.051379
0.053141
0.048384
0.042377
0.029894
0.027183
0.024088
0.022779
0.031651
0.028098
0.031911
0.036455
0.036363
0.033217
0.034070
0.034311
0.034507
0.034054
0.034610
0.034559
0.033982
0.034293
0.034054
0.034059
0.034291
0.034340
0.034472
0.034231
0.034220
0.034337
0.034318
0.034312
0.034928
0.034966
0.034374
0.034257
0.034232
0.034226
0.034195
0.033975
0.034420
0.034420
0.034166
0.034723
0.034149
0.034183
0.034100
0.034011
0.034107
0.034633
0.034502
0.034233
0.034195
0.034217
0.034785
0.034665
0.034898
0.034638
0.034542
0.035802
0.035762
0.035757
0.034854
0.034190
0.034668
0.034595
0.035055
0.035767
0.035886
0.034956
0.035016
0.035018
0.035204
0.034915
0.034476
0.034618
0.034642
0.034592
0.034658
0.034817
0.035209
0.034879
0.034762
0.034546
0.034513
0.034722
0.034541
0.034574
0.034171
0.034507
0.034769
0.034873
0.034673
0.034486
0.033425
0.032579
0.031643
0.029527
0.029727
0.028321
0.028572
0.028646
0.032675
0.037103
0.041873
0.048263
0.051682
0.049396
0.053447
0.056730
0.060000
0.060652
0.061167
0.061678
0.061137
0.058847
0.059292
0.060406
0.059488
0.058956
0.058865
0.059023
0.058835
0.059018
0.059018
0.058994
0.059145
0.058796
0.058580
0.058758
0.058725
0.058657
0.059985
0.060227
0.055491
0.058105
0.058857
0.058809
0.058631
0.060485
0.058852
0.058689
0.058728
0.057191
0.055936
0.055839
0.058908
0.059072
0.058858
0.059468
0.058721
0.058402
0.059386
0.058195
0.058209
0.058917
0.059611
0.058848
0.060208
0.060161
0.055251
0.058473
0.058249
0.058230
0.058736
0.058708
0.058579
0.058501
0.058067
0.058487
0.057522
0.058562
0.058831
0.058985
0.058820
0.058911
0.058504
0.058764
0.058701
0.059056
0.058604
0.058787
0.058761
0.058802
0.059040
0.058562
0.058755
0.058425
0.058814
0.058569
0.058530
0.058779
0.058753
0.059642
0.059380
0.059187
0.058351
0.062803
0.065167
0.065339
0.064197
0.062545
0.062445
0.058401
0.057287
0.044914
0.037974
0.031499
0.034080
0.033551
0.035428
0.036133
0.035494
0.036803
0.038137
0.036039
0.036450
0.036111
0.036849
0.037016
0.036740
0.036833
0.036965
0.037013
0.037056
0.036515
0.036507
0.036513
0.036679
0.036498
0.036566
0.036527
0.037010
0.036862
0.036863
0.037079
0.036684
0.036659
0.036607
0.036616
0.036915
0.036588
0.036659
0.036551
0.036448
0.036661
0.036667
0.036482
0.036470
0.036769
0.036455
0.036439
0.036456
0.036809
0.036470
0.036807
0.036811
0.036825
0.036941
0.036944
0.036808
0.036442
0.036443
0.036459
0.036448
0.036059
0.036051
0.036056
0.036473
0.036080
0.036068
0.037012
0.037061
0.037164
0.036876
0.036475
0.036674
0.036542
0.036856
0.037264
0.036562
0.036824
0.036833
0.036748
0.036773
0.036799
0.036436
0.036651
0.036512
0.036521
0.036460
0.036469
0.036514
0.036507
0.037174
0.038609
0.037082
0.036992
0.037604
0.034920
0.034909
0.033581
0.032998
0.034106
0.032581
0.033344
0.035291
0.035994
0.029002
0.028255
0.033480
0.036406
0.041226
0.044755
0.039340
0.046045
0.044615
0.044048
0.044198
0.044293
0.044554
0.044715
0.044514
0.044576
0.044163
0.044538
0.044019
0.044926
0.044898
0.044775
0.045315
0.045491
0.045217
0.045235
0.045399
0.044937
0.044290
0.044242
0.044594
0.044140
0.044898
0.044632
0.044629
0.043462
0.044054
0.043840
0.044499
0.044581
0.044003
0.044435
0.044029
0.044040
0.044413
0.044431
0.044139
0.043940
0.043998
0.044570
0.044631
0.044592
0.044489
0.044028
0.044009
0.044455
0.044179
0.044676
0.044272
0.044243
0.044266
0.044324
0.044334
0.044057
0.043919
0.044298
0.044092
0.044046
0.044137
0.044055
0.044153
0.044527
0.044397
0.044089
0.044937
0.044338
0.044099
0.044096
0.044392
0.043623
0.044196
0.043595
0.044329
0.044151
0.044103
0.044109
0.044002
0.047709
0.052970
0.057919
0.066127
0.065126
0.073791
0.092018
0.107592
0.117584
0.127924
0.150768
0.153627
0.153082
0.151435
0.140924
0.119617
0.103755
0.090009
0.075583
0.067212
0.058883
0.055653
0.053474
0.050556
0.045967
0.045958
0.046091
0.046026
0.046031
0.046037
0.045959
0.046095
0.046068
0.046017
0.046021
0.046004
0.045888
0.046038
0.045775
0.045924
0.045740
0.045988
0.045938
0.045802
0.045615
0.045671
0.045987
0.045869
0.045843
0.046146
0.045874
0.045414
0.045908
0.045966
0.046740
0.046285
0.045569
0.045661
0.045923
0.045879
0.046770
0.045863
0.045798
0.045745
0.046269
0.046029
0.046159
0.045974
0.046183
0.046039
0.046105
0.046287
0.046010
0.046293
0.046184
0.046190
0.046335
0.046411
0.046187
0.046307
0.046331
0.046377
0.046011
0.046658
0.045923
0.046526
0.046505
0.046428
0.046606
0.046857
0.046737
0.046555
0.046626
0.046462
0.046497
0.046046
0.046071
0.046202
0.046275
0.046596
0.046758
0.046423
0.046610
0.046063
0.046017
0.046066
0.046051
0.046118
0.046462
0.046096
0.046158
0.046196
0.042813
0.043313
0.043267
0.043255
0.043931
0.043356
0.043422
0.043062
0.043414
0.042941
0.043227
0.043250
0.043208
0.042975
0.043223
0.043320
0.043328
0.043112
0.043269
0.043638
0.043301
0.043612
0.043020
0.042580
0.042865
0.043061
0.043523
0.043011
0.043094
0.043288
0.043750
0.043239
0.043332
0.042759
0.042847
0.043323
0.042774
0.042693
0.042849
0.043493
0.042916
0.043721
0.042682
0.043364
0.043593
0.042956
0.042702
0.042722
0.042934
0.042772
0.043848
0.042697
0.042755
0.044102
0.043352
0.042533
0.043683
0.043312
0.043358
0.043642
0.043719
0.043645
0.043353
0.043575
0.043596
0.043611
0.043711
0.044379
0.043629
0.043686
0.043668
0.043147
0.043346
0.043307
0.043354
0.043103
0.042990
0.042976
0.043132
0.043222
0.043343
0.043299
0.043297
0.043427
0.043489
0.043767
0.043152
0.043352
0.043034
0.042994
0.043592
0.043665
0.043222
0.043292
0.043639
0.044155
0.045319
0.045448
0.046706
0.047763
0.049771
0.051593
0.044489
0.037030
0.039460
0.037932
0.032905
0.034621
0.038301
0.037014
0.042089
0.047947
0.050504
0.052441
0.053123
0.053352
0.053161
0.052868
0.052042
0.052039
0.052377
0.051906
0.051705
0.051181
0.050578
0.052949
0.052778
0.052198
0.051710
0.052462
0.052074
0.068135
0.074766
0.049781
0.047987
0.051308
0.051483
0.049624
0.048292
0.048194
0.048641
0.047941
0.047613
0.048400
0.048647
0.048520
0.048740
0.049300
0.046753
0.047684
0.048735
0.046611
0.047654
0.048056
0.049804
0.046964
0.046861
0.046906
0.046841
0.047057
0.043654
0.046376
0.047010
0.046430
0.043051
0.046351
0.043613
0.046451
0.043349
0.043778
0.043674
0.043779
0.043482
0.044367
0.043933
0.044345
0.044078
0.044051
0.044687
0.048429
0.044461
0.045860
0.049313
0.049545
0.047509
0.045042
0.044944
0.045113
0.045734
0.045115
0.044639
0.052901
0.051966
0.055105
0.073916
0.072552
0.066012
0.056101
0.061084
0.044758
0.041994
0.044696
0.047229
0.058562
0.059500
0.045797
0.051328
0.054581
0.069355
0.072385
0.071544
0.076023
0.073117
0.072748
0.071568
0.070895
0.071208
0.070870
0.071762
0.071239
0.071734
0.071080
0.071088
0.071241
0.071068
0.070697
0.071065
0.070878
0.071085
0.070503
0.071804
0.071769
0.071920
0.072402
0.071593
0.071546
0.070719
0.070590
0.070765
0.071751
0.071586
0.071560
0.071576
0.071650
0.071637
0.070943
0.071149
0.071638
0.071716
0.067855
0.067488
0.071586
0.071075
0.071662
0.071653
0.071263
0.071362
0.071502
0.071697
0.071472
0.071479
0.071508
0.071516
0.071454
0.072027
0.071440
0.071466
0.071426
0.071668
0.071671
0.072043
0.071659
0.070955
0.070974
0.070971
0.070949
0.071021
0.070933
0.070881
0.070903
0.070945
0.071072
0.070944
0.070769
0.071000
0.071179
0.071234
0.070685
0.070981
0.070757
0.070767
0.070615
0.072559
0.072599
0.075314
0.078331
0.081142
0.083789
0.086612
0.088857
0.088827
0.081231
0.072471
0.071771
0.067633
0.047845
0.048786
0.045002
0.045821
0.045265
0.045915
0.046207
0.046901
0.044530
0.053372
0.051167
0.055091
0.055073
0.055066
0.055311
0.054220
0.054055
0.053939
0.054969
0.054967
0.054968
0.055001
0.052151
0.054722
0.054936
0.054652
0.054752
0.055021
0.053769
0.054574
0.053856
0.052299
0.053977
0.054210
0.054545
0.055033
0.054716
0.054750
0.054271
0.054363
0.054432
0.054968
0.053977
0.053876
0.054855
0.053898
0.054636
0.054937
0.054618
0.054985
0.052270
0.052172
0.054991
0.053925
0.051916
0.052185
0.052085
0.052208
0.054841
0.054848
0.052243
0.052244
0.052097
0.052018
0.051974
0.052050
0.052015
0.052170
0.053723
0.051934
0.053714
0.052140
0.052093
0.052086
0.052151
0.051866
0.052129
0.052125
0.054198
0.053698
0.057118
0.061977
0.049009
0.039429
0.053558
0.070874
0.066837
0.062737
0.046057
0.038214
0.053627
0.039759
0.053226
0.174118
0.127917
0.115065
0.109435
0.109604
0.108436
0.108991
0.110026
0.116096
0.048253
0.147354
0.084194
0.114284
0.111559
0.064700
0.123782
0.130956
0.102044
0.098368
0.093099
0.107152
0.111979
0.097969
0.091069
0.091229
0.088266
0.087474
0.090141
0.088580
0.087151
0.086849
0.085513
0.099219
0.086034
0.086522
0.086550
0.102633
0.088363
0.088422
0.088275
0.104561
0.087400
0.089424
0.105043
0.089458
0.086521
0.090584
0.088155
0.087141
0.104558
0.089665
0.088039
0.090520
0.108413
0.105893
0.092346
0.092855
0.092039
0.091711
0.087581
0.086955
0.088115
0.090753
0.089903
0.086748
0.089055
0.089484
0.090062
0.089103
0.109088
0.089364
0.089022
0.088702
0.090298
0.090405
0.091384
0.091413
0.092064
0.090455
0.091131
0.089101
0.090688
0.089118
0.091644
0.090405
0.089743
0.089055
0.089927
0.090629
0.114826
0.114654
0.110868
0.113270
0.104205
0.096465
0.115311
0.111797
0.113367
0.107902
0.096758
0.104567
0.104099
0.100953
0.087837
0.090820
0.091697
0.090175
0.091388
0.091345
0.090020
0.091989
0.089976
0.091760
0.089013
0.090847
0.089994
0.092158
0.092696
0.092003
0.094353
0.089421
0.089666
0.090646
0.090429
0.090803
0.106894
0.105017
0.088883
0.105945
0.106009
0.090661
0.090333
0.089539
0.088840
0.089201
0.089873
0.091777
0.091620
0.102038
0.095121
0.111926
0.111652
0.109227
0.108576
0.108486
0.109442
0.095689
0.097379
0.097122
0.093971
0.090515
0.093256
0.091730
0.089315
0.088590
0.089355
0.088794
0.090530
0.089932
0.090275
0.089382
0.089077
0.090309
0.090597
0.091243
0.090744
0.089651
0.096484
0.099004
0.097987
0.104318
0.091195
0.091112
0.090035
0.090585
0.089639
0.089645
0.089316
0.089804
0.089258
0.089957
0.089746
0.089605
0.089580
0.089779
0.090861
0.089661
0.090070
0.088394
0.090128
0.089004
0.089687
0.089220
0.090016
0.089472
0.089462
0.090883
0.089979
0.093392
0.092331
0.089258
0.091332
0.089737
0.090596
0.110744
0.110514
0.091191
0.090759
0.090491
0.091439
0.090906
0.108366
0.106874
0.106987
0.108520
0.108930
0.109213
0.108946
0.109087
0.109320
0.107843
0.105921
0.106267
0.107668
0.107567
0.107179
0.108079
0.107247
0.090697
0.107752
0.107282
0.091457
0.091122
0.092909
0.092408
0.106262
0.105818
0.114857
0.115214
0.097697
0.093202
0.093431
0.093580
0.093809
0.094165
0.096565
0.096448
0.093636
0.092650
0.092368
0.091159
0.091131
0.089552
0.089534
0.091345
0.089693
0.089924
0.090375
0.089106
0.139210
0.138155
0.137480
0.136662
0.137668
0.136829
0.138231
0.137651
0.137889
0.139506
0.138733
0.139818
0.137804
0.141298
0.140011
0.140471
0.140041
0.138128
0.137377
0.142645
0.139113
0.139145
0.138010
0.137761
0.136977
0.136860
0.135591
0.136471
0.137498
0.138477
0.138684
0.139350
0.138853
0.139223
0.140846
0.136085
0.136068
0.139635
0.139424
0.140188
0.139224
0.142066
0.139242
0.138957
0.136305
0.139599
0.141179
0.136655
0.140218
0.139280
0.136269
0.145345
0.139243
0.133498
0.140538
0.140146
0.137246
0.139118
0.140215
0.138310
0.138912
0.139788
0.140531
0.141303
0.140463
0.140549
0.140689
0.140662
0.140631
0.142634
0.139284
0.139069
0.139156
0.135869
0.138786
0.139408
0.140085
0.140628
0.135506
0.136862
0.135536
0.135347
0.136343
0.140667
0.137095
0.139793
0.139236
0.145441
0.144538
0.122381
0.122814
0.121829
0.123010
0.120564
0.120877
0.121611
0.121804
0.121703
0.123729
0.124897
0.124124
0.124565
0.128879
0.130669
0.124115
0.124279
0.124110
0.122165
0.119963
0.125030
0.097945
0.100694
0.100663
0.099743
0.100158
0.100098
0.100104
0.101229
0.100060
0.100345
0.100771
0.101536
0.100677
0.101588
0.100314
0.099623
0.100019
0.099708
0.099993
0.098989
0.099378
0.099540
0.099955
0.099882
0.103196
0.102753
0.100193
0.100303
0.100637
0.101794
0.099310
0.098051
0.098767
0.099950
0.098997
0.098704
0.099164
0.098582
0.102545
0.102010
0.099311
0.098134
0.098214
0.098563
0.098911
0.098530
0.098674
0.098568
0.098783
0.099394
0.098405
0.098422
0.098645
0.098957
0.098506
0.098467
0.130058
0.125260
0.123856
0.128065
0.097865
0.106687
0.098604
0.106697
0.099421
0.099788
0.099729
0.107635
0.091646
0.125055
0.099238
0.098730
0.098462
0.091101
0.124656
0.092030
0.124583
0.099607
0.106119
0.124815
0.099668
0.098789
0.125192
0.098786
0.099420
0.090383
0.099256
0.099049
0.090744
0.089948
0.099037
0.121348
0.106130
0.097791
0.097056
0.098044
0.089150
0.098384
0.098474
0.098867
0.099115
0.099021
0.098920
0.098567
0.098525
0.099025
0.099489
0.098572
0.098540
0.098687
0.107962
0.103240
0.098630
0.098210
0.098513
0.098517
0.107240
0.116468
0.097740
0.099480
0.099100
0.098515
0.099521
0.098922
0.099022
0.099283
0.099488
0.098845
0.098478
0.098641
0.098855
0.098933
0.109498
0.099833
0.098951
0.099083
0.099035
0.098848
0.099303
0.098765
0.099862
0.099421
0.099296
0.099581
0.099210
0.124977
0.124809
0.124662
0.124533
0.123849
0.099726
0.124248
0.099615
0.123467
0.124266
0.127776
0.099763
0.099498
0.098956
0.099580
0.100056
0.100526
0.100696
0.102704
0.099459
0.100318
0.100042
0.102092
0.102712
0.104410
0.106741
0.105985
0.105728
0.106506
0.103479
0.101477
0.098826
0.101380
0.100573
0.099752
0.100945
0.103211
0.102038
0.102512
0.099512
0.100724
0.100361
0.099655
0.101434
0.100556
0.100908
0.102832
0.100957
0.100250
0.100428
0.099720
0.101087
0.099984
0.100474
0.100975
0.098733
0.100841
0.103806
0.105679
0.101007
0.099610
0.099895
0.101473
0.101241
0.099965
0.099669
0.099832
0.099587
0.098878
0.098639
0.123973
0.121615
0.120033
0.122956
0.124266
0.124343
0.123774
0.123487
0.122804
0.122612
0.128021
0.126134
0.120831
0.120953
0.120059
0.121348
0.118191
0.121747
0.121685
0.119954
0.213589
0.213886
0.213965
0.213289
0.213324
0.213191
0.211407
0.213394
0.213689
0.213588
0.214548
0.206638
0.213425
0.207500
0.212596
0.204908
0.204570
0.205271
0.210307
0.209422
0.205411
0.209996
0.207138
0.209767
0.211931
0.212154
0.211167
0.210708
0.209529
0.210115
0.209578
0.208577
0.208940
0.206585
0.206476
0.207218
0.206646
0.204073
0.206524
0.206342
0.206538
0.204455
0.206420
0.206522
0.204538
0.206669
0.209087
0.206717
0.204521
0.206563
0.204648
0.206722
0.204051
0.206781
0.209679
0.209553
0.209412
0.209472
0.207352
0.206993
0.209843
0.210245
0.207675
0.210034
0.207629
0.207935
0.209954
0.209447
0.209270
0.209239
0.209356
0.209136
0.209254
0.209448
0.206814
0.204836
0.209323
0.209012
0.209902
0.209594
0.209584
0.209483
0.206826
0.209006
0.209150
0.209564
0.209683
0.210513
0.210513
0.209231
0.209060
0.209512
0.208757
0.208799
0.208917
0.206246
0.208999
0.208936
