0.165433
0.020879
0.021378
0.021392
0.021068
0.020351
0.020469
0.020499
0.019732
0.019674
0.007499
0.006966
0.006570
0.006250
0.005912
0.005613
0.005483
0.005515
0.005870
0.005785
0.005590
0.005455
0.005494
0.005452
0.005358
0.005169
0.004578
0.004224
0.004216
0.004315
0.004213
0.004264
0.004213
0.004180
0.004180
0.004157
0.004176
0.004157
0.004162
0.004308
0.004389
0.004312
0.004332
0.004265
0.004287
0.004337
0.004463
0.004636
0.004746
0.004924
0.005010
0.005221
0.005268
0.005365
0.005521
0.005045
0.005430
0.005776
0.005427
0.005327
0.004947
0.004836
0.004400
0.003667
0.003158
0.002773
0.002513
0.002455
0.002488
0.002550
0.002361
0.002451
0.002425
0.002342
0.002337
0.002379
0.002297
0.002258
0.002159
0.002184
0.002220
0.002270
0.002257
0.002064
0.001838
0.001841
0.001833
0.001793
0.001423
0.001398
0.001372
0.001333
0.001231
0.001211
0.001146
0.001126
0.001127
0.001146
0.001170
0.001311
0.001430
0.001345
0.001459
0.001481
0.001493
0.001501
0.001583
0.001336
0.001225
0.001244
0.001182
0.001096
0.001111
0.001178
0.001205
0.001162
0.001137
0.001102
0.001102
0.001068
0.001083
0.001094
0.001088
0.001091
0.001081
0.001096
0.001112
0.001183
0.001102
0.001090
0.001132
0.001206
0.001132
0.001128
0.001098
0.001110
0.001072
0.001028
0.001025
0.001007
0.001006
0.001037
0.001033
0.001098
0.001192
0.001104
0.001056
0.001026
0.001009
0.000991
0.001000
0.000928
0.001028
0.000990
0.000938
0.001024
0.000955
0.000944
0.000933
0.001001
0.000945
0.001035
0.000931
0.000924
0.000926
0.000940
0.000894
0.000897
0.000906
0.000902
0.000866
0.000827
0.000840
0.000847
0.000889
0.001006
0.000954
0.000952
0.000969
0.001012
0.001057
0.001064
0.001101
0.001141
0.001107
0.001126
0.001047
0.000968
0.000864
0.000862
0.000928
0.000878
0.000975
0.000963
0.000958
0.000975
0.001036
0.001079
0.001079
0.001072
0.001050
0.001032
0.001037
0.001089
0.001151
0.001131
0.001147
0.001150
0.001094
0.001080
0.001098
0.001048
0.000993
0.001030
0.000979
0.000883
0.000806
0.000884
0.000676
0.000586
0.000566
0.000438
0.000465
0.000433
0.000424
0.000450
0.000480
0.000484
0.000500
0.000545
0.000524
0.000418
0.000388
0.000490
0.000539
0.000775
0.000925
0.000937
0.000904
0.001011
0.000810
0.000767
0.000737
0.000503
0.000334
0.000255
0.000428
0.000429
0.000539
0.000537
0.000636
0.000572
0.000444
0.000291
0.000000
0.000101
0.000106
0.000163
0.000126
0.000186
0.000262
0.000277
0.000245
0.000354
0.000317
0.000275
0.000242
0.000241
0.000248
0.000262
0.000287
0.198225
0.196951
0.192946
0.188483
0.181979
0.163499
0.142212
0.135518
0.163444
0.155651
0.152934
0.190611
0.192885
0.193859
0.191997
0.189597
0.189686
0.191627
0.175695
0.174912
0.189371
0.193226
0.191407
0.190048
0.198757
0.197625
0.199951
0.198030
0.198402
0.205213
0.194928
0.205685
0.196221
0.195548
0.199610
0.194477
0.196574
0.198409
0.198492
0.197282
0.197773
0.195646
0.199725
0.197164
0.204847
0.198294
0.197053
0.197590
0.197445
0.197158
0.200895
0.197830
0.197450
0.197853
0.197096
0.197965
0.197457
0.198256
0.200162
0.198992
0.200717
0.203745
0.201171
0.200848
0.200229
0.201535
0.202473
0.201521
0.204401
0.199184
0.201257
0.201662
0.199124
0.197823
0.197895
0.199896
0.201886
0.199477
0.199612
0.198257
0.197491
0.197056
0.196416
0.197024
0.196576
0.195315
0.193532
0.196076
0.197921
0.198915
0.200179
0.199789
0.201111
0.200380
0.199493
0.201415
0.201451
0.198994
0.199762
0.200945
0.200204
0.200067
0.201208
0.203177
0.203331
0.203534
0.202378
0.200419
0.204118
0.201801
0.202417
0.201919
0.202540
0.203668
0.200456
0.202834
0.201498
0.202146
0.202068
0.196344
0.196847
0.196985
0.202986
0.201890
0.201616
0.200758
0.202134
0.203050
0.203581
0.200505
0.200275
0.201018
0.200496
0.200195
0.199243
0.201469
0.203687
0.201652
0.202768
0.202030
0.203786
0.205875
0.203308
0.203010
0.203701
0.204864
0.203215
0.207046
0.208030
0.204516
0.202666
0.202162
0.200647
0.200770
0.199669
0.199627
0.199892
0.201779
0.200775
0.199038
0.199337
0.200027
0.199434
0.198326
0.199918
0.160922
0.159437
0.158956
0.158714
0.153255
0.157121
0.157723
0.156707
0.162326
0.164401
0.165188
0.166803
0.166189
0.162512
0.161221
0.159987
0.157834
0.158766
0.158859
0.157580
0.156042
0.156066
0.156219
0.155446
0.153038
0.151923
0.150876
0.159762
0.157090
0.155845
0.155413
0.152655
0.155098
0.150671
0.151745
0.153563
0.153993
0.152548
0.153228
0.162013
0.157085
0.159294
0.156740
0.167751
0.167761
0.166514
0.169021
0.168205
0.169316
0.169321
0.168239
0.168861
0.168203
0.169010
0.167656
0.167188
0.167110
0.168101
0.168457
0.168102
0.170761
0.169884
0.170017
0.170586
0.171003
0.169707
0.170350
0.170448
0.166121
0.164370
0.158901
0.160530
0.151188
0.150856
0.150211
0.149919
0.151060
0.156100
0.157469
0.156019
0.156696
0.156051
0.155671
0.155193
0.154740
0.155360
0.154400
0.154628
0.153327
0.154373
0.152553
0.152419
0.152456
0.150975
0.150585
0.151663
0.148739
0.146892
0.146601
0.146458
0.146825
0.146843
0.156955
0.153583
0.151702
0.155084
0.154080
0.153982
0.150059
0.154845
0.152679
0.148967
0.148327
0.139946
0.140859
0.139196
0.139496
0.136670
0.141940
0.143499
0.142666
0.145500
0.144161
0.142233
0.142995
0.193266
0.194138
0.195562
0.195355
0.196281
0.217190
0.214557
0.195481
0.192785
0.188714
0.185340
0.187461
0.191443
0.190701
0.191825
0.191509
0.191488
0.190501
0.188777
0.190186
0.191029
0.191389
0.190535
0.190726
0.191562
0.201560
0.192254
0.191674
0.192519
0.192661
0.190839
0.191178
0.189586
0.190769
0.190680
0.191109
0.193215
0.192789
0.193006
0.192342
0.192933
0.190852
0.189421
0.188623
0.188266
0.187310
0.187369
0.186897
0.189187
0.186384
0.185303
0.186529
0.187682
0.187084
0.188608
0.188231
0.186703
0.185920
0.186258
0.187856
0.199929
0.188297
0.195335
0.191102
0.190038
0.191531
0.192634
0.193899
0.200893
0.199288
0.197283
0.200056
0.191466
0.190774
0.192561
0.192185
0.194390
0.193768
0.191562
0.194232
0.191714
0.188520
0.189339
0.187136
0.187358
0.186707
0.188464
0.187636
0.186635
0.183512
0.183652
0.184160
0.184290
0.183051
0.186030
0.184022
0.185532
0.184666
0.186759
0.184321
0.181416
0.182600
0.188390
0.188225
0.189460
0.191249
0.191848
0.189468
0.193053
0.190241
0.189683
0.188443
0.187972
0.198806
0.188331
0.189559
0.188319
0.188500
0.190355
0.190292
0.189353
0.189172
0.190809
0.186111
0.189643
0.189601
0.189523
0.190192
0.189937
0.189369
0.190575
0.190773
0.193017
0.192926
0.192350
0.192460
0.192943
0.193114
0.192969
0.193470
0.193794
0.190475
0.190637
0.189360
0.188671
0.188459
0.188553
0.188676
0.188761
0.188128
0.188326
0.190840
0.188735
0.190638
0.190221
0.190478
0.010242
0.010035
0.009007
0.008518
0.008174
0.008292
0.008213
0.008408
0.008173
0.008151
0.008136
0.008302
0.008050
0.007972
0.008105
0.008091
0.008412
0.008732
0.008985
0.009227
0.009426
0.009675
0.009393
0.009499
0.009266
0.008492
0.007843
0.007206
0.006858
0.006567
0.006317
0.006111
0.005954
0.005978
0.005832
0.005803
0.005823
0.005690
0.005886
0.005652
0.005437
0.005725
0.005289
0.005734
0.005697
0.005683
0.005721
0.005776
0.005763
0.005767
0.005740
0.005740
0.005548
0.005650
0.005673
0.005605
0.005739
0.005733
0.005769
0.005763
0.005790
0.005668
0.005633
0.005606
0.005597
0.005628
0.005582
0.005612
0.005603
0.005596
0.005631
0.005527
0.005549
0.005544
0.005638
0.005683
0.005726
0.005696
0.005648
0.005712
0.005700
0.005358
0.005054
0.005021
0.005032
0.004773
0.004718
0.004641
0.004348
0.004112
0.003914
0.003768
0.003531
0.003482
0.003426
0.003322
0.003150
0.003087
0.003078
0.003103
0.003113
0.003102
0.003054
0.003052
0.003011
0.002984
0.002991
0.003009
0.003044
0.003014
0.003048
0.003009
0.002931
0.003006
0.003066
0.003129
0.003158
0.003114
0.003048
0.003166
0.003078
0.003135
0.003128
0.003250
0.003135
0.003251
0.003366
0.003096
0.002432
0.002309
0.002167
0.002118
0.002062
0.002048
0.001982
0.002044
0.002052
0.001938
0.001897
0.001907
0.001675
0.001543
0.001575
0.001596
0.001533
0.001550
0.001519
0.001534
0.001514
0.001553
0.001534
0.001493
0.001517
0.001423
0.001470
0.001471
0.001615
0.001878
0.002155
0.002562
0.002925
0.002933
0.002931
0.003003
0.002812
0.002487
0.002305
0.002293
0.002290
0.002465
0.002514
0.002317
0.002301
0.002199
0.002393
0.002509
0.002581
0.002770
0.002750
0.002735
0.002822
0.002833
0.002767
0.002788
0.174856
0.177154
0.177358
0.246900
0.245640
0.245940
0.248031
0.178374
0.176230
0.175773
0.172600
0.171991
0.169483
0.173958
0.169492
0.250269
0.249987
0.250002
0.175244
0.179061
0.178348
0.178414
0.199659
0.179589
0.181144
0.180373
0.169288
0.171346
0.183829
0.170753
0.147154
0.154481
0.155066
0.159544
0.155514
0.172378
0.149357
0.158063
0.154281
0.180389
0.177061
0.166058
0.164057
0.156763
0.163641
0.159890
0.163570
0.164498
0.163531
0.163287
0.170728
0.166379
0.169895
0.178113
0.184804
0.171501
0.175883
0.181551
0.175220
0.171826
0.176349
0.169371
0.170368
0.164259
0.164325
0.165126
0.163857
0.166234
0.167991
0.168014
0.166091
0.159417
0.157244
0.155527
0.155918
0.153106
0.153171
0.153041
0.152369
0.152373
0.152659
0.155667
0.152494
0.155101
0.155325
0.156407
0.159432
0.148103
0.158577
0.144527
0.143332
0.143761
0.152871
0.144119
0.141856
0.141462
0.140511
0.140724
0.135786
0.138536
0.134211
0.133125
0.132593
0.134437
0.135225
0.135438
0.134395
0.134329
0.135660
0.134659
0.134110
0.134706
0.131708
0.137325
0.142299
0.138305
0.146231
0.152398
0.157818
0.163492
0.178293
0.192445
0.181753
0.199820
0.188585
0.200206
0.213092
0.207067
0.192676
0.205030
0.199146
0.197205
0.196504
0.196776
0.195998
0.196154
0.196257
0.196127
0.195852
0.195010
0.201978
0.204368
0.197647
0.196637
0.197017
0.197170
0.197944
0.197292
0.195932
0.196938
0.188295
0.188018
0.189630
0.185772
0.185107
0.185732
0.192391
0.192475
0.193917
0.198524
0.209031
0.197416
0.198808
0.201002
0.202498
0.203261
0.202866
0.203318
0.201649
0.198217
0.203156
0.198878
0.201203
0.201495
0.213991
0.193183
0.179494
0.196151
0.158779
0.160042
0.155227
0.136373
0.140646
0.156980
0.156170
0.198292
0.189208
0.205342
0.185913
0.195669
0.191562
0.168092
0.208823
0.198042
0.196856
0.200057
0.207159
0.204369
0.186973
0.176374
0.164964
0.162750
0.212445
0.236601
0.237932
0.236995
0.202672
0.245008
0.234164
0.227161
0.249108
0.228213
0.231454
0.225842
0.229835
0.216813
0.210007
0.226166
0.224593
0.221090
0.228847
0.240094
0.237323
0.237481
0.237452
0.209801
0.214599
0.211408
0.196570
0.183547
0.197422
0.236969
0.256542
0.280215
0.270107
0.260301
0.246403
0.126291
0.154386
0.171585
0.155948
0.182615
0.215641
0.205137
0.197012
0.162692
0.133061
0.154084
0.150645
0.155778
0.162744
0.177469
0.208490
0.150397
0.189520
0.177602
0.171975
0.169115
0.160103
0.144965
0.144886
0.138949
0.144496
0.149383
0.132810
0.138989
0.137910
0.138162
0.134328
0.146875
0.147043
0.126235
0.146586
0.143682
0.133353
0.126579
0.128746
0.137801
0.132246
0.143455
0.137626
0.143441
0.151730
0.153343
0.139377
0.138491
0.130956
0.131890
0.134181
0.138880
0.137679
0.136727
0.136074
0.133461
0.136011
0.134233
0.137100
0.176912
0.146321
0.136088
0.134821
0.135196
0.135222
0.134276
0.132732
0.131194
0.139534
0.139672
0.131002
0.128790
0.129556
0.131790
0.131269
0.132004
0.132683
0.132316
0.131319
0.186222
0.188695
0.190605
0.190055
0.191999
0.188535
0.187913
0.186540
0.186766
0.197905
0.191579
0.186497
0.186687
0.186012
0.211570
0.208638
0.206521
0.200252
0.213613
0.216002
0.213795
0.196309
0.184173
0.183816
0.185759
0.182846
0.185474
0.186102
0.181913
0.182737
0.181779
0.181946
0.183749
0.182093
0.182384
0.184925
0.188826
0.198609
0.196223
0.194116
0.191864
0.180186
0.182024
0.182472
0.184268
0.181612
0.177125
0.180778
0.183341
0.179561
0.182305
0.180652
0.179073
0.183460
0.183597
0.183912
0.177097
0.187229
0.184233
0.199492
0.180611
0.206466
0.184044
0.193841
0.195465
0.194436
0.197054
0.193147
0.190005
0.194594
0.192730
0.192168
0.190807
0.184286
0.185202
0.186325
0.186385
0.179056
0.174779
0.183586
0.183419
0.184073
0.182848
0.187400
0.177612
0.171875
0.170117
0.171263
0.178146
0.186243
0.177141
0.181227
0.181982
0.195902
0.186925
0.185881
0.184852
0.182476
0.188682
0.171041
0.176371
0.176478
0.176681
0.174311
0.171208
0.187140
0.175814
0.186943
0.187458
0.175579
0.175403
0.175630
0.179759
0.188704
0.188900
0.188855
0.188397
0.195500
0.194500
0.192570
0.194017
0.187428
0.190298
0.189267
0.192552
0.193673
0.196739
0.196797
0.183678
0.190995
0.190991
0.182965
0.181586
0.179722
0.177866
0.176368
0.173699
0.178713
0.174798
0.172451
0.173999
0.165262
0.167073
0.158340
0.159065
0.161147
0.166190
0.155803
0.174110
0.168236
0.170076
0.177234
0.181109
0.173248
0.186343
0.174113
0.172878
0.179957
0.174746
0.181503
0.179610
0.172163
0.170495
0.170812
0.172603
0.172635
0.176262
0.175668
0.175559
0.175821
0.169163
0.165858
0.171846
0.187318
0.174805
0.180777
0.188704
0.183952
0.175366
0.176172
0.188896
0.183731
0.191535
0.179983
0.179043
0.179461
0.171616
0.170769
0.172053
0.171912
0.168358
0.166476
0.174164
0.168934
0.170866
0.170799
0.170235
0.168451
0.170966
0.168636
0.170351
0.168955
0.171746
0.172840
0.174932
0.176630
0.171415
0.169715
0.169575
0.178257
0.178261
0.178048
0.175420
0.178569
0.182091
0.181900
0.178143
0.170700
0.180795
0.182117
0.177902
0.180055
0.186676
0.189823
0.190829
0.178224
0.191997
0.181350
0.179409
0.179952
0.181405
0.172820
0.181072
0.172591
0.180342
0.165525
0.158730
0.159216
0.159330
0.159630
0.158792
0.159308
0.159511
0.154425
0.152704
0.152943
0.153963
0.157924
0.154195
0.154222
0.155164
0.157654
0.157455
0.156152
0.153014
0.157553
0.156395
0.156899
0.157200
0.157121
0.145407
0.131707
0.136775
0.155784
0.158948
0.162538
0.159408
0.162410
0.163009
0.163056
0.161223
0.161398
0.159548
0.159642
0.158793
0.158716
0.159534
0.159196
0.155512
0.155825
0.157614
0.158640
0.157544
0.158323
0.157635
0.158109
0.158363
0.158038
0.157739
0.157305
0.157221
0.157798
0.160536
0.227937
0.385077
0.380914
0.241882
0.167873
0.154238
0.150800
0.153844
0.154182
0.151040
0.152404
0.151975
0.152554
0.152540
0.152724
0.156170
0.150437
0.152050
0.154104
0.154966
0.154081
0.154040
0.154979
0.154072
0.152502
0.154038
0.150164
0.147691
0.151979
0.149544
0.151264
0.152442
0.153663
0.153113
0.150090
0.151426
0.151090
0.155833
0.154588
0.148218
0.151459
0.149317
0.149164
0.149262
0.152194
0.145463
0.146511
0.150811
0.154932
0.154612
0.154474
0.151823
0.158477
0.154334
0.153889
0.127745
0.128101
0.127742
0.127489
0.128053
0.128386
0.127908
0.128157
0.127655
0.127285
0.127026
0.127018
0.125291
0.127964
0.128480
0.127763
0.127661
0.126976
0.127116
0.127912
0.129381
0.128588
0.127694
0.127332
0.135702
0.126861
0.128861
0.125146
0.127200
0.127205
0.127715
0.125636
0.126015
0.121156
0.127416
0.123813
0.122572
0.120502
0.117913
0.129390
0.134510
0.140050
0.109235
0.108362
0.108202
0.107432
0.108773
0.108148
0.108033
0.108845
0.114341
0.109033
0.109779
0.140659
0.108324
0.127438
0.129362
0.142672
0.133308
0.128898
0.135468
0.130126
0.137538
0.128119
0.129455
0.133919
0.130934
0.134822
0.131616
0.130722
0.143871
0.130281
0.142206
0.142059
0.129808
0.142080
0.143507
0.143931
0.145493
0.140486
0.142476
0.131904
0.123687
0.136526
0.142131
0.146635
0.147710
0.154594
0.155409
0.150531
0.152809
0.149305
0.143433
0.140406
0.118073
0.124663
0.111491
0.125454
0.123519
0.124203
0.124655
0.125835
0.114966
0.130333
0.129489
0.132675
0.132959
0.131019
0.131936
0.134467
0.129242
0.131691
0.131553
0.135101
0.133616
0.133278
0.131799
0.128480
0.130620
0.130480
0.129543
0.128519
0.128335
0.141006
0.126735
0.139086
0.128608
0.132134
0.132752
0.132703
0.136110
0.128940
0.129235
0.131729
0.130291
0.130197
0.130045
0.130858
0.132619
0.130597
0.128900
0.129293
0.128679
0.128396
0.131082
0.130729
0.128249
0.129482
0.129726
0.128187
0.127599
0.129135
0.126412
0.122473
0.127960
0.131829
0.123373
0.126681
0.127418
0.121944
0.121888
0.128251
0.127783
0.127302
0.127390
0.128269
0.127270
0.128216
0.125658
0.124163
0.127646
0.126245
0.124191
0.105444
0.109625
0.121751
0.127010
0.128497
0.128751
0.127669
0.118135
0.108883
0.106380
0.108891
0.104213
0.104514
0.104015
0.098511
0.112910
0.099059
0.119780
0.103772
0.103515
0.121396
0.133722
0.126588
0.104264
0.103478
0.103870
0.101893
0.104924
0.104123
0.104079
0.104444
0.102508
0.102465
0.103091
0.103196
0.102022
0.102914
0.101355
0.128297
0.126496
0.126447
0.127514
0.127487
0.130154
0.150838
0.145005
0.007911
0.007689
0.007556
0.007294
0.007695
0.007373
0.007415
0.007622
0.008185
0.008035
0.008233
0.009010
0.009159
0.009065
0.010039
0.010197
0.009982
0.009849
0.009634
0.010165
0.010514
0.010577
0.010652
0.010535
0.010082
0.010627
0.010390
0.010435
0.010168
0.009611
0.009837
0.009883
0.010358
0.009238
0.009790
0.012005
0.012066
0.012370
0.012204
0.010352
0.010508
0.011056
0.009125
0.011742
0.011603
0.010997
0.012294
0.010334
0.008924
0.011404
0.009690
0.010480
0.009488
0.011532
0.011644
0.011827
0.010549
0.010436
0.010782
0.011726
0.011714
0.011732
0.011676
0.011755
0.011841
0.011807
0.012146
0.012119
0.011875
0.011791
0.011748
0.011688
0.011593
0.011558
0.011605
0.011594
0.011798
0.011738
0.011370
0.012112
0.012083
0.011724
0.011474
0.011262
0.011045
0.011163
0.011144
0.011125
0.010967
0.010525
0.009973
0.009811
0.009800
0.009905
0.010031
0.009738
0.010212
0.011061
0.010999
0.011185
0.010211
0.011150
0.011091
0.011104
0.011054
0.009563
0.009643
0.011186
0.009849
0.009538
0.009464
0.009395
0.009423
0.009467
0.009488
0.009450
0.009518
0.009767
0.009637
0.009567
0.009615
0.009532
0.009129
0.008874
0.008506
0.008207
0.008635
0.008558
0.008448
0.008197
0.008424
0.008442
0.008494
0.008355
0.007857
0.007819
0.007799
0.007819
0.007855
0.007939
0.007995
0.008011
0.008160
0.008052
0.008031
0.008647
0.008570
0.008579
0.008355
0.007917
0.007911
0.007961
0.008004
0.007919
0.007884
0.007949
0.007980
0.007977
0.008015
0.007976
0.007995
0.007994
0.008048
0.008052
0.008090
0.008101
0.008106
0.008074
0.008110
0.008109
0.008090
0.008144
0.008176
0.008125
0.008153
0.008263
0.008107
0.008111
0.008155
0.008239
0.008285
0.008371
0.008522
0.008697
0.009048
0.009280
0.009529
0.008978
0.009118
0.009349
0.009311
0.009230
0.008659
0.008684
0.008912
0.008871
0.010456
0.010501
0.010430
0.010443
0.010401
0.010379
0.010399
0.010361
0.010207
0.010254
0.010502
0.010446
0.010273
0.010250
0.010322
0.010420
0.010344
0.010201
0.010447
0.010575
0.010475
0.010318
0.010326
0.010397
0.010316
0.010324
0.009782
0.009753
0.010474
0.010266
0.010291
0.010590
0.010793
0.010730
0.010731
0.010640
0.010510
0.010613
0.010411
0.010452
0.018144
0.017913
0.016982
0.016185
0.015960
0.015953
0.015913
0.015929
0.015946
0.015948
0.015887
0.015943
0.015996
0.017437
0.017589
0.017722
0.017611
0.017488
0.017527
0.017702
0.016049
0.016005
0.016038
0.016001
0.016042
0.016013
0.016063
0.016985
0.017950
0.017968
0.017842
0.017155
0.017007
0.016324
0.016353
0.016453
0.016451
0.016471
0.016430
0.016085
0.017037
0.016077
0.016047
0.016055
0.016076
0.016050
0.016056
0.016073
0.016050
0.016051
0.016188
0.016119
0.016141
0.017093
0.016983
0.018004
0.018726
0.018716
0.019106
0.019275
0.019430
0.017703
0.016938
0.019034
0.020097
0.020174
0.019571
0.019653
0.019772
0.019449
0.019493
0.019093
0.019612
0.019488
0.019647
0.019762
0.019986
0.019851
0.018252
0.018131
0.017898
0.018341
0.018491
0.018896
0.019456
0.019408
0.018697
0.018429
0.019159
0.020595
0.020480
0.020421
0.020323
0.020396
0.020452
0.020370
0.020444
0.019259
0.019212
0.018265
0.018800
0.018872
0.018873
0.018794
0.018811
0.018967
0.018962
0.018747
0.018870
0.018714
0.018632
0.018862
0.018602
0.018198
0.018535
0.018741
0.018686
0.018644
0.018466
0.018740
0.018620
0.017836
0.017960
0.017953
0.017608
0.017570
0.017671
0.017767
0.017731
0.017819
0.017514
0.017464
0.017503
0.017546
0.017506
0.018668
0.017766
0.017678
0.017631
0.018823
0.017635
0.017810
0.017524
0.017470
0.018164
0.018041
0.017871
0.017905
0.018056
0.017903
0.017969
0.018002
0.017890
0.017819
0.017852
0.017731
0.017881
0.018255
0.018352
0.018365
0.018272
0.018262
0.018294
0.018274
0.017880
0.017896
0.017970
0.017973
0.017950
0.017967
0.017950
0.017963
0.018081
0.018049
0.018057
0.018089
0.211944
0.211027
0.209611
0.187624
0.183949
0.208304
0.178620
0.212762
0.206207
0.210254
0.195172
0.204281
0.174932
0.174169
0.196459
0.182989
0.180772
0.177700
0.191175
0.194410
0.177398
0.196835
0.199298
0.197379
0.196271
0.196076
0.211870
0.196053
0.211917
0.210445
0.203020
0.206732
0.203407
0.179097
0.175413
0.172701
0.207121
0.207640
0.169603
0.170547
0.168971
0.201664
0.202062
0.206275
0.207266
0.210027
0.210485
0.216477
0.215000
0.200497
0.210728
0.205762
0.202623
0.200912
0.206340
0.210945
0.208490
0.214758
0.209039
0.211458
0.200700
0.172788
0.183766
0.186785
0.171990
0.191309
0.208599
0.214156
0.208063
0.210879
0.222689
0.227640
0.212778
0.213270
0.206287
0.206784
0.196227
0.200631
0.201876
0.218333
0.205971
0.216914
0.216270
0.221281
0.219656
0.226057
0.208163
0.200271
0.203218
0.204138
0.204168
0.205789
0.202360
0.206350
0.197640
0.211508
0.191658
0.179803
0.203034
0.204167
0.205707
0.215110
0.212234
0.203422
0.212611
0.213416
0.211492
0.208260
0.210013
0.214322
0.209032
0.206695
0.211344
0.212748
0.212402
0.208470
0.209382
0.208026
0.200414
0.211320
0.204563
0.211407
0.210172
0.200977
0.206563
0.196826
0.203331
0.202591
0.203933
0.203053
0.202728
0.204917
0.204916
0.206173
0.218923
0.217848
0.215843
0.217868
0.218205
0.179448
0.210089
0.208816
0.203880
0.213123
0.213893
0.199168
0.193967
0.184864
0.189542
0.196659
0.187618
0.182469
0.190290
0.192992
0.178947
0.171272
0.170356
0.187461
0.189085
0.155230
0.180275
0.175928
0.167847
0.183867
0.181269
0.199684
0.204652
0.210546
0.207137
0.210054
0.208960
0.209796
0.208698
0.209605
0.208502
0.209892
0.208217
0.209831
0.210726
0.211386
0.209663
0.210676
0.209801
0.209497
0.209356
0.209885
0.208130
0.211435
0.213036
0.214617
0.212653
0.219066
0.216892
0.216080
0.209392
0.212136
0.210368
0.209442
0.209320
0.208498
0.209250
0.203136
0.206000
0.204378
0.203108
0.202037
0.201499
0.206015
0.205820
0.202928
0.204052
0.201308
0.184203
0.002416
0.002339
0.002345
0.002373
0.002522
0.002589
0.003236
0.003362
0.003435
0.003271
0.003509
0.003656
0.003608
0.003628
0.003621
0.003549
0.003557
0.003572
0.003581
0.003692
0.003616
0.003629
0.003752
0.003731
0.003719
0.003755
0.003780
0.003755
0.003861
0.003910
0.003854
0.003821
0.003882
0.003833
0.003935
0.003864
0.003747
0.003797
0.003739
0.003599
0.003762
0.003719
0.003791
0.003775
0.003813
0.003780
0.003687
0.003679
0.003774
0.003804
0.003783
0.003812
0.003834
0.003913
0.003943
0.003921
0.003863
0.003789
0.003761
0.003639
0.003651
0.003659
0.003713
0.003826
0.003896
0.003876
0.003879
0.003769
0.003710
0.003697
0.003737
0.003776
0.003729
0.003698
0.003653
0.003638
0.003666
0.003644
0.003834
0.003897
0.003902
0.003639
0.003691
0.003681
0.003668
0.003670
0.003666
0.003773
0.003713
0.003716
0.003661
0.003662
0.003620
0.003590
0.003609
0.003677
0.003581
0.003987
0.003923
0.004076
0.004076
0.004282
0.004374
0.005039
0.005094
0.005141
0.005363
0.004435
0.004369
0.004378
0.004327
0.004325
0.004369
0.004409
0.004679
0.004796
0.004792
0.004684
0.004632
0.004551
0.215270
0.218429
0.214140
0.210137
0.213646
0.215314
0.216083
0.211634
0.212040
0.209179
0.211873
0.211723
0.215603
0.213403
0.210175
0.209733
0.209322
0.210453
0.212221
0.211259
0.210755
0.208242
0.212067
0.209132
0.207411
0.206641
0.206430
0.206961
0.205891
0.203654
0.203483
0.205478
0.205507
0.207438
0.206740
0.207558
0.206890
0.205623
0.205186
0.207851
0.209883
0.210225
0.209270
0.212104
0.207558
0.208670
0.209076
0.207917
0.211308
0.211052
0.210968
0.210908
0.215104
0.215815
0.210510
0.213330
0.211508
0.210704
0.219393
0.210707
0.218990
0.218511
0.098399
0.102418
0.118631
0.129864
0.128512
0.128546
0.133804
0.150123
0.170310
0.174341
0.164931
0.170862
0.180252
0.176169
0.161349
0.171750
0.155788
0.155956
0.161406
0.155804
0.160997
0.161079
0.169229
0.168143
0.171620
0.184329
0.179439
0.174645
0.162775
0.160597
0.164146
0.169091
0.174869
0.166187
0.159829
0.160423
0.158809
0.165826
0.170770
0.171479
0.173589
0.172003
0.170965
0.185684
0.187350
0.158986
0.139723
0.122684
0.107660
0.079113
0.080149
0.084013
0.082605
0.084896
0.091887
0.101485
0.101139
0.101192
0.104474
0.106785
0.101925
0.108090
0.101027
0.103224
0.104001
0.106848
0.107981
0.115638
0.119302
0.119135
0.117612
0.119244
0.120101
0.125136
0.124635
0.126034
0.121291
0.120989
0.124013
0.118948
0.127860
0.124090
0.125548
0.124348
0.124914
0.120988
0.109903
0.108646
0.107545
0.099897
0.109733
0.117998
0.117821
0.120756
0.118093
0.117317
0.118234
0.115529
0.106153
0.101915
0.104745
0.103180
0.095787
0.118193
0.080749
0.078224
0.078964
0.076837
0.076363
0.077329
0.074717
0.080749
0.088958
0.096597
0.100896
0.113249
0.095644
0.098566
0.076981
0.131219
0.123019
0.123592
0.142815
0.138624
0.151539
0.135343
0.137471
0.135895
0.140901
0.126369
0.138004
0.137706
0.139770
0.153656
0.155415
0.135409
0.135143
0.136664
0.134282
0.136233
0.151263
0.117247
0.141475
0.095893
0.097494
0.097531
0.093820
0.089082
0.086970
0.102437
0.091240
0.082627
0.077174
0.076434
0.085413
0.085035
0.086884
0.082138
0.083702
0.090609
0.091073
0.094814
0.098847
0.114320
0.120263
0.122555
0.127164
0.130045
0.134437
0.115799
0.115951
0.117527
0.104582
0.121261
0.118263
0.121844
0.120010
0.116349
0.116767
0.113131
0.114068
0.111706
0.112699
0.110712
0.115668
0.117151
0.109190
0.121456
0.117038
0.105698
0.118840
0.121467
0.116535
0.129463
0.133550
0.115098
0.132808
0.121311
0.123973
0.119314
0.108861
0.092931
0.096280
0.089571
0.113577
0.106380
0.085751
0.078656
0.076683
0.077556
0.058656
0.069904
0.108072
0.138856
0.135574
0.108240
0.104590
0.131705
0.102139
0.087800
0.099663
0.101097
0.102269
0.149326
0.146030
0.151870
0.139231
0.114207
0.182357
0.152381
0.174382
0.175237
0.162248
0.170142
0.169159
0.151551
0.151553
0.178492
0.168051
0.168947
0.162628
0.161239
0.172724
0.170346
0.163795
0.156452
0.163093
0.163728
0.164855
0.165427
0.167161
0.166969
0.165667
0.165608
0.164499
0.163271
0.165721
0.163731
0.160819
0.165559
0.164268
0.163799
0.164743
0.160538
0.158434
0.158679
0.158979
0.154607
0.154197
0.151815
0.148861
0.142285
0.142856
0.140499
0.144911
0.141255
0.139542
0.141018
0.142414
0.141251
0.160326
0.153189
0.157491
0.159706
0.165173
0.160890
0.168761
0.160139
0.075370
0.072678
0.070261
0.071451
0.075059
0.072828
0.073163
0.073522
0.073081
0.074627
0.072889
0.074381
0.076036
0.075157
0.088246
0.091769
0.098169
0.099967
0.096089
0.097485
0.098150
0.096769
0.150992
0.145309
0.142889
0.145036
0.173666
0.151211
0.203738
0.205568
0.210542
0.211525
0.177652
0.219637
0.214243
0.215215
0.227006
0.213787
0.215444
0.219044
0.211198
0.206123
0.211419
0.218218
0.218766
0.280136
0.278146
0.279142
0.276866
0.276395
0.278024
0.277268
0.274334
0.274030
0.276052
0.275678
0.275449
0.278724
0.275102
0.276720
0.278107
0.276849
0.278286
0.278714
0.278908
0.217084
0.216567
0.217489
0.220283
0.218073
0.280149
0.216077
0.218968
0.217819
0.217185
0.215998
0.078742
0.081194
0.079905
0.078482
0.080271
0.079230
0.078867
0.080443
0.080094
0.081497
0.092579
0.079821
0.080590
0.077061
0.088685
0.081045
0.083829
0.081209
0.082269
0.079009
0.079977
0.080013
0.088693
0.087893
0.087573
0.086604
0.078279
0.078940
0.081452
0.083635
0.087055
0.084467
0.087778
0.089200
0.086961
0.088482
0.090137
0.091065
0.088506
0.085217
0.086904
0.100212
0.093797
0.091084
0.093732
0.093855
0.092017
0.092269
0.096442
0.096569
0.092224
0.096731
0.098143
0.095327
0.089015
0.093622
0.095121
0.090559
0.091748
0.092993
0.092372
0.091956
0.090718
0.090248
0.082447
0.080661
0.078137
0.073104
0.079246
0.077374
0.076667
0.078700
0.074483
0.076368
0.075040
0.075702
0.073572
0.081960
0.072186
0.080354
0.070207
0.065919
0.064551
0.064960
0.064768
0.065048
0.065465
0.065015
0.066330
0.064030
0.063374
0.064984
0.063406
0.064570
0.074121
0.074518
0.069829
0.069393
0.072121
0.071006
0.075484
0.077590
0.071316
0.070330
0.078846
0.079792
0.081057
0.087197
0.085639
0.076660
0.076784
0.087593
0.088094
0.080028
0.080354
0.084271
0.092797
0.084119
0.083727
0.084928
0.086081
0.089160
0.089604
0.088605
0.090381
0.090187
0.088549
0.087480
0.091307
0.090504
0.089934
0.089520
0.088937
0.089544
0.087506
0.089871
0.087747
0.088302
0.089510
0.092671
0.091886
0.092782
0.093456
0.093919
0.097323
0.097002
0.095806
0.095915
0.097072
0.097288
0.098444
0.099118
0.099856
0.099201
0.102320
0.100266
0.102651
0.104390
0.100734
0.102952
0.099403
0.108859
0.103277
0.114318
0.114498
0.116058
0.117228
0.118759
0.108694
0.121164
0.123393
0.123038
0.122344
0.122808
0.121634
0.122162
0.121395
0.119871
0.120040
0.121242
0.123171
0.123634
0.123905
0.128136
0.123239
0.126566
0.120584
0.125204
0.126014
0.125681
0.128558
0.128526
0.121832
0.121761
0.120868
0.120320
0.119134
0.119319
0.134981
0.122023
0.121271
0.119674
0.115189
0.119781
0.119594
0.120706
0.121997
0.141370
0.140751
0.141429
0.139644
0.141730
0.141440
0.142348
0.141447
0.141191
0.149763
0.150272
0.150988
0.177262
0.178246
0.174522
0.173813
0.201663
0.206845
0.203227
0.202246
0.203296
0.203582
0.212041
0.210484
0.208270
0.209669
0.200040
0.198814
0.190239
0.196701
0.202704
0.201966
0.200663
0.179899
0.175504
0.181185
0.180361
0.180391
0.202727
0.177844
0.153993
0.132415
0.129296
0.121774
0.106978
0.094186
0.102547
0.103891
0.104611
0.108775
0.113737
0.125632
0.139004
0.156895
0.165433
0.165433
0.165433
0.165433
