0.053585
0.053735
0.053366
0.053548
0.053531
0.056415
0.056692
0.052406
0.053756
0.053446
0.054073
0.053012
0.053781
0.052882
0.053750
0.053122
0.052925
0.052899
0.053215
0.053052
0.053808
0.054041
0.054238
0.053907
0.053117
0.053103
0.053046
0.053339
0.053316
0.056079
0.053141
0.053156
0.053654
0.053147
0.053678
0.056695
0.053253
0.053335
0.053164
0.053343
0.053226
0.053177
0.053761
0.053456
0.053326
0.049879
0.053352
0.053512
0.053139
0.052991
0.054858
0.053277
0.056503
0.057448
0.053859
0.053812
0.057370
0.053274
0.053998
0.055011
0.057001
0.056429
0.056673
0.056426
0.057112
0.053096
0.053237
0.053315
0.056462
0.056467
0.057583
0.053400
0.054716
0.053075
0.056910
0.053359
0.053222
0.056806
0.057813
0.058854
0.056994
0.056903
0.057319
0.054269
0.053233
0.053190
0.057444
0.053400
0.057092
0.053982
0.056925
0.054172
0.057262
0.056540
0.056919
0.056706
0.059226
0.058771
0.058771
0.058801
0.058801
0.058647
0.059086
0.058814
0.058398
0.058280
0.058847
0.058879
0.058681
0.059160
0.058791
0.059108
0.058842
0.058561
0.058578
0.058741
0.058652
0.058824
0.058350
0.058192
0.058793
0.058543
0.058562
0.058627
0.058570
0.058587
0.058578
0.058729
0.058608
0.058987
0.058712
0.059146
0.058781
0.058776
0.058605
0.058726
0.058529
0.058843
0.058727
0.058548
0.058498
0.059033
0.058732
0.058951
0.058913
0.058717
0.058656
0.058615
0.058613
0.058749
0.058803
0.058831
0.058711
0.058788
0.058557
0.058589
0.058745
0.058563
0.058848
0.058760
0.058623
0.077009
0.077053
0.077068
0.077375
0.076968
0.076334
0.076368
0.076368
0.076286
0.076957
0.076971
0.076891
0.077206
0.076888
0.077394
0.078330
0.077577
0.077256
0.076798
0.077785
0.077403
0.076480
0.076896
0.076580
0.075804
0.076406
0.076374
0.076528
0.076433
0.076079
0.075626
0.075993
0.077498
0.077778
0.078205
0.078156
0.079034
0.078825
0.078823
0.079027
0.078882
0.078035
0.077653
0.077149
0.076956
0.078140
0.078056
0.077485
0.078528
0.077809
0.077853
0.077962
0.077946
0.076757
0.077580
0.078164
0.078510
0.083481
0.088939
0.099929
0.110658
0.128631
0.152784
0.181950
0.214597
0.253193
0.261435
0.294551
0.320330
0.337374
0.347761
0.341178
0.286649
0.164361
0.130358
0.126059
0.119035
0.110716
0.101865
0.091613
0.080484
0.069578
0.058789
0.048050
0.039335
0.028888
0.020643
0.013884
0.007960
0.005261
0.003374
0.002074
0.001022
0.000823
0.000889
0.001189
0.001565
0.001549
0.001272
0.000752
0.000235
0.000031
0.000000
0.000041
0.000045
0.000044
0.000044
0.000065
0.000144
0.000266
0.000474
0.000766
0.000977
0.001157
0.001479
0.001678
0.001955
0.001867
0.001893
0.002082
0.002603
0.002726
0.002563
0.002493
0.002351
0.002342
0.002294
0.002167
0.001953
0.001810
0.001783
0.001817
0.001984
0.035145
0.034671
0.035047
0.034455
0.034931
0.034304
0.034988
0.035957
0.034641
0.034948
0.034833
0.034306
0.033670
0.032300
0.034018
0.032141
0.027918
0.038597
0.043011
0.035427
0.031239
0.031423
0.030300
0.030778
0.030252
0.030483
0.030727
0.031719
0.032767
0.033598
0.031972
0.031951
0.036172
0.042175
0.048168
0.047484
0.063872
0.073844
0.068062
0.068202
0.061536
0.054863
0.057039
0.050872
0.043878
0.044502
0.045039
0.046266
0.049185
0.052225
0.050116
0.049585
0.044587
0.050370
0.051738
0.053013
0.052238
0.056522
0.053535
0.047218
0.050947
0.052736
0.049947
0.053717
0.056083
0.054445
0.051235
0.051861
0.050130
0.056792
0.056600
0.056309
0.056496
0.050538
0.057491
0.059177
0.064342
0.057100
0.054524
0.048923
0.048568
0.047261
0.047038
0.045514
0.047136
0.046421
0.047172
0.047642
0.052407
0.053175
0.056063
0.069006
0.070352
0.073254
0.076030
0.076663
0.076128
0.076906
0.074953
0.083481
0.077954
0.072675
0.072895
0.073426
0.075456
0.070735
0.071218
0.074261
0.074834
0.075049
0.069343
0.070448
0.069487
0.069364
0.070521
0.070106
0.070497
0.070418
0.069944
0.070192
0.069902
0.073018
0.070546
0.072892
0.074720
0.070867
0.069558
0.069015
0.071115
0.071144
0.071562
0.076639
0.076781
0.076454
0.073204
0.076891
0.072764
0.072528
0.072060
0.071493
0.071450
0.069947
0.069846
0.070057
0.069724
0.070604
0.070317
0.066422
0.069076
0.070589
0.070639
0.071165
0.072544
0.072117
0.076386
0.077313
0.076826
0.076551
0.076321
0.080736
0.075719
0.076621
0.080170
0.076759
0.076736
0.076073
0.075832
0.075820
0.080123
0.076155
0.076681
0.081421
0.082028
0.081380
0.082418
0.078163
0.082170
0.081772
0.081320
0.081410
0.082465
0.077871
0.077248
0.077250
0.076535
0.076654
0.063395
0.079244
0.079182
0.076333
0.077223
0.077468
0.077426
0.077801
0.077957
0.077164
0.076286
0.076445
0.076207
0.076380
0.077562
0.081006
0.077696
0.079803
0.079313
0.080285
0.079547
0.080801
0.079516
0.079851
0.079250
0.079046
0.079210
0.079660
0.079274
0.077527
0.077165
0.086507
0.085475
0.086190
0.087156
0.087166
0.083400
0.081011
0.081528
0.079650
0.080704
0.078179
0.081182
0.082005
0.079881
0.084425
0.082628
0.080028
0.082988
0.082974
0.083419
0.082437
0.083089
0.082597
0.082366
0.082566
0.079568
0.082291
0.080023
0.091617
0.082069
0.082366
0.083128
0.083495
0.079473
0.081078
0.090380
0.083582
0.081180
0.081749
0.080748
0.079928
0.078886
0.078334
0.088120
0.088600
0.075147
0.074267
0.077491
0.067747
0.061659
0.069526
0.065474
0.060341
0.062577
0.071084
0.080767
0.078284
0.080393
0.074148
0.081380
0.072082
0.072253
0.064785
0.058823
0.056568
0.064672
0.066619
0.064692
0.073084
0.068672
0.072844
0.072561
0.074090
0.073101
0.071163
0.071631
0.072318
0.072399
0.073291
0.071047
0.070421
0.064530
0.064129
0.064690
0.063850
0.064489
0.064623
0.063153
0.062599
0.060763
0.061111
0.060825
0.068003
0.068188
0.060733
0.060120
0.060212
0.059858
0.059311
0.061296
0.057628
0.058653
0.061910
0.062381
0.062615
0.060336
0.060273
0.060707
0.060403
0.062963
0.060839
0.059782
0.059657
0.059255
0.059068
0.060219
0.059978
0.059227
0.058511
0.059766
0.058245
0.057676
0.058204
0.059727
0.059268
0.059722
0.060969
0.060587
0.060878
0.063457
0.060912
0.061093
0.061702
0.063100
0.063342
0.060663
0.060422
0.060751
0.060361
0.059841
0.059045
0.059421
0.059724
0.060298
0.058758
0.059162
0.060730
0.060282
0.058014
0.062395
0.057973
0.057830
0.058316
0.058157
0.058209
0.058498
0.058296
0.057723
0.059003
0.058932
0.058737
0.076738
0.058516
0.058531
0.058118
0.058786
0.058893
0.058259
0.056855
0.057408
0.057916
0.059155
0.058561
0.058201
0.059226
0.060750
0.059827
0.058921
0.058504
0.058428
0.057811
0.056974
0.057361
0.058896
0.057322
0.057212
0.056718
0.056791
0.056738
0.057170
0.059339
0.064268
0.064747
0.065644
0.063889
0.065560
0.065853
0.059343
0.060618
0.071101
0.068425
0.060141
0.060883
0.061387
0.071224
0.071638
0.072138
0.059689
0.059076
0.061595
0.063081
0.067230
0.071978
0.061038
0.064513
0.066107
0.073033
0.071811
0.072493
0.072937
0.062011
0.062276
0.066856
0.066183
0.070598
0.070711
0.069024
0.067350
0.068901
0.069296
0.060285
0.063789
0.077926
0.108565
0.156270
0.235027
0.288046
0.333766
0.364133
0.397808
0.379583
0.336348
0.276531
0.198034
0.140275
0.115664
0.097890
0.089738
0.082301
0.075814
0.075969
0.076093
0.074613
0.074786
0.073378
0.074768
0.073963
0.074328
0.075326
0.074885
0.075187
0.078221
0.078710
0.078348
0.079571
0.082879
0.084136
0.086853
0.080637
0.080871
0.076006
0.091499
0.092527
0.096367
0.097004
0.096891
0.095524
0.113196
0.118519
0.120849
0.124127
0.123626
0.124577
0.125832
0.130463
0.129677
0.130941
0.129205
0.127255
0.124455
0.119113
0.123299
0.124366
0.125690
0.122648
0.125825
0.124579
0.124251
0.118240
0.121923
0.122508
0.121290
0.116726
0.121564
0.121922
0.121775
0.121164
0.121739
0.121808
0.121548
0.120191
0.121329
0.121308
0.120825
0.121391
0.120098
0.120165
0.120369
0.119725
0.116504
0.120993
0.116885
0.120305
0.121109
0.120690
0.120789
0.120496
0.121831
0.119147
0.121379
0.120520
0.117444
0.117207
0.117654
0.120423
0.121427
0.118317
0.121615
0.117219
0.117472
0.117778
0.117275
0.117480
0.116656
0.119734
0.117111
0.117471
0.117842
0.116955
0.116663
0.117684
0.117061
0.116565
0.116845
0.117262
0.118035
0.117974
0.118732
0.118897
0.120587
0.120254
0.120692
0.118259
0.118309
0.118441
0.117920
0.117770
0.118316
0.117792
0.117911
0.118253
0.117626
0.117998
0.117670
0.116362
0.121056
0.120206
0.120120
0.118539
0.118468
0.122018
0.120713
0.120712
0.121648
0.120815
0.122525
0.121428
0.121174
0.121409
0.121592
0.121450
0.122351
0.121228
0.121887
0.122674
0.122027
0.121223
0.123703
0.122368
0.071013
0.071264
0.071545
0.069766
0.073266
0.072842
0.071965
0.076908
0.070749
0.069605
0.070180
0.070547
0.071477
0.073460
0.074250
0.075328
0.072425
0.073366
0.075085
0.077348
0.073553
0.073122
0.072913
0.071161
0.071750
0.069875
0.070205
0.072960
0.072375
0.072486
0.075021
0.075731
0.075311
0.077132
0.076873
0.072018
0.071337
0.076298
0.069553
0.068928
0.069427
0.071426
0.071651
0.074393
0.070291
0.069959
0.074658
0.071702
0.070972
0.071221
0.071767
0.069436
0.070485
0.072249
0.070240
0.068924
0.069322
0.071414
0.071607
0.068567
0.069287
0.070318
0.069287
0.069453
0.069741
0.069766
0.068535
0.068775
0.068556
0.068996
0.068617
0.068584
0.068875
0.068432
0.067617
0.068385
0.068707
0.067937
0.066965
0.067972
0.067173
0.067985
0.066648
0.068844
0.068204
0.067387
0.066965
0.067506
0.066985
0.067201
0.067743
0.068608
0.069493
0.069436
0.068521
0.069496
0.069221
0.068301
0.067859
0.068020
0.063428
0.063724
0.064659
0.063682
0.064834
0.064581
0.062258
0.061319
0.061531
0.063824
0.063630
0.062211
0.061807
0.061390
0.061011
0.062726
0.061335
0.062628
0.061733
0.060599
0.061296
0.061871
0.062161
0.061643
0.066884
0.066484
0.065118
0.063315
0.059833
0.060337
0.061507
0.060932
0.058341
0.059127
0.059736
0.058120
0.062192
0.065094
0.060639
0.060524
0.060794
0.060227
0.060273
0.059924
0.063529
0.063610
0.061607
0.062833
0.061818
0.064376
0.062208
0.062193
0.059861
0.058357
0.060419
0.060430
0.059635
0.056729
0.058420
0.058732
0.058781
0.058780
0.059047
0.057099
0.056322
0.055650
0.056629
0.056794
0.058206
0.059054
0.057634
0.057452
0.059128
0.058261
0.058263
0.058655
0.058722
0.060821
0.058682
0.061825
0.059287
0.059469
0.059333
0.059786
0.059347
0.059837
0.059793
0.060204
0.060076
0.060006
0.060143
0.060046
0.060085
0.060352
0.060532
0.062031
0.062417
0.060275
0.060239
0.060310
0.058878
0.059145
0.061635
0.060577
0.062092
0.061794
0.067086
0.077125
0.092227
0.113349
0.175825
0.217945
0.309430
0.350082
0.383766
0.389359
0.387317
0.340172
0.278072
0.212184
0.167909
0.136214
0.125638
0.115146
0.104262
0.091519
0.086895
0.098143
0.099574
0.096996
0.096350
0.094502
0.096964
0.095108
0.094438
0.095187
0.096206
0.093373
0.097146
0.097318
0.083686
0.080145
0.095977
0.096632
0.093219
0.085938
0.094092
0.088722
0.080189
0.075857
0.075116
0.074590
0.075994
0.076828
0.086477
0.077170
0.079310
0.076587
0.077024
0.076723
0.073664
0.075255
0.077133
0.075477
0.075429
0.075963
0.076060
0.081055
0.074905
0.084794
0.072333
0.094414
0.095994
0.097388
0.098426
0.099429
0.098806
0.093940
0.098094
0.096957
0.096044
0.096661
0.096029
0.097923
0.096780
0.095370
0.098769
0.096802
0.091900
0.096348
0.095893
0.096624
0.096996
0.098403
0.097157
0.096458
0.095862
0.098988
0.095855
0.097780
0.097188
0.093154
0.099733
0.095926
0.098345
0.100013
0.101348
0.096772
0.100184
0.099147
0.100349
0.100816
0.096118
0.100541
0.099224
0.098254
0.091318
0.103541
0.101203
0.100033
0.100076
0.095134
0.099653
0.100141
0.095862
0.093544
0.095568
0.095753
0.095599
0.099199
0.094779
0.097318
0.099890
0.095955
0.102429
0.085803
0.084141
0.101298
0.102015
0.100752
0.101967
0.104194
0.104434
0.104618
0.104166
0.102332
0.103015
0.104677
0.096606
0.095368
0.098477
0.096920
0.095726
0.097091
0.096400
0.096353
0.100623
0.099555
0.093779
0.092496
0.099695
0.099527
0.094022
0.093127
0.098813
0.098520
0.094762
0.095670
0.095306
0.094262
0.101304
0.089925
0.092865
0.093716
0.093402
0.096408
0.093436
0.095884
0.095543
0.097852
0.096298
0.095052
0.090570
0.093050
0.094756
0.094105
0.094931
0.093735
0.093657
0.092814
0.097007
0.097499
0.098006
0.099661
0.096799
0.097420
0.094554
0.087950
0.090122
0.088252
0.091245
0.090361
0.095219
0.093816
0.093048
0.091691
0.073970
0.094530
0.093893
0.091758
0.100979
0.086607
0.090620
0.088304
0.078249
0.094733
0.096034
0.074825
0.097460
0.097504
0.098670
0.094992
0.093253
0.100636
0.096521
0.093533
0.095814
0.098138
0.097771
0.098495
0.097935
0.098788
0.098978
0.095899
0.095814
0.095828
0.100242
0.099443
0.102172
0.099845
0.096732
0.096736
0.104307
0.095739
0.100887
0.097238
0.102948
0.102423
0.102999
0.101980
0.103131
0.098427
0.101806
0.101325
0.099162
0.098055
0.095171
0.098698
0.099187
0.095679
0.093163
0.094421
0.094760
0.096010
0.096040
0.076778
0.082125
0.091137
0.091776
0.091206
0.091386
0.092490
0.090944
0.093354
0.100930
0.098414
0.101035
0.102366
0.102073
0.100802
0.101599
0.100256
0.099195
0.095062
0.093999
0.096483
0.094023
0.096127
0.094307
0.093506
0.095421
0.098093
0.098279
0.099147
0.097657
0.094661
0.093035
0.093112
0.094787
0.097640
0.097235
0.097398
0.097574
0.096992
0.096925
0.098765
0.098217
0.098536
0.094269
0.097380
0.097355
0.093895
0.096409
0.091258
0.091426
0.091221
0.090460
0.091049
0.101184
0.105933
0.098947
0.102766
0.109828
0.117381
0.126362
0.135003
0.164325
0.167695
0.171181
0.173656
0.312250
0.419675
0.421384
0.390094
0.392585
0.395118
0.309307
0.286397
0.249021
0.224484
0.202842
0.181472
0.159943
0.146121
0.141214
0.131597
0.129750
0.127506
0.124809
0.124955
0.121834
0.122294
0.119805
0.119258
0.123304
0.118808
0.120080
0.114792
0.069018
0.071679
0.083926
0.099498
0.103054
0.112042
0.114903
0.081359
0.116088
0.115745
0.112670
0.103973
0.078818
0.074441
0.077992
0.078643
0.077462
0.078525
0.077294
0.095003
0.107277
0.104672
0.066121
0.059590
0.066870
0.066018
0.065867
0.067136
0.066709
0.066823
0.066286
0.065309
0.061709
0.068310
0.068305
0.066890
0.065673
0.066629
0.070413
0.071267
0.070024
0.067805
0.065933
0.063211
0.067996
0.066390
0.066297
0.051098
0.051020
0.055334
0.056072
0.056871
0.056333
0.056480
0.052827
0.047464
0.057205
0.048116
0.049716
0.057805
0.046509
0.047774
0.048565
0.048901
0.048764
0.048366
0.098353
0.091546
0.100297
0.100614
0.096101
0.092791
0.082710
0.089439
0.092887
0.089251
0.083822
0.089519
0.086203
0.075029
0.078803
0.076139
0.083164
0.071615
0.081388
0.078622
0.079488
0.092024
0.083852
0.091078
0.086264
0.070250
0.071205
0.078224
0.083368
0.086438
0.072931
0.068367
0.076475
0.060523
0.052931
0.083175
0.082807
0.081717
0.079361
0.081808
0.084555
0.084150
0.081689
0.083417
0.082076
0.079708
0.080304
0.080138
0.079895
0.079629
0.081608
0.082503
0.080094
0.077350
0.084017
0.078593
0.081633
0.079170
0.078356
0.080152
0.073920
0.077484
0.078175
0.077594
0.077353
0.072954
0.077199
0.081391
0.080015
0.074617
0.073417
0.075249
0.076017
0.076315
0.078664
0.081085
0.077832
0.079127
0.081076
0.081281
0.080098
0.080032
0.079017
0.072048
0.081478
0.076393
0.079994
0.074960
0.078867
0.079233
0.076152
0.074990
0.075242
0.074623
0.074037
0.078528
0.084075
0.081931
0.082067
0.079878
0.083113
0.082390
0.081790
0.080198
0.086285
0.083872
0.082853
0.083191
0.104031
0.095289
0.092820
0.094737
0.098586
0.088330
0.078265
0.083458
0.066507
0.064329
0.072281
0.068502
0.063200
0.065530
0.062671
0.061349
0.068313
0.068816
0.069329
0.077345
0.081324
0.091494
0.088481
0.091045
0.078804
0.081612
0.085857
0.090719
0.093738
0.083257
0.076256
0.090709
0.086736
0.083018
0.075195
0.080444
0.078959
0.072179
0.071640
0.069200
0.068442
0.069312
0.063454
0.062132
0.063158
0.063595
0.062803
0.061714
0.064437
0.066270
0.067033
0.066159
0.065808
0.065410
0.064492
0.061577
0.060447
0.061260
0.061567
0.062076
0.063168
0.063883
0.067494
0.063732
0.061567
0.060165
0.062120
0.062306
0.063430
0.062942
0.059696
0.060972
0.075510
0.061213
0.057229
0.058655
0.059211
0.107192
0.103964
0.104733
0.103924
0.100900
0.095849
0.101744
0.100550
0.095688
0.093123
0.089697
0.089578
0.100849
0.101543
0.100005
0.094721
0.099838
0.099610
0.103668
0.102941
0.101104
0.099866
0.094654
0.095668
0.100519
0.112069
0.112154
0.110177
0.103744
0.098532
0.101188
0.099157
0.105434
0.108225
0.107737
0.131825
0.105694
0.124090
0.110041
0.107308
0.108047
0.106409
0.110709
0.109844
0.118751
0.123990
0.113326
0.103714
0.112268
0.114518
0.108677
0.112509
0.112851
0.079663
0.084197
0.079936
0.082355
0.082048
0.081801
0.082178
0.081243
0.081437
0.081658
0.082979
0.080492
0.079844
0.080129
0.080555
0.079747
0.079682
0.080196
0.082591
0.081257
0.082693
0.083220
0.082783
0.081903
0.082664
0.083209
0.083120
0.081275
0.079810
0.082273
0.078810
0.080671
0.082325
0.082020
0.078879
0.078840
0.083810
0.078680
0.081184
0.079589
0.087837
0.079481
0.415034
0.350138
0.289570
0.231189
0.183493
0.143212
0.116474
0.095096
0.084348
0.083632
0.077952
0.081813
0.071469
0.084135
0.092261
0.089809
0.095987
0.072007
0.090025
0.067870
0.086952
0.075029
0.076664
0.078730
0.078780
0.082423
0.080406
0.077801
0.081505
0.083591
0.086082
0.077501
0.078300
0.078216
0.072611
0.078451
0.080040
0.081243
0.095652
0.096822
0.093158
0.082651
0.094456
0.081724
0.094561
0.097129
0.097916
0.094754
0.096536
0.090794
0.090910
0.074289
0.096021
0.075013
0.094743
0.096484
0.076223
0.075577
0.101019
0.099544
0.099216
0.099101
0.101803
0.091882
0.098796
0.098834
0.097708
0.096267
0.097935
0.086506
0.083988
0.077280
0.098460
0.096546
0.098303
0.096925
0.098445
0.097043
0.094252
0.094523
0.096936
0.087937
0.078837
0.092732
0.095140
0.086172
0.086351
0.080027
0.099700
0.089414
0.099335
0.100871
0.097546
0.100337
0.104438
0.099289
0.100727
0.100091
0.100385
0.103176
0.101943
0.102368
0.103595
0.094801
0.089792
0.104637
0.104111
0.104721
0.104296
0.103759
0.103864
0.103100
0.101588
0.093883
0.101793
0.094832
0.101081
0.093822
0.102490
0.103378
0.102087
0.101681
0.101160
0.105158
0.097439
0.103003
0.104792
0.093660
0.098754
0.088159
0.090959
0.090240
0.088574
0.088081
0.089060
0.088473
0.099529
0.098529
0.088161
0.100520
0.098603
0.088894
0.098742
0.102024
0.102548
0.101266
0.102398
0.098816
0.092926
0.099080
0.091459
0.090994
0.097465
0.093134
0.091733
0.091805
0.100006
0.099491
0.100328
0.109614
0.098807
0.094175
0.101177
0.100988
0.101303
0.102823
0.101402
0.101428
0.101386
0.108750
0.102012
0.093579
0.102878
0.112202
0.093291
0.095056
0.094079
0.095144
0.094912
0.093100
0.096352
0.102745
0.094315
0.101684
0.105107
0.102652
0.102600
0.102661
0.106252
0.100346
0.103162
0.103888
0.103282
0.105021
0.095754
0.101691
0.102349
0.095628
0.102191
0.102278
0.101755
0.101786
0.099744
0.098529
0.100063
0.095905
0.096092
0.095597
0.096862
0.099963
0.095934
0.096456
0.095377
0.099009
0.100663
0.094689
0.101037
0.100768
0.102164
0.101529
0.095100
0.094668
0.093944
0.093805
0.092633
0.101079
0.100611
0.090895
0.094438
0.095807
0.095770
0.093852
0.096263
0.093896
0.092375
0.101219
0.103525
0.101704
0.102982
0.103122
0.099964
0.094117
0.091162
0.097414
0.094240
0.092711
0.094626
0.093819
0.094366
0.094707
0.093363
0.094928
0.097834
0.096794
0.091960
0.092719
0.092233
0.099476
0.091123
0.091960
0.095230
0.095051
0.097607
0.100030
0.100417
0.094977
0.099834
0.102404
0.100259
0.094420
0.099857
0.099435
0.091037
0.103003
0.089009
0.099840
0.083359
0.073199
0.072347
0.073162
0.073808
0.076608
0.095270
0.099533
0.098400
0.099997
0.097124
0.097974
0.098448
0.096779
0.095093
0.096244
0.097344
0.090200
0.082414
0.101521
0.094214
0.100252
0.102928
0.095815
0.103455
0.102696
0.102783
0.095441
0.093404
0.101583
0.100463
0.101757
0.093857
0.095900
0.094996
0.097851
0.098279
0.100406
0.097011
0.095338
0.094932
0.093172
0.096800
0.093573
0.094293
0.096067
0.099737
0.095539
0.095051
0.093545
0.100559
0.099511
0.079775
0.095532
0.096567
0.097728
0.092481
0.098451
0.094758
0.093512
0.094677
0.096660
0.092861
0.097021
0.093723
0.089885
0.090147
0.094421
0.090349
0.090860
0.090655
0.094167
0.094996
0.089333
0.090420
0.091267
0.094298
0.094734
0.098294
0.099239
0.098746
0.100241
0.098481
0.095076
0.099727
0.095372
0.095235
0.095249
0.098094
0.099842
0.100172
0.094180
0.095449
0.099964
0.099433
0.095382
0.095466
0.095125
0.078417
0.078669
0.096636
0.078529
0.093481
0.099642
0.098865
0.077427
0.077592
0.078652
0.098662
0.095511
0.095721
0.095118
0.078045
0.078578
0.101822
0.095930
0.095544
0.095720
0.095229
0.101818
0.101543
0.102591
0.098983
0.101377
0.101290
0.098759
0.102915
0.102347
0.100264
0.101952
0.102097
0.101783
0.094126
0.100992
0.080041
0.101176
0.100776
0.100214
0.088911
0.090125
0.095188
0.078441
0.078332
0.099374
0.096137
0.079544
0.082778
0.078351
0.096527
0.095478
0.095666
0.094799
0.078327
0.096792
0.094699
0.094503
0.079220
0.080219
0.096083
0.096542
0.097086
0.095707
0.096138
0.091251
0.094252
0.094737
0.092706
0.077951
0.092904
0.079274
0.079524
0.079721
0.087662
0.079901
0.093890
0.094349
0.094833
0.095906
0.094010
0.113862
0.113385
0.115948
0.115400
0.115083
0.115674
0.114798
0.114913
0.114714
0.113640
0.114893
0.114118
0.114443
0.114163
0.114333
0.113649
0.113865
0.113501
0.112326
0.111254
0.112291
0.111683
0.111298
0.111885
0.112290
0.112298
0.111610
0.111905
0.113723
0.111347
0.113227
0.113244
0.112614
0.112676
0.112256
0.112176
0.112208
0.112528
0.113517
0.112941
0.112787
0.112422
0.112544
0.112761
0.112066
0.112284
0.112483
0.112368
0.112787
0.112201
0.112451
0.113181
0.112240
0.112995
0.113654
0.113458
0.112992
0.112434
0.112830
0.112128
0.111675
0.113096
0.113255
0.113200
0.113431
0.112724
0.112510
0.113367
0.113830
0.114400
0.114549
0.114166
0.114440
0.113970
0.114040
0.113980
0.113993
0.113136
0.114459
0.113774
0.114622
0.112697
0.111545
0.110869
0.110565
0.110495
0.113738
0.113363
0.114215
0.113313
0.113678
0.115071
0.111400
0.114493
0.111905
0.113157
0.111415
0.111317
0.113673
0.113194
0.114375
0.110856
0.111197
0.110878
0.111179
0.113375
0.113830
0.113602
0.113226
0.113316
0.113861
0.115171
0.114079
0.113721
0.114052
0.113652
0.113745
0.114361
0.114079
0.113924
0.114109
0.114215
0.113731
0.114013
0.113882
0.114056
0.114138
0.114699
0.114013
0.112663
0.114029
0.113559
0.114269
0.114000
0.114621
0.112365
0.113482
0.114902
0.113868
0.114995
0.114710
0.114664
0.114868
0.114381
0.114319
0.113999
0.113467
0.113438
0.113503
0.113721
0.114052
0.113826
0.113186
0.113524
0.114461
0.114578
0.114239
0.113975
0.113903
0.113897
0.113833
0.114212
0.114059
0.113543
0.113537
0.113492
0.113437
0.113353
0.113283
0.113062
0.113655
0.113855
0.114005
0.113638
0.113551
0.112322
0.112392
0.111894
0.111144
0.111251
0.111197
0.110815
0.111671
0.112208
0.111058
0.111442
0.111426
0.111795
0.111332
0.110316
0.111816
0.111424
0.112396
0.111475
0.111180
0.110957
0.111276
0.111991
0.111561
0.111149
0.111467
0.111973
0.112591
0.111761
0.112107
0.112091
0.111976
0.112635
0.112663
0.112460
0.112809
0.112791
0.112456
0.112808
0.113231
0.113777
0.112467
0.113144
0.113614
0.112817
0.112632
0.112678
0.113367
0.112764
0.112080
0.112728
0.112528
0.111377
0.111618
0.113047
0.112730
0.112543
0.111663
0.111361
0.111946
0.111957
0.112687
0.112378
0.112308
0.112406
0.111024
0.111420
0.111791
0.112337
0.112069
0.112404
0.111955
0.112080
0.112679
0.112209
0.112948
0.112578
0.111881
0.112299
0.112519
0.113493
0.113630
0.112638
0.111878
0.113106
0.112523
0.113337
0.112259
0.112550
0.112652
0.112211
0.113085
0.112481
0.114426
0.113784
0.113581
0.112850
0.114339
0.113745
0.115383
0.116454
0.113982
0.114978
0.115868
0.113926
0.113745
0.113246
0.112909
0.113504
0.113287
0.113101
0.113123
0.113083
0.113518
0.112645
0.113049
0.113268
0.112933
0.112868
0.113217
0.113419
0.113472
0.112132
0.111976
0.112192
0.112175
0.113804
0.112988
0.112777
0.113209
0.112362
0.112712
0.112033
0.112887
0.112784
0.112259
0.112918
0.113693
0.112183
0.112984
0.111044
0.113884
0.112719
0.112633
0.113572
0.113026
0.112951
0.113017
0.112619
0.112539
0.111758
0.112047
0.111354
0.111622
0.111172
0.111347
0.111581
0.110944
0.111049
0.111429
0.111630
0.111937
0.111381
0.113612
0.113081
0.112856
0.113376
0.112843
0.112615
0.113023
0.112648
0.112663
0.113675
0.113508
0.112728
0.112900
0.111835
0.111706
0.112491
0.112871
0.112443
0.112513
0.112840
0.113013
0.113461
0.113841
0.113768
0.114000
0.113391
0.110648
0.112013
0.112445
0.113504
0.112832
0.113916
0.113645
0.113519
0.113487
0.113186
0.113016
0.113796
0.111504
0.112457
0.111859
0.111799
0.112966
0.112153
0.113366
0.113437
0.113246
0.112814
0.112237
0.111950
0.112206
0.111777
0.111519
0.110924
0.110876
0.112521
0.111708
0.112603
0.112468
0.111708
0.113058
0.111639
0.112521
0.111750
0.112849
0.113581
0.114040
0.113260
0.114070
0.113194
0.113444
0.112675
0.113271
0.112979
0.113111
0.113081
0.112958
0.112806
0.113049
0.113118
0.113354
0.113780
0.113589
0.113451
0.113234
0.113358
0.112536
0.113006
0.112977
0.113013
0.111963
0.111358
0.111197
0.113813
0.113649
0.111346
0.111589
0.113495
0.111721
0.111934
0.112819
0.112320
0.112196
0.111987
0.111108
0.112618
0.112412
0.112266
0.111772
0.113538
0.111664
0.110839
0.112631
0.113128
0.112933
0.113474
0.112978
0.111260
0.111205
0.112261
0.108047
0.107865
0.108055
0.107895
0.107867
0.107785
0.108179
0.101900
0.106384
0.105570
0.103365
0.106144
0.104463
0.105427
0.105342
0.105530
0.107939
0.105247
0.105617
0.105344
0.104509
0.104694
0.104145
0.105116
0.103319
0.105166
0.106968
0.105274
0.107135
0.116460
0.115878
0.116324
0.109073
0.109018
0.107563
0.106794
0.107762
0.107644
0.107848
0.109249
0.110397
0.115389
0.108142
0.114095
0.108782
0.114201
0.117270
0.117483
0.112074
0.110543
0.105393
0.106712
0.111664
0.109413
0.110227
0.110382
0.111109
0.111694
0.110258
0.110600
0.111377
0.111638
0.111050
0.110384
0.109779
0.109476
0.109039
0.108274
0.109235
0.107629
0.107300
0.109134
0.108720
0.108684
0.109752
0.107094
0.106095
0.111068
0.108156
0.107025
0.106889
0.107010
0.109083
0.106881
0.106872
0.106905
0.106989
0.107040
0.106967
0.107103
0.107096
0.107211
0.107031
0.108764
0.109726
0.110735
0.106293
0.108153
0.111156
0.114099
0.111409
0.109988
0.108290
0.109236
0.112203
0.113533
0.119814
0.119801
0.120165
0.119723
0.119463
0.119590
0.113862
0.117034
0.107557
0.104211
0.108418
0.108221
0.105718
0.107465
0.107847
0.107225
0.107087
0.107073
0.106385
0.105033
0.106690
0.106599
0.105364
0.106596
0.106681
0.106458
0.105339
0.105400
0.106920
0.105299
0.101514
0.106628
0.106701
0.101847
0.101608
0.101780
0.106515
0.107969
0.101563
0.101456
0.107976
0.105686
0.106717
0.104106
0.106658
