0.043541
0.048082
0.046738
0.048688
0.050168
0.049506
0.050598
0.051013
0.050800
0.052611
0.052537
0.051512
0.052077
0.053114
0.051643
0.051215
0.053310
0.053916
0.055681
0.054800
0.052886
0.053031
0.053129
0.055500
0.055834
0.052545
0.054216
0.053620
0.053380
0.053065
0.053170
0.053535
0.050589
0.051638
0.055741
0.053191
0.048904
0.051016
0.052158
0.053869
0.049894
0.049099
0.053012
0.051575
0.052189
0.048527
0.056362
0.049833
0.050778
0.055607
0.048038
0.049083
0.047383
0.041547
0.048141
0.047011
0.048048
0.047612
0.047547
0.047375
0.047386
0.048006
0.047669
0.047692
0.047135
0.046819
0.046389
0.046019
0.044738
0.041832
0.039373
0.038673
0.040741
0.041825
0.043804
0.046802
0.048922
0.053354
0.054846
0.054746
0.054536
0.053825
0.054180
0.054874
0.054998
0.054831
0.054967
0.054748
0.055234
0.054716
0.055161
0.055081
0.054577
0.054475
0.055510
0.055472
0.054464
0.054641
0.055487
0.054684
0.054646
0.055218
0.055116
0.054752
0.055004
0.054380
0.075404
0.142232
0.193092
0.224430
0.236984
0.210263
0.186884
0.174042
0.172186
0.146078
0.165375
0.168994
0.165217
0.172219
0.182964
0.152709
0.172270
0.127564
0.123580
0.123616
0.122205
0.113015
0.121593
0.112405
0.124480
0.125530
0.124088
0.126383
0.125851
0.122823
0.111138
0.112574
0.111761
0.112357
0.112369
0.109581
0.111003
0.110797
0.111189
0.113692
0.114970
0.114246
0.116058
0.115418
0.112231
0.110970
0.111941
0.111863
0.110461
0.111371
0.112121
0.111883
0.112445
0.112003
0.111164
0.111585
0.112381
0.111976
0.110937
0.113059
0.109210
0.113189
0.112466
0.112452
0.114167
0.114918
0.115606
0.127148
0.126633
0.115319
0.116312
0.116210
0.116006
0.116759
0.132064
0.131414
0.119565
0.119597
0.120812
0.135092
0.124798
0.125302
0.139570
0.126633
0.123800
0.128256
0.130006
0.129719
0.147208
0.131616
0.150976
0.152334
0.153772
0.155049
0.156091
0.157378
0.158122
0.159705
0.055332
0.053614
0.053580
0.054235
0.053300
0.055386
0.053790
0.054804
0.057366
0.056826
0.056986
0.055963
0.058628
0.056735
0.058128
0.058493
0.059011
0.058334
0.055811
0.057344
0.055075
0.056518
0.056685
0.053596
0.053945
0.054764
0.054729
0.055035
0.055843
0.054087
0.052170
0.051925
0.049924
0.044739
0.045244
0.044403
0.042552
0.044359
0.042562
0.045406
0.047466
0.044797
0.074275
0.053565
0.052795
0.050649
0.052710
0.055014
0.055181
0.057967
0.055607
0.052905
0.051176
0.053805
0.061261
0.060351
0.057723
0.054311
0.053537
0.073274
0.071308
0.071042
0.067250
0.068846
0.066841
0.067395
0.066298
0.064913
0.065751
0.057867
0.058039
0.062217
0.056337
0.057515
0.057140
0.056777
0.051523
0.051462
0.055112
0.054081
0.055910
0.056293
0.057817
0.053919
0.055062
0.054676
0.067240
0.054847
0.060578
0.056548
0.053445
0.054999
0.054868
0.053742
0.052775
0.052625
0.052862
0.053321
0.056203
0.057085
0.056172
0.056790
0.056657
0.053649
0.055694
0.056440
0.063522
0.053914
0.058942
0.055564
0.059730
0.060003
0.057523
0.059623
0.059443
0.061613
0.058576
0.056951
0.060970
0.062989
0.064612
0.065670
0.069257
0.100227
0.076969
0.068144
0.068045
0.066464
0.070996
0.055094
0.055179
0.058619
0.060265
0.059956
0.069282
0.077633
0.064311
0.065572
0.099300
0.100038
0.103824
0.099734
0.094812
0.094529
0.098370
0.095771
0.136178
0.122345
0.126788
0.115909
0.124958
0.127123
0.126520
0.134269
0.124057
0.129395
0.139120
0.103802
0.103401
0.106864
0.142388
0.115845
0.143708
0.124933
0.124720
0.127051
0.144808
0.127366
0.122054
0.117895
0.115020
0.111581
0.113598
0.113109
0.107366
0.127208
0.130745
0.144730
0.098518
0.101908
0.103101
0.094256
0.092290
0.092441
0.120673
0.108489
0.106572
0.107904
0.135177
0.099882
0.098717
0.097549
0.098068
0.099503
0.096484
0.094661
0.052334
0.045511
0.046344
0.047088
0.046719
0.052945
0.048513
0.047073
0.047684
0.047767
0.048475
0.047649
0.050809
0.049119
0.049922
0.051917
0.051545
0.051953
0.054972
0.055149
0.056763
0.056763
0.057540
0.051906
0.052540
0.052474
0.052804
0.052641
0.052301
0.051761
0.051886
0.051979
0.053118
0.051940
0.052312
0.052374
0.051694
0.051797
0.052670
0.051911
0.052304
0.052053
0.052578
0.052770
0.052800
0.051308
0.051750
0.051307
0.051674
0.050847
0.050584
0.045938
0.045902
0.044735
0.044320
0.044923
0.043239
0.041664
0.043595
0.044078
0.046558
0.045774
0.044027
0.042827
0.041899
0.042495
0.041593
0.041267
0.042807
0.042117
0.042229
0.042192
0.042053
0.032139
0.031935
0.029407
0.028953
0.028892
0.029698
0.028623
0.037577
0.031239
0.037235
0.030591
0.030391
0.029722
0.030795
0.029716
0.028638
0.028750
0.029539
0.031026
0.032126
0.029902
0.027695
0.030048
0.029194
0.028084
0.027048
0.025699
0.026797
0.025131
0.025345
0.025774
0.026210
0.026139
0.025284
0.025580
0.024913
0.024635
0.024546
0.023921
0.024687
0.024525
0.023573
0.023617
0.023533
0.023177
0.022650
0.022534
0.022498
0.022145
0.022245
0.022845
0.022792
0.023464
0.023154
0.022602
0.022284
0.020459
0.022042
0.022475
0.022528
0.022072
0.021334
0.022169
0.023468
0.023732
0.023681
0.022982
0.023116
0.022864
0.021703
0.022189
0.020477
0.020582
0.020351
0.021094
0.020592
0.021536
0.020882
0.019418
0.019559
0.019512
0.020173
0.019371
0.020383
0.018313
0.018982
0.018810
0.018308
0.018220
0.018413
0.018690
0.018566
0.018537
0.018399
0.018195
0.018338
0.018570
0.019026
0.018895
0.018988
0.018821
0.018568
0.018738
0.018066
0.017634
0.018046
0.017767
0.018412
0.018848
0.018164
0.017520
0.012823
0.013205
0.013262
0.012530
0.012610
0.012761
0.012723
0.012755
0.012544
0.012350
0.012468
0.012473
0.012974
0.012435
0.013318
0.012773
0.012368
0.012119
0.012099
0.011836
0.011533
0.011331
0.010893
0.010719
0.010556
0.010389
0.009966
0.010108
0.009635
0.009816
0.009914
0.009870
0.010021
0.010303
0.009972
0.009762
0.009419
0.009819
0.009811
0.010213
0.010354
0.010334
0.010423
0.010629
0.010561
0.010682
0.010400
0.012476
0.012515
0.012634
0.012656
0.012949
0.012989
0.012963
0.013492
0.014227
0.014043
0.013520
0.013923
0.014217
0.013942
0.014002
0.014630
0.014224
0.014051
0.014029
0.013763
0.014897
0.014692
0.015363
0.016154
0.015392
0.015164
0.015933
0.016030
0.015810
0.015918
0.016219
0.016055
0.016403
0.016379
0.016679
0.016758
0.016563
0.016229
0.015517
0.015196
0.016967
0.016729
0.016670
0.017166
0.017201
0.015909
0.017045
0.015618
0.015618
0.018416
0.018203
0.018203
0.018325
0.018284
0.018302
0.018380
0.018274
0.018130
0.018207
0.018061
0.018301
0.018152
0.017870
0.017684
0.017637
0.017393
0.017969
0.017583
0.017904
0.018270
0.017946
0.016989
0.017227
0.017985
0.017106
0.017298
0.017211
0.017094
0.017005
0.017006
0.016978
0.017259
0.017225
0.017215
0.016816
0.016668
0.016524
0.016392
0.016392
0.017376
0.016697
0.016445
0.016913
0.016767
0.015604
0.015408
0.015059
0.014346
0.014076
0.014407
0.014182
0.014541
0.013321
0.012678
0.013043
0.013236
0.013132
0.013020
0.013104
0.013198
0.013611
0.013539
0.013513
0.012949
0.013892
0.013777
0.013787
0.013926
0.014194
0.014176
0.014303
0.014268
0.014464
0.014657
0.014924
0.014960
0.015148
0.014988
0.015077
0.015440
0.015217
0.014820
0.015179
0.014819
0.015011
0.015212
0.015238
0.015019
0.015112
0.014868
0.015043
0.015117
0.015107
0.015385
0.013412
0.013580
0.013215
0.013186
0.013043
0.013009
0.013015
0.012931
0.012953
0.013022
0.013026
0.013124
0.013231
0.013665
0.013963
0.013811
0.013822
0.013707
0.013941
0.013908
0.014173
0.014280
0.014405
0.014373
0.014411
0.014213
0.014457
0.014610
0.014683
0.014719
0.014646
0.014710
0.014909
0.014868
0.014750
0.014835
0.015427
0.015239
0.015116
0.015474
0.015326
0.015478
0.015506
0.015305
0.015605
0.015962
0.016088
0.016722
0.017150
0.017262
0.016841
0.017234
0.017322
0.019401
0.019519
0.019201
0.017755
0.018076
0.018205
0.018301
0.018336
0.018371
0.017855
0.018381
0.018572
0.018606
0.018635
0.018587
0.018270
0.019290
0.019032
0.018856
0.019003
0.018812
0.018437
0.019042
0.019182
0.019725
0.019429
0.020576
0.020447
0.020343
0.020088
0.019994
0.020270
0.020702
0.020462
0.020908
0.020946
0.021906
0.022617
0.023263
0.022932
0.022610
0.022624
0.022936
0.023282
0.023513
0.023502
0.023481
0.023608
0.023509
0.023302
0.023267
0.022809
0.023455
0.022497
0.023369
0.023807
0.023322
0.023008
0.023240
0.023175
0.023793
0.023680
0.022710
0.022724
0.022789
0.022566
0.022656
0.022757
0.022935
0.023102
0.023137
0.023434
0.023287
0.023326
0.023187
0.023075
0.024240
0.024152
0.023892
0.024976
0.023415
0.023494
0.023234
0.023349
0.023050
0.023040
0.023119
0.023065
0.023242
0.023302
0.023446
0.023320
0.022764
0.023362
0.023296
0.023156
0.023271
0.023306
0.023351
0.023476
0.023532
0.023384
0.023437
0.023400
0.023392
0.023466
0.023329
0.023228
0.023132
0.023575
0.023384
0.023308
0.022946
0.022748
0.022846
0.022509
0.022530
0.022918
0.022115
0.022504
0.022526
0.022582
0.022421
0.022882
0.023045
0.022574
0.021793
0.022172
0.022261
0.021719
0.022295
0.021701
0.022002
0.022122
0.022107
0.022040
0.021922
0.021323
0.021769
0.021943
0.021899
0.021352
0.021034
0.021054
0.021119
0.020799
0.020877
0.021035
0.020903
0.020715
0.021132
0.021233
0.021174
0.020967
0.020744
0.020722
0.020914
0.021266
0.020985
0.066951
0.058567
0.060867
0.059925
0.062156
0.061801
0.055738
0.065867
0.056100
0.056046
0.056516
0.068954
0.067937
0.068695
0.068153
0.067402
0.067385
0.065013
0.062956
0.067695
0.065943
0.067116
0.070319
0.069282
0.068802
0.068737
0.068590
0.068985
0.066103
0.068838
0.063144
0.064759
0.068185
0.060171
0.059649
0.061857
0.062058
0.060190
0.059307
0.061007
0.057335
0.057394
0.054723
0.058223
0.060942
0.055465
0.055309
0.054090
0.054189
0.054614
0.054109
0.060909
0.057685
0.057713
0.059532
0.058167
0.054405
0.061516
0.061201
0.059189
0.062625
0.062768
0.067420
0.059953
0.062638
0.063145
0.063038
0.063380
0.063154
0.063250
0.063359
0.063390
0.063064
0.062797
0.066376
0.066321
0.063111
0.061854
0.061208
0.063238
0.067962
0.060864
0.065464
0.066724
0.060191
0.057125
0.056021
0.056076
0.055877
0.055102
0.055924
0.055924
0.056936
0.056914
0.056725
0.056149
0.054047
0.054737
0.055596
0.055387
0.055464
0.018352
0.018535
0.018112
0.018173
0.017903
0.018262
0.017804
0.018387
0.018505
0.018422
0.018706
0.018586
0.018650
0.018287
0.017923
0.018077
0.017827
0.017747
0.017363
0.016841
0.016697
0.016579
0.016290
0.016177
0.016174
0.016244
0.016298
0.016229
0.016133
0.015811
0.015532
0.015514
0.015808
0.015765
0.015544
0.015549
0.015638
0.015083
0.015278
0.015174
0.014923
0.014963
0.015032
0.015885
0.015314
0.015387
0.014868
0.014918
0.014588
0.014928
0.014941
0.015239
0.093360
0.093207
0.092282
0.092360
0.093555
0.097044
0.093893
0.109461
0.096759
0.092241
0.119840
0.095815
0.142784
0.144737
0.143750
0.110939
0.122778
0.128662
0.128178
0.129406
0.126493
0.134540
0.129696
0.129975
0.109229
0.102138
0.109936
0.109840
0.109913
0.110225
0.105591
0.110435
0.111623
0.107431
0.107340
0.110438
0.112536
0.111878
0.111761
0.107812
0.113704
0.114923
0.112069
0.155427
0.160547
0.158384
0.151946
0.160610
0.159570
0.159641
0.159076
0.158063
0.157623
0.157369
0.152654
0.153514
0.151637
0.151480
0.150983
0.151981
0.133197
0.133470
0.110089
0.115811
0.115776
0.114585
0.116672
0.124568
0.125875
0.156072
0.132209
0.145629
0.137356
0.106888
0.120940
0.093900
0.104473
0.111709
0.094709
0.095791
0.101563
0.094716
0.105298
0.094286
0.105075
0.099121
0.102016
0.103750
0.108991
0.108592
0.136014
0.124390
0.131686
0.116175
0.112091
0.106211
0.107606
0.114835
0.114160
0.008992
0.008846
0.008871
0.008927
0.009145
0.009098
0.009028
0.009033
0.008541
0.008604
0.008773
0.008639
0.008971
0.008410
0.008437
0.008383
0.008132
0.008233
0.007957
0.007847
0.008252
0.008159
0.008198
0.008136
0.008188
0.008312
0.008680
0.008534
0.008747
0.008269
0.008275
0.008216
0.008106
0.008093
0.007423
0.007489
0.007313
0.007545
0.007324
0.007489
0.007542
0.007638
0.007946
0.008299
0.008098
0.008016
0.008131
0.008677
0.008836
0.008469
0.008393
0.008386
0.008523
0.008361
0.008163
0.007100
0.006643
0.006625
0.006293
0.006194
0.005827
0.005708
0.005531
0.005410
0.005206
0.004483
0.004143
0.004154
0.004177
0.004101
0.003873
0.003462
0.003058
0.002761
0.002490
0.002202
0.002142
0.002081
0.002046
0.002057
0.002088
0.002033
0.001985
0.002019
0.002025
0.002157
0.002224
0.002291
0.002326
0.002443
0.002467
0.002364
0.002317
0.002175
0.002030
0.002066
0.002095
0.002035
0.002020
0.002079
0.002520
0.002418
0.002443
0.002452
0.002452
0.002465
0.002440
0.002425
0.002416
0.002434
0.002379
0.002329
0.002337
0.002312
0.002352
0.002254
0.002258
0.001950
0.001911
0.001890
0.001907
0.001891
0.001862
0.001837
0.001843
0.001840
0.001833
0.001801
0.001782
0.001713
0.001703
0.001701
0.001647
0.001627
0.001597
0.001570
0.001555
0.001508
0.001489
0.001406
0.001683
0.001312
0.001546
0.001500
0.001416
0.001016
0.001007
0.000939
0.000885
0.000859
0.000749
0.000834
0.000824
0.000834
0.000845
0.000760
0.000786
0.000795
0.000820
0.000852
0.000899
0.000949
0.001044
0.001104
0.001188
0.001242
0.001272
0.001336
0.001414
0.001489
0.001582
0.001614
0.001649
0.001706
0.001752
0.001800
0.002059
0.001844
0.001842
0.001989
0.001735
0.001515
0.001511
0.001494
0.001496
0.001481
0.001472
0.001469
0.001448
0.002049
0.001479
0.001465
0.002103
0.001466
0.001469
0.001465
0.001453
0.001432
0.001424
0.001436
0.001427
0.001388
0.001371
0.001319
0.001256
0.001244
0.001183
0.001134
0.001066
0.001009
0.000966
0.000890
0.000831
0.000790
0.000738
0.000701
0.000634
0.000574
0.000531
0.000504
0.000509
0.000481
0.000445
0.000407
0.000374
0.000354
0.000325
0.000280
0.000270
0.000251
0.000253
0.000253
0.000265
0.000270
0.000269
0.000256
0.000236
0.000215
0.000207
0.000200
0.000181
0.000172
0.000163
0.000168
0.000154
0.000146
0.000145
0.000133
0.000114
0.000118
0.000110
0.000120
0.000104
0.000103
0.000098
0.000093
0.000084
0.000074
0.000069
0.000062
0.000024
0.000019
0.000016
0.000014
0.000012
0.000005
0.000003
0.000000
0.000004
0.000009
0.000012
0.000017
0.000020
0.000024
0.000030
0.000033
0.000038
0.000042
0.000048
0.000055
0.000063
0.000068
0.000074
0.000082
0.000093
0.000104
0.000113
0.000117
0.000128
0.000134
0.000137
0.000140
0.000145
0.000152
0.000158
0.000162
0.000167
0.000174
0.000180
0.000194
0.000214
0.000224
0.000218
0.000226
0.000240
0.000273
0.000336
0.000425
0.000554
0.000629
0.000698
0.000888
0.000991
0.001372
0.001751
0.002163
0.002407
0.002260
0.002333
0.002483
0.002721
0.002628
0.002837
0.003009
0.002922
0.003089
0.003341
0.003747
0.003678
0.004036
0.004125
0.004323
0.004656
0.004636
0.005156
0.007071
0.007607
0.007884
0.008194
0.008416
0.008701
0.009140
0.009588
0.009738
0.010173
0.010696
0.010443
0.010783
0.011224
0.011317
0.011700
0.011518
0.011979
0.012130
0.012637
0.012331
0.012380
0.012910
0.013040
0.013302
0.013340
0.013630
0.013658
0.013789
0.013936
0.013549
0.013544
0.013808
0.013554
0.013128
0.013345
0.013798
0.013675
0.013530
0.013203
0.012458
0.012758
0.012770
0.012650
0.012585
0.012726
0.012657
0.012720
0.012765
0.012751
0.012824
0.012851
0.012988
0.012957
0.012898
0.013015
0.013475
0.013165
0.013223
0.013486
0.013323
0.012971
0.013003
0.012566
0.012525
0.012543
0.012506
0.012469
0.012233
0.012617
0.012811
0.012836
0.012482
0.012225
0.011895
0.012840
0.013246
0.012826
0.013460
0.013391
0.013259
0.012930
0.013358
0.013320
0.013355
0.013101
0.013310
0.013157
0.013220
0.013207
0.013687
0.013662
0.013414
0.013467
0.013553
0.013257
0.013399
0.013570
0.013478
0.013592
0.013402
0.013389
0.013328
0.013276
0.013260
0.012892
0.012783
0.012351
0.012382
0.012510
0.012582
0.012442
0.012616
0.012555
0.012896
0.012722
0.012155
0.012184
0.012094
0.011973
0.011939
0.011933
0.012037
0.012129
0.011908
0.011814
0.011836
0.011804
0.011771
0.011800
0.011734
0.011821
0.011736
0.011730
0.011671
0.011734
0.011735
0.011884
0.011929
0.011757
0.011829
0.011789
0.011893
0.011956
0.011737
0.011859
0.011808
0.011635
0.011570
0.011552
0.011483
0.011464
0.011372
0.010962
0.010980
0.010799
0.010766
0.010755
0.010850
0.010595
0.010839
0.010610
0.010614
0.010559
0.010601
0.010789
0.010562
0.010465
0.010463
0.010479
0.010427
0.010435
0.010468
0.010432
0.010515
0.010491
0.010485
0.010409
0.010455
0.010385
0.010496
0.010448
0.010770
0.010364
0.010417
0.010403
0.010439
0.010610
0.010639
0.010659
0.010626
0.010495
0.010600
0.010407
0.010990
0.010761
0.010368
0.010695
0.010790
0.010839
0.010984
0.010632
0.010877
0.010664
0.010725
0.010942
0.010920
0.010958
0.010739
0.010782
0.010679
0.010816
0.010775
0.010722
0.010628
0.010608
0.010518
0.010253
0.010483
0.010427
0.010360
0.010274
0.010251
0.010358
0.010593
0.010679
0.010734
0.010647
0.010680
0.010657
0.010639
0.010650
0.010641
0.010632
0.010638
0.010803
0.010950
0.010886
0.010767
0.010676
0.010712
0.010661
0.010672
0.010302
0.010235
0.010370
0.010731
0.010433
0.010637
0.011101
0.010603
0.010544
0.010661
0.010669
0.010685
0.010612
0.010375
0.010711
0.010661
0.010475
0.010469
0.010469
0.010279
0.010166
0.010007
0.010182
0.010115
0.010427
0.010518
0.010537
0.010573
0.010730
0.010770
0.010808
0.010647
0.010658
0.010872
0.010737
0.010915
0.010850
0.010659
0.010848
0.010752
0.010583
0.010238
0.010521
0.010581
0.010427
0.010378
0.010406
0.010352
0.010324
0.010379
0.010281
0.010320
0.010268
0.010260
0.010299
0.010396
0.010433
0.010295
0.010514
0.010512
0.010455
0.010577
0.010679
0.010452
0.010385
0.010358
0.010209
0.010337
0.010408
0.010423
0.010506
0.010481
0.010550
0.010725
0.010877
0.010946
0.011177
0.011062
0.011384
0.011600
0.011872
0.012118
0.012111
0.012364
0.012948
0.013191
0.013433
0.014081
0.014312
0.014498
0.014567
0.014518
0.014616
0.014607
0.014595
0.014511
0.014306
0.014425
0.014346
0.014395
0.014431
0.013823
0.011727
0.012003
0.011677
0.011454
0.011355
0.011223
0.011178
0.011100
0.011083
0.010721
0.010743
0.010704
0.010436
0.010356
0.057186
0.056747
0.060448
0.060316
0.060001
0.059576
0.061843
0.060881
0.060165
0.064709
0.057277
0.061635
0.059380
0.065742
0.057809
0.065017
0.065045
0.064845
0.064995
0.065407
0.065397
0.065906
0.060745
0.064937
0.065520
0.062778
0.060570
0.059474
0.058650
0.062015
0.061252
0.061818
0.066567
0.066987
0.061175
0.059836
0.057603
0.058903
0.060001
0.059781
0.058212
0.066124
0.066872
0.063725
0.069224
0.066037
0.065748
0.065908
0.066205
0.066153
0.066320
0.066355
0.066193
0.061364
0.064264
0.064090
0.062023
0.062360
0.060148
0.059730
0.059630
0.059875
0.059423
0.059425
0.059120
0.058682
0.058963
0.059388
0.060246
0.060114
0.068809
0.084055
0.082718
0.079193
0.075053
0.078598
0.074520
0.073849
0.078766
0.080166
0.080682
0.079721
0.086289
0.091030
0.101798
0.109220
0.124540
0.099853
0.103994
0.101626
0.112667
0.108405
0.108093
0.102698
0.098805
0.089343
0.089397
0.081230
0.079179
0.080973
0.076541
0.077047
0.077676
0.077462
0.074662
0.075519
0.078639
0.079076
0.079481
0.079485
0.080188
0.078843
0.079071
0.078976
0.080980
0.080625
0.079427
0.079178
0.072833
0.072528
0.072146
0.072046
0.072566
0.076360
0.075512
0.074546
0.074969
0.073424
0.075247
0.071882
0.075424
0.072474
0.076033
0.072493
0.074042
0.073761
0.077778
0.077380
0.075323
0.076505
0.077724
0.083707
0.080209
0.080124
0.081205
0.083618
0.078958
0.078555
0.078215
0.081840
0.078981
0.078325
0.082699
0.081322
0.081828
0.081998
0.081047
0.077281
0.075874
0.075668
0.073936
0.076182
0.075149
0.074453
0.074682
0.072038
0.073907
0.071940
0.072815
0.073843
0.073860
0.073691
0.074519
0.075442
0.075532
0.074548
0.074313
0.072993
0.074397
0.074444
0.076455
0.075345
0.074308
0.074840
0.074110
0.072599
0.072754
0.075847
0.074080
0.075569
0.075306
0.075780
0.072925
0.071836
0.071958
0.071562
0.072438
0.071432
0.072497
0.071353
0.075137
0.071392
0.071030
0.074626
0.073241
0.072654
0.073298
0.073618
0.074332
0.073972
0.074766
0.074079
0.074297
0.074651
0.075533
0.074980
0.074872
0.074793
0.075005
0.075039
0.074850
0.074679
0.074986
0.074518
0.074281
0.072783
0.073025
0.073192
0.072549
0.072669
0.076188
0.073122
0.076194
0.073254
0.072511
0.074816
0.073102
0.073549
0.066117
0.064121
0.057529
0.058047
0.057186
0.054842
0.055291
0.054470
0.054394
0.053799
0.054523
0.055361
0.053105
0.056065
0.057375
0.056354
0.056414
0.056582
0.058992
0.056047
0.058662
0.058292
0.054832
0.055141
0.056953
0.059418
0.057373
0.058475
0.057884
0.057679
0.057877
0.058815
0.056842
0.056623
0.057757
0.069096
0.059494
0.060945
0.060488
0.057914
0.059115
0.059493
0.059597
0.060957
0.057413
0.060249
0.060495
0.059999
0.057351
0.060115
0.057529
0.057439
0.059265
0.059298
0.057155
0.059304
0.059214
0.057165
0.056626
0.057522
0.058106
0.058153
0.058444
0.058116
0.058814
0.058496
0.014359
0.014677
0.014402
0.014472
0.014461
0.014228
0.014178
0.013550
0.013894
0.014258
0.013680
0.013420
0.013169
0.013848
0.013665
0.014149
0.013605
0.013454
0.013476
0.013576
0.013570
0.013604
0.013501
0.013701
0.014340
0.014461
0.014465
0.014085
0.014561
0.014110
0.014347
0.014917
0.014225
0.014183
0.014015
0.013532
0.014434
0.014291
0.014079
0.013877
0.013802
0.014115
0.013692
0.013798
0.014324
0.014125
0.014228
0.014046
0.014640
0.014841
0.014272
0.014792
0.014409
0.014756
0.016542
0.015194
0.014383
0.014681
0.014201
0.014298
0.013781
0.013743
0.013425
0.013321
0.013291
0.013223
0.013743
0.013608
0.013554
0.013630
0.014033
0.013919
0.014000
0.014357
0.014357
0.014268
0.014533
0.014744
0.014702
0.014703
0.014745
0.014696
0.013952
0.014043
0.013762
0.013984
0.013216
0.013624
0.013552
0.013472
0.012793
0.012044
0.012340
0.012322
0.011919
0.012317
0.012254
0.012322
0.012349
0.012343
0.012356
0.012538
0.012564
0.058769
0.060257
0.059923
0.060418
0.060073
0.060946
0.060604
0.059041
0.059017
0.061536
0.061557
0.062193
0.062656
0.063348
0.064538
0.065789
0.065768
0.066900
0.059955
0.069162
0.060672
0.060582
0.060620
0.059414
0.061020
0.058256
0.058173
0.061975
0.058892
0.059057
0.059164
0.058714
0.058995
0.069707
0.062468
0.059203
0.060524
0.062518
0.060174
0.063153
0.064827
0.065739
0.063682
0.070203
0.071409
0.069176
0.071527
0.063623
0.063790
0.063979
0.062889
0.063077
0.062956
0.064368
0.064270
0.065091
0.063362
0.064066
0.064458
0.065665
0.067533
0.065880
0.069363
0.066641
0.065653
0.069190
0.070648
0.064890
0.060500
0.063953
0.064000
0.069941
0.060979
0.061539
0.061547
0.062151
0.062243
0.059956
0.060710
0.062353
0.062993
0.062709
0.066734
0.066859
0.065958
0.061502
0.065146
0.065308
0.062624
0.064510
0.064319
0.060833
0.061569
0.063736
0.063709
0.061087
0.060947
0.064617
0.064513
0.061937
0.061606
0.060792
0.059456
0.059056
0.060620
0.057834
0.058885
0.058931
0.057418
0.058632
0.058548
0.058650
0.058974
0.059357
0.060190
0.061082
0.059920
0.060434
0.059768
0.059507
0.059890
0.059817
0.060791
0.060418
0.059653
0.059855
0.058942
0.059736
0.060677
0.059650
0.058423
0.059146
0.058570
0.060041
0.059184
0.058174
0.059183
0.059181
0.060929
0.060726
0.060279
0.060891
0.061271
0.058654
0.058611
0.057652
0.060767
0.061262
0.060093
0.059822
0.061603
0.060737
0.061391
0.058797
0.059025
0.059703
0.061484
0.060883
0.059434
0.059936
0.060220
0.059969
0.060273
0.061528
0.060995
0.061027
0.059143
0.060266
0.058981
0.060251
0.060778
0.061261
0.060882
0.059793
0.060354
0.060339
0.061003
0.061298
0.060378
0.058865
0.060674
0.064908
0.059027
0.066811
0.066814
0.064368
0.063805
0.065617
0.064151
0.065022
0.064697
0.063959
0.063898
0.063270
0.063039
0.063932
0.065400
0.064527
0.070414
0.067455
0.070525
0.073988
0.070020
0.073321
0.068633
0.073128
0.073359
0.075669
0.074218
0.064907
0.070874
0.076883
0.074041
0.077072
0.068166
0.076659
0.072597
0.073629
0.068725
0.067665
0.075589
0.076085
0.067187
0.066920
0.071589
0.076064
0.075743
0.065853
0.064338
0.064741
0.066301
0.064239
0.064481
0.063493
0.064431
0.064121
0.064437
0.065303
0.066568
0.066567
0.067310
0.064438
0.063897
0.063803
0.067884
0.065073
0.066377
0.067624
0.066246
0.064019
0.066406
0.065699
0.063697
0.065748
0.064608
0.065247
0.064692
0.064771
0.065559
0.065567
0.065699
0.066010
0.065843
0.065606
0.066025
0.066449
0.065476
0.065710
0.066353
0.066512
0.066094
0.066204
0.066676
0.066859
0.067131
0.066530
0.066307
0.067007
0.066368
0.066667
0.066540
0.066575
0.067049
0.067702
0.066503
0.066775
0.067396
0.067196
0.066938
0.066884
0.067117
0.067517
0.066009
0.065609
0.066088
0.065507
0.065380
0.064586
0.065169
0.065787
0.065890
0.065729
0.064878
0.065458
0.064580
0.066359
0.065470
0.064933
0.065148
0.064872
0.064610
0.064590
0.064596
0.064727
0.064738
0.064843
0.064728
0.064758
0.064678
0.064751
0.064597
0.056646
0.056832
0.056750
0.055863
0.056624
0.057077
0.058811
0.059489
0.059815
0.056449
0.057348
0.059713
0.058179
0.056184
0.060183
0.060259
0.060367
0.056259
0.053277
0.053040
0.057190
0.060001
0.052898
0.057461
0.059257
0.053006
0.056750
0.052520
0.053090
0.052484
0.056511
0.056711
0.055928
0.056861
0.056618
0.055231
0.056871
0.056076
0.059672
0.059000
0.058913
0.054039
0.059693
0.054452
0.055216
0.058774
0.058953
0.058859
0.059366
0.059128
0.059207
0.058542
0.053394
0.054799
0.054523
0.058156
0.058096
0.058812
0.058787
0.061442
0.054534
0.058981
0.061639
0.060522
0.057890
0.059915
0.059860
0.060072
0.060475
0.060068
0.059978
0.058860
0.059828
0.058322
0.056290
0.056277
0.057083
0.059152
0.059110
0.058913
0.058229
0.059069
0.057187
0.059381
0.059002
0.057587
0.059917
0.056655
0.060478
0.059458
0.055606
0.056408
0.059499
0.059291
0.057223
0.055669
0.057106
0.057177
0.056335
0.061224
0.058684
0.058838
0.057733
0.058548
0.058210
0.059182
0.059105
0.055260
0.059864
0.060254
0.060235
0.059390
0.055326
0.059520
0.054525
0.059672
0.057675
0.059770
0.057793
0.056392
0.058252
0.058248
0.056864
0.056854
0.056410
0.057134
0.058781
0.057587
0.058943
0.055415
0.057088
0.059179
0.059398
0.060435
0.061546
0.061623
0.061784
0.061152
0.060340
0.060191
0.060134
0.060056
0.060207
0.060721
0.061170
0.061019
0.060915
0.060768
0.061063
0.060999
0.059244
0.060094
0.059672
0.058806
0.059950
0.059593
0.059321
0.059629
0.059399
0.054126
0.054495
0.060544
0.062514
0.058244
0.058409
0.058715
0.058594
0.057810
0.058229
0.058984
0.058020
0.060988
0.053804
0.057450
0.058609
0.058593
0.059583
0.059907
0.059707
0.059809
0.060398
0.060495
0.060454
0.060082
0.059499
0.059505
0.060404
0.060352
0.060232
0.060228
0.060289
0.060654
0.059904
0.059582
0.060310
0.059753
0.059324
0.060244
0.060193
0.060456
0.058868
0.059796
0.056856
0.056958
0.056218
0.057518
0.058552
0.058328
0.058183
0.059773
0.055435
0.061490
0.054590
0.055210
0.055237
0.054767
0.061168
0.060939
0.061787
0.060198
0.060233
0.060137
0.058885
0.058520
0.058805
0.058750
0.060757
0.060651
0.059716
0.059291
0.059085
0.059003
0.061677
0.060855
0.061657
0.060827
0.060509
0.056169
0.058497
0.055271
0.064611
0.061479
0.061583
0.057350
0.062734
0.063455
0.061359
0.056479
0.062721
0.059506
0.064265
0.055100
0.056822
0.056966
0.057951
0.056077
0.060302
0.060546
0.056884
0.056888
0.056429
0.059413
0.059108
0.059911
0.059011
0.059471
0.060503
0.059268
0.055707
0.060489
0.060542
0.057691
0.060234
0.057525
0.055457
0.066154
0.055841
0.063566
0.055069
0.060053
0.059936
0.059936
0.059555
0.060205
0.059807
0.057949
0.059858
0.059861
0.059844
0.059663
0.060487
0.060162
0.060776
0.058049
0.059654
0.060979
0.060572
0.061193
0.060635
0.060244
0.060316
0.059870
0.060629
0.060271
0.060448
0.059668
0.059367
0.059866
0.059768
0.059824
0.060208
0.060252
0.060607
0.060141
0.060200
0.060377
0.056665
0.059063
0.057120
0.057031
0.058786
0.061687
0.058158
0.059909
0.061290
0.051479
0.061707
0.055243
0.059828
0.059555
0.058876
0.060582
0.060888
0.058166
0.060540
0.061506
0.061576
0.053030
0.059290
0.060517
0.059885
0.059535
0.059400
0.058689
0.058617
0.054833
0.059369
0.060756
0.054265
0.060537
0.053011
0.063144
0.063507
0.053618
0.054260
0.061995
0.063288
0.057733
0.062574
0.058447
0.059337
0.055817
0.058018
0.059270
0.055804
0.056712
0.055845
0.056267
0.057471
0.058470
0.059986
0.060039
0.060745
0.059334
0.062573
0.064536
0.062825
0.066006
0.064843
0.064650
0.067414
0.063737
0.065455
0.068071
0.066154
0.063546
0.066424
0.060182
0.064755
0.066166
0.066001
0.068349
0.065020
0.065945
0.059388
0.065691
0.060505
0.065615
0.068535
0.069451
0.068454
0.069514
0.069512
0.066344
0.065945
0.063943
0.065579
0.063799
0.059242
0.060128
0.061250
0.059567
0.059379
0.058417
0.063811
0.060404
0.060298
0.060443
0.060404
0.059983
0.065521
0.063689
0.063779
0.064559
0.065370
0.065458
0.064224
0.064379
0.063261
0.063360
0.063833
0.056619
0.063886
0.065378
0.065701
0.056989
0.057390
0.057372
0.059846
0.060560
0.060426
0.059245
0.055933
0.058134
0.058098
0.061365
0.061173
0.060829
0.061012
0.060789
0.059399
0.061297
0.060938
0.060151
0.057748
0.058686
0.060554
0.060270
0.060237
0.060475
0.059048
0.060978
0.060805
0.060573
0.060454
0.057673
0.060009
0.060296
0.063818
0.065574
0.068352
0.066298
0.067153
0.064865
0.064519
0.064674
0.064924
0.064957
0.064762
0.065925
0.057450
0.060305
0.060081
0.067550
0.067237
0.063816
0.066152
0.066996
0.066815
0.067478
0.066648
0.065106
0.061520
0.066068
0.067697
0.068526
0.070544
0.066564
0.069880
0.064314
0.065673
0.065513
0.065954
0.067209
0.067176
0.067074
0.066511
0.066907
0.068192
0.067784
0.071431
0.065934
0.065698
0.067896
0.070846
0.071374
0.067203
0.067838
0.068277
0.070281
0.066183
0.072218
0.068391
0.066440
0.066310
0.067788
0.067718
0.067808
0.067369
0.067535
0.070873
0.067382
0.071348
0.066682
0.066175
0.060110
0.066083
0.065676
0.064484
0.070347
0.062211
0.061687
0.063936
0.065187
0.064188
0.065036
0.060938
0.060057
0.060310
0.060443
0.067808
0.061805
0.062742
0.061486
0.060954
0.059524
0.061232
0.059033
0.061802
0.058879
0.058805
0.059354
0.058899
0.059130
0.058688
0.059894
0.061835
0.061831
0.058603
0.060604
0.061912
0.061662
0.063875
0.061169
0.063771
0.064377
0.060537
0.062190
0.062337
0.060277
0.060377
0.061184
0.061032
0.058950
0.056286
0.056628
0.054432
0.056309
0.056588
0.056342
0.055568
0.055311
0.055356
0.057225
0.055797
0.054918
0.054509
0.055185
0.055755
0.056761
0.055351
0.058813
0.058905
0.057817
0.057673
0.055311
0.056217
0.055925
0.053752
0.055946
0.055825
0.058446
0.057502
0.063273
0.063339
0.062733
0.062534
0.064176
0.063714
0.057763
0.061101
0.063734
0.062909
0.062583
0.062444
0.067568
0.066393
0.062525
0.066580
0.065648
0.061930
0.064711
0.067788
0.067387
0.067050
0.067914
0.066919
0.068778
0.066488
0.066448
0.062450
0.062148
0.062162
0.062778
0.061045
0.059635
0.059778
0.061594
0.062220
0.061780
0.061642
0.062388
0.062033
0.057700
0.057912
0.057948
0.062668
0.057908
0.061127
0.057284
0.058817
0.059072
0.058863
0.058870
0.055657
0.054957
0.054478
0.053643
0.053492
0.056187
0.055621
0.056241
0.053490
0.064498
0.063695
0.065273
0.064744
0.063323
0.054935
0.055079
0.055223
0.055016
0.055009
0.059311
0.061970
0.058563
0.061416
0.063250
0.059535
0.055858
0.055606
0.057267
0.057762
0.055235
0.054337
0.061118
0.059474
0.054872
0.060461
0.060771
0.060225
0.054159
0.055866
0.065994
0.052971
0.052784
0.052472
0.054816
0.058105
0.054182
0.053555
0.053698
0.057973
0.055770
0.063760
0.052388
0.052708
0.060651
0.063003
0.052880
0.052555
0.057577
0.052620
0.055499
0.056778
0.059670
0.057326
0.064723
0.065602
0.064652
0.052710
0.066525
0.065685
0.066278
0.052001
0.057920
0.057479
0.061210
0.058274
0.050168
0.056466
0.060706
0.059296
0.058576
0.055402
0.055991
0.059680
0.059300
0.059354
0.057993
0.057763
0.060551
0.058167
0.059193
0.059700
0.060374
0.063915
0.062488
0.066404
0.051272
0.063145
0.055213
0.055417
0.056553
0.056450
0.055623
0.055831
0.056624
0.056715
0.056049
0.056838
0.056864
0.057370
0.056189
0.058984
0.059922
0.060236
0.056684
0.059753
0.055431
0.055840
0.056301
0.056837
0.055398
0.056988
0.056194
0.056040
0.055995
0.056403
0.056006
0.055118
0.055303
0.054930
0.051234
0.052516
0.051406
0.058777
0.058866
0.063130
0.056548
0.055126
0.061012
0.055142
0.057382
0.057266
0.060111
0.052267
0.058660
0.064033
0.062608
0.061933
0.064358
0.061206
0.057640
0.056970
0.059054
0.061307
0.061169
0.058687
0.061046
0.060739
0.061112
0.059430
0.060432
0.062739
0.062613
0.061322
0.061028
0.059077
0.058992
0.059026
0.058911
0.064121
0.064006
0.063857
0.066302
0.066008
0.060737
0.060937
0.060337
0.068098
0.059089
0.059094
0.059260
0.051763
0.055351
0.064684
0.064673
0.055587
0.058043
0.059102
0.057205
0.057689
0.057263
0.059475
0.060848
0.059745
0.060190
0.059855
0.059992
0.062595
0.062138
0.063081
0.062732
0.062352
0.062841
0.061999
0.062912
0.061528
0.061750
0.061907
0.064254
0.062963
0.062779
0.061719
0.061209
0.060452
0.060769
0.061148
0.061131
0.061159
0.061489
0.061415
0.063224
0.064296
0.063710
0.059254
0.062429
0.058230
0.059238
0.059084
0.067537
0.064727
0.064298
0.069458
0.070081
0.066757
0.067184
0.066943
0.065377
0.067985
0.068101
0.068435
0.069648
0.067709
0.068282
0.070556
0.081400
0.080437
0.080591
0.080889
0.081779
0.081433
0.056852
0.057565
0.057036
0.056646
0.057191
0.057249
0.057400
0.057235
0.057513
0.057447
0.057322
0.082234
0.081630
0.081591
0.082371
0.081796
0.081645
0.081526
0.081718
0.082003
0.082294
0.082367
0.082046
0.081916
0.082018
0.082230
0.082091
0.082377
0.081789
0.082250
0.082144
0.082318
0.058338
0.083262
0.083109
0.082545
0.082414
0.082556
0.083429
0.082637
0.082591
0.082679
0.061022
0.082547
0.081529
0.080570
0.064571
0.081336
0.060025
0.081646
0.081314
0.082064
0.081670
0.077176
0.080022
0.079804
0.079717
0.070121
0.063237
0.063066
0.063176
0.058494
0.063736
0.063325
0.066300
0.066478
0.058394
0.059083
0.081460
0.063868
0.063913
0.064413
0.067959
0.062251
0.065381
0.067692
0.070815
0.070612
0.070900
0.064557
0.071537
0.064884
0.064775
0.063260
0.064362
0.061941
0.062163
0.063309
0.063042
0.062990
0.062372
0.062243
0.062588
0.062479
0.062582
0.065232
0.065462
0.065514
0.065527
0.065296
0.064726
0.065362
0.065816
0.065135
0.065425
0.065384
0.065973
0.065633
0.065809
0.065899
0.066216
0.065987
0.064613
0.063995
0.063045
0.064110
0.062740
0.063288
0.063650
0.063875
0.063599
0.063445
0.063222
0.062721
0.063377
0.065032
0.064635
0.064570
0.065825
0.065077
0.065907
0.066019
0.065105
0.065591
0.065733
0.064444
0.065605
0.065695
0.065782
0.066329
0.065612
0.065873
0.066196
0.066367
0.065970
0.065999
0.066418
0.066421
0.066343
0.065477
0.065698
0.066103
0.065460
0.065256
0.063621
0.065270
0.064775
0.064813
0.063474
0.063429
0.065154
0.063194
0.063728
0.063213
0.065679
0.065645
0.064793
0.062396
0.064099
0.065368
0.063168
0.063521
0.062344
0.062912
0.062311
0.062457
0.062393
0.062682
0.063000
0.062952
0.063061
0.062989
0.062807
0.062322
0.062277
0.062655
0.064590
0.061897
0.062467
0.062534
0.062275
0.062124
0.061401
0.061931
0.061754
0.062963
0.063049
0.063156
0.063201
0.062993
0.062987
0.062972
0.062851
0.061910
0.062421
0.062306
0.061512
0.062121
0.062623
0.062508
0.062097
0.062767
0.061620
0.061800
0.061127
0.062017
0.061737
0.062362
0.062162
0.060447
0.060674
0.060221
0.059873
0.060486
0.060427
0.060462
0.061151
0.061171
0.061224
0.061256
0.061927
0.061550
0.061855
0.061374
0.061497
0.061855
0.060966
0.061192
0.060733
0.060553
0.060211
0.060417
0.060606
0.060410
0.060349
0.059987
0.059704
0.060013
0.060410
0.058479
0.058196
0.058249
0.066300
0.058305
0.058484
0.066340
0.066112
0.058629
0.058756
0.059375
0.059997
0.058878
0.059481
0.060641
0.060345
0.059832
0.060650
0.060263
0.061334
0.060288
0.060736
0.060631
0.060365
0.059919
0.059285
0.060345
0.058977
0.059719
0.059321
0.060111
0.059514
0.060510
0.059897
0.060388
0.060141
0.061328
0.060297
0.060550
0.060347
0.061044
0.061137
0.060993
0.060730
0.060305
0.059284
0.059446
0.060029
0.059825
0.060133
0.060050
0.059500
0.059566
0.059560
0.059676
0.059389
0.059036
0.058905
0.059640
0.059568
0.061271
0.060159
0.060124
0.059633
0.060010
0.059665
0.059957
0.060812
0.060655
0.060494
0.060678
0.060302
0.059998
0.060474
0.061231
0.063635
0.063363
0.063477
0.063476
0.063182
0.062900
0.062615
0.062668
0.062431
0.060304
0.062737
0.062850
0.062933
0.062857
0.062933
0.062187
0.062918
0.061184
0.060802
0.063663
0.063284
0.063312
0.061911
0.062498
0.062574
0.063395
0.062726
0.063452
0.063106
0.062145
0.062401
0.062439
0.062258
0.062958
0.062577
0.062915
0.070172
0.063381
0.063860
0.063089
0.063418
0.063488
0.060816
0.060256
0.060323
0.063094
0.062529
0.060956
0.062735
0.061463
0.063584
0.063699
0.063030
0.064093
0.060954
0.060701
0.061697
0.060135
0.060663
0.061138
0.060421
0.061112
0.060938
0.061096
0.060578
0.060240
0.060714
0.060210
0.059940
0.059454
0.059693
0.061028
0.060749
0.060596
0.060881
0.062424
0.061815
0.061425
0.060982
0.061840
0.061063
0.060831
0.060711
0.060193
0.061077
0.061389
0.061334
0.061497
0.061227
0.061726
0.060012
0.060441
0.060161
0.059879
0.060074
0.059695
0.059730
0.060174
0.058630
0.060050
0.058498
0.059791
0.060104
0.058374
0.058611
0.060239
0.059440
0.060022
0.060060
0.058912
0.059123
0.060167
0.059406
0.059400
0.059698
0.059545
0.060350
0.059910
0.059890
0.059728
0.060104
0.060893
0.060175
0.061780
0.059674
0.060710
0.060105
0.059973
0.061153
0.061667
0.061232
0.061335
0.061769
0.059586
0.059860
0.060106
0.059923
0.058702
0.060126
0.058829
0.059542
0.059395
0.059380
0.059972
0.064430
0.059854
0.059915
0.064963
0.066869
0.059618
0.059754
0.065026
0.065386
0.064001
0.064735
0.065029
0.066408
0.058376
0.066330
0.058481
0.057210
0.059640
0.060862
0.059216
0.060663
0.065474
0.065331
0.060180
0.065698
0.065711
0.060618
0.066033
0.066184
0.064730
0.065807
0.058701
0.067583
0.067697
0.067687
0.065970
0.066030
0.059385
0.060247
0.060891
0.060492
0.060642
0.059955
0.060402
0.061323
0.061045
0.060779
0.060982
0.061002
0.061276
0.061308
0.061226
0.061576
0.061356
0.061270
0.061117
0.062056
0.060423
0.060232
0.060773
0.060798
0.061414
0.060709
0.062276
0.062340
0.062731
0.062181
0.062445
0.061718
0.061512
0.061388
0.061363
0.061975
0.060996
0.060670
0.060887
0.061202
0.061355
0.061303
0.060375
0.060404
0.060294
0.060457
0.060349
0.061081
0.062302
0.060755
0.060471
0.060195
0.060868
0.060536
0.060545
0.060592
0.060686
0.061020
0.060588
0.060805
0.061413
0.061105
0.061637
0.062322
0.057609
0.061862
0.062544
0.061578
0.062431
0.057436
0.057035
0.057135
0.057626
0.056789
0.057975
0.060186
0.061892
0.062280
0.058771
0.057741
0.058106
0.057748
0.057277
0.056836
0.057142
0.057403
0.057235
0.057320
0.061270
0.057307
0.061968
0.057185
0.056886
0.056846
0.057258
0.057324
0.056251
0.059774
0.057132
0.058293
0.058617
0.058476
0.057793
0.058138
0.057897
0.057403
0.057899
0.058639
0.058218
0.058757
0.059350
0.060668
0.060928
0.061745
0.061601
0.059915
0.058755
0.056850
0.057014
0.056037
0.056487
0.056122
0.059205
0.059201
0.059832
0.060240
0.060253
0.058641
0.055686
0.055696
0.056679
0.055664
0.055688
0.058202
0.058156
0.057611
0.058007
0.058307
0.058561
0.058104
0.058487
0.057787
0.058383
0.058160
0.058042
0.058110
0.058377
0.058300
0.059198
0.057862
0.059471
0.058851
0.059228
0.059694
0.061068
0.060174
0.059521
0.060687
0.060727
0.060165
0.060136
0.060738
0.063382
0.066305
0.065383
0.064048
0.063990
0.062598
0.062730
0.059443
0.059813
0.059525
0.062777
0.064368
0.058263
0.062133
0.061004
0.058367
0.058762
0.060468
0.062770
0.060067
0.059466
0.058453
0.058612
0.059878
0.060782
0.060717
0.062043
0.059821
0.057847
0.060896
0.060480
0.058412
0.057768
0.056660
0.054180
0.055266
0.056105
0.057941
0.057376
0.058482
0.057452
0.057804
0.057163
0.057678
0.057821
0.055787
0.056156
0.056326
0.057176
0.056054
0.055893
0.057219
0.057552
0.057178
0.057356
0.057454
0.057632
0.056556
0.056813
0.056885
0.057655
0.057445
0.056261
0.055916
0.055099
0.054798
0.054250
0.057651
0.060578
0.059280
0.054391
0.059718
0.059417
0.059526
0.059008
0.056891
0.056439
0.054592
0.056546
0.059731
0.055043
0.060437
0.057598
0.054832
0.060357
0.060776
0.060421
0.056692
0.055843
0.058524
0.056168
0.055663
0.054387
0.057782
0.055743
0.057267
0.060226
0.055242
0.058429
0.058480
0.059234
0.058758
0.056312
0.056588
0.056658
0.056044
0.056224
0.056310
0.055849
0.056719
0.056923
0.057017
0.063026
0.057596
0.056956
0.059062
0.057924
0.057630
0.058537
0.058121
0.057990
0.057787
0.060756
0.061036
0.059978
0.061765
0.062707
0.063549
0.061844
0.060945
0.060063
0.060914
0.061517
0.061588
0.061602
0.060672
0.061667
0.060440
0.060054
0.060039
0.060096
0.059810
0.059683
0.060074
0.059788
0.060083
0.060077
0.059675
0.059841
0.060011
0.062154
0.063142
0.059189
0.062535
0.062179
0.054174
0.054354
0.060068
0.060475
0.060271
0.056071
0.053929
0.054230
0.053059
0.057317
0.056951
0.056294
0.054267
0.054050
0.057491
0.057385
0.057403
0.058565
0.058096
0.057233
0.057499
0.057478
0.057152
0.057354
0.057223
0.058071
0.057634
0.056144
0.055862
0.057984
0.058325
0.056024
0.055743
0.056653
0.058870
0.058885
0.058838
0.059174
0.060918
0.060046
0.061275
0.057168
0.055435
0.055645
0.056133
0.055979
0.056224
0.055864
0.055954
0.058477
0.055471
0.057808
0.058265
0.057820
0.060817
0.056568
0.057146
0.057277
0.058773
0.059008
0.059832
0.057682
0.057092
0.058212
0.059252
0.059149
0.057841
0.062012
0.056817
0.059186
0.057657
0.057475
0.057350
0.057346
0.056994
0.060288
0.061299
0.064706
0.063191
0.064757
0.062700
0.058310
0.059223
0.058916
0.058954
0.059275
0.058285
0.061169
0.062735
0.061632
0.064342
0.060543
0.060872
0.063817
0.063929
0.061693
0.061512
0.057802
0.061675
0.060781
0.055862
0.059537
0.059890
0.060556
0.060110
0.059694
0.058943
0.059892
0.064988
0.065572
0.065359
0.067906
0.065109
0.069606
0.060686
0.066785
0.068361
0.069102
0.062625
0.062340
0.061146
0.061226
0.062196
0.061003
0.059564
0.060497
0.060562
0.061265
0.059024
0.059003
0.060172
0.059691
0.060176
0.060697
0.060322
0.060008
0.063021
0.062537
0.059449
0.058518
0.055597
0.054457
0.063799
0.063967
0.065472
0.065349
0.063127
0.063072
0.062645
0.058954
0.064906
0.063514
0.065134
0.064759
0.063576
0.063716
0.062564
0.064362
0.065254
0.061158
0.064840
0.068370
0.075999
0.084285
0.073388
0.077687
0.077343
0.072743
0.076670
0.072659
0.072344
0.073591
0.073816
0.073238
0.073863
0.070902
0.070459
0.070628
0.069439
0.070078
0.070062
0.069872
0.070400
0.070841
0.070664
0.070612
0.070994
0.070084
0.071064
0.070252
0.070007
0.070538
0.072401
0.072024
0.072399
0.079774
0.079477
0.078837
0.078506
0.078601
0.077679
0.077439
0.078204
0.081680
0.080664
0.074215
0.078852
0.076263
0.078547
0.077806
0.079842
0.082117
0.079093
0.083235
0.076828
0.076696
0.077434
0.077269
0.073595
0.075983
0.077758
0.078638
0.077930
0.078569
0.078210
0.078021
0.078391
0.077864
0.076971
0.078133
0.086391
0.086325
0.083087
0.082824
0.079650
0.082187
0.080166
0.082865
0.082326
0.080839
0.082439
0.081564
0.081799
0.080913
0.082484
0.084626
0.085494
0.077369
0.076922
0.076467
0.075265
0.075062
0.075345
0.075348
0.075860
0.074233
0.070726
0.074053
0.072792
0.076494
0.077060
0.074962
0.084718
0.078516
0.094973
0.093312
0.099398
0.080985
0.085783
0.084461
0.086705
0.099543
0.081148
0.094640
0.082362
0.090141
0.100324
0.093290
0.100327
0.089969
0.087691
0.085208
0.085957
0.084198
0.083506
0.084206
0.090701
0.078785
0.091118
0.095079
0.095495
0.090209
0.092691
0.086453
0.086317
0.088291
0.087909
0.087839
0.086431
0.088694
0.085006
0.085752
0.085678
0.092831
0.098166
0.091546
0.080516
0.075791
0.062974
0.063010
0.061487
0.065432
0.064718
0.066157
0.065915
0.060089
0.061115
0.060433
0.060282
0.060285
0.059614
0.061752
0.060150
0.059247
0.058309
0.057265
0.057249
0.057487
0.057078
0.058877
0.056323
0.058917
0.057293
0.056939
0.056841
0.058328
0.057732
0.057549
0.057006
0.057522
0.057582
0.058623
0.058113
0.057932
0.058150
0.058175
0.058166
0.057412
0.059596
0.057526
0.059235
0.059490
0.060022
0.060511
0.060444
0.059905
0.060594
0.060149
0.058792
0.059829
0.059899
0.060391
0.063546
0.064476
0.064581
0.057828
0.066452
0.060169
0.059432
0.061343
0.062562
0.060375
0.062590
0.064403
0.062002
0.062661
0.061725
0.063354
0.059144
0.059014
0.060633
0.058849
0.057186
0.060112
0.057947
0.058801
0.058410
0.057242
0.057801
0.062569
0.058196
0.054771
0.057781
0.058292
0.058628
0.058137
0.057867
0.058857
0.055817
0.056812
0.060702
0.063239
0.064299
0.062549
0.064187
0.066793
0.065399
0.064601
0.060023
0.060105
0.055373
0.057080
0.055651
0.054973
0.054797
0.060847
0.059938
0.059932
0.061136
0.060409
0.059629
0.059736
0.060630
0.061173
0.060757
0.056213
0.059705
0.062328
0.061170
0.062520
0.061286
0.062598
0.061320
0.061397
0.061091
0.062542
0.055040
0.060839
0.063943
0.059720
0.059826
0.060650
0.059519
0.052928
0.054111
0.064058
0.056264
0.056362
0.056353
0.059307
0.058006
0.065234
0.063288
0.060855
0.060549
0.064291
0.073847
0.062210
0.062089
0.066817
0.065653
0.073133
0.060962
0.073265
0.077531
0.061772
0.057911
0.058744
0.063837
0.054741
0.053502
0.070701
0.064538
0.056694
0.056000
0.053851
0.055874
0.069523
0.072699
0.066846
0.064703
0.065459
0.063245
0.072360
0.072517
0.067542
0.061988
0.063973
0.060681
0.063931
0.071816
0.075828
0.075413
0.076140
0.076123
0.071220
0.077252
0.075454
0.076674
0.074151
0.072255
0.063092
0.064557
0.072939
0.071943
0.072123
0.061579
0.061730
0.064422
0.068677
0.062011
0.070254
0.070359
0.076078
0.066278
0.065266
0.067677
0.072417
0.064742
0.071346
0.065971
0.073830
0.063179
0.062715
0.062677
0.080900
0.061202
0.060382
0.061683
0.060540
0.084433
0.058172
0.061066
0.059665
0.057079
0.064379
0.061696
0.062217
0.060756
0.059850
0.058666
0.058918
0.058358
0.058016
0.057718
0.062951
0.062122
0.059794
0.058481
0.056787
0.058353
0.057508
0.059335
0.058904
0.062647
0.060426
0.058846
0.056989
0.059208
0.059082
0.058238
0.054932
0.058926
0.059852
0.057489
0.058970
0.058127
0.055118
0.054035
0.054168
0.060564
0.056246
0.054592
0.054895
0.060787
0.062943
0.059289
0.057926
0.059366
0.059031
0.056514
0.057594
0.061876
0.058324
0.055277
0.056243
0.061681
0.061662
0.064282
0.065096
0.063942
0.065662
0.065742
0.059447
0.062935
0.061633
0.064545
0.063586
0.058497
0.062468
0.061427
0.063892
0.064213
0.063749
0.064035
0.058719
0.058738
0.060563
0.059302
0.060396
0.059333
0.061505
0.060542
0.060677
0.061348
0.063330
0.061696
0.064075
0.062536
0.061662
0.061280
0.061755
0.062610
0.061700
0.061703
0.063112
0.065956
0.066728
0.065719
0.066229
0.060639
0.061245
0.062976
0.061115
0.064226
0.060254
0.062822
0.061054
0.060724
0.061117
0.061094
0.060500
0.060464
0.065857
0.058987
0.062230
0.062400
0.061325
0.064068
0.060838
0.063995
0.063894
0.058428
0.064261
0.064782
0.065224
0.065435
0.064621
0.057265
0.064476
0.065050
0.056849
0.057653
0.057695
0.058319
0.058284
0.060960
0.060946
0.057836
0.061613
0.062635
0.063043
0.064741
0.064611
0.063762
0.064109
0.063761
0.061295
0.063736
0.065375
0.062130
0.061508
0.061377
0.064084
0.061923
0.064166
0.061565
0.061212
0.061616
0.061527
0.064038
0.061916
0.061962
0.063445
0.066660
0.063515
0.060875
0.060749
0.060923
0.061682
0.061577
0.061441
0.061613
0.059621
0.058921
0.060467
0.060403
0.060104
0.060735
0.060935
0.058679
0.058691
0.062145
0.060641
0.061988
0.061077
0.061425
0.061953
0.062340
0.060596
0.060879
0.061559
0.061323
0.060809
0.059951
0.064919
0.060450
0.065469
0.059847
0.059780
0.060042
0.056303
0.058389
0.062429
0.062472
0.064800
0.063970
0.060461
0.062672
0.063869
0.062122
0.060572
0.062453
0.062523
0.060258
0.063890
0.058718
0.059402
0.059079
0.059987
0.060667
0.062903
0.060245
0.060446
0.061633
0.061070
0.061736
0.059399
0.059328
0.062023
0.063696
0.061299
0.062120
0.060789
0.062130
0.064019
0.061886
0.062131
0.062093
0.063267
0.064034
0.062635
0.064385
0.064634
0.060547
0.064058
0.060119
0.064441
0.066598
0.066230
0.065033
0.061246
0.063026
0.060839
0.061700
0.060633
0.059940
0.059379
0.060037
0.061330
0.060928
0.060681
0.065381
0.066952
0.066391
0.067036
0.064462
0.061946
0.065280
0.061492
0.061872
0.065246
0.062083
0.061553
0.061785
0.062143
0.061139
0.061561
0.059924
0.060673
0.061365
0.060413
0.061427
0.060982
0.060144
0.060825
0.060604
0.061099
0.060589
0.061473
0.061813
0.061544
0.061077
0.060847
0.061630
0.061500
0.061787
0.062012
0.062095
0.060706
0.059856
0.059469
0.058623
0.058960
0.058378
0.058763
0.060845
0.059637
0.059896
0.059371
0.059580
0.059814
0.060168
0.063315
0.061521
0.061705
0.059953
0.060490
0.058468
0.061304
0.063635
0.064034
0.064548
0.063325
0.061770
0.061096
0.065542
0.060713
0.066180
0.061705
0.065467
0.063848
0.066773
0.067321
0.065240
0.067425
0.065970
0.062984
0.066596
0.061778
0.064143
0.061896
0.065994
0.065217
0.064644
0.062065
0.062186
0.061837
0.063730
0.063344
0.064146
0.058735
0.060787
0.061705
0.061637
0.064347
0.065037
0.063667
0.061654
0.061795
0.062302
0.061981
0.062701
0.063506
0.062281
0.063385
0.062403
0.063168
0.063262
0.062536
0.063313
0.062685
0.064529
0.064780
0.064644
0.062600
0.062365
0.063097
0.062540
0.063403
0.064646
0.063909
0.062424
0.061143
0.063939
0.062382
0.060972
0.061135
0.061332
0.061055
0.062105
0.062107
0.063932
0.064241
0.061184
0.064994
0.060946
0.061618
0.061373
0.061226
0.061546
0.055204
0.059360
0.057589
0.056668
0.059057
0.059894
0.059059
0.059844
0.062621
0.062208
0.060566
0.065217
0.063743
0.065257
0.064199
0.063137
0.062130
0.065412
0.064636
0.064745
0.066141
0.066033
0.064228
0.064141
0.065553
0.064384
0.065200
0.064422
0.064643
0.064913
0.065906
0.061198
0.057388
0.065197
0.063267
0.062226
0.059643
0.061088
0.060918
0.058766
0.058914
0.063440
0.059343
0.060502
0.062470
0.062009
0.060453
0.060071
0.060110
0.061081
0.061013
0.061282
0.062248
0.062432
0.063731
0.059838
0.063357
0.060429
0.060390
0.060169
0.061027
0.063736
0.060865
0.062335
0.060777
0.062253
0.062218
0.064149
0.059934
0.062745
0.061177
0.060130
0.062113
0.064100
0.061331
0.060962
0.060920
0.059990
0.060197
0.062025
0.061960
0.062259
0.063228
0.064005
0.063686
0.063682
0.062453
0.062095
0.060478
0.061271
0.062672
0.061899
0.062029
0.063956
0.062780
0.062290
0.061027
0.060972
0.060690
0.060962
0.060768
0.061516
0.060625
0.061547
0.062496
0.062777
0.062625
0.060720
0.060429
0.061136
0.060776
0.060668
0.062204
0.062287
0.062654
0.062455
0.063462
0.063708
0.062381
0.055473
0.055586
0.061297
0.060250
0.058917
0.061451
0.061327
0.060720
0.060689
0.055094
0.061072
0.059557
0.052324
0.057817
0.060373
0.059818
0.060338
0.058566
0.056616
0.059798
0.058276
0.060924
0.060374
0.059561
0.059732
0.057623
0.058018
0.058822
0.055828
0.059086
0.061943
0.061631
0.058529
0.062995
0.064678
0.061109
0.063360
0.061859
0.060079
0.064090
0.061148
0.058160
0.060145
0.061648
0.059636
0.059634
0.059328
0.060987
0.061257
0.058058
0.058413
0.060394
0.060740
0.060548
0.062569
0.060835
0.062088
0.061976
0.059288
0.059488
0.058047
0.059574
0.058734
0.059710
0.058517
0.060491
0.058418
0.061238
0.064947
0.061945
0.060707
0.061042
0.061733
0.061317
0.061467
0.061948
0.061271
0.061057
0.061359
0.060892
0.062103
0.061165
0.063343
0.063432
0.062391
0.061572
0.062921
0.062533
0.062867
0.062350
0.062370
0.062670
0.062627
0.062793
0.063087
0.062699
0.067538
0.066114
0.060439
0.058682
0.058307
0.058128
0.059601
0.060045
0.059716
0.059206
0.059448
0.061158
0.060540
0.059328
0.057779
0.057731
0.059178
0.058585
0.060031
0.060562
0.061735
0.061113
0.062648
0.062819
0.061184
0.062695
0.061577
0.061068
0.061257
0.061372
0.061406
0.061256
0.061305
0.062532
0.061043
0.062858
0.062599
0.061363
0.061871
0.062127
0.061632
0.062036
0.063001
0.063302
0.062484
0.061263
0.060292
0.061386
0.061395
0.065035
0.061838
0.058227
0.057455
0.057559
0.059354
0.059748
0.059927
0.059399
0.058702
0.059673
0.060168
0.060505
0.061076
0.059808
0.057996
0.061509
0.061401
0.061278
0.061158
0.061493
0.061685
0.061777
0.060949
0.062221
0.062573
0.061894
0.060911
0.061796
0.061504
0.061287
0.061105
0.064944
0.062689
0.062364
0.062242
0.062035
0.061083
0.060588
0.060297
0.059352
0.058957
0.059209
0.059075
0.056884
0.057243
0.057096
0.058572
0.059460
0.059074
0.059780
0.058837
0.059039
0.058383
0.058746
0.059169
0.059663
0.058682
0.058975
0.059788
0.061587
0.060023
0.060003
0.058663
0.059698
0.059252
0.059587
0.059434
0.059516
0.062061
0.061167
0.062268
0.060286
0.061759
0.063052
0.061129
0.062802
0.062623
0.062806
0.056722
0.056810
0.060005
0.057607
0.060155
0.059495
0.058350
0.056311
0.056021
0.058280
0.057690
0.056937
0.057254
0.058092
0.058487
0.059016
0.058876
0.060268
0.059676
0.059795
0.060202
0.060455
0.060366
0.059980
0.059414
0.060080
0.061075
0.059972
0.060546
0.059702
0.060912
0.058434
0.061204
0.061099
0.060527
0.059556
0.059056
0.058633
0.060031
0.060349
0.059870
0.060863
0.061590
0.059752
0.061016
0.060624
0.060752
0.058385
0.061146
0.063362
0.059692
0.059274
0.061701
0.060598
0.060121
0.060338
0.058849
0.060724
0.060950
0.061103
0.060200
0.060379
0.059863
0.065891
0.065726
0.058917
0.059164
0.059909
0.059236
0.058061
0.057506
0.056833
0.057162
0.057975
0.058265
0.058110
0.057971
0.058464
0.058793
0.057481
0.058022
0.057389
0.059975
0.059718
0.056974
0.057684
0.058927
0.057634
0.059453
0.059229
0.062189
0.061764
0.055753
0.062707
0.064952
0.055583
0.056389
0.056095
0.056304
0.063186
0.062244
0.057820
0.057526
0.060908
0.058904
0.061056
0.061224
0.059264
0.059898
0.057916
0.059025
0.058756
0.059183
0.059369
0.060038
0.059927
0.059620
0.061898
0.062671
0.060859
0.060541
0.061843
0.061474
0.059411
0.058665
0.061451
0.059289
0.057674
0.059282
0.057816
0.057708
0.058982
0.062141
0.061950
0.059664
0.059594
0.059459
0.060175
0.061443
0.061536
0.062071
0.060785
0.061165
0.061330
0.061983
0.061924
0.062326
0.063981
0.065159
0.062373
0.070930
0.063721
0.071334
0.070994
0.072629
0.072306
0.065700
0.065953
0.065173
0.066061
0.070352
0.065816
0.074298
0.064396
0.076234
0.070800
0.080766
0.065320
0.060722
0.071478
0.065025
0.059170
0.059551
0.058820
0.064330
0.064514
0.064742
0.064185
0.064675
0.064160
0.063619
0.064771
0.065462
0.065529
0.066424
0.065309
0.066218
0.066120
0.065918
0.062629
0.065616
0.057407
0.055989
0.057724
0.060485
0.061146
0.061551
0.064061
0.063141
0.063099
0.061709
0.060277
0.057315
0.062992
0.060855
0.062798
0.062491
0.062283
0.061659
0.062701
0.063001
0.062784
0.063188
0.063068
0.063407
0.060710
0.059967
0.060928
0.061048
0.059543
0.058285
0.058384
0.057190
0.058862
0.058055
0.053969
0.057690
0.062303
0.062636
0.061063
0.063147
0.059862
0.061646
0.061916
0.062458
0.061916
0.062326
0.062475
0.061425
0.062365
0.060969
0.060956
0.062351
0.062117
0.062376
0.062811
0.063847
0.064691
0.064225
0.064126
0.064167
0.064079
0.064187
0.064420
0.064124
0.062487
0.064091
0.063730
0.064395
0.061573
0.062541
0.063722
0.062784
0.063435
0.062391
0.061320
0.065154
0.062437
0.063036
0.062964
0.062959
0.061991
0.062760
0.060835
0.063058
0.062358
0.062040
0.060910
0.061040
0.060318
0.061073
0.060374
0.061819
0.061187
0.061671
0.060511
0.061092
0.061615
0.061567
0.061276
0.060415
0.060809
0.061625
0.062718
0.062492
0.061539
0.061451
0.061825
0.062132
0.062211
0.061282
0.015847
0.014914
0.015107
0.015627
0.015855
0.015705
0.015170
0.014495
0.014560
0.014080
0.013929
0.013823
0.013952
0.013947
0.013907
0.014078
0.014064
0.013950
0.013901
0.014438
0.013992
0.014006
0.014009
0.013993
0.014657
0.014389
0.014498
0.014633
0.014499
0.014500
0.014496
0.014448
0.014592
0.014488
0.014407
0.014122
0.014278
0.014630
0.014638
0.014779
0.014712
0.014668
0.014648
0.014608
0.014501
0.014393
0.013654
0.014965
0.014808
0.014636
0.014647
0.014526
0.014421
0.014556
0.014414
0.014493
0.014519
0.014634
0.014655
0.014394
0.014706
0.014297
0.014734
0.014854
0.014461
0.013751
0.013626
0.013776
0.013673
0.013517
0.013250
0.013177
0.013147
0.013013
0.013019
0.013142
0.013113
0.013144
0.013036
0.013138
0.013129
0.013350
0.013476
0.013489
0.013402
0.014751
0.013739
0.013594
0.013648
0.014010
0.016101
0.015478
0.014159
0.015054
0.014768
0.015018
0.014310
0.014115
0.014281
0.014370
0.014094
0.012785
0.012886
0.012711
0.012900
0.012735
0.012899
0.012650
0.013062
0.013072
0.012362
0.012401
0.012965
0.013386
0.011441
0.011882
0.011881
0.011459
0.011731
0.011626
0.011535
0.011673
0.011528
0.011504
0.011305
0.011307
0.011174
0.011071
0.011055
0.011019
0.011114
0.011027
0.011044
0.011355
0.011505
0.011508
0.011499
0.011956
0.012187
0.012276
0.012183
0.011912
0.012048
0.012110
0.012212
0.012005
0.012080
0.012150
0.011976
0.011918
0.011897
0.011891
0.011889
0.011869
0.011748
0.011705
0.011546
0.011712
0.011445
0.011244
0.011067
0.011044
0.010878
0.010836
0.011144
0.011308
0.011392
0.011526
0.011834
0.011861
0.012074
0.011978
0.011983
0.012136
0.012158
0.012156
0.012280
0.012281
0.012175
0.012103
0.011946
0.011837
0.011316
0.011005
0.010879
0.010827
0.010793
0.010685
0.010817
0.010772
0.010748
0.010737
0.010787
0.010898
0.010835
0.010775
0.010696
0.010703
0.010678
0.010668
0.010729
0.010726
0.010568
0.010570
0.010882
0.011114
0.010890
0.010879
0.010724
0.010624
0.010541
0.010572
0.010793
0.011141
0.011288
0.011293
0.011490
0.011643
0.011670
0.012551
0.011798
0.012117
0.012167
0.012171
0.011729
0.012022
0.012177
0.011885
0.011845
0.012246
0.012059
0.011990
0.011719
0.011472
0.011395
0.010652
0.010624
0.011083
0.011084
0.011153
0.010960
0.010619
0.010637
0.010407
0.010584
0.010651
0.010684
0.010828
0.010915
0.010903
0.010857
0.010607
0.010702
0.010575
0.010399
0.010588
0.010593
0.010386
0.010551
0.010609
0.010669
0.010617
0.010630
0.010910
0.010892
0.010886
0.010727
0.010941
0.011041
0.011132
0.011224
0.010986
0.011065
0.010915
0.011203
0.011072
0.011206
0.010831
0.010997
0.010973
0.010913
0.010845
0.011639
0.011778
0.011003
0.010700
0.010281
0.010219
0.010051
0.009810
0.009979
0.009728
0.009802
0.009804
0.009911
0.009828
0.009793
0.009916
0.009878
0.009921
0.009940
0.009953
0.009944
0.009968
0.009962
0.009986
0.009964
0.009882
0.009727
0.009746
0.009827
0.010123
0.010241
0.010293
0.010231
0.010314
0.010539
0.010732
0.010726
0.011012
0.010895
0.010930
0.010872
0.010860
0.010735
0.010677
0.010669
0.010668
0.010780
0.010864
0.010922
0.010909
0.011254
0.011326
0.011272
0.011128
0.011150
0.011184
0.011188
0.011196
0.011114
0.011020
0.011222
0.011093
0.011218
0.011201
0.011390
0.011453
0.011282
0.011504
0.011327
0.011312
0.011231
0.011232
0.011197
0.011063
0.010884
0.010704
0.010450
0.010400
0.010342
0.010410
0.010617
0.010640
0.010992
0.010852
0.010985
0.011174
0.011101
0.011169
0.011221
0.011201
0.011324
0.011275
0.010747
0.010785
0.011191
0.011219
0.011043
0.011007
0.011007
0.011173
0.011183
0.011113
0.010897
0.010912
0.010892
0.011121
0.011166
0.011186
0.011182
0.011109
0.011079
0.011163
0.011222
0.011151
0.011113
0.011186
0.011152
0.011105
0.011087
0.011123
0.011102
0.011200
0.011125
0.011067
0.011004
0.010966
0.010969
0.010880
0.010826
0.010810
0.010809
0.010872
0.010918
0.010894
0.010849
0.010837
0.010859
0.010845
0.010799
0.010839
0.010832
0.010762
0.010777
0.010739
0.010691
0.010565
0.010617
0.010560
0.010655
0.010653
0.010576
0.010624
0.010669
0.010573
0.010604
0.010451
0.010638
0.010582
0.010612
0.010662
0.010644
0.010368
0.010435
0.010492
0.010564
0.010514
0.010529
0.010520
0.010489
0.010675
0.010655
0.010638
0.010639
0.010629
0.010690
0.010692
0.010572
0.010684
0.010780
0.010764
0.010798
0.010846
0.010845
0.010760
0.010676
0.010635
0.010599
0.010701
0.010810
0.010912
0.010818
0.010886
0.011244
0.010865
0.010808
0.010558
0.010640
0.010616
0.010623
0.010584
0.010582
0.010558
0.010526
0.010524
0.010627
0.010369
0.010323
0.010470
0.010343
0.010338
0.010354
0.010365
0.010360
0.010384
0.010239
0.010454
0.010544
0.010406
0.010477
0.010367
0.010222
0.010434
0.010319
0.010452
0.010414
0.010154
0.010299
0.010115
0.010060
0.009998
0.010047
0.010027
0.010013
0.010199
0.010240
0.010196
0.010442
0.010589
0.010748
0.010810
0.010789
0.010731
0.011057
0.010998
0.010658
0.010658
0.010557
0.010607
0.010490
0.010502
0.010492
0.010425
0.010423
0.010407
0.010454
0.010389
0.010366
0.010395
0.010570
0.010606
0.010574
0.010582
0.010465
0.010393
0.010442
0.010379
0.010394
0.010292
0.010247
0.010131
0.010156
0.010086
0.009895
0.009975
0.010020
0.009984
0.009961
0.009867
0.009767
0.009770
0.009788
0.010239
0.010385
0.010505
0.010605
0.010492
0.010474
0.010470
0.010480
0.010471
0.010264
0.010224
0.010236
0.010222
0.010377
0.010420
0.010387
0.010590
0.010435
0.010403
0.010032
0.010063
0.010477
0.010011
0.010050
0.009882
0.010013
0.010099
0.009997
0.009959
0.009991
0.010158
0.010043
0.010009
0.010071
0.010085
0.009988
0.010067
0.010134
0.010136
0.010124
0.010174
0.010224
0.010469
0.010448
0.010580
0.010722
0.011016
0.010930
0.010760
0.010818
0.010897
0.011356
0.011261
0.010962
0.010995
0.010990
0.010848
0.011095
0.011067
0.011023
0.011321
0.011356
0.011348
0.011082
0.011297
0.011183
0.011163
0.011214
0.011157
0.011164
0.011059
0.011093
0.011100
0.011190
0.011303
0.011497
0.011610
0.011660
0.011749
0.011654
0.011529
0.011194
0.011266
0.011286
0.011701
0.011631
0.011397
0.011059
0.011078
0.010831
0.010708
0.010714
0.010635
0.010510
0.010381
0.010572
0.011067
0.010854
0.011146
0.011235
0.011204
0.011292
0.011321
0.011406
0.011462
0.011546
0.011567
0.011494
0.011503
0.011545
0.011342
0.011190
0.011084
0.010965
0.010994
0.011117
0.011065
0.011114
0.011423
0.011604
0.011893
0.011621
0.011327
0.011339
0.011488
0.011495
0.011503
0.011408
0.011544
0.011595
0.011508
0.011502
0.011237
0.011178
0.011250
0.011414
0.011162
0.011060
0.011030
0.010939
0.010760
0.010823
0.010651
0.010455
0.010441
0.010216
0.010322
0.010250
0.010473
0.010625
0.010816
0.011179
0.010960
0.011120
0.011032
0.011157
0.010958
0.010891
0.011012
0.011046
0.010646
0.010864
0.010247
0.010091
0.009911
0.010033
0.009980
0.009939
0.010215
0.010417
0.010232
0.010100
0.009994
0.010377
0.010734
0.010721
0.010511
0.010033
0.009926
0.009895
0.009862
0.009681
0.009891
0.011040
0.010745
0.010479
0.009477
0.010661
0.010986
0.010979
0.010902
0.009893
0.009837
0.011040
0.011084
0.011092
0.011068
0.011304
0.009901
0.010331
0.010488
0.010582
0.010907
0.011352
0.011393
0.011589
0.011797
0.012093
0.012029
0.012311
0.012796
0.013006
0.012862
0.012931
0.013567
0.013437
0.014313
0.013527
0.013890
0.013445
0.013462
0.013331
0.013242
0.013174
0.013125
0.013044
0.012787
0.012970
0.012221
0.012458
0.012437
0.012401
0.012539
0.012529
0.012885
0.012281
0.012178
0.012254
0.012181
0.012090
0.011409
0.011707
0.011199
0.010942
0.011070
0.010824
0.010709
0.010694
0.010609
0.010726
0.010570
0.010564
0.010840
0.010611
0.010687
0.010691
0.010583
0.010694
0.010702
0.010681
0.010953
0.010900
0.010907
0.010970
0.010887
0.011004
0.010888
0.011155
0.010857
0.010731
0.010672
0.010863
0.010734
0.010778
0.010781
0.010859
0.010772
0.010942
0.010982
0.010939
0.010801
0.011015
0.011112
0.011268
0.011321
0.011554
0.011575
0.011632
0.011558
0.011194
0.011119
0.011261
0.011351
0.011263
0.011366
0.011387
0.011268
0.011053
0.010982
0.010946
0.010981
0.011110
0.011117
0.011070
0.011063
0.011150
0.011110
0.011158
0.011145
0.011390
0.011302
0.011485
0.011306
0.011183
0.060292
0.060686
0.063111
0.061978
0.061411
0.062284
0.062687
0.063387
0.062714
0.062462
0.063394
0.063111
0.062576
0.062048
0.062376
0.062227
0.062276
0.062311
0.062475
0.061416
0.062208
0.061709
0.062711
0.060695
0.061076
0.060462
0.060935
0.062315
0.062315
0.054864
0.058260
0.060276
0.055083
0.056482
0.057464
0.058746
0.056631
0.060390
0.058526
0.053808
0.054135
0.056759
0.054291
0.056768
0.054041
0.053898
0.054180
0.054880
0.055405
0.054898
0.054681
0.059564
0.053885
0.055598
0.055388
0.054395
0.054011
0.055041
0.054597
0.054410
0.055067
0.055146
0.054833
0.054358
0.054924
0.056941
0.053994
0.055007
0.054221
0.054355
0.060445
0.059758
0.062240
0.072899
0.076091
0.076376
0.075191
0.075650
0.075342
0.066457
0.074718
0.075190
0.070960
0.075104
0.074255
0.074581
0.075248
0.074890
0.075201
0.074659
0.075492
0.074084
0.076687
0.075334
0.076576
0.076819
0.075885
0.079625
0.075010
0.073969
0.074854
0.074141
0.079536
0.079012
0.078774
0.080027
0.078595
0.075104
0.072609
0.073201
0.073120
0.072670
0.072761
0.073197
0.073268
0.078329
0.072896
0.072379
0.073574
0.078587
0.076647
0.077333
0.077509
0.080626
0.078783
0.078744
0.078695
0.078336
0.079492
0.078179
0.077919
0.072625
0.079310
0.079017
0.076187
0.077050
0.076026
0.077179
0.075345
0.078464
0.078678
0.078397
0.078992
0.078711
0.077763
0.079447
0.078792
0.079216
0.079726
0.075243
0.075245
0.075246
0.082753
0.077192
0.082261
0.083577
0.085555
0.083842
0.084418
0.079427
0.075499
0.079112
0.082848
0.079857
0.082586
0.080728
0.085106
0.085117
0.083158
0.080885
0.081305
0.082806
0.083064
0.085049
0.085489
0.081770
0.082326
0.082711
0.084303
0.083283
0.089407
0.080619
0.080493
0.078894
0.075564
0.078761
0.077329
0.075901
0.076217
0.076156
0.082168
0.080820
0.083838
0.082245
0.077337
0.084933
0.075953
0.076386
0.076278
0.077319
0.076337
0.076152
0.076132
0.076740
0.075762
0.074764
0.074482
0.075194
0.075958
0.084009
0.082347
0.074167
0.072381
0.075931
0.074981
0.073018
0.076611
0.074937
0.078234
0.081226
0.079457
0.079779
0.074059
0.073963
0.075122
0.081334
0.075021
0.073239
0.079135
0.072093
0.078207
0.072268
0.075773
0.071838
0.074069
0.075295
0.075552
0.074649
0.075560
0.075623
0.075098
0.074637
0.075871
0.074765
0.079830
0.072563
0.073105
0.073541
0.077611
0.074328
0.077680
0.077527
0.072718
0.082356
0.083471
0.074230
0.078467
0.073047
0.073698
0.077017
0.075151
0.075885
0.078386
0.079407
0.079789
0.077667
0.080619
0.073292
0.069034
0.071865
0.070286
0.072006
0.071185
0.069876
0.069117
0.071947
0.071835
0.069254
0.071519
0.071743
0.072800
0.070408
0.072461
0.071772
0.071652
0.071465
0.073450
0.072885
0.085360
0.070434
0.077882
0.072912
0.074741
0.075986
0.074924
0.070542
0.073218
0.069257
0.064161
0.065195
0.062095
0.064075
0.058566
0.060595
0.061465
0.059803
0.058810
0.057362
0.060361
0.058515
0.060147
0.060160
0.063113
0.059887
0.060879
0.064005
0.063044
0.062934
0.060287
0.061285
0.063300
0.062798
0.062285
0.063769
0.060753
0.060790
0.063085
0.063730
0.064262
0.062681
0.063436
0.064519
0.063464
0.063667
0.062706
0.062787
0.061366
0.060408
0.061454
0.061558
0.059538
0.061275
0.062341
0.060526
0.061661
0.063734
0.064538
0.066220
0.065244
0.065264
0.065815
0.065055
0.064720
0.064424
0.064107
0.064467
0.064483
0.063993
0.064745
0.064307
0.063988
0.064123
0.063508
0.062451
0.064121
0.063868
0.064286
0.062698
0.064601
0.064912
0.065308
0.064555
0.064275
0.064715
0.064040
0.064904
0.064624
0.063203
0.065543
0.064401
0.063252
0.066483
0.061617
0.065952
0.065719
0.068808
0.064929
0.065303
0.066557
0.068407
0.068857
0.068677
0.066478
0.066990
0.067147
0.068861
0.066487
0.066605
0.066484
0.066651
0.066205
0.065124
0.066198
0.067077
0.067542
0.069730
0.066065
0.066883
0.067704
0.068168
0.068701
0.067953
0.067367
0.068029
0.068020
0.068415
0.069125
0.069011
0.067653
0.068935
0.068603
0.068822
0.069099
0.070792
0.067429
0.066385
0.071294
0.070046
0.065808
0.069943
0.070042
0.069446
0.069828
0.069627
0.069441
0.069048
0.070820
0.068132
0.068345
0.067947
0.064786
0.063785
0.066409
0.064832
0.064068
0.064290
0.064766
0.065027
0.064780
0.065295
0.064639
0.065781
0.063377
0.065695
0.065450
0.065095
0.065717
0.065393
0.066490
0.066490
0.065581
0.065414
0.066511
0.064702
0.065344
0.065824
0.066511
0.066057
0.065363
0.064394
0.064303
0.065037
0.062709
0.062606
0.062611
0.064006
0.064375
0.062574
0.062475
0.061867
0.064904
0.062488
0.061005
0.061888
0.063364
0.063382
0.064112
0.062278
0.063114
0.061433
0.063155
0.061793
0.062809
0.061468
0.062175
0.061435
0.058541
0.060978
0.062417
0.063576
0.063362
0.059088
0.059948
0.063712
0.063845
0.063680
0.062693
0.063545
0.064041
0.063734
0.063737
0.064521
0.064312
0.063399
0.059866
0.059114
0.059467
0.057358
0.059395
0.060313
0.058832
0.059885
0.060419
0.062891
0.061511
0.062190
0.061945
0.062760
0.061493
0.062271
0.062928
0.061977
0.061482
0.061960
0.060850
0.062061
0.061471
0.061401
0.061504
0.062070
0.061222
0.061011
0.061673
0.062178
0.061801
0.063531
0.061614
0.064016
0.064543
0.060537
0.062147
0.062149
0.062122
0.062055
0.062480
0.062390
0.062036
0.059509
0.060437
0.061982
0.062365
0.062794
0.061847
0.061328
0.060672
0.062064
0.061804
0.061645
0.060753
0.062026
0.062591
0.062827
0.062497
0.062301
0.062051
0.056673
0.055876
0.064287
0.064361
0.057264
0.061663
0.063045
0.062885
0.058476
0.058410
0.056790
0.055634
0.055868
0.057087
0.055654
0.056987
0.056590
0.056682
0.056674
0.056941
0.057315
0.056661
0.055718
0.057189
0.054807
0.059188
0.058360
0.058358
0.058940
0.055157
0.062015
0.059173
0.063450
0.062355
0.058047
0.057826
0.061338
0.061046
0.060774
0.060050
0.059076
0.059326
0.060099
0.060797
0.060244
0.059669
0.059848
0.060078
0.060305
0.061533
0.060321
0.060448
0.062550
0.063026
0.061586
0.060867
0.061535
0.061305
0.060165
0.065655
0.065182
0.065125
0.065381
0.067548
0.064926
0.066250
0.063648
0.060990
0.060697
0.061861
0.061655
0.062000
0.062329
0.061812
0.061890
0.060204
0.062386
0.062155
0.060615
0.061087
0.060289
0.060560
0.062628
0.062820
0.059303
0.061872
0.060953
0.059577
0.058298
0.058809
0.061991
0.059633
0.058856
0.058024
0.057600
0.058399
0.058563
0.057882
0.057885
0.058607
0.061409
0.061053
0.057205
0.056999
0.058043
0.058099
0.057455
0.058348
0.057253
0.060332
0.058161
0.057926
0.061867
0.063495
0.062419
0.059920
0.061427
0.061506
0.062233
0.062063
0.059778
0.057288
0.060542
0.060644
0.060114
0.060992
0.060996
0.061518
0.061559
0.060589
0.063178
0.060903
0.060141
0.059646
0.059516
0.059380
0.064223
0.059436
0.058067
0.058919
0.059125
0.058577
0.060302
0.062025
0.059802
0.061644
0.061024
0.060558
0.058423
0.058519
0.060767
0.059542
0.061532
0.061442
0.061021
0.060224
0.059297
0.061458
0.059470
0.059624
0.059617
0.060586
0.060086
0.059567
0.060049
0.059653
0.065253
0.064742
0.065154
0.063056
0.062182
0.062684
0.058699
0.061002
0.063354
0.061268
0.059768
0.062404
0.058372
0.058574
0.061686
0.062505
0.058444
0.062073
0.061296
0.061405
0.061820
0.062218
0.060067
0.064543
0.063949
0.062989
0.062901
0.063263
0.063833
0.053453
0.063804
0.061929
0.059907
0.063731
0.061079
0.062620
0.066735
0.062988
0.064864
0.063935
0.060663
0.059604
0.063769
0.063948
0.065612
0.064682
0.071765
0.064646
0.063674
0.061726
0.059368
0.051506
0.067022
0.068762
0.067013
0.063220
0.063134
0.061354
0.060270
0.063563
0.060687
0.060566
0.059763
0.061301
0.060585
0.061471
0.061272
0.061799
0.060923
0.059703
0.060887
0.061082
0.061607
0.060693
0.066671
0.066268
0.066700
0.065270
0.064468
0.065341
0.066390
0.065959
0.064752
0.065218
0.061136
0.060375
0.060546
0.060813
0.060538
0.059110
0.061805
0.062346
0.066202
0.059931
0.060978
0.061832
0.059774
0.063648
0.058697
0.066478
0.058765
0.059363
0.060306
0.062008
0.063204
0.062543
0.063192
0.063188
0.062704
0.063944
0.065370
0.063692
0.064004
0.063615
0.063062
0.062265
0.063299
0.063273
0.063056
0.063125
0.063239
0.063795
0.063773
0.063532
0.063465
0.064399
0.063893
0.063953
0.062771
0.062913
0.069063
0.068721
0.068913
0.066616
0.063062
0.059868
0.062038
0.062235
0.058989
0.061025
0.064720
0.064066
0.062447
0.060508
0.062293
0.060258
0.059794
0.060449
0.062878
0.064566
0.064694
0.064884
0.066333
0.064510
0.065145
0.065829
0.068885
0.068261
0.068171
0.068355
0.066868
0.067735
0.067774
0.064920
0.065542
0.065742
0.065206
0.066322
0.066320
0.067372
0.067131
0.069051
0.068316
0.069284
0.068116
0.070041
0.069903
0.070488
0.068352
0.068330
0.063049
0.065487
0.073147
0.063954
0.063612
0.063661
0.068985
0.068548
0.062357
0.070252
0.072551
0.067901
0.062792
0.065303
0.063485
0.066617
0.067011
0.068749
0.069094
0.070310
0.067504
0.066614
0.068755
0.066453
0.065812
0.069590
0.068452
0.070191
0.069900
0.068626
0.069042
0.069781
0.064955
0.070905
0.067564
0.066272
0.069268
0.070008
0.064855
0.070488
0.071186
0.067939
0.067240
0.073043
0.071735
0.069231
0.071195
0.073105
0.071167
0.069057
0.063968
0.063551
0.064718
0.066572
0.067500
0.064321
0.066202
0.067233
0.065404
0.066725
0.065207
0.066505
0.066948
0.068310
0.062614
0.061197
0.061211
0.065273
0.065341
0.064119
0.064637
0.065351
0.065119
0.062510
0.066409
0.064599
0.062636
0.059943
0.057649
0.060489
0.061744
0.064452
0.062924
0.063640
0.063139
0.059013
0.058899
0.061004
0.058827
0.059011
0.059148
0.062323
0.059788
0.059849
0.059298
0.059585
0.059075
0.058867
0.059153
0.058644
0.058878
0.059045
0.058838
0.058908
0.058845
0.059045
0.060705
0.059629
0.061791
0.059029
0.059948
0.061655
0.058438
0.063939
0.058868
0.064462
0.067057
0.062698
0.059674
0.059685
0.065809
0.059613
0.065108
0.058975
0.059734
0.063756
0.063386
0.064090
0.063333
0.060211
0.063229
0.063532
0.063728
0.060278
0.064510
0.063217
0.064055
0.064890
0.064503
0.064980
0.058704
0.060512
0.060004
0.059943
0.059119
0.064138
0.064730
0.064265
0.064284
0.060928
0.058501
0.058499
0.058008
0.063592
0.063727
0.066787
0.066391
0.059773
0.058174
0.064694
0.066553
0.060153
0.061273
0.060037
0.064962
0.064401
0.066959
0.066499
0.065345
0.066684
0.059981
0.063278
0.065389
0.066931
0.060055
0.064156
0.063605
0.066649
0.066524
0.064271
0.058919
0.067022
0.066365
0.066343
0.061558
0.060515
0.066682
0.065625
0.067893
0.059646
0.062174
0.060279
0.064681
0.059968
0.059560
0.059232
0.058609
0.058315
0.058429
0.059816
0.059424
0.058463
0.059726
0.058886
0.061066
0.059206
0.062203
0.060164
0.060798
0.060613
0.058806
0.062147
0.061747
0.059561
0.059656
0.060334
0.060454
0.060372
0.060693
0.061251
0.061388
0.060506
0.059467
0.061597
0.063877
0.060924
0.060098
0.059346
0.062680
0.060630
0.059946
0.062170
0.059053
0.059730
0.062059
0.064893
0.063964
0.064036
0.065446
0.063157
0.063530
0.065398
0.060194
0.061625
0.060921
0.063392
0.062651
0.062456
0.062517
0.064769
0.065272
0.063650
0.064407
0.064182
0.064591
0.066687
0.064458
0.066303
0.066035
0.066714
0.066039
0.066551
0.066476
0.064019
0.064912
0.063519
0.064834
0.064269
0.064615
0.064373
0.064267
0.049334
0.050230
0.057891
0.057903
0.058013
0.057474
0.050508
0.057958
0.056408
0.057533
0.057496
0.051501
0.051738
0.050833
0.057574
0.050589
0.057212
0.057500
0.057351
0.057272
0.057782
0.056851
0.056944
0.056900
0.057172
0.057590
0.057521
0.057640
0.057577
0.057750
0.058054
0.057590
0.052865
0.057174
0.057117
0.058108
0.058328
0.051867
0.051425
0.050540
0.058309
0.057447
0.057640
0.050949
0.050603
0.051117
0.051183
0.051470
0.051807
0.051322
0.050654
0.050353
0.051048
0.051749
0.052182
0.051065
0.051199
0.051047
0.051724
0.051107
0.051248
0.052586
0.051696
0.051296
0.051038
0.049259
0.051022
0.049656
0.051026
0.061514
0.059227
0.058478
0.057607
0.056839
0.062308
0.060642
0.047675
0.058881
0.059870
0.061119
0.057466
0.057230
0.058766
0.064235
0.062512
0.061913
0.057292
0.064572
0.060148
0.061118
0.064776
0.064111
0.058627
0.059416
0.060101
0.065426
0.066622
0.066792
0.065856
0.067489
0.065483
0.065912
0.065275
0.065127
0.066248
0.064026
0.067353
0.063488
0.064368
0.063885
0.063467
0.063027
0.063590
0.063049
0.064317
0.063872
0.064159
0.067918
0.070747
0.071244
0.060012
0.065485
0.061282
0.062644
0.061951
0.062311
0.059929
0.059746
0.057621
0.058959
0.061140
0.063273
0.063372
0.061248
0.061814
0.065710
0.060528
0.058823
0.061168
0.061057
0.059364
0.058598
0.058510
0.058723
0.058986
0.060571
0.060889
0.061928
0.061424
0.062389
0.061078
0.060244
0.057425
0.058674
0.057632
0.060172
0.057557
0.057285
0.058788
0.061381
0.057699
0.062444
0.060824
0.059517
0.059961
0.058711
0.059793
0.060309
0.060344
0.061227
0.064752
0.064557
0.060755
0.064624
0.064234
0.048197
0.047489
0.049120
0.048210
0.048881
0.048496
0.047595
0.050484
0.049916
0.060687
0.051318
0.051123
0.062775
0.062443
0.052264
0.062988
0.063881
0.058234
0.065834
0.065787
0.051931
0.050998
0.064539
0.063222
0.063367
0.062925
0.063122
0.062688
0.064865
0.063948
0.064255
0.064580
0.064214
0.063963
0.063096
0.065174
0.065557
0.064061
0.064600
0.064343
0.062703
0.056305
0.057014
0.064168
0.062840
0.062837
0.059927
0.057473
0.060376
0.060535
0.059625
0.058130
0.058751
0.056538
0.058956
0.058643
0.060699
0.060608
0.061027
0.059824
0.057411
0.060192
0.062332
0.059970
0.058455
0.064938
0.064714
0.064295
0.063290
0.063538
0.064910
0.064363
0.063610
0.063693
0.065129
0.061446
0.058205
0.057529
0.058313
0.058273
0.058298
0.058502
0.058314
0.058037
0.058976
0.057171
0.067152
0.059515
0.059550
0.062623
0.059006
0.058360
0.057898
0.057277
0.058203
0.059244
0.059080
0.058621
0.058102
0.059012
0.058535
0.058143
0.062523
0.057628
0.058885
0.057810
0.057667
0.059518
0.059468
0.059521
0.059609
0.059541
0.059531
0.062926
0.064870
0.067188
0.062603
0.061171
0.062465
0.064576
0.064145
0.064810
0.064365
0.064089
0.059143
0.063405
0.063302
0.061735
0.061328
0.062365
0.063848
0.061690
0.058648
0.059302
0.059846
0.060101
0.060030
0.059623
0.060129
0.059727
0.060338
0.059993
0.060404
0.062786
0.059939
0.059785
0.059716
0.060740
0.061314
0.058909
0.059377
0.059603
0.060262
0.059397
0.049113
0.048615
0.050015
0.058905
0.052997
0.055048
0.060412
0.059588
0.057902
0.049657
0.048084
0.059624
0.060398
0.059493
0.060476
0.059359
0.059484
0.059496
0.060082
0.064430
0.060028
0.059114
0.059133
0.059790
0.060534
0.065421
0.066524
0.059530
0.066829
0.058673
0.059184
0.059419
0.058589
0.058517
0.059771
0.059474
0.059061
0.058990
0.058482
0.058036
0.058869
0.058697
0.058004
0.058204
0.061710
0.067401
0.068244
0.068014
0.064458
0.067321
0.066529
0.062356
0.062865
0.062264
0.059388
0.066911
0.068047
0.067909
0.067797
0.067044
0.067003
0.066491
0.066405
0.067391
0.067024
0.068023
0.067757
0.067346
0.068365
0.067375
0.067281
0.067439
0.067814
0.060245
0.062832
0.062592
0.062073
0.061032
0.062519
0.062189
0.062021
0.062076
0.060265
0.064951
0.056937
0.057433
0.061410
0.061252
0.063944
0.062704
0.067264
0.067350
0.062287
0.062151
0.062074
0.057818
0.061258
0.061559
0.063282
0.067634
0.066928
0.061427
0.061246
0.066226
0.067312
0.065761
0.066910
0.063366
0.062276
0.062126
0.062460
0.062889
0.062409
0.062679
0.062343
0.062041
0.061732
0.061116
0.062639
0.066525
0.066685
0.062800
0.063177
0.059521
0.062269
0.064132
0.064576
0.066959
0.067619
0.067065
0.067923
0.064251
0.067176
0.068144
0.064397
0.067210
0.067892
0.066702
0.063606
0.067353
0.064165
0.065737
0.062556
0.066751
0.066497
0.065387
0.069312
0.066363
0.065872
0.064000
0.063702
0.060869
0.064212
0.061447
0.062470
0.067210
0.062835
0.063499
0.063307
0.059506
0.059951
0.063909
0.063786
0.066142
0.061785
0.067045
0.066733
0.064510
0.066163
0.064152
0.066449
0.064854
0.064616
0.064845
0.063896
0.065452
0.067002
0.068093
0.067216
0.067583
0.066746
0.064019
0.063526
0.066936
0.061206
0.061575
0.061617
0.062043
0.065399
0.067285
0.066957
0.066201
0.066656
0.065131
0.066695
0.066709
0.068093
0.067380
0.066949
0.066911
0.065887
0.067313
0.068785
0.065667
0.067414
0.060166
0.062155
0.060209
0.066661
0.064914
0.065010
0.061978
0.064128
0.064016
0.064330
0.066368
0.061353
0.061788
0.062401
0.062395
0.062575
0.066928
0.067627
0.066810
0.062472
0.060293
0.065493
0.067616
0.062326
0.065372
0.065009
0.066284
0.066370
0.067805
0.067608
0.063512
0.063881
0.064001
0.057024
0.059160
0.056807
0.064791
0.060799
0.068017
0.068373
0.069579
0.064811
0.064441
0.064901
0.064513
0.065946
0.064890
0.062498
0.064935
0.057902
0.060636
0.061609
0.060533
0.062371
0.065988
0.066209
0.063434
0.062307
0.062654
0.064175
0.067249
0.063845
0.063604
0.064833
0.065769
0.065089
0.067965
0.065531
0.060944
0.066141
0.068949
0.063372
0.065431
0.064634
0.063868
0.012977
0.012752
0.012593
0.013149
0.012837
0.012792
0.012742
0.012666
0.012867
0.012791
0.012584
0.012404
0.011702
0.012050
0.011933
0.011845
0.012269
0.011391
0.011501
0.010875
0.011009
0.011036
0.011424
0.011365
0.011157
0.010680
0.010683
0.010954
0.010593
0.011213
0.010869
0.010954
0.010598
0.010654
0.010629
0.010962
0.010988
0.010887
0.011159
0.011173
0.011333
0.011497
0.011433
0.011533
0.011644
0.011290
0.011296
0.010796
0.011079
0.011257
0.011331
0.011617
0.012267
0.012003
0.012177
0.012571
0.013237
0.013447
0.013477
0.013381
0.013494
0.013190
0.013413
0.012883
0.013037
0.013090
0.012547
0.013330
0.013913
0.013039
0.012939
0.013840
0.013543
0.013660
0.013667
0.013164
0.013244
0.013232
0.013317
0.013106
0.013000
0.012826
0.012896
0.012713
0.014097
0.013646
0.013608
0.013549
0.013699
0.013519
0.012602
0.013679
0.013582
0.014812
0.013723
0.013360
0.015090
0.014924
0.014990
0.015180
0.016686
0.016897
0.017754
0.020132
0.020317
0.018529
0.018967
0.019159
0.018758
0.018605
0.019051
0.019199
0.018974
0.021216
0.022059
0.022331
0.022506
0.022369
0.022781
0.025292
0.026210
0.025003
0.023188
0.022978
0.024775
0.021754
0.022172
0.021819
0.022107
0.021791
0.021852
0.020682
0.021462
0.021347
0.021385
0.021249
0.021288
0.021260
0.021081
0.021135
0.021124
0.021054
0.020666
0.019056
0.019288
0.018763
0.018947
0.018788
0.019113
0.019527
0.019588
0.019436
0.019253
0.019326
0.019335
0.019381
0.019124
0.019077
0.018987
0.019039
0.019047
0.019045
0.020116
0.019350
0.020418
0.020032
0.019961
0.020026
0.019559
0.019449
0.019338
0.020409
0.020512
0.020635
0.020684
0.020667
0.019005
0.018999
0.018744
0.019211
0.017873
0.017916
0.018982
0.018232
0.018464
0.019551
0.018848
0.018898
0.020136
0.020044
0.018803
0.018829
0.019537
0.018425
0.018271
0.018630
0.018967
0.019977
0.018662
0.018088
0.018459
0.018701
0.017810
0.017427
0.017842
0.017536
0.017589
0.017529
0.017305
0.017424
0.017120
0.017347
0.018104
0.018179
0.018324
0.018721
0.018670
0.018741
0.018185
0.018246
0.018301
0.018085
0.018013
0.018426
0.018385
0.018751
0.018131
0.018728
0.018195
0.018797
0.018338
0.019184
0.019241
0.019173
0.019616
0.019576
0.019480
0.019569
0.019616
0.019394
0.018689
0.019224
0.019287
0.019194
0.019122
0.019138
0.019144
0.019140
0.019167
0.019107
0.019159
0.019126
0.019211
0.019106
0.019183
0.019233
0.019138
0.019257
0.019202
0.019326
0.019253
0.019264
0.019306
0.019335
0.019441
0.019526
0.019486
0.019515
0.019614
0.019633
0.019732
0.019730
0.019732
0.019707
0.019722
0.019835
0.020364
0.019582
0.019624
0.019691
0.019624
0.020132
0.019265
0.019864
0.020043
0.019974
0.019863
0.019883
0.020022
0.019906
0.019753
0.019763
0.019235
0.019615
0.019151
0.019302
0.020100
0.019564
0.019578
0.019527
0.019536
0.019525
0.019513
0.019534
0.019738
0.019348
0.019324
0.019829
0.019767
0.020134
0.019337
0.019845
0.019952
0.019335
0.019773
0.019375
0.019787
0.019806
0.020166
0.020066
0.019829
0.020179
0.020212
0.019798
0.019968
0.019903
0.020011
0.019924
0.019891
0.019864
0.019935
0.020007
0.019978
0.019602
0.019792
0.019802
0.020080
0.020163
0.020102
0.020048
0.020033
0.019990
0.019573
0.019838
0.019884
0.020193
0.019875
0.019664
0.019621
0.019695
0.019828
0.019834
0.019824
0.019553
0.019529
0.019380
0.019362
0.019501
0.019445
0.019241
0.019342
0.019808
0.019846
0.019874
0.019944
0.020024
0.020094
0.020028
0.020238
0.020141
0.020251
0.019815
0.019918
0.019825
0.019992
0.019907
0.019805
0.019826
0.019691
0.019783
0.019934
0.019782
0.019812
0.019948
0.019889
0.019870
0.019924
0.019958
0.019800
0.019841
0.019899
0.019974
0.019731
0.019571
0.019597
0.019596
0.019753
0.019704
0.019877
0.019458
0.019593
0.019602
0.019282
0.019433
0.019537
0.019363
0.019600
0.019614
0.019657
0.019749
0.019696
0.019489
0.019596
0.019486
0.019653
0.020152
0.020601
0.021373
0.021918
0.022755
0.025420
0.020225
0.020738
0.020401
0.019771
0.019443
0.019784
0.019573
0.018652
0.015843
0.016111
0.016199
0.015777
0.015299
0.015347
0.014327
0.014713
0.013646
0.012834
0.012641
0.012337
0.012267
0.012424
0.012397
0.012459
0.012396
0.012158
0.012229
0.012227
0.012086
0.012324
0.011637
0.011626
0.011835
0.011726
0.011947
0.011853
0.011882
0.012028
0.012010
0.012041
0.012020
0.012296
0.012513
0.012600
0.012518
0.012120
0.012023
0.011888
0.011835
0.011652
0.011683
0.011779
0.011729
0.011828
0.011698
0.011442
0.011697
0.011803
0.012179
0.012024
0.012062
0.011928
0.011843
0.011849
0.011672
0.011556
0.011562
0.011188
0.010478
0.010462
0.010198
0.010106
0.010338
0.010542
0.010632
0.010766
0.010844
0.011094
0.011412
0.011685
0.012283
0.012739
0.013108
0.013673
0.013902
0.014160
0.014734
0.014506
0.013869
0.015309
0.015064
0.014404
0.014255
0.013958
0.014198
0.014824
0.015015
0.014499
0.014925
0.015188
0.015386
0.015726
0.015809
0.015938
0.016106
0.016781
0.017360
0.017991
0.016785
0.016020
0.016230
0.016575
0.017632
0.016864
0.016494
0.015052
0.013326
0.014201
0.014747
0.014231
0.014128
0.014271
0.014011
0.014304
0.013631
0.014093
0.014219
0.013808
0.013624
0.013081
0.013261
0.013107
0.013404
0.013167
0.013281
0.013355
0.013329
0.013213
0.013926
0.014111
0.014028
0.014160
0.014566
0.015094
0.015102
0.014506
0.015028
0.015277
0.014872
0.014731
0.015012
0.014347
0.014256
0.014469
0.014514
0.014215
0.014159
0.014667
0.014028
0.014032
0.013875
0.014057
0.014352
0.014315
0.014346
0.014460
0.014307
0.014403
0.014424
0.014370
0.015571
0.015877
0.016150
0.016010
0.015925
0.015936
0.016056
0.015355
0.016130
0.015518
0.015620
0.015576
0.015033
0.015297
0.015324
0.014782
0.014690
0.014411
0.013894
0.013828
0.013549
0.013881
0.013865
0.014053
0.014063
0.013726
0.014090
0.013869
0.014208
0.013679
0.012887
0.012823
0.012742
0.013330
0.013878
0.013615
0.012187
0.012659
0.012255
0.012625
0.012632
0.013029
0.012833
0.012869
0.012391
0.011950
0.012996
0.012871
0.012713
0.013157
0.013964
0.013863
0.012690
0.012686
0.013286
0.013799
0.013212
0.012545
0.012866
0.013084
0.013453
0.014934
0.013978
0.013488
0.012519
0.011948
0.013016
0.014268
0.014766
0.014225
0.012778
0.012442
0.012524
0.012772
0.013040
0.013067
0.013323
0.012943
0.014041
0.014120
0.013568
0.013276
0.014139
0.014225
0.013670
0.014177
0.013787
0.013177
0.014095
0.014824
0.014484
0.015222
0.015511
0.016467
0.016339
0.016664
0.016443
0.016371
0.017167
0.016577
0.017081
0.017019
0.016953
0.017662
0.017615
0.022852
0.022222
0.028738
0.020805
0.021337
0.019557
0.021301
0.020986
0.022220
0.023068
0.024276
0.023287
0.022604
0.022148
0.022873
0.024372
0.024315
0.024300
0.024276
0.025158
0.029496
0.028420
0.028599
0.028662
0.029986
0.027975
0.026619
0.022664
0.021872
0.022727
0.021290
0.021042
0.021567
0.021759
0.021099
0.023730
0.029266
0.038303
0.051204
0.063811
0.072744
0.080090
0.080112
0.080112
