0.206879
0.204172
0.204188
0.206968
0.205170
0.205156
0.205155
0.201485
0.202419
0.201852
0.201874
0.201841
0.178512
0.197934
0.197878
0.197597
0.196747
0.193841
0.193790
0.204411
0.201847
0.202949
0.193739
0.193656
0.193657
0.193654
0.193655
0.193649
0.193649
0.193636
0.193629
0.193618
0.193619
0.193617
0.193628
0.193635
0.193640
0.193639
0.193639
0.193640
0.193647
0.193651
0.193672
0.193707
0.193708
0.193707
0.193706
0.193705
0.193706
0.193711
0.193710
0.193710
0.193710
0.193711
0.193712
0.193713
0.193713
0.193713
0.193712
0.193713
0.193717
0.193717
0.193719
0.193655
0.193722
0.191668
0.179096
0.192348
0.176521
0.172227
0.176004
0.167659
0.165136
0.148642
0.137481
0.125588
0.118111
0.114911
0.110818
0.110697
0.111127
0.111989
0.116669
0.121586
0.131090
0.143368
0.158910
0.176368
0.201911
0.226406
0.255849
0.289362
0.329773
0.360065
0.413799
0.453636
0.463057
0.453216
0.452502
0.451362
0.451335
0.451717
0.457460
0.456720
0.456763
0.457451
0.457531
0.456292
0.456328
0.456772
0.455782
0.452262
0.451989
0.456620
0.452437
0.456931
0.456764
0.456049
0.456024
0.451773
0.454717
0.454341
0.454687
0.453941
0.450105
0.450417
0.451092
0.454888
0.454244
0.451163
0.450544
0.450626
0.449862
0.450056
0.449345
0.394061
0.324438
0.276054
0.224396
0.194794
0.158170
0.134020
0.113545
0.097823
0.091276
0.087456
0.088154
0.085937
0.084171
0.085177
0.093937
0.100421
0.110820
0.118855
0.135814
0.164756
0.190135
0.217080
0.218033
0.218250
0.229341
0.218360
0.216468
0.216490
0.215745
0.215699
0.216044
0.217693
0.217696
0.217372
0.215774
0.216615
0.217835
0.215905
0.217503
0.218274
0.218430
0.216113
0.216237
0.217588
0.216447
0.216471
0.216361
0.216747
0.216650
0.217588
0.216848
0.217264
0.216815
0.216749
0.217124
0.216929
0.216295
0.217029
0.216503
0.215891
0.220013
0.216159
0.216157
0.215777
0.218812
0.215489
0.219276
0.219080
0.218897
0.217583
0.176497
0.162653
0.141218
0.124780
0.108579
0.105951
0.102375
0.110624
0.117779
0.130893
0.151261
0.166352
0.193521
0.230819
0.266279
0.291191
0.203878
0.203862
0.204197
0.203659
0.197950
0.203826
0.199720
0.200959
0.200154
0.199753
0.198882
0.199761
0.199772
0.198065
0.198052
0.199495
0.197372
0.206557
0.208964
0.203895
0.202839
0.203509
0.199098
0.204223
0.296222
0.264806
0.237066
0.225606
0.210148
0.180867
0.135148
0.128183
0.116893
0.118396
0.135154
0.127024
0.120976
0.116254
0.114478
0.107236
0.107069
0.107608
0.108528
0.110812
0.118662
0.124481
0.137572
0.150523
0.149125
0.163375
0.192727
0.211606
0.233876
0.231599
0.231429
0.233252
0.227428
0.233184
0.232260
0.229931
0.230985
0.236767
0.225867
0.232486
0.232066
0.226731
0.228955
0.231023
0.229715
0.228844
0.230614
0.231527
0.236885
0.239647
0.233721
0.239965
0.242536
0.241625
0.231640
0.231930
0.233469
0.233500
0.233843
0.233686
0.233746
0.210538
0.186417
0.154492
0.140747
0.126618
0.116680
0.103707
0.100788
0.095050
0.090720
0.085536
0.084678
0.086784
0.089408
0.094083
0.102977
0.105865
0.122639
0.116905
0.129159
0.146885
0.162428
0.182903
0.207249
0.233094
0.262231
0.298748
0.325324
0.326295
0.325851
0.324360
0.324986
0.325167
0.326021
0.326787
0.326381
0.325282
0.324169
0.323940
0.324205
0.324932
0.324889
0.335046
0.324710
0.306636
0.325167
0.325168
0.326340
0.326486
0.326332
0.326442
0.325703
0.323274
0.320719
0.320719
0.280661
0.344682
0.302344
0.208879
0.207953
0.212428
0.217291
0.202823
0.183439
0.178404
0.171767
0.165975
0.164481
0.154189
0.154189
0.154189
0.154487
0.154487
0.154487
0.154486
0.154487
0.154487
0.154487
0.154486
0.154486
0.154486
0.154486
0.154486
0.154486
0.154486
0.154486
0.154486
0.154486
0.154486
0.154486
0.154486
0.154486
0.154486
0.154486
0.154486
0.154486
0.154486
0.154486
0.154486
0.154486
0.154486
0.154486
0.154486
0.154486
0.154374
0.154371
0.154371
0.154371
0.154371
0.154403
0.154404
0.154404
0.154404
0.154341
0.154341
0.154341
0.154262
0.154260
0.154260
0.153678
0.153675
0.153675
0.153675
0.153675
0.153675
0.153694
0.153860
0.153866
0.153867
0.153866
0.153866
0.154191
0.154199
0.154199
0.154201
0.154244
0.154197
0.154249
0.154196
0.154196
0.154196
0.154250
0.154250
0.154196
0.154196
0.154250
0.154250
0.154250
0.154250
0.154250
0.154250
0.154250
0.154250
0.154250
0.154250
0.154197
0.154250
0.154240
0.153767
0.153680
0.153935
0.153935
0.153935
0.153935
0.153768
0.153727
0.153727
0.153667
0.153660
0.154030
0.154024
0.153555
0.153553
0.153589
0.151157
0.152414
0.153316
0.153269
0.152515
0.151803
0.151534
0.151651
0.151650
0.151649
0.151891
0.150495
0.150531
0.150494
0.150846
0.150962
0.151346
0.151351
0.150906
0.150878
0.150868
0.150262
0.147602
0.147067
0.146527
0.146585
0.146414
0.148967
0.148968
0.148967
0.148917
0.148917
0.148917
0.148917
0.148917
0.148917
0.148918
0.148916
0.148917
0.148917
0.148918
0.148917
0.148922
0.146410
0.146386
0.146388
0.146390
0.146386
0.146402
0.146365
0.146364
0.146402
0.146401
0.146401
0.146401
0.146401
0.146401
0.146401
0.146401
0.146474
0.193862
0.195987
0.196214
0.152518
0.152539
0.152542
0.152542
0.152542
0.152542
0.152520
0.153939
0.153901
0.153973
0.154114
0.154029
0.152708
0.152233
0.152143
0.153135
0.153802
0.152693
0.153224
0.153466
0.152757
0.152756
0.152942
0.153002
0.153451
0.153074
0.153037
0.153034
0.153354
0.153061
0.153719
0.153475
0.152596
0.152856
0.152959
0.153301
0.153177
0.153264
0.152993
0.153193
0.152423
0.152381
0.152656
0.152281
0.151831
0.152362
0.152379
0.152368
0.152717
0.152703
0.151944
0.151576
0.150906
0.150985
0.150858
0.151050
0.151334
0.151821
0.149938
0.151830
0.151376
0.152448
0.151127
0.150229
0.150173
0.151116
0.152242
0.152660
0.151768
0.150221
0.150064
0.150214
0.150057
0.151433
0.151598
0.151072
0.151356
0.149726
0.151146
0.150523
0.149044
0.150563
0.150397
0.150387
0.150454
0.150452
0.150212
0.150375
0.150397
0.150360
0.150353
0.150353
0.150359
0.150389
0.150391
0.150391
0.150390
0.150437
0.150284
0.150283
0.150397
0.150356
0.150412
0.150412
0.150344
0.150445
0.150443
0.150445
0.150445
0.150410
0.150414
0.150415
0.150415
0.150416
0.150416
0.150424
0.150466
0.150466
0.150466
0.150467
0.150467
0.150467
0.150467
0.150467
0.150466
0.150471
0.150471
0.150471
0.150456
0.150372
0.150371
0.150371
0.150371
0.150461
0.150357
0.150351
0.150355
0.150468
0.150347
0.150345
0.150453
0.150373
0.150359
0.150372
0.150373
0.150373
0.150373
0.150373
0.150372
0.150373
0.150373
0.150373
0.150498
0.149443
0.149557
0.148532
0.148433
0.144733
0.144004
0.145672
0.144023
0.144083
0.144285
0.142182
0.142209
0.142181
0.142208
0.142842
0.142459
0.142690
0.142322
0.142455
0.143067
0.143824
0.142489
0.142875
0.144916
0.143385
0.142694
0.142700
0.143651
0.142953
0.143022
0.143025
0.142890
0.142980
0.143436
0.143153
0.142303
0.140980
0.137031
0.130763
0.126261
0.123587
0.106754
0.064722
0.044166
0.049664
0.040899
0.038110
0.029867
0.025258
0.023339
0.017033
0.015910
0.012194
0.009494
0.007994
0.004827
0.003017
0.003169
0.000845
0.000556
0.000524
0.001090
0.000797
0.000939
0.003242
0.003436
0.005426
0.001677
0.003055
0.005739
0.003143
0.003164
0.001774
0.001456
0.001122
0.002042
0.002089
0.003074
0.000873
0.000415
0.002727
0.008032
0.001462
0.003962
0.004233
0.000936
0.000000
0.000428
0.004447
0.004896
0.006159
0.005388
0.008477
0.000941
0.002371
0.004916
0.002120
0.000669
0.001689
0.002753
0.001383
0.002423
0.004638
0.005226
0.003857
0.004547
0.009166
0.003197
0.001381
0.002131
0.002570
0.002823
0.002596
0.005044
0.005148
0.003128
0.004904
0.006989
0.023257
0.048061
0.103992
0.169865
0.186152
0.201939
0.201772
0.202294
0.202490
0.202572
0.203654
0.203804
0.204213
0.198255
0.184276
0.153270
0.153050
0.154727
0.150949
0.152935
0.158368
0.127434
0.126815
0.125434
0.126519
0.129511
0.127838
0.126438
0.126612
0.123417
0.127400
0.129477
0.126239
0.125916
0.125738
0.128881
0.127885
0.127886
0.128309
0.127761
0.120600
0.139111
0.130759
0.154614
0.167990
0.201016
0.206762
0.206912
0.212597
0.193608
0.151719
0.151914
0.156979
0.167994
0.165706
0.155407
0.178482
0.173117
0.185536
0.185729
0.189485
0.192879
0.166922
0.166415
0.164359
0.164673
0.171114
0.164766
0.169124
0.171406
0.173867
0.176622
0.174202
0.172964
0.172503
0.172347
0.172095
0.173149
0.172414
0.170585
0.169737
0.170638
0.171871
0.172117
0.170227
0.177384
0.176328
0.176165
0.177845
0.178341
0.177810
0.178242
0.178043
0.177106
0.177276
0.177428
0.177977
0.174934
0.178701
0.179174
0.178311
0.178659
0.180385
0.180495
0.180145
0.212800
0.180151
0.180276
0.179768
0.177286
0.176287
0.175256
0.176692
0.175184
0.174812
0.176617
0.178389
0.175449
0.176111
0.175598
0.175996
0.174929
0.171437
0.230692
0.229565
0.229359
0.357065
0.334111
0.357805
0.159901
0.159901
0.159901
0.159826
0.159828
0.159828
0.158863
0.158859
0.158859
0.158859
0.160654
0.160663
0.160662
0.160662
0.162048
0.162097
0.162090
0.162090
0.163160
0.163123
0.163198
0.163200
0.163200
0.163200
0.163201
0.163166
0.163166
0.163166
0.163020
0.163020
0.163020
0.163020
0.163020
0.163019
0.163019
0.163019
0.163022
0.163022
0.163022
0.163022
0.163022
0.163022
0.163022
0.163022
0.163022
0.163032
0.267080
0.398896
0.240825
0.304496
0.310362
0.307993
0.296541
0.314281
0.321131
0.290512
0.249007
0.297468
0.255582
0.251755
0.260919
0.257927
0.272778
0.275802
0.271134
0.296422
0.299864
0.282140
0.260166
0.271692
0.282867
0.281239
0.285254
0.304770
0.274139
0.255839
0.363949
0.251130
0.316472
0.338508
0.335286
0.333598
0.334321
0.326499
0.283361
0.282953
0.250235
0.178430
0.429300
0.400766
0.393517
0.431325
0.296915
0.239617
0.237912
0.239186
0.247305
0.234465
0.242933
0.250137
0.213353
0.208262
0.211661
0.219691
0.249004
0.267761
0.248728
0.247369
0.126368
0.129603
0.128774
0.123513
0.189945
0.188183
0.189997
0.192163
0.137723
0.134642
0.141863
0.138115
0.205882
0.200072
0.127202
0.121133
0.123015
0.126851
0.144490
0.143347
0.131519
0.136205
0.136890
0.136992
0.136018
0.134030
0.135057
0.136394
0.136356
0.137078
0.144364
0.133586
0.138398
0.139737
0.139401
0.140836
0.169656
0.136345
0.131725
0.134800
0.137426
0.180535
0.183018
0.194052
0.192301
0.194701
0.181032
0.201224
0.195108
0.206106
0.215604
0.193848
0.182495
0.188022
0.187647
0.186205
0.175444
0.174534
0.098107
0.091828
0.079078
0.073482
0.075083
0.079216
0.084461
0.085840
0.080677
0.089344
0.128110
0.140033
0.146673
0.153888
0.138181
0.158842
0.161192
0.191955
0.170382
0.170165
0.168198
0.168877
0.168838
0.146634
0.148024
0.146627
0.166098
0.167369
0.163884
0.165364
0.166378
0.167448
0.166583
0.165328
0.167114
0.166299
0.166725
0.166318
0.165914
0.165952
0.167351
0.165801
0.165754
0.165579
0.166277
0.165696
0.167006
0.164798
0.165282
0.164842
0.164478
0.166295
0.164703
0.177543
0.208383
0.196575
0.191277
0.170814
0.172305
0.167961
0.168980
0.178878
0.181825
0.189104
0.183993
0.185936
0.184556
0.183861
0.183830
0.183251
0.184573
0.185575
0.185229
0.184728
0.185825
0.186173
0.188342
0.188273
0.187377
0.187101
0.189326
0.189338
0.188813
0.186559
0.187567
0.188478
0.188738
0.190702
0.190526
0.194564
0.186804
0.190410
0.190844
0.190149
0.189068
0.190189
0.188997
0.187307
0.188862
0.193405
0.192888
0.194136
0.190335
0.195031
0.192883
0.189819
0.188842
0.187720
0.192471
0.193757
0.191004
0.143925
0.143020
0.141260
0.199204
0.279703
0.282995
0.281569
0.280304
0.257079
0.261107
0.243965
0.243687
0.242746
0.244347
0.243423
0.234377
0.234989
0.224725
0.241335
0.244973
0.241698
0.244539
0.246201
0.244395
0.258007
0.265105
0.261106
0.261949
0.261942
0.260388
0.260322
0.261168
0.262361
0.262267
0.262085
0.261607
0.267553
0.268471
0.268196
0.270949
0.268172
0.268226
0.267528
0.268043
0.267251
0.267252
0.267235
0.267086
0.267445
0.266926
0.267072
0.271003
0.267074
0.271076
0.270623
0.266828
0.230288
0.307999
0.340950
0.366258
0.371394
0.373494
0.350542
0.343407
0.377014
0.364779
0.371428
0.366628
0.326932
0.326218
0.334268
0.295614
0.294278
0.307408
0.345092
0.296582
0.357259
0.344373
0.351974
0.355398
0.358009
0.338592
0.337693
0.344372
0.317248
0.305973
0.305194
0.303860
0.328808
0.328309
0.327509
0.327435
0.331358
0.331364
0.330286
0.331346
0.330882
0.330577
0.333574
0.334232
0.293157
0.333957
0.330441
0.315522
0.330152
0.321226
0.312727
0.314351
0.341926
0.243644
0.182512
0.207303
0.196558
0.204830
0.208396
0.172877
0.187617
0.189697
0.245758
0.199864
0.209073
0.210585
0.212235
0.210670
0.276253
0.287372
0.211660
0.206001
0.212314
0.210773
0.218937
0.214200
0.214733
0.214704
0.214827
0.215033
0.213577
0.212600
0.212368
0.211352
0.212469
0.209491
0.214160
0.206386
0.208213
0.213561
0.210448
0.218370
0.209660
0.209737
0.212263
0.203892
0.210964
0.274877
0.269799
0.245753
0.212223
0.213965
0.208310
0.213952
0.219220
0.215087
0.216182
0.215110
0.215356
0.209245
0.207713
0.207685
0.204176
0.206524
0.206037
0.202306
0.202825
0.200003
0.208046
0.206390
0.201600
0.203156
0.203162
0.220455
0.207143
0.200058
0.282029
0.286686
0.283840
0.257256
0.203449
0.203903
0.204403
0.208687
0.208372
0.212918
0.208808
0.207743
0.207560
0.204071
0.204920
0.204848
0.205169
0.204291
0.205652
0.206197
0.211613
0.212388
0.213841
0.242579
0.215221
0.220302
0.247961
0.249349
0.266542
0.234650
0.238340
0.247229
0.228325
0.215397
0.220454
0.221588
0.221122
0.220238
0.215584
0.217671
0.214449
0.216481
0.218757
0.221919
0.220062
0.219253
0.232690
0.236150
0.207184
0.245828
0.216163
0.222963
0.212684
0.225670
0.216934
0.225283
0.223666
0.261377
0.278568
0.287151
0.292986
0.262511
0.221873
0.220780
0.227022
0.226680
0.228016
0.227181
0.229531
0.206774
0.202763
0.201968
0.202944
0.205320
0.205322
0.205597
0.204631
0.212302
0.274972
0.353196
0.387697
0.388073
0.391658
0.368767
0.328910
0.313378
0.295491
0.285730
0.301893
0.305159
0.306360
0.304485
0.295952
0.299587
0.296582
0.294483
0.294504
0.292931
0.294689
0.294747
0.295880
0.298055
0.298530
0.290011
0.289400
0.300565
0.258442
0.299644
0.301000
0.300344
0.298585
0.299690
0.299230
0.300048
0.300506
0.300298
0.285923
0.300158
0.285743
0.298268
0.298679
0.298915
0.297813
0.298524
0.270436
0.270634
0.285797
0.296916
0.282881
0.296812
0.296747
0.296158
0.296527
0.283000
0.297139
0.298427
0.283002
0.281829
0.283073
0.298868
0.298798
0.298784
0.298783
0.298718
0.298972
0.298760
0.298933
0.299276
0.299303
0.299823
0.300123
0.336791
0.336628
0.366850
0.365694
0.365732
0.371435
0.384108
0.402638
0.530858
0.530548
0.530548
0.529718
0.529247
0.527287
0.527198
0.523484
0.523571
0.524932
0.524904
0.500937
0.501084
0.521154
0.519209
0.514293
0.518416
0.507284
0.509566
0.507720
0.509265
0.508552
0.507397
0.505662
0.508765
0.501068
0.495781
0.498910
0.492705
0.492586
0.497618
0.497574
0.500959
0.500247
0.495527
0.495899
0.493803
0.493802
0.490575
0.491233
0.490905
0.490847
0.491414
0.498443
0.498362
0.498241
0.498579
0.490926
0.491629
0.491333
0.490490
0.489741
0.489752
0.490967
0.490220
0.490570
0.489362
0.490335
0.490288
0.490322
0.490088
0.490030
0.489904
0.491030
0.493639
0.491553
0.490963
0.488445
0.491364
0.490256
0.489186
0.490490
0.489356
0.491958
0.491539
0.491400
0.489246
0.491522
0.488197
0.491699
0.492215
0.440383
0.468146
0.427374
0.360586
0.427092
0.461690
0.473335
0.493399
0.515012
0.516420
0.523294
0.520240
0.508837
0.496828
0.475045
0.391433
0.373505
0.351609
0.336232
0.337713
0.336012
0.333476
0.320880
0.327085
0.319957
0.317032
0.313534
0.326747
0.319732
0.313576
0.315880
0.313225
0.312599
0.311850
0.311091
0.311851
0.313211
0.312764
0.311952
0.311385
0.314298
0.313650
0.310400
0.310190
0.311586
0.315965
0.311784
0.315356
0.311022
0.313183
0.310574
0.309617
0.309710
0.310349
0.312214
0.312749
0.312254
0.312781
0.312365
0.313216
0.311805
0.310855
0.312747
0.314452
0.314215
0.314146
0.314058
0.313406
0.313679
0.311326
0.311952
0.312285
0.314060
0.313899
0.318673
0.318629
0.325169
0.335451
0.349635
0.392591
0.418088
0.453723
0.443399
0.426710
0.431951
0.357422
0.325430
0.372235
0.277409
0.276835
0.275328
0.256175
0.252164
0.249497
0.234933
0.240187
0.235251
0.230047
0.221622
0.220738
0.219145
0.219226
0.218575
0.211969
0.209364
0.209304
0.210739
0.212068
0.211473
0.210914
0.208215
0.207528
0.209375
0.209384
0.217610
0.217496
0.217094
0.217262
0.217094
0.217040
0.217085
0.217153
0.217811
0.216941
0.213953
0.217448
0.217242
0.213252
0.213123
0.216889
0.203060
0.217349
0.216996
0.214239
0.213850
0.201834
0.211450
0.209869
0.214602
0.230967
0.266721
0.245810
0.263088
0.264493
0.295825
0.264018
0.254149
0.245666
0.241199
0.197581
0.145011
0.096254
0.075395
0.080534
0.088009
0.109241
0.138483
0.135923
0.140581
0.137578
0.150314
0.150672
0.130277
0.130385
0.123767
0.162623
0.162345
0.162683
0.158254
0.162994
0.160312
0.159963
0.162158
0.161139
0.157828
0.156540
0.162010
0.160348
0.157432
0.159843
0.122730
0.126377
0.128440
0.126121
0.126569
0.128238
0.126037
0.128369
0.123637
0.123083
0.123587
0.125008
0.127026
0.124678
0.124797
0.122580
0.125091
0.128768
0.120622
0.124821
0.125372
0.118688
0.119025
0.120484
0.121648
0.146739
0.149614
0.152636
0.152996
0.144962
0.150515
0.147333
0.146057
0.146103
0.145290
0.144573
0.144719
0.144352
0.144315
0.144852
0.144136
0.144463
0.147743
0.147792
0.145530
0.138266
0.135637
0.135818
0.133832
0.134207
0.133757
0.130018
0.146677
0.145711
0.147531
0.136601
0.138419
0.165516
0.165492
0.167740
0.148375
0.145202
0.151352
0.151257
0.153698
0.149961
0.145285
0.153832
0.154086
0.180267
0.179502
0.180028
0.210861
0.210142
0.160736
0.160319
0.159808
0.158910
0.160746
0.159935
0.159993
0.159993
0.159992
0.159990
0.159991
0.159991
0.159992
0.159991
0.159991
0.159991
0.159992
0.159991
0.159991
0.159991
0.159992
0.159992
0.159336
0.159336
0.159336
0.159336
0.159336
0.159355
0.159136
0.159077
0.160232
0.160321
0.174225
0.163380
0.159892
0.159892
0.159892
0.160136
0.160143
0.160141
0.160273
0.160271
0.160731
0.160679
0.160810
0.158821
0.158782
0.153516
0.158632
0.158631
0.157342
0.157402
0.157400
0.158176
0.158199
0.158084
0.158109
0.158109
0.158110
0.158100
0.158105
0.158520
0.158520
0.159564
0.159564
0.159564
0.159564
0.158253
0.156387
0.156619
0.157686
0.156480
0.150679
0.150278
0.155704
0.156456
0.153434
0.152799
0.152418
0.152271
0.150732
0.150989
0.150390
0.151148
0.151713
0.151022
0.151654
0.150345
0.150969
0.149483
0.149608
0.149603
0.149620
0.149620
0.149618
0.149618
0.149618
0.149618
0.149548
0.148675
0.148675
0.149527
0.149550
0.149535
0.149523
0.149523
0.148642
0.148677
0.149474
0.149476
0.148603
0.149243
0.149243
0.150616
0.150647
0.151203
0.151508
0.149017
0.149507
0.148782
0.148845
0.148975
0.145263
0.146492
0.146596
0.147170
0.148142
0.148243
0.146786
0.146960
0.147027
0.146633
0.146877
0.145468
0.145548
0.145548
0.145548
0.145548
0.145548
0.145550
0.145727
0.145996
0.145940
0.145935
0.145989
0.145934
0.145936
0.145935
0.145935
0.145328
0.145311
0.145311
0.145311
0.145311
0.145311
0.145311
0.145311
0.145310
0.145312
0.145307
0.147854
0.159901
0.159901
0.159901
0.159988
0.159991
0.159991
0.159991
0.159991
0.159991
0.160151
0.160154
0.160154
0.160154
0.160153
0.160153
0.158322
0.158300
0.158299
0.158299
0.158299
0.158299
0.158986
0.158990
0.159297
0.159093
0.160331
0.160319
0.160319
0.160321
0.160321
0.160353
0.160441
0.160395
0.160430
0.160431
0.160431
0.160431
0.159473
0.159473
0.159473
0.159491
0.159490
0.159481
0.160367
0.160582
0.160453
0.160453
0.157320
0.157335
0.157321
0.157322
0.157322
0.157298
0.156946
0.157108
0.156984
0.157106
0.157107
0.157107
0.156271
0.156271
0.156300
0.157702
0.160160
0.158425
0.158424
0.158424
0.158425
0.158425
0.158318
0.156916
0.156916
0.158315
0.158315
0.158315
0.157562
0.157586
0.156682
0.155929
0.155866
0.155866
0.156199
0.155028
0.154329
0.154290
0.153244
0.153238
0.157413
0.155517
0.156220
0.154247
0.153999
0.154245
0.154258
0.154230
0.155780
0.157591
0.156113
0.156076
0.156059
0.155473
0.155476
0.155477
0.155475
0.158026
0.158100
0.155623
0.155615
0.155617
0.155582
0.157575
0.157585
0.157565
0.157560
0.157560
0.157560
0.157560
0.157564
0.157580
0.157580
0.153500
0.157516
0.157556
0.157556
0.157556
0.157557
0.157557
0.157547
0.157323
0.157324
0.157294
0.157294
0.157291
0.157564
0.157535
0.157564
0.157539
0.157546
0.157545
0.157533
0.157532
0.157532
0.157532
0.157532
0.157531
0.157326
0.157327
0.157327
0.157526
0.157526
0.157527
0.157526
0.157526
0.157526
0.157526
0.157526
0.157526
0.157526
0.157526
0.157526
0.156652
0.156651
0.156651
0.156651
0.153807
0.155491
0.157983
0.154957
0.163080
0.156449
0.206879
0.204162
0.204183
0.204176
0.205184
0.205188
0.205187
0.201725
0.201297
0.201352
0.201883
0.201883
0.176122
0.198006
0.197989
0.168029
0.196854
0.166313
0.193751
0.204436
0.203094
0.204440
0.193722
0.193659
0.193659
0.193660
0.193663
0.193663
0.193663
0.193663
0.193659
0.193661
0.193661
0.193663
0.193600
0.193661
0.193661
0.193661
0.193664
0.193664
0.193664
0.193663
0.193663
0.193663
0.193663
0.193663
0.193663
0.193663
0.193663
0.193663
0.193664
0.193664
0.193664
0.193664
0.193664
0.193664
0.193664
0.193664
0.193664
0.193664
0.193664
0.193664
0.193665
0.193665
0.193665
0.193665
0.193665
0.193665
0.193665
0.193665
0.193665
0.193665
0.193665
0.193665
0.193665
0.193665
0.193665
0.193665
0.193665
0.193665
0.193665
0.193665
0.193665
0.193665
0.193665
0.193665
0.193665
0.193665
0.193665
0.193665
0.193665
0.193665
0.193665
0.193665
0.193665
0.193889
0.140874
0.140086
0.140017
0.140875
0.139615
0.140618
0.138087
0.137465
0.140987
0.122650
0.124800
0.124968
0.117300
0.119138
0.118788
0.120095
0.120269
0.120220
0.121025
0.120067
0.120581
0.118623
0.118858
0.119982
0.121516
0.120299
0.121475
0.122389
0.125211
0.133211
0.121968
0.123030
0.129028
0.122399
0.122019
0.123153
0.123099
0.122973
0.122484
0.122440
0.125106
0.124527
0.124589
0.124871
0.124070
0.123963
0.122738
0.123096
0.123390
0.124778
0.125480
0.123643
0.127407
0.124277
0.124173
0.122686
0.122226
0.123959
0.121138
0.121128
0.121554
0.121985
0.121672
0.121594
0.122248
0.123249
0.122875
0.122789
0.122743
0.122627
0.122138
0.126455
0.127470
0.131729
0.139496
0.132252
0.133172
0.129779
0.130554
0.134495
0.136986
0.136961
0.137453
0.136959
0.137213
0.137512
0.137441
0.137158
0.137427
0.137662
0.137341
0.137734
0.137707
0.136993
0.137125
0.137480
0.137907
0.133751
0.132648
0.134394
0.135047
0.134291
0.138034
0.140893
0.141428
0.140335
0.133902
0.133976
0.133814
0.136483
0.140647
0.140373
0.140953
0.133915
0.135625
0.124023
0.128001
0.127597
0.124045
0.126085
0.124311
0.124465
0.124613
0.122473
0.123371
0.124197
0.126655
0.126967
0.126434
0.124532
0.126040
0.126613
0.124784
0.124414
0.124883
0.125053
0.124944
0.124807
0.123542
0.124731
0.125038
0.124132
0.125012
0.125192
0.124845
0.124963
0.125391
0.125427
0.124939
0.125147
0.121902
0.121902
0.122230
