0.174842
0.174842
0.008101
0.008168
0.008162
0.009040
0.008749
0.009182
0.009647
0.009652
0.010210
0.010367
0.010066
0.009429
0.009360
0.008902
0.008832
0.008902
0.008827
0.008828
0.009324
0.009202
0.009258
0.009240
0.009243
0.009174
0.008890
0.008897
0.008863
0.008868
0.008778
0.008771
0.008642
0.008068
0.008064
0.007968
0.008518
0.008201
0.008277
0.008269
0.009076
0.007834
0.008779
0.009390
0.009381
0.009573
0.010193
0.010591
0.010921
0.010922
0.010871
0.010721
0.010569
0.010696
0.010687
0.011052
0.011282
0.011592
0.011660
0.011594
0.010858
0.010724
0.011344
0.011462
0.011460
0.011487
0.010506
0.010809
0.010783
0.010736
0.010917
0.011171
0.011096
0.011212
0.011214
0.011367
0.011300
0.010923
0.011148
0.011148
0.010455
0.010548
0.011999
0.011266
0.011265
0.010742
0.010935
0.011062
0.010731
0.010730
0.010849
0.010922
0.013377
0.013359
0.013361
0.012077
0.013382
0.011639
0.013197
0.013164
0.013036
0.012877
0.012883
0.011534
0.011537
0.011372
0.011491
0.011241
0.011447
0.011448
0.011322
0.011532
0.011091
0.012965
0.012965
0.012923
0.012852
0.012729
0.012746
0.012746
0.012373
0.012090
0.011782
0.011503
0.011506
0.010830
0.010867
0.010823
0.010612
0.010612
0.010836
0.010542
0.010370
0.011106
0.011107
0.011084
0.011118
0.011178
0.011191
0.011175
0.011144
0.011181
0.010238
0.010196
0.010182
0.009965
0.009966
0.010908
0.011045
0.011041
0.011087
0.010538
0.010219
0.009829
0.009839
0.009688
0.009099
0.009241
0.008990
0.008989
0.008646
0.008500
0.008699
0.008604
0.008603
0.008585
0.008615
0.008547
0.008538
0.008556
0.008394
0.007759
0.007746
0.007881
0.008665
0.008743
0.008961
0.009274
0.009467
0.009475
0.009641
0.009812
0.009593
0.009773
0.009775
0.009646
0.009654
0.009631
0.009671
0.009661
0.009584
0.009508
0.009522
0.009535
0.009074
0.009526
0.008815
0.008773
0.008810
0.008807
0.009085
0.009059
0.008658
0.008730
0.008732
0.008761
0.008830
0.008807
0.008830
0.008763
0.008496
0.008526
0.008388
0.008346
0.008347
0.008484
0.008556
0.008721
0.009077
0.009073
0.008988
0.008920
0.009700
0.009635
0.009609
0.009555
0.009633
0.009491
0.004967
0.004930
0.004907
0.004895
0.004897
0.004892
0.004884
0.004882
0.004901
0.004920
0.004925
0.004937
0.004971
0.004920
0.004916
0.004918
0.004878
0.004804
0.004785
0.004789
0.004797
0.004763
0.004777
0.004782
0.004802
0.004791
0.004786
0.004804
0.004870
0.004964
0.004951
0.005021
0.005100
0.005180
0.005216
0.005215
0.005170
0.005164
0.005071
0.005010
0.005004
0.004949
0.004896
0.004864
0.004855
0.004857
0.004798
0.004785
0.004753
0.004745
0.004728
0.004705
0.004702
0.004706
0.004699
0.004699
0.004697
0.004709
0.004697
0.004711
0.004712
0.004716
0.004693
0.004686
0.004693
0.004694
0.004661
0.004662
0.004673
0.004709
0.004706
0.004717
0.004722
0.000121
0.000110
0.000110
0.000110
0.000112
0.000110
0.000110
0.000108
0.000109
0.000106
0.000104
0.000103
0.000105
0.000102
0.000102
0.000100
0.000099
0.000097
0.000097
0.000097
0.000098
0.000098
0.000100
0.000106
0.000106
0.000103
0.000278
0.000283
0.000290
0.000289
0.000126
0.000129
0.000129
0.000136
0.000134
0.000134
0.000131
0.000123
0.000118
0.000117
0.000112
0.000276
0.000269
0.000268
0.000268
0.000268
0.000101
0.000104
0.000106
0.000106
0.000108
0.000295
0.000001
0.000000
0.000003
0.000005
0.000006
0.000006
0.000007
0.000019
0.000018
0.000018
0.000018
0.000018
0.000018
0.000018
0.000018
0.000018
0.000018
0.000018
0.000018
0.000018
0.000018
0.000018
0.000018
0.000018
0.000018
0.000018
0.000018
0.000018
0.000018
0.000018
0.000018
0.000018
0.000018
0.000018
0.000018
0.000018
0.000018
0.000019
0.000019
0.000019
0.000019
0.000019
0.000019
0.000019
0.000020
0.000020
0.000020
0.000020
0.000020
0.000020
0.000021
0.000021
0.000021
0.000021
0.000021
0.000021
0.000021
0.000021
0.000021
0.000021
0.000021
0.000021
0.000021
0.000021
0.000021
0.000021
0.000021
0.000020
0.000020
0.000020
0.000020
0.000020
0.000020
0.000020
0.000020
0.000019
0.000019
0.000020
0.000020
0.000020
0.000020
0.000020
0.000020
0.000020
0.000020
0.000021
0.000021
0.000021
0.000021
0.000020
0.000021
0.000020
0.000020
0.000021
0.000021
0.000021
0.000021
0.000021
0.000021
0.000025
0.000027
0.000027
0.000032
0.000038
0.000040
0.000044
0.000045
0.000047
0.000048
0.000048
0.000049
0.000049
0.000049
0.000049
0.000049
0.000050
0.000050
0.000049
0.000050
0.000049
0.000050
0.000050
0.000052
0.000069
0.000072
0.000072
0.000069
0.000066
0.000062
0.000055
0.000055
0.000048
0.000044
0.000041
0.000037
0.000038
0.000036
0.000036
0.000036
0.000035
0.000035
0.000035
0.000039
0.000040
0.000041
0.000041
0.000040
0.000039
0.000041
0.000042
0.000042
0.000041
0.000041
0.000040
0.000039
0.000038
0.000039
0.000038
0.000038
0.000038
0.000038
0.000040
0.000041
0.000040
0.000039
0.000039
0.000040
0.000039
0.000040
0.000041
0.000041
0.000041
0.000041
0.000041
0.000041
0.000041
0.000042
0.000042
0.000042
0.000041
0.000041
0.000041
0.000041
0.000042
0.000044
0.000043
0.000044
0.000048
0.000048
0.000048
0.000048
0.000048
0.000048
0.000048
0.000048
0.000047
0.000047
0.000047
0.000047
0.000047
0.000047
0.000047
0.000069
0.003841
0.014234
0.020760
0.016365
0.099154
0.107582
0.110188
0.109493
0.097770
0.131074
0.097367
0.092576
0.093246
0.071618
0.076787
0.075316
0.123193
0.122786
0.155335
0.172336
0.168428
0.171564
0.171437
0.089361
0.110274
0.092768
0.096105
0.096900
0.132270
0.203281
0.214892
0.217087
0.215635
0.205449
0.193386
0.190998
0.169180
0.168863
0.156195
0.144330
0.149066
0.152934
0.152106
0.152342
0.162928
0.294113
0.179926
0.179698
0.186779
0.182840
0.210390
0.201469
0.204348
0.177160
0.177530
0.157795
0.153416
0.151705
0.151607
0.130035
0.123884
0.119409
0.119035
0.110895
0.109340
0.094269
0.076455
0.077420
0.075006
0.080340
0.072997
0.065335
0.065153
0.065904
0.070861
0.056093
0.052422
0.052387
0.045648
0.042362
0.038798
0.032969
0.032675
0.039263
0.035219
0.030881
0.036113
0.035900
0.043896
0.044997
0.040376
0.042158
0.042145
0.041946
0.043660
0.042496
0.042266
0.042323
0.042301
0.042755
0.042790
0.042104
0.042056
0.041869
0.039770
0.037038
0.041446
0.041457
0.042280
0.040900
0.040932
0.040931
0.040925
0.040893
0.040900
0.040704
0.040707
0.040726
0.043174
0.043194
0.043228
0.042991
0.042919
0.042918
0.043031
0.043176
0.043444
0.043216
0.043085
0.043515
0.043385
0.043624
0.043589
0.043539
0.043462
0.045639
0.043661
0.043075
0.045739
0.045771
0.046491
0.045493
0.044114
0.044245
0.044245
0.043938
0.044221
0.043940
0.043870
0.044028
0.044100
0.043543
0.046242
0.045366
0.042716
0.044685
0.044684
0.044821
0.043212
0.045686
0.046152
0.043864
0.042617
0.045716
0.044841
0.043040
0.043025
0.043319
0.042916
0.043748
0.043704
0.043695
0.043801
0.043722
0.043726
0.043618
0.043845
0.043649
0.044013
0.043620
0.044023
0.043533
0.043623
0.043648
0.043592
0.043503
0.043516
0.043536
0.043467
0.043318
0.043386
0.043386
0.043455
0.043239
0.043426
0.043339
0.043475
0.042944
0.043024
0.042654
0.042555
0.042474
0.043017
0.043325
0.042947
0.043317
0.043258
0.043046
0.043023
0.043633
0.042635
0.042657
0.042978
0.042912
0.042807
0.043057
0.042861
0.043536
0.043317
0.045456
0.046137
0.046203
0.044477
0.046430
0.042623
0.043719
0.044072
0.043798
0.043959
0.043735
0.043745
0.043761
0.043978
0.043941
0.043942
0.043947
0.043982
0.044251
0.044254
0.044259
0.043208
0.042804
0.042527
0.042896
0.043828
0.045098
0.045017
0.044862
0.044920
0.044916
0.044862
0.044536
0.044334
0.043605
0.043422
0.043433
0.043438
0.044852
0.044900
0.044966
0.044958
0.044943
0.045637
0.044251
0.043923
0.044261
0.043862
0.044118
0.043671
0.043274
0.043329
0.043164
0.043666
0.043605
0.043559
0.043460
0.043686
0.043472
0.043457
0.043057
0.043378
0.043372
0.043566
0.043490
0.043500
0.043918
0.043757
0.046314
0.046113
0.046298
0.046663
0.046521
0.046158
0.046672
0.044560
0.046155
0.044175
0.044088
0.044180
0.044030
0.046092
0.044099
0.043321
0.043885
0.043826
0.045998
0.043791
0.044337
0.043966
0.044126
0.044445
0.044286
0.044279
0.044752
0.044673
0.044568
0.046842
0.043982
0.046681
0.044669
0.046764
0.044588
0.046329
0.043947
0.043589
0.045690
0.043649
0.043462
0.043191
0.043177
0.045153
0.045182
0.042954
0.044854
0.043067
0.044538
0.044512
0.044648
0.045200
0.043083
0.043116
0.043122
0.043084
0.043092
0.045833
0.045635
0.045247
0.043071
0.044638
0.042973
0.044812
0.042982
0.045109
0.043527
0.043066
0.043496
0.043582
0.045862
0.043435
0.046612
0.045781
0.046844
0.046694
0.043439
0.046262
0.044724
0.044770
0.044825
0.045478
0.046938
0.046922
0.046229
0.044210
0.044519
0.044974
0.045068
0.045105
0.044807
0.045543
0.047522
0.047399
0.047386
0.045235
0.045828
0.045340
0.045208
0.045670
0.046843
0.045291
0.047097
0.045327
0.045327
0.045688
0.045494
0.045323
0.045253
0.045067
0.045379
0.045370
0.045058
0.045808
0.045383
0.044957
0.045074
0.045090
0.044969
0.045129
0.045350
0.046949
0.046992
0.046614
0.046581
0.046487
0.045921
0.046122
0.046397
0.046128
0.046305
0.046532
0.046349
0.046347
0.046963
0.045772
0.046187
0.045945
0.045694
0.045693
0.045671
0.043770
0.044240
0.044359
0.044267
0.044264
0.043663
0.043708
0.043988
0.043327
0.045645
0.044811
0.044476
0.044184
0.044297
0.044745
0.044425
0.044461
0.044616
0.044629
0.044859
0.045370
0.045032
0.045539
0.045562
0.045014
0.045034
0.045322
0.045274
0.045482
0.045940
0.045298
0.045597
0.044780
0.045532
0.045498
0.045378
0.045583
0.044688
0.044609
0.044587
0.044757
0.044728
0.044721
0.044775
0.045331
0.045071
0.045052
0.044447
0.044191
0.044341
0.044150
0.044159
0.044029
0.043156
0.043027
0.042951
0.042769
0.043378
0.043358
0.043790
0.044087
0.042651
0.042714
0.043717
0.043719
0.043900
0.044429
0.044479
0.043980
0.043962
0.043806
0.043822
0.043911
0.043730
0.043731
0.043958
0.043991
0.044238
0.044345
0.043782
0.043646
0.043670
0.043537
0.045577
0.045797
0.045878
0.045554
0.043949
0.043973
0.043791
0.043760
0.043734
0.043893
0.044353
0.043996
0.045436
0.043798
0.043694
0.044383
0.045754
0.045969
0.046159
0.046118
0.046110
0.046267
0.046358
0.046309
0.046175
0.046009
0.046015
0.045627
0.046087
0.045768
0.045963
0.043857
0.043761
0.043622
0.045585
0.043448
0.045538
0.045457
0.045675
0.045253
0.043151
0.045225
0.045136
0.045507
0.045770
0.045783
0.043577
0.043334
0.043258
0.043308
0.043341
0.043074
0.043189
0.043111
0.043187
0.043688
0.045510
0.045279
0.045157
0.043530
0.044981
0.045278
0.045693
0.044336
0.045899
0.045234
0.046061
0.044873
0.046888
0.044381
0.044581
0.046184
0.046274
0.047246
0.045192
0.047725
0.045720
0.045806
0.046249
0.048156
0.048163
0.047691
0.047985
0.046055
0.047761
0.045909
0.046485
0.047238
0.046098
0.045882
0.046586
0.047021
0.046663
0.046614
0.048440
0.048273
0.048012
0.048562
0.046211
0.048445
0.046454
0.046173
0.046356
0.045962
0.048075
0.047813
0.048208
0.047040
0.046096
0.048799
0.046765
0.046837
0.048975
0.047993
0.046400
0.046302
0.048535
0.048452
0.045666
0.046579
0.046472
0.048773
0.048410
0.048062
0.047194
0.046194
0.046278
0.047485
0.047863
0.045491
0.045758
0.046001
0.045298
0.045433
0.045534
0.045509
0.046057
0.047896
0.046250
0.048045
0.047654
0.048014
0.048112
0.048323
0.048483
0.048207
0.048151
0.048508
0.046662
0.046542
0.048262
0.046345
0.046335
0.046325
0.048278
0.047115
0.047051
0.047100
0.047067
0.048447
0.046364
0.046382
0.046169
0.048122
0.048422
0.047745
0.048341
0.048636
0.047188
0.046398
0.048381
0.046130
0.046733
0.046969
0.046963
0.048448
0.048986
0.046439
0.046567
0.048387
0.047835
0.047974
0.047784
0.048170
0.048107
0.048098
0.047894
0.046335
0.046046
0.045310
0.046081
0.046075
0.048129
0.048258
0.048306
0.048266
0.048104
0.048084
0.045925
0.047968
0.047898
0.048030
0.047833
0.047819
0.047848
0.045869
0.047786
0.047725
0.047665
0.047631
0.047664
0.045581
0.047657
0.047570
0.047489
0.047522
0.047572
0.047985
0.047416
0.047813
0.046867
0.044699
0.044331
0.044262
0.044210
0.043952
0.044534
0.043982
0.044170
0.046906
0.046303
0.044569
0.046540
0.044783
0.045354
0.045356
0.045332
0.045108
0.044940
0.045836
0.061277
0.060792
0.060795
0.060791
0.061299
0.060400
0.060510
0.059742
0.060669
0.061095
0.061858
0.060528
0.061480
0.060256
0.060328
0.060454
0.060281
0.060169
0.060677
0.060364
0.060359
0.059708
0.059433
0.059500
0.060719
0.060907
0.060215
0.060206
0.060986
0.060940
0.060921
0.061078
0.061269
0.060862
0.060834
0.061187
0.060838
0.060306
0.060890
0.060853
0.060878
0.060315
0.061041
0.060013
0.060391
0.061189
0.060118
0.060461
0.060542
0.061333
0.060350
0.060409
0.060582
0.060400
0.060408
0.060449
0.060467
0.061300
0.060461
0.060517
0.060549
0.060194
0.060217
0.061806
0.061410
0.060432
0.060745
0.061586
0.061553
0.059946
0.061307
0.061982
0.061048
0.062019
0.061161
0.060054
0.060521
0.061003
0.060899
0.060646
0.060813
0.061351
0.061350
0.061363
0.061624
0.062479
0.061046
0.062181
0.060180
0.062819
0.062591
0.060019
0.063385
0.062865
0.062880
0.063415
0.063721
0.063921
0.063974
0.063350
0.063488
0.064402
0.064599
0.064557
0.064862
0.064069
0.063483
0.063466
0.063435
0.063444
0.063446
0.063955
0.063659
0.063877
0.063872
0.064629
0.064030
0.064028
0.064089
0.064499
0.064057
0.064508
0.064101
0.064147
0.064157
0.064158
0.064176
0.063031
0.063086
0.063093
0.062869
0.063916
0.060846
0.060933
0.061947
0.061871
0.061250
0.061555
0.064437
0.064429
0.064437
0.064387
0.063415
0.060605
0.063548
0.063420
0.063395
0.060690
0.063222
0.063145
0.061500
0.062874
0.061481
0.060048
0.062694
0.062629
0.062694
0.062661
0.062674
0.062640
0.059939
0.048963
0.050191
0.048541
0.048281
0.048459
0.048294
0.048408
0.048282
0.048318
0.048426
0.048821
0.049030
0.049066
0.049039
0.048625
0.049181
0.049091
0.049193
0.049208
0.048605
0.048109
0.048696
0.049143
0.049099
0.049086
0.050711
0.049072
0.049030
0.048995
0.048709
0.048995
0.049719
0.048854
0.049449
0.049090
0.045819
0.046551
0.046312
0.046248
0.046088
0.048018
0.046197
0.045932
0.045899
0.045905
0.045963
0.045960
0.045958
0.046035
0.046521
0.046032
0.046191
0.046404
0.046411
0.046408
0.046353
0.046394
0.046621
0.046469
0.046505
0.046476
0.046371
0.046315
0.046245
0.046608
0.046681
0.046393
0.046470
0.046451
0.046474
0.046619
0.046653
0.046509
0.046504
0.046408
0.046199
0.046201
0.046253
0.046341
0.046552
0.046479
0.046465
0.046652
0.046470
0.046436
0.046708
0.046370
0.046467
0.046429
0.046724
0.046621
0.046557
0.046686
0.046737
0.046613
0.046708
0.048599
0.046805
0.046830
0.046196
0.046800
0.046567
0.046581
0.046568
0.046822
0.046820
0.046760
0.046864
0.046777
0.048312
0.046858
0.046881
0.046943
0.046820
0.046883
0.046829
0.046681
0.046631
0.046649
0.047077
0.046839
0.046896
0.046903
0.046861
0.046704
0.047355
0.046947
0.047007
0.046952
0.046795
0.046743
0.046904
0.046966
0.047234
0.046916
0.046865
0.047027
0.047058
0.046893
0.048450
0.046643
0.046879
0.046817
0.046817
0.046776
0.046668
0.046675
0.046637
0.046629
0.048866
0.048884
0.046664
0.046776
0.046797
0.046799
0.046897
0.047038
0.046819
0.047027
0.047140
0.047374
0.046911
0.046921
0.047010
0.046962
0.047005
0.047089
0.047207
0.047083
0.046917
0.047447
0.047586
0.047454
0.047514
0.047554
0.047516
0.047607
0.047567
0.047537
0.047629
0.047560
0.047578
0.047506
0.047621
0.047594
0.047695
0.047518
0.047600
0.047578
0.047530
0.047293
0.047744
0.047607
0.047453
0.047173
0.046820
0.047045
0.046585
0.046705
0.046805
0.047566
0.047324
0.046583
0.046821
0.047005
0.046565
0.046320
0.046268
0.046250
0.046009
0.045908
0.047871
0.047854
0.047852
0.047933
0.047833
0.046000
0.045858
0.046020
0.045814
0.046050
0.046133
0.046807
0.046713
0.046157
0.047841
0.045791
0.045762
0.045708
0.045699
0.047104
0.047437
0.045626
0.045628
0.045779
0.045959
0.046161
0.048004
0.048164
0.046478
0.046843
0.046894
0.049075
0.049142
0.049354
0.048091
0.049958
0.048164
0.048135
0.048413
0.048353
0.048387
0.048299
0.048462
0.048635
0.050760
0.050753
0.048909
0.050900
0.050814
0.048916
0.050371
0.049149
0.049106
0.049567
0.049547
0.049155
0.049242
0.049422
0.050053
0.051900
0.050288
0.050597
0.050578
0.050738
0.050928
0.050939
0.050851
0.050864
0.050954
0.050714
0.051215
0.051257
0.051281
0.051238
0.051788
0.051323
0.053683
0.053765
0.053331
0.051005
0.053004
0.050992
0.053215
0.053090
0.052446
0.053009
0.051051
0.051168
0.051148
0.051315
0.051291
0.051262
0.051294
0.050996
0.053586
0.052983
0.053091
0.051266
0.053544
0.051380
0.054061
0.052066
0.052046
0.052143
0.052013
0.052145
0.052090
0.052111
0.052000
0.052028
0.052027
0.052105
0.052196
0.052159
0.052072
0.052061
0.051994
0.052065
0.052021
0.052085
0.051889
0.051866
0.051924
0.051685
0.051974
0.051930
0.052029
0.052040
0.052085
0.052154
0.052134
0.052115
0.052171
0.051992
0.052055
0.052004
0.051889
0.051389
0.052198
0.052077
0.053744
0.051943
0.051877
0.051828
0.051947
0.051590
0.051732
0.051653
0.051670
0.051631
0.051521
0.051576
0.051482
0.051574
0.051421
0.051585
0.051579
0.051554
0.051611
0.051481
0.051580
0.051630
0.051635
0.051732
0.051711
0.051599
0.051578
0.051513
0.050765
0.053086
0.050689
0.050631
0.050626
0.050719
0.050709
0.051097
0.051012
0.050770
0.050540
0.050020
0.049386
0.048922
0.048902
0.048816
0.048450
0.048849
0.048173
0.048832
0.048773
0.048775
0.048987
0.049060
0.049116
0.049160
0.049203
0.050695
0.049070
0.050445
0.050541
0.050532
0.051658
0.049310
0.049750
0.050174
0.048657
0.048843
0.050136
0.050174
0.048356
0.050378
0.051016
0.051109
0.051009
0.051585
0.052438
0.052972
0.054531
0.054392
0.052394
0.052426
0.052493
0.052532
0.054890
0.054977
0.052787
0.052991
0.052795
0.052650
0.052560
0.052399
0.052632
0.053138
0.053172
0.053079
0.053363
0.053215
0.053259
0.053227
0.053391
0.055392
0.053178
0.053469
0.053488
0.053002
0.055033
0.053166
0.053502
0.053403
0.053437
0.053363
0.054050
0.053552
0.055675
0.055729
0.055737
0.053539
0.053549
0.054736
0.055468
0.055461
0.053537
0.055551
0.053632
0.054881
0.055641
0.052915
0.054649
0.054569
0.053130
0.053299
0.053844
0.053899
0.053950
0.053881
0.053938
0.053935
0.053943
0.053855
0.053866
0.053736
0.053749
0.053713
0.053851
0.053881
0.053934
0.053839
0.053788
0.053666
0.053090
0.053569
0.053128
0.055517
0.053341
0.053364
0.052469
0.053123
0.052983
0.052616
0.052473
0.052549
0.053599
0.051506
0.051299
0.052010
0.051121
0.053324
0.051462
0.051263
0.051442
0.051915
0.051207
0.051195
0.051295
0.053159
0.053168
0.053263
0.053445
0.051491
0.053484
0.051593
0.051532
0.051411
0.051257
0.053137
0.051298
0.051237
0.051576
0.051483
0.053380
0.053308
0.053115
0.051169
0.052954
0.050892
0.051493
0.051710
0.051716
0.051718
0.051577
0.051523
0.051437
0.051572
0.052894
0.051352
0.053255
0.051416
0.051340
0.051278
0.050937
0.050955
0.051184
0.051090
0.050999
0.051358
0.051378
0.053444
0.050994
0.050964
0.051079
0.051322
0.051249
0.051681
0.051715
0.052030
0.051961
0.051559
0.051590
0.051629
0.053354
0.051742
0.051692
0.052043
0.051992
0.051958
0.051958
0.051961
0.052257
0.052523
0.052640
0.052586
0.052326
0.052848
0.052288
0.052903
0.052846
0.052995
0.053080
0.053102
0.053332
0.052550
0.052992
0.053044
0.052856
0.054049
0.052142
0.052393
0.052608
0.052243
0.052556
0.052543
0.052523
0.052687
0.052598
0.054389
0.052807
0.052923
0.052969
0.054777
0.053160
0.052916
0.053160
0.053135
0.053278
0.053397
0.053386
0.053842
0.055362
0.055268
0.055876
0.053770
0.053753
0.053714
0.053809
0.053784
0.053753
0.053804
0.053742
0.053745
0.053663
0.053531
0.053485
0.053658
0.053538
0.053544
0.053481
0.053561
0.053198
0.053354
0.053257
0.053278
0.053059
0.052747
0.052906
0.052732
0.052741
0.052546
0.052417
0.052674
0.052613
0.052653
0.052333
0.052456
0.052709
0.052175
0.052090
0.052739
0.053254
0.053310
0.053362
0.052772
0.053464
0.053366
0.052790
0.053666
0.053666
0.053767
0.053767
0.053920
0.064321
0.064193
0.064313
0.065392
0.065303
0.064622
0.065649
0.065779
0.062780
0.064734
0.065787
0.065536
0.065665
0.066461
0.066724
0.066850
0.067353
0.067077
0.065905
0.065901
0.065820
0.065183
0.066101
0.066139
0.065786
0.065300
0.064273
0.065183
0.064676
0.064907
0.065154
0.065169
0.064424
0.065384
0.063966
0.062235
0.065074
0.062494
0.063779
0.063692
0.064356
0.063414
0.064558
0.063963
0.063800
0.063590
0.064552
0.059958
0.062985
0.062824
0.059803
0.061807
0.061833
0.061456
0.062029
0.060962
0.061633
0.060752
0.060811
0.060281
0.060913
0.059929
0.060040
0.059615
0.060269
0.059360
0.059415
0.059417
0.058545
0.058563
0.059653
0.060748
0.059838
0.059129
0.059944
0.059938
0.059721
0.059777
0.058881
0.058168
0.058105
0.058656
0.058333
0.058001
0.057827
0.057894
0.057804
0.057666
0.057765
0.057732
0.056965
0.057912
0.057953
0.058029
0.057922
0.058190
0.058858
0.058863
0.059336
0.058505
0.058648
0.060249
0.060246
0.059209
0.059406
0.060830
0.060054
0.061262
0.060692
0.060576
0.060808
0.060636
0.060463
0.060475
0.060698
0.061590
0.061493
0.060946
0.061572
0.060971
0.061584
0.061564
0.061590
0.061530
0.061742
0.061215
0.060309
0.061066
0.060816
0.061804
0.061083
0.061508
0.060620
0.061434
0.061576
0.061013
0.060801
0.060714
0.061807
0.061907
0.060640
0.061794
0.061754
0.061906
0.061965
0.060795
0.060595
0.060935
0.060572
0.060845
0.061091
0.061145
0.061954
0.061887
