0.158214
0.158214
0.109070
0.091405
0.079593
0.073146
0.076042
0.074674
0.074136
0.072726
0.069424
0.070263
0.069674
0.068679
0.065438
0.064508
0.064010
0.064951
0.065196
0.064254
0.063810
0.062899
0.062441
0.069113
0.073737
0.073532
0.070775
0.071697
0.068306
0.063396
0.059363
0.062552
0.061736
0.060880
0.060505
0.063212
0.062459
0.065401
0.070543
0.072797
0.076903
0.078927
0.090543
0.088593
0.086651
0.094155
0.102426
0.104765
0.098751
0.089810
0.110494
0.109688
0.097948
0.097894
0.095092
0.090356
0.089023
0.106061
0.103774
0.104010
0.099987
0.104133
0.092339
0.092909
0.093185
0.089292
0.088499
0.081337
0.086678
0.077690
0.074055
0.079188
0.075730
0.074913
0.079392
0.080199
0.080669
0.085493
0.080638
0.078604
0.079659
0.082225
0.085421
0.083060
0.083762
0.081418
0.089904
0.090894
0.090441
0.092313
0.089015
0.088870
0.085848
0.076323
0.085888
0.084807
0.080039
0.083628
0.079440
0.082232
0.084306
0.083371
0.080466
0.082355
0.084353
0.084934
0.090888
0.089047
0.089656
0.089187
0.083542
0.082545
0.082720
0.084580
0.088546
0.088214
0.090530
0.093720
0.097157
0.099755
0.097491
0.092701
0.113491
0.117625
0.095085
0.090595
0.087549
0.083688
0.085141
0.085658
0.087997
0.082439
0.074058
0.059529
0.071096
0.075312
0.079993
0.081831
0.084203
0.082433
0.081114
0.082977
0.089196
0.083418
0.080603
0.073352
0.080212
0.080647
0.068924
0.066797
0.066470
0.072905
0.077014
0.080752
0.084407
0.088149
0.089711
0.088844
0.092590
0.093865
0.093922
0.098567
0.095272
0.092463
0.093808
0.090184
0.090653
0.090584
0.087058
0.089027
0.090851
0.085491
0.083857
0.086823
0.090964
0.090047
0.090998
0.089432
0.088386
0.087791
0.085789
0.088215
0.085780
0.086529
0.087931
0.086627
0.087722
0.088155
0.088670
0.088061
0.088777
0.086145
0.089578
0.090232
0.090394
0.092419
0.090062
0.088996
0.091001
0.090398
0.090417
0.089558
0.091274
0.091308
0.091192
0.090585
0.089990
0.091408
0.091035
0.090431
0.090550
0.090392
0.088787
0.089076
0.088399
0.089577
0.089127
0.088898
0.089016
0.077103
0.088776
0.088372
0.088072
0.088661
0.088296
0.088413
0.088512
0.088505
0.089192
0.088872
0.088865
0.089286
0.091140
0.088511
0.090092
0.089985
0.086159
0.087886
0.088520
0.089151
0.094919
0.096256
0.095063
0.096587
0.089781
0.096205
0.089968
0.090961
0.088587
0.089713
0.086189
0.086040
0.088687
0.090513
0.089975
0.090490
0.089911
0.090047
0.087122
0.086823
0.087824
0.087871
0.088235
0.088771
0.086897
0.093499
0.087157
0.086825
0.088752
0.070316
0.062289
0.073534
0.063182
0.076059
0.073492
0.072465
0.072313
0.070553
0.068961
0.070905
0.069740
0.066024
0.066941
0.066867
0.068857
0.070776
0.069556
0.073344
0.068339
0.069817
0.071263
0.070277
0.073194
0.072921
0.070258
0.073870
0.073497
0.073464
0.069622
0.068258
0.068053
0.075457
0.068394
0.068133
0.067362
0.066485
0.066274
0.068720
0.065445
0.064654
0.065397
0.062965
0.063083
0.070652
0.070126
0.061065
0.070157
0.059243
0.070261
0.064901
0.063121
0.057939
0.066708
0.067609
0.075816
0.067817
0.068206
0.064025
0.063873
0.066707
0.062605
0.062713
0.059311
0.057881
0.060234
0.060244
0.061915
0.060603
0.060492
0.062903
0.060456
0.059352
0.053513
0.052128
0.054168
0.057105
0.056511
0.054453
0.057723
0.056598
0.052119
0.058954
0.052357
0.052864
0.059094
0.059907
0.058738
0.058702
0.058307
0.058322
0.058214
0.058064
0.058321
0.058649
0.058342
0.059892
0.058867
0.058735
0.058421
0.056913
0.056973
0.057658
0.058000
0.057089
0.057345
0.057365
0.056842
0.058881
0.057707
0.056893
0.057178
0.056124
0.057382
0.058095
0.058088
0.056602
0.056809
0.056090
0.055925
0.055869
0.055475
0.056618
0.055356
0.056068
0.056127
0.056293
0.056158
0.056084
0.057919
0.057035
0.056035
0.057201
0.057124
0.057564
0.057474
0.058669
0.057456
0.057318
0.057067
0.056785
0.056723
0.055696
0.055948
0.056103
0.056625
0.057070
0.057217
0.057286
0.057902
0.057617
0.057305
0.057679
0.057587
0.057308
0.055896
0.056740
0.057612
0.058094
0.058329
0.058698
0.059863
0.058478
0.059318
0.060194
0.057462
0.058067
0.058048
0.057868
0.057676
0.057554
0.056919
0.058322
0.059573
0.060448
0.061789
0.061535
0.062169
0.063045
0.065354
0.067826
0.065015
0.062298
0.065133
0.064975
0.062458
0.060390
0.068721
0.067041
0.068734
0.068115
0.065677
0.065954
0.065463
0.065000
0.070224
0.065272
0.070096
0.069844
0.065197
0.069519
0.069766
0.068979
0.067766
0.058281
0.063747
0.063425
0.059747
0.060682
0.061327
0.056854
0.053756
0.057926
0.060638
0.072804
0.070267
0.071867
0.071535
0.072327
0.060415
0.057623
0.061466
0.067037
0.067022
0.070775
0.071449
0.072319
0.072768
0.073346
0.075051
0.075796
0.076693
0.076743
0.076331
0.075776
0.076329
0.076771
0.075436
0.075202
0.075032
0.074057
0.073857
0.076102
0.073818
0.074134
0.074756
0.071445
0.074108
0.074898
0.073454
0.076604
0.076531
0.075644
0.074236
0.072114
0.072512
0.072998
0.074853
0.073838
0.075596
0.074004
0.072329
0.074465
0.074175
0.061888
0.074105
0.073553
0.073581
0.073913
0.075729
0.074613
0.074943
0.074836
0.074586
0.074863
0.074879
0.074786
0.075066
0.074480
0.074592
0.073556
0.065648
0.073921
0.074527
0.073320
0.061643
0.072853
0.071866
0.070803
0.069790
0.066329
0.059425
0.065101
0.064838
0.065448
0.064448
0.063011
0.060711
0.060145
0.059259
0.056821
0.056470
0.056031
0.055215
0.055595
0.056359
0.058929
0.059281
0.058780
0.058292
0.057735
0.057613
0.057620
0.058186
0.265238
0.258314
0.263934
0.261407
0.260146
0.256398
0.256114
0.267399
0.266102
0.252246
0.262954
0.268289
0.256019
0.253560
0.268358
0.268678
0.251554
0.256304
0.256933
0.254463
0.240529
0.229583
0.258702
0.263177
0.250191
0.249775
0.246905
0.245842
0.250648
0.249850
0.251477
0.259031
0.242986
0.255188
0.253599
0.236848
0.246699
0.245102
0.289121
0.273116
0.266783
0.270024
0.255076
0.286048
0.263858
0.276070
0.277777
0.266704
0.256328
0.255133
0.257435
0.260708
0.254584
0.262237
0.262350
0.274458
0.278054
0.270052
0.291154
0.288056
0.294611
0.286419
0.289633
0.278067
0.256049
0.188853
0.175733
0.162510
0.151347
0.137993
0.125998
0.115764
0.111074
0.100797
0.091611
0.091457
0.083644
0.077720
0.072971
0.071667
0.064846
0.064509
0.061166
0.047420
0.044450
0.058751
0.060928
0.060355
0.060500
0.059653
0.060480
0.061451
0.057516
0.061203
0.060490
0.061766
0.060956
0.063030
0.064252
0.061535
0.063082
0.061212
0.062899
0.061538
0.063149
0.063471
0.063529
0.063973
0.063143
0.063233
0.064445
0.064057
0.063623
0.059426
0.062788
0.060953
0.064672
0.065139
0.062735
0.065093
0.061054
0.064711
0.064545
0.062058
0.062051
0.061197
0.065554
0.063774
0.066632
0.068209
0.069539
0.066025
0.068967
0.066001
0.071533
0.055786
0.057143
0.057214
0.056765
0.056119
0.055818
0.056380
0.055172
0.054739
0.055226
0.055626
0.054977
0.057060
0.051597
0.049858
0.053471
0.059210
0.063586
0.062402
0.065208
0.067363
0.073375
0.070382
0.071396
0.071099
0.071985
0.071746
0.072754
0.067420
0.069244
0.068496
0.068518
0.068117
0.068359
0.068506
0.067675
0.068767
0.072685
0.056448
0.056668
0.060413
0.068199
0.068236
0.067923
0.068198
0.067901
0.068621
0.068351
0.066785
0.065873
0.064437
0.068939
0.073966
0.073854
0.073647
0.073593
0.072003
0.072112
0.070992
0.068324
0.068165
0.068815
0.068838
0.069763
0.069514
0.069647
0.069380
0.069181
0.069344
0.069024
0.067526
0.068424
0.068192
0.067559
0.066528
0.065708
0.068153
0.068226
0.068059
0.068492
0.066491
0.067012
0.067912
0.068689
0.068144
0.068180
0.065630
0.067274
0.068201
0.067132
0.068007
0.068287
0.067586
0.067364
0.067171
0.067981
0.067117
0.067562
0.067434
0.065647
0.065001
0.064020
0.063493
0.062528
0.063880
0.063227
0.062738
0.062060
0.061226
0.061232
0.060482
0.059596
0.059028
0.059365
0.058783
0.057576
0.059604
0.059347
0.059513
0.059710
0.059132
0.059585
0.058373
0.058948
0.059228
0.060163
0.059906
0.059862
0.059119
0.058866
0.058667
0.059000
0.081207
0.080354
0.085136
0.080843
0.076618
0.073899
0.075186
0.065657
0.069329
0.070362
0.068642
0.069559
0.069785
0.067649
0.067512
0.068164
0.068340
0.059859
0.068538
0.057229
0.056149
0.052426
0.055006
0.051308
0.056249
0.056867
0.056065
0.056331
0.058810
0.053276
0.055082
0.054972
0.051017
0.053542
0.046119
0.046153
0.046472
0.046588
0.048578
0.050991
0.050535
0.049824
0.050752
0.054075
0.054972
0.057368
0.056142
0.056805
0.055340
0.056554
0.059261
0.057342
0.062470
0.057300
0.057329
0.056487
0.055698
0.059781
0.059275
0.059017
0.058743
0.058995
0.058919
0.059956
0.062645
0.063189
0.061808
0.063451
0.074436
0.071231
0.069349
0.060619
0.060011
0.059560
0.060571
0.061974
0.063496
0.056428
0.056432
0.068674
0.051765
0.055984
0.055700
0.056872
0.053581
0.054394
0.046545
0.046746
0.046472
0.049892
0.050235
0.049049
0.048639
0.049761
0.050837
0.049789
0.051138
0.053027
0.056081
0.070222
0.066832
0.069397
0.069062
0.065422
0.053078
0.066718
0.063668
0.053697
0.055213
0.054992
0.066418
0.053096
0.066457
0.053897
0.057058
0.062269
0.057888
0.052936
0.051134
0.069299
0.057560
0.048626
0.038636
0.030084
0.040508
0.043987
0.046145
0.042931
0.043310
0.044695
0.041628
0.042927
0.033450
0.046966
0.044255
0.043864
0.050688
0.050492
0.063935
0.067971
0.001032
0.000954
0.000720
0.000569
0.000463
0.000588
0.000340
0.000196
0.000086
0.000021
0.000000
0.000041
0.000187
0.000367
0.000537
0.000909
0.001292
0.001664
0.001935
0.001773
0.001921
0.001906
0.002263
0.002554
0.002790
0.002604
0.002635
0.002779
0.002919
0.003386
0.003549
0.004342
0.003702
0.004271
0.004230
0.004483
0.004684
0.004977
0.005248
0.005397
0.006570
0.006672
0.006714
0.006592
0.006684
0.006586
0.006925
0.007039
0.007020
0.007003
0.006711
0.006800
0.006801
0.006978
0.007044
0.006595
0.006736
0.006731
0.006719
0.007003
0.007138
0.058050
0.056615
0.058070
0.057359
0.057780
0.056364
0.056877
0.056821
0.057541
0.057826
0.058093
0.057219
0.056606
0.056813
0.057505
0.057676
0.057778
0.057189
0.058342
0.058327
0.058114
0.057947
0.058016
0.057847
0.057575
0.058198
0.058008
0.058099
0.058056
0.057680
0.056751
0.058363
0.058326
0.051887
0.059312
0.055973
0.058444
0.054892
0.055689
0.057175
0.057512
0.056354
0.056828
0.056937
0.057674
0.056866
0.056617
0.057203
0.053556
0.057653
0.058410
0.058864
0.057719
0.059679
0.059586
0.057404
0.057970
0.059705
0.059896
0.058851
0.059548
0.059094
0.057374
0.057769
0.055750
0.057709
0.061476
0.061974
0.056971
0.053588
0.052318
0.052307
0.063723
0.064476
0.070514
0.063983
0.063109
0.063323
0.071473
0.069994
0.070011
0.069848
0.064253
0.064456
0.066354
0.064234
0.070786
0.071163
0.071457
0.070195
0.060830
0.070424
0.059061
0.061480
0.062463
0.062653
0.068528
0.060045
0.059685
0.060079
0.068211
0.066868
0.067025
0.069400
0.068111
0.067537
0.067367
0.067159
0.068581
0.068366
0.069021
0.069087
0.066975
0.068468
0.067876
0.068071
0.068508
0.067672
0.067069
0.068224
0.066157
0.067491
0.057687
0.057713
0.062812
0.059402
0.055840
0.056124
0.054501
0.058367
0.058625
0.057985
0.059859
0.058250
0.057558
0.057595
0.056731
0.056142
0.055877
0.055105
0.055863
0.057004
0.054763
0.057426
0.057304
0.057708
0.057364
0.058048
0.058160
0.057629
0.057582
0.057228
0.057599
0.056368
0.056139
0.056060
0.056282
0.056385
0.055766
0.055491
0.055346
0.056416
0.057138
0.056733
0.057595
0.057679
0.058272
0.061465
0.060961
0.060827
0.062784
0.062995
0.056648
0.063187
0.061234
0.062806
0.057814
0.056133
0.061752
0.063229
0.063519
0.065091
0.073503
0.064751
0.064854
0.063995
0.064872
0.062138
0.062996
0.060990
0.058101
0.062957
0.059829
0.059162
0.062240
0.057517
0.059453
0.058346
0.060370
0.060682
0.059966
0.059795
0.059899
0.058711
0.058736
0.058297
0.058936
0.057938
0.058957
0.055101
0.054982
0.054801
0.055673
0.055571
0.055533
0.055293
0.055699
0.056662
0.056740
0.055086
0.056937
0.057036
0.056451
0.057151
0.057247
0.058358
0.036485
0.036461
0.036266
0.036204
0.035927
0.037623
0.037998
0.037979
0.037120
0.036091
0.035951
0.038522
0.034047
0.036398
0.036621
0.035190
0.035493
0.035195
0.037672
0.037323
0.036122
0.037967
0.037083
0.037829
0.038074
0.038067
0.037783
0.037951
0.037935
0.037948
0.038514
0.037567
0.038674
0.038801
0.037714
0.038487
0.037307
0.036891
0.037624
0.037060
0.037282
0.036190
0.036729
0.036961
0.037499
0.038812
0.038564
0.039030
0.037133
0.036561
0.037486
0.036315
0.037156
0.037426
0.037624
0.038331
0.038479
0.039112
0.038584
0.039031
0.039623
0.039422
0.037439
0.035158
0.034893
0.034263
0.038125
0.038003
0.038139
0.038678
0.046134
0.046866
0.046803
0.038755
0.046896
0.045098
0.045863
0.045782
0.045715
0.047185
0.047265
0.048086
0.047439
0.047414
0.044509
0.043896
0.048300
0.047074
0.045971
0.048803
0.044247
0.045847
0.046136
0.044855
0.044311
0.043857
0.048004
0.050123
0.049823
0.049315
0.046012
0.044481
0.048231
0.043569
0.042635
0.043715
0.040449
0.039704
0.038830
0.039097
0.039322
0.040177
0.039907
0.039799
0.040305
0.039688
0.038914
0.041876
0.042697
0.039293
0.039374
0.038555
0.042704
0.042731
0.044621
0.041287
0.041189
0.040988
0.041270
0.042169
0.042197
0.043047
0.042366
0.042675
0.042309
0.042661
0.057621
0.054439
0.051949
0.055327
0.051811
0.052835
0.052861
0.054114
0.054626
0.056856
0.052651
0.052873
0.051855
0.051507
0.054307
0.053301
0.049128
0.050061
0.052256
0.053997
0.053949
0.052745
0.053876
0.053744
0.052926
0.051526
0.053864
0.050605
0.051936
0.050977
0.050079
0.050140
0.050411
0.050106
0.054483
0.052040
0.052406
0.059500
0.061440
0.059522
0.055381
0.055685
0.054310
0.055070
0.053555
0.053330
0.053869
0.053664
0.053113
0.052942
0.055329
0.056982
0.054168
0.054193
0.055361
0.055642
0.055682
0.056722
0.056886
0.055075
0.055140
0.054341
0.055310
0.054775
0.054578
0.052922
0.051762
0.053086
0.055512
0.055184
0.054098
0.055127
0.053394
0.053537
0.053457
0.049146
0.052350
0.052056
0.055066
0.056405
0.055523
0.052358
0.057362
0.058214
0.053018
0.056893
0.055346
0.048217
0.048042
0.048179
0.046201
0.045252
0.047094
0.048286
0.046748
0.047834
0.048530
0.047798
0.043654
0.045590
0.044649
0.043372
0.043780
0.043035
0.043736
0.042736
0.042221
0.043329
0.042620
0.044133
0.047860
0.043480
0.043942
0.044000
0.044058
0.044776
0.043550
0.047039
0.046866
0.047053
0.048061
0.047105
0.046817
0.046635
0.044954
0.045377
0.045503
0.045441
0.043139
0.042794
0.044957
0.042682
0.045157
0.045113
0.044385
0.045007
0.044363
0.044481
0.054545
0.054301
0.054380
0.066024
0.054881
0.065717
0.065564
0.064768
0.060020
0.060041
0.061008
0.061564
0.062162
0.063689
0.060856
0.060321
0.064140
0.062905
0.061193
0.065506
0.064392
0.064123
0.063816
0.065335
0.066424
0.065120
0.064890
0.065442
0.064591
0.064514
0.064966
0.065300
0.065648
0.065079
0.064292
0.063914
0.063800
0.064498
0.063725
0.063577
0.064443
0.063869
0.066262
0.066786
0.067596
0.067708
0.066431
0.066865
0.064110
0.243252
0.215241
0.243507
0.235444
0.235272
0.210784
0.234072
0.218389
0.216673
0.219563
0.216467
0.251125
0.238473
0.236377
0.239529
0.251823
0.252488
0.253496
0.253863
0.252520
0.252209
0.252805
0.252931
0.257597
0.240745
0.241840
0.240121
0.253202
0.252608
0.251995
0.251853
0.236210
0.237046
0.253668
0.251828
0.253965
0.246857
0.253817
0.252590
0.254892
0.253851
0.251436
0.250621
0.242085
0.252648
0.252642
0.254122
0.251004
0.250200
0.249193
0.238944
0.231982
0.231010
0.247683
0.247427
0.237752
0.247522
0.249408
0.246162
0.248572
0.246799
0.246878
0.246637
0.249818
0.255062
0.256504
0.256232
0.245100
0.244004
0.242699
0.242914
0.246253
0.246222
0.231512
0.231604
0.229890
0.232287
0.235812
0.224021
0.219782
0.237600
0.239896
0.229029
0.232181
0.236779
0.236697
0.238358
0.245504
0.252677
0.254806
0.237613
0.256101
0.258553
0.262212
0.226291
0.242849
0.237574
0.258346
0.253383
0.247482
0.257786
0.265196
0.246971
0.262879
0.267224
0.275614
0.284601
0.289157
0.282870
0.284531
0.278297
0.286440
0.298067
0.297665
0.302412
0.303558
0.314147
0.310539
0.301292
0.309593
0.305261
0.306898
0.312406
0.306706
0.272814
0.267416
0.280135
0.302512
0.311261
0.324868
0.317223
0.321569
0.298144
0.272113
0.281108
0.280780
0.281405
0.274103
0.281397
0.271709
0.273595
0.265195
0.268439
0.273707
0.273472
0.282786
0.290895
0.293198
0.300353
0.316655
0.319446
0.294720
0.297597
0.297963
0.300738
0.307619
0.311757
0.315443
0.344691
0.354082
0.182988
0.191071
0.190904
0.194761
0.192860
0.192386
0.190776
0.190983
0.191585
0.192621
0.190665
0.195548
0.192814
0.193202
0.189606
0.189110
0.188285
0.187706
0.191074
0.188407
0.188183
0.192880
0.192813
0.187882
0.193861
0.190010
0.188001
0.189103
0.188499
0.193359
0.192812
0.187044
0.182124
0.188984
0.185720
0.191917
0.177093
0.177520
0.189408
0.188895
0.188408
0.193367
0.194330
0.194252
0.194833
0.192957
0.188373
0.185314
0.189996
0.189257
0.190004
0.189049
0.192708
0.195328
0.192010
0.189369
0.194901
0.194277
0.182586
0.184889
0.183604
0.182407
0.182171
0.194343
0.197578
0.190763
0.194012
0.196296
0.194336
0.191019
0.189454
0.191770
0.192351
0.188970
0.185167
0.190319
0.187367
0.190313
0.183879
0.194957
0.183732
0.187949
0.184329
0.176557
0.184257
0.184340
0.184634
0.182526
0.186717
0.186600
0.187450
0.189625
0.190730
0.189855
0.205788
0.203571
0.204738
0.208085
0.194562
0.198119
0.198669
0.197576
0.201082
0.205142
0.203531
0.188692
0.186713
0.181509
0.188843
0.189722
0.191553
0.195688
0.195971
0.197376
0.198962
0.201801
0.200933
0.198171
0.195170
0.195894
0.196614
0.202175
0.200596
0.201628
0.201054
0.197421
0.199601
0.199532
0.200451
0.209230
0.214133
0.200484
0.198725
0.199886
0.178586
0.186007
0.183225
0.185687
0.182333
0.171169
0.171833
0.152384
0.161044
0.168330
0.168262
0.151602
0.150985
0.159657
0.157566
0.146498
0.134435
0.135189
0.134039
0.118415
0.126125
0.123943
0.119918
0.120729
0.118400
0.121146
0.122617
0.125362
0.118692
0.118966
0.112252
0.118134
0.115999
0.114714
0.117371
0.115983
0.118333
0.119327
0.119907
0.115565
0.113219
0.110368
0.104977
0.107417
0.113458
0.111227
0.102200
0.105513
0.093466
0.097367
0.096122
0.101314
0.099871
0.091495
0.096968
0.097331
0.094417
0.091581
0.101608
0.099354
0.102435
0.103244
0.105348
0.098836
0.106473
0.101074
0.102501
0.102527
0.103120
0.103534
0.103541
0.104917
0.103874
0.099070
0.099748
0.099941
0.110181
0.112110
0.107058
0.113389
0.103205
0.106858
0.108268
0.110676
0.110601
0.107854
0.108078
0.102752
0.104058
0.103880
0.106880
0.107882
0.056049
0.055714
0.055447
0.055291
0.055247
0.056052
0.055709
0.055726
0.055724
0.055581
0.055613
0.055571
0.054970
0.055607
0.055679
0.055602
0.055066
0.056000
0.056579
0.056562
0.056081
0.056530
0.056066
0.055853
0.055745
0.055759
0.055855
0.055283
0.055195
0.056008
0.055983
0.056390
0.055961
0.055883
0.055826
0.056009
0.055813
0.056008
0.055563
0.055469
0.055500
0.055684
0.055101
0.055791
0.056544
0.056697
0.057141
0.057187
0.056947
0.055607
0.055733
0.055472
0.056468
0.056308
0.056126
0.056170
0.056313
0.055761
0.056100
0.056020
0.056054
0.055117
0.055736
0.055647
0.055800
0.055466
0.055378
0.055426
0.055456
0.056461
0.055763
0.055861
0.055655
0.055292
0.054472
0.054279
0.054936
0.055080
0.054727
0.054702
0.055584
0.055602
0.055808
0.055188
0.055452
0.055594
0.055039
0.055152
0.055494
0.055496
0.055128
0.055468
0.055181
0.055296
0.055071
0.054937
0.055294
0.055204
0.054989
0.055286
0.054800
0.054513
0.054381
0.048011
0.051610
0.051335
0.051369
0.051528
0.052335
0.049821
0.046637
0.046330
0.047434
0.046485
0.050418
0.051496
0.050017
0.049990
0.047905
0.054808
0.046864
0.047025
0.045332
0.041997
0.038329
0.038418
0.041254
0.042397
0.041918
0.042537
0.042182
0.042516
0.041791
0.038713
0.036828
0.040292
0.041338
0.044943
0.039405
0.048564
0.048292
0.055869
0.038839
0.049850
0.048580
0.048808
0.048586
0.049986
0.051494
0.048682
0.048593
0.049298
0.048721
0.050512
0.049565
0.049627
0.049769
0.050568
0.049424
0.047960
0.044258
0.045940
0.043376
0.044754
0.042124
0.041619
0.042060
0.042763
0.043045
0.042896
0.046677
0.047012
0.046134
0.046583
0.046164
0.046095
0.045811
0.046857
0.042386
0.042782
0.047023
0.042655
0.042112
0.041265
0.046262
0.045609
0.049649
0.047378
0.048474
0.043464
0.042077
0.043158
0.045827
0.043822
0.041626
0.045156
0.040657
0.043506
0.040627
0.042220
0.041378
0.044076
0.044573
0.043934
0.044172
0.045373
0.044458
0.045222
0.046518
0.046712
0.044502
0.045554
0.046241
0.044405
0.042442
0.042755
0.044389
0.044736
0.045146
0.046464
0.045069
0.043587
0.049676
0.048994
0.048153
0.049345
0.054315
0.053612
0.052776
0.052760
0.052489
0.052180
0.052302
0.044807
0.044872
0.040277
0.039746
0.040319
0.038650
0.038831
0.040444
0.040263
0.039157
0.039898
0.040076
0.040233
0.038932
0.039068
0.039457
0.038183
0.037972
0.044263
0.039352
0.043765
0.043825
0.037658
0.039004
0.039995
0.040071
0.041198
0.041590
0.038110
0.038332
0.042082
0.041884
0.041965
0.042020
0.041580
0.041840
0.041777
0.045951
0.041807
0.045363
0.045839
0.045675
0.045795
0.045276
0.046475
0.043561
0.046871
0.046378
0.040926
0.045107
0.045284
0.044912
0.044844
0.044574
0.047163
0.058402
0.059241
0.060492
0.060631
0.060453
0.060229
0.061203
0.060891
0.061540
0.060129
0.060672
0.061684
0.060406
0.060384
0.060643
0.060602
0.060018
0.058899
0.059720
0.060380
0.059193
0.060263
0.060684
0.058528
0.057765
0.057997
0.057652
0.056105
0.057539
0.064843
0.063838
0.061565
0.063894
0.063765
0.064114
0.065138
0.065159
0.056852
0.056635
0.056391
0.055281
0.055337
0.055386
0.055926
0.059709
0.060023
0.058360
0.060052
0.059501
0.059372
0.056215
0.056353
0.055516
0.059374
0.054890
0.054291
0.054852
0.055027
0.055373
0.055168
0.055011
0.056249
0.055631
0.055207
0.055115
0.054654
0.056077
0.054877
0.056314
0.057199
0.056489
0.055286
0.049953
0.057554
0.054066
0.050764
0.053818
0.054842
0.053166
0.053485
0.054334
0.055644
0.056223
0.053842
0.054122
0.055531
0.054833
0.055427
0.053838
0.053566
0.056281
0.053486
0.055354
0.053824
0.055573
0.055269
0.055155
0.054905
0.052526
0.052994
0.052887
0.051898
0.048411
0.048615
0.049390
0.050043
0.048295
0.048749
0.049801
0.051262
0.052256
0.051310
0.053165
0.047712
0.048276
0.048692
0.048457
0.048793
0.048322
0.048297
0.048327
0.047887
0.047886
0.047796
0.047666
0.047040
0.047320
0.047369
0.047183
0.047658
0.047384
0.049783
0.047519
0.048254
0.051544
0.050280
0.053025
0.047517
0.048552
0.054514
0.050684
0.048496
0.052232
0.052364
0.052058
0.052624
0.052657
0.051237
0.051430
0.052373
0.053269
0.051894
0.052508
0.052599
0.052166
0.051020
0.050538
0.051257
0.053899
0.053568
0.053600
0.051540
0.050723
0.050951
0.051632
0.050708
0.050869
0.049734
0.049959
0.049539
0.049184
0.049045
0.050248
0.047794
0.049586
0.047456
0.050578
0.047359
0.050522
0.051380
0.050390
0.050732
0.051050
0.051210
0.050541
0.049904
0.050330
0.048993
0.050604
0.050152
0.050718
0.048947
0.047904
0.047188
0.047218
0.048098
0.050338
0.050543
0.051001
0.049368
0.050444
0.048956
0.049883
0.050313
0.049325
0.048621
0.049495
0.049930
0.048569
0.049002
0.049136
0.047148
0.048209
0.047968
0.047581
0.047049
0.048134
0.050584
0.048742
0.049337
0.048645
0.050107
0.049533
0.048698
0.048976
0.050487
0.053889
0.053962
0.054018
0.054196
0.053968
0.054995
0.054214
0.055759
0.058728
0.060084
0.059276
0.059631
0.059770
0.059318
0.059133
0.059499
0.058032
0.058607
0.058622
0.056413
0.056181
0.055460
0.055826
0.055472
0.054078
0.055152
0.055098
0.055183
0.055199
0.055990
0.055736
0.055829
0.055448
0.056216
0.056734
0.056645
0.056799
0.054379
0.054453
0.054306
0.054138
0.054203
0.054194
0.054512
0.054834
0.054507
0.054700
0.054666
0.054161
0.054344
0.054578
0.054334
0.054083
0.054347
0.054670
0.054196
0.054097
0.054152
0.054421
0.054743
0.054012
0.054662
0.054219
0.054195
0.054092
0.054361
0.053885
0.053868
0.053740
0.054439
0.054044
0.054042
0.053987
0.054015
0.054462
0.054521
0.054977
0.055528
0.056186
0.059016
0.056953
0.056085
0.056519
0.056528
0.054964
0.054522
0.055231
0.055104
0.054874
0.055897
0.055173
0.055609
0.055531
0.055291
0.055369
0.055640
0.055575
0.055397
0.055114
0.055174
0.055539
0.055007
0.055657
0.055240
0.055579
0.055848
0.055838
0.055344
0.128516
0.124825
0.127501
0.126992
0.123196
0.123934
0.123805
0.129403
0.125835
0.119468
0.121228
0.120784
0.125695
0.124391
0.127641
0.129910
0.129826
0.130741
0.130204
0.129644
0.131842
0.127839
0.125087
0.127205
0.129349
0.119364
0.119650
0.122398
0.119340
0.119059
0.121689
0.125476
0.125370
0.121063
0.124736
0.121355
0.122165
0.127293
0.119982
0.124477
0.119745
0.121953
0.125146
0.123211
0.120248
0.125450
0.121383
0.121297
0.122370
0.124579
0.123968
0.121881
0.123447
0.127412
0.124884
0.122395
0.122173
0.124861
0.119116
0.118999
0.118125
0.120958
0.118795
0.116744
0.120441
0.120765
0.120810
0.119216
0.121584
0.119384
0.127627
0.122797
0.128672
0.119528
0.119149
0.125852
0.123039
0.121439
0.121388
0.125235
0.121128
0.124020
0.115201
0.124136
0.125561
0.120654
0.120367
0.121411
0.121400
0.122120
0.119941
0.122744
0.124286
0.120647
0.118417
