0.038344
0.038348
0.038427
0.039864
0.037827
0.035684
0.033024
0.030377
0.027950
0.019673
0.018132
0.015052
0.013978
0.012256
0.012072
0.011632
0.015710
0.013538
0.011905
0.011144
0.010580
0.009796
0.009933
0.009864
0.009879
0.009915
0.009903
0.010414
0.010649
0.011017
0.010340
0.010071
0.010094
0.010249
0.010269
0.010272
0.010143
0.010131
0.010611
0.002088
0.001051
0.000861
0.001220
0.000934
0.000891
0.000949
0.000463
0.000424
0.000518
0.000518
0.000350
0.000340
0.000347
0.000333
0.000309
0.000304
0.000301
0.000293
0.000289
0.000283
0.000271
0.000262
0.000256
0.000244
0.000235
0.000227
0.000218
0.000205
0.000200
0.000191
0.000183
0.000169
0.000159
0.000149
0.000144
0.000132
0.000118
0.000105
0.000090
0.000074
0.000062
0.000048
0.000036
0.000022
0.000013
0.000007
0.000002
0.000000
0.000003
0.000007
0.000014
0.000021
0.000028
0.000035
0.000043
0.000049
0.000055
0.000060
0.000065
0.000069
0.000079
0.000082
0.000085
0.000088
0.000094
0.000096
0.000101
0.000102
0.000106
0.000107
0.000110
0.000112
0.000116
0.000117
0.000120
0.000121
0.000123
0.000121
0.000121
0.000121
0.000122
0.000121
0.000122
0.000121
0.000121
0.000121
0.000121
0.000121
0.000121
0.000121
0.000121
0.000121
0.000121
0.000124
0.182449
0.180464
0.181523
0.181457
0.182115
0.184190
0.182596
0.181257
0.184921
0.181393
0.180887
0.181622
0.180746
0.182096
0.182528
0.181590
0.182052
0.181432
0.180272
0.182007
0.182162
0.180110
0.180297
0.180275
0.181365
0.183193
0.189530
0.177142
0.193277
0.186755
0.171124
0.189207
0.196025
0.186898
0.193732
0.189427
0.189910
0.187727
0.207018
0.205627
0.208577
0.203947
0.189685
0.190735
0.203668
0.213769
0.211522
0.214183
0.191953
0.196478
0.194322
0.188723
0.192349
0.196998
0.208883
0.199928
0.200346
0.209295
0.213926
0.205323
0.211763
0.213370
0.205856
0.271467
0.262626
0.266045
0.269144
0.263149
0.261346
0.260003
0.261579
0.261282
0.256957
0.261653
0.263839
0.256800
0.255001
0.256146
0.254647
0.252469
0.255364
0.259563
0.258994
0.251235
0.258615
0.257023
0.258882
0.256764
0.256758
0.255147
0.256990
0.256451
0.257077
0.258242
0.258038
0.277672
0.279673
0.279735
0.278913
0.280029
0.279949
0.283434
0.279980
0.277451
0.272891
0.261713
0.261869
0.267001
0.279711
0.273510
0.266964
0.274733
0.268380
0.272350
0.271456
0.264553
0.263975
0.265393
0.270373
0.264888
0.422890
0.416156
0.373316
0.359455
0.352180
0.337668
0.338420
0.361843
0.377677
0.375433
0.378398
0.374012
0.375227
0.375202
0.375204
0.375203
0.375204
0.375219
0.375208
0.375208
0.375207
0.375245
0.422890
0.354566
0.347720
0.371173
0.374750
0.372181
0.370182
0.366439
0.371570
0.376961
0.371210
0.370913
0.370907
0.370946
0.371391
0.371386
0.370930
0.370183
0.370178
0.370993
0.422775
0.422649
0.409284
0.396843
0.387854
0.345632
0.347598
0.369603
0.360643
0.362025
0.377071
0.375742
0.375704
0.375705
0.377101
0.377104
0.375704
0.375704
0.375703
0.375810
0.375812
0.375804
0.375813
0.375818
0.375817
0.375817
0.375819
0.375819
0.375819
0.375819
0.375819
0.375713
0.353898
0.264815
0.260914
0.225249
0.246466
0.243086
0.244486
0.219690
0.220131
0.147379
0.136176
0.148621
0.148990
0.154823
0.174092
0.146182
0.148208
0.144791
0.149420
0.150554
0.150392
0.150047
0.151667
0.152148
0.153829
0.152464
0.154541
0.154831
0.156909
0.157170
0.157596
0.156324
0.155920
0.155111
0.155265
0.149923
0.153821
0.156110
0.151998
0.152306
0.154111
0.155116
0.156324
0.154525
0.152308
0.147462
0.148710
0.148409
0.149418
0.147077
0.149549
0.422890
0.421951
0.421546
0.416556
0.383868
0.385844
0.401652
0.395400
0.378191
0.374631
0.360156
0.342174
0.348208
0.361131
0.374503
0.386313
0.385284
0.382676
0.380308
0.376939
0.373093
0.365068
0.363350
0.361404
0.360245
0.361592
0.359406
0.358557
0.358281
0.359759
0.359087
0.359930
0.359928
0.359791
0.359919
0.359799
0.359804
0.359803
0.359799
0.359629
0.359644
0.359588
0.359989
0.359604
0.359602
0.359597
0.359598
0.359405
0.359410
0.359408
0.359409
0.360023
0.360025
0.360025
0.360027
0.360030
0.360030
0.360031
0.360033
0.358876
0.034516
0.034930
0.034986
0.034987
0.034975
0.035041
0.035051
0.035111
0.034988
0.035046
0.035049
0.035039
0.035012
0.035109
0.035083
0.035077
0.035119
0.035053
0.040050
0.041347
0.047609
0.049489
0.049831
0.050984
0.050237
0.051719
0.053823
0.056306
0.058321
0.056929
0.059464
0.062386
0.062150
0.062863
0.065135
0.065068
0.055011
0.047541
0.042405
0.040844
0.039678
0.043817
0.043462
0.043425
0.043670
0.043137
0.043585
0.043596
0.043382
0.043134
0.043685
0.043401
0.043581
0.043716
0.043432
0.043553
0.043602
0.043675
0.043556
0.043483
0.043235
0.045271
0.045585
0.045580
0.045001
0.318118
0.333684
0.311901
0.314310
0.309331
0.310341
0.313039
0.320911
0.315113
0.282574
0.277578
0.267325
0.248853
0.191924
0.192165
0.134355
0.134141
0.133453
0.133368
0.133093
0.132232
0.132619
0.131549
0.133172
0.133127
0.133015
0.132195
0.132246
0.132197
0.130797
0.132087
0.131064
0.132770
0.133059
0.135252
0.133420
0.133336
0.132862
0.131625
0.131191
0.132097
0.132330
0.132774
0.132731
0.130961
0.132076
0.130858
0.130872
0.131124
0.131041
0.131423
0.133487
0.137651
0.166977
0.178217
0.195499
0.197316
0.195372
0.194007
0.195469
0.194129
0.195444
0.194973
0.187472
0.195150
0.194961
0.194300
0.195821
0.200003
0.220031
0.199280
0.199353
0.199815
0.200429
0.200110
0.199372
0.201332
0.200980
0.199703
0.088727
0.083983
0.094033
0.140018
0.159129
0.167965
0.169995
0.198273
0.210663
0.229607
0.227983
0.230931
0.238311
0.262036
0.273570
0.264542
0.267914
0.263260
0.267521
0.272178
0.267791
0.269306
0.268698
0.247726
0.253811
0.258581
0.250358
0.253606
0.262916
0.251951
0.250071
0.248673
0.250146
0.250345
0.254833
0.254774
0.253491
0.255645
0.253676
0.259364
0.250790
0.263705
0.259530
0.247475
0.262136
0.245774
0.263592
0.258948
0.269790
0.266874
0.273914
0.275332
0.274694
0.266112
0.265522
0.268608
0.253059
0.252455
0.253360
0.264373
0.256264
0.257632
0.258979
0.262591
0.259528
0.269475
0.265739
0.267945
0.267114
0.267513
0.267198
0.258713
0.260241
0.260327
0.272255
0.257839
0.265305
0.269010
0.098852
0.095497
0.096250
0.096354
0.095515
0.097870
0.112352
0.115621
0.112584
0.108740
0.114373
0.115778
0.115102
0.098110
0.096976
0.097864
0.114832
0.112471
0.112795
0.112492
0.109865
0.111504
0.115055
0.113532
0.113785
0.110734
0.097248
0.097903
0.392293
0.381863
0.380903
0.380390
0.380322
0.369896
0.307572
0.312219
0.332286
0.308437
0.269715
0.227324
0.218525
0.217587
0.222391
0.218407
0.291416
0.299765
0.301130
0.301731
0.294373
0.296572
0.253490
0.290833
0.293559
0.289138
0.291358
0.285884
0.285720
0.291009
0.288367
0.289085
0.285582
0.287352
0.286900
0.289570
0.284281
0.213872
0.285164
0.291400
0.208400
0.209840
0.208045
0.207644
0.206901
0.207259
0.206285
0.205569
0.204844
0.210965
0.205479
0.204330
0.204549
0.205405
0.184291
0.173333
0.167126
0.169581
0.160643
0.218657
0.252153
0.263835
0.277242
0.233953
0.183480
0.124378
0.128737
0.129028
0.125443
0.126236
0.128054
0.127363
0.127278
0.127723
0.128268
0.126942
0.125008
0.126383
0.123718
0.123281
0.123305
0.123950
0.124521
0.122407
0.124074
0.123844
0.124029
0.123807
0.124209
0.124472
0.124323
0.123018
0.123577
0.124485
0.125100
0.123475
0.127834
0.128676
0.128517
0.127710
0.127721
0.127316
0.127708
0.126847
0.129326
0.129945
0.127225
0.123373
0.126197
0.107361
0.118907
0.140525
0.133010
0.125908
0.132908
0.130938
0.133580
0.133902
0.129655
0.128872
0.129395
0.129729
0.146867
0.148126
0.148744
0.130592
0.131202
0.132606
0.131826
0.132369
0.129743
0.130044
0.129088
0.131341
0.130304
0.164536
0.133556
0.146550
0.131036
0.134925
0.135038
0.131849
0.168127
0.133024
0.133916
0.132390
0.133024
0.164578
0.159296
0.156687
0.160466
0.160596
0.161779
0.161428
0.159542
0.141821
0.149520
0.149343
0.150361
0.151800
0.156190
0.155635
0.217455
0.215629
0.215535
0.215045
0.212959
0.214986
0.214488
0.213695
0.213327
0.212899
0.211890
0.212398
0.213288
0.216331
0.212371
0.208487
0.217404
0.216453
0.215774
0.215491
0.215298
0.216306
0.212583
0.215360
0.216512
0.216793
0.216391
0.216879
0.216749
0.229290
0.222011
0.222039
0.233873
0.206239
0.201976
0.202952
0.194946
0.215893
0.214851
0.217711
0.214217
0.212142
0.208824
0.195465
0.190156
0.197757
0.200522
0.194092
0.197755
0.193233
0.194678
0.199584
0.192788
0.193896
0.194262
0.193005
0.193806
0.193930
0.195054
0.037508
0.036571
0.036450
0.035779
0.036467
0.036652
0.036554
0.038178
0.037232
0.037106
0.039196
0.041621
0.040876
0.036805
0.035839
0.037693
0.037897
0.037971
0.040919
0.037360
0.037319
0.041078
0.038191
0.037709
0.037650
0.036280
0.036218
0.036613
0.037078
0.036953
0.037379
0.036887
0.037239
0.037117
0.037199
0.037615
0.038345
0.038093
0.037214
0.037181
0.036909
0.037275
0.036833
0.036750
0.036738
0.036724
0.037355
0.037363
0.037296
0.037665
0.037038
0.037482
0.037149
0.037191
0.037312
0.037104
0.037092
0.038233
0.037320
0.037531
0.040411
0.146070
0.132010
0.134515
0.137282
0.133340
0.143984
0.142799
0.142561
0.139217
0.132391
0.129519
0.134036
0.127014
0.123982
0.152072
0.156510
0.143500
0.149560
0.135333
0.140729
0.088695
0.125207
0.073809
0.112941
0.111293
0.126799
0.101027
0.101949
0.102508
0.119060
0.079494
0.080708
0.095551
0.083014
0.078289
0.160940
0.161161
0.176678
0.190734
0.173516
0.178801
0.173356
0.152694
0.121547
0.138737
0.125251
0.130980
0.133723
0.138917
0.123923
0.119788
0.132930
0.138207
0.145390
0.153853
0.124585
0.117920
0.116750
0.135059
0.123114
0.138352
0.137583
0.135002
0.135466
0.132381
0.137514
0.137999
0.136237
0.092780
0.127855
0.130985
0.116301
0.125612
0.124218
0.122280
0.126040
0.103270
0.105674
0.116349
0.104211
0.125760
0.124061
0.153113
0.151111
0.200981
0.205441
0.204832
0.204905
0.204285
0.195265
0.181980
0.190624
0.187252
0.167444
0.166709
0.170660
0.166895
0.166637
0.163208
0.164328
0.160903
0.155640
0.164219
0.156029
0.166121
0.156482
0.156388
0.153717
0.156028
0.154695
0.156647
0.156783
0.155711
0.159575
0.156465
0.153056
0.156575
0.149930
0.152762
0.151478
0.147836
0.147945
0.146349
0.151598
0.153766
0.153256
0.159981
0.162862
0.158098
0.161921
0.159672
0.157727
0.160304
0.168978
0.169841
0.167727
0.163448
0.169814
0.169358
0.155400
0.164292
0.166762
0.175791
0.199106
0.168057
0.169266
0.165926
0.167363
0.174923
0.176417
0.187330
0.181716
0.187414
0.196319
0.192833
0.192603
0.197914
0.206941
0.196762
0.187774
0.184888
0.190391
0.188470
0.191574
0.204224
0.215211
0.220833
0.227512
0.223958
0.228105
0.233474
0.230967
0.224105
0.220503
0.230110
0.232775
0.231865
0.221720
0.223903
0.219905
0.214948
0.220577
0.216369
0.208607
0.207098
0.204642
0.214736
0.189672
0.195922
0.193635
0.191796
0.185333
0.182980
0.182901
0.188273
0.183028
0.173392
0.176721
0.173571
0.164729
0.171924
0.162850
0.166468
0.167238
0.162391
0.164069
0.168504
0.167326
0.167179
0.162401
0.166509
0.171767
0.179396
0.209049
0.206474
0.189800
0.200274
0.216572
0.227212
0.258220
0.265250
0.275752
0.278474
0.283946
0.301727
0.298833
0.258756
0.230432
0.207108
0.178709
0.172598
0.172334
0.171079
0.162401
0.150846
0.136580
0.129971
0.121698
0.116654
0.115793
0.111196
0.112099
0.111685
0.111339
0.115821
0.113488
0.110951
0.112376
0.111270
0.111796
0.111095
0.111433
0.113395
0.123199
0.123094
0.123370
0.123310
0.123136
0.125231
0.125747
0.123110
0.122868
0.123087
0.123017
0.123234
0.123415
0.123478
0.251255
0.249779
0.251497
0.255421
0.249178
0.250341
0.247814
0.248285
0.245007
0.242897
0.248509
0.245106
0.381475
0.363534
0.353304
0.350106
0.347474
0.262543
0.278037
0.276692
0.274437
0.308534
0.308081
0.312614
0.316871
0.317002
0.318903
0.316705
0.320690
0.319282
0.284125
0.284987
0.281837
0.283243
0.322076
0.321037
0.322562
0.324353
0.321295
0.279544
0.320644
0.320440
0.320888
0.323032
0.321375
0.276801
0.276466
0.277497
0.277538
0.277471
0.277811
0.163914
0.164415
0.165116
0.164612
0.164765
0.163423
0.194393
0.181717
0.189060
0.211475
0.197011
0.166700
0.170709
0.170855
0.170460
0.169633
0.170054
0.170842
0.171058
0.168577
0.171956
0.171732
0.166246
0.172611
0.140850
0.140610
0.142297
0.144182
0.140388
0.143391
0.140154
0.142308
0.142462
0.143673
0.143864
0.144467
0.142259
0.142536
0.140322
0.136580
0.137262
0.133914
0.141234
0.140633
0.138940
0.141163
0.143970
0.143049
0.143569
0.138949
0.143242
0.143112
0.139838
0.140979
0.139918
0.142150
0.141432
0.139408
0.145940
0.143667
0.142455
0.144655
0.144918
0.142132
0.128966
0.129665
0.131769
0.133023
0.132373
0.134720
0.133098
0.132134
0.131652
0.130439
0.129790
0.127380
0.125167
0.131598
0.136358
0.140014
0.142805
0.145135
0.140285
0.152053
0.137955
0.149922
0.140824
0.152224
0.148185
0.161895
0.184304
0.188183
0.174141
0.199907
0.199709
0.190955
0.190960
0.192489
0.189201
0.200127
0.198768
0.187211
0.190365
0.188876
0.193934
0.194470
0.184463
0.203846
0.204350
0.196637
0.195466
0.198225
0.196964
0.193078
0.196826
0.188076
0.196228
0.196297
0.177207
0.177925
0.179679
0.175799
0.179879
0.182669
0.180720
0.178465
0.170851
0.172217
0.169063
0.173335
0.170153
0.168314
0.175508
0.168830
0.161256
0.166551
0.161764
0.150451
0.164159
0.159688
0.153765
0.158467
0.166855
0.163242
0.167360
0.139487
0.165492
0.157024
0.168624
0.135277
0.151603
0.160724
0.155891
0.146944
0.164313
0.164758
0.156664
0.039056
0.038892
0.039027
0.038427
0.039209
0.037661
0.038096
0.039829
0.038260
0.039100
0.039082
0.041553
0.038095
0.037744
0.038541
0.038611
0.039457
0.039871
0.040071
0.039754
0.038622
0.038330
0.038208
0.037921
0.038500
0.038568
0.038621
0.037807
0.037768
0.037887
0.038129
0.035652
0.035806
0.037746
0.035625
0.035734
0.035796
0.038475
0.035823
0.038635
0.040396
0.035626
0.038051
0.037431
0.037133
0.036542
0.038292
0.036454
0.038320
0.035730
0.038567
0.040078
0.039836
0.040103
0.035669
0.035841
0.037363
0.036984
0.038767
0.036996
0.038441
0.038657
0.040300
0.035623
0.038747
0.422890
0.353784
0.362711
0.302630
0.234144
0.179520
0.168491
0.169042
0.167401
0.170470
0.166792
0.171296
0.165350
0.163411
0.165885
0.165945
0.163401
0.166326
0.165362
0.166259
0.165717
0.166140
0.171635
0.168405
0.159369
0.159442
0.163127
0.164133
0.165986
0.166188
0.165312
0.165136
0.163228
0.160038
0.159787
0.163787
0.164176
0.160611
0.162815
0.164616
0.165251
0.166070
0.161360
0.167445
0.166647
0.167507
0.161263
0.163859
0.186107
0.163445
0.160837
0.138427
0.110444
0.157959
0.165710
0.134114
0.115733
0.117644
0.134135
0.135900
0.134936
0.143683
0.141632
0.132586
0.132093
0.136793
0.138008
0.145511
0.145633
0.136387
0.141789
0.138500
0.136544
0.139085
0.136166
0.162007
0.124213
0.131293
0.160137
0.159735
0.126170
0.128559
0.129338
0.131192
0.162436
0.118918
0.119043
0.120422
0.119755
0.124351
0.121879
0.122514
0.122870
0.123245
0.113731
0.120653
0.119030
0.123469
0.119576
0.119524
0.120757
0.121652
0.121341
0.120745
0.127586
0.422890
0.421701
0.421905
0.415931
0.395942
0.393211
0.382514
0.370544
0.382797
0.378661
0.366976
0.378223
0.374261
0.382405
0.376066
0.383388
0.399752
0.384226
0.385268
0.394042
0.393901
0.397003
0.387991
0.382110
0.380599
0.379372
0.379382
0.370937
0.371127
0.367214
0.364836
0.358640
0.360495
0.357879
0.358892
0.359048
0.359048
0.359048
0.359048
0.359046
0.359047
0.359046
0.359050
0.359272
0.360331
0.360333
0.359871
0.359732
0.359222
0.359219
0.359224
0.359856
0.360284
0.359635
0.360283
0.359640
0.359813
0.359812
0.359814
0.360376
0.360383
0.360384
0.359848
0.360384
0.360384
0.360385
0.360386
0.360442
0.360442
0.359796
0.359799
0.360443
0.360442
0.360443
0.360446
0.359908
0.360075
0.299853
0.289968
0.286663
0.214320
0.219997
0.182462
0.171902
0.147761
0.144025
0.144310
0.143006
0.141061
0.141283
0.145210
0.145125
0.145382
0.151094
0.151961
0.146103
0.151107
0.149924
0.145666
0.147869
0.150139
0.149964
0.147328
0.149279
0.155866
0.155874
0.157470
0.158749
0.157409
0.157498
0.167534
0.168220
0.170329
0.171454
0.172924
0.173790
0.175773
0.176015
0.181378
0.186575
0.189416
0.185854
0.189645
0.185825
0.165903
0.166755
0.165873
0.168986
0.156756
0.160401
0.162083
0.162041
0.169296
0.161939
0.159845
0.159044
0.162144
0.161343
0.161311
0.162233
0.162024
0.157859
0.164691
0.159675
0.158144
0.165741
0.166458
0.173678
0.177928
0.157356
0.176835
0.175870
0.171575
0.174512
0.183777
0.185285
0.174213
0.203692
0.202954
0.206023
0.202119
0.203791
0.200555
0.204148
0.207707
0.198730
0.200937
0.188556
0.198387
0.183098
0.182396
0.183814
0.182454
0.180029
0.175930
0.176602
0.176967
0.178584
0.174650
0.177599
0.176323
0.173814
0.174100
0.172399
0.178856
0.176548
0.177631
0.171280
0.173868
0.178898
0.181022
0.177803
0.174157
0.177241
0.178195
0.107845
0.108832
0.107043
0.108278
0.112930
0.107266
0.102946
0.095791
0.094930
0.099625
0.096679
0.108567
0.100754
0.107257
0.107275
0.111455
0.112934
0.151564
0.161878
0.160431
0.160281
0.159719
0.159648
0.157206
0.152645
0.161967
0.161947
0.167869
0.243171
0.226171
0.235528
0.240589
0.250987
0.250915
0.251899
0.256481
0.253432
0.252502
0.251589
0.243797
0.243313
0.242221
0.241322
0.240477
0.248966
0.255294
0.253496
0.254164
0.253027
0.252952
0.244172
0.247550
0.245257
0.246049
0.248208
0.247921
0.212519
0.242577
0.245052
0.246545
0.242823
0.244338
0.239906
0.221373
0.244103
0.245666
0.240814
0.244770
0.244760
0.244145
0.243183
0.035630
0.035134
0.035411
0.035380
0.035409
0.036416
0.035558
0.038094
0.035648
0.038178
0.038504
0.037548
0.035498
0.035626
0.035613
0.035636
0.037682
0.034713
0.038264
0.038501
0.043021
0.048864
0.047505
0.053069
0.047286
0.049376
0.050480
0.055788
0.057434
0.059846
0.060500
0.056395
0.056573
0.054476
0.049122
0.055660
0.046311
0.042685
0.039619
0.037154
0.035913
0.035814
0.037084
0.036241
0.036519
0.038494
0.038764
0.037804
0.037738
0.037794
0.038293
0.038282
0.038433
0.038546
0.038094
0.038538
0.038548
0.037966
0.038308
0.038517
0.038072
0.037898
0.037894
0.037930
0.038347
0.037685
0.038440
0.037525
0.038225
0.037899
0.037653
0.037966
0.038231
0.037663
0.038246
0.038247
0.037926
0.038022
0.038305
0.038376
0.038363
0.137734
0.131164
0.132199
0.134788
0.138733
0.134551
0.145913
0.142799
0.148074
0.142714
0.144542
0.145642
0.145043
0.158017
0.155761
0.153100
0.152145
0.157336
0.162118
0.160395
0.162957
0.161623
0.166999
0.164792
0.165746
0.160499
0.167306
0.163368
0.164457
0.160621
0.163322
0.155482
0.124065
0.171990
0.165626
0.166828
0.181505
0.193038
0.165468
0.153934
0.213475
0.195465
0.203242
0.191507
0.184844
0.204341
0.271787
0.323447
0.332539
0.341217
0.346623
0.346084
0.335372
0.333544
0.338892
0.340849
0.339287
0.341567
0.343411
0.339254
0.348915
0.346066
0.338487
0.333986
0.338596
0.330524
0.339819
0.335482
0.332910
0.338623
0.331578
0.334441
0.339691
0.301541
0.282178
0.243959
0.231525
0.233168
0.231491
0.228564
0.227103
0.229826
0.229031
0.229516
0.229193
0.228975
0.229334
0.240111
0.239230
0.224626
0.224325
0.224898
0.246066
0.238786
0.240487
0.227112
0.226760
0.226290
0.225071
0.233562
0.232237
0.232477
0.230827
0.230702
0.227718
0.229656
0.228820
0.229899
0.227986
0.226278
0.228732
0.229813
0.229131
0.228700
0.228527
0.227927
0.228397
0.228439
0.229522
0.229791
0.228687
0.227280
0.229544
0.227590
0.230469
0.228067
0.227587
0.228286
0.238302
0.225164
0.228575
0.229221
0.227164
0.229322
0.238544
0.229105
0.223207
0.230763
0.307153
0.289764
0.288154
0.252347
0.245608
0.231657
0.228078
0.204121
0.210181
0.200747
0.207802
0.205383
0.204881
0.199344
0.204134
0.203895
0.202147
0.203362
0.203801
0.202676
0.203233
0.202474
0.206170
0.203237
0.201667
0.201647
0.198703
0.199084
0.198987
0.199727
0.198772
0.198305
0.198426
0.204067
0.206328
0.269045
0.269232
0.269364
0.263736
0.285909
0.300367
0.301651
0.307287
0.338354
0.342383
0.285725
0.303632
0.298812
0.301247
0.296783
0.301965
0.304238
0.297914
0.292567
0.302663
0.300093
0.293026
0.303649
0.300302
0.351707
0.365697
0.305136
0.283779
0.286887
0.353616
0.274295
0.288622
0.294172
0.272193
0.279126
0.278896
0.277906
0.279368
0.278886
0.278952
0.279180
0.279238
0.278985
0.282016
0.282729
0.279956
0.273405
0.289283
0.287326
0.284598
0.284274
0.288086
0.287898
0.278857
0.288375
0.346274
0.346213
0.289947
0.346256
0.346306
0.346273
0.346305
0.346094
0.124981
0.124795
0.123504
0.123730
0.119280
0.128458
0.123153
0.127438
0.119922
0.125545
0.123654
0.125088
0.126234
0.120748
0.111672
0.113696
0.117682
0.110023
0.110568
0.112476
0.110815
0.111930
0.122175
0.108171
0.108077
0.110508
0.125764
0.106734
0.119345
0.122661
0.125275
0.104069
0.097175
0.100466
0.104393
0.106428
0.121895
0.136195
0.117368
0.136523
0.141765
0.138880
0.138852
0.133926
0.129632
0.123914
0.123214
0.125280
0.124415
0.122623
0.143734
0.146607
0.131670
0.131589
0.136317
0.134992
0.133923
0.132593
0.120746
0.133446
0.131706
0.134504
0.136123
0.151882
0.164649
0.145994
0.146022
0.143912
0.153067
0.148901
0.150348
0.149659
0.144945
0.152946
0.180877
0.180620
0.177963
0.176153
0.180684
0.192497
0.191751
0.187197
0.190337
0.198580
0.202522
0.201208
0.201779
0.200847
0.200812
0.212421
0.213823
0.215339
0.228547
0.228403
0.228555
0.224789
0.224567
0.226461
0.220406
0.222928
0.228621
0.224096
0.216766
0.216671
0.216265
0.222208
0.221529
0.217125
0.222051
0.225019
0.319195
0.312588
0.312020
0.305278
0.304172
0.294703
0.289875
0.280533
0.278097
0.269124
0.277057
0.250368
0.242614
0.230881
0.225142
0.268052
0.247833
0.243010
0.222350
0.217334
0.211622
0.168109
0.164683
0.153515
0.146003
0.149973
0.153936
0.155580
0.151451
0.152199
0.153319
0.154316
0.152559
0.150087
0.157246
0.159748
0.145376
0.132556
0.134262
0.143143
0.143928
0.143901
0.144097
0.145936
0.144182
0.145747
0.139088
0.139363
0.140646
0.144976
0.146430
0.144336
0.147613
0.147356
0.151667
0.151754
0.147563
0.143758
0.149322
0.149016
0.143983
0.145859
0.149004
0.149033
0.150133
0.147691
0.149907
0.180812
0.181417
0.181390
0.180916
0.180935
0.181845
0.181448
0.181972
0.182539
0.181472
0.181001
0.181595
0.181138
0.181171
0.181258
0.181237
0.180183
0.180068
0.181323
0.182518
0.182000
0.181590
0.178174
0.178158
0.179578
0.179384
0.180517
0.179477
0.176376
0.175534
0.175156
0.176727
0.179546
0.180033
0.176968
0.178526
0.176728
0.175868
0.176626
0.177701
0.035436
0.036163
0.036206
0.035624
0.035271
0.035693
0.035519
0.035496
0.035529
0.035528
0.035447
0.035496
0.035639
0.035534
0.035496
0.035339
0.035442
0.035698
0.033139
0.038468
0.038498
0.042824
0.047425
0.049487
0.045856
0.051173
0.055368
0.048413
0.047601
0.055350
0.052175
0.053447
0.055273
0.050580
0.052519
0.051597
0.051049
0.053731
0.056870
0.059904
0.063761
0.068889
0.068618
0.068582
0.068528
0.068592
0.068358
0.068607
0.068745
0.067559
0.067708
0.068481
0.069068
0.069043
0.069099
0.068881
0.069013
0.069024
0.067342
0.067471
0.066631
0.067079
0.067297
0.066769
0.070460
0.068274
0.070921
0.069375
0.071319
0.070140
0.070284
0.069575
0.069703
0.072018
0.069061
0.071755
0.069089
0.069055
0.069043
0.069073
0.069983
0.068066
0.068402
0.069099
0.067447
0.067524
0.067106
0.067273
0.067368
0.067551
0.067417
0.067413
0.067446
0.115935
0.115354
0.115523
0.115527
0.115494
0.117489
0.117750
0.117676
0.115153
0.115157
0.115166
0.115688
0.115525
0.115626
0.115123
0.115072
0.115545
0.115987
0.115595
0.115975
0.115901
0.115994
0.115515
0.115483
0.115961
0.115847
0.115835
0.115930
0.115918
0.117034
0.418963
0.360325
0.284349
0.270011
0.255928
0.256025
0.388514
0.379729
0.388538
0.235060
0.224849
0.240850
0.236232
0.236436
0.230653
0.303692
0.318102
0.320942
0.325042
0.315213
0.319707
0.316969
0.327078
0.329737
0.324286
0.324544
0.330309
0.319161
0.324945
0.328335
0.316682
0.316997
0.317373
0.326026
0.321834
0.314151
0.311309
0.313758
0.312958
0.312571
0.312477
0.311243
0.311346
0.312269
0.312954
0.313459
0.312911
0.312735
0.311785
0.315957
0.316208
0.315644
0.315933
0.316282
0.316211
0.315281
0.316457
0.308658
0.307741
0.308245
0.310001
0.311825
0.311349
0.315031
0.314840
0.314715
0.314743
0.314493
0.315146
0.234214
0.224366
0.224208
0.225634
0.225281
0.230189
0.221635
0.225439
0.225443
0.224554
0.224158
0.233076
0.231342
0.231399
0.230986
0.229221
0.230108
0.230870
0.231023
0.230753
0.229760
0.229834
0.228832
0.230010
0.229294
0.123170
0.116562
0.108123
0.126174
0.113214
0.115731
0.122320
0.121612
0.112859
0.108961
0.104287
0.106689
0.111362
0.110720
0.108507
0.111048
0.112836
0.113044
0.114033
0.108423
0.112265
0.111973
0.111327
0.106875
0.109414
0.109600
0.108470
0.109489
0.109834
0.110155
0.106924
0.110069
0.111011
0.113027
0.116356
0.116554
0.115851
0.116476
0.117174
0.117156
0.117680
0.114918
0.129732
0.170250
0.196808
0.242533
0.210613
0.184552
0.162853
0.149355
0.149299
0.151611
0.156190
0.156267
0.151912
0.151199
0.155998
0.157393
0.156986
0.157887
0.157438
0.155969
0.167762
0.167654
0.168778
0.167454
0.169098
0.167789
0.156279
0.156386
0.151674
0.172413
0.171530
0.169682
0.168504
0.167156
0.167693
0.152440
0.153143
0.153910
0.154366
0.151410
0.153772
0.151142
0.152157
0.147870
0.148112
0.173810
0.172500
0.171925
0.172956
0.171650
0.171494
0.171946
0.170539
0.171777
0.170280
0.170106
0.171922
0.172145
0.171138
0.172362
0.170356
0.172451
0.169833
0.172070
0.169567
0.172712
0.167724
0.168086
0.168269
0.169457
0.168259
0.168366
0.168225
0.170600
0.170219
0.171294
0.175386
0.171230
0.170231
0.169137
0.172502
0.164861
0.164292
0.167676
0.169358
0.162582
0.160296
0.158498
0.157244
0.154344
0.152151
0.152170
0.151456
0.104594
0.103373
0.092970
0.106007
0.099380
0.100721
0.097958
0.096231
0.087907
0.086137
0.087668
0.086329
0.105976
0.087782
0.091312
0.087141
0.092710
0.088509
0.085138
0.083799
0.091086
0.089858
0.095790
0.084937
0.093937
0.094496
0.090665
0.094600
0.093664
0.090389
0.096727
0.098247
0.087966
0.097619
0.096033
0.097539
0.092554
0.094838
0.091079
0.092842
0.033630
0.033462
0.033584
0.033365
0.032973
0.032996
0.033460
0.032210
0.032423
0.033231
0.033117
0.033117
0.033138
0.033207
0.033104
0.033128
0.033137
0.033143
0.032308
0.034339
0.039409
0.039921
0.042683
0.048822
0.052310
0.055346
0.056037
0.060951
0.069659
0.073102
0.070501
0.074346
0.076134
0.072748
0.073136
0.075055
0.075144
0.076022
0.079246
0.081658
0.088921
0.092192
0.094346
0.096987
0.096624
0.096535
0.096582
0.096447
0.096530
0.096168
0.096437
0.096487
0.096353
0.096310
0.096433
0.094548
0.093804
0.094214
0.093992
0.093983
0.094034
0.094014
0.094033
0.094702
0.094597
0.094827
0.094865
0.093989
0.094588
0.094204
0.093649
0.094033
0.094178
0.093933
0.094430
0.094452
0.252968
0.256344
0.254351
0.278362
0.292661
0.292716
0.286690
0.287826
0.285336
0.294524
0.296304
0.298600
0.300411
0.294733
0.294027
0.292332
0.294150
0.299378
0.294199
0.295727
0.299334
0.296210
0.295022
0.296137
0.300542
0.298081
0.298555
0.298030
0.301228
0.282743
0.284804
0.380927
0.285040
0.278796
0.275025
0.279361
0.281619
0.284688
0.293046
0.292158
0.287975
0.285671
0.272731
0.321981
0.360563
0.332931
0.349704
0.356722
0.353186
0.347128
0.332244
0.325005
0.324319
0.344932
0.330161
0.328358
0.313653
0.321484
0.321766
0.320321
0.317479
0.311869
0.323332
0.325484
0.317926
0.320722
0.320173
0.320136
0.320185
0.308442
0.306684
0.302921
0.303902
0.310495
0.310069
0.312189
0.316996
0.325127
0.354551
0.367422
0.382475
0.242094
0.245513
0.227988
0.213633
0.199455
0.185569
0.173025
0.162827
0.155759
0.145115
0.146681
0.140697
0.142416
0.144726
0.143717
0.141192
0.143870
0.145299
0.141990
0.144278
0.141468
0.143383
0.145426
0.145736
0.156878
0.157623
0.152518
0.156816
0.157135
0.168455
0.162996
0.169265
0.163850
0.161009
0.158043
0.159331
0.160535
0.158933
0.198606
0.168947
0.168845
0.167183
0.195143
0.194638
0.212415
0.241087
0.225889
0.281619
0.252190
0.243849
0.243628
0.241170
0.236165
0.235384
0.229992
0.229959
0.230816
0.225237
0.228387
0.230670
0.228885
0.228219
0.227404
0.226291
0.224702
0.223568
0.222468
0.223011
0.227808
0.223424
0.218772
0.220798
0.217703
0.218095
0.217288
0.218211
0.184450
0.216071
0.185559
0.184971
0.182305
0.217680
0.217654
0.217158
0.184157
0.184654
0.216042
0.183559
0.183119
0.183284
0.183217
0.183649
0.182713
0.183083
0.183092
0.183767
0.184176
0.183375
0.183286
0.181266
0.183698
0.181357
0.181853
0.184028
0.185096
0.184843
0.201508
0.201696
0.183196
0.182780
0.183140
0.183426
0.181730
0.181714
0.181985
0.199787
0.199433
0.194109
0.195808
0.190579
0.192057
0.205167
0.204935
0.203877
0.200261
0.210259
0.210220
0.229072
0.215411
0.188230
0.210522
0.209378
0.184809
0.192783
0.217719
0.223325
0.182627
0.187311
0.184880
0.203743
0.180089
0.189091
0.191039
0.189768
0.199901
0.199643
0.199318
0.195964
0.198477
0.199856
0.202250
0.197023
0.191088
0.198333
0.197047
0.195656
0.197360
0.197499
0.201182
0.199200
0.201238
0.202824
0.195730
0.172630
0.198308
0.171686
0.170325
0.169523
0.177098
0.184502
0.186584
0.193451
0.188787
0.169997
0.170965
0.185249
0.182508
0.192119
0.184602
0.192236
0.194744
0.194566
0.198078
0.188169
0.190176
0.187709
0.162828
0.154005
0.161493
0.137192
0.141817
0.130845
0.128755
0.137694
0.134163
0.133205
0.135323
0.133410
0.135744
0.148112
0.145767
0.149664
0.149154
0.152381
0.154723
0.152169
0.154155
0.157617
0.157521
0.157276
0.160512
0.158391
0.159768
0.163400
0.136103
0.168232
0.162974
0.163682
0.157608
0.159226
0.161781
0.165694
0.171905
0.169134
0.165846
0.176811
0.202225
0.194592
0.185441
0.181356
0.179950
0.181918
0.177738
0.179311
0.147590
0.139673
0.169442
0.160884
0.153568
0.145534
0.144068
0.139450
0.121903
0.132485
0.130637
0.127294
0.126678
0.152498
0.140100
0.123959
0.118347
0.121061
0.115051
0.117464
0.113152
0.120272
0.109290
0.110158
0.119973
0.118208
0.122988
0.120019
0.118542
0.116978
0.117495
0.079539
0.078809
0.077746
0.076051
0.076863
0.076895
0.078122
0.077146
0.076643
0.078106
0.079823
0.079482
0.085431
0.079032
0.080342
0.078260
0.078916
0.079183
0.080660
0.078450
0.083400
0.083585
0.080743
0.081167
0.084825
0.082942
0.083112
0.083458
0.082577
0.082636
0.082387
0.080916
0.081114
0.080490
0.082573
0.081455
0.085452
0.086924
0.085493
0.086481
0.084853
0.084001
0.083947
0.084075
0.083847
0.083820
0.083921
0.083907
0.083930
0.084070
0.084799
0.083907
0.084924
0.084133
0.084996
0.085633
0.036422
0.036059
0.036447
0.035456
0.034443
0.034306
0.034628
0.034204
0.034204
0.034311
0.034210
0.034206
0.034161
0.034713
0.036521
0.037719
0.037630
0.036546
0.039440
0.039506
0.040081
0.046869
0.049362
0.049172
0.049935
0.049691
0.050736
0.052036
0.050972
0.049111
0.049938
0.058938
0.057459
0.060019
0.064916
0.064260
0.069737
0.074754
0.080520
0.084430
0.091056
0.091089
0.090816
0.090767
0.090949
0.090676
0.090693
0.090736
0.090217
0.090884
0.091009
0.089711
0.091182
0.091310
0.091869
0.092336
0.092254
0.092133
0.092034
0.092008
0.091948
0.092164
0.092146
0.092266
0.088829
0.090744
0.090630
0.090382
0.090280
0.090597
0.090191
0.090571
0.090582
0.090108
0.090517
0.094099
0.422489
0.414263
0.417271
0.405897
0.401632
0.379703
0.377118
0.388603
0.373907
0.339865
0.323283
0.318059
0.308968
0.308616
0.281623
0.275862
0.274446
0.278166
0.279195
0.273124
0.277980
0.290263
0.284337
0.296597
0.290607
0.287807
0.291600
0.289911
0.285361
0.288029
0.288472
0.287444
0.287867
0.285249
0.288865
0.285122
0.284704
0.285548
0.284910
0.269759
0.276835
0.278181
0.268713
0.268806
0.271484
0.271292
0.273305
0.271646
0.273951
0.273999
0.274297
0.273646
0.273817
0.273955
0.273759
0.273770
0.273715
0.273925
0.273959
0.274049
0.273978
0.274150
0.273905
0.274405
0.274212
0.274007
0.274008
0.273078
0.273881
0.274125
0.273004
0.274033
0.273899
0.273968
0.274489
0.283206
0.290994
0.291929
0.160302
0.159273
0.153092
0.157704
0.160199
0.159846
0.164747
0.160314
0.159822
0.159481
0.152792
0.161212
0.150195
0.154007
0.146984
0.141243
0.131805
0.129520
0.126539
0.113348
0.119625
0.136787
0.133766
0.135224
0.135679
0.139159
0.136031
0.136459
0.138555
0.135972
0.137971
0.136651
0.139566
0.139802
0.137921
0.139739
0.134006
0.144952
0.146675
0.132518
0.156276
0.199543
0.169510
0.168501
0.135556
0.135556
0.114815
0.137673
0.134695
0.135414
0.136121
0.134481
0.135257
0.135176
0.135289
0.134602
0.138070
0.135119
0.135731
0.136304
0.133471
0.132654
0.134315
0.135626
0.140845
0.140825
0.136036
0.135965
0.134809
0.135657
0.135806
0.136405
0.135845
0.135809
0.135689
0.136144
0.171494
0.157785
0.171240
0.157967
0.154973
0.158069
0.168091
0.164474
0.152808
0.148474
0.154304
0.159638
0.162347
0.167362
0.150541
0.163115
0.157688
0.169432
0.168346
0.160953
0.167425
0.176641
0.172873
0.169297
0.171325
0.175363
0.187259
0.177015
0.186209
0.169708
0.186656
0.171714
0.167839
0.171003
0.191567
0.195269
0.182810
0.177696
0.176490
0.176024
0.172263
0.183539
0.185175
0.190484
0.184575
0.197063
0.187068
0.250340
0.250353
0.252077
0.254337
0.254296
0.253344
0.254386
0.253389
0.253746
0.253618
0.253937
0.252965
0.254181
0.252945
0.256643
0.253942
0.255433
0.254519
0.254854
0.254815
0.255024
0.253813
0.254831
0.249343
0.251901
0.254355
0.254351
0.248860
0.254795
0.301922
0.301502
0.313240
0.310059
0.311283
0.305522
0.313094
0.314027
0.312210
0.314218
0.312166
0.305047
0.313930
0.315233
0.291128
0.262822
0.216571
0.265693
0.279243
0.262251
0.247730
0.234233
0.219707
0.207633
0.235547
0.217161
0.216922
0.174094
0.196375
0.212845
0.217075
0.212829
0.168642
0.143827
0.174179
0.219770
0.230269
0.251081
0.258754
0.259886
0.264834
0.266404
0.266495
0.246476
0.207180
0.238957
0.233309
0.209226
0.188107
0.193998
0.200267
0.210067
0.182888
0.176749
0.164597
0.153351
0.159299
0.162599
0.168575
0.166493
0.221131
0.217828
0.228150
0.231400
0.228651
0.245383
0.259753
0.239063
0.268048
0.246750
0.183723
0.187364
0.202603
0.210758
0.206465
0.206886
0.211420
0.209916
0.201505
0.198963
0.201780
0.196382
0.193651
0.196780
0.208302
0.197676
0.197162
0.195321
0.190682
0.190302
0.193540
0.194097
0.204879
0.208160
0.198802
0.191848
0.196030
0.187649
0.187032
0.194770
0.198724
0.189489
0.188305
0.190462
0.188796
0.188135
0.189305
0.188674
0.191285
0.190835
0.189684
0.189177
0.184579
0.183216
0.183588
0.182668
0.184018
0.183295
0.183504
0.183414
0.187087
0.184136
0.184022
0.188445
0.189456
0.188827
0.187582
0.187535
0.188060
0.184680
0.188157
0.187111
0.186734
0.185033
0.186243
0.186462
0.187404
0.186389
0.187353
0.187576
0.186677
0.187294
0.187395
0.189402
0.189247
0.190668
0.187901
0.187759
0.189363
0.189918
0.189783
0.192068
0.192066
0.190513
0.185921
0.186510
0.187115
0.187085
0.188227
0.188340
0.207769
0.207157
0.208506
0.204320
0.204918
0.205734
0.207225
0.207147
0.204867
0.203120
0.201570
0.200157
0.199321
0.198347
0.198675
0.197288
0.196931
0.199635
0.197832
0.200165
0.201520
0.200112
0.200471
0.200309
0.201714
0.202614
0.195609
0.202168
0.195810
0.205666
0.194828
0.196743
0.194095
0.154177
0.153625
0.154767
0.153653
0.158126
0.157987
0.153496
0.158687
0.159000
0.159058
0.154173
0.158399
0.158645
0.159201
0.157815
0.160220
0.159826
0.150860
0.156112
0.157826
0.156356
0.150256
0.157022
0.158972
0.157762
0.157843
0.159141
0.158089
0.148777
0.149466
0.154093
0.157179
0.159163
0.157536
0.152700
0.152606
0.172375
0.159773
0.160852
0.163684
0.158692
0.159098
0.154539
0.154950
0.036458
0.036485
0.035607
0.035563
0.034878
0.034485
0.035236
0.035863
0.035672
0.036069
0.036061
0.036033
0.035806
0.035722
0.034771
0.035557
0.034637
0.034719
0.033915
0.039300
0.040245
0.043074
0.046437
0.043699
0.052627
0.054088
0.056504
0.061827
0.067848
0.067322
0.070739
0.062906
0.062842
0.057179
0.049253
0.046556
0.042297
0.040613
0.039658
0.038781
0.039590
0.042199
0.041888
0.041599
0.041596
0.041596
0.042090
0.041914
0.042442
0.042237
0.042083
0.042304
0.039654
0.040931
0.040805
0.041072
0.040864
0.041307
0.041254
0.041248
0.041216
0.041231
0.041013
0.040792
0.040785
0.040590
0.040605
0.040708
0.040620
0.040583
0.040561
0.040485
0.040455
0.040466
0.040527
0.040486
0.040436
0.040524
0.040434
0.040492
0.040476
0.040645
0.159560
0.157911
0.159007
0.157421
0.156780
0.156935
0.157393
0.157976
0.157424
0.156994
0.156570
0.157872
0.155987
0.153921
0.155126
0.155176
0.154335
0.157174
0.157479
0.156286
0.156309
0.158042
0.158397
0.153302
0.155923
0.157056
0.155541
0.155159
0.155421
0.153479
0.153052
0.154909
0.154123
0.153698
0.152309
0.161668
0.155843
0.239312
0.291159
0.324706
0.346823
0.365938
0.295086
0.270597
0.229539
0.203159
0.198586
0.199979
0.196369
0.191941
0.197751
0.197734
0.197601
0.192474
0.194999
0.193724
0.196324
0.199519
0.207015
0.205284
0.204223
0.193028
0.206658
0.192000
0.191194
0.205864
0.190069
0.189725
0.195350
0.191055
0.190702
0.191995
0.190529
0.191689
0.194320
0.195021
0.196277
0.198597
0.196467
0.196143
0.196310
0.191359
0.196851
0.197728
0.198422
0.191704
0.197436
0.196152
0.197198
0.198526
0.197153
0.198095
0.198100
0.198309
0.198825
0.197215
0.197700
0.197243
0.197386
0.194355
0.192402
0.193353
0.194578
0.193608
0.192227
0.191557
0.193088
0.192566
0.189790
0.189321
0.258407
0.261877
0.261672
0.261741
0.261950
0.261924
0.262162
0.259137
0.266282
0.262492
0.264518
0.264201
0.264500
0.265307
0.261047
0.265648
0.265755
0.256010
0.262520
0.257315
0.256756
0.255886
0.249490
0.244720
0.221929
0.221597
0.159373
0.176217
0.169603
0.168808
0.179657
0.183713
0.193495
0.186471
0.197246
0.188034
0.192282
0.194754
0.198408
0.189980
0.199782
0.197743
0.203504
0.200116
0.202754
0.204547
0.201141
0.197425
0.197516
0.197658
0.195943
0.195279
0.196149
0.169254
0.110193
0.140481
0.140458
0.181500
0.142604
0.184167
0.227789
0.266201
0.265633
0.260493
0.259188
0.260647
0.265727
0.263958
0.260264
0.264320
0.260402
0.260978
0.261158
0.260753
0.266780
0.266107
0.262442
0.262106
0.262168
0.261306
0.259834
0.265486
0.257947
0.265627
0.256996
0.247459
0.209970
0.193701
0.151306
0.124800
0.140596
0.161466
0.146229
0.165417
0.188149
0.192300
0.215235
0.215111
0.197698
0.217371
0.202804
0.200245
0.206442
0.200350
0.199122
0.197681
0.198492
0.193782
0.188577
0.189786
0.189398
0.189943
0.188663
0.185819
0.186917
0.186105
0.182373
0.186072
0.185469
0.188325
0.181021
0.172454
0.180804
0.205319
0.229729
0.234550
0.277724
0.301558
0.317906
0.321956
0.320661
0.313697
0.315539
0.311386
0.304592
0.307272
0.303426
0.312902
0.309020
0.309139
0.306973
0.304755
0.300856
0.301140
0.303091
0.298049
0.298769
0.289999
0.296757
0.343855
0.341152
0.340771
0.340884
0.337904
0.327480
0.320185
0.313673
0.315107
0.311758
0.318670
0.320669
0.331196
0.320960
0.320009
0.321784
0.318232
0.315677
0.316822
0.312085
0.313373
0.317504
0.315180
0.319715
0.317317
0.314728
0.313370
0.318637
0.318043
0.319381
0.311766
0.320812
0.317152
0.308502
0.302832
0.300269
0.333611
0.348831
0.383665
0.352769
0.333950
0.314748
0.333662
0.288145
0.277104
0.266584
0.273714
0.273277
0.272524
0.268727
0.263414
0.261505
0.258407
0.258843
0.259885
0.258674
0.260882
0.257603
0.259650
0.260344
0.260379
0.258526
0.258657
0.257317
0.256750
0.257364
0.258837
0.256758
0.257294
0.257866
0.258597
0.256216
0.256069
0.257664
0.261141
0.259795
0.254734
0.255599
0.247005
0.244337
0.222548
0.222589
0.172765
0.197836
0.169241
0.198639
0.200152
0.213077
0.216669
0.229313
0.217023
0.218734
0.215606
0.211171
0.206866
0.201356
0.193120
0.204375
0.194440
0.201443
0.226189
0.230821
0.235766
0.224848
0.226998
0.215066
0.202652
0.204780
0.204317
0.201361
0.196492
0.213129
0.194617
0.204182
0.205240
0.219952
0.219803
0.202470
0.186588
0.229318
0.218263
0.218319
0.213154
0.215526
0.209226
0.203830
0.184954
0.208529
0.173490
0.128553
0.129911
0.114564
0.094013
0.091829
0.094085
0.113704
0.115588
0.135402
0.158143
0.211538
0.223418
0.214822
0.215751
0.220047
0.227890
0.232623
0.229090
0.230743
0.233341
0.214179
0.214635
0.208615
0.234408
0.167697
0.179831
0.185532
0.141941
0.151101
0.174195
0.204953
0.226770
0.224254
0.222969
0.229778
0.232066
0.237727
0.257710
0.230592
0.236971
0.241772
0.253668
0.245419
0.249056
0.254511
0.272405
0.278865
0.276498
0.275087
0.275307
0.276952
0.274685
0.272789
0.261171
0.225003
0.216116
0.226489
0.231090
0.222117
0.226225
0.220502
0.211084
0.202711
0.198755
0.190651
0.166374
0.170075
0.181241
0.212210
0.227747
0.242446
0.244775
0.262392
0.272501
0.279794
0.285307
0.295034
0.300937
0.307511
0.320442
0.329713
0.346059
0.353845
0.366467
0.377689
0.385608
0.396107
0.407980
0.422890
0.422890
0.386300
0.354023
0.341723
0.318438
0.314537
0.301118
0.281702
0.272746
0.276258
0.269313
0.263162
0.262833
0.259619
0.257017
0.253824
0.254308
0.254313
0.254316
0.254314
0.254333
0.254321
0.254321
0.254320
0.254336
0.253635
0.253319
0.253721
0.253762
0.253868
0.253804
0.253866
0.253880
0.253818
0.253771
0.253604
0.253628
0.253630
0.253491
0.253635
0.253605
0.253758
0.253817
0.253817
0.253768
0.253393
0.253310
0.253311
0.253379
0.253689
0.253287
0.192990
0.192990
0.192174
0.192511
0.192803
0.192723
0.189035
0.189495
0.191124
0.191236
0.191291
0.188829
0.187839
0.190000
0.189537
0.191082
0.190637
0.189538
0.190746
0.190468
0.184336
0.186122
0.185590
0.185478
0.185426
0.185248
0.185248
0.183033
0.183469
0.185066
0.183638
0.184662
0.183661
0.183681
0.183681
0.183681
0.183720
0.183678
0.183678
0.183679
0.183679
0.183661
0.183661
0.183662
0.183662
0.183662
0.184625
0.422890
0.422639
0.417920
0.416762
0.417229
0.416947
0.416850
0.415894
0.415307
0.417429
0.415675
0.416716
0.416722
0.416381
0.416185
0.415648
0.409950
0.409904
0.411593
0.405045
0.400939
0.402045
0.402304
0.401520
0.398600
0.400773
0.401652
0.396094
0.386568
0.385299
0.379945
0.380350
0.382575
0.376741
0.375573
0.379526
0.379207
0.379273
0.380441
0.380463
0.380463
0.380354
0.380462
0.380457
0.380457
0.380456
0.380456
0.380456
0.380456
0.380456
0.380456
