0.236716
0.236716
0.236716
0.236701
0.236620
0.235067
0.232506
0.227216
0.226248
0.217145
0.214342
0.208310
0.215633
0.206861
0.212150
0.209544
0.208368
0.193081
0.193884
0.191850
0.213665
0.223784
0.208777
0.208339
0.220537
0.207977
0.225331
0.207301
0.216868
0.221199
0.214753
0.214642
0.214194
0.210565
0.210076
0.207996
0.208348
0.209571
0.207650
0.202095
0.166849
0.166397
0.166156
0.220281
0.215441
0.223661
0.221094
0.221560
0.146049
0.157099
0.153873
0.154632
0.155946
0.159508
0.159902
0.161423
0.158809
0.161405
0.161225
0.160454
0.166163
0.165142
0.161481
0.211334
0.161920
0.164302
0.160347
0.157323
0.159237
0.154019
0.154987
0.153190
0.154028
0.154201
0.154502
0.153807
0.153411
0.153871
0.154567
0.157836
0.152655
0.151541
0.153133
0.153788
0.152199
0.151513
0.150643
0.149972
0.147930
0.151701
0.151690
0.152269
0.158274
0.159961
0.153580
0.157318
0.155830
0.154575
0.156516
0.154878
0.156331
0.152190
0.152998
0.158413
0.163183
0.162076
0.161544
0.155295
0.155630
0.153731
0.154039
0.153631
0.154633
0.153450
0.154141
0.153530
0.152685
0.148845
0.149135
0.150561
0.149046
0.147270
0.149935
0.149087
0.145427
0.143835
0.145388
0.146314
0.146248
0.147049
0.148260
0.148353
0.148808
0.149616
0.151684
0.149372
0.151592
0.152995
0.153747
0.153284
0.152356
0.154511
0.154308
0.154756
0.161956
0.155871
0.156415
0.165883
0.159241
0.161950
0.173983
0.164566
0.165189
0.172662
0.168003
0.168821
0.169697
0.175947
0.169215
0.170481
0.167626
0.154303
0.162867
0.157067
0.158570
0.157237
0.145308
0.153896
0.151873
0.106148
0.128266
0.152643
0.150510
0.155121
0.152896
0.179908
0.200691
0.220323
0.219491
0.215349
0.217122
0.224534
0.235323
0.224477
0.223677
0.228101
0.227106
0.229504
0.227504
0.228790
0.233943
0.231375
0.230211
0.228153
0.225557
0.229721
0.228800
0.230655
0.223085
0.224554
0.223680
0.206984
0.207947
0.224383
0.212365
0.228602
0.213061
0.233157
0.229540
0.223438
0.228202
0.232908
0.229346
0.233811
0.234751
0.238660
0.238579
0.233407
0.231283
0.232687
0.232438
0.233920
0.244480
0.236027
0.232925
0.235293
0.235014
0.230767
0.237018
0.237160
0.229470
0.225658
0.213253
0.213873
0.209879
0.211469
0.214320
0.214212
0.209572
0.210851
0.210685
0.209118
0.208812
0.220641
0.219438
0.219804
0.212262
0.217924
0.217094
0.214180
0.213958
0.212371
0.213771
0.212040
0.211015
0.211500
0.211357
0.211239
0.210253
0.208923
0.209950
0.208602
0.210574
0.208201
0.207992
0.206903
0.205700
0.212388
0.203404
0.193590
0.198691
0.199373
0.187852
0.199796
0.195409
0.196849
0.186696
0.196208
0.193456
0.195188
0.192525
0.198728
0.203811
0.166823
0.208621
0.210691
0.195692
0.204858
0.197208
0.196121
0.190964
0.192548
0.185753
0.178607
0.175928
0.183561
0.196107
0.190327
0.184849
0.185846
0.199273
0.195935
0.195064
0.193760
0.193563
0.199261
0.190800
0.192137
0.206145
0.213211
0.206606
0.207217
0.205153
0.153107
0.154907
0.153820
0.205209
0.208232
0.205446
0.153713
0.151226
0.151740
0.155017
0.205074
0.203191
0.197998
0.207058
0.207481
0.206037
0.208053
0.206562
0.152994
0.153356
0.197209
0.189524
0.190836
0.210482
0.197545
0.185397
0.174510
0.164432
0.208396
0.207727
0.212493
0.211664
0.212159
0.212989
0.214374
0.191145
0.208669
0.200043
0.170171
0.171356
0.177076
0.158142
0.200193
0.192572
0.197846
0.193301
0.196177
0.187628
0.193301
0.200834
0.200868
0.194784
0.173745
0.171686
0.171917
0.168411
0.166066
0.170614
0.197789
0.204768
0.198476
0.196153
0.196890
0.201142
0.207530
0.200031
0.205427
0.205940
0.207632
0.207599
0.209661
0.208615
0.208492
0.208269
0.213633
0.214304
0.213425
0.213744
0.208140
0.207856
0.207583
0.208742
0.208893
0.207959
0.206885
0.206687
0.207542
0.207626
0.207028
0.207538
0.207563
0.206577
0.206615
0.207199
0.206505
0.205830
0.206067
0.206393
0.206653
0.206272
0.207041
0.206983
0.206880
0.207653
0.206583
0.205705
0.205491
0.206062
0.206061
0.206199
0.206910
0.206029
0.205490
0.205386
0.205291
0.206353
0.205698
0.206155
0.206256
0.212963
0.210493
0.210098
0.209771
0.209569
0.198976
0.206311
0.208404
0.207550
0.208254
0.207633
0.207018
0.207183
0.205651
0.205517
0.206120
0.206984
0.206715
0.207744
0.205263
0.205076
0.203994
0.205496
0.204661
0.206734
0.206382
0.206474
0.205495
0.205054
0.208468
0.206602
0.195936
0.195393
0.200455
0.207265
0.208479
0.208068
0.208160
0.209213
0.207610
0.198268
0.208486
0.195869
0.196015
0.119183
0.119327
0.117656
0.117908
0.121281
0.122262
0.122564
0.118457
0.120066
0.069037
0.069398
0.080066
0.107204
0.105525
0.078460
0.070200
0.072777
0.074679
0.073047
0.072057
0.074674
0.119337
0.121476
0.117996
0.114322
0.110700
0.122026
0.121505
0.120653
0.121280
0.083362
0.099624
0.111501
0.096936
0.088387
0.096208
0.096082
0.094720
0.094271
0.080213
0.098165
0.106421
0.119759
0.106325
0.104538
0.088637
0.088569
0.091736
0.108302
0.109460
0.102633
0.104952
0.110234
0.106728
0.108126
0.106796
0.118463
0.118215
0.105663
0.111973
0.071789
0.092332
0.103310
0.102213
0.108425
0.112579
0.113379
0.112121
0.114760
0.112811
0.108613
0.112088
0.105286
0.119601
0.118946
0.117297
0.117460
0.117237
0.118987
0.116905
0.115913
0.115908
0.116752
0.113567
0.116645
0.113084
0.105650
0.104756
0.106055
0.106824
0.106675
0.105456
0.105865
0.105065
0.106119
0.106468
0.106851
0.107289
0.108776
0.106277
0.105683
0.106471
0.130801
0.117472
0.118482
0.118805
0.120096
0.120494
0.095042
0.095425
0.098695
0.096117
0.094664
0.099965
0.120733
0.120660
0.120240
0.120296
0.119890
0.118728
0.131145
0.109773
0.110520
0.109191
0.109110
0.106184
0.106237
0.105808
0.106125
0.106093
0.108113
0.108899
0.108918
0.109208
0.106650
0.107321
0.106206
0.102645
0.105056
0.103873
0.103298
0.110846
0.098787
0.100285
0.099769
0.101686
0.104007
0.104552
0.105561
0.108274
0.105441
0.106601
0.091546
0.090324
0.089385
0.085644
0.117116
0.116287
0.120704
0.120702
0.131726
0.105828
0.105348
0.107300
0.106421
0.115005
0.069348
0.070005
0.069597
0.068798
0.068889
0.076179
0.074944
0.074424
0.075511
0.075805
0.076237
0.071450
0.076715
0.076397
0.077718
0.075754
0.088944
0.087532
0.077448
0.068121
0.078865
0.067942
0.068121
0.066746
0.078110
0.080849
0.080147
0.079778
0.077218
0.078710
0.076104
0.070872
0.072113
0.079099
0.079030
0.073228
0.068667
0.081542
0.082530
0.080266
0.075764
0.079584
0.079897
0.084035
0.080468
0.080363
0.081004
0.080644
0.080342
0.080553
0.083935
0.083222
0.087280
0.083962
0.084306
0.078871
0.080815
0.068127
0.083439
0.080389
0.083579
0.082288
0.079676
0.085643
0.069918
0.073489
0.069174
0.068257
0.094561
0.081071
0.152214
0.149138
0.147517
0.148561
0.148389
0.146915
0.147250
0.155451
0.152019
0.148435
0.138604
0.150835
0.147331
0.141200
0.152592
0.152448
0.151392
0.150103
0.148513
0.148762
0.149504
0.146934
0.146188
0.147676
0.143983
0.144466
0.146284
0.144598
0.144850
0.144382
0.144038
0.143760
0.148839
0.149168
0.149880
0.144460
0.152237
0.146957
0.149061
0.162829
0.162429
0.151048
0.148090
0.149903
0.150254
0.146540
0.148416
0.148853
0.133336
0.167156
0.164715
0.146659
0.166079
0.165026
0.149545
0.158702
0.152773
0.160776
0.159727
0.135240
0.134457
0.135308
0.150351
0.147545
0.149121
0.149153
0.135274
0.134415
0.141544
0.132978
0.133000
0.132687
0.133564
0.132603
0.132619
0.141624
0.132798
0.132515
0.130625
0.130672
0.130499
0.131450
0.130666
0.133621
0.133986
0.132462
0.133374
0.134015
0.134114
0.133584
0.133582
0.134343
0.134277
0.133401
0.133696
0.133534
0.132043
0.132479
0.130326
0.132792
0.133175
0.131002
0.134553
0.140071
0.132731
0.132600
0.132945
0.132767
0.132812
0.132130
0.130798
0.131809
0.132271
0.130546
0.129123
0.130401
0.131320
0.132376
0.131896
0.132946
0.133104
0.131888
0.134399
0.134796
0.133922
0.139753
0.134646
0.133133
0.132982
0.133149
0.132919
0.132467
0.132048
0.124310
0.123938
0.125091
0.121782
0.121364
0.121926
0.121825
0.123966
0.122144
0.122675
0.124254
0.123830
0.123773
0.123939
0.123247
0.124526
0.125405
0.124891
0.123278
0.118246
0.117690
0.119198
0.117196
0.116591
0.113500
0.112590
0.114945
0.112819
0.111510
0.112000
0.114827
0.109874
0.114330
0.114576
0.113917
0.117574
0.114124
0.113125
0.113289
0.113617
0.114703
0.119017
0.118002
0.120009
0.123022
0.125014
0.125269
0.125864
0.123151
0.124380
0.123133
0.123870
0.119164
0.119973
0.119421
0.117082
0.115107
0.118465
0.117706
0.117845
0.114800
0.116690
0.118793
0.117727
0.117808
0.117515
0.068017
0.106686
0.118245
0.125283
0.088951
0.094254
0.116165
0.117912
0.123322
0.122432
0.127987
0.126509
0.125778
0.123524
0.125442
0.112190
0.109509
0.105204
0.102167
0.102945
0.104850
0.107766
0.111491
0.110716
0.085673
0.126047
0.120672
0.119913
0.119545
0.121035
0.122469
0.091458
0.083570
0.080511
0.082026
0.086180
0.090120
0.091932
0.087259
0.086797
0.084478
0.083610
0.084513
0.081157
0.080772
0.084031
0.109014
0.112776
0.096307
0.112534
0.115697
0.120464
0.094587
0.094350
0.093255
0.092078
0.120282
0.084869
0.079297
0.082641
0.098341
0.116098
0.113849
0.080846
0.083221
0.085090
0.087833
0.087881
0.123202
0.122995
0.119650
0.117853
0.115291
0.123861
0.124309
0.125110
0.124592
0.127058
0.126816
0.127670
0.126065
0.127460
0.077676
0.132640
0.132228
0.082691
0.081093
0.081275
0.080914
0.129909
0.128895
0.120762
0.120849
0.120865
0.120717
0.128259
0.120803
0.119669
0.126190
0.125532
0.127108
0.129373
0.124144
0.117330
0.116931
0.120080
0.128347
0.130084
0.127508
0.126245
0.118935
0.117384
0.121175
0.123505
0.122062
0.123676
0.118479
0.119198
0.086950
0.079304
0.077127
0.078608
0.117913
0.115518
0.119613
0.126490
0.128332
0.129088
0.130496
0.120267
0.121318
0.132689
0.120649
0.119907
0.122827
0.192567
0.207833
0.186815
0.187262
0.212720
0.213288
0.193918
0.192400
0.194308
0.192404
0.218142
0.216674
0.216747
0.216251
0.216444
0.216379
0.216865
0.216770
0.216352
0.193820
0.194235
0.194723
0.161313
0.169313
0.178578
0.171222
0.179306
0.179381
0.179784
0.176686
0.174218
0.177508
0.177400
0.173405
0.173364
0.177563
0.170283
0.171232
0.178653
0.189586
0.185914
0.192538
0.194130
0.194400
0.194803
0.194682
0.194583
0.194412
0.194541
0.216368
0.215970
0.215818
0.215645
0.215682
0.215798
0.215811
0.216096
0.215841
0.215349
0.215254
0.215175
0.215297
0.215289
0.215109
0.214978
0.214978
0.214945
0.215190
0.215037
0.215254
0.215463
0.215463
0.215718
0.215517
0.215516
0.215455
0.215423
0.215375
0.215085
0.216013
0.216380
0.215254
0.215668
0.215870
0.216349
0.216675
0.216657
0.216587
0.216814
0.172018
0.172198
0.171507
0.171023
0.190354
0.180887
0.188829
0.187712
0.184254
0.188317
0.187854
0.188662
0.190369
0.189986
0.190499
0.193889
0.193806
0.194077
0.194151
0.192752
0.216523
0.216352
0.215959
0.215877
0.215592
0.215743
0.215329
0.215074
0.215104
0.215074
0.215082
0.215092
0.215763
0.215850
0.215846
0.215551
0.215766
0.215052
0.215055
0.215075
0.214929
0.215109
0.215191
0.215165
0.215494
0.215349
0.132458
0.126538
0.130331
0.130745
0.129958
0.129074
0.128198
0.128012
0.126607
0.127588
0.127301
0.128969
0.129155
0.128411
0.129201
0.127631
0.127401
0.128799
0.123754
0.120883
0.126449
0.126197
0.126911
0.127475
0.127851
0.128450
0.128211
0.128264
0.127228
0.127786
0.127759
0.124526
0.128510
0.127531
0.128539
0.130822
0.129765
0.127742
0.125425
0.126990
0.128080
0.129770
0.130895
0.131158
0.131125
0.130975
0.131155
0.131157
0.131186
0.131017
0.131051
0.131134
0.131860
0.132032
0.130446
0.129958
0.129250
0.127340
0.129478
0.128388
0.130146
0.130250
0.128768
0.129553
0.128697
0.126334
0.158191
0.145052
0.156100
0.157605
0.156520
0.120269
0.118663
0.118494
0.117834
0.117642
0.118068
0.118028
0.120136
0.120710
0.116607
0.121224
0.121333
0.129031
0.144550
0.129648
0.129107
0.128592
0.129991
0.129334
0.129560
0.130746
0.130305
0.129265
0.123317
0.125808
0.120653
0.121096
0.122387
0.121106
0.124506
0.119843
0.122873
0.122308
0.118385
0.126336
0.121790
0.121646
0.141527
0.118548
0.119244
0.132785
0.133347
0.125400
0.111258
0.114344
0.116369
0.113772
0.167627
0.140058
0.157487
0.155995
0.156635
0.156720
0.143204
0.140427
0.142874
0.143665
0.145860
0.145949
0.158793
0.160149
0.147180
0.064852
0.065608
0.063577
0.063207
0.064534
0.100911
0.067154
0.065000
0.062875
0.062421
0.062625
0.065971
0.063233
0.067088
0.065999
0.071932
0.071264
0.064567
0.065921
0.064697
0.060683
0.061985
0.058974
0.061506
0.062293
0.060583
0.060179
0.066114
0.070150
0.063205
0.066643
0.066985
0.065867
0.063195
0.111967
0.062894
0.086500
0.066921
0.065033
0.064293
0.065314
0.059846
0.059050
0.114176
0.109052
0.112296
0.111777
0.107119
0.107437
0.111377
0.066939
0.064915
0.066649
0.067767
0.068224
0.069143
0.073492
0.071337
0.071374
0.073444
0.069564
0.063567
0.063212
0.064056
0.084493
0.086542
0.084876
0.085567
0.102562
0.102479
0.097730
0.097862
0.101616
0.105647
0.107266
0.108607
0.106962
0.109654
0.108090
0.109558
0.108922
0.108523
0.108948
0.102648
0.108819
0.109847
0.110027
0.107867
0.107708
0.107697
0.108272
0.107393
0.107791
0.107901
0.108310
0.107305
0.107033
0.107124
0.107250
0.106627
0.106433
0.106412
0.106539
0.105653
0.106090
0.107275
0.107698
0.107162
0.103517
0.107164
0.107530
0.099679
0.097601
0.100484
0.100404
0.100687
0.105178
0.106025
0.107279
0.107910
0.107681
0.108114
0.106967
0.107630
0.106741
0.106568
0.106279
0.108168
0.104141
0.102489
0.102244
0.099558
0.106111
0.107511
0.108690
0.107199
0.106999
0.095029
0.097155
0.095484
0.099490
0.091522
0.091723
0.097212
0.096049
0.091990
0.096379
0.095030
0.082861
0.082482
0.130931
0.128909
0.082912
0.130594
0.082716
0.131132
0.079676
0.080049
0.078353
0.079570
0.133316
0.082179
0.080504
0.080144
0.081131
0.082020
0.083142
0.083363
0.083550
0.078050
0.124369
0.123699
0.131401
0.078154
0.076854
0.080018
0.079196
0.080755
0.085080
0.082930
0.082064
0.080642
0.081151
0.081117
0.079241
0.124508
0.083372
0.124912
0.085948
0.082770
0.137064
0.080130
0.129970
0.135985
0.141311
0.082518
0.082286
0.082030
0.082629
0.080233
0.079468
0.134966
0.116095
0.080946
0.079615
0.080829
0.127445
0.082366
0.099176
0.097206
0.093097
0.081607
0.094426
0.087173
0.082662
0.081088
0.081854
0.081638
0.085323
0.086763
0.087320
0.082162
0.080989
0.080807
0.079671
0.083764
0.143375
0.137983
0.136362
0.136862
0.134845
0.139233
0.083758
0.085283
0.083168
0.083384
0.083987
0.086632
0.084129
0.084424
0.093200
0.092828
0.092689
0.091104
0.092683
0.077291
0.131861
0.093830
0.093331
0.101022
0.093496
0.104356
0.102169
0.092974
0.093417
0.103096
0.104567
0.096707
0.095755
0.099946
0.125467
0.113391
0.104048
0.100525
0.117193
0.130971
0.092518
0.084874
0.094567
0.092034
0.092082
0.098610
0.096621
0.090508
0.089654
0.088806
0.092590
0.087368
0.088653
0.092445
0.078416
0.092065
0.075783
0.076014
0.085491
0.086901
0.096618
0.085261
0.088426
0.089475
0.089960
0.088133
0.090976
0.090434
0.093830
0.093801
0.094321
0.097063
0.095464
0.095756
0.095657
0.087705
0.087457
0.082441
0.097253
0.101156
0.099727
0.091887
0.095120
0.094914
0.093241
0.096633
0.099332
0.098445
0.094572
0.097560
0.095360
0.094758
0.095096
0.094766
0.099279
0.096381
0.100202
0.099521
0.096104
0.093483
0.093273
0.095711
0.097123
0.096694
0.094601
0.093796
0.090437
0.097643
0.086252
0.085759
0.179201
0.179618
0.185426
0.186441
0.181762
0.188258
0.188692
0.196013
0.198066
0.200857
0.201626
0.196785
0.197289
0.176833
0.199885
0.185484
0.181343
0.209670
0.204185
0.199294
0.211729
0.210406
0.210481
0.213550
0.223808
0.217683
0.206897
0.204265
0.187428
0.192252
0.193501
0.183535
0.191713
0.188691
0.196566
0.195183
0.193714
0.196897
0.196509
0.205570
0.174238
0.169666
0.184987
0.177224
0.183280
0.184312
0.184679
0.180612
0.175251
0.201986
0.185908
0.181654
0.180800
0.178493
0.178831
0.187840
0.174173
0.130069
0.194024
0.192101
0.198436
0.191995
0.191743
0.202217
0.191663
0.185984
0.063245
0.071642
0.073341
0.073170
0.073331
0.073109
0.073097
0.073459
0.074153
0.074042
0.074599
0.073481
0.074334
0.074308
0.073949
0.073847
0.073434
0.073758
0.073962
0.074028
0.074149
0.074227
0.074244
0.074212
0.074134
0.073888
0.073859
0.062389
0.073652
0.073457
0.073442
0.073575
0.074172
0.074462
0.073957
0.073960
0.073875
0.073996
0.073478
0.073631
0.073170
0.072905
0.072733
0.070544
0.073253
0.073654
0.073667
0.073844
0.073884
0.074719
0.075255
0.075474
0.074623
0.074755
0.075455
0.065043
0.074635
0.074677
0.074635
0.074407
0.073449
0.073706
0.073549
0.073968
0.073961
0.074205
0.071130
0.071086
0.070882
0.115559
0.110528
0.110056
0.109302
0.112321
0.112986
0.113104
0.112251
0.111686
0.107193
0.105474
0.105019
0.104488
0.105833
0.105316
0.107364
0.107315
0.107283
0.103034
0.107533
0.097613
0.099293
0.100055
0.098854
0.100454
0.098350
0.097297
0.098772
0.100346
0.093192
0.101024
0.092989
0.092796
0.093698
0.098752
0.093684
0.094032
0.104595
0.094415
0.092999
0.102412
0.102441
0.101236
0.101559
0.101403
0.099618
0.100243
0.104350
0.109288
0.109867
0.112351
0.113370
0.112403
0.105514
0.106039
0.105633
0.105703
0.104986
0.105404
0.105439
0.110661
0.112007
0.113189
0.108372
0.104757
0.109676
0.109693
0.103823
0.103033
0.104072
0.070239
0.070267
0.068078
0.069390
0.068611
0.069293
0.101779
0.097863
0.102462
0.101292
0.101989
0.103315
0.102430
0.102807
0.101930
0.104446
0.103360
0.103652
0.104114
0.099388
0.104314
0.099797
0.108045
0.096751
0.097381
0.097336
0.096473
0.099264
0.096298
0.091586
0.091124
0.091814
0.093689
0.098806
0.100089
0.098493
0.105455
0.103610
0.103688
0.099135
0.097772
0.101437
0.101284
0.109826
0.067956
0.060721
0.067853
0.103993
0.072649
0.068534
0.068985
0.069923
0.069419
0.065087
0.093298
0.061471
0.060880
0.095267
0.096410
0.093491
0.098589
0.096063
0.155942
0.157017
0.155972
0.157467
0.156115
0.156237
0.150795
0.151598
0.129200
0.150377
0.149998
0.149204
0.155550
0.155903
0.164016
0.160245
0.163339
0.158269
0.159762
0.161106
0.162210
0.160977
0.160663
0.160919
0.160889
0.163945
0.164109
0.161241
0.167609
0.164717
0.164870
0.161699
0.165361
0.163004
0.163096
0.165585
0.161506
0.161580
0.161250
0.154731
0.155393
0.151697
0.151651
0.152663
0.151576
0.157176
0.152828
0.153254
0.154063
0.154371
0.152097
0.157434
0.157932
0.160436
0.156947
0.161090
0.160870
0.161622
0.155334
0.152482
0.151898
0.148095
0.152036
0.129414
0.130114
0.146329
0.140162
0.127389
0.077035
0.081217
0.073875
0.078910
0.078144
0.079167
0.082969
0.086237
0.086054
0.084465
0.079592
0.078814
0.091287
0.091418
0.084258
0.081962
0.086524
0.092603
0.091594
0.090431
0.087755
0.085500
0.084579
0.084384
0.084859
0.083932
0.085878
0.087099
0.089883
0.090705
0.092211
0.093467
0.101120
0.101918
0.099630
0.092414
0.093969
0.095050
0.095157
0.083713
0.096576
0.083311
0.082423
0.083560
0.082865
0.084206
0.082043
0.082442
0.084456
0.080844
0.083248
0.092893
0.100149
0.105483
0.087333
0.088571
0.093938
0.098182
0.097032
0.079617
0.076735
0.079896
0.082958
0.082151
0.079710
0.095255
0.095015
0.095228
0.095287
0.096276
0.096390
0.096470
0.096426
0.096538
0.096698
0.094385
0.092942
0.092822
0.095546
0.096396
0.104650
0.095060
0.095421
0.095568
0.096000
0.095943
0.095083
0.092925
0.091184
0.090828
0.091091
0.091627
0.092309
0.092031
0.091676
0.090894
0.091297
0.091284
0.091713
0.091428
0.091555
0.090893
0.090762
0.091681
0.095709
0.095114
0.096536
0.095715
0.093674
0.092968
0.093770
0.091254
0.089879
0.090941
0.090732
0.093408
0.093014
0.092599
0.093294
0.098378
0.100093
0.099750
0.099026
0.096321
0.095081
0.096779
0.096749
0.097237
0.096344
0.095822
0.093758
0.093108
0.092580
0.232760
0.233202
0.233256
0.232005
0.231276
0.230522
0.228870
0.227367
0.222321
0.221327
0.218581
0.217287
0.213582
0.210848
0.207428
0.202084
0.207694
0.169436
0.192783
0.166497
0.171819
0.180652
0.178805
0.171686
0.176683
0.175777
0.175520
0.173289
0.175137
0.166300
0.182725
0.180554
0.173626
0.171024
0.179911
0.185163
0.166733
0.177797
0.151789
0.178788
0.191373
0.174563
0.172352
0.167447
0.165677
0.169729
0.173678
0.142064
0.173152
0.171726
0.173346
0.167474
0.166353
0.166329
0.165482
0.157497
0.153894
0.160089
0.156137
0.160498
0.149196
0.161903
0.160263
0.151505
0.153505
0.155590
0.157323
0.151736
0.159920
0.155734
0.158506
0.152968
0.148271
0.148974
0.148601
0.155702
0.145331
0.149630
0.149196
0.152334
0.153016
0.148010
0.146445
0.145258
0.146211
0.144979
0.143903
0.144376
0.144639
0.143012
0.143806
0.146104
0.150297
0.150967
0.156094
0.155775
0.168726
0.169344
0.169846
0.168335
0.156345
0.155831
0.157664
0.146525
0.156448
0.152424
0.156694
0.150850
0.150367
0.147151
0.141537
0.155774
0.158052
0.153857
0.155728
0.158281
0.138347
0.155805
0.151786
0.146049
0.152855
0.154364
0.140988
0.130116
0.144262
0.141217
0.143134
0.146567
0.146073
0.145528
0.139518
0.140627
0.135906
0.126817
0.124415
0.120071
0.119843
0.122321
0.094046
0.094905
0.094433
0.095132
0.095814
0.105270
0.099870
0.101483
0.101590
0.103623
0.110341
0.096309
0.110353
0.104734
0.119483
0.096663
0.096972
0.096027
0.100860
0.100385
0.105841
0.105740
0.104859
0.100979
0.104017
0.102611
0.102558
0.107598
0.111645
0.101935
0.106703
0.105848
0.106984
0.108074
0.108825
0.109540
0.107732
0.106345
0.099723
0.099906
0.102603
0.101955
0.105749
0.109369
0.100973
0.100750
0.105289
0.101730
0.101300
0.103770
0.100170
0.101365
0.101619
0.101201
0.101656
0.100715
0.102054
0.101610
0.102414
0.102401
0.133146
0.131817
0.131887
0.132977
0.102547
0.102649
0.100612
0.101300
0.102873
0.101269
0.101255
0.102200
0.101782
0.094829
0.091907
0.105536
0.104973
0.088156
0.097104
0.130083
0.123359
0.120741
0.122427
0.124926
0.123100
0.100598
0.105202
0.107395
0.094906
0.094332
0.094258
0.101572
0.104743
0.105006
0.104840
0.103165
0.104710
0.091856
0.113020
0.102829
0.104919
0.104160
0.105491
0.104697
0.102505
0.102347
0.104044
0.104522
0.106249
0.107620
0.106152
0.105062
0.104854
0.105263
0.100123
0.099509
0.110161
0.110533
0.112759
0.110144
0.111052
0.110322
0.106463
0.097290
0.106008
0.106585
0.100359
0.095473
0.104115
0.104539
0.104575
0.129936
0.129438
0.129579
0.127027
0.126953
0.125962
0.118352
0.117971
0.120359
0.122244
0.118988
0.119265
0.126951
0.119265
0.127177
0.119109
0.119554
0.119705
0.119927
0.118799
0.120247
0.128178
0.128500
0.128321
0.129303
0.123620
0.128389
0.125905
0.127183
0.126960
0.128090
0.128324
0.120038
0.119072
0.128610
0.125968
0.128070
0.128318
0.110599
0.108874
0.109768
0.108896
0.110802
0.111023
0.111789
0.108640
0.110009
0.109840
0.112040
0.109654
0.117511
0.107690
0.111919
0.112622
0.110105
0.110611
0.112125
0.111040
0.111688
0.111769
0.110187
0.110430
0.114377
0.112222
0.111362
0.112233
0.109318
0.106256
0.106762
0.108046
0.111338
0.113422
0.108981
0.109230
0.107707
0.106431
0.101486
0.099093
0.104384
0.108619
0.106845
0.109575
0.112971
0.112101
0.105306
0.106540
0.101274
0.100038
0.100959
0.100375
0.100955
0.101314
0.100759
0.101320
0.101487
0.101868
0.102180
0.102697
0.102854
0.102594
0.103913
0.103413
0.103565
0.104488
0.104524
0.103868
0.104113
0.104362
0.104512
0.104270
0.103985
0.103636
0.103774
0.103974
0.103688
0.103612
0.102981
0.103141
0.102902
0.104101
0.102141
0.102782
0.102718
0.102550
0.102979
0.102957
0.102944
0.102124
0.102855
0.104085
0.103300
0.103609
0.103815
0.104510
0.104369
0.057316
0.057292
0.057741
0.101724
0.100474
0.101324
0.100926
0.100229
0.105999
0.105851
0.108827
0.066107
0.066421
0.066096
0.106042
0.106608
0.102696
0.108735
0.103276
0.107160
0.107354
0.105477
0.104274
0.103369
0.108532
0.086672
0.066576
0.088574
0.089642
0.085565
0.086170
0.085418
0.084970
0.085708
0.087695
0.085400
0.101856
0.105891
0.104357
0.111423
0.107342
0.113731
0.116370
0.120530
0.135026
0.132151
0.130295
0.076497
0.115673
0.113913
0.124644
0.125678
0.078744
0.079211
0.072349
0.094212
0.074003
0.080082
0.074668
0.064474
0.063341
0.063671
0.063907
0.065663
0.079476
0.075768
0.077997
0.075422
0.066899
0.066085
0.088868
0.082180
0.067101
0.067985
0.069196
0.065975
0.063572
0.061962
0.062097
0.060630
0.061130
0.060933
0.060057
0.060977
0.061360
0.062511
0.062811
0.061851
0.062379
0.065344
0.066132
0.106771
0.115096
0.120765
0.116140
0.113346
0.107321
0.116305
0.115134
0.112762
0.112738
0.117519
0.114995
0.118960
0.120184
0.116808
0.122237
0.120343
0.126202
0.084094
0.074165
0.090974
0.091395
0.074402
0.064483
0.075873
0.090038
0.075056
0.075308
0.131714
0.108782
0.109980
0.070581
0.075822
0.074298
0.070884
0.082748
0.059638
0.070954
0.070585
0.059045
0.059088
0.059024
0.057732
0.107773
0.112970
0.112245
0.114724
0.085448
0.088049
0.085828
0.077364
0.127156
0.083906
0.082762
0.086332
0.089893
0.089922
0.090626
0.066415
0.062208
0.067359
0.093975
0.066332
0.063775
0.052260
0.061337
0.064099
0.065128
0.068690
0.066910
0.069470
0.068145
0.067621
0.069137
0.068212
0.065368
0.094508
0.112463
0.111293
0.115309
0.116894
0.114355
0.116862
0.113293
0.114263
0.062870
0.055175
0.093567
0.096376
0.086170
0.086329
0.086468
0.097147
0.069378
0.058110
0.112342
0.111533
0.115246
0.117172
0.116017
0.112534
0.102526
0.110860
0.064548
0.111909
0.116289
0.099233
0.101424
0.100569
0.098782
0.100132
0.100634
0.099613
0.099993
0.100185
0.100905
0.100321
0.100923
0.101604
0.101069
0.101871
0.101571
0.100389
0.101247
0.100276
0.101008
0.100869
0.104327
0.101753
0.101957
0.103111
0.100770
0.103166
0.101879
0.099577
0.099064
0.098403
0.100030
0.100051
0.102424
0.101800
0.102713
0.102520
0.103171
0.102426
0.101264
0.099896
0.100787
0.101868
0.101647
0.102390
0.099144
0.098768
0.099430
0.098285
0.098672
0.098222
0.100026
0.100415
0.097758
0.096892
0.096428
0.096056
0.097751
0.099221
0.098386
0.100442
0.100103
0.100595
0.099811
0.099666
0.099955
0.098751
0.098498
0.098758
0.098649
0.098181
0.097641
0.098702
0.098690
0.098752
0.098273
0.098134
0.097926
0.098637
0.099978
0.100345
0.099485
0.099665
0.100131
0.100789
0.084860
0.085635
0.086051
0.084817
0.084479
0.084783
0.087345
0.088379
0.088975
0.088355
0.087181
0.086944
0.086675
0.099930
0.100588
0.101867
0.102915
0.103296
0.103206
0.104760
0.103445
0.103263
0.102773
0.102580
0.103379
0.102165
0.102167
0.101664
0.100176
0.100712
0.098024
0.097324
0.100842
0.097721
0.096819
0.098193
0.097670
0.099305
0.098030
0.098541
0.098606
0.098095
0.097720
0.097736
0.099626
0.099785
0.098592
0.097663
0.098728
0.098370
0.097659
0.096979
0.100698
0.101416
0.100304
0.099912
0.099793
0.099739
0.099468
0.100661
0.103522
0.100236
0.102018
0.099894
0.094665
0.092187
0.092916
0.092027
0.094316
0.090295
0.095021
0.096292
0.099640
0.099414
0.100637
0.100189
0.087305
0.086900
0.099604
0.086784
0.086617
0.099953
0.098830
0.097593
0.096333
0.100078
0.102348
0.102684
0.102553
0.102506
0.102758
0.103259
0.103143
0.102863
0.102503
0.103374
0.103755
0.104898
0.099278
0.099254
0.095611
0.097892
0.100368
0.101659
0.101440
0.099629
0.100244
0.101718
0.102011
0.101542
0.100241
0.100024
0.098817
0.099425
0.099881
0.099180
0.098025
0.099065
0.099080
0.100295
0.100506
0.101072
0.100048
0.103421
0.106554
0.112291
0.105634
0.100115
0.104416
0.104279
0.103167
0.099590
0.099352
0.099540
0.099505
0.098934
0.099592
0.098906
0.099225
0.095846
0.099038
0.099804
0.099493
0.099465
0.107393
0.099148
0.099251
0.102532
0.098701
0.098916
0.099119
0.107509
0.108606
0.099406
0.099126
0.104508
0.104351
0.099001
0.103219
0.099114
0.105553
0.102905
0.098476
0.098975
0.106008
0.104872
0.100029
0.097263
0.104182
0.103928
0.104656
0.105198
0.099245
0.106393
0.099200
0.110316
0.100475
0.110852
0.110360
0.100734
0.110048
0.112409
0.099290
0.099363
0.099945
0.122475
0.127602
0.124974
0.121548
0.119600
0.122166
0.115419
0.119193
0.118378
0.126829
0.125009
0.117388
0.127145
0.127309
0.119903
0.119544
0.120298
0.120558
0.118956
0.122030
0.122765
0.120219
0.122912
0.129507
0.126471
0.118430
0.118735
0.118929
0.126898
0.128780
0.128210
0.125315
0.132859
0.126130
0.128227
0.126295
0.126106
0.126168
0.128818
0.125353
0.118586
0.119835
0.119981
0.124444
0.126357
0.124470
0.121133
0.125321
0.120463
0.123357
0.119769
0.120882
0.122114
0.123142
0.124334
0.123212
0.123064
0.121683
0.123639
0.123004
0.119330
0.129140
0.137837
0.115276
0.125762
0.132477
0.113715
0.113529
0.126479
0.129510
0.131531
0.129181
0.129011
0.126511
0.127609
0.125162
0.128666
0.129237
0.129297
0.127222
0.127724
0.123451
0.125510
0.116592
0.122876
0.116939
0.116404
0.116472
0.117741
0.125122
0.125831
0.128390
0.128298
0.128791
0.127767
0.128552
0.128764
0.127055
0.126742
0.126634
0.128886
0.129263
0.114298
0.117014
0.125701
0.124260
0.121961
0.121984
0.120125
0.121768
0.123801
0.123042
0.122756
0.120915
0.118367
0.118979
0.117964
0.117063
0.118286
0.119078
0.121776
0.125080
0.124119
0.121057
0.123936
0.124545
0.123776
0.114606
0.079946
0.112068
0.113772
0.119647
0.120484
0.107017
0.107504
0.102821
0.101407
0.107663
0.116870
0.106559
0.105642
0.105341
0.104571
0.102815
0.104225
0.104728
0.104317
0.103589
0.106554
0.109814
0.106675
0.107242
0.107842
0.108631
0.107874
0.110006
0.103901
0.104603
0.102459
0.104279
0.104353
0.103122
0.104281
0.110051
0.107524
0.108282
0.100831
0.098922
0.100819
0.104644
0.105166
0.106767
0.104972
0.105108
0.106309
0.104897
0.105756
0.106182
0.104637
0.106622
0.110043
0.110550
0.103643
0.103379
0.105073
0.104363
0.104162
0.104798
0.111390
0.111574
0.111497
0.110939
0.111154
0.108290
0.108866
0.112039
0.113108
0.109370
0.108856
0.108383
0.106649
0.105864
0.124685
0.129377
0.128315
0.128672
0.127772
0.128365
0.129103
0.127708
0.130320
0.119161
0.119371
0.117681
0.116594
0.133506
0.134613
0.130621
0.131509
0.133017
0.131323
0.131078
0.135538
0.132802
0.132530
0.132088
0.132294
0.132892
0.132406
0.132373
0.132984
0.133003
0.130214
0.127943
0.131768
0.131158
0.129891
0.134414
0.128905
0.127381
0.128067
0.125572
0.133165
0.117240
0.130278
0.129068
0.129428
0.129099
0.130076
0.138636
0.117854
0.109521
0.130125
0.137406
0.111446
0.120641
0.118724
0.119169
0.120956
0.109543
0.122295
0.122759
0.104322
0.133009
0.137608
0.129390
0.108533
0.103463
0.111189
0.112847
0.119017
0.140715
0.146662
0.144410
0.146835
0.129776
0.129495
0.132319
0.133393
0.134753
0.146650
0.149506
0.119566
0.114198
0.115463
0.112789
0.113917
0.114557
0.114270
0.108495
0.105983
0.099808
0.099693
0.104458
0.097868
0.100579
0.106379
0.101098
0.106248
0.107632
0.099619
0.106992
0.103356
0.099939
0.108204
0.099593
0.104191
0.103765
0.102297
0.107242
0.106577
0.107552
0.106033
0.106001
0.105859
0.105895
0.108730
0.104037
0.112477
0.107519
0.107406
0.108873
0.107961
0.110824
0.110489
0.109765
0.109838
0.109954
0.109309
0.110468
0.111656
0.111663
0.111002
0.111470
0.000983
0.001028
0.001691
0.001800
0.001943
0.001889
0.001311
0.001324
0.000610
0.001050
0.000869
0.001470
0.001511
0.001214
0.001196
0.001278
0.001314
0.001269
0.001222
0.000618
0.000439
0.000499
0.000516
0.000535
0.000575
0.000583
0.000560
0.000549
0.000547
0.000523
0.000496
0.000466
0.000447
0.000427
0.000463
0.000453
0.000469
0.000425
0.000344
0.001130
0.000504
0.001134
0.001216
0.001142
0.001065
0.001027
0.000995
0.000183
0.000145
0.000183
0.000159
0.000074
0.000058
0.000056
0.000027
0.000014
0.000005
0.000000
0.000003
0.000009
0.000016
0.000030
0.000034
0.000047
0.000067
0.000094
0.000124
0.000068
0.000173
0.000353
0.057711
0.058887
0.058406
0.058496
0.057567
0.057851
0.057424
0.057509
0.057372
0.057494
0.057278
0.057053
0.056962
0.058316
0.058782
0.058626
0.056892
0.057962
0.058545
0.061808
0.059244
0.059073
0.059043
0.059751
0.060335
0.060537
0.059801
0.060240
0.059769
0.059988
0.058726
0.060161
0.058614
0.058661
0.055635
0.058723
0.058647
0.058038
0.057838
0.058103
0.058043
0.057171
0.057004
0.057011
0.056675
0.057136
0.057567
0.058335
0.060324
0.055972
0.048591
0.055184
0.053702
0.055291
0.057093
0.054664
0.054128
0.054628
0.054611
0.054918
0.059540
0.055160
0.058160
0.057158
0.057728
0.046659
0.109945
0.109617
0.108924
0.100654
0.107617
0.108240
0.114658
0.106715
0.108349
0.108589
0.103780
0.101961
0.106822
0.105576
0.116819
0.114365
0.105288
0.115677
0.106297
0.109581
0.109141
0.110623
0.111055
0.108546
0.105760
0.111682
0.104841
0.105753
0.106766
0.112619
0.111231
0.105713
0.112759
0.110207
0.103957
0.101074
0.106114
0.100215
0.108592
0.108447
0.108758
0.105312
0.104398
0.104228
0.109509
0.099461
0.099976
0.101556
0.100585
0.100307
0.099533
0.098108
0.095727
0.141222
0.141754
0.136451
0.138284
0.137728
0.128964
0.127196
0.126942
0.128341
0.126732
0.128011
0.129201
0.126020
0.124931
0.126522
0.125922
0.126894
0.129354
0.130418
0.132230
0.132290
0.127066
0.129969
0.128824
0.133895
0.132272
0.131782
0.134245
0.132420
0.132850
0.136725
0.138596
0.131646
0.141431
0.139963
0.139746
0.137785
0.135242
0.130477
0.131387
0.121891
0.123701
0.125215
0.131105
0.127461
0.133354
0.131890
0.131978
0.132236
0.134153
0.130118
0.131425
0.131607
0.130913
0.131176
0.130473
0.130171
0.130049
0.129795
0.129826
0.130591
0.130440
0.131574
0.130135
0.130700
0.129788
0.131557
0.130158
0.129182
0.132248
0.134690
0.123613
0.134131
0.126171
0.123927
0.128151
0.127645
0.134663
0.109608
0.109543
0.105621
0.117283
0.118876
0.117013
0.116481
0.113164
0.112302
0.108157
0.117193
0.122427
0.115139
0.109755
0.121732
0.119220
0.119155
0.120992
0.120033
0.089735
0.092401
0.089307
0.088160
0.083200
0.095188
0.102654
0.094231
0.102450
0.110013
0.098313
0.093486
0.100211
0.101477
0.109576
0.098940
0.101231
0.100756
0.102933
0.102365
0.101498
0.099050
0.081837
0.105664
0.083948
0.082468
0.105912
0.102468
0.081723
0.106956
0.105543
0.099591
0.100250
0.104571
0.099929
0.103795
0.100370
0.100201
0.098201
0.101808
0.098669
0.098594
0.099030
0.110647
0.099699
0.105554
0.103554
0.102618
0.086153
0.105075
0.102854
0.106897
0.102354
0.103500
0.109295
0.106048
0.106890
0.105600
0.127787
0.103527
0.119207
0.104829
0.103572
0.107497
0.106930
0.105138
0.126623
0.114402
0.130216
0.100588
0.101613
0.101765
0.101290
0.094649
0.084791
0.107913
0.092677
0.105301
0.102545
0.084284
0.083591
0.093571
0.101776
0.102330
0.109755
0.108313
0.095805
0.086119
0.087194
0.085473
0.095292
0.095149
0.107390
0.106018
0.097239
0.092142
0.084328
0.108430
0.108117
0.108943
0.109713
0.104999
0.098223
0.099853
0.101654
0.099216
0.096932
0.096864
0.098251
0.092424
0.093313
0.098128
0.106232
0.106042
0.107632
0.109539
0.132445
0.130095
0.126912
0.124324
0.124108
0.131138
0.134006
0.127492
0.129506
0.129761
0.127555
0.128240
0.129478
0.126028
0.128354
0.124980
0.124335
0.123980
0.133548
0.128034
0.120084
0.126948
0.123203
0.126112
0.132893
0.132786
0.128552
0.131552
0.127646
0.131419
0.123173
0.127303
0.123449
0.126906
0.131904
0.122709
0.122276
0.131521
0.129950
0.139665
0.140517
0.139893
0.137554
0.140703
0.138771
0.138947
0.139549
0.139556
0.132694
0.122095
0.137025
0.136243
0.145080
0.143885
0.141015
0.121693
0.122866
0.125490
0.121128
0.120745
0.119830
0.120755
0.125692
0.124890
0.123399
0.122679
0.122127
0.123486
0.131001
0.130261
0.132152
0.128652
0.127270
0.129562
0.131534
0.131806
0.130921
0.128976
0.130082
0.134056
0.136256
0.124164
0.134874
0.127663
0.122455
0.120416
0.121650
0.120502
0.129061
0.121441
0.121005
0.124687
0.122975
0.134393
0.123632
0.131873
0.124702
0.119093
0.123810
0.119812
0.118072
0.120106
0.120900
0.121504
0.120194
0.119857
0.120752
0.122303
0.121795
0.121781
0.122582
0.116240
0.120594
0.122574
0.121959
0.119613
0.145531
0.144769
0.143001
0.145490
0.147328
0.145194
0.145362
0.147920
0.150768
0.148062
0.148431
0.148638
0.146584
0.149606
0.145177
0.145397
0.143911
0.143818
0.144695
0.144815
0.145270
0.146073
0.144834
0.146710
0.144819
0.126287
0.128072
0.128867
0.129311
0.126579
0.125897
0.125141
0.124871
0.123644
0.125350
0.125181
0.124920
0.125845
0.126416
0.126744
0.126545
0.126292
0.125733
0.126621
0.128566
0.125212
0.125567
0.122882
0.121731
0.122021
0.122331
0.122553
0.122928
0.123157
0.123559
0.120619
0.122103
0.122715
0.124836
0.124771
0.125342
0.125530
0.124436
0.116318
0.116096
0.126389
0.114751
0.126659
0.127755
0.127820
0.128020
0.127387
0.120303
0.120541
0.119171
0.123444
0.124257
0.120920
0.118847
0.119081
0.121059
0.122097
0.123556
0.125652
0.125059
0.125565
0.122950
0.125071
0.100131
0.102829
0.098821
0.098414
0.099586
0.099832
0.098116
0.097803
0.097505
0.100483
0.099811
0.100227
0.098226
0.098700
0.123743
0.130149
0.124389
0.116829
0.095115
0.096346
0.094723
0.094549
0.096871
0.095908
0.096147
0.096855
0.117297
0.096175
0.097245
0.098460
0.095986
0.100054
0.097013
0.097298
0.097995
0.095049
0.100154
0.100305
0.101019
0.099988
0.100092
0.100878
0.101618
0.101740
0.097836
0.097892
0.097935
0.098367
0.097491
0.097470
0.099436
0.102401
0.099583
0.101185
0.098654
0.098436
0.113155
0.098483
0.093867
0.095534
0.097039
0.099493
0.094711
0.098072
0.112339
0.114032
0.114872
0.121087
0.116841
0.113312
0.114675
0.117595
0.117316
0.116023
0.113831
0.116223
0.096899
0.097193
0.097612
0.097239
0.098170
0.098681
0.096470
0.096436
0.127865
0.126209
0.128186
0.114541
0.101011
0.099877
0.100714
0.100263
0.098279
0.099211
0.097355
0.101222
0.102226
0.101633
0.100864
0.100479
0.100525
0.100572
0.100903
0.100583
0.100713
0.099384
0.100279
0.101000
0.101074
0.099903
0.101033
0.101414
0.100892
0.101512
0.100424
0.101552
0.101410
0.100720
0.099486
0.099671
0.100505
0.099393
0.097471
0.123038
0.119936
0.120663
0.117361
0.115953
0.118683
0.118935
0.100275
0.100710
0.118212
0.101152
0.099834
0.099184
0.101725
0.100220
0.099526
0.098803
0.100330
0.102006
0.101311
0.101890
0.100902
0.100504
0.101438
0.101955
0.101879
0.102345
0.102576
0.106217
0.106118
0.100408
0.106322
0.106108
0.105977
0.099919
0.106262
0.106326
0.106243
0.106072
0.106105
0.106145
0.106540
0.398780
0.389454
0.389219
0.389561
0.397368
0.389280
0.389344
0.389079
0.387990
0.385791
0.387570
0.391471
0.391166
0.393321
0.393353
0.393356
0.393140
0.394118
0.388666
0.386625
0.394225
0.395271
0.391935
0.392499
0.394434
0.392700
0.387393
0.386291
0.386052
0.386584
0.385802
0.387213
0.395647
0.395295
0.396088
0.395033
0.395782
0.395487
0.392777
0.388804
0.385123
0.385128
0.385384
0.385224
0.385982
0.393273
0.395948
0.399734
0.399517
0.397108
0.398403
0.396604
0.399178
0.392374
0.389195
0.387188
0.387856
0.387551
0.388833
0.394862
0.390657
0.395083
0.395579
0.395692
0.395517
0.395451
0.395476
0.395434
0.395507
0.395505
0.395507
0.393510
0.393488
0.393498
0.393497
0.393498
0.393495
0.393499
0.393637
0.393637
0.393635
0.393635
0.393082
0.393368
0.395047
0.395047
0.395047
0.395353
0.395353
0.395354
0.395353
