0.099831
0.099843
0.099960
0.098427
0.097763
0.097384
0.097933
0.096313
0.096832
0.098834
0.097923
0.098301
0.098171
0.100976
0.096022
0.097954
0.097686
0.099266
0.099292
0.098393
0.100090
0.104096
0.094779
0.099218
0.099357
0.098720
0.099316
0.096839
0.098660
0.098299
0.097779
0.098160
0.097051
0.098807
0.097291
0.097987
0.097955
0.098233
0.098418
0.098520
0.099124
0.099628
0.099126
0.095668
0.097399
0.098348
0.096778
0.100366
0.100598
0.099479
0.098951
0.098366
0.099407
0.099388
0.099601
0.098769
0.099231
0.098405
0.099263
0.099413
0.100466
0.101905
0.102340
0.093323
0.092979
0.093775
0.095018
0.094790
0.095484
0.095298
0.095585
0.103829
0.105338
0.105857
0.103880
0.106157
0.104618
0.099828
0.095867
0.101167
0.101113
0.099293
0.101527
0.100125
0.101930
0.101897
0.101333
0.101701
0.101149
0.104456
0.110587
0.100926
0.102486
0.098202
0.098345
0.097778
0.098240
0.099310
0.099215
0.100217
0.103192
0.096732
0.101428
0.100120
0.101418
0.101681
0.102828
0.101365
0.100867
0.102387
0.099227
0.100317
0.100623
0.099620
0.099405
0.098538
0.098367
0.097958
0.098790
0.097565
0.098023
0.098004
0.098263
0.097840
0.097363
0.097052
0.095658
0.094516
0.094525
0.091551
0.095373
0.093046
0.091310
0.092406
0.095939
0.093571
0.097904
0.096862
0.094969
0.094700
0.096767
0.094753
0.097759
0.094222
0.094424
0.094627
0.094975
0.094882
0.099292
0.092266
0.092297
0.092178
0.091802
0.092376
0.091774
0.091341
0.092117
0.095788
0.095738
0.095420
0.096277
0.098756
0.097288
0.096694
0.102297
0.100738
0.100016
0.097482
0.100096
0.099919
0.096128
0.097449
0.097849
0.096222
0.095987
0.095634
0.095865
0.094317
0.094206
0.094311
0.094070
0.094959
0.094091
0.094053
0.093768
0.094664
0.095422
0.095161
0.095913
0.094485
0.094362
0.094522
0.094852
0.096549
0.096810
0.096429
0.098329
0.095770
0.096528
0.095972
0.101512
0.102707
0.099398
0.097651
0.098126
0.098545
0.097727
0.099926
0.099272
0.099687
0.101848
0.105736
0.100645
0.100572
0.100449
0.097749
0.098286
0.099740
0.098460
0.094984
0.097192
0.094985
0.096763
0.098449
0.097747
0.097665
0.094326
0.097139
0.096693
0.096637
0.094239
0.094610
0.095601
0.095775
0.096135
0.094621
0.094017
0.097027
0.096077
0.094616
0.093084
0.094568
0.095861
0.096912
0.094482
0.097746
0.096608
0.098210
0.098682
0.098174
0.097854
0.104323
0.099243
0.099728
0.098407
0.097571
0.103786
0.101094
0.102672
0.105448
0.104058
0.104457
0.105821
0.105927
0.104652
0.105266
0.105406
0.106051
0.099571
0.100631
0.098823
0.099787
0.096317
0.104061
0.104714
0.097431
0.104657
0.104741
0.103942
0.105300
0.105504
0.104398
0.104688
0.105049
0.105371
0.102124
0.105569
0.106499
0.106026
0.105745
0.104935
0.100429
0.099937
0.098795
0.097573
0.097759
0.097834
0.097173
0.098036
0.095996
0.097941
0.098344
0.098363
0.098724
0.097447
0.097441
0.095951
0.094660
0.092031
0.093474
0.091686
0.091874
0.093991
0.092923
0.094615
0.093653
0.093917
0.093081
0.092521
0.093601
0.097305
0.093781
0.092939
0.092904
0.093510
0.093532
0.092611
0.094290
0.094216
0.094666
0.094227
0.094710
0.092629
0.094926
0.094922
0.095370
0.094834
0.095578
0.092811
0.093667
0.092695
0.094742
0.095279
0.094751
0.095551
0.094425
0.096941
0.095988
0.095490
0.093613
0.092868
0.094760
0.094367
0.094742
0.094423
0.093821
0.095840
0.094844
0.094235
0.093779
0.092809
0.093215
0.092976
0.090694
0.094757
0.093751
0.091139
0.095802
0.090192
0.089663
0.093403
0.093694
0.094133
0.093389
0.089283
0.088958
0.089420
0.090370
0.089399
0.091673
0.090992
0.088805
0.088482
0.090201
0.089774
0.089952
0.089808
0.091151
0.092556
0.092430
0.093756
0.093158
0.090193
0.090124
0.092321
0.093714
0.094916
0.094321
0.092957
0.094508
0.074018
0.074729
0.084861
0.076321
0.084683
0.076557
0.085246
0.082884
0.084012
0.083700
0.083170
0.070500
0.077561
0.075813
0.065044
0.074581
0.081210
0.080596
0.085238
0.083851
0.084013
0.081831
0.079712
0.079953
0.084209
0.082910
0.076428
0.084499
0.083574
0.083569
0.080585
0.080926
0.081863
0.083023
0.078835
0.082512
0.081612
0.078767
0.081286
0.076464
0.076357
0.080958
0.083264
0.076218
0.080166
0.082603
0.079761
0.083794
0.084900
0.089943
0.088718
0.092805
0.091429
0.113054
0.111221
0.114821
0.111107
0.118704
0.099812
0.092942
0.087722
0.081386
0.087260
0.087088
0.089124
0.084815
0.082647
0.078206
0.078080
0.078088
0.078771
0.071751
0.073282
0.087407
0.090576
0.082484
0.079681
0.086272
0.083056
0.079496
0.082694
0.087787
0.082151
0.081526
0.085788
0.077356
0.078210
0.078233
0.079069
0.078682
0.077816
0.079427
0.079914
0.078169
0.076655
0.081976
0.084513
0.076643
0.075711
0.076078
0.077210
0.078753
0.077558
0.076206
0.076292
0.076882
0.076805
0.077066
0.075277
0.076089
0.076102
0.077357
0.076213
0.075338
0.073729
0.065459
0.054231
0.051001
0.056529
0.059356
0.058193
0.063106
0.062869
0.065173
0.063120
0.064860
0.070094
0.080478
0.066699
0.059132
0.059050
0.088764
0.088093
0.070086
0.082919
0.072798
0.090335
0.078970
0.077417
0.080132
0.083201
0.077249
0.076298
0.099245
0.100079
0.102841
0.099936
0.087972
0.088603
0.082743
0.083239
0.080216
0.080130
0.079036
0.077719
0.077819
0.077122
0.074713
0.075374
0.075963
0.073935
0.075232
0.074773
0.074168
0.073787
0.073293
0.073289
0.075672
0.075206
0.075322
0.074399
0.074102
0.074842
0.074586
0.074768
0.074600
0.073835
0.074192
0.074417
0.075603
0.075014
0.075058
0.075070
0.075221
0.074742
0.075110
0.075310
0.075819
0.075707
0.075581
0.075209
0.075113
0.074889
0.074746
0.074300
0.074211
0.075680
0.075635
0.074758
0.075388
0.076326
0.075242
0.075938
0.076244
0.074491
0.075378
0.074454
0.074989
0.074446
0.074901
0.075405
0.075845
0.076093
0.073726
0.075573
0.075662
0.075930
0.075727
0.075269
0.075389
0.075893
0.074951
0.073551
0.075635
0.076339
0.076002
0.075315
0.075879
0.073842
0.075192
0.075299
0.075865
0.075345
0.075410
0.075785
0.071215
0.069293
0.068882
0.068746
0.068145
0.075313
0.078730
0.081011
0.070220
0.059877
0.057569
0.047975
0.052488
0.053455
0.053598
0.057978
0.066395
0.061050
0.055261
0.049536
0.050674
0.068905
0.072936
0.074281
0.076368
0.072418
0.073721
0.076744
0.083080
0.081245
0.085864
0.076161
0.080095
0.082337
0.082664
0.089133
0.086819
0.084209
0.082732
0.074528
0.074841
0.080922
0.091742
0.089562
0.088859
0.092018
0.093740
0.093917
0.094928
0.093631
0.092179
0.091712
0.105622
0.133783
0.122675
0.138934
0.157040
0.192442
0.121706
0.147002
0.206886
0.212759
0.224085
0.224457
0.223878
0.229120
0.230150
0.192998
0.146344
0.076798
0.067801
0.056463
0.068260
0.067685
0.066376
0.062386
0.077720
0.062069
0.051408
0.056599
0.044549
0.051484
0.055399
0.062986
0.055961
0.063422
0.059534
0.060116
0.053703
0.064819
0.073172
0.077399
0.064653
0.069524
0.066525
0.064620
0.071260
0.071510
0.073917
0.081697
0.081035
0.084462
0.083288
0.084848
0.087443
0.087795
0.103612
0.095212
0.095608
0.081757
0.113552
0.125404
0.118503
0.119332
0.122060
0.120207
0.122051
0.123767
0.119180
0.113016
0.112495
0.079116
0.104574
0.089168
0.089045
0.085639
0.087437
0.097681
0.107034
0.114242
0.103423
0.108552
0.103766
0.105398
0.101432
0.105388
0.102577
0.104335
0.109008
0.112805
0.100146
0.097412
0.103879
0.087026
0.111295
0.108385
0.103297
0.106242
0.132909
0.142146
0.137987
0.154172
0.128444
0.128799
0.143764
0.148204
0.151620
0.157023
0.147933
0.152189
0.149972
0.154437
0.149436
0.146690
0.148732
0.144313
0.137959
0.141555
0.140131
0.140149
0.127291
0.126912
0.126559
0.117945
0.123972
0.125614
0.123101
0.123269
0.124516
0.128793
0.126322
0.125454
0.131366
0.129552
0.136603
0.135518
0.136026
0.136418
0.138182
0.138223
0.138320
0.140000
0.137998
0.136586
0.138949
0.138489
0.141172
0.145686
0.141690
0.142155
0.144213
0.143847
0.145243
0.145307
0.145926
0.147161
0.148334
0.148664
0.152498
0.153128
0.150166
0.152097
0.158045
0.156717
0.156819
0.157921
0.157801
0.161345
0.158521
0.160253
0.161880
0.160725
0.161325
0.164488
0.164073
0.161577
0.163316
0.165196
0.164422
0.164094
0.168250
0.165148
0.166396
0.166363
0.151050
0.149230
0.145968
0.144311
0.144638
0.144229
0.139377
0.140196
0.142254
0.141092
0.144574
0.141543
0.142228
0.144165
0.145019
0.144615
0.145233
0.146149
0.144264
0.144860
0.145998
0.146524
0.144481
0.144586
0.147373
0.146598
0.146415
0.146652
0.147193
0.146725
0.145931
0.148206
0.147832
0.149503
0.148688
0.148251
0.149912
0.149761
0.149884
0.150172
0.150199
0.150594
0.150064
0.149975
0.149920
0.150279
0.150747
0.149598
0.151301
0.149679
0.152679
0.152603
0.151662
0.154436
0.152052
0.156924
0.153666
0.153284
0.153479
0.153879
0.153773
0.155270
0.155281
0.086540
0.086805
0.084730
0.086101
0.084005
0.064928
0.066227
0.066349
0.068060
0.069592
0.068978
0.066857
0.068041
0.066031
0.069407
0.068290
0.070001
0.068049
0.069324
0.068961
0.068689
0.068422
0.068157
0.070764
0.071013
0.071580
0.069932
0.070259
0.068625
0.066437
0.065737
0.064794
0.062805
0.064712
0.064867
0.064757
0.064811
0.066037
0.064439
0.064423
0.064132
0.062662
0.062475
0.061894
0.062511
0.062274
0.061471
0.062466
0.061574
0.062349
0.062036
0.061957
0.062151
0.062819
0.062770
0.061304
0.062011
0.061962
0.062324
0.063915
0.063911
0.065163
0.064679
0.065545
0.066511
0.064217
0.063048
0.062616
0.062464
0.065778
0.064492
0.064164
0.062866
0.064376
0.064151
0.064989
0.064498
0.064280
0.065020
0.065281
0.063207
0.064404
0.064447
0.064844
0.063173
0.062460
0.062889
0.061416
0.070398
0.068028
0.071758
0.071008
0.072505
0.067737
0.068814
0.069059
0.061961
0.071534
0.072844
0.076474
0.076453
0.088457
0.086062
0.085171
0.083648
0.085643
0.082874
0.081356
0.074060
0.074566
0.078499
0.082007
0.078676
0.079470
0.076931
0.077247
0.078427
0.070952
0.077068
0.075983
0.075459
0.070533
0.073740
0.073969
0.076315
0.078721
0.074221
0.072088
0.067455
0.066264
0.065495
0.067210
0.071253
0.075788
0.077517
0.077135
0.077136
0.075356
0.073461
0.078694
0.078594
0.064646
0.068365
0.072976
0.073556
0.076446
0.078405
0.083280
0.077939
0.067766
0.049865
0.051586
0.053170
0.048374
0.056217
0.061598
0.068816
0.075355
0.075105
0.079449
0.088480
0.085149
0.099619
0.096754
0.115672
0.095569
0.092132
0.078359
0.080995
0.078225
0.080470
0.079873
0.074023
0.084800
0.085890
0.086880
0.115454
0.104718
0.126239
0.116913
0.115182
0.155269
0.157243
0.158039
0.175928
0.157236
0.155812
0.175465
0.155320
0.167032
0.166361
0.166477
0.168068
0.167422
0.168300
0.169512
0.170702
0.160507
0.165258
0.169199
0.165591
0.162962
0.163508
0.163979
0.164917
0.167222
0.167677
0.163487
0.156951
0.156815
0.161202
0.163274
0.165672
0.158498
0.157850
0.155456
0.160086
0.154968
0.155598
0.154982
0.159229
0.155633
0.149872
0.149806
0.150170
0.150471
0.148560
0.147936
0.145599
0.146893
0.106307
0.110037
0.133094
0.145972
0.136977
0.107850
0.105717
0.100385
0.098331
0.102243
0.085270
0.091767
0.077704
0.080856
0.079284
0.087169
0.100944
0.143858
0.185003
0.209812
0.255534
0.251490
0.221817
0.187814
0.165746
0.146457
0.137180
0.120167
0.105360
0.093285
0.088888
0.081440
0.079398
0.078153
0.076543
0.076935
0.077297
0.077134
0.077175
0.076223
0.074896
0.073776
0.074868
0.073503
0.075052
0.070362
0.071061
0.070945
0.069923
0.070632
0.069973
0.068549
0.065342
0.066543
0.064841
0.062032
0.061989
0.063389
0.069940
0.077560
0.079946
0.087538
0.082956
0.076806
0.078669
0.080803
0.077527
0.074623
0.074312
0.084029
0.081468
0.088313
0.087384
0.087654
0.084481
0.081438
0.087679
0.089260
0.089227
0.091665
0.093120
0.092428
0.092861
0.090751
0.089265
0.087496
0.077537
0.075537
0.079441
0.076364
0.080343
0.079737
0.076094
0.075047
0.077210
0.072661
0.076187
0.077696
0.077845
0.078638
0.076773
0.078871
0.082751
0.080852
0.082284
0.081641
0.085404
0.088332
0.095346
0.097846
0.096645
0.100826
0.111637
0.106194
0.099577
0.103194
0.098665
0.098721
0.100583
0.099946
0.101140
0.093684
0.095296
0.091477
0.089364
0.085649
0.069253
0.069744
0.069138
0.068311
0.066337
0.066442
0.064172
0.068854
0.066294
0.075329
0.081343
0.106547
0.128221
0.130059
0.125258
0.138953
0.151139
0.138270
0.164155
0.160380
0.155793
0.148566
0.141247
0.135604
0.150211
0.155923
0.144526
0.137531
0.145933
0.145255
0.142046
0.144709
0.137870
0.132105
0.131582
0.131112
0.133103
0.137331
0.131745
0.123015
0.121173
0.118362
0.108190
0.100191
0.102669
0.094785
0.086978
0.136812
0.143507
0.155544
0.160509
0.165512
0.167877
0.182520
0.168806
0.173545
0.163635
0.152788
0.144493
0.149076
0.154564
0.173810
0.176896
0.177864
0.176262
0.171564
0.162339
0.163159
0.160105
0.158504
0.161175
0.157285
0.154334
0.145835
0.150599
0.138173
0.140345
0.142265
0.136028
0.130234
0.131710
0.133295
0.126603
0.128022
0.141873
0.133185
0.117306
0.101313
0.102841
0.100200
0.101546
0.101254
0.101188
0.101543
0.094390
0.088356
0.086578
0.088688
0.094131
0.096091
0.095881
0.091091
0.098401
0.108821
0.104364
0.101877
0.104542
0.114748
0.121889
0.122277
0.132291
0.134889
0.136866
0.128220
0.124347
0.123149
0.118789
0.114209
0.106965
0.107251
0.089101
0.089362
0.118208
0.077882
0.096886
0.077846
0.097099
0.108193
0.127260
0.124085
0.122247
0.122124
0.096565
0.091208
0.097883
0.089129
0.080213
0.080950
0.082915
0.087595
0.121845
0.099623
0.100713
0.096656
0.106243
0.102031
0.108506
0.095296
0.082812
0.083567
0.085828
0.089559
0.091149
0.087604
0.086320
0.083506
0.082375
0.082279
0.081560
0.077637
0.065063
0.074397
0.077510
0.075209
0.065966
0.077046
0.077338
0.087331
0.092276
0.085807
0.097633
0.095598
0.097348
0.106014
0.098300
0.093807
0.100864
0.105094
0.113255
0.109434
0.106745
0.105958
0.102525
0.102247
0.101009
0.098956
0.099254
0.099762
0.097431
0.108923
0.100040
0.107034
0.105470
0.103384
0.098620
0.104345
0.104000
0.095150
0.095722
0.095311
0.104738
0.093509
0.105258
0.099965
0.084150
0.088154
0.093612
0.090827
0.092653
0.093594
0.097032
0.088021
0.091279
0.091167
0.095537
0.090637
0.092400
0.089291
0.087791
0.089962
0.093780
0.082233
0.084443
0.081828
0.084803
0.084618
0.082678
0.081777
0.085667
0.083309
0.084053
0.081896
0.085222
0.075453
0.080530
0.086851
0.083435
0.080506
0.078791
0.077048
0.073575
0.076743
0.078498
0.080354
0.089113
0.085275
0.087101
0.087350
0.088584
0.082961
0.090073
0.081176
0.087973
0.088196
0.088031
0.089687
0.088449
0.089784
0.089474
0.091945
0.089244
0.090469
0.091057
0.092242
0.092310
0.091651
0.081821
0.082581
0.080341
0.082947
0.084116
0.087004
0.091678
0.089695
0.089310
0.086688
0.085165
0.083941
0.083295
0.087746
0.086357
0.082375
0.086676
0.088141
0.080494
0.092051
0.087938
0.080598
0.075286
0.078472
0.083906
0.081836
0.080598
0.080097
0.086003
0.087405
0.080373
0.096447
0.093461
0.098511
0.082685
0.084871
0.090742
0.090010
0.087534
0.084430
0.088732
0.089276
0.080450
0.087042
0.092383
0.108079
0.095069
0.098866
0.100600
0.096952
0.102532
0.110591
0.098401
0.089879
0.109163
0.097531
0.087896
0.108250
0.092942
0.092443
0.096956
0.094706
0.097275
0.103760
0.114245
0.117649
0.121321
0.121194
0.127677
0.131842
0.132425
0.122528
0.113257
0.107644
0.095748
0.089132
0.081455
0.076834
0.076423
0.070168
0.070643
0.066889
0.070995
0.075691
0.074779
0.079157
0.083344
0.085034
0.083625
0.085635
0.089318
0.090447
0.088158
0.085436
0.077706
0.085678
0.068464
0.070216
0.069909
0.067543
0.066233
0.066757
0.068561
0.066930
0.068231
0.066553
0.063633
0.068656
0.054701
0.064703
0.050913
0.051460
0.049889
0.054866
0.064476
0.064112
0.058400
0.067070
0.069883
0.070753
0.071587
0.084364
0.081248
0.066028
0.066025
0.069021
0.064748
0.055707
0.055919
0.083916
0.082729
0.054443
0.055085
0.062421
0.060415
0.065764
0.063973
0.060242
0.071158
0.069325
0.061187
0.053699
0.054805
0.043935
0.039639
0.041186
0.045860
0.049817
0.059621
0.054762
0.066680
0.065740
0.090588
0.068421
0.084046
0.067194
0.065761
0.059365
0.050166
0.048990
0.047374
0.045540
0.042032
0.041364
0.038874
0.037986
0.038365
0.043684
0.048862
0.048302
0.046344
0.036806
0.045404
0.046957
0.053026
0.062264
0.065327
0.067319
0.054315
0.049148
0.048361
0.044006
0.050054
0.061987
0.057703
0.051067
0.048391
0.050402
0.051313
0.039367
0.032205
0.036274
0.032341
0.029234
0.025639
0.022119
0.026146
0.022779
0.023839
0.026466
0.032533
0.023696
0.023789
0.021257
0.020115
0.017432
0.015749
0.015386
0.016937
0.019874
0.019671
0.018248
0.021544
0.020093
0.019436
0.018701
0.018793
0.019547
0.019883
0.019576
0.020163
0.019354
0.019803
0.018043
0.017357
0.015088
0.014682
0.012880
0.011740
0.011863
0.011080
0.010256
0.009203
0.008132
0.007164
0.005648
0.004863
0.003715
0.003153
0.002936
0.002022
0.001180
0.000581
0.000128
0.000000
0.000978
0.002772
0.004482
0.006234
0.009637
0.013054
0.014434
0.014209
0.013009
0.012201
0.012186
0.012366
0.011987
0.011980
0.012807
0.013342
0.016127
0.015784
0.014135
0.013549
0.012933
0.011942
0.009435
0.013578
0.023492
0.029021
0.031519
0.027487
0.025247
0.023903
0.019679
0.016850
0.015934
0.015873
0.014815
0.013553
0.014209
0.015257
0.016536
0.017578
0.018420
0.018672
0.018553
0.016394
0.010425
0.016723
0.020356
0.019641
0.017428
0.015217
0.018245
0.030057
0.031312
0.013827
0.029210
0.037374
0.023921
0.052647
0.097030
0.014767
0.048055
0.052599
0.023222
0.063617
0.041609
0.025416
0.037310
0.021728
0.038819
0.048169
0.033872
0.058513
0.038661
0.028004
0.047577
0.043127
0.123916
0.081089
0.043385
0.052965
0.047067
0.056812
0.055370
0.059457
0.067592
0.070448
0.072448
0.073645
0.056346
0.056136
0.059458
0.058882
0.062138
0.055251
0.055560
0.058739
0.065859
0.078682
0.079867
0.089239
0.087072
0.094005
0.088372
0.088481
0.088949
0.090336
0.102387
0.103508
0.116341
0.097690
0.083153
0.082553
0.074115
0.070166
0.074559
0.061133
0.063748
0.070404
0.071462
0.066551
0.071218
0.077748
0.079973
0.078154
0.091214
0.076964
0.079226
0.074837
0.064343
0.073214
0.077340
0.082869
0.089283
0.081566
0.071081
0.050040
0.045783
0.043733
0.036835
0.040505
0.041895
0.041692
0.042666
0.042704
0.037277
0.036786
0.036810
0.041059
0.040032
0.037108
0.054050
0.062551
0.059460
0.055299
0.061872
0.066201
0.054840
0.069197
0.067346
0.073807
0.073320
0.062185
0.067767
0.070096
0.082793
0.068591
0.073914
0.107015
0.090586
0.101293
0.096786
0.089777
0.094675
0.096083
0.087120
0.087976
0.088645
0.077651
0.072808
0.064445
0.083493
0.091853
0.069743
0.069604
0.092879
0.088470
0.089669
0.088204
0.087884
0.083088
0.087656
0.086900
0.087395
0.081314
0.079177
0.073908
0.079932
0.080775
0.091690
0.082794
0.070563
0.068353
0.081839
0.076912
0.077299
0.080360
0.094388
0.078064
0.059775
0.069973
0.078586
0.082171
0.090958
0.088164
0.075362
0.079091
0.085127
0.075617
0.070348
0.076752
0.073633
0.061831
0.068284
0.068693
0.064714
0.065622
0.075517
0.057348
0.068617
0.079151
0.067199
0.071992
0.064959
0.059680
0.078407
0.065355
0.058316
0.055364
0.054810
0.080092
0.084638
0.088683
0.089177
0.098485
0.091587
0.084311
0.072620
0.075367
0.064447
0.063171
0.076597
0.080536
0.099665
0.107226
0.102513
0.108167
0.087660
0.060153
0.072989
0.082885
0.087505
0.107480
0.100047
0.100508
0.096059
0.090234
0.091717
0.068414
0.071835
0.087602
0.101853
0.109912
0.099127
0.101494
0.108986
0.106577
0.099835
0.104284
0.102135
0.098520
0.095861
0.117406
0.098084
0.098563
0.097248
0.104205
0.103164
0.125791
0.120198
0.119632
0.091628
0.097355
0.093679
0.077355
0.075515
0.079810
0.105453
0.096499
0.098305
0.111429
0.092526
0.095279
0.107662
0.066870
0.066028
0.073016
0.080895
0.089962
0.085598
0.081290
0.076220
0.080490
0.076401
0.066723
0.062818
0.066715
0.074029
0.078957
0.097295
0.124040
0.119743
0.076535
0.077150
0.070165
0.053197
0.056104
0.075143
0.084646
0.083223
0.066648
0.066779
0.065406
0.071035
0.067200
0.074365
0.069457
0.075485
0.067415
0.065699
0.067298
0.067096
0.063582
0.064319
0.071162
0.068189
0.063282
0.070495
0.095450
0.077546
0.077959
0.074976
0.078036
0.077114
0.134233
0.074867
0.072168
0.094659
0.111419
0.063038
0.065520
0.065539
0.066297
0.064980
0.066502
0.066620
0.066070
0.075357
0.078387
0.080030
0.079004
0.079549
0.086097
0.083451
0.082811
0.082244
0.082141
0.081154
0.075014
0.075896
0.074044
0.074022
0.073115
0.070917
0.072662
0.071584
0.069306
0.071551
0.067295
0.068401
0.079677
0.070241
0.081798
0.082906
0.082067
0.077887
0.078021
0.072799
0.078667
0.092407
0.091213
0.087286
0.091606
0.076682
0.081851
0.087157
0.087109
0.085889
0.090219
0.085253
0.089608
0.088705
0.102028
0.120049
0.104829
0.103349
0.100940
0.100696
0.089852
0.083242
0.083201
0.083052
0.081202
0.078041
0.075789
0.059242
0.060835
0.073980
0.056005
0.073763
0.054886
0.053358
0.063514
0.063890
0.069642
0.073782
0.073634
0.076388
0.077028
0.079915
0.078966
0.078807
0.076927
0.081681
0.077113
0.088672
0.094102
0.102301
0.074181
0.149198
0.136324
0.131809
0.068339
0.071232
0.065458
0.064581
0.064709
0.071393
0.085930
0.085260
0.094738
0.094190
0.088015
0.085761
0.052171
0.068066
0.068027
0.076805
0.080182
0.078041
0.073676
0.073649
0.074816
0.077192
0.070935
0.074741
0.075629
0.077596
0.080973
0.081098
0.073602
0.073599
0.075587
0.077961
0.080518
0.111712
0.112412
0.112079
0.162375
0.105719
0.150209
0.154162
0.063258
0.079478
0.055485
0.064208
0.064220
0.062505
0.054412
0.062985
0.061961
0.064947
0.065847
0.078465
0.069051
0.066026
0.064033
0.062811
0.068865
0.077545
0.080252
0.078030
0.076442
0.082421
0.083274
0.091452
0.091490
0.085842
0.107282
0.109411
0.144474
0.143763
0.126050
0.120711
0.173102
0.148984
0.148539
0.133340
0.108075
0.084298
0.081420
0.081308
0.080305
0.084273
0.089960
0.095470
0.096043
0.092276
0.097130
0.095220
0.103358
0.103335
0.108684
0.097221
0.114197
0.102911
0.109721
0.106717
0.110448
0.113343
0.117585
0.117969
0.110593
0.109744
0.107751
0.103393
0.103512
0.115870
0.114504
0.125100
0.113212
0.113360
0.130296
0.106247
0.128062
0.110751
0.110158
0.131854
0.100991
0.109160
0.111769
0.111125
0.135727
0.130609
0.121835
0.105677
0.107009
0.103478
0.106180
0.107212
0.105582
0.105229
0.104124
0.110654
0.099993
0.099639
0.100717
0.097182
0.101604
0.102514
0.094254
0.095453
0.102488
0.094668
0.101939
0.093533
0.097593
0.084657
0.098217
0.110124
0.114341
0.114341
0.092154
0.084151
0.082761
0.091150
0.090634
0.096769
0.104770
0.102147
0.104812
0.104779
0.102264
0.121439
0.111312
0.103956
0.111980
0.108776
0.123611
0.114256
0.108249
0.108126
0.099184
0.092751
0.092790
0.092288
0.092016
0.092651
0.103867
0.100178
0.117177
0.117549
0.117116
0.112134
0.100385
0.096602
0.098952
0.090075
0.082735
0.079925
0.088133
0.085395
0.087807
0.092679
0.079880
0.088005
0.087949
0.106071
0.111588
0.105590
0.111707
0.110775
0.120751
0.127411
0.121734
0.119721
0.118691
0.124706
0.120532
0.125140
0.125395
0.126051
0.121774
0.134965
0.115890
0.140175
0.141158
0.139200
0.138796
0.136933
0.139731
0.139393
0.142322
0.141215
0.147482
0.138723
0.144312
0.144354
0.132937
0.146102
0.141195
0.142134
0.141166
0.139021
0.136061
0.143065
0.154494
0.146865
0.145348
0.141867
0.138666
0.143048
0.142491
0.142230
0.143549
0.097948
0.106887
0.098831
0.095123
0.110433
0.109365
0.118131
0.139788
0.139351
0.119329
0.114800
0.114231
0.118774
0.103145
0.103236
0.128684
0.095116
0.107612
0.115933
0.120368
0.114864
0.105444
0.107081
0.106318
0.112578
0.089985
0.094880
0.120413
0.141670
0.094558
0.101923
0.101777
0.134122
0.148553
0.124176
0.118787
0.112307
0.111773
0.114406
0.099813
0.104075
0.099918
0.122080
0.153116
0.142111
0.111976
0.120575
0.140890
0.125045
0.115230
0.114655
0.109100
0.105404
0.091369
0.086574
0.089318
0.105019
0.156042
0.141131
0.100282
0.113613
0.142638
0.126093
0.124073
0.122226
0.094789
0.094090
0.095557
0.100915
0.100366
0.078802
0.108397
0.108093
0.155437
0.150399
0.097123
0.120428
0.123438
0.123952
0.111482
0.107261
0.105750
0.095674
0.090466
0.078785
0.096256
0.166531
0.169905
0.124233
0.110575
0.140939
0.161676
0.140766
0.117116
0.117082
0.115303
0.104402
0.097511
0.084130
0.080032
0.088551
0.079856
0.091317
0.097707
0.102445
0.141083
0.121649
0.114729
0.117004
0.116651
0.110852
0.107246
0.082507
0.080840
0.083116
0.078171
0.070662
0.077106
0.075308
0.093543
0.096572
0.103739
0.109438
0.108727
0.089408
0.074408
0.079534
0.078621
0.081719
0.077698
0.076912
0.086192
0.072742
0.074350
0.074568
0.067128
0.073448
0.085422
0.105404
0.157238
0.111370
0.099130
0.081293
0.070787
0.079976
0.079369
0.076540
0.070296
0.071597
0.072144
0.071707
0.077871
0.081687
0.083928
0.090933
0.088720
0.085755
0.085269
0.085488
0.083949
0.076505
0.079652
0.076604
0.081807
0.079708
0.080361
0.080953
0.079255
0.080191
0.079802
0.083538
0.085162
0.083539
0.082150
0.085189
0.085275
0.082584
0.082214
0.085749
0.084091
0.083032
0.083348
0.079319
0.081559
0.079386
0.081721
0.081853
0.083207
0.083444
0.082749
0.085357
0.083740
0.083462
0.084200
0.084044
0.083540
0.083455
0.084099
0.084652
0.083646
0.084272
0.086313
0.085413
0.084738
0.085331
0.085189
0.084604
0.085886
0.086768
0.093581
0.088912
0.080061
0.083956
0.083591
0.081734
0.085334
0.087317
0.084564
0.076358
0.075879
0.070986
0.064157
0.077379
0.094128
0.092803
0.075160
0.082403
0.067075
0.079299
0.110875
0.085074
0.062305
0.073862
0.074032
0.079476
0.084007
0.085175
0.083919
0.081061
0.080409
0.072248
0.073619
0.060784
0.071306
0.083478
0.084534
0.085674
0.083131
0.081187
0.073577
0.071382
0.075499
0.078481
0.080881
0.077951
0.078828
0.077274
0.077196
0.079792
0.077549
0.078059
0.080473
0.080208
0.079940
0.077224
0.077907
0.079500
0.079517
0.079898
0.078664
0.079609
0.071205
0.061664
0.067634
0.064322
0.064112
0.066759
0.053595
0.077848
0.086462
0.068818
0.094815
0.086691
0.084882
0.074494
0.087529
0.080723
0.092625
0.090866
0.080267
0.079609
0.069507
0.066110
0.065848
0.086002
0.078441
0.074261
0.067438
0.067518
0.070822
0.071290
0.089301
0.076901
0.079080
0.076002
0.079146
0.080673
0.083044
0.083124
0.079056
0.074242
0.072353
0.078184
0.079305
0.076963
0.077046
0.083793
0.095461
0.095625
0.077931
0.078279
0.070845
0.074661
0.074894
0.075793
0.064695
0.082129
0.080736
0.080838
0.085785
0.076820
0.078909
0.078569
0.078425
0.080057
0.078516
0.090485
0.073980
0.068600
0.076803
0.062416
0.076358
0.077887
0.078766
0.077921
0.085341
0.083519
0.083358
0.083309
0.087220
0.079040
0.079369
0.059156
0.058820
0.062959
0.059179
0.060183
0.059253
0.058169
0.068268
0.063998
0.082319
0.101682
0.093780
0.092983
0.056777
0.067209
0.047290
0.047258
0.062160
0.082463
0.085467
0.081688
0.081722
0.067196
0.072656
0.067056
0.078884
0.078122
0.073251
0.066185
0.072601
0.070972
0.070925
0.076886
0.070141
0.073576
0.070899
0.071609
0.071089
0.077232
0.070046
0.074251
0.073987
0.070935
0.070235
0.073115
0.092538
0.093339
0.119059
0.131282
0.148350
0.118352
0.118522
0.100516
0.076021
0.062989
0.061164
0.061124
0.076154
0.066481
0.067217
0.079560
0.078735
0.077162
0.078121
0.072815
0.069591
0.070377
0.068527
0.070564
0.067784
0.058988
0.058555
0.067024
0.060731
0.062187
0.057413
0.057295
0.066862
0.086043
0.096900
0.103655
0.103278
0.092491
0.054279
0.054236
0.054949
0.055217
0.063157
0.073435
0.077287
0.082983
0.081939
0.065981
0.062268
0.073161
0.075477
0.073986
0.062261
0.069539
0.063982
0.068015
0.067849
0.071082
0.063889
0.061194
0.061704
0.061448
0.061248
0.066173
0.065356
0.088496
0.088095
0.074699
0.068118
0.080364
0.076091
0.076374
0.073839
0.055970
0.087750
0.082628
0.082482
0.080028
0.071999
0.072451
0.077683
0.076652
0.076657
0.105538
0.118841
0.092410
0.092721
0.082971
0.075150
0.077058
0.078486
0.078550
0.070207
0.071116
0.071676
0.073704
0.073538
0.079959
0.082612
0.083571
0.089482
0.088455
0.092030
0.094570
0.099052
0.098772
0.096022
0.118071
0.119232
0.115220
0.130272
0.095742
0.080595
0.091953
0.089024
0.088426
0.116866
0.090386
0.085879
0.086599
0.086291
0.084571
0.088173
0.102641
0.073541
0.059714
0.059797
0.086561
0.115547
0.108188
0.127890
0.138949
0.153251
0.153122
0.135718
0.133461
0.127871
0.116665
0.079934
0.076433
0.087664
0.091227
0.091820
0.091524
0.096680
0.096429
0.105386
0.096935
0.104549
0.115970
0.119171
0.115172
0.110190
0.089181
0.085531
0.089106
0.073948
0.090359
0.071002
0.078263
0.071155
0.072587
0.075997
0.072726
0.062056
0.072405
0.071513
0.084686
0.093590
0.093789
0.087081
0.086875
0.088116
0.089961
0.089824
0.089809
0.087141
0.085981
0.088639
0.087695
0.086616
0.084218
0.077262
0.089312
0.104086
0.105380
0.102400
0.120140
0.090872
0.097074
0.110399
0.105378
0.092494
0.089614
0.092379
0.093935
0.095293
0.108027
0.120420
0.125188
0.095868
0.094971
0.081695
0.076450
0.068097
0.046850
0.055661
0.084112
0.127394
0.125498
0.155977
0.162367
0.151362
0.124307
0.123214
0.092655
0.078992
0.075882
0.072400
0.081441
0.083209
0.086518
0.067165
0.071628
0.072889
0.086971
0.098454
0.115117
0.104940
0.099154
0.111454
0.106944
0.094933
0.075801
0.064706
0.072068
0.079518
0.081445
0.079478
0.068142
0.068069
0.072534
0.080920
0.093406
0.084105
0.092378
0.076265
0.086285
0.094159
0.097787
0.077345
0.089647
0.089643
0.091049
0.093543
0.104810
0.111992
0.136792
0.156910
0.166549
0.168228
0.158503
0.160663
0.175130
0.174002
0.166717
0.130830
0.129557
0.136238
0.163801
0.160214
0.140603
0.123436
0.130065
0.140659
0.142830
0.139143
0.129704
0.127847
0.128182
0.115684
0.114076
0.111625
0.117533
0.112428
0.110391
0.109559
0.092588
0.113853
0.123692
0.132642
0.147090
0.127756
0.113353
0.098235
0.089337
0.092400
0.087400
0.095648
0.101601
0.114566
0.116209
0.115656
0.114825
0.059415
0.060471
0.058869
0.058090
0.062069
0.056902
0.058101
0.060346
0.075362
0.076212
0.071999
0.071658
0.071092
0.073108
0.071316
0.068540
0.067382
0.068606
0.065385
0.066746
0.065849
0.063415
0.064018
0.066303
0.065968
0.067700
0.069026
0.064550
0.064890
0.064714
0.065532
0.068902
0.066736
0.067508
0.070084
0.071613
0.073687
0.067092
0.072436
0.072960
0.065109
0.068896
0.069597
0.068998
0.066481
0.067822
0.066734
0.066675
0.067720
0.058320
0.058436
0.059279
0.062266
0.070415
0.063912
0.078650
0.078131
0.087173
0.089550
0.095786
0.106447
0.099318
0.096940
0.103400
0.109125
0.104291
0.103531
0.110844
0.120028
0.112358
0.111471
0.111785
0.107375
0.103769
0.113847
0.102107
0.108979
0.104450
0.112771
0.116683
0.122812
0.102494
0.074217
0.078671
0.099439
0.138814
0.137306
0.141922
0.148681
0.152082
0.159944
0.140432
0.126621
0.126415
0.129685
0.116102
0.093339
0.095398
0.094374
0.089431
0.085523
0.080216
0.075987
0.082033
0.078261
0.078155
0.080274
0.076282
0.075354
0.074293
0.080908
0.083681
0.099368
0.100566
0.111041
0.109905
0.106588
0.105541
0.105711
0.092529
0.092305
0.099217
0.100696
0.098864
0.097186
0.095220
0.123745
0.143823
0.112062
0.120845
0.109389
0.111250
0.117538
0.101887
0.079724
0.078470
0.081613
0.089755
0.091174
0.096522
0.092645
0.087185
0.087693
0.081590
0.085087
0.077161
0.079708
0.076258
0.071847
0.074505
0.081041
0.075131
0.081318
0.087302
0.086740
0.082217
0.079977
0.085033
0.079304
0.089712
0.089932
0.091046
0.087828
0.089182
0.086533
0.088077
0.085337
0.081003
0.083069
0.089787
0.083634
0.093981
0.090289
0.089933
0.090862
0.099107
0.098373
0.100767
0.103939
0.106886
0.099643
0.107313
0.113123
0.098562
0.095636
0.096446
0.096156
0.095987
0.098753
0.109767
0.109710
0.103802
0.105662
0.107311
0.106871
0.103779
0.109572
0.109078
0.104329
0.100510
0.102483
0.093063
0.072918
0.098025
0.087484
0.102470
0.120466
0.109558
0.095801
0.074293
0.102412
0.068616
0.124399
0.115463
0.086550
0.073533
0.118337
0.072230
0.114235
0.104652
0.079554
0.074012
0.081862
0.085381
0.080708
0.088436
0.073092
0.082573
0.084310
0.083494
0.087955
0.079351
0.080133
0.075459
0.083023
0.082396
0.078072
0.082151
0.082560
0.081927
0.080714
0.077196
0.083112
0.080169
0.080245
0.084717
0.083360
0.081767
0.075644
0.074097
0.072367
0.072902
0.074911
0.073936
0.075110
0.069708
0.071467
0.076476
0.076434
0.074811
0.075190
0.070968
0.071273
0.072608
0.071608
0.069704
0.068365
0.065760
0.064485
0.062622
0.062541
0.062530
0.062037
0.062436
0.063271
0.062180
0.061810
0.060233
0.059932
0.061803
0.060683
0.060607
0.061911
0.060439
0.060050
0.060557
0.059950
0.061891
0.059854
0.060451
0.058773
0.058828
0.060689
0.059921
0.061283
0.060435
0.060428
0.060833
