0.011655
0.012092
0.011707
0.010914
0.011944
0.012833
0.010741
0.011657
0.010487
0.009486
0.011245
0.011858
0.012343
0.011260
0.011188
0.011326
0.011496
0.011815
0.011817
0.012079
0.011967
0.011548
0.011803
0.011932
0.011768
0.011712
0.011211
0.011917
0.011596
0.011403
0.011077
0.011420
0.011647
0.011566
0.012411
0.012516
0.012356
0.010747
0.010610
0.011892
0.010996
0.011500
0.010937
0.010792
0.011932
0.011321
0.010563
0.011751
0.011103
0.011837
0.010609
0.010538
0.010739
0.010463
0.010947
0.010370
0.010187
0.010458
0.010501
0.010273
0.010292
0.010475
0.010372
0.009715
0.009989
0.010290
0.010221
0.010284
0.010130
0.010336
0.010439
0.010305
0.010644
0.009717
0.009683
0.009479
0.010089
0.010195
0.010310
0.010151
0.009981
0.010241
0.010015
0.010207
0.010412
0.010597
0.011443
0.011721
0.011809
0.011188
0.011281
0.011597
0.010874
0.011656
0.011640
0.011069
0.011526
0.011148
0.010521
0.010910
0.010533
0.010313
0.010831
0.011333
0.010864
0.010791
0.010351
0.010486
0.010694
0.009811
0.009917
0.010132
0.010629
0.011328
0.011306
0.010925
0.011385
0.010032
0.010531
0.011003
0.010352
0.011391
0.010065
0.010060
0.010457
0.010101
0.010348
0.010039
0.010006
0.009810
0.009609
0.009182
0.009194
0.009385
0.009133
0.009971
0.010628
0.010165
0.011131
0.011437
0.011563
0.011246
0.011150
0.011795
0.012275
0.012901
0.012970
0.012002
0.012650
0.013874
0.014433
0.014663
0.014097
0.013432
0.013758
0.013224
0.013243
0.013137
0.012815
0.013138
0.013766
0.013848
0.014411
0.014150
0.013310
0.014322
0.013791
0.013002
0.013853
0.012434
0.012591
0.012727
0.012816
0.012975
0.013199
0.012877
0.012912
0.013230
0.011927
0.011879
0.011961
0.012130
0.012221
0.012403
0.012313
0.011578
0.011471
0.011653
0.011525
0.011238
0.011128
0.011099
0.011730
0.011323
0.011247
0.011688
0.011546
0.010812
0.011598
0.011675
0.011121
0.011311
0.011356
0.011683
0.011385
0.012070
0.012405
0.012362
0.012798
0.012859
0.013510
0.012896
0.012473
0.012563
0.012550
0.013394
0.012801
0.012392
0.012871
0.012805
0.012775
0.013174
0.012504
0.012044
0.012276
0.012036
0.012046
0.012353
0.011748
0.012241
0.012741
0.011937
0.013275
0.013313
0.012815
0.012520
0.012517
0.013180
0.012835
0.013097
0.013028
0.011620
0.010882
0.010685
0.010806
0.011247
0.011519
0.011713
0.011427
0.011323
0.010377
0.010522
0.010551
0.010527
0.010706
0.010741
0.010748
0.010669
0.009956
0.010735
0.011221
0.011287
0.011116
0.011144
0.010559
0.010302
0.010657
0.010146
0.010405
0.010251
0.010306
0.010360
0.010289
0.009911
0.010177
0.010157
0.010325
0.010333
0.010100
0.010333
0.010517
0.010208
0.010836
0.010706
0.010682
0.010546
0.010651
0.010448
0.010563
0.010662
0.010201
0.009535
0.010608
0.009759
0.010592
0.011150
0.012648
0.012515
0.012704
0.013432
0.012368
0.012165
0.012160
0.011648
0.011068
0.010877
0.010578
0.009783
0.009820
0.009969
0.009366
0.009324
0.009082
0.009077
0.008844
0.008831
0.009287
0.009150
0.009219
0.009225
0.009370
0.009475
0.009521
0.009590
0.009414
0.009476
0.009366
0.008582
0.008725
0.009098
0.008795
0.008624
0.008964
0.008884
0.009243
0.009394
0.009789
0.009990
0.010334
0.010049
0.010042
0.009454
0.008993
0.009337
0.009193
0.009329
0.010057
0.010056
0.010825
0.011073
0.010349
0.009332
0.009585
0.009332
0.009425
0.009433
0.009704
0.009928
0.010123
0.010076
0.010067
0.009998
0.010062
0.009718
0.010076
0.009745
0.009855
0.009717
0.008937
0.009033
0.009474
0.009221
0.009346
0.009144
0.009612
0.009649
0.009395
0.009104
0.009272
0.009677
0.009584
0.009204
0.009588
0.009500
0.009386
0.009517
0.009228
0.009123
0.009385
0.009222
0.009317
0.009244
0.009458
0.009071
0.009407
0.009283
0.010206
0.009998
0.009549
0.009265
0.009262
0.008965
0.008431
0.009014
0.008458
0.009030
0.008973
0.008779
0.008791
0.009402
0.009096
0.009050
0.009405
0.009084
0.009112
0.009247
0.009131
0.009147
0.009293
0.009133
0.009130
0.009142
0.011556
0.017951
0.027753
0.042945
0.059754
0.056813
0.032758
0.016772
0.009345
0.008758
0.008590
0.009138
0.008998
0.009002
0.009899
0.009764
0.009641
0.010114
0.009372
0.008872
0.007676
0.007417
0.007367
0.007959
0.007644
0.007704
0.006652
0.006437
0.007834
0.006986
0.007233
0.007868
0.008450
0.008611
0.008981
0.009073
0.009337
0.008864
0.009035
0.008650
0.008660
0.007508
0.007594
0.007440
0.007258
0.007534
0.007484
0.007881
0.007945
0.007647
0.007041
0.007133
0.007221
0.007363
0.007237
0.007255
0.007202
0.007213
0.007010
0.007306
0.007858
0.007624
0.007377
0.007126
0.007156
0.007235
0.007289
0.007311
0.007489
0.007438
0.007855
0.008028
0.008151
0.007918
0.007368
0.007592
0.007258
0.007435
0.006345
0.005404
0.005538
0.005563
0.005747
0.005851
0.005421
0.005776
0.005621
0.005917
0.005536
0.006856
0.005788
0.005583
0.006435
0.006610
0.006615
0.006351
0.006411
0.006589
0.005760
0.006035
0.006463
0.005666
0.006575
0.006474
0.006393
0.006338
0.006615
0.005831
0.005227
0.004465
0.004643
0.004473
0.004507
0.005072
0.004773
0.004842
0.005259
0.005325
0.006098
0.005495
0.006143
0.006555
0.005958
0.006165
0.006217
0.006474
0.006014
0.006421
0.006158
0.006067
0.006139
0.006044
0.006163
0.006255
0.005882
0.005776
0.005288
0.005014
0.004918
0.004800
0.005024
0.004969
0.005272
0.004989
0.005490
0.005671
0.005982
0.006447
0.006823
0.006201
0.006472
0.007387
0.007571
0.007583
0.007859
0.007999
0.007751
0.008234
0.007437
0.006791
0.006620
0.006626
0.006031
0.006485
0.006417
0.006916
0.006943
0.007338
0.006758
0.006549
0.006811
0.005962
0.005659
0.005126
0.005049
0.004872
0.004251
0.003828
0.003694
0.003598
0.003021
0.003052
0.002945
0.002485
0.002467
0.002277
0.001996
0.002023
0.002202
0.001233
0.000370
0.000000
0.000537
0.001407
0.002155
0.003642
0.003478
0.004317
0.004358
0.004305
0.004168
0.004373
0.004537
0.004523
0.004720
0.004850
0.004650
0.004674
0.004401
0.004165
0.004182
0.003841
0.003938
0.003697
0.003675
0.003655
0.003343
0.003399
0.003544
0.003548
0.003413
0.003506
0.003812
0.004045
0.003921
0.003650
0.003548
0.003348
0.003126
0.003634
0.003840
0.004563
0.004332
0.005027
0.005289
0.005290
0.005476
0.006600
0.007672
0.007642
0.006979
0.006896
0.007326
0.007354
0.006975
0.006609
0.007284
0.007420
0.007747
0.007656
0.007790
0.008943
0.009173
0.008950
0.008582
0.008106
0.008421
0.007654
0.007463
0.007068
0.007225
0.006832
0.006923
0.007905
0.007641
0.007373
0.007023
0.006966
0.006747
0.005461
0.005741
0.005447
0.006025
0.006260
0.006497
0.007254
0.007685
0.007947
0.007773
0.007115
0.006775
0.006562
0.007104
0.006940
0.007190
0.006996
0.007635
0.007466
0.007352
0.007417
0.007000
0.007383
0.007073
0.007412
0.006876
0.007112
0.007741
0.006907
0.007335
0.006740
0.006696
0.006067
0.005722
0.005927
0.006991
0.007021
0.007041
0.007633
0.008179
0.008631
0.008895
0.008489
0.008857
0.008872
0.009361
0.009082
0.009526
0.008404
0.008066
0.007848
0.007255
0.007535
0.007709
0.007730
0.009214
0.008336
0.008311
0.008481
0.008356
0.007730
0.007165
0.007278
0.006777
0.006389
0.006451
0.006366
0.006306
0.006130
0.005973
0.005811
0.005939
0.005786
0.005698
0.005868
0.005525
0.005581
0.005234
0.004989
0.004557
0.004595
0.004780
0.004642
0.004424
0.004377
0.004446
0.004591
0.004701
0.004586
0.004349
0.004305
0.004163
0.004087
0.004124
0.004443
0.004174
0.004473
0.005353
0.006054
0.006290
0.006707
0.006404
0.006651
0.005839
0.005041
0.005147
0.004675
0.004537
0.004502
0.003843
0.003800
0.004085
0.003861
0.004094
0.004111
0.003877
0.003707
0.003671
0.003982
0.004030
0.004419
0.004236
0.004717
0.004647
0.004493
0.004570
0.004267
0.004223
0.004334
0.004158
0.003984
0.003735
0.003647
0.003572
0.003648
0.003532
0.003605
0.003681
0.003583
0.003658
0.003856
0.004470
0.004232
0.004653
0.005292
0.005283
0.005395
0.005219
0.005187
0.005082
0.004998
0.004848
0.004864
0.004806
0.005245
0.004982
0.004895
0.004996
0.005280
0.005436
0.005308
0.005103
0.005002
0.005188
0.004936
0.004653
0.004775
0.004884
0.004837
0.004784
0.004799
0.004709
0.004714
0.004524
0.004364
0.004365
0.004311
0.003812
0.004228
0.004178
0.004438
0.004706
0.005422
0.005814
0.005722
0.005527
0.005344
0.005465
0.005014
0.004782
0.005048
0.005137
0.005155
0.004889
0.005649
0.005717
0.005407
0.004398
0.004146
0.004006
0.004009
0.003604
0.003603
0.003191
0.003147
0.003023
0.002822
0.002759
0.002718
0.002702
0.002869
0.003603
0.003719
0.003901
0.004368
0.004659
0.005427
0.005293
0.005182
0.005081
0.005171
0.004986
0.004830
0.004522
0.004616
0.004293
0.004539
0.004381
0.003907
0.003920
0.003592
0.003938
0.004279
0.004592
0.004353
0.004127
0.004153
0.003967
0.004015
0.004267
0.004464
0.004585
0.004777
0.004667
0.004512
0.004365
0.004109
0.003958
0.003602
0.003178
0.003174
0.003584
0.003530
0.003476
0.003288
0.003221
0.003359
0.003537
0.003438
0.003740
0.004034
0.003701
0.003649
0.003346
0.003718
0.003872
0.004060
0.004001
0.004695
0.005039
0.004994
0.005256
0.005665
0.006254
0.006017
0.006426
0.006126
0.006868
0.006802
0.006957
0.006698
0.006770
0.006995
0.006566
0.006069
0.006276
0.005640
0.005610
0.005649
0.005336
0.005312
0.005508
0.005561
0.005513
0.005626
0.005837
0.006226
0.005411
0.005831
0.006317
0.007014
0.007534
0.007833
0.007768
0.007816
0.006989
0.006327
0.006218
0.006865
0.007048
0.006707
0.006737
0.006470
0.006573
0.006191
0.005820
0.005691
0.005033
0.005346
0.005315
0.004810
0.004527
0.004307
0.004387
0.004310
0.004480
0.004241
0.004246
0.004540
0.004239
0.003761
0.003717
0.003239
0.003319
0.003018
0.003153
0.003557
0.003932
0.004301
0.004071
0.004119
0.003982
0.004129
0.004273
0.004192
0.004308
0.004373
0.004896
0.004982
0.004573
0.005060
0.004599
0.004954
0.004992
0.004902
0.004810
0.004560
0.003851
0.003934
0.003943
0.003999
0.004058
0.004188
0.004412
0.004419
0.004994
0.005255
0.005156
0.005456
0.005427
0.005055
0.005078
0.005042
0.005512
0.005817
0.005384
0.004933
0.004932
0.004706
0.004234
0.003682
0.003666
0.004037
0.004577
0.004262
0.004392
0.005388
0.005698
0.006384
0.007044
0.006946
0.007618
0.007921
0.007805
0.007068
0.007610
0.007193
0.007466
0.006885
0.006960
0.007022
0.007070
0.007083
0.007068
0.006415
0.006625
0.006970
0.006687
0.006656
0.006681
0.006228
0.006135
0.005897
0.006035
0.006426
0.005973
0.005710
0.005636
0.006037
0.005610
0.005925
0.005748
0.005684
0.005162
0.004228
0.004438
0.004077
0.003950
0.003743
0.003903
0.004514
0.004219
0.004294
0.004262
0.004286
0.005014
0.004927
0.004895
0.004859
0.004311
0.003833
0.003878
0.003516
0.003691
0.003817
0.003754
0.003700
0.003183
0.004201
0.004468
0.004416
0.004353
0.004663
0.005007
0.005061
0.005087
0.005072
0.005356
0.005507
0.005657
0.005936
0.005332
0.005374
0.005126
0.005404
0.005460
0.005375
0.005392
0.005052
0.004974
0.004984
0.005162
0.005252
0.005421
0.005889
0.006286
0.007397
0.007568
0.006029
0.005946
0.006264
0.006231
0.005867
0.006144
0.006292
0.005963
0.006633
0.007628
0.007756
0.007471
0.007457
0.006841
0.006610
0.006918
0.006647
0.006225
0.006254
0.006747
0.006831
0.006537
0.006379
0.006296
0.006956
0.007037
0.007191
0.007205
0.007579
0.007792
0.007397
0.007607
0.007637
0.007418
0.007385
0.007873
0.008349
0.008170
0.008117
0.006906
0.005955
0.005475
0.005274
0.005649
0.005152
0.005388
0.004883
0.005573
0.005907
0.006392
0.006567
0.006850
0.006797
0.007188
0.007171
0.006898
0.006824
0.006999
0.006749
0.007181
0.007127
0.006897
0.007063
0.007065
0.006947
0.006638
0.006826
0.006810
0.006933
0.006821
0.006257
0.006291
0.006281
0.005729
0.006474
0.005760
0.005917
0.006630
0.007332
0.007193
0.006909
0.007173
0.007623
0.007232
0.007671
0.007931
0.007943
0.008043
0.009045
0.011035
0.010201
0.009658
0.009649
0.008307
0.008565
0.009046
0.009088
0.008058
0.007847
0.007392
0.007107
0.007139
0.006958
0.006921
0.006814
0.006783
0.007080
0.007001
0.006984
0.009516
0.014523
0.024166
0.038962
0.058546
0.053792
0.031389
0.015427
0.008020
0.006941
0.006597
0.006310
0.006485
0.006028
0.006062
0.006318
0.006334
0.006220
0.005854
0.005929
0.005734
0.005634
0.005755
0.005398
0.006143
0.005755
0.005865
0.005907
0.005931
0.005738
0.005826
0.006166
0.006320
0.006112
0.005895
0.006030
0.006028
0.006188
0.006801
0.006923
0.007009
0.007002
0.007270
0.007622
0.007907
0.008431
0.008492
0.007998
0.008712
0.008611
0.008315
0.008350
0.008485
0.007485
0.007943
0.007362
0.007650
0.008151
0.008477
0.008882
0.009447
0.010183
0.011517
0.012272
0.011878
0.011480
0.011110
0.011545
0.011025
0.011008
0.010295
0.009382
0.009573
0.010237
0.010768
0.009042
0.009432
0.009487
0.010115
0.009867
0.009479
0.008799
0.009150
0.009301
0.009692
0.009808
0.009960
0.010082
0.010015
0.009677
0.009477
0.009825
0.009740
0.010009
0.009686
0.009491
0.009502
0.009509
0.009558
0.009547
0.009504
0.009594
0.009371
0.009537
0.009432
0.009221
0.008938
0.008975
0.008946
0.008590
0.009324
0.009225
0.010412
0.011000
0.011776
0.011431
0.011550
0.011599
0.011620
0.011218
0.011351
0.010924
0.011048
0.011007
0.011541
0.010192
0.009520
0.009292
0.009040
0.009037
0.009095
0.009323
0.009455
0.009425
0.009451
0.009447
0.009354
0.008714
0.007571
0.007446
0.007506
0.008244
0.007511
0.007534
0.007338
0.007182
0.007301
0.007116
0.007323
0.007273
0.007315
0.007604
0.007731
0.007522
0.007861
0.008484
0.008683
0.008493
0.008681
0.008832
0.008549
0.008634
0.008398
0.008659
0.008294
0.008272
0.007851
0.007580
0.007424
0.006899
0.006768
0.006922
0.006188
0.006254
0.006611
0.006636
0.006437
0.006291
0.006554
0.006592
0.006710
0.006573
0.006536
0.006085
0.006340
0.006455
0.006614
0.006658
0.006958
0.007504
0.007428
0.007926
0.007827
0.008079
0.008793
0.008624
0.008265
0.008161
0.007857
0.007781
0.008133
0.008366
0.008351
0.008338
0.008233
0.008094
0.007994
0.008332
0.008847
0.008588
0.007646
0.007618
0.008020
0.007130
0.007041
0.007328
0.006844
0.006684
0.006587
0.007398
0.008229
0.008556
0.007436
0.008350
0.009420
0.010155
0.010591
0.010991
0.011157
0.011101
0.010229
0.010093
0.009248
0.008964
0.008746
0.007636
0.007479
0.007708
0.008241
0.009045
0.008781
0.008627
0.008332
0.008553
0.008815
0.009077
0.008795
0.009024
0.008836
0.008494
0.008827
0.008815
0.008489
0.009122
0.008926
0.008846
0.008476
0.008667
0.008683
0.008438
0.008365
0.008441
0.008622
0.009340
0.009749
0.010247
0.010526
0.011598
0.011577
0.011367
0.011476
0.011299
0.010714
0.010438
0.010468
0.010562
0.010672
0.010510
0.010711
0.010629
0.011011
0.009918
0.009286
0.008970
0.008112
0.008150
0.007772
0.007348
0.007366
0.007988
0.008433
0.007653
0.007316
0.007796
0.007806
0.008059
0.008240
0.007935
0.008266
0.008148
0.007885
0.007937
0.007774
0.007634
0.007984
0.008141
0.008392
0.008116
0.008181
0.009015
0.008777
0.008878
0.009220
0.009024
0.008724
0.008888
0.009970
0.010171
0.010503
0.010826
0.010779
0.011121
0.010995
0.010214
0.009541
0.009729
0.009885
0.009713
0.009455
0.009051
0.009019
0.009154
0.008999
0.009484
0.009116
0.008971
0.008918
0.008499
0.008886
0.008805
0.009097
0.008534
0.008914
0.008632
0.008689
0.009109
0.007923
0.009228
0.010606
0.011669
0.012809
0.013793
0.013001
0.013856
0.014196
0.014269
0.013748
0.013484
0.013729
0.013833
0.013617
0.013394
0.013229
0.012572
0.011716
0.011442
0.011417
0.011516
0.011531
0.010711
0.010873
0.010177
0.009681
0.009450
0.009507
0.009617
0.009589
0.009423
0.009400
0.009289
0.008906
0.009210
0.009342
0.008905
0.008703
0.009454
0.008908
0.009154
0.009309
0.009505
0.009742
0.010075
0.009748
0.009496
0.009537
0.009383
0.009321
0.009311
0.009313
0.008896
0.008694
0.008692
0.008229
0.008426
0.008087
0.007973
0.008040
0.008206
0.008482
0.008795
0.008862
0.008648
0.008822
0.008835
0.008490
0.008380
0.007891
0.008209
0.008201
0.007588
0.007857
0.007921
0.008024
0.008171
0.008009
0.008029
0.008336
0.008059
0.008006
0.008004
0.007646
0.007733
0.007911
0.007581
0.007147
0.007333
0.007183
0.007191
0.007237
0.007425
0.006879
0.008121
0.008471
0.008777
0.009873
0.010082
0.010698
0.010603
0.010933
0.010407
0.009885
0.009426
0.008530
0.008150
0.008231
0.007243
0.007624
0.007189
0.007584
0.007067
0.007407
0.007097
0.006089
0.006009
0.004920
0.004499
0.005913
0.005590
0.005629
0.006114
0.006708
0.007478
0.007705
0.009406
0.010185
0.010717
0.012020
0.013595
0.013894
0.015327
0.015255
0.016250
0.016673
0.017303
0.017634
0.017506
0.016751
0.016291
0.015560
0.015439
0.015390
0.015417
0.015277
0.015116
0.014711
0.014646
0.011252
0.012365
0.010960
0.010989
0.009561
0.009719
0.010590
0.009484
0.009147
0.009289
0.010053
0.008893
0.009229
0.009016
0.009082
0.009852
0.009998
0.010021
0.010440
0.011200
0.011082
0.011562
0.011324
0.011033
0.011360
0.011097
0.011416
0.011565
0.013040
0.012867
0.012977
0.012229
0.012166
0.012700
0.011580
0.011793
0.012868
0.013081
0.013268
0.013429
0.012871
0.013664
0.012916
0.013057
0.013923
0.013227
0.012712
0.013147
0.012981
0.014406
0.014739
0.015369
0.015017
0.014145
0.014238
0.013939
0.013331
0.013114
0.012386
0.012256
0.012897
0.012852
0.012121
0.011952
0.011448
0.010321
0.010855
0.011370
0.011274
0.011491
0.010571
0.011617
0.011613
0.011469
0.011496
0.011327
0.010352
0.010485
0.010433
0.010648
0.010446
0.010989
0.010480
0.010496
0.010957
0.010832
0.010834
0.010694
0.010664
0.010282
0.010646
0.010583
0.010703
0.009952
0.010154
0.009551
0.011097
0.011133
0.010103
0.011311
0.012840
0.013259
0.012552
0.012689
0.011895
0.011923
0.012149
0.012194
0.012128
0.012557
0.011831
0.012194
0.012713
0.012774
0.012255
0.011988
0.012365
0.011677
0.011973
0.012111
0.011861
0.011105
0.012103
0.012187
0.013315
0.013047
0.012042
0.011439
0.010712
0.010605
0.011192
0.011410
0.011788
0.011640
0.011479
0.011308
0.011224
0.011113
0.011048
0.011251
0.011160
0.011880
0.011910
0.012189
0.011865
0.012671
0.011860
0.012254
0.012647
0.011994
0.012145
0.011519
0.011727
