0.063665
0.064710
0.062549
0.062342
0.065381
0.066310
0.061238
0.067410
0.067470
0.066483
0.066643
0.062786
0.061103
0.062161
0.062846
0.059566
0.062821
0.064228
0.063208
0.060534
0.060663
0.067724
0.063744
0.071022
0.068180
0.069545
0.082267
0.081163
0.073132
0.083174
0.083763
0.085226
0.071447
0.073883
0.069319
0.060488
0.061380
0.063022
0.058704
0.062263
0.062559
0.076240
0.075261
0.065826
0.066190
0.063864
0.066835
0.078475
0.062065
0.060559
0.059229
0.052929
0.062639
0.058842
0.058350
0.055366
0.058227
0.057351
0.054354
0.054628
0.064791
0.066182
0.060938
0.062804
0.073805
0.061518
0.060461
0.053973
0.051832
0.059245
0.060860
0.064861
0.066460
0.065423
0.064455
0.063775
0.066299
0.065742
0.064387
0.062925
0.059716
0.069454
0.060848
0.068005
0.060656
0.055979
0.055258
0.068875
0.061884
0.069562
0.062023
0.056431
0.055361
0.055732
0.056334
0.059266
0.060389
0.064467
0.068157
0.054092
0.056449
0.054981
0.057234
0.057153
0.055822
0.063814
0.064708
0.051139
0.052094
0.050933
0.051809
0.052233
0.053289
0.057146
0.059160
0.061087
0.053064
0.056194
0.054273
0.054020
0.055266
0.078848
0.075955
0.073976
0.055538
0.070142
0.055187
0.055339
0.071712
0.055758
0.056041
0.055189
0.067650
0.055216
0.066263
0.068152
0.068078
0.065719
0.065977
0.063881
0.057016
0.056398
0.072031
0.066524
0.058752
0.060677
0.055108
0.054596
0.054254
0.057017
0.055331
0.056908
0.044693
0.043574
0.042930
0.043859
0.043981
0.044051
0.043100
0.038605
0.039063
0.038241
0.040356
0.037457
0.037536
0.036626
0.039883
0.033162
0.042070
0.042302
0.037678
0.036109
0.033958
0.036762
0.038105
0.037885
0.035950
0.036258
0.037253
0.037513
0.037716
0.037205
0.036950
0.034371
0.034922
0.035287
0.034611
0.037494
0.037947
0.035625
0.036122
0.036577
0.033550
0.035911
0.035459
0.033428
0.032709
0.033147
0.031717
0.031940
0.032316
0.031910
0.032379
0.033281
0.032627
0.030941
0.034104
0.033003
0.032711
0.031836
0.033757
0.033677
0.033595
0.029314
0.030777
0.031293
0.032170
0.036172
0.037961
0.035892
0.034867
0.038292
0.035303
0.037336
0.036564
0.036820
0.036442
0.036201
0.037192
0.036908
0.043949
0.038883
0.043034
0.034214
0.034326
0.032563
0.032516
0.030508
0.029500
0.029318
0.027954
0.027755
0.026891
0.027781
0.031290
0.030795
0.033816
0.032131
0.030558
0.030740
0.029882
0.030995
0.031084
0.032377
0.031320
0.030993
0.031688
0.032398
0.033555
0.033841
0.033262
0.031579
0.031353
0.031839
0.030829
0.030086
0.030196
0.029970
0.028450
0.029121
0.029609
0.029114
0.029041
0.029838
0.029655
0.057812
0.065697
0.067610
0.064467
0.065925
0.074438
0.073725
0.075453
0.066356
0.073112
0.068728
0.061352
0.051552
0.057258
0.059530
0.060116
0.053882
0.061141
0.067170
0.056390
0.051143
0.047562
0.040709
0.038644
0.039080
0.039361
0.037144
0.054013
0.056854
0.063744
0.042283
0.053125
0.039763
0.039511
0.040194
0.037613
0.039808
0.042313
0.043150
0.038648
0.041603
0.038220
0.040554
0.040854
0.041003
0.039467
0.033703
0.034471
0.033451
0.038203
0.040644
0.038586
0.037969
0.036355
0.038172
0.042677
0.042580
0.032126
0.032237
0.032210
0.034080
0.032418
0.033100
0.032427
0.032729
0.034372
0.033552
0.030925
0.036575
0.047588
0.034805
0.032030
0.054728
0.050197
0.033640
0.032841
0.042411
0.041614
0.034187
0.036600
0.035422
0.033783
0.048066
0.031555
0.033939
0.047292
0.047057
0.046909
0.047512
0.038335
0.037756
0.036546
0.047646
0.045932
0.046356
0.046416
0.046070
0.048675
0.048726
0.047270
0.048816
0.033068
0.032869
0.034703
0.031469
0.033036
0.033852
0.031581
0.030607
0.036858
0.043654
0.041791
0.045335
0.037450
0.030645
0.039961
0.049486
0.048398
0.047722
0.040439
0.035794
0.036411
0.059597
0.035493
0.035032
0.033890
0.034555
0.035081
0.034825
0.034722
0.034941
0.034785
0.033885
0.034847
0.036544
0.037950
0.035964
0.038800
0.040569
0.036217
0.034994
0.022238
0.022002
0.021515
0.020776
0.020948
0.020959
0.023926
0.024007
0.023384
0.022851
0.021009
0.019787
0.017049
0.016908
0.018141
0.019932
0.020041
0.017056
0.022620
0.024415
0.023007
0.024029
0.024501
0.023303
0.027481
0.031730
0.031464
0.031401
0.030366
0.029421
0.029394
0.027430
0.027843
0.027756
0.028261
0.029270
0.030404
0.030592
0.030765
0.030794
0.030921
0.030904
0.030855
0.030171
0.030052
0.027968
0.028387
0.028601
0.027218
0.026889
0.027626
0.027337
0.026965
0.025562
0.025400
0.024912
0.022868
0.023567
0.023679
0.026414
0.024554
0.024481
0.024534
0.024006
0.024828
0.025153
0.027234
0.027103
0.028557
0.028979
0.029204
0.028188
0.028344
0.027580
0.026841
0.027884
0.026359
0.024811
0.026434
0.026842
0.027407
0.026804
0.027732
0.027184
0.028216
0.027790
0.028216
0.027971
0.027739
0.027002
0.026741
0.027248
0.027202
0.026059
0.026148
0.025906
0.024791
0.021622
0.020031
0.017492
0.013577
0.010633
0.009034
0.006072
0.004833
0.004097
0.001982
0.000928
0.000541
0.000000
0.000451
0.001388
0.001996
0.002974
0.002956
0.002928
0.003092
0.003529
0.003816
0.003505
0.003511
0.003532
0.004089
0.004095
0.004342
0.004500
0.004628
0.004886
0.004673
0.004580
0.005064
0.005362
0.005877
0.006029
0.005441
0.005278
0.005359
0.005420
0.006073
0.007650
0.007502
0.007579
0.007579
0.007128
0.006611
0.006283
0.006389
0.006424
0.006418
0.006432
0.006460
0.006361
0.006051
0.006045
0.006114
0.006370
0.006455
0.006342
0.006334
0.007399
0.007336
0.007301
0.006993
0.006967
0.007194
0.007171
0.024220
0.024122
0.024364
0.023957
0.023872
0.023509
0.023577
0.023551
0.024407
0.024311
0.026327
0.029592
0.031227
0.032745
0.031343
0.030007
0.029400
0.032617
0.031136
0.034551
0.035144
0.035538
0.032163
0.033861
0.033240
0.033979
0.032908
0.033754
0.038091
0.037162
0.034152
0.034598
0.033729
0.032292
0.031481
0.032118
0.031658
0.031480
0.029156
0.029540
0.029522
0.030021
0.029132
0.028665
0.028855
0.028426
0.027848
0.027036
0.026579
0.026732
0.026367
0.027632
0.027543
0.027527
0.027252
0.026566
0.027098
0.027506
0.027571
0.026892
0.027433
0.027472
0.027070
0.026743
0.027245
0.027526
0.027500
0.027666
0.028320
0.028601
0.028161
0.028373
0.027764
0.028044
0.027688
0.027481
0.027122
0.027209
0.027083
0.027274
0.027644
0.028346
0.029278
0.030047
0.029707
0.029011
0.030050
0.028911
0.031390
0.033047
0.032395
0.031725
0.030991
0.030285
0.029270
0.029654
0.027793
0.025805
0.028780
0.027297
0.027412
0.026416
0.024553
0.023624
0.032068
0.034422
0.032414
0.037130
0.029276
0.029838
0.028725
0.029026
0.028805
0.030320
0.031235
0.032122
0.032089
0.033439
0.033975
0.029111
0.028917
0.028058
0.028631
0.028516
0.028295
0.028118
0.029003
0.028580
0.028903
0.025791
0.026375
0.027756
0.023246
0.022410
0.022560
0.025890
0.023205
0.023933
0.028032
0.026499
0.026730
0.026725
0.024329
0.024843
0.026833
0.028934
0.026763
0.028594
0.029411
0.030864
0.026455
0.030508
0.029743
0.028114
0.029577
0.029580
0.029595
0.028850
0.028173
0.029379
0.028073
0.028655
0.029498
0.029720
0.029560
0.029173
0.029905
0.030360
0.030009
0.030519
0.030790
0.031000
0.028330
0.028813
0.029754
0.030024
0.029457
0.031307
0.031148
0.031671
0.032376
0.032638
0.029157
0.032632
0.032134
0.033211
0.033352
0.032377
0.027876
0.028458
0.028249
0.028359
0.033232
0.028475
0.029399
0.029465
0.029578
0.029370
0.029484
0.029378
0.029398
0.028630
0.028428
0.028614
0.028556
0.027926
0.028192
0.028989
0.029553
0.034428
0.028261
0.034079
0.034933
0.034470
0.064400
0.045450
0.044360
0.046384
0.049110
0.045627
0.040176
0.041371
0.036859
0.045585
0.038986
0.039474
0.046193
0.039963
0.044045
0.043193
0.042517
0.042792
0.043420
0.043547
0.045652
0.048266
0.050113
0.051030
0.048312
0.053368
0.046321
0.047722
0.045761
0.042336
0.042395
0.045822
0.045536
0.047490
0.047349
0.047481
0.050763
0.041662
0.050245
0.050247
0.049107
0.050266
0.050275
0.044666
0.049017
0.051637
0.051499
0.051501
0.044004
0.043934
0.040532
0.045810
0.046582
0.042195
0.043259
0.042977
0.045399
0.046137
0.045254
0.045531
0.046372
0.043740
0.044929
0.042177
0.042959
0.048037
0.046975
0.048939
0.047433
0.046794
0.044838
0.043521
0.043554
0.046044
0.044732
0.046103
0.043563
0.043622
0.045713
0.046210
0.048506
0.048460
0.043972
0.044371
0.045082
0.042758
0.046575
0.046585
0.048143
0.046368
0.046328
0.045275
0.046376
0.046121
0.047563
0.047289
0.049669
0.049437
0.048947
0.048833
0.047073
0.049496
0.043642
0.049714
0.049299
0.049242
0.055887
0.056315
