0.380173
0.380014
0.379438
0.379861
0.379689
0.379246
0.379429
0.379296
0.379536
0.379536
0.379666
0.379420
0.377989
0.375164
0.371307
0.368061
0.372921
0.370300
0.372188
0.373034
0.372491
0.372841
0.372508
0.372753
0.372847
0.372980
0.368920
0.367285
0.367865
0.357792
0.345623
0.340541
0.297907
0.145873
0.092873
0.047580
0.045857
0.045376
0.044645
0.044272
0.043240
0.042442
0.042057
0.042001
0.041967
0.041353
0.040201
0.038750
0.038541
0.036608
0.036603
0.035455
0.035121
0.033629
0.033469
0.032675
0.032102
0.031770
0.030780
0.031941
0.030694
0.031667
0.030272
0.031623
0.027704
0.027641
0.027568
0.026687
0.026642
0.022648
0.022641
0.020385
0.019378
0.019703
0.019266
0.018018
0.016502
0.017934
0.017208
0.016645
0.017195
0.016708
0.015423
0.014498
0.014606
0.013673
0.014201
0.014174
0.013473
0.012695
0.012677
0.012883
0.012595
0.012410
0.012340
0.014015
0.014904
0.015275
0.016006
0.017810
0.017540
0.019084
0.020516
0.019928
0.019998
0.020046
0.020694
0.020381
0.020531
0.020449
0.020281
0.020249
0.019877
0.019918
0.019825
0.019616
0.019536
0.019366
0.019423
0.019565
0.019690
0.019680
0.019709
0.019652
0.019621
0.019695
0.019715
0.019698
0.019763
0.019794
0.020008
0.019971
0.020035
0.020127
0.019985
0.020122
0.019975
0.019600
0.018981
0.018686
0.017694
0.016192
0.014863
0.012146
0.013346
0.014847
0.015550
0.016058
0.015934
0.015867
0.016012
0.016086
0.015975
0.015846
0.015783
0.015855
0.015859
0.015868
0.015841
0.015711
0.015575
0.015749
0.015756
0.015599
0.015607
0.015635
0.015593
0.015708
0.015704
0.015638
0.015595
0.015595
0.015605
0.015691
0.015603
0.015627
0.015585
0.015700
0.015686
0.015723
0.071735
0.072025
0.069434
0.072072
0.079395
0.077248
0.066397
0.073312
0.078665
0.081145
0.081393
0.078416
0.069883
0.069848
0.062261
0.071296
0.068973
0.071484
0.069587
0.058683
0.068386
0.058744
0.060093
0.065074
0.064957
0.064743
0.062965
0.059837
0.063805
0.064620
0.061965
0.063695
0.062121
0.063520
0.065257
0.065040
0.055320
0.062897
0.063371
0.061869
0.061799
0.062870
0.063468
0.069311
0.080620
0.079925
0.076501
0.084225
0.075841
0.080787
0.082709
0.079361
0.086417
0.087632
0.086461
0.086688
0.087423
0.088128
0.087675
0.090020
0.087312
0.087800
0.089037
0.088021
0.088469
0.088416
0.088395
0.089277
0.088736
0.089093
0.089008
0.089071
0.088451
0.088765
0.089414
0.089704
0.088665
0.089219
0.089716
0.090397
0.089761
0.089731
0.088788
0.089094
0.089175
0.089171
0.089444
0.089786
0.090171
0.088691
0.090141
0.089200
0.089954
0.090055
0.088674
0.089138
0.088227
0.089721
0.078371
0.078568
0.064919
0.062900
0.069896
0.078911
0.078990
0.081274
0.081523
0.072663
0.077221
0.077642
0.077950
0.079493
0.083001
0.084213
0.083299
0.083154
0.084279
0.082332
0.077550
0.069672
0.070880
0.071177
0.072470
0.071795
0.068228
0.067506
0.070630
0.070877
0.071075
0.070295
0.069567
0.069615
0.076160
0.071452
0.069001
0.077390
0.076298
0.082115
0.079070
0.079187
0.079653
0.080982
0.067122
0.063900
0.062391
0.064931
0.064050
0.086981
0.067968
0.062763
0.063657
0.064129
0.066239
0.065928
0.085470
0.090096
0.090165
0.089977
0.090676
0.090354
0.090502
0.087597
0.087843
0.088007
0.078131
0.078163
0.078682
0.082890
0.083343
0.082909
0.082529
0.078512
0.078176
0.078616
0.079558
0.078689
0.078715
0.078358
0.078991
0.079263
0.078449
0.078620
0.078770
0.079008
0.077671
0.076862
0.077057
0.076914
0.077278
0.077245
0.078055
0.077330
0.077260
0.077080
0.077472
0.073565
0.077462
0.078459
0.078318
0.077636
0.078795
0.087570
0.087286
0.088184
0.089369
0.087990
0.088946
0.087323
0.087444
0.071600
0.069208
0.071621
0.076810
0.071061
0.074002
0.073525
0.076617
0.071580
0.070693
0.075092
0.077181
0.075889
0.072039
0.078494
0.077415
0.075403
0.072253
0.069866
0.073149
0.072162
0.072930
0.073825
0.072888
0.072381
0.074878
0.076540
0.071731
0.073001
0.073139
0.071296
0.080229
0.074890
0.077242
0.076353
0.073885
0.072368
0.069969
0.068424
0.071934
0.074573
0.068196
0.067318
0.069633
0.068955
0.070547
0.070799
0.084637
0.085242
0.084218
0.085161
0.082134
0.084287
0.086180
0.075886
0.059889
0.060511
0.068248
0.058943
0.074579
0.067889
0.073035
0.067558
0.072965
0.072417
0.075780
0.074102
0.072264
0.071082
0.067471
0.066961
0.049127
0.050766
0.048069
0.047458
0.047248
0.047712
0.048229
0.047789
0.048483
0.050725
0.049703
0.049955
0.049583
0.050583
0.049403
0.049731
0.049410
0.048977
0.050223
0.048649
0.048150
0.050197
0.049493
0.049342
0.048380
0.051032
0.051195
0.050220
0.047381
0.053399
0.067694
0.071684
0.051237
0.059325
0.058756
0.038712
0.038640
0.043471
0.043320
0.047622
0.055014
0.043593
0.048339
0.052120
0.057684
0.053106
0.057679
0.055231
0.055266
0.053587
0.054811
0.060085
0.061716
0.069085
0.067918
0.065489
0.065245
0.056955
0.055049
0.054231
0.051813
0.060968
0.063078
0.065735
0.064977
0.067259
0.060892
0.057832
0.063791
0.059879
0.061820
0.058013
0.059462
0.056034
0.058307
0.058504
0.057909
0.058723
0.058713
0.057740
0.057975
0.056047
0.053587
0.050651
0.050210
0.050368
0.052156
0.052994
0.053359
0.057575
0.055693
0.056195
0.057098
0.057221
0.056460
0.055118
0.055214
0.057809
0.056817
0.056635
0.056379
0.057453
0.057445
0.057229
0.058518
0.053156
0.054408
0.049819
0.049593
0.051113
0.050659
0.052149
0.049152
0.049259
0.048348
0.047635
0.049615
0.050169
0.049034
0.046545
0.049142
0.048126
0.047735
0.047441
0.050357
0.050777
0.051397
0.050628
0.051762
0.050954
0.049716
0.049813
0.052499
0.053651
0.059939
0.059436
0.060798
0.061413
0.062291
0.061784
0.063160
0.063296
0.062605
0.062404
0.063395
0.063659
0.062995
0.062900
0.074378
0.074512
0.074814
0.073478
0.073514
0.072682
0.072117
0.074631
0.074581
0.074242
0.074212
0.075295
0.073860
0.061108
0.063006
0.062268
0.061940
0.051320
0.059858
0.058626
0.060526
0.057171
0.060277
0.059036
0.058742
0.063259
0.063993
0.064811
0.058092
0.059758
0.055199
0.050819
0.051119
0.051082
0.065602
0.049963
0.051043
0.050241
0.062505
0.050436
0.050882
0.049172
0.051805
0.050085
0.050301
0.051125
0.050413
0.049791
0.052762
0.049126
0.049786
0.050001
0.049812
0.050023
0.049406
0.049319
0.049926
0.049886
0.049784
0.049675
0.049207
0.049259
0.048806
0.049169
0.048887
0.049526
0.064336
0.064398
0.064486
0.063816
0.063175
0.062449
0.062125
0.062830
0.061371
0.062067
0.060086
0.059883
0.059803
0.060639
0.062554
0.061964
0.061440
0.061761
0.061544
0.062299
0.061333
0.061701
0.061673
0.061287
0.061712
0.060896
0.061169
0.061456
0.059682
0.058887
0.059309
0.058915
0.058799
0.057606
0.058056
0.059916
0.059130
0.057809
0.057789
0.056928
0.057315
0.058780
0.058770
0.058944
0.059433
0.062222
0.058889
0.057278
0.060104
0.057862
0.059228
0.060669
0.058219
0.058866
0.057593
0.057432
0.055973
0.062810
0.061253
0.059615
0.059584
0.057492
0.058611
0.063732
0.065102
0.061503
0.052321
0.053305
0.052744
0.053569
0.052948
0.053478
0.052916
0.070835
0.068762
0.068971
0.066755
0.068092
0.069884
0.062343
0.069617
0.068564
0.077494
0.079550
0.078664
0.066851
0.074725
0.075822
0.073427
0.079567
0.074151
0.070584
0.079442
0.077409
0.075184
0.075019
0.074649
0.064645
0.072349
0.066350
0.065633
0.067115
0.064486
0.094895
0.096865
0.096412
0.097563
0.095311
0.095857
0.093567
0.108191
0.108440
0.097784
0.092570
0.091831
0.101669
0.100479
0.098961
0.096013
0.097870
0.098341
0.094210
0.094822
0.094167
0.093765
0.092788
0.092301
0.076143
0.074628
0.065658
0.063483
0.075924
0.080182
0.076576
0.071660
0.071289
0.071018
0.068537
0.071840
0.072330
0.071552
0.075176
0.073603
0.071534
0.072182
0.071766
0.084646
0.086954
0.081472
0.094292
0.083033
0.085317
0.087848
0.091700
0.092392
0.091192
0.091768
0.091823
0.095690
0.098525
0.101232
0.100453
0.100015
0.100505
0.099445
0.091008
0.094184
0.094050
0.094579
0.094730
0.105883
0.104235
0.098468
0.098736
0.098045
0.097196
0.098144
0.096608
0.098339
0.097297
0.090095
0.091219
0.092722
0.088592
0.089452
0.090141
0.089912
0.094363
0.092847
0.089400
0.095457
0.091910
0.092424
0.096258
0.090858
0.090860
0.087322
0.087313
0.085987
0.088435
0.087228
0.088714
0.088637
0.088155
0.086890
0.090254
0.094609
0.093308
0.091187
0.090810
0.089944
0.091169
0.090406
0.087040
0.086052
0.087470
0.087797
0.086112
0.084300
0.084332
0.083470
0.083926
0.085186
0.086749
0.084939
0.085111
0.083496
0.087555
0.087976
0.083548
0.088487
0.086643
0.084944
0.084708
0.087996
0.087733
0.083736
0.086198
0.086554
0.088752
0.088736
0.087566
0.087618
0.087781
0.088558
0.088433
0.088541
0.088272
0.087407
0.089141
0.092406
0.094174
0.094518
0.096438
0.095626
0.096102
0.093796
0.095519
0.094512
0.095251
0.091571
0.096943
0.099266
0.100377
0.099535
0.100598
0.100873
0.097156
0.098117
0.095629
0.104000
0.095975
0.099026
0.095632
0.098011
0.103050
0.095536
0.096371
0.095196
0.096613
0.098745
0.096041
0.095791
0.097076
0.096492
0.097001
0.098905
0.089195
0.088728
0.089050
0.097968
0.095806
0.096472
0.090036
0.090046
0.091437
0.091400
0.091003
0.087485
0.091256
0.089642
0.089736
0.089200
0.089967
0.087643
0.090190
0.090973
0.090173
0.089730
0.089791
0.092116
0.090263
0.091169
0.090646
0.092278
0.091810
0.090888
0.089584
0.090544
0.089876
0.092305
0.090769
0.088948
0.089626
0.088192
0.088262
0.087864
0.087825
0.087253
0.086171
0.087171
0.085753
0.085366
0.112137
0.112011
0.111526
0.111462
0.110345
0.114433
0.118392
0.118071
0.108745
0.114822
0.114353
0.112482
0.114102
0.117877
0.117685
0.120720
0.122514
0.116606
0.113622
0.115999
0.110967
0.115877
0.116288
0.108569
0.116674
0.113898
0.104516
0.101649
0.118537
0.126244
0.121590
0.118703
0.119785
0.121767
0.120401
0.120306
0.121448
0.109907
0.105564
0.106264
0.103912
0.101462
0.121314
0.116334
0.111158
0.110301
0.117763
0.118052
0.112720
0.113275
0.121838
0.114359
0.131515
0.132445
0.132837
0.132516
0.129578
0.118802
0.121590
0.122045
0.122627
0.085185
0.084659
0.084061
0.115812
0.084770
0.084832
0.085372
0.084880
0.083233
0.086359
0.085792
0.086146
0.086186
0.085695
0.086363
0.086901
0.086365
0.087101
0.085592
0.085789
0.086868
0.087120
0.083932
0.103963
0.103336
0.125580
0.086866
0.088142
0.088003
0.088312
0.087268
0.087719
0.086165
0.108557
0.106710
0.114648
0.118794
0.106688
0.103122
0.108080
0.106196
0.105781
0.106284
0.100774
0.103644
0.106119
0.096640
0.096753
0.093631
0.102214
0.106270
0.107429
0.103167
0.103671
0.103852
0.108516
0.094905
0.101086
0.103508
0.103950
0.104474
0.101097
0.104567
0.091205
0.096243
0.097266
0.085227
0.096904
0.094981
0.107878
0.088892
0.091845
0.089547
0.086256
0.084743
0.095079
0.095645
0.091640
0.090932
0.100632
0.084386
0.087700
0.090562
0.086054
0.125073
0.126418
0.124400
0.123285
0.121828
0.130579
0.126047
0.127123
0.129968
0.130207
0.129588
0.122795
0.125994
0.124768
0.120553
0.124716
0.129380
0.129520
0.125799
0.131318
0.127403
0.122623
0.119239
0.124117
0.124521
0.131296
0.130885
0.127040
0.130153
0.125059
0.131326
0.129036
0.127649
0.123685
0.121556
0.124853
0.122554
0.129527
0.125511
0.128524
0.129816
0.127193
0.125984
0.126528
0.127325
0.130448
0.131435
0.131429
0.128064
0.128091
0.132290
0.132835
0.132632
0.134706
0.131140
0.132415
0.136563
0.132200
0.136258
0.135619
0.136579
0.137684
0.138611
0.130198
0.129887
0.129715
0.129249
0.131518
0.127320
0.127245
0.128221
0.132441
0.130252
0.124661
0.128368
0.093001
0.091325
0.092366
0.090979
0.098687
0.095175
0.093788
0.095409
0.108329
0.093452
0.097079
0.095348
0.093596
0.103575
0.109089
0.092821
0.105739
0.088607
0.102678
0.091068
0.109437
0.092765
0.092622
0.092441
0.088388
0.083763
0.086116
0.087802
0.084314
0.078473
0.091105
0.083893
0.085708
0.083726
0.085561
0.088793
0.092954
0.097569
0.098979
0.104952
0.106294
0.108492
0.096350
0.108483
0.085055
0.100340
0.109672
0.101055
0.100600
0.102615
0.099387
0.099335
0.095799
0.089043
0.098697
0.120763
0.127375
0.128150
0.131952
0.136117
0.132111
0.130790
0.131968
0.130714
0.126825
0.131141
0.128512
0.128355
0.118129
0.113515
0.096237
0.093421
0.088252
0.094688
0.101523
0.095757
0.099846
0.098848
0.095894
0.096057
0.090936
0.094125
0.094207
0.093024
0.091650
0.136892
0.126685
0.128682
0.120103
0.119636
0.116984
0.098049
0.097601
0.115864
0.114932
0.113284
0.111567
0.123894
0.125062
0.121544
0.116356
0.114892
0.112034
0.114496
0.118979
0.112917
0.106839
0.105142
0.101686
0.108827
0.105407
0.101254
0.097012
0.101337
0.110156
0.096573
0.093220
0.097426
0.096405
0.093464
0.102331
0.093783
0.109400
0.100612
0.092571
0.090616
0.089311
0.082554
0.085084
0.083499
0.090224
0.087655
0.093916
0.089900
0.090460
0.089954
0.093514
0.092856
0.091809
0.090466
0.094181
0.091654
0.085991
0.092621
0.111578
0.113015
0.112701
0.112953
0.116039
0.117017
0.100911
0.102248
0.106808
0.109213
0.122444
0.108462
0.104312
0.096455
0.094506
0.092310
0.093375
0.094518
0.093870
0.095598
0.094073
0.094422
0.097365
0.100470
0.100761
0.098381
0.100606
0.101124
0.109249
0.098612
0.096913
0.098726
0.099234
0.100328
0.100776
0.101017
0.097988
0.096326
0.096488
0.091698
0.106222
0.099250
0.101514
0.104149
0.101577
0.101734
0.100418
0.101366
0.098016
0.104639
0.110263
0.099534
0.098858
0.105607
0.101866
0.106133
0.104448
0.111135
0.106042
0.108736
0.106799
0.105658
0.107476
0.106559
0.104480
0.107886
0.110190
0.110859
0.106693
0.107104
0.105466
0.106001
0.108146
0.110391
0.111399
0.111796
0.109945
0.102710
0.104719
0.103784
0.105933
0.106169
0.081979
0.070849
0.084847
0.079972
0.085310
0.063276
0.079291
0.073675
0.073085
0.077636
0.078722
0.081073
0.082880
0.075844
0.079046
0.081208
0.082292
0.081542
0.083667
0.082827
0.075696
0.075287
0.067649
0.066053
0.064496
0.069902
0.066489
0.065401
0.123014
0.123789
0.124264
0.124557
0.123442
0.123179
0.123024
0.125079
0.125956
0.124927
0.115985
0.117071
0.120004
0.121100
0.126368
0.128471
0.130268
0.139729
0.129082
0.118434
0.120218
0.120404
0.123110
0.108849
0.131847
0.104717
0.103306
0.133715
0.136610
0.135771
0.134375
0.134536
0.132881
0.134954
0.107877
0.107153
0.108619
0.110392
0.110801
0.110081
0.128683
0.126777
0.124813
0.128391
0.122003
0.130093
0.089786
0.088024
0.084571
0.086917
0.090602
0.089867
0.092053
0.087380
0.074658
0.078022
0.076901
0.079025
0.081683
0.082274
0.080687
0.080380
0.079090
0.076473
0.075323
0.076920
0.066444
0.069007
0.077017
0.074311
0.073446
0.071082
0.073897
0.070077
0.071562
0.070760
0.077406
0.069455
0.069798
0.071516
0.073454
0.073520
0.074463
0.072475
0.073686
0.073763
0.073965
0.073654
0.073240
0.070415
0.070042
0.070434
0.071870
0.071510
0.072102
0.071158
0.072376
0.072023
0.070507
0.070453
0.070465
0.070463
0.072185
0.086228
0.103466
0.099761
0.100158
0.100163
0.100074
0.099482
0.084450
0.084556
0.086307
0.085428
0.086032
0.086548
0.085592
0.085491
0.085860
0.086875
0.086580
0.085715
0.096625
0.086055
0.083523
0.084728
0.084639
0.086060
0.097687
0.085544
0.085050
0.084041
0.084386
0.084443
0.085038
0.085207
0.084371
0.084307
0.084845
0.097836
0.084858
0.089232
0.084702
0.071220
0.071312
0.071268
0.071326
0.071495
0.070352
0.069990
0.071318
0.071186
0.071891
0.071720
0.070828
0.071098
0.072412
0.070852
0.073230
0.073896
0.073405
0.072751
0.073009
0.073032
0.071542
0.081758
0.084042
0.084537
0.087181
0.082807
0.088251
0.083811
0.083242
0.089599
0.097269
0.093841
0.090871
0.090704
0.091888
0.090603
0.088651
0.087883
0.089084
0.088178
0.090872
0.089173
0.089793
0.091152
0.091741
0.093905
0.088035
0.095545
0.087216
0.094690
0.091664
0.071815
0.076981
0.075414
0.083188
0.083772
0.088796
0.088824
0.086893
0.070899
0.068158
0.077779
0.087224
0.082026
0.093914
0.094284
0.101207
0.101218
0.103486
0.100992
0.101707
0.116186
0.119330
0.110271
0.104432
0.112902
0.104311
0.104374
0.110714
0.117030
0.121661
0.119945
0.118290
0.120900
0.118244
0.119239
0.120728
0.106229
0.108398
0.104555
0.119988
0.101915
0.113095
0.123135
0.129733
0.139303
0.140483
0.141725
0.142220
0.138637
0.140385
0.136386
0.131219
0.133292
0.114327
0.136827
0.125971
0.080797
0.079383
0.087751
0.085869
0.083182
0.083862
0.080599
0.079861
0.080008
0.080220
0.093934
0.094560
0.091822
0.090822
0.093503
0.086743
0.099741
0.092678
0.081665
0.081763
0.085113
0.085188
0.094736
0.095500
0.095217
0.093063
0.094003
0.095794
0.096538
0.098906
0.085944
0.085550
0.083817
0.076910
0.088117
0.103115
0.107198
0.098369
0.101547
0.101344
0.101201
0.044110
0.044848
0.045227
0.044128
0.044676
0.045447
0.045246
0.045475
0.045147
0.043793
0.046400
0.049708
0.048363
0.046587
0.047556
0.046355
0.046511
0.047944
0.047857
0.048439
0.048027
0.048834
0.049517
0.050005
0.047165
0.044796
0.042979
0.043248
0.042462
0.040834
0.041273
0.039970
0.039733
0.037489
0.037651
0.037900
0.040002
0.036609
0.041107
0.041429
0.042885
0.044315
0.035679
0.035918
0.074651
0.074769
0.075654
0.074415
0.075312
0.075546
0.073634
0.074343
0.074085
0.074043
0.074005
0.074305
0.074079
0.075876
0.073630
0.071779
0.070844
0.070311
0.070209
0.071967
0.072390
0.073562
0.072029
0.074448
0.075029
0.075961
0.076246
0.076442
0.075563
0.072653
0.073899
0.077081
0.115851
0.118130
0.103718
0.115906
0.114526
0.127537
0.128215
0.115770
0.112862
0.117812
0.111738
0.117578
0.108519
0.112630
0.100819
0.111380
0.130150
0.092374
0.086555
0.085049
0.092515
0.080671
0.094053
0.091608
0.090364
0.089075
0.079241
0.083818
0.090154
0.087501
0.092609
0.090826
0.091957
0.077279
0.091699
0.078239
0.088264
0.093800
0.093490
0.093724
0.093739
0.092369
0.095001
0.091497
0.090594
0.091956
0.076951
0.076456
0.080261
0.076809
0.082919
0.094837
0.092049
0.075458
0.096147
0.091197
0.081762
0.072367
0.073523
0.080561
0.078192
0.077458
0.085865
0.099329
0.078857
0.082410
0.098377
0.101074
0.078746
0.074829
0.077299
0.078835
0.096947
0.098695
0.075860
0.078164
0.098778
0.097470
0.074698
0.095065
0.060673
0.107840
0.089096
0.092971
0.091226
0.092451
0.094583
0.093546
0.093101
0.093219
0.093034
0.092546
0.090835
0.067607
0.065096
0.065594
0.065468
0.067686
0.067974
0.067404
0.067971
0.067480
0.067585
0.066067
0.067319
0.065001
0.064620
0.065709
0.067376
0.067140
0.065980
0.067489
0.066359
0.065878
0.065958
0.067469
0.065895
0.066390
0.066494
0.067016
0.066425
0.066916
0.066230
0.064465
0.067281
0.066361
0.065862
0.066515
0.063912
0.064005
0.064118
0.065637
0.084269
0.082944
0.081188
0.071037
0.078533
0.074218
0.071471
0.072558
0.062423
0.063861
0.063842
0.063627
0.065100
0.060555
0.075975
0.076154
0.073858
0.074149
0.074321
0.075172
0.075018
0.062922
0.060583
0.051873
0.051854
0.060946
0.082502
0.071204
0.077330
0.079391
0.084047
0.077479
0.100608
0.079540
0.080238
0.077441
0.080864
0.077824
0.073933
0.074262
0.082991
0.076265
0.082791
0.049223
0.048614
0.049057
0.048829
0.048944
0.048941
0.049358
0.049131
0.048880
0.049317
0.049002
0.048759
0.059687
0.049231
0.049809
0.049107
0.048478
0.049352
0.049100
0.049580
0.048246
0.049503
0.048874
0.048993
0.046936
0.049477
0.048672
0.047955
0.048548
0.047457
0.047050
0.047723
0.048257
0.048126
0.048235
0.048092
0.048995
0.049298
0.048686
0.048807
0.048580
0.048923
0.050318
0.048771
0.048634
0.048512
0.049098
0.049848
0.048918
0.048985
0.048377
0.049203
0.049442
0.048988
0.048809
0.049479
0.049209
0.049045
0.093004
0.092279
0.091851
0.091843
0.089232
0.084254
0.079961
0.082519
0.081858
0.082394
0.081100
0.080732
0.087472
0.087614
0.085920
0.085422
0.084954
0.091761
0.089678
0.093347
0.086118
0.085729
0.086914
0.086374
0.087650
0.088140
0.087084
0.088119
0.086961
0.087698
0.090294
0.090263
0.087607
0.087659
0.088099
0.090872
0.092354
0.094221
0.093946
0.096266
0.095394
0.096094
0.096622
0.097025
0.094511
0.069947
0.077240
0.075034
0.078639
0.078668
0.074560
0.072382
0.073854
0.070745
0.070546
0.071233
0.069605
0.071782
0.071193
0.075206
0.064640
0.072172
0.076477
0.073903
0.069950
0.076918
0.077772
0.071450
0.072048
0.068722
0.070767
0.071540
0.069364
0.068193
0.067946
0.067662
0.071732
0.067544
0.067320
0.064344
0.065624
0.065824
0.065555
0.067991
0.067654
0.066367
0.066940
0.067388
0.067626
0.066881
0.069861
0.069150
0.068756
0.069131
0.067018
0.066830
0.066986
0.066918
0.066632
0.066856
0.067532
0.068855
0.067731
0.067721
0.067786
0.067383
0.068663
0.069212
0.068806
0.068053
0.067694
0.067870
0.069253
0.067274
0.064569
0.063826
0.064652
0.065577
0.065675
0.067913
0.065171
0.066532
0.067560
0.069671
0.067748
0.065351
0.067500
0.068618
0.063942
0.064238
0.066130
0.061693
0.064871
0.063252
0.063562
0.063294
0.063236
0.063143
0.063720
0.063924
0.063510
0.064329
0.064190
0.063616
0.065628
0.065171
0.062072
0.063643
0.032136
0.032323
0.031486
0.032468
0.031095
0.031819
0.030566
0.031140
0.027787
0.028643
0.030991
0.033009
0.034280
0.029694
0.026286
0.025072
0.022641
0.022034
0.021632
0.019577
0.019758
0.017287
0.014969
0.013009
0.011741
0.010246
0.008456
0.007410
0.004721
0.005012
0.005316
0.004640
0.003980
0.003394
0.003056
0.002929
0.003028
0.003257
0.003633
0.003649
0.002958
0.002384
0.001994
0.001686
0.001588
0.000564
0.000921
0.000703
0.000915
0.001167
0.001479
0.001872
0.001953
0.001875
0.001363
0.001268
0.000935
0.000861
0.000624
0.000460
0.000321
0.000198
0.000170
0.000106
0.000046
0.000040
0.000021
0.000010
0.000000
0.000038
0.000052
