0.204542
0.204543
0.204543
0.204543
0.208743
0.209232
0.209279
0.209242
0.208399
0.209238
0.196168
0.208988
0.211675
0.209009
0.209005
0.210174
0.209407
0.209984
0.219387
0.218084
0.218423
0.211262
0.205432
0.219050
0.220909
0.258076
0.222994
0.218597
0.223536
0.217606
0.213705
0.211446
0.207717
0.205913
0.218419
0.219554
0.219080
0.210522
0.215927
0.210282
0.212671
0.216793
0.209230
0.211297
0.217738
0.217432
0.218469
0.209173
0.197137
0.196250
0.182131
0.183929
0.209008
0.208876
0.211027
0.212482
0.211282
0.211282
0.211237
0.211220
0.211662
0.209321
0.209300
0.227535
0.206814
0.216489
0.200111
0.200124
0.204134
0.201076
0.200800
0.201122
0.209639
0.209514
0.213629
0.205681
0.223011
0.220118
0.220405
0.223523
0.201615
0.205054
0.205495
0.198887
0.205811
0.232576
0.231347
0.224741
0.213207
0.211832
0.207164
0.207451
0.207559
0.198345
0.198787
0.192885
0.199943
0.200063
0.195993
0.198320
0.200042
0.200806
0.197599
0.190925
0.213553
0.212885
0.217944
0.218493
0.239441
0.224679
0.218735
0.216632
0.206332
0.206738
0.204923
0.205035
0.208456
0.206455
0.206355
0.208777
0.218484
0.217847
0.212364
0.211566
0.206897
0.205409
0.203425
0.204321
0.202492
0.202838
0.203800
0.204406
0.202465
0.216816
0.220327
0.213318
0.217124
0.175725
0.183617
0.183273
0.208947
0.196194
0.197888
0.197012
0.198188
0.200340
0.216485
0.217600
0.220984
0.220763
0.220438
0.191346
0.191671
0.191814
0.190187
0.199232
0.201750
0.196617
0.197456
0.197942
0.199828
0.197642
0.201313
0.203225
0.204683
0.219531
0.219155
0.207923
0.222355
0.220400
0.224207
0.225493
0.223600
0.224151
0.224254
0.223517
0.227359
0.227716
0.206371
0.231479
0.232171
0.230319
0.230156
0.228229
0.230748
0.230834
0.229869
0.230658
0.228943
0.229062
0.229994
0.229491
0.233343
0.232096
0.229872
0.231274
0.230288
0.227452
0.227235
0.229707
0.227440
0.227946
0.226914
0.225006
0.226434
0.226022
0.225612
0.228496
0.014051
0.012043
0.012181
0.013236
0.011992
0.015687
0.009435
0.006874
0.006815
0.006096
0.005771
0.005681
0.004717
0.006237
0.005615
0.002037
0.001462
0.001460
0.001939
0.001939
0.001590
0.001939
0.001939
0.001940
0.001590
0.001589
0.001589
0.001503
0.001503
0.001503
0.001503
0.000755
0.000008
0.000008
0.000008
0.000008
0.000007
0.000007
0.000007
0.000007
0.000007
0.000007
0.000007
0.000007
0.000007
0.000007
0.000007
0.000007
0.000006
0.000006
0.000006
0.000006
0.000006
0.000005
0.000005
0.000005
0.000005
0.000005
0.000004
0.000004
0.000000
0.170029
0.168649
0.170762
0.170670
0.170418
0.171529
0.165603
0.171065
0.171299
0.171111
0.165454
0.171102
0.171086
0.170260
0.169967
0.167146
0.162875
0.164557
0.162807
0.165552
0.166843
0.212597
0.166614
0.169764
0.165222
0.167227
0.166404
0.162429
0.165968
0.166383
0.166837
0.163436
0.163240
0.164118
0.167839
0.167255
0.164444
0.164008
0.167620
0.167978
0.164793
0.165222
0.167012
0.167599
0.164874
0.167720
0.167287
0.166869
0.166786
0.164147
0.165524
0.165760
0.166399
0.166373
0.166427
0.165656
0.166306
0.166105
0.166514
0.165786
0.120845
0.115209
0.086609
0.128064
0.113078
0.124813
0.118295
0.120815
0.120829
0.125062
0.106778
0.127159
0.128680
0.129508
0.127655
0.130543
0.107693
0.104759
0.107575
0.113140
0.116385
0.113261
0.114872
0.111705
0.117428
0.095179
0.084037
0.090111
0.084469
0.104562
0.105382
0.109644
0.111138
0.119896
0.099471
0.093429
0.121496
0.110189
0.112120
0.114120
0.089716
0.084888
0.086373
0.089659
0.090078
0.116351
0.077904
0.104676
0.109420
0.111718
0.082199
0.082867
0.066759
0.085072
0.101783
0.148511
0.150245
0.150012
0.121184
0.146412
0.121152
0.116065
0.126423
0.127650
0.130789
0.093870
0.096996
0.118528
0.094991
0.146190
0.096602
0.097975
0.147940
0.146093
0.144910
0.144671
0.144925
0.142253
0.146149
0.146057
0.114699
0.142780
0.110222
0.141354
0.141338
0.132504
0.132805
0.129026
0.146164
0.142418
0.124826
0.124172
0.120001
0.144664
0.142580
0.143692
0.140358
0.117688
0.119653
0.138462
0.116841
0.114631
0.130659
0.148067
0.138816
0.146026
0.113809
0.100471
0.132045
0.132683
0.133136
0.124909
0.116184
0.122905
0.122455
0.126668
0.124507
0.122858
0.123601
0.126036
0.127133
0.126289
0.126231
0.119484
0.122527
0.124444
0.123519
0.123502
0.126090
0.121602
0.130368
0.120158
0.101016
0.103803
0.104083
0.104992
0.108370
0.107255
0.110179
0.115248
0.129954
0.130357
0.135744
0.113973
0.115211
0.101425
0.101506
0.139670
0.135806
0.146135
0.150421
0.132998
0.133618
0.127914
0.118096
0.139919
0.117565
0.148826
0.107784
0.113279
0.114105
0.118718
0.120534
0.148432
0.144224
0.144167
0.136648
0.141120
0.136526
0.137262
0.129924
0.137405
0.139215
0.133671
0.136372
0.135772
0.133366
0.133078
0.133892
0.135312
0.134382
0.139127
0.137165
0.135967
0.135168
0.136571
0.136557
0.134061
0.136594
0.134756
0.133738
0.130807
0.128924
0.129881
0.132126
0.129580
0.134553
0.132793
0.140391
0.139837
0.139463
0.136035
0.143682
0.138414
0.150388
0.162961
0.155712
0.154816
0.151443
0.154103
0.152630
0.161755
0.167529
0.136629
0.149805
0.118281
0.119050
0.096990
0.160158
0.169792
0.127343
0.166990
0.171280
0.146625
0.123262
0.122890
0.173812
0.131794
0.160672
0.120089
0.100289
0.103926
0.099843
0.106821
0.127761
0.111543
0.104987
0.103594
0.098763
0.101299
0.100978
0.095629
0.117604
0.102111
0.101631
0.102474
0.103046
0.118100
0.101111
0.100869
0.104554
0.106886
0.099398
0.108675
0.114434
0.109746
0.087389
0.103291
0.120041
0.122384
0.103821
0.120858
0.122769
0.122400
0.219010
0.218826
0.217292
0.219727
0.218452
0.217022
0.218115
0.218746
0.214827
0.215829
0.209772
0.216160
0.214326
0.222625
0.213164
0.215075
0.216220
0.218546
0.212230
0.219007
0.223733
0.217254
0.218063
0.211953
0.213350
0.211964
0.215306
0.217010
0.211639
0.209147
0.214409
0.218625
0.221072
0.213133
0.218867
0.219364
0.070393
0.074746
0.070726
0.072275
0.072175
0.080324
0.081748
0.083550
0.109415
0.078476
0.072861
0.113480
0.085119
0.083555
0.087571
0.088865
0.090377
0.095818
0.079080
0.097631
0.071901
0.092980
0.083667
0.075943
0.073040
0.069933
0.072854
0.067959
0.074566
0.076451
0.075197
0.072845
0.075275
0.078374
0.076702
0.077680
0.071922
0.077705
0.073857
0.074101
0.074260
0.069062
0.073773
0.078521
0.070914
0.070712
0.073395
0.069494
0.082663
0.079578
0.078507
0.073781
0.077531
0.069441
0.076723
0.077298
0.070533
0.073886
0.069193
0.074913
0.073235
0.073422
0.073212
0.072941
0.073765
0.074047
0.075121
0.076231
0.076355
0.075490
0.076998
0.077484
0.075769
0.077021
0.077021
0.076164
0.075952
0.074860
0.075894
0.083806
0.076903
0.080077
0.082383
0.076290
0.077074
0.079959
0.082499
0.077940
0.077978
0.093040
0.081982
0.076776
0.078229
0.076211
0.075553
0.080331
0.093179
0.079890
0.081314
0.078940
0.080584
0.081141
0.082506
0.085597
0.096176
0.110388
0.082055
0.081063
0.080580
0.092468
0.079794
0.082487
0.083693
0.085230
0.084008
0.082206
0.086823
0.086152
0.085115
0.096354
0.111794
0.097851
0.090038
0.088998
0.086262
0.086915
0.117681
0.122145
0.099204
0.121116
0.121189
0.108041
0.089258
0.102055
0.102992
0.101164
0.089631
0.098960
0.098786
0.099207
0.112306
0.100020
0.112143
0.122336
0.120830
0.091202
0.117355
0.117781
0.117260
0.114098
0.116442
0.119299
0.100426
0.113329
0.117527
0.114455
0.097668
0.113997
0.104463
0.100034
0.101254
0.097559
0.101280
0.095986
0.095124
0.114618
0.112241
0.093015
0.094622
0.093541
0.087035
0.098732
0.096599
0.096039
0.095034
0.111380
0.113873
0.116386
0.105158
0.118575
0.103070
0.121257
0.112600
0.119246
0.105638
0.108903
0.101179
0.122162
0.121771
0.113321
0.110378
0.113722
0.113022
0.122858
0.120212
0.120639
0.116843
0.106033
0.104211
0.103733
0.102045
0.109597
0.096205
0.085691
0.097720
0.089137
0.088733
0.115730
0.105331
0.098535
0.098601
0.100876
0.108224
0.119648
0.114041
0.117052
0.119744
0.113096
0.117737
0.116040
0.105350
0.106146
0.108758
0.098273
0.096578
0.105636
0.106322
0.105929
0.103283
0.104783
0.088483
0.093801
0.103833
0.101505
0.111174
0.094256
0.117356
0.097616
0.097425
0.103509
0.099415
0.098119
0.359984
0.360220
0.358186
0.359956
0.357202
0.359620
0.359095
0.357366
0.358193
0.358017
0.356292
0.357567
0.355857
0.358629
0.359423
0.358651
0.358044
0.357159
0.356231
0.355570
0.355663
0.356874
0.353847
0.354109
0.352599
0.356778
0.356333
0.354763
0.355943
0.359937
0.359644
0.357380
0.356437
0.354702
0.356321
0.356653
0.353848
0.355014
0.355414
0.359148
0.352659
0.360581
0.360009
0.360115
0.359072
0.359791
0.358173
0.352653
0.361608
0.359793
0.357594
0.353745
0.355553
0.354849
0.356624
0.358660
0.355406
0.356887
0.354347
0.354512
0.353549
0.352754
0.355206
0.353182
0.351247
0.353053
0.353841
0.359031
0.359657
0.351193
0.353365
0.350573
0.352700
0.356067
0.357563
0.357519
0.356854
0.206954
0.206956
0.207011
0.205561
0.208079
0.209616
0.213398
0.215650
0.209220
0.210566
0.210684
0.210616
0.194850
0.195823
0.209252
0.212645
0.217175
0.214210
0.213152
0.215557
0.204349
0.216794
0.212460
0.196128
0.192650
0.214571
0.212075
0.211225
0.210726
0.204343
0.202483
0.195584
0.214870
0.210157
0.210122
0.211370
0.207098
0.210673
0.203993
0.210170
0.209161
0.214910
0.211049
0.207315
0.196849
0.197619
0.188424
0.194870
0.190808
0.196954
0.195004
0.196246
0.188809
0.197224
0.190212
0.194826
0.191519
0.200927
0.197267
0.198660
0.190881
0.192034
0.196680
0.188458
0.197232
0.188682
0.189636
0.194347
0.208886
0.209899
0.212282
0.212207
0.199849
0.199368
0.211202
0.214804
0.205007
0.212146
0.209457
0.216456
0.201697
0.203223
0.203719
0.209434
0.184263
0.184124
0.185693
0.197803
0.194989
0.189968
0.094364
0.179295
0.158822
0.130691
0.158397
0.144365
0.145628
0.137452
0.134780
0.129159
0.141917
0.140373
0.128051
0.148339
0.146053
0.154133
0.151935
0.155665
0.103718
0.109766
0.107397
0.109398
0.107660
0.106200
0.108615
0.109791
0.104179
0.108412
0.082751
0.099757
0.095847
0.142682
0.071538
0.072182
0.073163
0.105112
0.100293
0.102102
0.101040
0.074182
0.074455
0.077954
0.086226
0.114917
0.105949
0.100196
0.102555
0.103178
0.107343
0.077475
0.098215
0.113450
0.102147
0.103224
0.078901
0.076831
0.076580
0.081613
0.067253
0.066311
0.075534
0.089538
0.069722
0.072702
0.070434
0.070893
0.077864
0.080359
0.078125
0.101187
0.106328
0.116186
0.140193
0.116449
0.111781
0.119017
0.122538
0.116034
0.115579
0.121934
0.129282
0.126458
0.128077
0.123598
0.135874
0.106149
0.138693
0.161826
0.104810
0.108417
0.085778
0.093582
0.124856
0.102629
0.103957
0.088239
0.148066
0.097965
0.091458
0.083521
0.106416
0.111427
0.091983
0.093697
0.082823
0.094309
0.091536
0.103425
0.085128
0.083504
0.085544
0.102719
0.105069
0.100776
0.116639
0.094111
0.095725
0.095159
0.093809
0.074645
0.101465
0.097184
0.098346
0.096357
0.100426
0.097639
0.080188
0.100566
0.119215
0.098558
0.079285
0.075733
0.095265
0.101604
0.126501
0.123260
0.119694
0.101017
0.100961
0.078417
0.107848
0.097454
0.106855
0.070160
0.061979
0.092597
0.080539
0.069234
0.063242
0.071931
0.057061
0.070723
0.060538
0.064285
0.066373
0.066350
0.064822
0.064648
0.062912
0.068615
0.067323
0.069033
0.066372
0.067795
0.067426
0.065520
0.067201
0.066967
0.065866
0.066054
0.065947
0.067399
0.068007
0.067779
0.068031
0.069068
0.069123
0.069446
0.068558
0.067546
0.067323
0.067536
0.067747
0.067111
0.067602
0.066722
0.065454
0.063884
0.067147
0.066978
0.066926
0.062934
0.062798
0.062901
0.064221
0.064664
0.064533
0.066121
0.064463
0.063945
0.063303
0.063248
0.062258
0.062696
0.065393
0.064247
0.064727
0.063091
0.066339
0.063986
0.070393
0.061592
0.064409
0.065344
0.065214
0.065802
0.066390
0.066666
0.063938
0.070598
0.067531
0.061555
0.061051
0.058410
0.065090
0.066066
0.070371
0.071175
0.070055
0.070635
0.071455
0.057877
0.060160
0.060775
0.059910
0.062995
0.062914
0.061542
0.067008
0.064958
0.064474
0.068689
0.067377
0.109373
0.107800
0.071511
0.072011
0.070674
0.074904
0.075315
0.072813
0.066078
0.071435
0.071131
0.071737
0.070504
0.062821
0.068995
0.106439
0.103467
0.106670
0.103161
0.103147
0.075916
0.073162
0.099469
0.098868
0.099123
0.098044
0.095742
0.094169
0.092559
0.093826
0.093766
0.092127
0.092476
0.092426
0.068844
0.090259
0.100906
0.279665
0.282217
0.281482
0.281898
0.281081
0.281939
0.282073
0.281213
0.275980
0.275461
0.280778
0.281053
0.283191
0.283476
0.281692
0.283074
0.283935
0.283532
0.283203
0.278849
0.281085
0.282204
0.285044
0.281337
0.274032
0.277733
0.276349
0.278044
0.276439
0.277474
0.275948
0.278245
0.275587
0.274162
0.274610
0.277343
0.276528
0.277553
0.277572
0.277627
0.278389
0.278774
0.277818
0.278018
0.277578
0.277496
0.275340
0.276505
0.273578
0.276491
0.276498
0.275380
0.275890
0.276416
0.276487
0.278520
0.276372
0.276236
0.274763
0.276930
0.104506
0.113530
0.104175
0.109918
0.109120
0.108311
0.126003
0.118661
0.115021
0.113467
0.116056
0.106812
0.116677
0.110753
0.113816
0.100227
0.117882
0.113299
0.114664
0.112558
0.120983
0.121685
0.109696
0.114659
0.110415
0.110593
0.111154
0.108564
0.103625
0.106326
0.121795
0.107879
0.107714
0.110925
0.113123
0.112289
0.117075
0.112656
0.114526
0.111138
0.110998
0.114827
0.113980
0.112541
0.113658
0.110324
0.105416
0.105423
0.110404
0.109887
0.107821
0.108319
0.108204
0.107797
0.107892
0.107094
0.107949
0.107738
0.108865
0.108594
0.108702
0.107953
0.109319
0.109301
0.109130
0.109398
0.109099
0.107899
0.108703
0.108399
0.108773
0.108401
0.108067
0.107981
0.113704
0.114044
0.114049
0.116665
0.114312
0.116783
0.117367
0.118147
0.118333
0.114373
0.114870
0.113881
0.114122
0.113608
0.117323
0.117701
0.118227
0.106891
0.112514
0.107860
0.107289
0.108351
0.115241
0.108715
0.107176
0.104294
0.114313
0.111409
0.101927
0.105010
0.110778
0.112132
0.110002
0.111137
0.112240
0.111491
0.111239
0.101977
0.105232
0.113026
0.113840
0.102274
0.102408
0.102411
0.111191
0.101549
0.111653
0.111409
0.110412
0.111728
0.081240
0.078710
0.105545
0.104635
0.102227
0.101719
0.101031
0.100932
0.083438
0.104389
0.106029
0.104233
0.102465
0.102220
0.103536
0.105805
0.092635
0.104962
0.096679
0.077286
0.099170
0.098196
0.099110
0.100172
0.097983
0.096592
0.093086
0.095241
0.113919
0.115170
0.109978
0.115150
0.097259
0.116190
0.115441
0.114055
0.111802
0.113454
0.115525
0.098348
0.084753
0.112433
0.116162
0.095290
0.115399
0.113483
0.110928
0.092890
0.096370
0.092472
0.092127
0.095693
0.094270
0.114171
0.115529
0.114826
0.095482
0.087576
0.086679
0.086954
0.099124
0.095746
0.111212
0.104601
0.208793
0.197193
0.200217
0.195295
0.185982
0.199185
0.211734
0.196617
0.196887
0.198861
0.195084
0.206896
0.207236
0.207197
0.207103
0.205612
0.194735
0.197495
0.203637
0.194682
0.202282
0.177113
0.187204
0.181873
0.211613
0.203587
0.203997
0.180181
0.182399
0.183561
0.197790
0.197522
0.196754
0.195533
0.198989
0.203162
0.207428
0.207124
0.206743
0.197332
0.207097
0.198088
0.184035
0.199236
0.174408
0.203363
0.203073
0.209413
0.205501
0.202356
0.211319
0.211298
0.214589
0.206471
0.207608
0.205639
0.208398
0.203660
0.206838
0.211602
0.200566
0.199213
0.199284
0.206635
0.205243
0.198585
0.209451
0.211146
0.200955
0.204145
0.208996
0.205895
0.208185
0.207035
0.172706
0.206689
0.202843
0.211680
0.205437
0.205356
0.208028
0.211317
0.203410
0.202900
0.207152
0.202403
0.199631
0.208529
0.210061
0.205433
0.210231
0.211143
0.207145
0.206058
0.173272
0.174559
0.168941
0.185911
0.170005
0.168942
0.171881
0.169758
0.172103
0.169548
0.173510
0.171385
0.168205
0.172124
0.169708
0.172359
0.166573
0.169610
0.169919
0.170825
0.179090
0.169804
0.166217
0.183095
0.170314
0.169916
0.169321
0.167538
0.171718
0.173279
0.165382
0.168745
0.162975
0.311337
0.310005
0.309492
0.309396
0.307731
0.310764
0.312831
0.314520
0.312480
0.311051
0.314415
0.314108
0.310745
0.316816
0.314375
0.311566
0.311848
0.326763
0.322700
0.318567
0.323136
0.332094
0.321574
0.316121
0.324451
0.318807
0.320701
0.318188
0.321809
0.324705
0.321648
0.326591
0.322314
0.320034
0.317568
0.325575
0.320957
0.322988
0.321597
0.329337
0.330112
0.329477
0.330822
0.324507
0.314593
0.316624
0.325353
0.325744
0.326167
0.324848
0.324531
0.325270
0.323791
0.323472
0.085577
0.071341
0.077869
0.077837
0.080506
0.100007
0.109335
0.108707
0.108666
0.101714
0.109993
0.108205
0.107561
0.107988
0.105773
0.105222
0.079831
0.107656
0.110130
0.079120
0.079746
0.107916
0.109774
0.081359
0.071939
0.098965
0.074476
0.082021
0.073912
0.085016
0.079693
0.084460
0.078804
0.082618
0.083015
0.081486
0.079099
0.092550
0.110472
0.108099
0.079598
0.081874
0.083972
0.084755
0.081713
0.108669
0.073166
0.072853
0.077092
0.114431
0.110870
0.110741
0.207973
0.212763
0.209733
0.212260
0.213300
0.211939
0.212143
0.210791
0.215636
0.215188
0.215246
0.193606
0.192153
0.192726
0.210972
0.213766
0.211631
0.210515
0.193947
0.194147
0.191177
0.195078
0.194490
0.195068
0.194316
0.209906
0.209593
0.210222
0.208541
0.197056
0.218921
0.223272
0.092006
0.091694
0.082702
0.090042
0.118813
0.133543
0.136582
0.156597
0.163105
0.161993
0.168960
0.170887
0.171570
0.170630
0.171848
0.171023
0.173547
0.173847
0.172796
0.170951
0.203375
0.203991
0.201098
0.201480
0.191414
0.202566
0.201690
0.201431
0.204439
0.202847
0.176344
0.177157
0.187819
0.168576
0.206347
0.186885
0.167670
0.170694
0.175114
0.190474
0.173089
0.197862
0.194823
0.191100
0.187524
0.185051
0.199119
0.195456
0.172273
0.150442
0.195414
0.195729
0.192079
0.195464
0.186080
0.178722
0.195806
0.196149
0.194725
0.194962
0.195867
0.187028
0.174578
0.195041
0.176609
0.188358
0.185332
0.187695
0.189595
0.186318
0.193937
0.187925
0.192873
0.193714
0.186249
0.193395
0.179900
0.192757
0.191668
0.144092
0.147418
0.142188
0.141112
0.137306
0.135144
0.131855
0.123356
0.125301
0.101737
0.106005
0.076078
0.106159
0.091108
0.086445
0.071690
0.051131
0.041864
0.065790
0.039056
0.081694
0.071996
0.054159
0.047380
0.046268
0.031128
0.040318
0.035080
0.033886
0.037291
0.039186
0.034456
0.036070
0.036789
0.032492
0.032904
0.027660
0.028259
0.028430
0.026864
0.026355
0.026373
0.025990
0.026939
0.026316
0.026366
0.023947
0.025385
0.029493
0.021855
0.021280
0.025104
0.024412
0.023716
0.024134
0.027213
0.025883
0.019025
0.019535
0.023407
0.021283
0.019823
0.019523
0.020142
0.020202
0.018879
0.018762
0.018607
0.019116
0.019337
0.018267
0.015653
0.015243
0.017366
0.014902
0.015841
0.014717
0.014530
0.014337
0.014180
0.013250
0.013023
0.012861
0.012838
0.014058
0.015265
0.015023
0.015306
0.014926
0.015843
0.015646
0.015912
0.016707
0.016354
0.016591
0.017141
0.016888
0.018860
0.018437
0.019788
0.019047
0.019969
0.019204
0.018919
0.019425
0.019752
0.021957
0.023181
0.024783
0.021275
0.020663
0.020382
0.021250
0.021051
0.020841
0.021734
0.021755
0.023133
0.025673
0.027108
0.023506
0.023542
0.024265
0.024430
0.026156
0.026330
0.027442
0.025663
0.027553
0.028672
0.030032
0.030350
0.030566
0.034867
0.037942
0.038746
0.040412
0.039255
0.040339
0.038421
0.042807
0.045866
0.047910
0.052578
0.051572
0.049097
0.049151
0.049379
0.052169
0.052569
0.055166
0.056416
0.057938
0.057103
0.057057
0.060381
0.062404
0.060293
0.061439
0.063614
0.065241
0.066614
0.392358
0.392190
0.391685
0.372479
0.377081
0.376678
0.274990
0.274904
0.278429
0.278097
0.277079
0.277076
0.287904
0.289177
0.287175
0.283396
0.283530
0.283654
0.282958
0.283863
0.284252
0.344658
0.344597
0.345621
0.277344
0.276648
0.277620
0.280395
0.280234
0.280065
0.281572
0.281666
0.281157
0.281484
0.278049
0.279140
0.279002
0.279435
0.279467
0.279382
0.280691
0.280554
0.280700
0.280976
0.280649
0.280842
0.280879
0.281048
0.281040
0.281151
0.334068
0.281151
0.333974
0.281175
0.107688
0.086583
0.109415
0.098258
0.101726
0.096511
0.091001
0.095597
0.096037
0.094866
0.094984
0.094476
0.093645
0.094558
0.095837
0.101203
0.101778
0.101820
0.101774
0.110581
0.111360
0.112633
0.102762
0.104261
0.112949
0.102949
0.124684
0.113430
0.103113
0.101534
0.102337
0.101584
0.102186
0.104080
0.103152
0.110566
0.109483
0.094027
0.100110
0.107950
0.107646
0.096569
0.067907
0.097332
0.098745
0.067193
0.067615
0.077426
0.097132
0.061197
0.105119
0.067581
0.068551
0.062691
0.073452
0.098191
0.068501
0.062766
0.092951
0.091221
0.094247
0.062921
0.061096
0.090607
0.073101
0.070880
0.064775
0.092466
0.101523
0.133793
0.096854
0.106370
0.102521
0.072689
0.105373
0.069909
0.100368
0.101763
0.104986
0.101720
0.101829
0.099691
0.073898
0.072614
0.072436
0.070730
0.074219
0.074647
0.074216
0.074987
0.067041
0.102930
0.072074
0.269670
0.271175
0.271523
0.271556
0.271573
0.270037
0.271104
0.270535
0.270998
0.250081
0.244308
0.244216
0.243064
0.271276
0.270079
0.269865
0.274366
0.274339
0.272105
0.273588
0.273299
0.274093
0.271470
0.263778
0.274290
0.268714
0.271410
0.271606
0.273867
0.267415
0.283076
0.267805
0.270447
0.266963
0.265801
0.287948
0.284633
0.310456
0.308035
0.306692
0.305543
0.290971
0.251970
0.274906
0.270115
0.284819
0.287765
0.290864
0.246775
0.295374
0.298181
0.249675
0.185550
0.184616
0.184259
0.270407
0.277293
0.272403
0.272613
0.272379
0.271763
0.267517
0.270975
0.268828
0.270284
0.265275
0.265792
0.280630
0.277779
0.274445
0.276461
0.276569
0.280256
0.282086
0.283276
0.280817
0.291155
0.292457
0.298355
0.292041
0.288427
0.292043
0.293165
0.305713
0.294603
0.296770
0.283345
0.284060
0.287945
0.291978
0.297608
0.293488
0.292120
0.304518
0.281725
0.291331
0.307842
0.294159
0.235503
0.180379
0.235693
0.238158
0.238300
0.183938
0.237655
0.238492
0.238691
0.237480
0.234675
0.233898
0.230523
0.239388
0.231515
0.235172
0.235310
0.179455
0.178017
0.181164
0.240738
0.231714
0.180439
0.181603
0.225326
0.233052
0.234951
0.235835
0.206063
0.205320
0.232112
0.235562
0.234330
0.239171
0.236985
0.180178
0.178938
0.180606
0.170575
0.175990
0.176742
0.185884
0.208502
0.173649
0.203074
0.148647
0.150131
0.148706
0.143357
0.165797
0.156967
0.149415
0.168800
0.158744
0.151565
0.147369
0.155938
0.139940
0.143566
0.141962
0.146174
0.137498
0.137015
0.142248
0.143627
0.152146
0.188439
0.148411
0.149470
0.148927
0.144698
0.155841
0.155708
0.153992
0.153153
0.150556
0.150744
0.180230
0.160964
0.193167
0.203071
0.208922
0.238920
0.189497
0.188681
0.185314
0.191449
0.190543
0.196315
0.186737
0.188569
0.187975
0.214467
0.207638
0.206950
0.195569
0.194153
0.180570
0.174383
0.179801
0.176893
0.179037
0.183299
0.185685
0.189173
0.151833
0.249085
0.238750
0.152020
0.148007
0.141166
0.235641
0.237675
0.231151
0.231196
0.234978
0.234410
0.247018
0.232370
0.244887
0.234282
0.208972
0.235332
0.200266
0.198856
0.248860
0.250517
0.243120
0.242137
0.241127
0.251702
0.201405
0.201305
0.207210
0.209070
0.208931
0.208557
0.209838
0.208295
0.208417
0.207826
0.204966
0.202870
0.199197
0.198862
0.202850
0.200621
0.205555
0.231772
0.231595
0.232921
0.207995
0.206635
0.206258
0.232031
0.303992
0.274535
0.249900
0.285371
0.266647
0.278140
0.277318
0.276841
0.276519
0.272320
0.280854
0.277047
0.280561
0.281781
0.285574
0.298420
0.294694
0.290704
0.280043
0.275722
0.284077
0.283435
0.282420
0.252863
0.246462
0.250354
0.267810
0.283540
0.279055
0.243534
0.240875
0.246639
0.246798
0.299267
0.314188
0.301554
0.301816
0.344240
0.365887
0.376588
0.393053
0.368715
0.384097
0.383555
0.360602
0.437761
0.445119
0.463727
0.461378
0.441212
0.422332
0.416538
0.450728
0.419116
0.426083
0.407985
0.414173
0.397605
0.411347
0.411771
0.391373
0.399931
0.407675
0.406912
0.375768
0.365715
0.363465
0.371635
0.373402
0.324522
0.324399
0.332332
0.347182
0.340873
0.235348
0.205453
0.215016
0.191471
0.196733
0.202297
0.193478
0.203527
0.327558
0.355616
0.310993
0.312807
0.330490
0.324747
0.300101
0.312858
0.322031
0.296294
0.317405
0.320727
0.311779
0.274264
0.270592
0.296042
0.280575
0.286431
0.290263
0.286428
0.283114
0.281812
0.279365
0.279175
0.278966
0.271161
0.270058
0.268354
0.268501
0.267806
0.268002
0.257227
0.265543
0.261517
0.262814
0.260823
0.260809
0.257322
0.259116
0.256311
0.257577
0.258587
0.257741
0.241179
0.241283
0.246813
0.251613
0.243487
0.243187
0.239640
0.244499
0.246055
0.245166
0.242107
0.246490
0.246777
0.245351
0.244506
0.244470
0.244194
0.244177
0.242048
0.240367
0.241644
0.241927
0.241928
0.240569
0.243562
0.244088
0.241067
0.238695
0.241656
0.244536
0.241805
0.240652
0.243482
0.241700
0.242703
0.239851
0.242667
0.243047
0.242735
0.242185
0.241087
0.241210
0.240813
0.233174
0.232781
0.231916
0.233243
0.229146
0.228480
0.228183
0.228978
0.230499
0.228930
0.231210
0.231407
0.230081
0.232877
0.233795
0.237638
0.215597
0.219304
0.238389
0.242777
0.236016
0.243420
0.234133
0.235964
0.236665
0.237011
0.219341
0.221707
0.220024
0.221136
0.217795
0.219382
0.220041
0.218176
0.235772
0.237284
0.236445
0.235411
0.235354
0.217403
0.217475
0.230795
0.217710
0.218350
0.219446
0.219051
0.218616
0.219841
0.219007
0.220155
0.221582
0.220468
0.220263
0.218205
0.219687
0.219812
0.219436
0.221311
0.195409
0.194721
0.193395
0.196559
0.197538
0.196198
0.202043
0.159897
0.152784
0.181873
0.186440
0.166692
0.129592
0.120740
0.162519
0.220064
0.215033
0.163864
0.168467
0.153938
0.142385
0.142026
0.133766
0.108391
0.151671
0.152604
0.183166
0.183112
0.175267
0.179927
0.176705
0.178659
0.191899
0.178536
0.180306
0.181713
0.181178
0.180875
0.179249
0.172508
0.179723
0.177840
0.177906
0.146293
0.223504
0.164695
0.146583
0.193900
0.198432
0.174696
0.236371
0.187665
0.174880
0.164566
0.208556
0.218294
0.189409
0.217627
0.190935
0.179702
0.185521
0.180046
0.185059
0.192845
0.181939
0.181870
0.176812
0.179082
0.193589
0.177553
0.190793
0.190280
0.182744
0.183472
0.194994
0.175013
0.182960
0.190286
0.178522
0.190233
0.200178
0.187691
0.181103
0.186371
0.191960
0.175473
0.175174
0.171548
0.192397
0.192993
0.188240
0.191296
0.190519
0.186474
0.182286
0.182591
0.181137
0.206392
0.203562
0.205463
0.204962
0.205031
0.204381
0.204812
0.205114
0.204528
0.203873
0.206200
0.206387
0.206614
0.204565
0.206141
0.204525
0.205008
0.205588
0.209088
0.205061
0.207074
0.205200
0.204580
0.204602
0.205555
0.204290
0.204288
0.204702
0.205134
0.207541
0.205344
0.206865
0.200626
0.204368
0.206249
0.205202
0.205360
0.205459
0.207839
0.207490
0.206731
0.205617
0.205561
0.205347
0.207520
0.207112
0.206956
0.206888
0.206547
0.207703
0.207575
0.207004
0.206513
0.207122
0.206439
0.206935
0.206653
0.206464
0.207024
0.206833
0.207267
0.206178
0.206666
0.206281
0.206198
0.206263
0.203312
0.206085
0.204187
0.207130
0.205411
0.206134
0.204204
0.204510
0.206513
0.206480
0.206834
0.207295
0.205300
0.203938
0.207199
0.205958
0.204823
0.207422
0.204862
0.206868
0.207303
0.206643
0.205642
0.206782
0.206645
0.205345
0.206201
0.204982
0.204977
0.205198
0.202728
0.203167
0.206684
0.200253
0.204370
0.200693
0.202632
0.207256
0.205348
0.204684
0.205507
0.201622
0.201930
0.201511
0.203586
0.204665
0.203602
0.204087
0.203762
0.204775
0.204275
0.201123
0.204208
0.205866
0.198379
0.198436
0.198385
0.198481
0.198486
0.198370
0.198420
0.198412
0.198278
0.198301
0.198280
0.198301
0.198279
0.198275
0.198275
0.198275
0.198275
0.198275
0.198275
0.198275
0.198275
0.198276
0.198275
0.198275
0.198275
0.198276
0.198278
0.198276
0.198287
0.198278
0.198275
0.198275
0.198274
0.198445
0.198443
0.198444
0.198443
0.198454
0.198454
0.198453
0.198453
0.198384
0.218574
0.218854
0.218857
0.218854
0.218850
0.218857
0.218868
0.218841
0.218856
0.218856
0.218852
0.218853
0.218850
0.218850
0.218850
0.218850
0.218850
0.218850
0.218850
0.216446
0.218793
0.218733
0.218847
0.218828
0.218773
0.218762
0.218733
0.218688
0.218651
0.218716
0.218504
0.218760
0.218811
0.218789
0.216426
0.218805
0.218780
0.218801
0.218707
0.216313
0.218720
0.218823
0.218820
0.216241
0.218639
0.218637
0.218637
0.218637
0.218815
0.218801
0.218646
0.218699
0.218571
0.218456
0.218704
0.218770
0.216311
0.216319
0.216334
0.218764
0.218767
0.218762
0.218762
0.218764
0.218766
0.218764
0.218764
0.218751
0.218751
0.218751
0.218750
0.218750
0.218750
0.218750
0.218750
0.218750
0.218729
0.218475
0.173466
0.226911
0.161913
0.205644
0.205045
0.186178
0.174514
0.146985
0.145994
0.144299
0.156273
0.181077
0.193284
0.168189
0.164949
0.179731
0.164829
0.184252
0.175443
0.168585
0.164685
0.160426
0.159339
0.204815
0.209277
0.198351
0.184598
0.178490
0.180187
0.187486
0.195602
0.190424
0.191830
0.191754
0.172484
0.193372
0.195640
0.180217
0.188864
0.187324
0.177689
0.187086
0.182994
0.189711
0.180583
0.191573
0.192565
0.194277
0.192630
0.174851
0.174298
0.174252
0.174335
0.174881
0.174484
0.174680
0.174623
0.176269
0.167920
0.178995
0.186532
0.185226
0.187145
0.186106
0.187770
0.184241
0.189227
0.191652
0.199494
0.202159
0.184831
0.189676
0.186555
0.177145
0.179587
0.190677
0.189625
0.188451
0.182452
0.180522
0.180142
0.179985
0.178293
0.180878
0.182054
0.179184
0.179738
0.176342
0.176141
0.182119
0.182191
0.179956
0.181280
0.183406
0.179716
0.175142
0.184360
0.184309
0.179120
0.179039
0.183426
0.182176
0.182821
0.181624
0.174902
0.167672
0.170790
0.178440
0.178575
0.178747
0.170440
0.171197
0.171059
0.176768
0.168365
0.176237
0.177274
0.176072
0.176290
0.177617
0.176488
0.176327
0.176741
0.176518
0.176711
0.162570
0.162732
0.176745
0.176823
0.176194
0.170990
0.172696
0.176869
0.173438
0.177242
0.149320
0.151458
0.162936
0.161517
0.163472
0.164691
0.172325
0.183824
0.156378
0.179754
0.181589
0.177851
0.177074
0.175667
0.157627
0.156435
0.174456
0.174575
0.176597
0.176032
0.176480
0.177407
0.176776
0.177784
0.166555
0.174560
0.176037
0.174704
0.173974
0.175008
0.175034
0.175206
0.183867
0.182812
0.181808
0.174462
0.181049
0.180673
