0.409797
0.409797
0.372521
0.339166
0.295050
0.259940
0.218810
0.189503
0.159390
0.126665
0.106035
0.084173
0.083364
0.083339
0.083466
0.083782
0.084003
0.083432
0.083665
0.083647
0.083904
0.083757
0.083780
0.083826
0.084093
0.083923
0.084271
0.083593
0.083008
0.082868
0.082960
0.083127
0.083108
0.083108
0.083101
0.083126
0.083063
0.083063
0.083125
0.083096
0.082682
0.078504
0.077513
0.084421
0.082811
0.093993
0.096426
0.103681
0.091632
0.097674
0.094622
0.093225
0.095756
0.097828
0.094950
0.111673
0.100190
0.103353
0.091876
0.091363
0.098917
0.100531
0.094020
0.102002
0.100323
0.105639
0.098896
0.102664
0.102224
0.103977
0.099807
0.101548
0.102654
0.105712
0.097883
0.096721
0.096103
0.096624
0.098014
0.098777
0.099590
0.096237
0.099487
0.099842
0.094027
0.096750
0.097403
0.099848
0.105625
0.101556
0.100607
0.102393
0.095301
0.095488
0.104820
0.104288
0.094485
0.098949
0.105133
0.098675
0.105663
0.099816
0.097819
0.103702
0.101986
0.095664
0.097410
0.096045
0.098152
0.094481
0.100528
0.103745
0.095982
0.098224
0.098389
0.097324
0.096738
0.103262
0.097462
0.103487
0.095449
0.095492
0.095502
0.099572
0.104299
0.095504
0.084091
0.086731
0.087728
0.089367
0.095289
0.096104
0.094460
0.096313
0.096092
0.094212
0.092718
0.096489
0.095122
0.098071
0.097262
0.097783
0.095253
0.095429
0.096769
0.096500
0.094990
0.095302
0.094513
0.095719
0.096384
0.096539
0.096959
0.096680
0.097858
0.096607
0.096577
0.098004
0.094884
0.096507
0.094796
0.095789
0.096565
0.094224
0.095801
0.094574
0.095776
0.095994
0.095678
0.094481
0.095034
0.093927
0.096744
0.096076
0.098766
0.096004
0.096032
0.096691
0.095197
0.095691
0.092497
0.096478
0.094142
0.093727
0.093277
0.095375
0.094887
0.096162
0.093573
0.093844
0.095562
0.092312
0.094728
0.092269
0.093220
0.092899
0.093285
0.093255
0.095161
0.094201
0.092814
0.094856
0.095207
0.095754
0.093490
0.094997
0.093837
0.094462
0.094931
0.094877
0.094396
0.093958
0.094519
0.091959
0.091378
0.092835
0.094638
0.094937
0.096696
0.094205
0.092398
0.092641
0.094236
0.095318
0.094527
0.093985
0.093305
0.094431
0.096934
0.094679
0.094416
0.099693
0.092654
0.095324
0.093830
0.094806
0.093770
0.097966
0.094362
0.098906
0.096097
0.095786
0.097202
0.097342
0.096074
0.096103
0.092890
0.094082
0.094644
0.096006
0.093573
0.096537
0.096962
0.096099
0.094948
0.096379
0.096571
0.096595
0.094393
0.096103
0.093574
0.095716
0.096058
0.096370
0.097580
0.096921
0.096952
0.098062
0.096104
0.095017
0.096711
0.097394
0.096129
0.095784
0.095896
0.097264
0.095758
0.094826
0.099117
0.093778
0.099712
0.101858
0.092823
0.097700
0.091028
0.090036
0.093702
0.093689
0.094045
0.093937
0.099310
0.094979
0.096482
0.104491
0.096358
0.097866
0.100540
0.096983
0.088407
0.087870
0.089028
0.088900
0.087481
0.086226
0.086353
0.086995
0.087633
0.088321
0.087958
0.090564
0.089474
0.090080
0.091337
0.094106
0.092160
0.089794
0.089805
0.089490
0.090094
0.094118
0.091466
0.096278
0.091442
0.090615
0.091639
0.090881
0.092128
0.092546
0.092787
0.092318
0.092334
0.094278
0.087805
0.091052
0.091384
0.094467
0.095387
0.093615
0.094629
0.091738
0.092217
0.091882
0.092169
0.091257
0.093315
0.091615
0.093444
0.096892
0.092469
0.093079
0.094164
0.095454
0.096088
0.091340
0.092043
0.092961
0.091407
0.004309
0.004245
0.004226
0.003925
0.003890
0.003952
0.003769
0.003643
0.003709
0.003562
0.003282
0.003337
0.003087
0.002909
0.003005
0.002828
0.002875
0.002676
0.002531
0.002558
0.002364
0.002186
0.002192
0.002013
0.002140
0.001934
0.001760
0.001685
0.001907
0.001657
0.001621
0.001732
0.001335
0.001372
0.001522
0.001229
0.001209
0.001348
0.001056
0.001040
0.001191
0.000913
0.000993
0.001070
0.000797
0.000931
0.000899
0.000666
0.000930
0.000684
0.000675
0.000913
0.000547
0.000828
0.000529
0.000454
0.000764
0.000342
0.000530
0.000506
0.000287
0.000648
0.000265
0.000262
0.000494
0.000119
0.000275
0.000249
0.000000
0.044795
0.044691
0.050590
0.046438
0.045641
0.049741
0.049286
0.047543
0.046791
0.051574
0.051638
0.053436
0.053225
0.052326
0.054173
0.055607
0.054472
0.054217
0.049624
0.051235
0.052390
0.050651
0.052206
0.051492
0.048244
0.052448
0.053327
0.054921
0.055234
0.052476
0.055045
0.054237
0.053642
0.054601
0.054703
0.054129
0.053918
0.048110
0.048522
0.052906
0.052339
0.053657
0.053718
0.049312
0.051250
0.049165
0.049307
0.049868
0.052198
0.052003
0.049289
0.050527
0.053023
0.050695
0.051994
0.049064
0.046302
0.046957
0.048660
0.049923
0.045375
0.047627
0.048060
0.054912
0.048998
0.048879
0.060267
0.059623
0.058621
0.060711
0.061285
0.066003
0.066940
0.057148
0.058676
0.058818
0.058545
0.058493
0.057144
0.057449
0.058478
0.060380
0.060123
0.061676
0.057186
0.056605
0.055196
0.060249
0.058521
0.058315
0.059639
0.057980
0.059344
0.068988
0.055589
0.055941
0.059977
0.057337
0.055278
0.068066
0.067370
0.060178
0.056003
0.057266
0.057919
0.056878
0.056775
0.054979
0.058666
0.056203
0.056679
0.056821
0.056176
0.060005
0.060987
0.054031
0.058230
0.057210
0.057485
0.061210
0.062318
0.060127
0.063403
0.061728
0.059431
0.056287
0.055937
0.055488
0.057121
0.059175
0.057157
0.055683
0.056152
0.055829
0.055732
0.055699
0.055392
0.057069
0.062013
0.060179
0.063342
0.056990
0.052947
0.054475
0.054457
0.057580
0.060522
0.057839
0.060276
0.054551
0.054573
0.054414
0.058566
0.058334
0.066902
0.059061
0.059949
0.055604
0.056439
0.057728
0.063909
0.058502
0.058090
0.092377
0.090200
0.091934
0.092440
0.092954
0.093961
0.094780
0.094634
0.093758
0.094386
0.094100
0.093455
0.093589
0.093723
0.093121
0.092330
0.092329
0.092620
0.092652
0.092898
0.093484
0.093858
0.091451
0.093365
0.092945
0.091523
0.093167
0.092869
0.093023
0.093803
0.092182
0.093125
0.092029
0.093206
0.094506
0.092018
0.093792
0.092501
0.093452
0.095004
0.096322
0.099468
0.101247
0.101538
0.102073
0.098814
0.098272
0.095293
0.093658
0.092572
0.095846
0.094459
0.099664
0.102488
0.101499
0.097180
0.093767
0.093598
0.093501
0.097588
0.097367
0.100051
0.095234
0.093683
0.091331
0.091956
0.095566
0.091861
0.095212
0.098113
0.092344
0.092596
0.092304
0.090366
0.091161
0.092057
0.091579
0.096772
0.093497
0.093108
0.092569
0.093128
0.091412
0.094137
0.093079
0.094502
0.094577
0.094067
0.093555
0.092972
0.093016
0.093971
0.092312
0.092385
0.093076
0.093275
0.092167
0.092919
0.096122
0.091770
0.092309
0.092248
0.093707
0.091410
0.092460
0.092144
0.093855
0.094732
0.093726
0.092862
0.093442
0.093731
0.093390
0.093190
0.094757
0.059962
0.060299
0.060385
0.059820
0.053926
0.055270
0.052838
0.050397
0.052542
0.059381
0.060653
0.061602
0.061893
0.055179
0.052197
0.050926
0.053079
0.051457
0.060228
0.053694
0.052765
0.053088
0.052765
0.055963
0.055633
0.053747
0.050252
0.052150
0.053088
0.053638
0.053760
0.054313
0.056914
0.057976
0.054979
0.053298
0.050716
0.060773
0.060588
0.050248
0.055232
0.056476
0.055206
0.052550
0.050344
0.060521
0.059966
0.059348
0.059420
0.052987
0.053228
0.055298
0.050756
0.048075
0.056011
0.055717
0.057369
0.057765
0.051017
0.052745
0.055152
0.053122
0.049740
0.043652
0.049765
0.057249
0.046241
0.049157
0.055208
0.053317
0.049261
0.044343
0.050651
0.049084
0.058876
0.060055
0.051582
0.050451
0.050715
0.045290
0.050215
0.050519
0.060103
0.051623
0.054935
0.056238
0.051907
0.061172
0.058877
0.064423
0.064560
0.062324
0.059248
0.059238
0.068527
0.055179
0.063612
0.092895
0.092233
0.093051
0.091034
0.094707
0.093969
0.093903
0.094601
0.093550
0.094530
0.093955
0.093761
0.095047
0.094820
0.094759
0.093884
0.093234
0.094382
0.093070
0.092943
0.096760
0.096029
0.095611
0.098144
0.099329
0.098551
0.098660
0.096931
0.097279
0.098227
0.101084
0.102224
0.101756
0.098434
0.101651
0.098206
0.101247
0.098065
0.097867
0.102276
0.101967
0.101276
0.097819
0.102595
0.103410
0.097656
0.096137
0.096917
0.095929
0.096021
0.093836
0.093599
0.092118
0.095926
0.095288
0.094582
0.093889
0.094221
0.094168
0.094872
0.095786
0.095735
0.095861
0.098468
0.098145
0.098440
0.097607
0.094736
0.093588
0.092170
0.092533
0.096771
0.097712
0.097127
0.095250
0.091663
0.093437
0.095172
0.094357
0.096112
0.096469
0.098351
0.099020
0.096943
0.098000
0.099579
0.095205
0.095781
0.095279
0.095369
0.096037
0.098011
0.097195
0.100859
0.094526
0.094851
0.093850
0.091294
0.092677
0.097014
0.094437
0.098852
0.096669
0.094499
0.094581
0.094872
0.093272
0.059329
0.061533
0.059838
0.065841
0.058644
0.060391
0.060637
0.046561
0.058598
0.061275
0.063041
0.066392
0.057732
0.060991
0.067752
0.059679
0.060405
0.063893
0.062923
0.072882
0.069344
0.058683
0.059127
0.063878
0.064587
0.061884
0.065419
0.065323
0.064642
0.063440
0.059739
0.062085
0.063188
0.063804
0.063654
0.062119
0.062308
0.060972
0.059249
0.064979
0.062696
0.059714
0.061649
0.064188
0.064863
0.064395
0.064537
0.066189
0.068884
0.068236
0.063849
0.067377
0.066018
0.065787
0.066254
0.068094
0.068613
0.066474
0.070334
0.065255
0.091912
0.092852
0.093027
0.094300
0.094357
0.094156
0.091576
0.092349
0.093698
0.093577
0.093124
0.093689
0.093248
0.093108
0.093104
0.092385
0.093110
0.093601
0.095489
0.093566
0.094395
0.094778
0.091579
0.093223
0.093784
0.093054
0.094281
0.092015
0.093111
0.092291
0.093225
0.092308
0.093614
0.093922
0.093232
0.094835
0.093151
0.094695
0.094423
0.095267
0.095250
0.093957
0.094162
0.095738
0.094865
0.095572
0.096351
0.097100
0.098758
0.097354
0.096823
0.097024
0.097122
0.095268
0.095521
0.095649
0.095443
0.094350
0.097501
0.097018
0.096670
0.095941
0.095676
0.096361
0.095975
0.096021
0.094971
0.098111
0.097393
0.095472
0.093961
0.093885
0.098541
0.094298
0.103105
0.097114
0.098875
0.101000
0.097167
0.097457
0.095921
0.100420
0.100612
0.100157
0.097970
0.096256
0.096372
0.096763
0.093453
0.093287
0.092887
0.095030
0.097563
0.099109
0.096412
0.095966
0.095453
0.091589
0.093118
0.097184
0.097702
0.101692
0.095727
0.097420
0.090389
0.094946
0.092490
0.094020
0.102720
0.097045
0.099788
0.093046
0.091062
0.092835
0.092094
0.090938
0.092959
0.092587
0.098242
0.098539
0.099351
0.097726
0.099105
0.100866
0.099488
0.093835
0.093980
0.091377
0.098906
0.093123
0.094043
0.095122
0.092539
0.093453
0.088608
0.097736
0.098526
0.096722
0.097287
0.092303
0.088635
0.089511
0.090542
0.093510
0.097724
0.095995
0.096795
0.090338
0.092154
0.091713
0.098238
0.090888
0.090690
0.097479
0.089085
0.093975
0.093007
0.092708
0.095086
0.094605
0.092424
0.091143
0.097639
0.090387
0.092956
0.093621
0.093391
0.091593
0.092859
0.092677
0.093785
0.093436
0.095471
0.092474
0.092550
0.103025
0.102711
0.090112
0.092704
0.097065
0.091894
0.090460
0.091790
0.089620
0.091050
0.092255
0.053029
0.060883
0.051166
0.056590
0.056933
0.055316
0.047030
0.045452
0.051930
0.056040
0.058399
0.058972
0.056579
0.055872
0.058403
0.064088
0.056859
0.058700
0.061533
0.063827
0.054302
0.057603
0.060914
0.058817
0.056222
0.063989
0.057808
0.065391
0.058151
0.058742
0.065417
0.068975
0.076818
0.071933
0.064400
0.065261
0.062518
0.063108
0.065016
0.046877
0.038310
0.043965
0.089179
0.088672
0.088258
0.095321
0.097328
0.102992
0.098920
0.100340
0.099543
0.107358
0.107158
0.095445
0.098814
0.097361
0.090620
0.094424
0.095527
0.100959
0.100037
0.095988
0.098629
0.097778
0.094409
0.105141
0.103438
0.106613
0.098584
0.096290
0.098398
0.094273
0.099740
0.094124
0.104570
0.100664
0.093524
0.093852
0.101094
0.105537
0.094111
0.100699
0.100305
0.098154
0.097891
0.102702
0.101307
0.099503
0.097854
0.097926
0.097324
0.098474
0.097406
0.102380
0.102079
0.102260
0.101996
0.104138
0.103572
0.104566
0.104495
0.112793
0.115750
0.113971
0.112915
0.112109
0.112093
0.112627
0.112319
0.112703
0.102555
0.112710
0.103936
0.114780
0.112655
0.114695
0.112410
0.114356
0.099986
0.111080
0.096829
0.096553
0.095143
0.096728
0.097080
0.096957
0.096404
0.096982
0.096721
0.096948
0.098120
0.097774
0.096900
0.098486
0.098389
0.097082
0.098667
0.097571
0.097393
0.097601
0.098021
0.093648
0.101489
0.094028
0.093719
0.099865
0.107034
0.100253
0.095298
0.096380
0.048309
0.050415
0.058736
0.052164
0.048221
0.046895
0.060240
0.059502
0.059939
0.050663
0.051293
0.048693
0.048264
0.049703
0.049778
0.049766
0.051671
0.050907
0.051141
0.047206
0.048368
0.047691
0.048879
0.049902
0.051019
0.053275
0.052625
0.053308
0.050916
0.053944
0.048582
0.050120
0.048998
0.052374
0.054299
0.055765
0.048745
0.051777
0.051821
0.053879
0.052791
0.045381
0.047116
0.044480
0.043761
0.046579
0.041831
0.042750
0.095347
0.101430
0.099652
0.098941
0.098512
0.093995
0.094556
0.093845
0.093907
0.095897
0.095547
0.094551
0.094350
0.093569
0.093649
0.096170
0.095474
0.093913
0.095379
0.094416
0.094170
0.094226
0.093630
0.093969
0.093798
0.093771
0.094109
0.093808
0.093164
0.093864
0.093462
0.092957
0.093646
0.092348
0.092692
0.093904
0.093112
0.093929
0.093951
0.093603
0.092344
0.091833
0.089912
0.090464
0.092948
0.097877
0.101641
0.096346
0.098514
0.099649
0.102398
0.100807
0.102427
0.102503
0.091664
0.094778
0.101763
0.098073
0.098039
0.104648
0.104029
0.104990
0.113039
0.112945
0.113091
0.103475
0.111944
0.116968
0.117679
0.112415
0.111409
0.111875
0.112057
0.112255
0.112389
0.110628
0.111456
0.113189
0.112725
0.117164
0.111284
0.111836
0.111666
0.110233
0.116540
0.115904
0.107838
0.116437
0.114492
0.114275
0.101603
0.102861
0.115098
0.114407
0.106105
0.106876
0.106440
0.105724
0.106267
0.106295
0.106104
0.105923
0.105990
0.105170
0.116017
0.116181
0.115658
0.108389
0.115088
0.108154
0.106206
0.106201
0.107842
0.105503
0.105419
0.101483
0.103097
0.104088
0.105003
0.104945
0.104935
0.104349
0.103567
0.102760
0.102611
0.102240
0.103173
0.103419
0.103397
0.103638
0.103940
0.104208
0.102990
0.103103
0.103210
0.103438
0.104062
0.102411
0.103574
0.103403
0.103501
0.103446
0.100488
0.049941
0.048273
0.049434
0.051684
0.050753
0.050775
0.055665
0.051528
0.052571
0.048428
0.049618
0.050550
0.047282
0.047514
0.047540
0.043426
0.044804
0.044610
0.045585
0.046526
0.046259
0.045097
0.044041
0.045546
0.045785
0.049888
0.049926
0.055912
0.056160
0.053776
0.054542
0.054671
0.055149
0.052020
0.052564
0.056135
0.053733
0.054340
0.053313
0.050331
0.050200
0.047061
0.066826
0.070841
0.067054
0.067596
0.051767
0.053540
0.055591
0.052496
0.050857
0.052321
0.057771
0.056956
0.058545
0.057618
0.116594
0.112937
0.108861
0.114503
0.091595
0.090244
0.091252
0.096075
0.094416
0.105969
0.103355
0.101156
0.088741
0.097955
0.088899
0.086214
0.086538
0.085502
0.086659
0.087669
0.087961
0.089133
0.088954
0.089103
0.089503
0.089846
0.089638
0.089136
0.088844
0.088155
0.089106
0.087115
0.100114
0.085280
0.086695
0.091599
0.103861
0.102988
0.102327
0.098933
0.106102
0.107234
0.098434
0.110814
0.102832
0.108223
0.091161
0.091492
0.090928
0.091254
0.091922
0.091789
0.090975
0.093502
0.091206
0.085306
0.111284
0.102285
0.107833
0.103770
0.103842
0.103595
0.097620
0.112189
0.091804
0.099818
0.096543
0.108175
0.110151
0.103214
0.109179
0.100505
0.097187
0.101184
0.101491
0.099090
0.105197
0.113972
0.100081
0.107815
0.105521
0.089500
0.096712
0.084939
0.097658
0.097104
0.096472
0.089959
0.092456
0.095205
0.092150
0.091908
0.091818
0.091785
0.083116
0.081935
0.095968
0.094243
0.093564
0.094930
0.088041
0.106439
0.117185
0.105360
0.104570
0.108455
0.108547
0.103844
0.100773
0.109088
0.104861
0.102464
0.103049
0.103458
0.103084
0.104534
0.104680
0.103257
0.103926
0.099504
0.101524
0.103559
0.102984
0.103761
0.105728
0.114577
0.108837
0.116080
0.111124
0.108975
0.110570
0.112870
0.112207
0.110332
0.110821
0.110777
0.111033
0.109961
0.113503
0.104275
0.109292
0.114694
0.103450
0.110744
0.101871
0.099179
0.100926
0.102062
0.104528
0.114410
0.098827
0.099419
0.099516
0.098926
0.099652
0.101338
0.100663
0.100888
0.101813
0.102507
0.120396
0.122135
0.101871
0.111812
0.104830
0.100791
0.104805
0.106553
0.106487
0.105049
0.105720
0.112820
0.110281
0.110946
0.112117
0.100936
0.108592
0.114166
0.111926
0.114231
0.065511
0.067922
0.065292
0.067397
0.069179
0.068806
0.068799
0.069035
0.081832
0.059642
0.054077
0.046504
0.046158
0.045913
0.052631
0.051219
0.047375
0.052416
0.043672
0.043486
0.043800
0.043790
0.044733
0.045065
0.043004
0.044827
0.044820
0.044391
0.044561
0.044598
0.076833
0.074318
0.073962
0.083126
0.072935
0.078319
0.077387
0.077081
0.094071
0.075442
0.073287
0.076162
0.081228
0.076732
0.071945
0.075334
0.077591
0.079786
0.079372
0.079315
0.078284
0.076478
0.083062
0.064282
0.063418
0.074027
0.073954
0.076056
0.075326
0.076216
0.077219
0.075231
0.075330
0.075186
0.072590
0.074188
0.073523
0.110409
0.092629
0.094041
0.095561
0.098209
0.094698
0.090153
0.094529
0.111662
0.114517
0.114122
0.093859
0.094502
0.094572
0.095113
0.097419
0.092936
0.091883
0.099542
0.097506
0.101485
0.102898
0.101997
0.111667
0.111508
0.104575
0.103900
0.104363
0.102575
0.102340
0.102641
0.102514
0.106138
0.106707
0.107773
0.105777
0.114547
0.113709
0.111959
0.111670
0.111651
0.110222
0.110551
0.055843
0.058647
0.059091
0.056405
0.061547
0.062191
0.063098
0.049130
0.056974
0.057829
0.058055
0.058490
0.054625
0.051793
0.050693
0.050683
0.050622
0.050272
0.051003
0.050186
0.051255
0.043605
0.051684
0.054791
0.057763
0.063244
0.063788
0.065961
0.064001
0.062454
0.065313
0.065505
0.065753
0.065120
0.063101
0.061823
0.062783
0.060784
0.061963
0.065298
0.064473
0.064992
0.066751
0.069296
0.069910
0.066945
0.062158
0.059381
0.059135
0.059466
0.064393
0.061496
0.066389
0.062250
0.062669
0.063255
0.064485
0.064536
0.063143
0.061453
0.062575
0.063983
0.115758
0.116303
0.116390
0.115420
0.111544
0.112262
0.112804
0.112267
0.112855
0.112394
0.112965
0.112482
0.112503
0.109495
0.109604
0.108307
0.111167
0.111679
0.111958
0.112213
0.105715
0.103680
0.108600
0.109789
0.109243
0.107548
0.106358
0.100614
0.102489
0.086369
0.086194
0.101235
0.078660
0.077879
0.078817
0.078641
0.076708
0.079514
0.081149
0.088009
0.089129
0.093436
0.118606
0.100592
0.123502
0.100615
0.107467
0.124813
0.097306
0.121141
0.121322
0.103159
0.098913
0.099985
0.091542
0.089658
0.091879
0.101775
0.106771
0.116607
0.116256
0.120679
0.118104
0.117287
0.123573
0.124752
0.123394
0.119668
0.123974
0.123531
0.127950
0.131413
0.126994
0.126804
0.126770
0.125805
0.124384
0.120527
0.121972
0.126732
0.104485
0.122738
0.126570
0.127515
0.116069
0.118621
0.124221
0.128493
0.125461
0.125132
0.104820
0.103569
0.103440
0.104808
0.103900
0.103032
0.100489
0.100597
0.100980
0.103235
0.104583
0.104959
0.101573
0.101443
0.104359
0.103032
0.104963
0.075801
0.080089
0.079803
0.078360
0.079929
0.077984
0.076443
0.070235
0.070157
0.069035
0.069709
0.069481
0.069617
0.069268
0.073631
0.071646
0.072657
0.074230
0.076543
0.077692
0.079002
0.079885
0.087368
0.095868
0.086975
0.091760
0.116024
0.115746
0.123219
0.125376
0.081260
0.083859
0.084928
0.086917
0.087160
0.090593
0.109880
0.110280
0.101270
0.099323
0.099627
0.102131
0.102460
0.101014
0.101835
0.100823
0.101110
0.100328
0.100363
0.107495
0.107056
0.103547
0.091593
0.092014
0.101503
0.101980
0.099329
0.101701
0.100116
0.100143
0.099117
0.101509
0.101218
0.101690
0.101144
0.090576
0.089751
0.089577
0.092777
0.095569
0.107440
0.100417
0.099879
0.103070
0.105198
0.105507
0.106251
0.104109
0.092590
0.093047
0.092379
0.092526
0.092477
0.091809
0.092354
0.094109
0.093540
0.093121
0.093260
0.109407
0.109327
0.099930
0.100742
0.099029
0.099360
0.099615
0.101404
0.099529
0.104916
0.101844
0.109806
0.108624
0.110098
0.112956
0.103982
0.104620
0.104160
0.103888
0.102956
0.104349
0.104592
0.104594
0.105213
0.103492
0.098067
0.102480
0.105502
0.112063
0.105874
0.104849
0.103802
0.104910
0.102988
0.104572
0.111591
0.103888
0.104284
0.103984
0.104301
0.104622
0.104281
0.103737
0.113178
0.106646
0.104131
0.103820
0.107632
0.109324
0.106998
0.107340
0.107256
0.111433
0.110924
0.094345
0.098742
0.099327
0.098445
0.087810
0.098258
0.098384
0.097770
0.096965
0.096598
0.094911
0.094077
0.100277
0.100044
0.100351
0.096025
0.096047
0.093932
0.097131
0.096657
0.084460
0.100833
0.093816
0.085618
0.085215
0.093564
0.085772
0.085516
0.085723
0.085056
0.086756
0.085752
0.086510
0.085390
0.085217
0.085007
0.084692
0.085168
0.085327
0.085143
0.084530
0.084698
0.085719
0.084453
0.085183
0.084739
0.084959
0.084486
0.083644
0.083948
0.085373
0.084400
0.083523
0.084471
0.089014
0.088797
0.091388
0.093716
0.093361
0.094063
0.095934
0.092745
0.093673
0.096715
0.095543
0.095571
0.095519
0.094799
0.094472
0.095307
0.096349
0.098616
0.098903
0.099626
0.100495
0.101562
0.101042
0.101121
0.100000
0.099659
0.098814
0.098485
0.098477
0.099189
0.098218
0.097320
0.097216
0.096105
0.096787
0.096730
0.098187
0.096974
0.097247
0.096780
0.096820
0.098181
0.097600
0.098659
0.098571
0.099511
0.100202
0.099884
0.102224
0.101818
0.102757
0.103307
0.103335
0.099950
0.114422
0.110086
0.101657
0.108329
0.108453
0.107143
0.106294
0.106284
0.105459
0.105765
0.105790
0.098527
0.096397
0.103181
0.099231
0.104426
0.100510
0.104235
0.100369
0.102727
0.100892
0.100365
0.100005
0.097820
0.098060
0.097543
0.113537
0.095196
0.096115
0.065248
0.063762
0.062118
0.062993
0.067826
0.068329
0.068312
0.070372
0.071184
0.072044
0.065438
0.063992
0.070408
0.067230
0.078474
0.059566
0.059092
0.053825
0.052652
0.051992
0.053403
0.106326
0.108370
0.109720
0.108473
0.108209
0.109467
0.109612
0.124009
0.121887
0.124227
0.124100
0.122482
0.122702
0.122897
0.123670
0.123521
0.123481
0.122837
0.124792
0.124117
0.123795
0.124768
0.125867
0.123895
0.124489
0.110945
0.110287
0.108861
0.108284
0.109066
0.105525
0.106001
0.105525
0.099593
0.104322
0.105355
0.102217
0.107605
0.109615
0.105909
0.099779
0.098580
0.113684
0.111294
0.103071
0.109570
0.110859
0.110138
0.114971
0.055920
0.055121
0.053302
0.055415
0.043240
0.044637
0.049063
0.044438
0.042916
0.052629
0.054162
0.055213
0.053662
0.051223
0.052971
0.052946
0.052983
0.053041
0.063706
0.054663
0.054270
0.055730
0.056218
0.055262
0.057075
0.062679
0.057499
0.056337
0.054075
0.058362
0.054115
0.054643
0.059341
0.060126
0.058387
0.061513
0.063616
0.060293
0.065552
0.066772
0.066950
0.065752
0.066324
0.067494
0.067353
0.066337
0.066962
0.069766
0.066039
0.095874
0.091896
0.093996
0.096263
0.097918
0.099096
0.085945
0.089454
0.105906
0.104669
0.109234
0.109225
0.115749
0.115040
0.101504
0.097457
0.101506
0.100862
0.115589
0.115518
0.115686
0.111211
0.115847
0.114631
0.113808
0.113176
0.115096
0.108403
0.113625
0.108930
0.108779
0.108716
0.108140
0.110263
0.108395
0.091162
0.089823
0.090565
0.084070
0.090957
0.088530
0.083871
0.092330
0.085811
0.069917
0.072426
0.091406
0.095219
0.071351
0.095742
0.084407
0.073636
0.075748
0.077027
0.073993
0.073836
0.093654
0.094841
0.073933
0.077799
0.096685
0.097024
0.078428
0.076311
0.091799
0.113492
0.093747
0.110456
0.115431
0.109000
0.115225
0.115052
0.111897
0.111069
0.099376
0.098633
0.098213
0.097169
0.108977
0.109352
0.112121
0.097057
0.106313
0.102521
0.124113
0.124121
0.126297
0.124702
0.119253
0.118416
0.117538
0.118175
0.118262
0.118047
0.123806
0.123325
0.113375
0.119906
0.091723
0.090145
0.090401
0.089781
0.096053
0.090477
0.090228
0.094915
0.097982
0.095192
0.089762
0.089556
0.089611
0.089936
0.090996
0.096504
0.092560
0.092384
0.095201
0.092444
0.090573
0.093378
0.094710
0.094054
0.097741
0.087976
0.094076
0.084649
0.083896
0.089263
0.091111
0.090556
0.091199
0.091525
0.091487
0.090488
0.091618
0.089411
0.091067
0.089420
0.092269
0.091462
0.088952
0.091440
0.091251
0.087872
0.090541
0.086708
0.087280
0.089109
0.088518
0.087230
0.088370
0.087790
0.084879
0.087198
0.084552
0.084413
0.114289
0.114275
0.115321
0.114331
0.114411
0.113854
0.115084
0.103016
0.102922
0.116573
0.115392
0.115337
0.108178
0.111863
0.112480
0.112893
0.112602
0.118379
0.112540
0.116922
0.104678
0.103332
0.103999
0.105696
0.097288
0.093756
0.094716
0.092619
0.105411
0.091623
0.093246
0.091943
0.092005
0.092215
0.090032
0.088883
0.088511
0.086728
0.086586
0.090095
0.090727
0.094030
0.094303
0.092907
0.094187
0.091988
0.089543
0.089239
0.089415
0.092494
0.093172
0.089184
0.092231
0.092674
0.091647
0.109929
0.098221
0.065077
0.085896
0.084469
0.097194
0.099536
0.098507
0.098908
0.098222
0.061216
0.096623
0.098430
0.099551
0.099302
0.091935
0.091307
0.093253
0.094776
0.081974
0.082414
0.096407
0.094678
0.097728
0.093432
0.098702
0.094304
0.092174
0.056106
0.053352
0.094243
0.095753
0.052322
0.054325
0.054381
0.054661
0.054296
0.053819
0.053916
0.053895
0.052253
0.052674
0.053022
0.056728
0.087212
0.106388
0.106304
0.092887
0.094770
0.091170
0.094284
0.092693
0.056465
0.093790
0.093112
0.094968
0.093555
0.090532
0.092017
0.089909
0.093534
0.089228
0.091765
0.090696
0.093440
0.093643
0.092693
0.093868
0.095169
0.092641
0.094706
0.094658
0.094207
0.079093
0.078712
0.078280
0.076549
0.074151
0.088627
0.090840
0.093781
0.089619
0.084805
0.091467
0.087707
0.086139
0.086398
0.085591
0.088869
0.093235
0.089483
0.088927
0.091604
0.099390
0.092395
0.093865
0.095309
0.094040
0.095412
0.114165
0.098463
0.100376
0.091752
0.125856
0.125638
0.125373
0.125397
0.126659
0.120184
0.128222
0.123528
0.121141
0.133618
0.133306
0.125386
0.129166
0.133224
0.134387
0.135256
0.134872
0.134928
0.129512
0.135003
0.124960
0.123678
0.124443
0.123434
0.121087
0.127980
0.126727
0.127288
0.126007
0.123930
0.127571
0.126037
0.126897
0.125071
0.125795
0.126902
0.126412
0.126785
0.128993
0.129351
0.122338
0.119718
0.120089
0.121513
0.118972
0.119139
0.118555
0.118423
0.119814
0.129950
0.128912
0.130031
0.129009
0.127718
0.127678
0.127427
0.128025
0.128139
0.127349
0.131292
0.111516
0.114263
0.117309
0.117321
0.117331
0.116779
0.119767
0.121003
0.119112
0.117920
0.126048
0.122384
0.113902
0.116648
0.117404
0.115767
0.117877
0.115923
0.115513
0.115610
0.116772
0.115197
0.115985
0.116476
0.115506
0.117259
0.117122
0.116967
0.116102
0.115955
0.116712
0.115297
0.115245
0.118233
0.119262
0.117474
0.113395
0.112956
0.115650
0.116233
0.118504
0.118176
0.125463
0.113060
0.117389
0.116797
0.110726
0.114544
0.116405
0.114694
0.128622
0.121343
0.118278
0.126549
0.127593
0.128226
0.135010
0.129988
0.118195
0.118086
0.116040
0.117421
0.116691
0.120493
0.116931
0.106819
0.111651
0.111878
0.103332
0.105235
0.115858
0.116620
0.116664
0.104760
0.100302
0.118092
0.117775
0.118570
0.118757
0.119363
0.118806
0.119075
0.118850
0.118690
0.118577
0.117996
0.119059
0.069495
0.065653
0.047291
0.045867
0.064732
0.064704
0.070171
0.067290
0.066587
0.062337
0.063540
0.066749
0.070057
0.069016
0.065375
0.067937
0.068654
0.068895
0.069849
0.071528
0.068314
0.067101
0.066847
0.070411
0.069856
0.069483
0.069543
0.071425
0.071297
0.070989
0.067988
0.069973
0.067806
0.081950
0.082953
0.119536
0.118115
0.121362
0.121208
0.119356
0.122383
0.120757
0.120686
0.121162
0.120764
0.120001
0.118081
0.118509
0.118119
0.120625
0.120597
0.120105
0.120452
0.123477
0.121076
0.121926
0.121729
0.121408
0.121261
0.121295
0.121783
0.121467
0.121987
0.117640
0.118400
0.118974
0.069866
0.070042
0.070455
0.070818
0.070168
0.070553
0.070694
0.068492
0.069725
0.066682
0.068267
0.068773
0.071440
0.071529
0.093831
0.082212
0.081558
0.083598
0.081668
0.069541
0.068305
0.039629
0.039311
0.038716
0.037449
0.042604
0.038691
0.041054
0.041002
0.044341
0.042062
0.046158
0.046470
0.045888
0.044479
0.047239
0.047067
0.047143
0.053659
0.044871
0.049303
0.050422
0.047840
0.047691
0.039486
0.043699
0.037313
0.038632
0.043800
0.042267
0.042304
0.094551
0.094421
0.095443
0.095182
0.096221
0.095704
0.095668
0.094529
0.094349
0.094663
0.094572
0.094058
0.091335
0.089570
0.091797
0.093598
0.095728
0.097085
0.097133
0.092553
0.091763
0.089811
0.090280
0.094450
0.094717
0.095428
0.091308
0.091157
0.090358
0.090728
0.091355
0.089796
0.091182
0.078172
0.077527
0.083653
0.082467
0.074196
0.074004
0.074156
0.073560
0.071316
0.071194
0.074377
0.076876
0.079419
0.079025
0.082475
0.077545
0.076220
0.073210
0.072095
0.072541
0.072076
0.071946
0.073246
0.084474
0.084343
0.075700
0.070858
0.071169
0.070920
0.072638
0.072538
0.072646
0.071021
0.072464
0.071069
0.071204
0.076178
0.070921
0.071363
0.070626
0.071822
0.071510
0.072095
0.071164
0.070484
0.070590
0.071684
0.072421
0.093094
0.094759
0.096796
0.114493
0.114972
0.112249
0.114479
0.113363
0.113280
0.110812
0.102382
0.106241
0.112198
0.113045
0.113223
0.113557
0.108389
0.114255
0.112452
0.112971
0.112221
0.093748
0.098880
0.112122
0.117309
0.117346
0.118494
0.113967
0.114981
0.112862
0.111422
0.107936
0.111564
0.117320
0.120456
0.122404
0.107847
0.107031
0.064513
0.064693
0.062752
0.063499
0.064111
0.064270
0.062501
0.064341
0.066121
0.079554
0.078949
0.091610
0.090585
0.086846
0.065978
0.062973
0.062885
0.065283
0.065913
0.064948
0.067487
0.069319
0.081934
0.085086
0.082505
0.081854
0.085514
0.080710
0.092084
0.104414
0.092802
0.097943
0.094811
0.096263
0.101669
0.101841
0.097154
0.130187
0.126489
0.081182
0.082459
0.083384
0.120190
0.086650
0.088409
0.083367
0.083468
0.081408
0.085373
0.085998
0.087065
0.090195
0.089139
0.084728
0.083887
0.083946
0.082440
0.086190
0.082772
0.084035
0.090913
0.079836
0.076923
0.072839
0.101755
0.108001
0.106336
0.102255
0.094766
0.090152
0.091525
0.095440
0.089219
0.090271
0.090994
0.095800
0.098400
0.100006
0.111805
0.108261
0.108618
0.113140
0.107071
0.113214
0.112674
0.103053
0.114419
0.114601
0.098321
0.094717
0.101874
0.111520
0.107735
0.108732
0.105740
0.109156
0.107479
0.098292
0.116245
0.112022
0.099082
0.110554
0.096841
0.101852
0.098639
0.096300
0.117187
0.097713
0.102736
0.108156
0.114545
0.108922
0.108665
0.108314
0.107749
0.120229
0.100418
0.110909
0.115862
0.100635
0.107131
0.108725
0.110846
0.111112
0.110818
0.067713
0.064293
0.068565
0.067564
0.067793
0.067549
0.068419
0.068207
0.068410
0.066399
0.068674
0.068114
0.068638
0.067585
0.067624
0.064713
0.065703
0.066272
0.066113
0.065297
0.068995
0.064837
0.066778
0.070526
0.072031
0.071484
0.071646
0.071645
0.071630
0.070771
0.070651
0.101865
0.109107
0.108059
0.109882
0.119066
0.122200
0.120763
0.118606
0.120110
0.120701
0.119331
0.119191
0.120938
0.119329
0.120268
0.118696
0.117145
0.121118
0.117460
0.117169
0.118418
0.117518
0.118043
0.118104
0.118179
0.121426
0.123908
0.123165
0.122719
0.122125
0.118431
0.118971
0.118398
0.119141
0.118875
0.117230
0.115222
0.115106
0.114712
0.114588
0.115247
0.116313
0.115719
0.115700
0.116647
0.108333
0.109208
0.109118
0.108325
0.108206
0.107923
0.107798
0.108015
0.107357
0.107541
0.116090
0.114361
0.117727
0.120765
0.118962
0.117023
0.121259
0.118576
0.112804
0.123857
0.125114
0.122432
0.123682
0.125292
0.116179
0.115466
0.117307
0.119960
0.120436
0.120369
0.121505
0.122627
0.122132
0.122321
0.122546
0.121429
0.121131
0.116368
0.114312
0.117849
0.118025
0.123214
0.121771
0.123069
0.121820
0.123056
0.123617
0.122197
0.122163
0.121954
0.117959
0.099961
0.099179
0.103030
0.101952
0.101940
0.097635
0.098550
0.117305
0.102723
0.103736
0.101967
0.103653
0.107483
0.098105
0.097995
0.098153
0.100964
0.097802
0.097812
0.096816
0.097422
0.097699
0.106008
0.109003
0.105858
0.105577
0.103605
0.104415
0.097762
0.104019
0.104692
0.098088
0.104665
0.102050
0.101016
0.099362
0.102320
0.099642
0.102846
0.101358
0.103378
0.104753
0.103948
0.103250
0.103485
0.102701
0.109959
0.099682
0.098923
0.102611
0.099248
0.102605
0.104906
0.093299
0.096040
0.094554
0.110832
0.118318
0.117299
0.123650
0.119334
0.105717
0.108424
0.121638
0.121186
0.119812
0.119926
0.119543
0.119404
0.117088
0.120715
0.118647
0.116093
0.104404
0.114041
0.104868
0.119536
0.121439
0.120963
0.115988
0.116102
0.116109
0.114904
0.104315
0.106615
0.105983
0.100784
0.102859
0.090517
0.092789
0.091766
0.099352
0.098618
0.100440
0.098846
0.105886
0.107723
0.107284
0.108547
0.108869
0.114964
0.114586
0.114384
0.113543
0.108232
0.108433
0.111061
0.108904
0.115397
0.114718
0.116133
0.118091
0.115253
0.115941
0.116637
0.127408
0.126377
0.125273
0.126453
0.097521
0.110437
0.108461
0.108050
0.119730
0.104722
0.108829
0.111289
0.111945
0.102571
0.100842
0.102550
0.107692
0.108107
0.102419
0.104572
0.107164
0.105538
0.093749
0.089814
0.105467
0.103549
0.103246
0.101596
0.099497
0.096246
0.092864
0.112002
0.096002
0.093525
0.093079
0.092554
0.092003
0.089574
0.089511
0.090924
0.091586
0.091440
0.092306
0.092323
0.090698
0.090672
0.090711
0.090312
0.087692
0.090938
0.086865
0.088976
0.099892
0.094029
0.096228
0.094262
0.084814
0.083650
0.093249
0.086577
0.086744
0.085214
0.084381
0.084699
0.083216
0.083473
0.082658
0.083232
0.075490
0.075578
0.075979
0.078062
0.077257
0.076818
0.077848
0.078767
0.070945
0.065872
0.067115
0.067260
0.067355
0.075408
0.068559
0.068383
0.068565
0.068134
0.067686
0.068182
0.069095
0.068403
0.068940
0.068178
0.068053
0.068082
0.068756
0.067817
0.068138
0.068456
0.069025
0.047158
0.047159
0.047225
0.046579
0.049175
0.045452
0.045544
0.045187
0.045056
0.046250
0.043627
0.044732
0.046239
0.047417
0.048977
0.048528
0.046972
0.046508
0.046817
0.047322
0.046390
0.044493
0.048437
0.046721
0.045849
0.045417
0.042795
0.041345
0.041001
0.041471
0.041281
0.039623
0.038400
0.041148
0.038691
0.039320
0.039965
0.040526
0.040564
0.039813
0.039473
0.039392
0.039578
0.040785
0.039823
0.039501
0.040639
0.039969
0.042766
0.040338
0.087178
0.178156
0.092246
0.043573
0.046545
0.046725
0.045792
0.047087
0.048408
0.049963
0.050306
0.048187
0.050118
0.048841
0.050463
0.049139
0.052381
0.053324
0.056755
0.050728
0.054819
0.050314
0.050485
0.047386
0.055612
0.052609
0.052510
0.056786
0.056474
0.047452
0.045528
0.048026
0.047537
0.047008
0.046771
0.047094
0.045853
0.050303
0.047431
0.050190
0.050087
0.051028
0.048921
0.050617
0.052798
0.052899
0.052572
0.051901
0.050106
0.046252
0.049614
0.048895
0.060488
0.052038
0.053341
0.054502
0.058587
0.048743
0.046600
0.045739
0.049202
0.050122
0.045497
0.038629
0.038304
0.054619
0.049681
0.051381
0.051913
0.050673
0.048292
0.048856
0.052795
0.059150
0.055867
0.051203
0.052932
0.047412
0.044526
0.045714
0.049600
0.050321
0.049431
0.050974
0.048875
0.057807
0.053628
0.042898
0.053443
0.054731
0.058605
0.057819
0.056745
0.052683
0.054449
0.051301
0.046743
0.046715
0.051648
0.053355
0.051242
0.049661
0.050435
0.054838
0.054704
0.054687
0.054036
0.052080
0.106647
0.101257
0.094231
0.101913
0.101431
0.100837
0.102562
0.101980
0.103256
0.104004
0.103194
0.104949
0.104710
0.105509
0.105903
0.105864
0.105397
0.103631
0.105077
0.104555
0.118356
0.117341
0.117094
0.116880
0.119572
0.117337
0.117071
0.057004
0.055750
0.050552
0.051411
0.053352
0.060543
0.059192
0.055696
0.054813
0.061352
0.047423
0.048177
0.047115
0.044293
0.047216
0.045394
0.047860
0.049911
0.054229
0.051504
0.051859
0.053573
0.047140
0.050722
0.046325
0.042527
0.042643
0.049516
0.049773
0.054281
0.053420
0.051769
0.047697
0.051211
0.107319
0.105922
0.114508
0.120221
0.117887
0.119271
0.114487
0.117481
0.117012
0.113661
0.115144
0.115329
0.117922
0.114774
0.119942
0.108150
0.107318
0.121074
0.126618
0.123841
0.126423
0.108115
0.110561
0.109006
0.112361
0.109960
0.114533
0.116149
0.108397
0.112456
0.109272
0.111179
0.105902
0.108825
0.107169
0.111089
0.100873
0.105667
0.134699
0.101906
0.119357
0.109748
0.110080
0.105929
0.105725
0.104614
0.103237
0.106454
0.107306
0.105677
0.106704
0.105214
0.104722
0.107724
0.102584
0.104271
0.104633
0.119615
0.111001
0.114769
0.114097
0.107104
0.107197
0.110285
0.105269
0.106353
0.107536
0.112613
0.115440
0.131085
0.125864
0.127764
0.105774
0.053125
0.053961
0.053082
0.053735
0.054196
0.056275
0.055508
0.053257
0.053703
0.049920
0.054362
0.057788
0.057434
0.054406
0.052196
0.054690
0.050767
0.056512
0.056111
0.054069
0.052184
0.053377
0.054677
0.054195
0.053862
0.054829
0.054018
0.051647
0.053578
0.052182
0.057830
0.049254
0.043248
0.049268
0.048428
0.047089
0.046761
0.044981
0.043443
0.044727
0.044211
0.053946
0.047845
0.055693
0.055449
0.059453
0.058538
0.058106
0.058183
0.057747
0.053575
0.055143
0.059408
0.059060
0.057879
0.058181
0.057362
0.053306
0.053545
0.053112
0.053285
0.053426
0.056804
0.053192
0.054310
0.060799
0.056177
0.054754
0.054104
0.059540
0.056767
0.056961
0.058436
0.054367
0.056798
0.057196
0.056119
0.054610
0.054777
0.054896
0.061403
0.054435
0.053912
0.051763
0.052969
0.054684
0.053663
0.057222
0.060841
0.057428
0.064043
0.051301
0.045955
0.051668
0.055462
0.055675
0.052305
0.052660
0.055298
0.056457
0.053177
0.053162
0.053394
0.052967
0.058820
0.049211
0.060586
0.055431
0.050798
0.049828
0.051941
0.050084
0.048859
0.049285
0.055278
0.053292
0.057865
0.055279
0.056001
0.059483
0.054307
0.054066
0.055275
0.049521
0.056399
0.050573
0.061046
0.054836
0.049937
0.040583
0.043310
0.044816
0.040927
0.041239
0.044585
0.040582
0.040437
0.042301
0.042550
0.042713
0.042854
0.042713
0.043003
0.110179
0.107727
0.108104
0.108150
0.106933
0.105575
0.107720
0.108516
0.106029
0.106407
0.110534
0.110065
0.125335
0.134034
0.128383
0.126956
0.127994
0.124926
0.125094
0.123499
0.124216
0.117447
0.112134
0.114877
0.118493
0.119007
0.119955
0.118037
0.133790
0.134047
0.135746
0.136249
0.129700
0.132268
0.111107
0.111634
0.113380
0.111125
0.126133
0.106509
0.105474
0.124541
0.132073
0.119491
0.131395
0.126834
0.134565
0.120047
0.134027
0.134615
0.139073
0.138151
0.115350
0.115364
0.128407
0.124463
0.117600
0.123830
0.118673
0.112224
0.119930
0.115130
0.117725
0.116235
0.122663
0.106211
0.109773
0.110948
0.103622
0.108788
0.108803
0.118318
0.110911
0.121747
0.106758
0.105193
0.106254
0.122148
0.110139
0.116852
0.117004
0.108646
0.116773
0.108481
0.116143
0.116615
0.055432
0.052043
0.048406
0.044638
0.040239
0.052234
0.055398
0.053342
0.051907
0.052970
0.043522
0.046399
0.051782
0.056290
0.051964
0.044509
0.041084
0.053514
0.052733
0.051322
0.049869
0.053466
0.042008
0.045163
0.047680
0.039626
0.041754
0.052092
0.051155
0.050227
0.049890
0.049823
0.042968
0.044551
0.047607
0.043827
0.041553
0.041870
0.053467
0.053568
0.051111
0.050653
0.045003
0.043179
0.041740
0.040709
0.040485
0.053875
0.052463
0.053164
0.052275
0.043946
0.044298
0.043680
0.040369
0.043105
0.052576
0.053729
0.054388
0.042825
0.043534
0.045228
0.044917
0.043413
0.042491
0.043690
0.050478
0.053991
0.043127
0.041364
0.044282
0.042930
0.043647
0.042332
0.043911
0.045181
0.042204
0.045656
0.044266
0.044457
0.045032
0.044979
0.045884
0.045345
0.046075
0.120905
0.128661
0.125101
0.126334
0.126917
0.127331
0.125518
0.125687
0.126239
0.126375
0.126835
0.126270
0.126028
0.125504
0.125191
0.126500
0.124171
0.126141
0.126017
0.129356
0.127309
0.125873
0.127569
0.127848
0.126713
0.125159
0.126593
0.125983
0.125912
0.125070
0.127243
0.125237
0.119969
0.108893
0.113495
0.117155
0.114689
0.116719
0.115548
0.135795
0.128724
0.110673
0.127086
0.136492
0.132944
0.131750
0.133344
0.133602
0.129544
0.060237
0.054917
0.055699
0.045386
0.046407
0.047615
0.043746
0.048517
0.049812
0.047093
0.047503
0.050550
0.056516
0.057674
0.057179
0.052644
0.058602
0.054721
0.051909
0.058872
0.053234
0.055451
0.053005
0.053714
0.046532
0.060043
0.060730
0.052481
0.047637
0.058574
0.046840
0.055121
0.057454
0.058961
0.045282
0.048505
0.060631
0.061165
0.065585
0.063945
0.063155
0.062917
0.061275
0.065286
0.064403
0.063822
0.064127
0.063951
0.062969
0.064375
0.055561
0.054554
0.061248
0.046861
0.059659
0.060315
0.045888
0.047259
0.048596
0.060832
0.061043
0.117855
0.112122
0.116895
0.115971
0.116201
0.113297
0.120469
0.121488
0.120163
0.122943
0.115160
0.115455
0.114456
0.112503
0.116826
0.118126
0.120643
0.124038
0.123239
0.134526
0.135856
0.139234
0.132340
0.125147
0.134867
0.129624
0.137625
0.137722
0.128212
0.129692
0.114003
0.117587
0.116689
0.048697
0.050315
0.049620
0.049262
0.048902
0.037209
0.037790
0.039982
0.058410
0.048368
0.060057
0.063726
0.063091
0.065403
0.066857
0.062523
0.057009
0.055230
0.054560
0.053811
0.053233
0.054809
0.052961
0.050730
0.058185
0.041792
0.048048
0.050198
0.062535
0.058203
0.052089
0.060006
0.051653
0.054684
0.051709
0.067289
0.127807
0.125245
0.130860
0.124430
0.124451
0.125479
0.125149
0.123447
0.121566
0.122914
0.122833
0.133201
0.124616
0.122715
0.128667
0.121348
0.119329
0.131112
0.133037
0.125305
0.128219
0.129873
0.136179
0.040612
0.042787
0.055015
0.053032
0.047070
0.051335
0.052583
0.056499
0.043099
0.051575
0.043539
0.051621
0.057847
0.058437
0.058309
0.058013
0.058638
0.059006
0.058535
0.057482
0.057294
0.057314
0.055760
0.055748
0.053777
0.052944
0.052205
0.051369
0.050581
0.051772
0.052985
0.055301
0.055264
0.049945
0.053523
0.043346
0.047577
0.056653
0.056317
0.057298
0.055878
0.045115
0.043550
0.043918
0.043487
0.046649
0.046134
0.045319
0.045134
0.047218
0.047207
0.046243
0.046373
0.045740
0.046768
0.046640
0.045120
0.045582
0.046101
0.045295
0.045706
0.045916
0.046492
0.046241
0.047792
0.110167
0.106921
0.110596
0.107139
0.110873
0.107805
0.136404
0.109148
0.102854
0.103523
0.103100
0.103010
0.107557
0.108100
0.109425
0.107742
0.108352
0.107462
0.108184
0.108600
0.114325
0.115150
0.114248
0.115044
0.108008
0.114498
0.108343
0.115201
0.114635
0.123477
0.119829
0.119049
0.121883
0.120878
0.115754
0.118943
0.120319
0.116089
0.119102
0.110889
0.110187
0.115581
0.133526
0.121130
0.110567
0.116754
0.048577
0.047403
0.047680
0.042259
0.060826
0.061890
0.072308
0.063451
0.067842
0.069533
0.047046
0.045839
0.066392
0.068444
0.065718
0.062680
0.045991
0.044300
0.044412
0.042248
0.044849
0.045299
0.045972
0.043911
0.041445
0.041724
0.040152
0.042971
0.042766
0.040692
0.040362
0.043234
0.045802
0.045718
0.044580
0.047749
0.047034
0.047097
0.048475
0.042006
0.044514
0.043818
0.042111
0.068361
0.047051
0.048952
0.069809
0.072693
0.072174
0.067680
0.056585
0.049590
0.048211
0.046618
0.045991
0.043622
0.043398
0.044274
0.047845
0.047692
0.046699
0.043629
0.047528
0.044951
0.045501
0.119000
0.119934
0.118118
0.118007
0.123223
0.120991
0.123133
0.126663
0.111095
0.117048
0.119520
0.128521
0.125898
0.114657
0.115953
0.119997
0.124428
0.121099
0.121689
0.120129
0.116571
0.121256
0.120013
0.116577
0.112173
0.116863
0.121360
0.118222
0.115806
0.124589
0.125745
0.127068
0.128469
0.126596
0.126500
0.116602
0.126787
0.134691
0.142542
0.134356
0.125946
0.127398
0.131071
0.127435
0.126925
0.123656
0.123044
0.130512
0.135163
0.134869
0.133709
0.130439
0.131179
0.129556
0.128092
0.128314
0.127666
0.126292
0.127722
0.127798
0.130167
0.131181
0.129922
0.130477
0.129126
0.128652
0.130252
0.128935
0.061076
0.060835
0.060892
0.060766
0.060967
0.061509
0.060192
0.060552
0.052365
0.052979
0.052991
0.052246
0.051325
0.049996
0.047286
0.043333
0.049990
0.046771
0.050242
0.056046
0.054623
0.055288
0.057061
0.056832
0.057482
0.054041
0.055067
0.054134
0.052640
0.053585
0.052402
0.051573
0.052470
0.051393
0.049442
0.049209
0.051084
0.049720
0.049695
0.049739
0.049628
0.051203
0.050333
0.049231
0.051608
0.052077
0.050218
0.051597
0.051858
0.051311
0.051776
0.053356
0.052799
0.051348
0.051073
0.050611
0.049554
0.053042
0.052299
0.053990
0.053996
0.052458
0.053705
0.054620
0.054187
0.069489
0.071784
0.070523
0.063148
0.065659
0.060781
0.058953
0.058341
0.057403
0.057732
0.056719
0.057383
0.057961
0.058085
0.057898
0.060893
0.061407
0.061393
0.064238
0.059887
0.059291
0.059587
0.060275
0.060359
0.054979
0.046068
0.065283
0.064544
0.064263
0.063323
0.144118
0.156607
0.157863
0.148897
0.147216
0.144592
0.228521
0.212180
0.221205
0.145840
0.145212
0.149399
0.148646
0.171188
0.147857
0.141828
0.101114
0.098422
0.141564
0.155387
0.150267
0.168492
0.158896
0.163158
0.101642
0.099696
0.102146
0.101766
0.098861
0.101209
0.100461
0.139427
0.139729
0.139222
0.139280
0.170862
0.156315
0.144678
0.091110
0.096715
0.171798
0.175377
0.177502
0.173461
0.093072
0.180515
0.176684
0.176032
0.175015
0.175650
0.175232
0.151698
0.151444
0.150283
0.151841
0.152208
0.152702
0.153208
0.155271
0.155436
0.152653
0.152565
0.151539
0.150672
0.149150
0.149018
0.149471
0.151600
0.146388
0.146682
0.144459
0.144367
0.151442
0.145715
0.143992
0.144497
0.144949
0.145487
0.147768
0.148343
0.145925
0.144296
0.145507
0.145131
0.147286
0.146814
0.148404
0.144883
0.142861
0.143722
0.147065
0.147215
0.146944
0.148282
0.148766
0.149541
0.146881
0.147389
0.149012
0.148912
0.153727
0.153405
0.154102
0.154337
0.146824
0.147327
0.046000
0.042490
0.042369
0.042053
0.043098
0.045072
0.048653
0.051876
0.053057
0.048753
0.054707
0.056945
0.049629
0.057909
0.055727
0.054820
0.048247
0.057532
0.059387
0.056819
0.055572
0.053948
0.056421
0.048513
0.056881
0.053430
0.059063
0.057224
0.055822
0.057414
0.057695
0.053619
0.053349
0.052237
0.053537
0.052530
0.053397
0.057866
0.053840
0.059666
0.053074
0.061669
0.056069
0.057030
0.081025
0.066928
0.070971
0.066406
0.150746
0.151307
0.154093
0.152948
0.153596
0.151754
0.150693
0.149175
0.148928
0.149104
0.150622
0.155266
0.152497
0.151274
0.144746
0.146645
0.173837
0.172518
0.150187
0.148718
0.149951
0.177047
0.176132
0.176953
0.175225
0.150487
0.150423
0.148697
0.147566
0.147775
0.147151
0.147733
0.146231
0.150469
0.147916
0.147311
0.147749
0.061099
0.061218
0.066586
0.052180
0.052126
0.056960
0.062108
0.056797
0.061826
0.051720
0.058477
0.058200
0.057237
0.057516
0.054671
0.060913
0.060420
0.064368
0.058682
0.058132
0.058107
0.057134
0.058433
0.062257
0.059557
0.058152
0.058409
0.058218
0.059183
0.062456
0.053313
0.054013
0.062262
0.062737
0.061635
0.060317
0.061550
0.061770
0.062064
0.060168
0.062046
0.061787
0.060993
0.061165
0.054633
0.051570
0.049600
0.047594
0.049415
0.049948
0.153990
0.153017
0.153635
0.152396
0.152624
0.187977
0.152474
0.151864
0.154185
0.185920
0.187090
0.192559
0.187798
0.189293
0.186656
0.185690
0.186642
0.183249
0.183582
0.181508
0.183873
0.148461
0.149566
0.148451
0.154438
0.146421
0.147654
0.148891
0.041822
0.044131
0.042245
0.044231
0.044501
0.045006
0.045479
0.045771
0.045632
0.042705
0.043403
0.042486
0.042145
0.046351
0.045388
0.046071
0.043925
0.044061
0.045791
0.047352
0.047174
0.047887
0.049155
0.049682
0.049981
0.049529
0.048960
0.049036
0.049704
0.047340
0.047709
0.045989
0.045218
0.044879
0.043391
0.042260
0.043315
0.042596
0.043456
0.044588
0.042598
0.040925
0.041508
0.044813
0.043785
0.043762
0.043128
0.042715
0.043050
0.043249
0.043175
0.043111
0.042798
0.042882
0.042880
0.043276
0.043163
0.043095
0.043783
0.043317
0.043306
0.042837
0.042523
0.043208
0.042543
0.042463
0.043305
0.042886
0.042979
0.042454
0.042572
0.042763
0.047026
0.043297
0.043238
0.043167
0.043261
0.043793
0.043463
0.044133
0.043834
0.043965
0.043696
0.043845
0.046643
0.046062
0.046654
0.044207
0.044205
0.043929
0.044175
0.044672
0.053293
0.053505
0.044035
0.044044
0.051163
0.050453
0.050667
0.044446
0.050131
0.050461
0.050752
0.186821
0.187279
0.186639
0.185625
0.172206
0.174605
0.186564
0.186785
0.173314
0.173979
0.186689
0.170492
0.169413
0.170884
0.171055
0.171949
0.173520
0.178229
0.189210
0.188232
0.176601
0.189148
0.194389
0.190206
0.178944
0.191338
0.178244
0.180751
0.179804
0.179061
0.178091
0.177493
0.178163
0.179653
0.178790
0.194084
0.189769
0.188555
0.135551
0.135564
0.125477
0.194776
0.195365
0.195507
0.190398
0.130521
0.187958
0.188965
0.192492
0.189024
0.182342
0.193174
0.194223
0.194267
0.193028
0.193134
0.188514
0.191562
0.181006
0.174811
0.189930
0.181077
0.176462
0.176093
0.175243
0.175334
0.189184
0.189138
0.190181
0.189717
0.189563
0.191077
0.190514
0.189036
0.189214
0.190089
0.190076
0.189637
0.189333
0.189353
0.189278
0.190012
0.191600
0.191597
0.190233
0.190652
0.190095
0.191131
0.176364
0.056818
0.040180
0.056940
0.040513
0.039304
0.040548
0.040614
0.040611
0.039853
0.040391
0.040389
0.040590
0.040535
0.040602
0.040841
0.057772
0.058144
0.058770
0.041785
0.042186
0.040062
0.052955
0.052310
0.052799
0.042295
0.043377
0.042062
0.042825
0.043501
0.042756
0.042740
0.043794
0.038583
0.043823
0.038811
0.038495
0.038683
0.044247
0.041883
0.040599
0.044240
0.044349
0.045554
0.044754
0.039561
0.044265
0.043346
0.045206
0.046218
0.045879
0.046172
0.043801
0.044171
0.044677
0.038286
0.039153
0.038797
0.204391
0.196999
0.198127
0.198152
0.198248
0.201611
0.203196
0.201238
0.196011
0.202502
0.197523
0.203951
0.204269
0.203816
0.203996
0.202527
0.203156
0.197519
0.203043
0.196572
0.194933
0.195453
0.193630
0.195498
0.194440
0.191299
0.204338
0.173777
0.140237
0.177367
0.205052
0.182785
0.185931
0.175451
0.182157
0.174031
0.175081
0.175221
0.183956
0.115306
0.141779
0.139241
0.139923
0.138090
0.138866
0.139351
0.137334
0.139616
0.140775
0.206328
0.140718
0.141925
0.205213
0.205313
0.203583
0.203390
0.204952
0.204840
0.204974
0.195160
0.205416
0.206744
0.206056
0.141121
0.140764
0.142384
0.141893
0.180497
0.179665
0.178487
0.144932
0.148223
0.139661
0.139385
0.147830
0.129701
0.132549
0.129852
0.117226
0.126922
0.125431
0.125071
0.123908
0.125339
0.124898
0.126986
0.128111
0.126555
0.118293
0.127242
0.123848
0.125734
0.122379
0.186625
0.194808
0.195048
0.159435
0.151990
0.151680
0.150659
0.154068
0.154453
0.143365
0.150315
0.148760
0.142728
0.150128
0.143208
0.149871
0.149829
0.150520
0.143965
0.144020
0.150024
0.150699
0.142862
0.143052
0.141824
0.145072
0.151775
0.144959
0.151360
0.145354
0.145962
0.153115
0.150383
0.043248
0.042980
0.043390
0.044503
0.044626
0.044541
0.043361
0.043184
0.043090
0.043197
0.042873
0.043745
0.043222
0.043004
0.041534
0.044053
0.043584
0.042513
0.041820
0.041908
0.041525
0.042982
0.041635
0.042170
0.040490
0.040576
0.041523
0.041278
0.040996
0.041403
0.041405
0.041090
0.040556
0.041524
0.041703
0.041690
0.042105
0.041246
0.044736
0.044266
0.045986
0.045181
0.045955
0.045167
0.044645
0.045388
0.044654
0.045310
0.046320
0.046720
0.045399
0.046423
0.046076
0.045337
0.044964
0.046815
0.042782
0.046183
0.045268
0.045464
0.045991
0.044879
0.044236
0.045549
0.041814
0.042113
0.042735
0.041733
0.042552
0.042718
0.042860
0.042843
0.042396
0.042314
0.041939
0.041753
0.042129
0.042333
0.042007
0.041605
0.041833
0.042671
0.043013
0.042732
0.042708
0.041041
0.041373
0.041198
0.041810
0.040727
0.041643
0.041599
0.043090
0.041209
0.041373
0.040603
0.040217
0.040173
0.040114
0.040198
0.041317
0.040348
0.040562
0.041064
0.041138
0.040690
0.041102
0.040577
0.040622
0.040755
0.040633
0.040075
0.040071
0.038961
0.038938
0.038085
0.039115
0.039179
0.038042
0.039288
0.039580
0.038940
0.038099
0.038196
0.039657
0.039948
0.040332
0.040457
0.041427
0.041587
0.041027
0.041721
0.041650
0.040763
0.040467
0.040368
0.039417
0.039865
0.040739
0.040038
0.042694
0.042740
0.041142
0.041299
0.040367
0.127857
0.145948
0.144786
0.185710
0.185354
0.148412
0.172569
0.129033
0.128126
0.123397
0.121840
0.122143
0.121668
0.121971
0.129221
0.121703
0.113410
0.113349
0.103380
0.110370
0.112649
0.113049
0.116399
0.114849
0.116330
0.114828
0.114578
0.115021
0.112617
0.112888
0.112788
0.113361
0.112708
0.114816
0.115782
0.114878
0.115124
0.113833
0.116152
0.113228
0.113615
0.113535
0.116867
0.115808
0.147214
0.145828
0.185485
0.186401
0.186625
0.182157
0.183258
0.199930
0.199332
0.198162
0.199509
0.209707
0.203335
0.188771
0.192420
0.195225
0.192047
0.195980
0.190674
0.190842
0.187903
0.189093
0.189438
0.191934
0.192139
0.192429
0.191326
0.193081
0.190938
0.190669
0.187750
0.192784
0.184576
0.185196
0.185161
0.186523
0.203352
0.202750
0.203174
0.201612
0.202688
0.202521
0.202148
0.201526
0.202535
0.202424
0.202290
0.147602
0.132149
0.191952
0.194475
0.190989
0.190926
0.188240
0.189529
0.188673
0.203338
0.202508
0.203195
0.204857
0.173276
0.208136
0.201106
0.200822
0.170145
0.181480
0.188648
0.199459
0.150213
0.159261
0.201918
0.201530
0.194161
0.191019
0.153730
0.151237
0.148883
0.192549
0.192971
0.076663
0.075263
0.077661
0.076292
0.078864
0.078930
0.076751
0.077165
0.078243
0.079118
0.080647
0.080977
0.080787
0.082458
0.081027
0.081416
0.081234
0.081700
0.084458
0.087296
0.088928
0.084410
0.068046
0.061641
0.048871
0.046044
0.055642
0.053450
0.052339
0.053639
0.054106
0.055847
0.056065
0.055664
0.057198
0.057182
0.053600
0.052890
0.054530
0.054789
0.053816
0.055290
0.056237
0.053118
0.059120
0.056858
0.053674
0.048649
0.049174
0.056988
0.054827
0.044193
0.048585
0.046136
0.051968
0.051936
0.051580
0.050071
0.051375
0.050215
0.053319
0.143768
0.143495
0.142363
0.142684
0.144061
0.143184
0.143253
0.143347
0.142675
0.142552
0.143386
0.144130
0.144273
0.145648
0.185061
0.176343
0.183063
0.181667
0.184551
0.182241
0.151077
0.184347
0.156175
0.154468
0.155749
0.159117
0.159346
0.158707
0.155165
0.166472
0.157942
0.169605
0.137239
0.179004
0.141446
0.139860
0.140913
0.144544
0.151048
0.145425
0.145439
0.138494
0.174569
0.141855
0.142826
0.142992
0.140658
0.140999
0.171643
0.047209
0.049913
0.046614
0.048039
0.045230
0.048209
0.053015
0.047181
0.048199
0.051744
0.054488
0.053824
0.050182
0.054364
0.054035
0.057736
0.056399
0.054729
0.052308
0.051900
0.054498
0.053144
0.050539
0.048577
0.048270
0.057206
0.063912
0.062227
0.060505
0.062404
0.061483
0.060963
0.064886
0.065815
0.067090
0.066744
0.066869
0.064739
0.066701
0.068103
0.065425
0.067687
0.065412
0.067831
0.067924
0.067477
0.067378
0.064287
0.063825
0.068563
0.068478
0.068756
0.068930
0.068679
0.068797
0.068446
0.069084
0.068301
0.068713
0.068913
0.142745
0.143496
0.140042
0.141786
0.144374
0.143811
0.144541
0.142955
0.142336
0.133728
0.143232
0.139655
0.142655
0.142123
0.138635
0.133660
0.139952
0.137837
0.138152
0.140434
0.200807
0.167009
0.173431
0.179357
0.173606
0.174130
0.173080
0.145711
0.184284
0.146294
0.145490
0.144907
0.147104
0.148878
0.194792
0.181839
0.180775
0.157700
0.162305
0.193261
0.178053
0.183836
0.156765
0.157070
0.184538
0.143780
0.194054
0.185614
0.144259
0.178315
0.180065
0.134982
0.038903
0.038692
0.042644
0.045328
0.041751
0.039757
0.039793
0.043021
0.042978
0.041867
0.043199
0.042810
0.042772
0.042698
0.042803
0.044592
0.042476
0.044406
0.043230
0.044879
0.043085
0.044271
0.044661
0.046387
0.039178
0.043246
0.040014
0.039358
0.035883
0.039611
0.043415
0.045191
0.037015
0.035730
0.036669
0.041434
0.037586
0.037387
0.036470
0.042297
0.041527
0.037734
0.037166
0.041584
0.037001
0.042124
0.044357
0.036915
0.037519
0.046226
0.035313
0.035147
0.041659
0.045621
0.052764
0.055535
0.053850
0.054815
0.058398
0.060288
0.060893
0.060936
0.059835
0.060288
0.061967
0.060892
0.063202
0.062073
0.066131
0.066844
0.068174
0.064349
0.069198
0.068594
0.064973
0.142670
0.142829
0.142899
0.141297
0.142688
0.143649
0.143439
0.143711
0.142556
0.142816
0.142429
0.142313
0.142271
0.142510
0.142996
0.142047
0.142437
0.152803
0.150434
0.158313
0.159950
0.157584
0.160444
0.164610
0.176285
0.173676
0.173673
0.164074
0.163796
0.163330
0.160546
0.145220
0.141488
0.149839
0.142591
0.144083
0.151321
0.150401
0.147277
0.146323
0.145365
0.143621
0.143957
0.143930
0.117342
0.117594
0.117679
0.149782
0.116069
0.148275
0.149436
0.149301
0.149383
0.146209
0.148304
0.147342
0.147401
0.148104
0.147767
0.154798
0.156445
0.174742
0.175429
0.170558
0.163919
0.171007
0.171630
0.172449
0.173418
0.184509
0.186242
0.182958
0.146591
0.048941
0.042255
0.046430
0.047199
0.047797
0.048727
0.048235
0.045614
0.043687
0.045572
0.049954
0.047558
0.049155
0.046234
0.048085
0.048714
0.047048
0.043239
0.045262
0.046910
0.046828
0.045981
0.046747
0.046699
0.045964
0.042707
0.043127
0.044536
0.047189
0.047257
0.048894
0.046446
0.049526
0.048997
0.048914
0.050599
0.046260
0.046361
0.048712
0.047058
0.052877
0.051560
0.051667
0.050040
0.049501
0.046255
0.051862
0.049744
0.046494
0.046319
0.048447
0.052551
0.051574
0.051727
0.051074
0.043443
0.050679
0.051618
0.051125
0.050196
0.185575
0.184098
0.189027
0.183168
0.183543
0.178007
0.180374
0.183346
0.176961
0.176555
0.173444
0.169033
0.174571
0.167637
0.173748
0.173245
0.172444
0.172628
0.185586
0.188449
0.178750
0.146086
0.147475
0.153435
0.145439
0.148328
0.172955
0.167688
0.164873
0.168697
0.170899
0.163437
0.163166
0.161922
0.160445
0.161172
0.162322
0.159007
0.159229
0.159486
0.161531
0.177451
0.160273
0.158989
0.156459
0.163403
0.170905
0.193483
0.191781
0.192933
0.196527
0.057187
0.056837
0.057660
0.056251
0.056808
0.056779
0.056741
0.056352
0.057340
0.056081
0.057168
0.057147
0.056711
0.055246
0.055130
0.055689
0.055253
0.055542
0.055113
0.055695
0.057086
0.056038
0.055913
0.055943
0.056231
0.056615
0.056681
0.055346
0.056405
0.056408
0.056914
0.055549
0.055493
0.055130
0.055526
0.055357
0.055564
0.055438
0.055182
0.055522
0.055053
0.055535
0.055817
0.056419
0.056290
0.056362
0.056124
0.056291
0.056065
0.056483
0.057876
0.056601
0.055777
0.055789
0.056159
0.055924
0.056685
0.056814
0.055092
0.051504
0.048930
0.172985
0.175160
0.168661
0.172178
0.176020
0.194586
0.195453
0.205351
0.145899
0.145113
0.141841
0.143097
0.147104
0.148802
0.161932
0.165325
0.141484
0.174437
0.167597
0.181542
0.166807
0.169628
0.144316
0.145830
0.151495
0.162587
0.179488
0.153815
0.147675
0.155392
0.153981
0.152124
0.152586
0.152649
0.152658
0.154492
0.149223
0.154653
0.151219
0.139356
0.135537
0.133816
0.147270
0.173157
0.180776
0.185858
0.190523
0.152577
0.151320
0.189095
0.140740
0.104150
0.096670
0.109071
0.120825
0.111360
0.140871
0.137876
0.161280
0.141249
0.163502
0.162950
0.160000
0.158018
0.158812
0.157899
0.158168
0.161435
0.163087
0.163916
0.163281
0.162918
0.162065
0.162746
0.060230
0.060269
0.064964
0.064224
0.063396
0.064685
0.046889
0.050427
0.051776
0.053305
0.055773
0.056799
0.058473
0.058927
0.059009
0.058446
0.058493
0.058592
0.057661
0.057528
0.058098
0.057664
0.057823
0.057748
0.057210
0.057245
0.058058
0.057362
0.056468
0.055893
0.055645
0.055822
0.055698
0.055548
0.055530
0.056144
0.054733
0.055645
0.055457
0.055764
0.056319
0.058704
0.057933
0.058053
0.058331
0.058464
0.158379
0.158756
0.157872
0.159536
0.158254
0.156974
0.158055
0.156720
0.157042
0.156501
0.156865
0.156329
0.157700
0.155043
0.154600
0.155408
0.152523
0.152284
0.152951
0.151075
0.150181
0.150785
0.149871
0.152003
0.155054
0.154438
0.154102
0.155768
0.154549
0.155617
0.153510
0.154638
0.155312
0.152583
0.152891
0.152861
0.154512
0.155283
0.155806
0.156738
0.154300
0.153185
0.153764
0.154077
0.156028
0.155444
0.155984
0.156818
0.155833
0.155404
0.154809
0.157853
0.158415
0.158339
0.156606
0.157437
0.157837
0.157646
0.156377
0.158957
0.158021
0.157465
0.157423
0.157704
0.157421
0.156859
0.157062
0.159249
0.159087
0.156277
0.157854
0.158743
0.156035
0.155382
0.154914
0.154871
0.156021
0.155764
0.157532
0.157214
0.157345
0.155157
0.155078
0.155966
0.155902
0.157575
0.157749
0.158329
0.157299
0.154430
0.155927
0.155009
0.154874
0.153929
0.154433
0.157354
0.154538
0.154926
0.154180
0.153658
0.153943
0.155225
0.153956
0.153095
0.153644
0.153142
0.152576
0.153297
0.152304
0.154333
0.052264
0.051322
0.052076
0.055127
0.055647
0.059042
0.055310
0.055578
0.054281
0.057258
0.057821
0.056157
0.057215
0.057760
0.056108
0.051248
0.052231
0.048722
0.052808
0.048795
0.046497
0.045842
0.047454
0.056941
0.059488
0.058892
0.058814
0.058534
0.055987
0.056951
0.051575
0.051723
0.054135
0.050461
0.046969
0.052021
0.054898
0.046969
0.048283
0.050274
0.052479
0.056213
0.060544
0.060598
0.059844
0.056712
0.058597
0.059633
0.061492
0.062049
0.061239
0.064855
0.064691
0.074047
0.066613
0.068214
0.065897
0.065889
0.153985
0.154393
0.154334
0.153010
0.151904
0.152854
0.152877
0.154992
0.155103
0.154248
0.153647
0.157362
0.155588
0.156833
0.156683
0.145363
0.146166
0.155228
0.156909
0.156049
0.155751
0.155889
0.155053
0.133790
0.155643
0.154742
0.157072
0.156227
0.154315
0.152713
0.152328
0.155466
0.156723
0.159037
0.157206
0.156577
0.185237
0.183512
0.182682
0.182354
0.155991
0.155557
0.154817
0.155963
0.155348
0.156856
0.156208
0.153704
0.155327
0.155552
0.156002
0.155445
0.156259
0.155415
0.155522
0.157239
0.156083
0.156383
0.156175
0.154980
0.156933
0.157395
0.154718
0.155734
0.155573
0.155371
0.154565
0.154476
0.154171
0.154613
0.156255
0.156944
0.156585
0.154082
0.153700
0.155533
0.155975
0.156277
0.156617
0.154853
0.155752
0.154973
0.155649
0.156259
0.154979
0.154188
0.154463
0.154926
0.155432
0.155250
0.155767
0.156007
0.155446
0.156069
0.156492
0.156405
0.155065
0.155660
0.153960
0.151159
0.173530
0.156494
0.156049
0.176569
0.158666
0.177865
0.156930
0.154957
0.154314
0.153997
0.153891
0.179436
0.177707
0.179940
0.178238
0.178039
0.177125
0.176524
0.176760
0.178326
0.178476
0.177177
0.182098
0.181673
0.179834
0.179870
0.176638
0.156905
0.156477
0.153770
0.155260
0.155710
0.154005
0.153574
0.153136
0.151465
0.150467
0.149517
0.151753
0.150869
0.151650
0.152984
0.152311
0.154030
0.156093
0.156782
0.156313
0.151970
0.153482
0.179012
0.173533
0.173575
0.181044
0.177292
0.175113
0.177826
0.175136
0.177912
0.178568
0.176171
0.175652
0.175622
0.176481
0.174754
0.175891
0.155300
0.156896
0.156561
0.155534
0.158065
0.180539
0.177357
0.181584
0.182429
0.156123
0.156514
0.156619
0.155339
0.156848
0.156383
0.156433
0.156448
0.180639
0.182305
0.180511
0.181710
0.157209
0.157457
0.157129
0.155742
0.155588
0.155103
0.155110
0.156255
0.182949
0.183245
0.183434
0.189039
0.190578
0.189472
0.176679
0.178373
0.156251
0.153429
0.177972
0.180586
0.154442
0.156873
0.156718
0.156858
0.157135
0.157107
0.156062
0.155751
0.155402
0.181263
0.158945
0.181107
0.180761
0.180217
0.179204
0.156804
0.179634
0.180026
0.178395
0.157797
0.159296
0.158857
0.178044
0.184320
0.179564
0.157507
0.178819
0.181619
0.179708
0.181271
0.179834
0.181597
0.180032
0.180733
0.180613
0.157866
0.183889
0.183825
0.183783
0.158547
0.157612
0.156683
0.154917
0.154645
0.156271
0.153642
0.186281
0.154890
0.155375
0.153199
0.154925
0.155995
0.154947
0.154647
0.152873
0.152713
0.155913
0.153963
0.153970
0.154414
0.154833
0.155616
0.183046
0.186434
0.182993
0.182986
0.182047
0.154020
0.154664
0.182948
0.180991
0.180172
0.182264
0.156534
0.179576
0.180408
0.181315
0.180789
0.180818
0.179226
0.178867
0.180694
0.179410
0.153715
0.153808
0.151857
0.152817
0.154047
0.154710
0.154436
0.156933
0.154672
0.157193
0.156418
0.155668
0.158358
0.157334
0.158242
0.157527
0.158238
0.157996
0.157546
0.158601
0.156946
0.157287
0.157576
0.158050
0.157757
0.157415
0.158663
0.157947
0.157343
0.155117
0.156240
0.157002
0.156556
0.157111
0.156920
0.154908
0.156186
0.155047
0.155765
0.156808
0.156535
0.156019
0.156448
0.155890
0.154531
0.155902
0.155904
0.156568
0.155741
0.156316
0.155235
0.154860
0.154953
0.154902
0.155098
0.155269
0.154052
0.155464
0.154893
0.154806
0.153032
0.152982
0.153588
0.152749
0.151996
0.152572
0.152976
0.153506
0.152966
0.152499
0.152531
0.151987
0.151714
0.153854
0.005579
0.005195
0.005096
0.004781
0.004744
0.004489
0.004321
0.004482
0.004323
0.004120
0.004214
0.003924
0.003814
0.003959
0.003686
0.003582
0.003768
0.003545
0.003280
0.003398
0.003082
0.002900
0.003021
0.002698
0.002624
0.002703
0.002538
0.002389
0.002361
0.002207
0.002183
0.002038
0.001906
0.001926
0.001900
0.001785
0.001999
0.001553
0.001571
0.001655
0.001409
0.001380
0.001466
0.001220
0.001208
0.001309
0.001058
0.001052
0.001203
0.000923
0.001010
0.001079
0.000801
0.000960
0.000902
0.000683
0.000945
0.000707
0.000703
0.000913
0.000567
0.000812
0.000574
0.000477
0.000784
0.000381
0.000581
0.000508
0.000307
0.000685
0.000299
0.000308
0.000503
0.000146
0.000311
0.000276
0.000047
0.000291
0.000282
0.000092
0.000340
0.000348
0.000157
0.091149
0.090713
0.090853
0.091178
0.091201
0.091491
0.091607
0.091539
0.092660
0.092639
0.092639
0.092589
0.092704
0.091707
0.091734
0.091732
0.091718
0.093017
0.093181
0.093181
0.093181
0.092606
0.092669
0.093297
0.092641
0.092899
0.093604
0.092915
0.093581
0.093679
0.093692
0.092162
0.093088
0.093760
0.093624
0.093631
0.093596
0.093191
0.092147
0.093506
0.093977
0.093715
0.093819
0.093568
0.093705
0.093704
0.093509
0.092603
0.090783
0.092538
0.092555
0.092589
0.092427
0.091707
0.091759
0.091004
0.091023
0.091023
0.091023
0.091023
0.091004
0.091004
0.091004
0.091004
0.092747
0.092127
0.092127
0.092127
0.092781
0.091655
0.091655
0.091655
0.092591
0.092688
0.092688
0.092688
0.092521
0.093150
0.092752
0.092185
0.093764
0.093768
0.094007
0.093772
0.093697
0.092900
0.092882
0.092664
0.093569
0.092360
0.092732
0.092914
0.092937
0.093890
0.091754
0.092144
0.080600
0.080325
0.080325
0.080324
0.080325
0.080580
0.080579
0.080581
0.080579
0.080597
0.080547
0.080550
0.080575
0.080723
0.080690
0.080598
0.080753
0.080744
0.080297
0.080296
0.080760
0.080316
0.080249
0.080249
0.080317
0.080330
0.080356
0.080321
0.080268
0.080288
0.080299
0.080299
0.080264
0.080340
0.080328
0.080328
0.080341
0.080538
0.080502
0.080534
0.080507
0.080554
0.080554
0.080654
0.080506
0.080630
0.080521
0.080491
0.080558
0.080558
0.080552
0.080543
0.080544
0.080544
0.080630
0.080557
0.080305
0.080304
0.080333
0.080252
0.080562
0.080562
0.080569
0.080603
0.080604
0.080604
0.080603
0.080499
0.080490
0.080490
0.080490
0.080490
0.080490
0.080974
0.256315
0.255778
0.254268
0.255122
0.254669
0.255131
0.254972
0.254659
0.254629
0.221805
0.220019
0.231232
0.230415
0.223720
0.227861
0.227724
0.226894
0.224792
0.224994
0.224409
0.227741
0.225609
0.224622
0.223584
0.220674
0.223732
0.225108
0.222743
0.229319
0.230518
0.228661
0.230135
0.229420
0.230611
0.229287
0.229383
0.229078
0.228863
0.229388
0.229467
0.226256
0.228197
0.228692
0.222228
0.213864
0.215721
0.216447
0.215457
0.217175
0.218137
0.218478
0.218399
0.219688
0.215727
0.215150
0.214765
0.214948
0.217628
0.216837
0.222696
0.234604
0.249737
0.252730
0.248109
0.238005
0.235170
0.248367
0.249560
0.231099
0.231317
0.231531
0.230629
0.232020
0.231364
0.231799
0.232642
0.231173
0.231703
0.233980
0.232399
0.234400
0.243515
0.207026
0.218121
0.244385
0.236979
0.228414
0.232313
0.206556
0.206805
0.193091
0.194515
0.213293
0.215046
0.232015
0.229223
0.228354
0.226065
0.228013
0.229520
0.229165
0.229121
0.229391
0.228979
0.229622
0.229887
0.229886
0.230528
0.228977
0.228945
0.228396
0.229033
0.229911
0.228608
0.228821
0.229547
0.228574
0.230928
0.228274
0.228860
0.230065
0.227558
0.227653
0.227546
