0.048435
0.049668
0.050818
0.050115
0.050733
0.050381
0.050310
0.050693
0.050712
0.050059
0.049442
0.049587
0.048682
0.049275
0.049845
0.057917
0.060156
0.060687
0.057412
0.056934
0.056642
0.056757
0.056803
0.057026
0.059128
0.059120
0.059070
0.057661
0.057872
0.061228
0.064204
0.065999
0.068910
0.069461
0.067846
0.068600
0.067581
0.067639
0.073306
0.073163
0.072938
0.073435
0.074098
0.075441
0.075939
0.074838
0.073160
0.073815
0.072395
0.070828
0.069782
0.069841
0.068163
0.067109
0.064210
0.062965
0.062829
0.060556
0.060128
0.059846
0.059227
0.060106
0.060214
0.059153
0.061347
0.059017
0.060512
0.061540
0.042647
0.042630
0.052777
0.053620
0.052794
0.052436
0.052795
0.046435
0.041937
0.041137
0.038591
0.037362
0.035243
0.034087
0.033517
0.030285
0.027989
0.028570
0.029057
0.028971
0.029066
0.028558
0.028310
0.027850
0.028045
0.030860
0.031027
0.030117
0.027777
0.018788
0.020210
0.013911
0.009637
0.007295
0.003226
0.000000
0.002169
0.004313
0.004567
0.005659
0.006806
0.011455
0.019762
0.026737
0.033026
0.038638
0.058871
0.071398
0.071471
0.077382
0.074407
0.073229
0.070593
0.068275
0.066686
0.068428
0.070487
0.074034
0.080451
0.171089
0.170852
0.171411
0.171300
0.168120
0.168956
0.193207
0.192611
0.187492
0.187353
0.187383
0.192388
0.191950
0.185601
0.185571
0.185796
0.186046
0.170859
0.171003
0.171856
0.171856
0.171713
0.171867
0.171867
0.171867
0.171038
0.171476
0.170629
0.170961
0.170629
0.170549
0.176732
0.175207
0.174872
0.174721
0.174764
0.174790
0.174690
0.174690
0.174690
0.174212
0.174359
0.174359
0.174800
0.175360
0.175187
0.175187
0.175188
0.174561
0.170492
0.170089
0.170088
0.170088
0.170088
0.170088
0.170088
0.170088
0.170088
0.170088
0.170088
0.170088
0.170088
0.170088
0.170088
0.170088
0.164940
0.170513
0.170172
0.170168
0.170168
0.170167
0.170167
0.170167
0.170231
0.170168
0.170168
0.170168
0.170167
0.170442
0.170443
0.170443
0.170230
0.170282
0.170269
0.170270
0.171268
0.170534
0.170570
0.170507
0.170117
0.171565
0.174339
0.174339
0.171725
0.173705
0.173705
0.173705
0.173922
0.170159
0.170190
0.170190
0.170165
0.171306
0.166444
0.166021
0.166020
0.165954
0.165954
0.165954
0.166017
0.165955
0.165955
0.165955
0.165823
0.165821
0.165821
0.165821
0.165823
0.165822
0.165993
0.165993
0.163987
0.164115
0.164103
0.164103
0.164027
0.164001
0.164057
0.164057
0.164009
0.164008
0.164009
0.164009
0.164023
0.164025
0.164025
0.164025
0.163684
0.164048
0.164048
0.164048
0.164046
0.163420
0.163384
0.163384
0.163383
0.163208
0.163208
0.163208
0.163208
0.164273
0.164251
0.164251
0.164252
0.164157
0.164157
0.164157
0.164181
0.163332
0.163302
0.165372
0.163938
0.163988
0.163854
0.163988
0.163911
0.164676
0.163734
0.130258
0.120330
0.131116
0.129918
0.134001
0.121750
0.128748
0.108227
0.111145
0.119494
0.125393
0.162024
0.165451
0.158830
0.168996
0.137519
0.149073
0.149157
0.153224
0.148639
0.161251
0.162868
0.152229
0.132080
0.117959
0.109454
0.137315
0.106126
0.141539
0.127247
0.125560
0.154375
0.126459
0.130942
0.125466
0.123911
0.123744
0.139537
0.141839
0.120258
0.126652
0.126318
0.123701
0.106002
0.129806
0.129026
0.157903
0.159358
0.165698
0.182357
0.172723
0.117041
0.101950
0.140234
0.102952
0.139033
0.147090
0.135339
0.133343
0.134635
0.136720
0.139119
0.111622
0.110929
0.154891
0.098747
0.100464
0.105672
0.103426
0.099187
0.155665
0.093811
0.143629
0.142319
0.144237
0.146107
0.126931
0.123805
0.149457
0.129910
0.125888
0.142384
0.155049
0.156525
0.148027
0.154194
0.141728
0.143516
0.155338
0.156422
0.148263
0.160314
0.160157
0.157808
0.144746
0.147838
0.129697
0.155997
0.126758
0.154213
0.157805
0.169329
0.137663
0.125606
0.156149
0.110308
0.120109
0.122951
0.154272
0.125130
0.112789
0.118217
0.142095
0.148154
0.149617
0.150137
0.149895
0.145909
0.149492
0.149824
0.149372
0.154374
0.148556
0.147710
0.148966
0.149527
0.148852
0.142739
0.148254
0.138371
0.134028
0.145228
0.133189
0.134610
0.172529
0.172597
0.168624
0.162238
0.165957
0.168557
0.169315
0.171887
0.170358
0.163833
0.170022
0.174128
0.174201
0.170644
0.195254
0.176424
0.202515
0.191363
0.203530
0.201868
0.205609
0.203208
0.201409
0.194995
0.194815
0.202092
0.200313
0.189857
0.194284
0.202065
0.202129
0.198365
0.168061
0.160986
0.169006
0.172875
0.171085
0.174891
0.146999
0.225628
0.217529
0.141937
0.177631
0.227834
0.223649
0.170139
0.215025
0.171339
0.171352
0.172504
0.174047
0.166572
0.171418
0.171587
0.172616
0.166968
0.166325
0.170492
0.171495
0.167392
0.166827
0.191863
0.165717
0.166767
0.207797
0.175935
0.181402
0.212306
0.145373
0.144126
0.144206
0.140426
0.140333
0.141052
0.140762
0.134597
0.135269
0.134515
0.140262
0.143554
0.138462
0.134348
0.136500
0.138062
0.136270
0.138702
0.135875
0.137990
0.136321
0.135802
0.136150
0.138155
0.139176
0.138769
0.135379
0.135023
0.135259
0.135235
0.135296
0.134405
0.133909
0.134714
0.133444
0.134205
0.139087
0.134661
0.133871
0.139779
0.134591
0.134616
0.142759
0.135353
0.135973
0.133765
0.136180
0.136877
0.133518
0.137038
0.139351
0.143303
0.137300
0.135595
0.140072
0.141419
0.140999
0.140873
0.137675
0.138556
0.158401
0.151028
0.170213
0.186588
0.133419
0.139960
0.135717
0.137276
0.145579
0.143647
0.144051
0.144703
0.141550
0.144397
0.144107
0.147304
0.146613
0.137642
0.143884
0.143407
0.144334
0.143313
0.144074
0.146879
0.144222
0.144946
0.145087
0.143003
0.145292
0.142564
0.143426
0.143473
0.148118
0.143671
0.144063
0.144914
0.142344
0.144914
0.143708
0.144333
0.193703
0.145601
0.115970
0.128792
0.138148
0.078706
0.208660
0.228757
0.240311
0.177348
0.200504
0.204937
0.217537
0.115039
0.175244
0.175028
0.174400
0.176225
0.172886
0.172881
0.139559
0.137470
0.150505
0.149719
0.149264
0.161727
0.158980
0.106735
0.106724
0.136793
0.229376
0.140234
0.137829
0.147991
0.150127
0.194200
0.226215
0.222350
0.222344
0.191703
0.186782
0.189154
0.189016
0.229401
0.135450
0.187815
0.187909
0.186443
0.186019
0.219558
0.144168
0.208314
0.210737
0.209194
0.205261
0.148235
0.184005
0.188143
0.186347
0.207547
0.184361
0.185441
0.187528
0.187450
0.142724
0.142945
0.184507
0.187356
0.184567
0.175350
0.174315
0.178379
0.188710
0.187824
0.186639
0.212464
0.143697
0.183518
0.143678
0.139713
0.145861
0.147465
0.185185
0.178135
0.146927
0.148307
0.148169
0.148066
0.144954
0.144482
0.145778
0.147033
0.145649
0.144821
0.145604
0.145737
0.185236
0.145350
0.145482
0.149591
0.193609
0.143494
0.143672
0.143266
0.143615
0.144435
0.183660
0.152230
0.153652
0.151020
0.133318
0.164923
0.142643
0.138007
0.180547
0.190732
0.189561
0.182747
0.190493
0.197846
0.138082
0.189754
0.144034
0.151808
0.148574
0.146214
0.147806
0.142485
0.147552
0.126659
0.188519
0.168574
0.150630
0.135918
0.218072
0.104320
0.162693
0.152314
0.147045
0.136386
0.118727
0.149132
0.150627
0.169650
0.120552
0.131570
0.132377
0.119407
0.110950
0.122904
0.142345
0.126612
0.085819
0.085128
0.085126
0.085361
0.085617
0.085527
0.109644
0.109586
0.115786
0.110398
0.110455
0.110088
0.113405
0.111206
0.111075
0.111076
0.110550
0.112405
0.111340
0.112564
0.111954
0.111855
0.109714
0.109605
0.105251
0.104005
0.118924
0.118087
0.118501
0.119077
0.118443
0.118799
0.118401
0.118389
0.118558
0.118381
0.119137
0.140236
0.119221
0.118804
0.118490
0.135261
0.119168
0.119490
0.118836
0.120134
0.118629
0.137897
0.139116
0.139278
0.135713
0.134181
0.135359
0.135719
0.134296
0.134635
0.134636
0.135692
0.119124
0.115002
0.120790
0.119435
0.129794
0.140499
0.151590
0.136884
0.163151
0.112308
0.110187
0.107839
0.109068
0.104883
0.122688
0.120679
0.121174
0.123292
0.123180
0.105474
0.117667
0.117800
0.102934
0.109710
0.111647
0.112968
0.118103
0.107256
0.104835
0.107402
0.107360
0.107257
0.107207
0.106144
0.120110
0.105213
0.103602
0.119884
0.119184
0.117736
0.105718
0.119285
0.120092
0.119499
0.119598
0.119463
0.103755
0.118823
0.118985
0.119241
0.107154
0.121236
0.120704
0.123629
0.118398
0.119260
0.120350
0.105655
0.103642
0.111313
0.118660
0.118453
0.118453
0.118447
0.118312
0.118743
0.118729
0.118772
0.118845
0.118623
0.118471
0.118880
0.118451
0.118533
0.118448
0.118242
0.118217
0.118423
0.118256
0.103024
0.118458
0.118181
0.105888
0.103777
0.102813
0.104735
0.111612
0.107982
0.112199
0.118685
0.118597
0.118577
0.118438
0.118941
0.118142
0.118609
0.118639
0.118048
0.118527
0.103312
0.109720
0.108336
0.103975
0.112995
0.103698
0.104879
0.104884
0.114354
0.116361
0.107223
0.176154
0.167913
0.168226
0.169483
0.171129
0.184602
0.199330
0.200754
0.194990
0.188659
0.181170
0.177774
0.172026
0.149405
0.135539
0.128689
0.143335
0.151329
0.140613
0.145102
0.142002
0.151486
0.136924
0.133555
0.149015
0.139893
0.129412
0.142298
0.147597
0.132333
0.129564
0.149815
0.137014
0.146774
0.150670
0.143328
0.135051
0.127166
0.128178
0.151342
0.151589
0.142508
0.146557
0.187360
0.171320
0.163892
0.185360
0.148134
0.184030
0.184293
0.180656
0.184887
0.140593
0.159616
0.154233
0.130163
0.130084
0.117507
0.133778
0.134681
0.139681
0.135065
0.139596
0.139468
0.138566
0.137874
0.138722
0.135193
0.135422
0.136513
0.149511
0.165907
0.190888
0.197664
0.183926
0.163492
0.149337
0.117699
0.124782
0.110211
0.110415
0.111455
0.111347
0.115325
0.111273
0.124670
0.117910
0.117268
0.114169
0.115425
0.114480
0.114005
0.115296
0.116920
0.119539
0.128635
0.105737
0.109726
0.112953
0.117683
0.108710
0.117724
0.177177
0.166301
0.175021
0.154529
0.146505
0.177341
0.157182
0.193822
0.206073
0.213462
0.212772
0.227194
0.230336
0.230769
0.210526
0.211193
0.127759
0.121088
0.149934
0.165688
0.180721
0.186013
0.186616
0.173320
0.177943
0.186675
0.189642
0.182847
0.185953
0.188415
0.188073
0.189618
0.182077
0.188779
0.192700
0.180506
0.176395
0.193627
0.190915
0.178955
0.179154
0.187741
0.179052
0.181073
0.179304
0.180083
0.179655
0.207750
0.224762
0.199520
0.195191
0.199345
0.198261
0.223561
0.191674
0.198081
0.196534
0.211176
0.198854
0.148736
0.136704
0.131693
0.127769
0.140091
0.132870
0.132508
0.133030
0.139311
0.130272
0.122295
0.121125
0.122440
0.122724
0.134705
0.132031
0.130548
0.140816
0.139268
0.135054
0.140935
0.137032
0.128536
0.135871
0.129064
0.136183
0.128150
0.136437
0.131896
0.134734
0.139437
0.134924
0.122630
0.137177
0.136887
0.140910
0.142363
0.188358
0.134208
0.139447
0.142377
0.135529
0.189180
0.130046
0.131959
0.124944
0.135836
0.190161
0.175557
0.190744
0.191103
0.173536
0.212848
0.103518
0.238807
0.202489
0.213164
0.214313
0.199807
0.200939
0.195352
0.196578
0.196472
0.176541
0.191648
0.194300
0.193546
0.196446
0.195335
0.202482
0.199365
0.199704
0.204133
0.194205
0.191694
0.188110
0.181673
0.189539
0.188828
0.189101
0.187165
0.187989
0.189888
0.187652
0.187207
0.186968
0.190515
0.190309
0.187473
0.190744
0.195291
0.194342
0.197409
0.191264
0.198317
0.192230
0.190910
0.186756
0.183685
0.205393
0.186162
0.187453
0.189089
0.188663
0.195642
0.194124
0.190141
0.185778
0.206318
0.200040
0.196533
0.193242
0.193570
0.179588
0.191957
0.208251
0.196864
0.191314
0.192610
0.199155
0.191739
0.206423
0.217209
0.175836
0.214798
0.204971
0.183440
0.196019
0.201107
0.135202
0.124225
0.130271
0.136968
0.129571
0.136784
0.124633
0.149153
0.161064
0.158116
0.144497
0.147034
0.142314
0.166928
0.164804
0.163077
0.171729
0.173885
0.138389
0.140547
0.132703
0.137937
0.138014
0.133544
0.134002
0.134001
0.134670
0.133706
0.133832
0.133864
0.135664
0.135790
0.135725
0.134685
0.134727
0.134709
0.134033
0.135718
0.133811
0.133384
0.132605
0.132604
0.132604
0.132610
0.132614
0.132611
0.135693
0.132626
0.132743
0.132746
0.132744
0.132750
0.132752
0.132765
0.132812
0.133421
0.136428
0.136335
0.135833
0.135828
0.135708
0.135709
0.135709
0.135712
0.133224
0.136246
0.133285
0.135781
0.134771
0.132403
0.134792
0.133826
0.128314
0.130782
0.129888
0.129852
0.128965
0.128964
0.135573
0.145221
0.123317
0.136487
0.134550
0.101133
0.080929
0.102947
0.135172
0.094803
0.096328
0.111121
0.083564
0.104641
0.108152
0.108502
0.078066
0.101037
0.126062
0.074664
0.093656
0.122892
0.140655
0.082855
0.145248
0.131222
0.115699
0.153722
0.152966
0.105033
0.101741
0.149998
0.120954
0.138160
0.142494
0.126916
0.116427
0.127312
0.132918
0.120278
0.120367
0.120441
0.161105
0.304146
0.289448
0.301953
0.240616
0.321984
0.337938
0.333223
0.336614
0.336179
0.348427
0.325398
0.347697
0.351751
0.229699
0.354043
0.337349
0.358635
0.354986
0.204005
0.200642
0.342118
0.340824
0.339103
0.335368
0.313687
0.312950
0.252966
0.300490
0.298951
0.287426
0.293372
0.301288
0.290334
0.297553
0.294387
0.230296
0.231457
0.232850
0.222029
0.223606
0.222058
0.221659
0.265325
0.229281
0.247051
0.258598
0.274087
0.280404
0.278129
0.279000
0.280464
0.229641
0.189756
0.197953
0.188934
0.216218
0.226609
0.225892
0.215231
0.221479
0.215650
0.163904
0.208520
0.160254
0.159777
0.160929
0.159647
0.158523
0.226638
0.223009
0.207131
0.217222
0.211856
0.155657
0.154305
0.158270
0.158234
0.166051
0.160520
0.212151
0.212682
0.210090
0.204999
0.155963
0.207903
0.206496
0.208236
0.208296
0.213805
0.210198
0.158427
0.225275
0.219930
0.185957
0.141521
0.144359
0.141005
0.140685
0.145379
0.146303
0.142017
0.140399
0.142596
0.141233
0.140663
0.139670
0.135629
0.126023
0.128089
0.125773
0.121997
0.125233
0.122195
0.124391
0.093140
0.107277
0.107336
0.106999
0.122914
0.124852
0.118082
0.119276
0.119910
0.122316
0.120428
0.119777
0.120660
0.120559
0.119803
0.121971
0.125827
0.150490
0.124495
0.125672
0.136247
0.146170
0.129440
0.131485
0.133504
0.131699
0.137231
0.140479
0.146750
0.159243
0.147674
0.149153
0.151450
0.152010
0.164333
0.155821
0.165472
0.258264
0.234466
0.235085
0.234332
0.230064
0.219385
0.217313
0.188016
0.226513
0.215021
0.097763
0.202637
0.188407
0.154595
0.144174
0.142640
0.188668
0.146349
0.134959
0.152425
0.145356
0.168405
0.218131
0.194798
0.189910
0.189542
0.186664
0.197167
0.217785
0.262602
0.277470
0.243196
0.206743
0.288757
0.279700
0.279362
0.261877
0.265872
0.278473
0.269773
0.259617
0.256510
0.258189
0.272932
0.281250
0.279839
0.288532
0.281364
0.284619
0.280313
0.254409
0.266861
0.257576
0.261302
0.256471
0.246445
0.271745
0.271327
0.257687
0.218384
0.183111
0.185111
0.271187
0.278575
0.278304
0.280894
0.282807
0.281759
0.272747
0.273644
0.274869
0.277853
0.280940
0.268312
0.277482
0.276325
0.294699
0.285054
0.307128
0.332395
0.365456
0.416368
0.452491
0.467406
0.513582
0.480236
0.496467
0.496467
0.496467
0.496467
0.496467
0.496467
0.496467
0.496467
0.496467
0.496467
0.496467
0.362917
0.362880
0.364272
0.364473
0.364342
0.364052
0.362373
0.366436
0.361216
0.358379
0.383175
0.375884
0.379323
0.380149
0.376041
0.374955
0.374925
0.373002
0.376799
0.376167
0.376573
0.378112
0.378942
0.378884
0.376694
0.383263
0.376061
0.375747
0.355161
0.350598
0.351133
0.351135
0.358659
0.353216
0.350320
0.352491
0.350242
0.346001
0.343699
0.344922
0.351420
0.374439
0.372154
0.376387
0.379829
0.376775
0.375677
0.378380
0.376637
0.376444
0.379090
0.375001
0.381077
0.377544
0.378297
0.377767
0.379422
0.370677
0.375195
0.378641
0.380383
0.363640
0.358389
0.357333
0.356751
0.356060
0.356287
0.356414
0.356267
0.355882
0.355659
0.355129
0.355454
0.355264
0.355248
0.356086
0.356805
0.355355
0.355220
0.356301
0.355915
0.355554
0.369255
0.360373
0.355636
0.359315
0.353244
0.360442
0.356946
0.354761
0.351751
0.349345
0.352162
0.350964
0.356047
0.359652
0.359369
0.357968
0.359136
0.357676
0.358413
0.360173
0.357628
0.359021
0.358820
0.358099
0.358024
0.358235
0.357984
0.358392
0.358723
0.358152
0.357519
0.357289
0.357494
0.357769
0.357206
0.356272
0.358506
0.358487
0.358163
0.358643
0.358632
0.358707
