0.492435
0.079032
0.080423
0.079517
0.079021
0.088539
0.080183
0.078316
0.078045
0.088603
0.087646
0.088126
0.087813
0.087562
0.087198
0.087578
0.087494
0.087691
0.079765
0.079452
0.079235
0.079222
0.078347
0.079675
0.079326
0.137820
0.108137
0.135081
0.105207
0.106431
0.110664
0.132426
0.132332
0.131471
0.120460
0.111786
0.111932
0.125085
0.128941
0.112066
0.111290
0.120816
0.111032
0.121517
0.123796
0.123075
0.110916
0.111211
0.110654
0.109533
0.122133
0.124496
0.124598
0.125407
0.125005
0.128639
0.125686
0.126798
0.129695
0.133494
0.135020
0.135047
0.128959
0.133145
0.132253
0.125062
0.111972
0.111834
0.123209
0.125834
0.133625
0.128803
0.130319
0.125368
0.123138
0.126680
0.132264
0.108505
0.100534
0.100692
0.100276
0.102427
0.102535
0.083312
0.082966
0.083382
0.083544
0.083570
0.083303
0.077033
0.083815
0.084500
0.084401
0.084255
0.083902
0.077682
0.078293
0.078324
0.078245
0.083875
0.084138
0.084892
0.084683
0.078014
0.078426
0.116471
0.124500
0.127884
0.087646
0.084162
0.084387
0.138301
0.105208
0.078223
0.057766
0.044043
0.043892
0.068084
0.177664
0.181784
0.177530
0.176417
0.187522
0.184401
0.183078
0.166560
0.164992
0.171508
0.164207
0.176202
0.162310
0.175155
0.167173
0.174416
0.172109
0.161616
0.162075
0.163791
0.164877
0.161631
0.161964
0.160663
0.162231
0.161414
0.164151
0.170319
0.167193
0.164870
0.167275
0.168151
0.177087
0.168867
0.173138
0.169137
0.176460
0.176032
0.161096
0.165222
0.162665
0.164286
0.160671
0.161100
0.159781
0.167601
0.177018
0.160168
0.159306
0.158342
0.164462
0.159336
0.165776
0.172424
0.174067
0.164944
0.173612
0.165641
0.164603
0.165070
0.173614
0.173235
0.159174
0.159447
0.159200
0.158431
0.158496
0.158292
0.175958
0.158262
0.158724
0.158094
0.158948
0.157347
0.159574
0.166385
0.168233
0.175979
0.176980
0.177231
0.177247
0.178529
0.159089
0.158053
0.162780
0.163249
0.162982
0.163466
0.177011
0.176858
0.172068
0.177595
0.178177
0.163603
0.163557
0.158170
0.162357
0.164830
0.158813
0.157827
0.156972
0.170574
0.176739
0.176502
0.171176
0.169945
0.175749
0.176795
0.176227
0.176491
0.176445
0.176187
0.176021
0.165407
0.163443
0.163828
0.164668
0.163163
0.162329
0.166909
0.162602
0.133873
0.112386
0.093759
0.076384
0.061395
0.049049
0.046836
0.072315
0.073079
0.073802
0.074121
0.074301
0.074247
0.075387
0.076416
0.075266
0.076276
0.075599
0.075960
0.078850
0.078761
0.078217
0.078217
0.078426
0.076547
0.076847
0.077588
0.077522
0.079850
0.080232
0.078191
0.078727
0.075827
0.135500
0.125894
0.087738
0.088842
0.078743
0.079879
0.080394
0.080489
0.081040
0.079843
0.080387
0.081561
0.079358
0.077544
0.078000
0.077419
0.077548
0.138352
0.108123
0.075838
0.053971
0.041912
0.048704
0.080584
0.191459
0.190252
0.189080
0.186877
0.187265
0.187414
0.187260
0.184812
0.187212
0.183980
0.184486
0.184489
0.186255
0.188083
0.189402
0.131938
0.131938
0.134169
0.130377
0.128197
0.131250
0.131140
0.131637
0.127078
0.138371
0.138333
0.138945
0.138360
0.148757
0.148296
0.145654
0.145675
0.145026
0.141574
0.140927
0.140792
0.140036
0.134911
0.123787
0.110914
0.097106
0.078423
0.079632
0.072429
0.041951
0.033641
0.027038
0.020859
0.016312
0.011747
0.008509
0.006664
0.004737
0.004226
0.004052
0.004041
0.003932
0.003385
0.003385
0.003259
0.003636
0.003292
0.002627
0.002620
0.002568
0.003132
0.002768
0.002389
0.002389
0.002850
0.003455
0.002856
0.002859
0.002860
0.003131
0.003773
0.003984
0.003751
0.003752
0.003731
0.004082
0.004408
0.004233
0.004200
0.004436
0.004596
0.004321
0.003919
0.003926
0.004254
0.004817
0.004492
0.004218
0.004311
0.004346
0.004823
0.004900
0.004454
0.004483
0.004398
0.004642
0.004965
0.083337
0.082123
0.079518
0.079718
0.079888
0.078360
0.084543
0.083374
0.083620
0.084437
0.083220
0.084254
0.082667
0.082929
0.081938
0.081533
0.083615
0.083920
0.084080
0.086375
0.085510
0.096339
0.087579
0.087497
0.086258
0.090811
0.080836
0.078993
0.078939
0.080371
0.079990
0.080826
0.093013
0.093104
0.090506
0.089323
0.091824
0.091036
0.091030
0.088504
0.089881
0.090692
0.092912
0.090650
0.089746
0.090827
0.088883
0.086902
0.087006
0.084188
0.082020
0.083223
0.077030
0.076724
0.079853
0.078833
0.080525
0.080202
0.080142
0.090804
0.092553
0.072873
0.074820
0.074618
0.078280
0.078419
0.081161
0.080917
0.080705
0.081049
0.080908
0.079162
0.120285
0.120572
0.119963
0.078530
0.078621
0.077085
0.077375
0.075372
0.076734
0.076666
0.077715
0.075095
0.074591
0.072269
0.076105
0.072350
0.072162
0.092652
0.091036
0.073442
0.076292
0.076132
0.088574
0.084355
0.083767
0.086494
0.086621
0.086698
0.077593
0.077974
0.078056
0.077796
0.077378
0.077573
0.077720
0.077867
0.088663
0.088432
0.076221
0.080431
0.076199
0.075764
0.077364
0.075900
0.078542
0.073890
0.074572
0.079348
0.074201
0.075562
0.074931
0.074394
0.111705
0.107753
0.108386
0.102102
0.099118
0.101279
0.094122
0.092952
0.092614
0.093805
0.092176
0.094359
0.095224
0.094094
0.093118
0.103750
0.094672
0.112939
0.092391
0.111251
0.093116
0.088637
0.088557
0.087096
0.086036
0.090124
0.105503
0.105386
0.104975
0.097716
0.098954
0.102769
0.102908
0.100412
0.104602
0.106844
0.104715
0.107019
0.109084
0.103550
0.110184
0.109056
0.109608
0.110665
0.109270
0.109179
0.109201
0.109608
0.109771
0.108157
0.108247
0.101936
0.099310
0.106420
0.110994
0.112672
0.108353
0.107125
0.108765
0.104695
0.100813
0.097129
0.098816
0.096189
0.096088
0.095273
0.095912
0.095801
0.096101
0.097210
0.095199
0.097668
0.098106
0.093315
0.098299
0.094574
0.090350
0.098017
0.092951
0.095646
0.100593
0.098744
0.101575
0.099335
0.103374
0.096556
0.092045
0.090791
0.086810
0.107508
0.109883
0.095284
0.094710
0.110321
0.102830
0.110820
0.111731
0.111332
0.108954
0.111547
0.113352
0.112190
0.138301
0.127328
0.107571
0.104323
0.080411
0.068372
0.065840
0.076715
0.073161
0.072672
0.067887
0.067187
0.077467
0.071924
0.065808
0.064595
0.068371
0.064267
0.073040
0.071555
0.064985
0.064549
0.064047
0.065346
0.066148
0.065000
0.064687
0.064590
0.065319
0.065480
0.064643
0.064905
0.064758
0.064413
0.064892
0.064325
0.065204
0.063409
0.066467
0.071954
0.070755
0.070334
0.072106
0.072861
0.071505
0.072691
0.072459
0.072348
0.072738
0.072413
0.072831
0.072717
0.072907
0.073975
0.075861
0.075796
0.075828
0.073027
0.072924
0.073265
0.074373
0.073191
0.067562
0.072423
0.059879
0.064586
0.060361
0.061437
0.058906
0.054485
0.056459
0.053717
0.055012
0.056578
0.055507
0.055839
0.056340
0.057396
0.056960
0.056473
0.056684
0.056825
0.057341
0.058246
0.058245
0.058181
0.057737
0.057732
0.058455
0.058332
0.058552
0.058442
0.058332
0.058739
0.058234
0.058340
0.058238
0.058310
0.057668
0.057067
0.057098
0.056972
0.056961
0.056378
0.055657
0.055897
0.055351
0.055756
0.055354
0.055498
0.054407
0.055534
0.055554
0.055862
0.056009
0.054626
0.054186
0.053604
0.053010
0.051604
0.051171
0.051924
0.053733
0.055473
0.057917
0.061750
0.065699
0.070919
0.076621
0.083843
0.085039
0.084758
0.083989
0.085267
0.080877
0.082694
0.083496
0.082147
0.087231
0.087577
0.083779
0.083605
0.083094
0.083740
0.087662
0.083877
0.081233
0.079569
0.079247
0.079231
0.080664
0.079234
0.081381
0.086920
0.088489
0.085800
0.087275
0.085775
0.087685
0.086723
0.083933
0.083239
0.082571
0.085059
0.085866
0.086933
0.085259
0.078475
0.084509
0.084958
0.085272
0.084180
0.086991
0.085627
0.086220
0.086767
0.087909
0.086614
0.085361
0.085056
0.082886
0.082721
0.084092
0.138304
0.116079
0.096572
0.077990
0.064187
0.055840
0.058628
0.097617
0.088231
0.095579
0.097038
0.091870
0.097445
0.096397
0.102696
0.097080
0.096744
0.097856
0.096514
0.096602
0.097600
0.096010
0.103559
0.104771
0.119446
0.105929
0.106356
0.105163
0.116180
0.104134
0.102951
0.106897
0.103155
0.126804
0.127134
0.102329
0.100727
0.103216
0.098941
0.101046
0.096246
0.066683
0.064565
0.073211
0.073300
0.058305
0.062547
0.096041
0.091411
0.090496
0.086573
0.104621
0.104415
0.104232
0.100636
0.100991
0.101271
0.097607
0.114863
0.126948
0.100274
0.104077
0.103146
0.106205
0.105144
0.110821
0.107506
0.096475
0.097735
0.098721
0.099521
0.098382
0.103692
0.096528
0.096281
0.096636
0.097317
0.098614
0.119560
0.109547
0.102780
0.091345
0.103980
0.122354
0.120640
0.098287
0.095968
0.094054
0.098168
0.097410
0.093005
0.097916
0.096408
0.104481
0.105596
0.110196
0.107710
0.091460
0.102712
0.102667
0.100686
0.102153
0.094655
0.095933
0.095931
0.097535
0.095194
0.091229
0.105027
0.104261
0.105795
0.101995
0.104772
0.105252
0.105171
0.107744
0.097474
0.086245
0.113027
0.112869
0.104750
0.108011
0.102750
0.096052
0.093669
0.100036
0.102835
0.104854
0.101548
0.100905
0.100171
0.102083
0.093251
0.103340
0.103645
0.105121
0.110188
0.109293
0.111714
0.111409
0.105275
0.109597
0.112632
0.112584
0.113423
0.105901
0.110332
0.121003
0.086140
0.086161
0.103797
0.085455
0.106860
0.108366
0.108728
0.108736
0.088242
0.095655
0.098012
0.098098
0.099293
0.096739
0.097031
0.084530
0.084513
0.092473
0.098638
0.093467
0.096516
0.098275
0.097691
0.096534
0.097445
0.106699
0.104387
0.107101
0.098064
0.096534
0.101204
0.099847
0.099798
0.099779
0.099481
0.096142
0.095931
0.099253
0.097545
0.096006
0.095808
0.101829
0.097275
0.103699
0.115538
0.085427
0.083092
0.096909
0.095268
0.099642
0.086192
0.086924
0.087364
0.087311
0.087458
0.087205
0.088982
0.093029
0.097158
0.096716
0.097046
0.102233
0.098740
0.098599
0.097856
0.097998
0.099650
0.099394
0.099348
0.099158
0.083184
0.079423
0.077312
0.079648
0.083489
0.081266
0.082738
0.081066
0.081303
0.077512
0.083027
0.083477
0.083269
0.082551
0.096317
0.096945
0.098748
0.096882
0.098133
0.096435
0.094018
0.094639
0.094136
0.094493
0.093070
0.092091
0.094832
0.099441
0.098821
0.090841
0.092444
0.091676
0.099783
0.100946
0.098612
0.102072
0.101228
0.103688
0.103297
0.099245
0.138294
0.116095
0.095906
0.079142
0.064872
0.055874
0.051764
0.072585
0.072451
0.071879
0.073221
0.072912
0.071936
0.072628
0.073187
0.086318
0.088037
0.084573
0.083058
0.084705
0.061646
0.089162
0.044734
0.056396
0.056934
0.057812
0.057345
0.054185
0.056361
0.056168
0.044504
0.057146
0.055946
0.055711
0.055553
0.089509
0.088544
0.088369
0.090690
0.087092
0.088699
0.092605
0.086449
0.059692
0.059182
0.059103
0.058033
0.090083
0.090014
0.090948
0.058490
0.057932
0.058432
0.059337
0.058320
0.058626
0.058763
0.058527
0.058370
0.058794
0.058088
0.058576
0.058140
0.057435
0.057910
0.138294
0.115377
0.094061
0.076586
0.063843
0.054766
0.056449
0.091257
0.090471
0.088522
0.087348
0.087612
0.088337
0.088827
0.089467
0.089268
0.089622
0.069306
0.068808
0.068117
0.072365
0.071986
0.064883
0.070420
0.068706
0.067125
0.067951
0.068669
0.069292
0.068988
0.068478
0.066680
0.077183
0.078047
0.079588
0.072164
0.071344
0.070606
0.078545
0.072676
0.083317
0.080885
0.076354
0.076307
0.080200
0.079737
0.079540
0.087470
0.087744
0.085074
0.085178
0.084975
0.084521
0.083132
0.078705
0.076581
0.077841
0.076737
0.076540
0.076798
0.081281
0.071985
0.073556
0.073329
0.089563
0.091955
0.088523
0.092226
0.089555
0.089896
0.106573
0.090993
0.090132
0.106329
0.103511
0.105260
0.105622
0.106850
0.103189
0.103592
0.103082
0.103881
0.101782
0.101110
0.100916
0.088372
0.087564
0.087467
0.088194
0.087511
0.088431
0.090780
0.087663
0.086451
0.085823
0.078207
0.089001
0.089012
0.089622
0.089330
0.087760
0.089867
0.091006
0.081538
0.083283
0.085605
0.087503
0.083309
0.082304
0.081743
0.081545
0.081983
0.081708
0.081665
0.082147
0.079168
0.080902
0.082380
0.081737
0.079425
0.081076
0.081292
0.081621
0.080848
0.082602
0.082274
0.081299
0.082057
0.082347
0.079199
0.078082
0.090379
0.085628
0.086281
0.089577
0.089505
0.090895
0.088545
0.088523
0.090684
0.091808
0.091607
0.091881
0.091572
0.091236
0.091351
0.091041
0.091022
0.089620
0.091129
0.090419
0.083756
0.080350
0.081798
0.081808
0.089356
0.090113
0.090290
0.089955
0.083003
0.082972
0.089421
0.083624
0.083350
0.080621
0.084683
0.084731
0.084373
0.083402
0.085017
0.084183
0.081813
0.084969
0.086105
0.081161
0.082139
0.080943
0.081471
0.082453
0.083700
0.082289
0.081994
0.081276
0.083427
0.082567
0.080200
0.079858
0.079637
0.080670
0.080101
0.079173
0.080005
0.080170
0.081488
0.083475
0.082420
0.081979
0.082137
0.083118
0.085072
0.086755
0.086989
0.087271
0.083719
0.081437
0.081921
0.083491
0.085319
0.085617
0.086378
0.085547
0.086480
0.086150
0.083673
0.085366
0.082878
0.082189
0.082104
0.081846
0.081770
0.086143
0.082356
0.082882
0.082229
0.081863
0.081327
0.086330
0.086252
0.085423
0.086553
0.083091
0.085388
0.085435
0.072831
0.082603
0.079164
0.082195
0.082193
0.075132
0.078312
0.080173
0.082358
0.082566
0.081903
0.076814
0.073267
0.071659
0.072228
0.072455
0.074835
0.080895
0.076769
0.073801
0.078158
0.074456
0.073469
0.073786
0.072211
0.073307
0.067379
0.068980
0.072534
0.076432
0.079153
0.084333
0.080751
0.088223
0.088347
0.091356
0.088675
0.091180
0.090407
0.090662
0.089139
0.087498
0.083970
0.084992
0.087982
0.085537
0.084158
0.086259
0.085339
0.085333
0.086145
0.085849
0.086037
0.084160
0.086067
0.087191
0.089767
0.086024
0.090004
0.087482
0.087586
0.090489
0.091205
0.085540
0.085517
0.084412
0.081181
0.088272
0.086481
0.086712
0.079288
0.084651
0.085766
0.089072
0.088646
0.089349
0.089615
0.088405
0.074974
0.075002
0.074200
0.075682
0.074631
0.075764
0.075271
0.074606
0.075667
0.074989
0.073684
0.073793
0.074235
0.076152
0.076690
0.075014
0.074908
0.076138
0.076425
0.076360
0.076802
0.076668
0.076791
0.092856
0.078415
0.078088
0.078540
0.078545
0.081335
0.079401
0.079463
0.079069
0.079302
0.079642
0.080053
0.080030
0.080739
0.079000
0.079883
0.087151
0.085477
0.084219
0.091354
0.085715
0.078300
0.080064
0.079535
0.081510
0.084825
0.082479
0.094044
0.093878
0.092186
0.094405
0.092810
0.094300
0.094749
0.095847
0.094172
0.094315
0.091883
0.091974
0.092020
0.091135
0.092948
0.092556
0.092382
0.092983
0.090484
0.093694
0.093233
0.093885
0.093024
0.093211
0.092823
0.092034
0.092175
0.092344
0.093181
0.092969
0.093365
0.093978
0.093221
0.093514
0.093708
0.083191
0.093153
0.089825
0.093923
0.093302
0.085161
0.089857
0.092931
0.087743
0.085517
0.093034
0.083899
0.084003
0.083631
0.084703
0.084713
0.092240
0.091920
0.092328
0.093408
0.083922
0.085246
0.083573
0.084106
0.085024
0.092732
0.092888
0.093282
0.092025
0.092395
0.091688
0.091266
0.090189
0.091772
0.090091
0.090469
0.091847
0.090511
0.081615
0.082506
0.081180
0.082812
0.084023
0.090301
0.090050
0.085891
0.083448
0.083584
0.090196
0.090798
0.090849
0.091047
0.090352
0.091206
0.092192
0.091565
0.091448
0.091694
0.089520
0.087740
0.089153
0.089528
0.088477
0.090605
0.091806
0.091414
0.091024
0.090004
0.083915
0.080692
0.080969
0.079884
0.079325
0.079391
0.076804
0.077733
0.077569
0.079632
0.077534
0.077153
0.087617
0.087445
0.079510
0.079719
0.091294
0.080301
0.078222
0.079503
0.079755
0.078319
0.077618
0.077805
0.077482
0.079489
0.078923
0.078153
0.078083
0.079385
0.079097
0.076262
0.076458
0.076671
0.088765
0.088283
0.087125
0.086145
0.086240
0.086756
0.085611
0.077881
0.078832
0.079608
0.079089
0.077230
0.081107
0.078666
0.079684
0.087148
0.086778
0.087106
0.086942
0.086937
0.084664
0.085516
0.085238
0.087776
0.088287
0.088341
0.089669
0.087214
0.085576
0.086133
0.083059
0.080183
0.086008
0.084471
0.084148
0.083844
0.090351
0.088570
0.094648
0.097763
0.101099
0.101051
0.101100
0.100511
0.097564
0.098126
0.098498
0.098715
0.100674
0.100360
0.096743
0.098844
0.095255
0.106450
0.095695
0.096501
0.095934
0.096038
0.096752
0.097548
0.096488
0.096351
0.096408
0.097777
0.097520
0.097225
0.096222
0.096933
0.096960
0.097231
0.098764
0.098626
0.097509
0.097275
0.096926
0.097491
0.098074
0.097442
0.097039
0.098407
0.097490
0.097577
0.100247
0.108766
0.098069
0.106696
0.107153
0.095097
0.096282
0.097178
0.096731
0.096687
0.096853
0.096374
0.096802
0.096215
0.096790
0.096292
0.096589
0.096615
0.095989
0.096152
0.095809
0.106546
0.106751
0.106017
0.106710
0.108556
0.107001
0.107615
0.100231
0.097708
0.098259
0.134918
0.114611
0.095700
0.079353
0.063598
0.051001
0.041711
0.037664
0.037322
0.037525
0.037915
0.037580
0.038109
0.039009
0.039412
0.039026
0.039436
0.039036
0.037099
0.037391
0.037731
0.038022
0.036895
0.037201
0.037390
0.037835
0.037910
0.038357
0.039578
0.038374
0.038180
0.038311
0.039570
0.038439
0.038000
0.039513
0.038629
0.038785
0.039219
0.039654
0.044086
0.044151
0.044998
0.043850
0.043731
0.039761
0.039275
0.053406
0.047058
0.046470
0.042769
0.042874
0.038879
0.036821
0.036241
0.033678
0.033876
0.034457
0.047524
0.049975
0.047643
0.047559
0.047110
0.048704
0.045637
0.043665
0.044213
0.046247
0.042764
0.051491
0.052223
0.052371
0.050372
0.052854
0.050019
0.049727
0.049902
0.049524
0.047179
0.048880
0.048303
0.047928
0.047370
0.048441
0.045686
0.047088
0.045237
0.048014
0.050274
0.048637
0.051850
0.051550
0.050597
0.055654
0.053111
0.062159
0.062221
0.054568
0.051020
0.048914
0.050290
0.049560
0.050209
0.048917
0.052343
0.055730
0.052629
0.053021
0.056313
0.049511
0.055123
0.053480
0.050582
0.053105
0.052448
0.051511
0.050997
0.051666
0.059535
0.055585
0.052375
0.052566
0.052903
0.051090
0.061672
0.059815
0.062563
0.052626
0.051407
0.050264
0.050804
0.050588
0.050810
0.051835
0.049986
0.048979
0.048409
0.049439
0.050559
0.046132
0.045565
0.045579
0.050736
0.045404
0.046135
0.048306
0.049492
0.052079
0.053011
0.054478
0.052415
0.053541
0.048122
0.049709
0.049476
0.048225
0.048211
0.049767
0.050552
0.049446
0.049545
0.048947
0.049425
0.049874
0.050458
0.050625
0.050824
0.051441
0.050756
0.049884
0.051245
0.051580
0.050976
0.052018
0.053429
0.053733
0.053394
0.053405
0.053976
0.049527
0.045078
0.045109
0.045171
0.046038
0.046021
0.051540
0.050987
0.049326
0.138294
0.115864
0.096358
0.078065
0.063864
0.053717
0.051958
0.077866
0.079458
0.079277
0.080770
0.079706
0.078015
0.077378
0.077320
0.079941
0.080297
0.080554
0.081571
0.086511
0.085421
0.084604
0.085454
0.084783
0.085341
0.084611
0.084066
0.084212
0.084156
0.085353
0.085950
0.085542
0.085106
0.084967
0.080803
0.080600
0.075830
0.081331
0.081022
0.075197
0.081541
0.081493
0.080335
0.079954
0.079606
0.074093
0.080155
0.080134
0.079687
0.082986
0.081036
0.080580
0.083827
0.079516
0.080415
0.083355
0.084506
0.083306
0.084431
0.083290
0.085128
0.084189
0.084889
0.085230
0.085681
0.086124
0.086054
0.087497
0.087135
0.087338
0.087502
0.087363
0.087453
0.087811
0.087948
0.088926
0.086253
0.087051
0.090182
0.087009
0.086565
0.084384
0.086090
0.089666
0.088900
0.089136
0.085404
0.085563
0.084603
0.085957
0.088553
0.089071
0.088404
0.088971
0.092548
0.093480
0.094317
0.094500
0.094127
0.094844
0.092891
0.092448
0.093053
0.093447
0.092987
0.091208
0.092399
0.089658
0.089804
0.089330
0.090512
0.089958
0.089717
0.089535
0.089774
0.088898
0.088495
0.073679
0.073970
0.075148
0.073571
0.075550
0.074044
0.073457
0.072641
0.074356
0.073594
0.073813
0.073865
0.073222
0.072026
0.072121
0.070525
0.070094
0.070817
0.073492
0.071891
0.071569
0.071695
0.071301
0.072380
0.072512
0.072308
0.071939
0.071875
0.072244
0.072710
0.072864
0.072818
0.073002
0.075709
0.072922
0.076312
0.075663
0.076339
0.075736
0.076245
0.077160
0.076525
0.074777
0.073752
0.074494
0.075825
0.075679
0.076485
0.079247
0.075944
0.073757
0.073999
0.074903
0.077072
0.077649
0.077744
0.077535
0.076869
0.078046
0.077595
0.077795
0.077785
0.076984
0.076934
0.076490
0.076811
0.076586
0.076713
0.077007
0.076240
0.075969
0.076139
0.076140
0.076176
0.076763
0.077274
0.077326
0.077446
0.078226
0.078073
0.078177
0.077829
0.077914
0.077569
0.075709
0.076508
0.076899
0.072091
0.078601
0.079078
0.079759
0.077148
0.077269
0.078605
0.079835
0.078172
0.078288
0.078573
0.077568
0.078236
0.078475
0.078149
0.078263
0.078526
0.077099
0.077258
0.076731
0.077468
0.075224
0.077940
0.077421
0.075066
0.076857
0.077068
0.078358
0.077737
0.076089
0.072652
0.093867
0.073722
0.072035
0.075536
0.073474
0.069093
0.068296
0.068399
0.071360
0.072877
0.074045
0.072423
0.072456
0.070571
0.072374
0.073097
0.076683
0.076224
0.075335
0.062338
0.073298
0.075743
0.074397
0.074084
0.077408
0.097058
0.076349
0.076262
0.074095
0.077003
0.077724
0.076697
0.076594
0.075457
0.078642
0.095941
0.075007
0.096916
0.096976
0.108194
0.077035
0.072824
0.083003
0.067899
0.070405
0.074827
0.079527
0.077985
0.080788
0.079890
0.079160
0.080645
0.080649
0.077498
0.083482
0.085336
0.084956
0.084673
0.079776
0.085700
0.082774
0.080413
0.080466
0.083499
0.082818
0.083963
0.084306
0.084681
0.084062
0.081547
0.084612
0.090830
0.089249
0.088504
0.089718
0.089431
0.092848
0.094554
0.090971
0.091172
0.086070
0.089206
0.089302
0.090076
0.091015
0.090594
0.090308
0.090524
0.091162
0.090500
0.090588
0.087765
0.088220
0.086564
0.094888
0.092446
0.087294
0.087333
0.086672
0.086181
0.086175
0.086528
0.086121
0.086220
0.085654
0.085740
0.086195
0.086485
0.086356
0.086502
0.086206
0.086327
0.086190
0.086284
0.086149
0.086345
0.087520
0.087028
0.088238
0.088565
0.087793
0.087225
0.086967
0.087819
0.089105
0.138307
0.106248
0.080176
0.056094
0.044426
0.044987
0.076979
0.307020
0.301846
0.312664
0.309453
0.299073
0.300924
0.297645
0.286649
0.303151
0.300936
0.305408
0.279177
0.293897
0.319000
0.270453
0.325857
0.221271
0.263019
0.263103
0.246716
0.297906
0.311627
0.320552
0.296457
0.274752
0.261138
0.257275
0.257109
0.306404
0.285960
0.303330
0.305966
0.306438
0.320194
0.318523
0.318426
0.325023
0.312908
0.264444
0.255956
0.253570
0.249046
0.257500
0.244839
0.244849
0.272656
0.238745
0.229307
0.227602
0.206968
0.208144
0.204591
0.194580
0.195551
0.273741
0.312477
0.311860
0.302210
0.319717
0.336518
0.324573
0.307911
0.307392
0.305678
0.308493
0.306338
0.313880
0.310441
0.323688
0.325006
0.329067
0.334823
0.315339
0.303194
0.302437
0.307372
0.296554
0.297064
0.302568
0.306454
0.293529
0.288246
0.327968
0.326852
0.322980
0.330667
0.334639
0.331042
0.341649
0.311854
0.303902
0.328696
0.282327
0.306202
0.315629
0.315170
0.312731
0.309297
0.309106
0.291142
0.296765
0.296722
0.265238
0.247965
0.247763
0.244445
0.246385
0.246131
0.161515
0.248654
0.248653
0.197736
0.190930
0.190836
0.162905
0.168915
0.170105
0.166398
0.169546
0.169445
0.168256
0.158539
0.168447
0.164795
0.162929
0.163889
0.164577
0.163087
0.163196
0.161537
0.161310
0.162465
0.160889
0.160595
0.166616
0.180881
0.180864
0.152481
0.188751
0.200032
0.167684
0.175946
0.176115
0.183374
0.166031
0.156487
0.142509
0.142020
0.143841
0.150714
0.160922
0.150365
0.171810
0.186027
0.186527
0.253009
0.254535
0.138294
0.114667
0.087141
0.077743
0.068329
0.053270
0.075270
0.226236
0.225009
0.216821
0.198391
0.196065
0.190434
0.177528
0.176539
0.179345
0.179176
0.174705
0.175005
0.174795
0.173449
0.174162
0.175531
0.178540
0.173146
0.175374
0.175742
0.176287
0.177797
0.178232
0.181274
0.181362
0.183835
0.177944
0.178868
0.178770
0.182704
0.180493
0.177670
0.185681
0.182862
0.180715
0.176255
0.189577
0.176252
0.178322
0.174951
0.177933
0.179772
0.180182
0.174741
0.178532
0.179840
0.181290
0.177299
0.177797
0.175593
0.176419
0.178107
0.175697
0.176677
0.176412
0.177151
0.162070
0.131922
0.111092
0.089625
0.077466
0.065502
0.052335
0.055255
0.054592
0.048916
0.043783
0.048412
0.047327
0.047452
0.048226
0.046182
0.046056
0.048103
0.047847
0.047074
0.046410
0.046561
0.042180
0.043523
0.042734
0.042118
0.042059
0.043074
0.043226
0.043450
0.042402
0.042759
0.041919
0.052560
0.048349
0.049118
0.049119
0.048550
0.049136
0.045698
0.046644
0.046392
0.044722
0.042764
0.042168
0.049975
0.049074
0.049031
0.047068
0.049001
0.045646
0.045476
0.046620
0.048376
0.046685
0.045282
0.045515
0.043969
0.042216
0.047398
0.048467
0.048719
0.045177
0.044811
0.049454
0.049512
0.049350
0.048236
0.048736
0.047205
0.048195
0.047931
0.048574
0.047310
0.047812
0.044951
0.046020
0.048940
0.045949
0.048777
0.046185
0.046359
0.044137
0.046895
0.048019
0.049552
0.051393
0.053385
0.054589
0.064760
0.070960
0.069903
0.078538
0.084995
0.099984
0.103250
0.101342
0.099514
0.102350
0.100772
0.104996
0.105792
0.105005
0.101008
0.101424
0.102741
0.099643
0.102151
0.102017
0.101497
0.100479
0.099344
0.099046
0.097065
0.099016
0.099039
0.099161
0.100063
0.094591
0.095551
0.093927
0.093702
0.094841
0.092582
0.093157
0.085225
0.084433
0.084136
0.082935
0.082170
0.079968
0.082828
0.082831
0.079167
0.079404
0.080705
0.078719
0.077545
0.077983
0.078433
0.077972
0.077776
0.078494
0.079920
0.079504
0.077983
0.080200
0.079416
0.080333
0.080254
0.080167
0.081227
0.080184
0.080878
0.081079
0.079728
0.079824
0.081232
0.081239
0.081268
0.081416
0.081199
0.080938
0.082443
0.082129
0.080674
0.082218
0.082241
0.082299
0.079357
0.088657
0.088754
0.088753
0.085372
0.084889
0.081327
0.083549
0.082834
0.083437
0.083194
0.083601
0.089112
0.089633
0.118937
0.117983
0.120796
0.134048
0.130269
0.137339
0.137181
0.158750
0.155859
0.155794
0.152440
0.152525
0.152980
0.157711
0.161108
0.161483
0.161471
0.163375
0.159359
0.146700
0.158985
0.161550
0.158166
0.145206
0.157018
0.152514
0.158157
0.153448
0.160681
0.171534
0.164349
0.175218
0.174784
0.164672
0.156459
0.161907
0.161769
0.153001
0.154428
0.166372
0.162452
0.151239
0.169453
0.158296
0.152463
0.169249
0.153862
0.172821
0.171470
0.181332
0.184797
0.178147
0.185281
0.169323
0.173214
0.184219
0.161680
0.190188
0.166911
0.176176
0.165256
0.164690
0.183429
0.181684
0.182453
0.186215
0.186609
0.183119
0.158287
0.180066
0.166585
0.182235
0.162660
0.168064
0.162913
0.170404
0.176696
0.172943
0.163824
0.165013
0.160675
0.164094
0.164939
0.170620
0.172008
0.169983
0.169242
0.168295
0.173894
0.166156
0.170774
0.170871
0.166252
0.169307
0.178124
0.169205
0.169095
0.163179
0.157555
0.158598
0.170345
0.169137
0.160663
0.168197
0.175575
0.175171
0.175074
0.175133
0.177876
0.169065
0.178462
0.182672
0.163276
0.170330
0.165350
0.169693
0.166309
0.157433
0.183700
0.169121
0.167181
0.171701
0.185156
0.181340
0.168503
0.188021
0.173290
0.183143
0.181261
0.182275
0.180673
0.179916
0.173716
0.172990
0.180712
0.176496
0.172670
0.175317
0.174096
0.181357
0.162716
0.162117
0.159137
0.166808
0.165075
0.165151
0.161191
0.161569
0.161065
0.163703
0.165981
0.163841
0.179693
0.176064
0.169149
0.168223
0.167461
0.179871
0.176415
0.168740
0.171422
0.170131
0.181450
0.180220
0.174131
0.177494
0.173664
0.167225
0.171645
0.176278
0.177907
0.170020
0.178503
0.172142
0.174100
0.171528
0.230121
0.164509
0.146562
0.163496
0.133516
0.122320
0.109854
0.088450
0.084315
0.077845
0.074589
0.073416
0.078757
0.077197
0.077930
0.073720
0.077982
0.084562
0.082977
0.082436
0.076040
0.076042
0.075669
0.082704
0.082074
0.065835
0.068393
0.075946
0.072446
0.071042
0.071422
0.079105
0.078269
0.071437
0.072967
0.074298
0.073327
0.073335
0.073676
0.073246
0.074409
0.075210
0.075114
0.075150
0.074096
0.071164
0.063634
0.073269
0.073379
0.063653
0.073262
0.072361
0.069594
0.070096
0.068789
0.074165
0.066678
0.074833
0.068509
0.068973
0.073748
0.071829
0.083607
0.075117
0.074806
0.079581
0.071151
0.071613
0.072082
0.072031
0.073218
0.074808
0.072045
0.072965
0.072071
0.073592
0.072897
0.085000
0.073043
0.084134
0.078733
0.083730
0.063960
0.066838
0.066951
0.064037
0.066194
0.061788
0.061409
0.061012
0.082470
0.079997
0.073721
0.085215
0.093082
0.071622
0.070840
0.070495
0.073214
0.073193
0.072322
0.060090
0.069377
0.068849
0.065022
0.071525
0.071140
0.070090
0.067060
0.067492
0.068798
0.068008
0.067436
0.066795
0.066961
0.067785
0.068559
0.055742
0.068836
0.069349
0.069702
0.069579
0.057505
0.057616
0.057279
0.058832
0.058286
0.058083
0.058033
0.057848
0.068343
0.064632
0.070128
0.071318
0.072157
0.066235
0.067069
0.066992
0.138301
0.119649
0.109502
0.101466
0.089969
0.081617
0.078074
0.075291
0.072555
0.074118
0.073763
0.074328
0.076891
0.075645
0.076842
0.074903
0.075808
0.075999
0.075968
0.074982
0.071157
0.070404
0.076515
0.071232
0.070610
0.067180
0.069115
0.069564
0.069772
0.070495
0.070883
0.070363
0.069144
0.068962
0.071235
0.080528
0.076955
0.075972
0.074435
0.064636
0.061647
0.062602
0.062181
0.064469
0.062077
0.067986
0.069947
0.076339
0.080248
0.083099
0.083193
0.083618
0.084388
0.084429
0.087655
0.093040
0.091627
0.092506
0.092474
0.086734
0.083400
0.085617
0.085978
0.085768
0.085692
0.099124
0.094124
0.096809
0.096465
0.099944
0.098166
0.097295
0.102636
0.102468
0.092782
0.093081
0.092619
0.092977
0.099632
0.102971
0.102837
0.105329
0.106308
0.105095
0.101550
0.099693
0.105016
0.088424
0.113735
0.100605
0.100356
0.098542
0.097718
0.098074
0.097605
0.099994
0.096933
0.092429
0.095586
0.098617
0.096663
0.096757
0.095247
0.094948
0.095159
0.095427
0.087107
0.086317
0.086055
0.084444
0.082601
0.079828
0.075360
0.075281
0.079026
0.083962
0.085196
0.081458
0.080849
0.138190
0.115303
0.094458
0.072113
0.056402
0.057048
0.057828
0.080737
0.081000
0.073642
0.072575
0.073392
0.074873
0.073216
0.071353
0.072507
0.073033
0.066894
0.058838
0.060642
0.060265
0.060464
0.082534
0.080221
0.086235
0.060699
0.060988
0.062951
0.061030
0.062060
0.061363
0.064626
0.064140
0.060639
0.063552
0.062676
0.065097
0.061939
0.061873
0.062677
0.061702
0.059001
0.061014
0.059209
0.062040
0.058641
0.059338
0.058147
0.059335
0.057689
0.058862
0.060209
0.064282
0.064260
0.059780
0.062875
0.063128
0.063105
0.058888
0.058283
0.059785
0.059923
0.064061
0.065104
0.059843
0.060654
0.061499
0.076792
0.077074
0.059927
0.058409
0.077758
0.079938
0.079985
0.055592
0.055746
0.056620
0.056841
0.056822
0.068713
0.053554
0.059085
0.057277
0.057716
0.058583
0.059568
0.059058
0.060495
0.060804
0.060013
0.060726
0.059175
0.059244
0.058781
0.058361
0.058827
0.059694
0.060154
0.060111
0.060008
0.060738
0.060343
0.060645
0.057190
0.055604
0.059055
0.059145
0.076990
0.059104
0.082095
0.079480
0.082143
0.059514
0.060204
0.062570
0.059354
0.060719
0.060226
0.055823
0.056084
0.085471
0.086014
0.061326
0.060951
0.060000
0.060300
0.060453
0.060264
0.060294
0.076286
0.062841
0.079041
0.057382
0.059118
0.081643
0.060079
0.060250
0.059743
0.060026
0.061675
0.057209
0.060418
0.060160
0.062837
0.063956
0.060533
0.059784
0.062931
0.065152
0.056505
0.062864
0.056527
0.050958
0.050570
0.069096
0.059316
0.078749
0.068529
0.068168
0.085436
0.085895
0.085555
0.086060
0.085237
0.085465
0.084494
0.085026
0.085620
0.085636
0.085718
0.085219
0.085013
0.085528
0.085539
0.085354
0.085290
0.085176
0.085809
0.086054
0.085907
0.086047
0.086173
0.086186
0.085912
0.086180
0.086117
0.086225
0.084964
0.085445
0.085415
0.085207
0.078355
0.075422
0.078103
0.081774
0.079198
0.075208
0.075268
0.072149
0.074502
0.074666
0.073280
0.073219
0.073133
0.072571
0.072368
0.073066
0.073373
0.072933
0.073166
0.073224
0.074113
0.073912
0.074004
0.073960
0.073914
0.073614
0.073761
0.074360
0.073693
0.073976
0.074559
0.074117
0.073756
0.073174
0.074505
0.074577
0.075200
0.074735
0.074554
0.074540
0.074445
0.074026
0.074029
0.074240
0.074191
0.074109
0.072542
0.073051
0.073204
0.073485
0.073285
0.072914
0.072964
0.073453
0.073530
0.073042
0.074581
0.073961
0.074679
0.074636
0.074357
0.074255
0.074021
0.084795
0.084840
0.080867
0.081068
0.081753
0.081550
0.081870
0.084644
0.084594
0.073533
0.073345
0.073457
0.073496
0.072801
0.072773
0.072569
0.084911
0.086131
0.130926
0.121387
0.108163
0.099106
0.091021
0.080896
0.078645
0.089711
0.089622
0.089375
0.108068
0.088131
0.095829
0.090670
0.090364
0.088115
0.088119
0.087784
0.089773
0.086915
0.085827
0.080092
0.079078
0.088664
0.081566
0.085086
0.087287
0.085327
0.084672
0.083890
0.085419
0.088250
0.089252
0.087888
0.087765
0.087938
0.090994
0.075760
0.081116
0.081028
0.082600
0.083321
0.075714
0.083315
0.083286
0.083957
0.086391
0.082609
0.090487
0.093643
0.093950
0.095068
0.096865
0.084370
0.081463
0.093722
0.079832
0.081351
0.079863
0.079104
0.081322
0.079431
0.078476
0.089864
0.078571
0.078032
0.080538
0.091712
0.083669
0.080751
0.083069
0.093105
0.092047
0.084830
0.080967
0.092671
0.079568
0.077220
0.077627
0.075934
0.076718
0.075619
0.074633
0.075363
0.075410
0.074338
0.074529
0.074839
0.076973
0.076271
0.077184
0.075214
0.076162
0.075717
0.077680
0.075062
0.073601
0.076278
0.071215
0.072380
0.067918
0.063920
0.060622
0.064348
0.061153
0.057733
0.054993
0.050443
0.050601
0.046406
0.050675
0.048669
0.046749
0.045428
0.051538
0.052780
0.054513
0.057340
0.055818
0.063738
0.059776
0.061383
0.060832
0.055192
0.068008
0.061881
0.061299
0.059763
0.060529
0.062734
0.062997
0.062599
0.035525
0.046138
0.040715
0.041246
0.046415
0.045038
0.048047
0.045127
0.040129
0.041224
0.041699
0.036211
0.030123
0.029738
0.029776
0.030679
0.031747
0.033989
0.034983
0.034769
0.036628
0.036949
0.038045
0.037393
0.037904
0.037548
0.040520
0.045656
0.044617
0.045226
0.037563
0.038891
0.038710
0.039377
0.039026
0.040038
0.039662
0.039913
0.038896
0.040144
0.040943
0.040295
0.041558
0.039166
0.039189
0.043057
0.043263
0.045488
0.044246
0.040480
0.045320
0.042766
0.047685
0.042296
0.044449
0.040489
0.043951
0.042287
0.040057
0.043434
0.042126
0.038618
0.039354
0.040056
0.040070
0.043746
0.040434
0.042058
0.040459
0.040889
0.037988
0.038336
0.039575
0.039824
0.043519
0.040585
0.042888
0.041398
0.039368
0.039072
0.040090
0.041932
0.040839
0.039893
0.040321
0.038820
0.039463
0.039503
0.042546
0.138294
0.114846
0.094018
0.076109
0.061150
0.053989
0.055610
0.103370
0.104977
0.098775
0.083232
0.090030
0.090241
0.090226
0.090138
0.094335
0.104890
0.092354
0.096499
0.091889
0.092134
0.091532
0.091274
0.095096
0.091961
0.095589
0.094055
0.087680
0.087511
0.085497
0.105334
0.102813
0.103592
0.103982
0.102979
0.102118
0.101601
0.101433
0.101194
0.098668
0.095952
0.094926
0.095768
0.096437
0.097708
0.112570
0.111886
0.103235
0.112142
0.103515
0.112459
0.106269
0.105985
0.100763
0.102795
0.104325
0.111052
0.110773
0.110094
0.111082
0.109716
0.109610
0.109406
0.108569
0.109450
0.109031
0.111204
0.110613
0.112678
0.110279
0.112565
0.112988
0.110877
0.111269
0.109990
0.107210
0.111072
0.109061
0.109084
0.107569
0.107153
0.108657
0.096784
0.096779
0.099648
0.103937
0.103026
0.105903
0.106128
0.107008
0.108441
0.109690
0.106030
0.107345
0.107294
0.107991
0.108091
0.107641
0.108121
0.107354
0.107570
0.105847
0.101394
0.101143
0.100094
0.099263
0.123089
0.124736
0.124456
0.139420
0.134932
0.151404
0.124196
0.123803
0.101716
0.104646
0.101457
0.099826
0.099572
0.100028
0.102719
0.102861
0.104716
0.099936
0.102681
0.104716
0.103226
0.102528
0.102591
0.103189
0.098687
0.099760
0.098186
0.099555
0.097128
0.098681
0.100531
0.097186
0.097690
0.098814
0.101516
0.099227
0.099594
0.099573
0.097607
0.124334
0.125320
0.125268
0.125084
0.124697
0.119732
0.099842
0.103099
0.101468
0.101106
0.105736
0.102907
0.108597
0.108730
0.101723
0.102854
0.102696
0.100464
0.100994
0.103659
0.100020
0.106928
0.105085
0.104232
0.105278
0.105676
0.106331
0.113578
0.112336
0.106955
0.105889
0.106915
0.105449
0.105525
0.102707
0.101832
0.101949
0.101695
0.099823
0.099902
0.099283
0.099563
0.099062
0.099044
0.100462
0.102538
0.099804
0.099938
0.099734
0.100721
0.099181
0.097324
0.097802
0.097587
0.100956
0.099366
0.099939
0.099365
0.099056
0.098538
0.099371
0.096761
0.097179
0.098375
0.099236
0.099123
0.096005
0.096699
0.096684
0.096824
0.096926
0.096902
0.098287
0.098373
0.098645
0.097099
0.098109
0.097314
0.097444
0.097378
0.096143
0.095738
0.096313
0.096126
0.097491
0.096445
0.100357
0.102415
0.102721
0.102250
0.097744
0.099573
0.101789
0.101772
0.101708
0.101539
0.101334
0.100615
0.100504
0.100753
0.098936
0.099281
0.099225
0.099440
0.098780
0.100109
0.098677
0.097083
0.097055
0.094883
0.096774
0.098198
0.098536
0.096506
0.097187
0.096661
0.098096
0.099628
0.099459
0.099878
0.100289
0.100673
0.100862
0.101340
0.101451
0.101617
0.099411
0.097627
0.100280
0.138296
0.114437
0.092239
0.071262
0.050603
0.032730
0.017781
0.008935
0.008677
0.007822
0.007690
0.007576
0.007466
0.007271
0.007389
0.006513
0.006553
0.006878
0.006303
0.005727
0.005091
0.005076
0.004985
0.004747
0.004137
0.004862
0.004511
0.004173
0.004301
0.004627
0.004169
0.004351
0.004127
0.003652
0.003261
0.003651
0.002998
0.002566
0.002496
0.002153
0.002049
0.001524
0.001509
0.001055
0.001428
0.001124
0.000555
0.000500
0.000284
0.000826
0.000376
0.000002
0.000000
0.000441
0.001048
0.000498
0.000364
0.000364
0.000677
0.001299
0.001873
0.001597
0.001601
0.001529
0.001735
0.002169
0.002530
0.002457
0.002691
0.002277
0.002735
0.002760
0.002740
0.002931
0.003198
0.002990
0.002825
0.002832
0.002871
0.003415
0.003505
0.003314
0.133938
0.110870
0.091876
0.074800
0.060151
0.051563
0.053042
0.091846
0.092545
0.091638
0.090478
0.091904
0.093633
0.090809
0.093771
0.093583
0.092676
0.092820
0.092557
0.091874
0.090773
0.092411
0.089856
0.089703
0.090463
0.087882
0.091691
0.092114
0.091796
0.092331
0.092068
0.091717
0.091391
0.090763
0.090972
0.090251
0.092805
0.090852
0.091252
0.093496
0.092512
0.093433
0.096421
0.095958
0.095461
0.095933
0.096494
0.098976
0.096936
0.098314
0.098116
0.098375
0.099282
0.099459
0.099389
0.097846
0.098681
0.098206
0.097815
0.098125
0.099466
0.099511
0.119794
0.121642
0.122083
0.099949
0.099812
0.098496
0.101288
0.100436
0.101383
0.101573
0.097190
0.097019
0.099452
0.099078
0.098568
0.097438
0.097473
0.097494
0.098025
0.098145
0.098742
0.098036
0.097992
0.098091
0.098183
0.098554
0.094312
0.094419
0.099281
0.144863
0.107122
0.108170
0.117150
0.118089
0.116461
0.137353
0.151411
0.153686
0.144941
0.143111
0.140141
0.142930
0.144938
0.153534
0.168308
0.168458
0.168839
0.168631
0.168676
0.168208
0.168156
0.166790
0.167349
0.156904
0.154719
0.155356
0.154906
0.155910
0.154932
0.154319
0.154031
0.153006
0.141891
0.148849
0.140244
0.144298
0.142986
0.141620
0.142425
0.163647
0.160692
0.139574
0.137064
0.137134
0.136816
0.136930
0.140040
0.137931
0.136591
0.136874
0.139057
0.135301
0.135708
0.136421
0.136736
0.136643
0.136421
0.135654
0.136370
0.136520
0.137147
0.138724
0.138649
0.158441
0.135476
0.157831
0.136602
0.136186
0.157651
0.157693
0.156824
0.157210
0.157918
0.156977
0.156781
0.157864
0.158029
0.158708
0.157965
0.157816
0.137243
0.140239
0.145652
0.150469
0.158351
0.190257
0.274484
0.402597
0.480426
0.490477
0.488589
0.488685
0.488685
0.488685
0.488685
0.488685
0.488685
0.488685
0.488685
0.488685
0.488685
0.488685
0.487579
0.487579
0.300733
0.300802
0.299109
0.299064
0.300570
0.301211
0.301270
0.301181
0.270801
0.267530
0.222915
0.257303
0.260760
0.253774
0.253652
0.256778
0.253526
0.253520
0.254432
0.255291
0.254844
0.255390
0.255499
0.255227
0.255406
0.254719
0.254971
0.272060
0.264727
0.260348
0.259513
0.258675
0.256950
0.259167
0.260714
0.267834
0.268393
0.267208
0.267797
0.260531
0.260678
0.258455
0.258012
0.259412
0.259683
0.257273
0.256992
0.258263
0.268077
0.268668
0.258847
0.254596
0.249834
0.246169
0.244415
0.244406
0.245072
0.244196
0.245981
0.247313
0.246691
0.247120
0.245680
0.245028
0.244273
0.244548
0.243562
0.243902
0.246722
0.246804
0.251220
0.261832
0.272351
0.286325
0.290012
0.280101
0.277346
0.273328
0.272616
0.272668
0.273804
0.272222
0.273767
0.273922
0.276344
0.273191
0.274855
0.273623
0.274583
0.276820
0.275367
0.276988
0.271537
0.274309
0.272131
0.271283
0.272365
0.271727
0.270186
0.260970
0.270704
0.271684
0.270984
0.272339
0.268801
0.273767
0.277376
0.269459
0.237310
0.237587
0.235317
0.229525
0.231592
0.259268
0.263194
0.271622
0.269761
0.269036
0.268639
0.266115
0.268729
0.267809
0.266602
0.269394
0.269935
0.267270
0.265960
0.266189
0.267752
0.265761
0.265962
0.265743
0.267547
0.266700
0.266723
0.267295
0.266739
0.266527
0.266583
0.266618
0.265990
0.266008
0.266016
0.266399
0.265767
0.265659
0.265670
0.265773
0.266576
0.267492
0.267802
0.269164
