0.043367
0.043367
0.043367
0.043367
0.043346
0.043354
0.043355
0.043355
0.043357
0.043342
0.043363
0.043384
0.043390
0.042222
0.042248
0.042236
0.042231
0.042093
0.042096
0.042092
0.042145
0.042037
0.042062
0.042065
0.042164
0.042035
0.042075
0.042075
0.042077
0.042131
0.041881
0.041881
0.041914
0.041919
0.041914
0.041914
0.041908
0.041945
0.041945
0.041945
0.041944
0.041919
0.041917
0.041917
0.041916
0.041916
0.041916
0.041916
0.042036
0.042042
0.042040
0.042040
0.042038
0.042066
0.042080
0.042065
0.042068
0.041917
0.041915
0.041915
0.041915
0.041916
0.041981
0.041981
0.041981
0.041980
0.041981
0.041981
0.041981
0.041981
0.041953
0.041952
0.041952
0.041952
0.041953
0.041953
0.041953
0.041953
0.041953
0.041953
0.041953
0.041953
0.041953
0.041952
0.041952
0.041952
0.041953
0.041953
0.041953
0.041953
0.041953
0.041953
0.041953
0.041953
0.041953
0.041953
0.041978
0.042125
0.042125
0.042125
0.042194
0.042184
0.042184
0.042184
0.042181
0.041976
0.041976
0.041976
0.041976
0.041890
0.041869
0.041869
0.041875
0.041861
0.041870
0.041870
0.041915
0.041915
0.041915
0.042070
0.041851
0.041851
0.041851
0.041851
0.041851
0.041851
0.041851
0.041851
0.041851
0.041851
0.041851
0.041851
0.041851
0.041851
0.041851
0.041851
0.041851
0.041851
0.041851
0.041851
0.041851
0.041851
0.041851
0.041851
0.041851
0.041851
0.041851
0.041851
0.041851
0.041851
0.041851
0.041851
0.041851
0.041851
0.041851
0.041851
0.041851
0.042905
0.038537
0.040894
0.040124
0.039557
0.040004
0.036385
0.036869
0.037457
0.038625
0.039604
0.040793
0.041015
0.041138
0.041159
0.041030
0.044093
0.044615
0.044333
0.040831
0.044856
0.044604
0.044658
0.041442
0.041559
0.041516
0.041458
0.042813
0.041583
0.039101
0.038437
0.037187
0.040682
0.036308
0.036263
0.034915
0.040659
0.042544
0.041851
0.041851
0.041851
0.041851
0.041851
0.041851
0.041851
0.041851
0.041851
0.041851
0.036547
0.036975
0.033355
0.031348
0.030626
0.030750
0.031999
0.032058
0.032238
0.035763
0.035939
0.036722
0.040123
0.041567
0.046258
0.048362
0.049269
0.048334
0.048978
0.049297
0.048396
0.049233
0.049669
0.048237
0.049686
0.049915
0.049167
0.048293
0.048229
0.049196
0.047930
0.047719
0.047965
0.047997
0.046448
0.047855
0.026288
0.026111
0.030600
0.031266
0.031969
0.032778
0.032327
0.028377
0.027918
0.028136
0.027348
0.027679
0.027847
0.027887
0.027731
0.027526
0.023747
0.023017
0.023191
0.024167
0.024600
0.026261
0.027512
0.026057
0.026169
0.025911
0.025352
0.025760
0.025277
0.025688
0.026543
0.026403
0.027676
0.025718
0.026026
0.025650
0.025267
0.025803
0.025588
0.025764
0.026688
0.027128
0.027051
0.028016
0.028368
0.029734
0.027944
0.030577
0.031454
0.031732
0.033056
0.040581
0.040369
0.040705
0.040673
0.040600
0.040577
0.040422
0.040095
0.040709
0.040261
0.040553
0.040360
0.040384
0.040269
0.040396
0.040371
0.040258
0.040438
0.040204
0.040171
0.040142
0.040732
0.040386
0.040315
0.040586
0.040046
0.040671
0.040718
0.041001
0.040738
0.040413
0.040709
0.041235
0.040232
0.040458
0.041919
0.040414
0.040534
0.040644
0.039976
0.040652
0.040359
0.040763
0.040586
0.040501
0.040238
0.040219
0.040237
0.040513
0.040126
0.040116
0.040040
0.040416
0.040204
0.040170
0.040287
0.040607
0.040714
0.041712
0.040252
0.031002
0.031026
0.030684
0.031029
0.031241
0.030838
0.030602
0.030440
0.030145
0.030804
0.030443
0.030616
0.029556
0.029517
0.030217
0.029630
0.031413
0.030263
0.030738
0.030616
0.030697
0.028520
0.028798
0.033505
0.032958
0.031773
0.031636
0.031912
0.028910
0.028739
0.028691
0.027592
0.027040
0.027253
0.026579
0.026414
0.026556
0.027161
0.026759
0.026297
0.026029
0.026667
0.026698
0.026156
0.027085
0.026791
0.026440
0.088145
0.083998
0.086333
0.095980
0.089152
0.087238
0.082615
0.079555
0.077526
0.076848
0.073866
0.059303
0.066317
0.065071
0.063866
0.064201
0.064869
0.061420
0.065237
0.068028
0.066322
0.067380
0.066976
0.066553
0.064092
0.059730
0.059491
0.058407
0.060326
0.061080
0.061876
0.064111
0.064111
0.063171
0.069242
0.068216
0.065976
0.064160
0.063097
0.060379
0.057682
0.061246
0.057277
0.058696
0.055290
0.058246
0.057446
0.056857
0.057916
0.058339
0.059581
0.061144
0.061468
0.057373
0.057094
0.056048
0.055813
0.051161
0.051000
0.052083
0.049309
0.050152
0.050017
0.057674
0.054423
0.056305
0.055716
0.054877
0.052400
0.051487
0.054917
0.053919
0.054285
0.053905
0.055709
0.056313
0.056539
0.055748
0.053564
0.050228
0.049836
0.049608
0.047186
0.034782
0.055653
0.071666
0.065552
0.053229
0.036732
0.040348
0.034982
0.032298
0.027455
0.030555
0.049491
0.061630
0.042541
0.133173
0.131466
0.105661
0.079025
0.060622
0.054870
0.058331
0.062568
0.070018
0.075298
0.067160
0.068034
0.080017
0.063922
0.062666
0.065414
0.067496
0.067362
0.063431
0.073613
0.060373
0.089280
0.066003
0.092670
0.059979
0.065868
0.076005
0.071623
0.058057
0.062258
0.063877
0.064271
0.070606
0.104673
0.103446
0.146482
0.129895
0.072382
0.100792
0.067828
0.019675
0.016011
0.017554
0.011450
0.010172
0.010077
0.009065
0.010111
0.012453
0.010687
0.011312
0.012292
0.012128
0.011832
0.011161
0.010787
0.010738
0.010742
0.011311
0.011937
0.011670
0.012725
0.015623
0.016186
0.017405
0.016729
0.016641
0.016503
0.017276
0.028865
0.026012
0.029807
0.029382
0.027399
0.026886
0.028114
0.028221
0.025530
0.026526
0.028081
0.027502
0.027432
0.026232
0.026441
0.026945
0.027554
0.030374
0.031840
0.028552
0.029918
0.028462
0.029600
0.029294
0.027790
0.023566
0.024185
0.025044
0.025528
0.025783
0.024911
0.027362
0.028955
0.028744
0.030343
0.028631
0.029469
0.016451
0.015670
0.014939
0.014098
0.012720
0.012232
0.012448
0.011316
0.010443
0.009900
0.008741
0.007834
0.006710
0.006503
0.006179
0.005581
0.005053
0.003741
0.002447
0.000532
0.000257
0.000000
0.000321
0.000766
0.001191
0.001521
0.001708
0.002047
0.002698
0.003363
0.004290
0.004534
0.021043
0.020728
0.021097
0.023325
0.023647
0.021867
0.021380
0.020985
0.020179
0.021031
0.027250
0.026605
0.027576
0.026125
0.028770
0.020790
0.021337
0.020764
0.020794
0.032297
0.020984
0.021845
0.028582
0.028437
0.025981
0.027568
0.022490
0.022210
0.032703
0.045708
0.045529
0.044973
0.043899
0.044201
0.043056
0.042766
0.043503
0.043883
0.043454
0.043438
0.043195
0.042678
0.041006
0.041181
0.040549
0.040919
0.040053
0.039334
0.036595
0.039546
0.045979
0.046371
0.045340
0.046659
0.047556
0.047750
0.040079
0.044446
0.049693
0.056297
0.041420
0.053117
0.049647
0.038259
0.028769
0.038255
0.038240
0.035304
0.035319
0.033811
0.046371
0.043573
0.035195
0.035189
0.045058
0.043109
0.043666
0.045425
0.045248
0.046283
0.045425
0.049087
0.046773
0.048019
0.047455
0.048584
0.048947
0.048711
0.049562
0.050230
0.050138
0.048357
0.048902
0.046872
0.048150
0.046681
0.047415
0.048986
0.046584
0.045038
0.045046
0.043552
0.043041
0.048188
0.048701
0.044193
0.048252
0.049881
0.041850
0.041850
0.041850
0.041777
0.041626
0.042262
0.039487
0.041105
0.039970
0.039078
0.039581
0.038083
0.038529
0.039195
0.039234
0.039239
0.038547
0.038661
0.038577
0.038126
0.038122
0.038092
0.038109
0.038659
0.038225
0.039081
0.038687
0.038685
0.038651
0.038667
0.038681
0.038691
0.038692
0.038659
0.038712
0.038759
0.038721
0.038740
0.038747
0.039381
0.038724
0.039328
0.039318
0.039305
0.039279
0.038755
0.087112
0.089446
0.089191
0.089072
0.087518
0.085920
0.090239
0.090559
0.089863
0.089645
0.087484
0.091323
0.080820
0.074360
0.068109
0.057923
0.056090
0.054816
0.054590
0.054628
0.054814
0.056078
0.060507
0.062175
0.063382
0.063140
0.060151
0.060804
0.062890
0.063825
0.061774
0.064721
0.061996
0.065056
0.061068
0.058493
0.063039
0.062808
0.063964
0.063422
0.064178
0.067155
0.064360
0.064650
0.061569
0.063023
0.061994
0.060722
0.061736
0.062694
0.065985
0.063425
0.065497
0.063306
0.060382
0.062083
0.061054
0.056960
0.060279
0.075913
0.084634
0.087085
0.089901
0.062556
0.064490
0.065001
0.058842
0.066880
0.065079
0.066043
0.068863
0.069239
0.072183
0.074719
0.077888
0.075261
0.041850
0.041850
0.035313
0.034652
0.033043
0.034145
0.036783
0.032724
0.045590
0.051313
0.051278
0.051548
0.051114
0.049965
0.049376
0.049772
0.049842
0.075484
0.072909
0.064772
0.071055
0.046401
0.047906
0.048782
0.061686
0.061837
0.046722
0.050431
0.048846
0.051220
0.050840
0.049247
0.056620
0.054590
0.053045
0.051644
0.041601
0.043312
0.042228
0.037270
0.041425
0.042778
0.036619
0.037654
0.038691
0.038433
0.036328
0.043832
0.041861
0.056035
0.056565
0.050682
0.050825
0.052330
0.050806
0.051315
0.041737
0.043154
0.052833
0.054178
0.058603
0.056556
0.059739
0.056894
0.056943
0.056365
0.058287
0.057783
0.057646
0.055898
0.055091
0.056842
0.055323
0.053924
0.056248
0.056720
0.052059
0.035737
0.035641
0.033846
0.039465
0.043330
0.030538
0.028739
0.025206
0.033871
0.024004
0.059797
0.055369
0.553123
0.034786
0.067319
0.037336
0.031200
0.040868
0.041639
0.039709
0.038523
0.039455
0.038235
0.033338
0.034739
0.033538
0.034055
0.033229
0.034038
0.033226
0.041851
0.041851
0.041851
0.041851
0.041851
0.041851
0.041851
0.041851
0.041851
0.041851
0.041851
0.041851
0.041851
0.041851
0.041851
0.041851
0.041851
0.041851
0.041851
0.041851
0.041851
0.041851
0.040802
0.036269
0.057411
0.070111
0.051935
0.039574
0.036373
0.056450
0.043647
0.056835
0.039550
0.067807
0.037741
0.036519
0.047223
0.037256
0.037423
0.040150
0.038596
0.041554
0.052891
0.047695
0.044608
0.048448
0.037130
0.041472
0.040288
0.035963
0.032679
0.029917
0.036214
0.033275
0.034822
0.028651
0.035063
0.036928
0.042091
0.043000
0.038022
0.036241
0.032406
0.034294
0.160304
0.069211
0.038506
0.033552
0.038504
0.214751
0.038503
0.038503
0.041461
0.035223
0.038501
0.067566
0.042510
0.042510
0.042469
0.042510
0.170494
0.042516
0.042515
0.036343
0.063671
0.209232
0.041850
0.041850
0.041850
0.041850
0.041850
0.043616
0.053920
0.052106
0.051501
0.050670
0.049185
0.049551
0.050035
0.047359
0.047992
0.051668
0.048340
0.050163
0.051622
0.053061
0.048964
0.046268
0.048209
0.047578
0.047400
0.047311
0.047301
0.046727
0.044356
0.045205
0.044443
0.044597
0.046620
0.045953
0.067467
0.067894
0.059895
0.064641
0.066809
0.066593
0.068742
0.055303
0.057264
0.055020
0.056861
0.057868
0.067377
0.062269
0.068682
0.069201
0.061177
0.075117
0.064334
0.063464
0.071059
0.069114
0.071211
0.073705
0.063428
0.063813
0.088298
0.088127
0.092274
0.090858
0.090307
0.090168
0.090606
0.089464
0.088814
0.088420
0.088967
0.087585
0.088173
0.088328
0.088965
0.087704
0.087789
0.174425
0.175232
0.176304
0.177181
0.179691
0.184634
0.177029
0.174777
0.173830
0.180105
0.190841
0.192621
0.186333
0.183055
0.187695
0.187316
0.194454
0.188716
0.197642
0.164035
0.163601
0.162115
0.168394
0.164995
0.166242
0.159508
0.160336
0.160165
0.165141
0.157472
0.125501
0.091278
0.066025
0.046369
0.034462
0.027917
0.029303
0.042075
0.042075
0.042075
0.042075
0.042075
0.042075
0.042075
0.043307
0.041886
0.037299
0.037582
0.038646
0.038245
0.039033
0.041640
0.041370
0.036816
0.037259
0.036535
0.036406
0.036146
0.035919
0.036737
0.036635
0.036858
0.036870
0.036503
0.036084
0.035919
0.036286
0.036304
0.037963
0.036943
0.037913
0.035523
0.034595
0.034281
0.035028
0.035535
0.035708
0.034666
0.041938
0.041938
0.041938
0.041938
0.041938
0.041938
0.041938
0.039192
0.044526
0.036892
0.030717
0.034352
0.026810
0.028568
0.028576
0.029245
0.029093
0.026519
0.023220
0.024370
0.027679
0.026662
0.023158
0.027865
0.026531
0.025081
0.026772
0.045011
0.037617
0.036928
0.047078
0.045126
0.045894
0.044920
0.045580
0.041851
0.044117
0.042075
0.050180
0.047432
0.051147
0.051381
0.040651
0.045672
0.045523
0.046055
0.046367
0.046488
0.046555
0.046181
0.046388
0.053105
0.043427
0.045132
0.045735
0.046498
0.045161
0.043751
0.044965
0.047702
0.046927
0.046180
0.047090
0.046945
0.046425
0.045181
0.045341
0.044842
0.043941
0.043133
0.043292
0.043484
0.045301
0.045702
0.046276
0.047136
0.044781
0.043394
0.041791
0.043218
0.043608
0.042906
0.041538
0.042095
0.042125
0.042898
0.042724
0.041850
0.042075
0.041954
0.041876
0.038370
0.038262
0.038153
0.038029
0.037857
0.037673
0.037588
0.037580
0.037330
0.041323
0.036985
0.040581
0.037049
0.040166
0.040529
0.040210
0.040317
0.040284
0.040009
0.040093
0.040193
0.040212
0.040308
0.036626
0.036384
0.036575
0.036582
0.036594
0.036599
0.036605
0.036701
0.036684
0.036663
0.036668
0.036579
0.036379
0.036211
0.036281
0.035649
0.036131
0.036371
0.036516
0.036487
0.036652
0.036423
0.036863
0.036558
0.036681
0.036452
0.036477
0.036470
0.036509
0.036559
0.036711
0.036701
0.037075
0.037191
0.037150
0.037115
0.037125
0.036854
0.036693
0.036199
0.035763
0.035683
0.035302
0.035448
0.035311
0.035106
0.035431
0.035341
0.035390
0.035949
0.037796
0.037236
0.038483
0.039742
0.041003
0.038338
0.042068
0.041939
0.029460
0.026936
0.032090
0.043560
0.060461
0.082987
0.110135
0.136823
0.055376
0.056942
0.077526
0.104098
0.089247
0.132224
0.097743
0.060042
0.046775
0.034619
0.034894
0.035288
0.031694
0.033569
0.034004
0.033621
0.039982
0.038390
0.038343
0.039742
0.038964
0.040312
0.039971
0.039235
0.039625
0.038869
0.039382
0.039913
0.040514
0.038625
0.037970
0.039138
0.039724
0.057156
0.049832
0.047499
0.049332
0.048462
0.050012
0.048918
0.050398
0.047508
0.049712
0.060488
0.066271
0.060969
0.061897
0.060490
0.062274
0.048489
0.051481
0.059876
0.059557
0.058202
0.062499
0.047595
0.065615
0.051081
0.062195
0.062616
0.054531
0.050059
0.048174
0.057673
0.065341
0.064812
0.061240
0.061387
0.055621
0.050840
0.055469
0.060672
0.055562
0.055263
0.054753
0.056341
0.055491
0.055926
0.055466
0.055996
0.056367
0.056200
0.058149
0.058762
0.057699
0.057036
0.055082
0.057938
0.066540
0.070019
0.069546
0.072036
0.069053
0.068362
0.067603
0.067617
0.068362
0.068863
0.067829
0.066529
0.066984
0.066280
0.067988
0.066923
0.066850
0.068000
0.067166
0.066849
0.067780
0.068224
0.068052
0.066181
0.069208
0.069610
0.066198
0.066782
0.067280
0.067514
0.066989
0.067839
0.067295
0.065075
0.065875
0.066355
0.066540
0.067493
0.067315
0.067858
0.067109
0.066280
0.066998
0.066592
0.037984
0.037639
0.038030
0.037960
0.037954
0.037913
0.037965
0.038008
0.038025
0.038020
0.038027
0.038926
0.038838
0.038935
0.038928
0.038778
0.038633
0.038157
0.038952
0.038626
0.038580
0.039203
0.039222
0.038870
0.050638
0.050603
0.050389
0.050828
0.050178
0.052387
0.053056
0.053097
0.053449
0.052493
0.049265
0.051432
0.051433
0.052541
0.055983
0.040256
0.040423
0.040234
0.041834
0.045983
0.045714
0.045337
0.043391
0.042463
0.045610
0.045246
0.045882
0.043911
0.044358
0.043721
0.045159
0.044258
0.043011
0.046368
0.047648
0.046856
0.047883
0.047668
0.047605
0.047816
0.047557
0.048255
0.047389
0.047347
0.045348
0.044511
0.045430
0.047690
0.047404
0.047317
0.047453
0.046792
0.059426
0.055487
0.064980
0.061155
0.057635
0.032171
0.030587
0.029279
0.028087
0.031046
0.033099
0.032917
0.034905
0.522740
0.032317
0.022458
0.022785
0.022531
0.023302
0.023200
0.023684
0.033662
0.033894
0.034506
0.035563
0.034435
0.038424
0.038326
0.042113
0.041638
0.043430
0.042491
0.043023
0.041814
0.042413
0.037480
0.037900
0.038185
0.037653
0.038155
0.037704
0.038461
0.038681
0.038592
0.039038
0.037914
0.037995
0.038013
0.037986
0.037987
0.037916
0.037996
0.037988
0.037950
0.037896
0.037898
0.037989
0.038061
0.038101
0.142263
0.143938
0.143415
0.143575
0.144936
0.146100
0.146526
0.147955
0.145213
0.144779
0.150566
0.147890
0.058581
0.058345
0.058310
0.058488
0.058570
0.058628
0.058622
0.058634
0.059730
0.059783
0.059956
0.060864
0.060351
0.059479
0.072543
0.071375
0.070492
0.070692
0.070957
0.072537
0.072543
0.073611
0.073629
0.074710
0.073904
0.073959
0.073537
0.074653
0.073617
0.073844
0.074198
0.074325
0.041851
0.041851
0.041851
0.034464
0.032460
0.031214
0.030166
0.034078
0.034112
0.036447
0.051211
0.047896
0.050477
0.047483
0.040416
0.040756
0.041573
0.041971
0.046096
0.046175
0.059631
0.051685
0.058981
0.057740
0.054602
0.054760
0.056947
0.056994
0.052807
0.050621
0.050475
0.049858
0.050624
0.049723
0.049983
0.049872
0.051269
0.051109
0.050230
0.050199
0.050394
0.052956
0.060257
0.060231
0.060035
0.060379
0.059319
0.041851
0.041852
0.037735
0.038073
0.036241
0.036285
0.037396
0.038866
0.040588
0.043510
0.046103
0.046542
0.046485
0.046587
0.046913
0.046965
0.046673
0.046258
0.045913
0.045887
0.045848
0.046181
0.418901
0.341984
0.152023
0.066711
0.077417
0.126663
0.120097
0.032787
0.032687
0.037330
0.038126
0.042075
0.035942
0.026322
0.023512
0.022234
0.022793
0.025250
0.025244
0.025281
0.025374
0.023128
0.025414
0.025154
0.025856
0.026135
0.026040
0.026023
0.032640
0.031411
0.043040
0.043197
0.043987
0.042915
0.043339
0.043176
0.043804
0.043943
0.043988
0.043902
0.043956
0.043940
0.043845
0.043955
0.043952
0.043723
0.044084
0.043774
0.043510
0.044029
0.043381
0.043757
0.043476
0.043856
0.044331
0.043609
0.044070
0.044099
0.038665
0.038611
0.038290
0.037993
0.038047
0.037752
0.038085
0.038092
0.038122
0.038330
0.038213
0.037677
0.038036
0.038208
0.037952
0.038485
0.038494
0.038512
0.038757
0.038391
0.038587
0.038575
0.038475
0.038217
0.033799
0.034852
0.035174
0.035917
0.036463
0.037432
0.037013
0.037896
0.036097
0.041653
0.042616
0.041219
0.040163
0.040131
0.040702
0.040771
0.045554
0.045530
0.044121
0.042037
0.040307
0.041485
0.042173
0.042197
0.045028
0.045890
0.045601
0.047334
0.047937
0.051926
0.050775
0.058836
0.054597
0.056145
0.059500
0.058958
0.058233
0.062012
0.064031
0.064473
0.066538
0.067701
0.068278
0.070924
0.070859
0.071769
0.072707
0.072655
0.079769
0.070813
0.071632
0.038389
0.044651
0.060576
0.101105
0.162692
0.042076
0.111674
0.114731
0.042076
0.042076
0.042076
0.042076
0.042076
0.073177
0.047506
0.051379
0.040333
0.034082
0.036760
0.038033
0.041439
0.041439
0.041439
0.041439
0.041439
0.034554
0.035903
0.051078
0.034394
0.038093
0.062577
0.042738
0.032045
0.029068
0.030332
0.036351
0.036031
0.034533
0.031277
0.032519
0.030916
0.031692
0.030216
0.028013
0.029422
0.023822
0.030587
0.029915
0.034180
0.032847
0.032166
0.035691
0.031128
0.033854
0.048473
0.043056
0.041952
0.038180
0.038243
0.047624
0.044358
0.045282
0.059509
0.044965
0.046596
0.044975
0.058882
0.044797
0.051935
0.058903
0.053846
0.044321
0.045730
0.054734
0.060170
0.040024
0.041033
0.045294
0.041822
0.039441
0.039319
0.042047
0.035943
0.040141
0.040578
0.036685
0.034911
0.033467
0.032801
0.031155
0.031315
0.030843
0.032620
0.034135
0.036021
0.037857
0.031728
0.160465
0.038913
0.042117
0.128708
0.038517
0.065044
0.069458
0.061852
0.070944
0.039655
0.062154
0.072065
0.030908
0.028923
0.026243
0.026651
0.028749
0.032924
0.031987
0.032940
0.031949
0.031734
0.030706
0.030765
0.030242
0.030239
0.042075
0.042075
0.033310
0.032312
0.030082
0.026134
0.026957
0.028893
0.032277
0.032290
0.031805
0.032014
0.032166
0.029381
0.029557
0.030376
0.031410
0.030222
0.029861
0.037218
0.020692
0.021114
0.021190
0.021113
0.020881
0.021088
0.021421
0.025974
0.026062
0.029898
0.045260
0.040508
0.040495
0.037472
0.041283
0.047019
0.043704
0.049110
0.049095
0.047477
0.048481
0.050430
0.048401
0.029814
0.028966
0.025406
0.024125
0.028489
0.024430
0.030353
0.028693
0.026549
0.026407
0.026258
0.026382
0.026728
0.027697
0.027671
0.028275
0.029596
0.033170
0.027618
0.031745
0.035631
0.035623
0.031967
0.033074
0.081682
0.064672
0.063470
0.055352
0.054195
0.047322
0.038927
0.055037
0.079587
0.041850
0.041850
0.041850
0.041850
0.041850
0.041850
0.041851
0.041851
0.041851
0.041851
0.041851
0.041851
0.041851
0.051213
0.046592
0.047977
0.044456
0.042999
0.047935
0.050406
0.049354
0.049388
0.048450
0.048194
0.042167
0.039606
0.051901
0.045866
0.068741
0.050375
0.050706
0.050149
0.058187
0.064439
0.068079
0.066263
0.060365
0.060695
0.047567
0.047767
0.049744
0.049426
0.042462
0.050262
0.047903
0.049616
0.043420
0.041365
0.046605
0.047466
0.047868
0.043564
0.038215
0.042808
0.042542
0.031366
0.029039
0.029320
0.026461
0.032492
0.022060
0.026527
0.022695
0.022300
0.025488
0.033243
0.033249
0.031028
0.030276
0.032978
0.031038
0.032650
0.031131
0.035890
0.036286
0.035462
0.033539
0.031336
0.030067
0.028769
0.029006
0.028862
0.031389
0.029925
0.025792
0.026117
0.027098
0.026345
0.026479
0.027524
0.028184
0.026699
0.028958
0.029559
0.030438
0.032300
0.032008
0.032637
0.032990
0.032825
0.032991
0.030242
0.030476
0.030813
0.030607
0.030031
0.030169
0.036213
0.029895
0.029960
0.029858
0.035075
0.036010
0.033827
0.032718
0.038129
0.033041
0.033494
0.034303
0.031387
0.030229
0.035328
0.038746
0.037502
0.037667
0.037500
0.037722
0.036982
0.038365
0.037724
0.037766
0.037907
0.037405
0.038491
0.038533
0.037191
0.038246
0.040552
0.039366
0.038668
0.039869
0.040376
0.037959
0.039878
0.039842
0.039659
0.037758
0.036496
0.039484
0.037168
0.038518
0.040524
0.039017
0.035664
0.040971
0.038742
0.039472
0.039878
0.038179
0.036889
0.033618
0.041851
0.041851
0.041851
0.041851
0.041851
0.041851
0.041851
0.041851
0.041851
0.041851
0.041851
0.041851
0.041851
0.041851
0.041851
0.041851
0.041851
0.041851
0.041851
0.041851
0.041851
0.041851
0.041851
0.041851
0.041851
0.041851
0.041851
0.041851
0.041851
0.041851
0.041851
0.041851
0.041851
0.041851
0.041851
0.041851
0.041851
0.041851
0.041851
0.041851
0.041851
0.041851
0.041851
0.041851
0.041851
0.041851
0.041851
0.041851
0.041851
0.041851
0.041851
0.041851
0.041851
0.041851
0.038408
0.038349
0.038236
0.038197
0.040217
0.039103
0.042707
0.041637
0.041518
0.046093
0.044078
0.044570
0.044829
0.041397
0.041308
0.044833
0.041069
0.041203
0.041665
0.044576
0.039773
0.039812
0.039640
0.041919
0.039799
0.039967
0.039785
0.041324
0.042055
0.041340
0.038668
0.038192
0.038316
0.038102
0.037937
0.037642
0.037935
0.038298
0.039720
0.039024
0.039014
0.038784
0.038241
0.038333
0.037326
0.037805
0.036957
0.039408
0.038247
0.038164
0.038540
0.039727
0.039900
0.041432
0.042223
0.042130
0.040835
0.040940
0.039903
0.041704
0.040912
0.041190
0.041131
0.041147
0.041160
0.041159
0.040098
0.040951
0.040536
0.040074
0.039665
0.040286
0.039707
0.040443
0.040178
0.040157
0.040281
0.040004
0.040084
0.040554
0.040546
0.040561
0.040625
0.040605
0.040406
0.040184
0.039056
0.038927
0.038804
0.038994
0.038590
0.038374
0.038369
0.038229
0.037743
0.039910
0.038052
0.039620
0.039926
0.040043
0.040010
0.039470
0.038966
0.037728
0.041162
0.040401
0.038496
0.038551
0.040228
0.038762
0.033072
0.040699
0.041043
0.041042
0.040737
0.042397
0.041654
0.042198
0.039733
0.045004
0.046191
0.043387
0.043387
0.043387
0.043387
0.043387
0.043387
0.038794
