0.034847
0.034707
0.034707
0.034709
0.034867
0.034663
0.035366
0.034745
0.034984
0.034786
0.035348
0.035192
0.034791
0.035148
0.031207
0.031246
0.027461
0.025961
0.021145
0.020525
0.012460
0.010694
0.010200
0.010074
0.009804
0.014144
0.011284
0.007602
0.004847
0.003919
0.002548
0.003744
0.003152
0.002360
0.002575
0.002557
0.003308
0.003493
0.003701
0.003116
0.003349
0.003142
0.003399
0.003066
0.003321
0.003170
0.003219
0.002246
0.000832
0.000719
0.000647
0.000940
0.000638
0.000704
0.000598
0.000341
0.000318
0.000380
0.000378
0.000291
0.000289
0.000293
0.000278
0.000256
0.000248
0.000245
0.000238
0.000232
0.000225
0.000215
0.000207
0.000198
0.000192
0.000185
0.000180
0.000167
0.000160
0.000153
0.000147
0.000134
0.000124
0.000113
0.000105
0.000097
0.000087
0.000075
0.000063
0.000048
0.000037
0.000027
0.000019
0.000011
0.000004
0.000000
0.000003
0.000007
0.000014
0.000020
0.000028
0.000036
0.000051
0.000056
0.000070
0.000068
0.000073
0.000076
0.000081
0.000084
0.000089
0.000089
0.000094
0.000097
0.000103
0.000104
0.000107
0.000109
0.000112
0.000113
0.000114
0.000122
0.000125
0.000125
0.000118
0.000119
0.000121
0.000119
0.000119
0.000118
0.000120
0.000119
0.000119
0.000119
0.000119
0.000126
0.000126
0.000119
0.000126
0.000134
0.000126
0.000118
0.000119
0.000118
0.000118
0.000118
0.000134
0.000125
0.000118
0.000118
0.000118
0.000118
0.000127
0.000126
0.000127
0.000126
0.000135
0.000127
0.000127
0.000127
0.000127
0.000127
0.000127
0.000119
0.000127
0.000119
0.000119
0.000119
0.000119
0.000118
0.000127
0.000119
0.000119
0.000118
0.000119
0.000118
0.000119
0.000118
0.000118
0.000118
0.000119
0.000118
0.000118
0.000118
0.000127
0.000126
0.000118
0.000118
0.000118
0.000118
0.000118
0.000118
0.000135
0.000119
0.000120
0.000120
0.000119
0.000118
0.000129
0.000118
0.000119
0.000120
0.088844
0.089030
0.088263
0.086992
0.084002
0.077951
0.079159
0.081186
0.081252
0.081098
0.080151
0.079964
0.079842
0.079823
0.079726
0.079364
0.079869
0.079434
0.079963
0.080047
0.080234
0.080208
0.080250
0.080146
0.080151
0.450051
0.230278
0.226283
0.215368
0.223171
0.232786
0.224229
0.217803
0.217833
0.216077
0.236632
0.225056
0.232602
0.229754
0.234356
0.232491
0.229680
0.228071
0.227166
0.234212
0.228158
0.230889
0.248108
0.253294
0.249281
0.261863
0.249735
0.257107
0.270345
0.261418
0.264963
0.137569
0.140048
0.139087
0.131785
0.136676
0.136766
0.132203
0.141342
0.137033
0.137132
0.137812
0.138195
0.137044
0.134333
0.136199
0.136603
0.135079
0.134402
0.135889
0.137382
0.134525
0.134307
0.133554
0.133946
0.133269
0.134269
0.133856
0.135693
0.134376
0.136804
0.134195
0.137687
0.139012
0.323183
0.324422
0.322449
0.321101
0.321262
0.322675
0.321477
0.325052
0.317729
0.323995
0.322000
0.325306
0.325074
0.325134
0.325171
0.324667
0.322523
0.313073
0.316922
0.310627
0.309380
0.312435
0.315673
0.315280
0.323273
0.324054
0.314079
0.312424
0.313276
0.313696
0.315095
0.301356
0.304033
0.310826
0.306616
0.306519
0.306461
0.306058
0.322016
0.305708
0.351021
0.304350
0.310396
0.305016
0.305410
0.305215
0.308943
0.307166
0.309715
0.309187
0.309921
0.302763
0.309068
0.300566
0.250194
0.232331
0.231165
0.249768
0.249113
0.232587
0.232229
0.232317
0.211367
0.209420
0.187485
0.230873
0.248248
0.247065
0.244678
0.245402
0.246673
0.249006
0.246914
0.247645
0.239320
0.245337
0.247401
0.247591
0.240209
0.241414
0.237029
0.246113
0.245197
0.248626
0.234112
0.233031
0.245071
0.206613
0.206352
0.206860
0.203454
0.204086
0.206470
0.203794
0.244637
0.227217
0.227079
0.248273
0.243332
0.243244
0.243130
0.242916
0.244226
0.244132
0.244162
0.301380
0.294245
0.306731
0.304049
0.306509
0.308854
0.299900
0.299051
0.327817
0.332992
0.303077
0.361745
0.357962
0.355182
0.298619
0.299488
0.301635
0.300222
0.302737
0.301618
0.304035
0.304310
0.304678
0.304752
0.303609
0.301670
0.303989
0.304790
0.302998
0.300353
0.298199
0.302622
0.297260
0.298428
0.299157
0.300303
0.306558
0.305287
0.302959
0.303386
0.293649
0.302110
0.294220
0.303134
0.295740
0.294155
0.292862
0.305380
0.304516
0.303110
0.197466
0.204212
0.206140
0.190099
0.195862
0.185303
0.282739
0.293865
0.223358
0.238062
0.200340
0.295390
0.215150
0.180262
0.177741
0.228058
0.191411
0.246888
0.247775
0.266211
0.268436
0.235655
0.207618
0.192532
0.176033
0.172072
0.178204
0.180832
0.221155
0.217939
0.154854
0.172337
0.170162
0.224339
0.171389
0.170652
0.233248
0.257262
0.164296
0.210516
0.197761
0.251323
0.240114
0.201532
0.216918
0.228772
0.210166
0.227646
0.226874
0.249200
0.187289
0.228198
0.224351
0.190815
0.189558
0.487798
0.451250
0.423407
0.402362
0.398103
0.368897
0.309924
0.307055
0.254242
0.338493
0.333286
0.265160
0.301101
0.197720
0.176951
0.167072
0.193101
0.201201
0.191449
0.179128
0.204365
0.199821
0.175019
0.172510
0.180075
0.181410
0.165693
0.166627
0.171334
0.176799
0.173360
0.183029
0.176530
0.173570
0.183556
0.179142
0.175608
0.174963
0.182493
0.187308
0.180082
0.178288
0.179508
0.173333
0.173285
0.172700
0.172891
0.170365
0.171270
0.172597
0.176973
0.172725
0.172559
0.173372
0.176773
0.169854
0.172256
0.174198
0.170579
0.173144
0.172764
0.172441
0.173066
0.173798
0.175285
0.174718
0.175272
0.177720
0.175455
0.176769
0.178097
0.487798
0.468965
0.454114
0.402289
0.387248
0.360738
0.339693
0.311633
0.295149
0.282976
0.272565
0.206505
0.185427
0.183171
0.182872
0.161256
0.161678
0.152486
0.155188
0.148476
0.151914
0.158768
0.158200
0.158734
0.158001
0.157567
0.159523
0.157519
0.159382
0.152611
0.155997
0.157349
0.157320
0.155977
0.159545
0.152222
0.152664
0.151655
0.152369
0.150172
0.152469
0.152148
0.154699
0.152220
0.156538
0.153154
0.154498
0.155900
0.155824
0.156568
0.155885
0.154335
0.156375
0.031369
0.031829
0.030109
0.030181
0.030141
0.032179
0.032195
0.032270
0.031398
0.031372
0.032181
0.032074
0.032033
0.032336
0.032027
0.032205
0.030984
0.032116
0.032131
0.032096
0.032329
0.032197
0.032308
0.032186
0.032266
0.032233
0.032186
0.031269
0.036696
0.036821
0.041734
0.042985
0.044117
0.050249
0.050234
0.051988
0.060333
0.057320
0.067777
0.056551
0.051574
0.057252
0.057536
0.064923
0.067827
0.068720
0.074274
0.078901
0.083532
0.088222
0.095963
0.096439
0.096744
0.095864
0.096840
0.096780
0.096433
0.097014
0.097476
0.095011
0.097472
0.095045
0.094967
0.097464
0.097714
0.097079
0.097611
0.097458
0.094838
0.094891
0.094875
0.097090
0.097599
0.097409
0.097606
0.097488
0.097846
0.095125
0.096601
0.096283
0.096624
0.097088
0.096937
0.096926
0.096715
0.097009
0.097001
0.096748
0.097374
0.097308
0.097841
0.096835
0.097479
0.097192
0.096536
0.096650
0.094847
0.097152
0.096667
0.096407
0.096259
0.096464
0.096550
0.097346
0.097251
0.097199
0.096917
0.096785
0.096625
0.096553
0.096510
0.120713
0.133980
0.116897
0.125598
0.124303
0.121947
0.123036
0.121046
0.120437
0.121742
0.130813
0.130663
0.149041
0.136315
0.133564
0.128287
0.124375
0.122253
0.123896
0.122272
0.122965
0.119600
0.120079
0.120979
0.121451
0.299317
0.300009
0.301159
0.299115
0.289535
0.287715
0.301845
0.302905
0.303244
0.303091
0.305065
0.297127
0.239974
0.220202
0.186343
0.172423
0.166581
0.165202
0.123694
0.113862
0.103115
0.099705
0.103031
0.103331
0.096706
0.093020
0.099741
0.091770
0.088468
0.089486
0.086902
0.102153
0.087489
0.086730
0.083908
0.088063
0.092860
0.080550
0.080946
0.080605
0.077230
0.074772
0.106114
0.095941
0.101635
0.103132
0.107217
0.101454
0.095342
0.089482
0.089139
0.086931
0.085517
0.084737
0.086659
0.084449
0.084325
0.083090
0.082593
0.085735
0.083405
0.089202
0.083971
0.087918
0.090081
0.089403
0.087326
0.094127
0.096482
0.098766
0.096069
0.098081
0.097354
0.093826
0.097804
0.096348
0.094770
0.093564
0.088642
0.090257
0.090381
0.092637
0.093304
0.095995
0.098607
0.093777
0.095817
0.095335
0.102534
0.114006
0.113741
0.117869
0.117778
0.155545
0.175015
0.177534
0.157681
0.161439
0.162719
0.166328
0.167833
0.168801
0.177868
0.174689
0.159988
0.156583
0.181852
0.173419
0.173630
0.170936
0.173289
0.179720
0.173654
0.170630
0.157619
0.162705
0.164508
0.170936
0.174147
0.171199
0.167400
0.159444
0.173255
0.179510
0.100034
0.098808
0.099200
0.098150
0.101814
0.100911
0.099727
0.098274
0.107058
0.108081
0.103393
0.105293
0.109078
0.113068
0.102512
0.114331
0.106833
0.106131
0.105975
0.105947
0.142494
0.139897
0.140237
0.146039
0.146926
0.149318
0.151303
0.150171
0.150589
0.148822
0.155331
0.149288
0.150579
0.148636
0.143139
0.144872
0.148250
0.145733
0.144169
0.141922
0.142765
0.144074
0.141047
0.143653
0.144128
0.142516
0.136992
0.145291
0.144077
0.138319
0.139979
0.140014
0.139267
0.138065
0.275869
0.276219
0.288996
0.291419
0.285172
0.289463
0.290901
0.291878
0.292428
0.288856
0.277914
0.288280
0.280400
0.279958
0.294034
0.298317
0.285982
0.281768
0.278312
0.278269
0.279323
0.275239
0.253424
0.280279
0.290661
0.285810
0.272748
0.105398
0.104876
0.104085
0.105102
0.105485
0.102722
0.102115
0.103964
0.104753
0.105112
0.107496
0.107486
0.106799
0.105716
0.105667
0.105819
0.106690
0.106415
0.105641
0.104950
0.104512
0.104632
0.104974
0.107468
0.103672
0.103248
0.108210
0.107723
0.107427
0.107998
0.054139
0.055495
0.055152
0.054373
0.054638
0.054613
0.054637
0.055914
0.056079
0.058094
0.058072
0.057449
0.063324
0.066779
0.067002
0.067496
0.067811
0.063571
0.062904
0.063782
0.069673
0.070606
0.069740
0.068446
0.065837
0.068661
0.065589
0.064762
0.070227
0.066245
0.068529
0.068904
0.073341
0.060336
0.060800
0.060943
0.059218
0.058946
0.071656
0.071770
0.071710
0.056475
0.064264
0.069359
0.069217
0.071896
0.064770
0.064511
0.063270
0.071317
0.063902
0.064417
0.063840
0.063489
0.062000
0.055732
0.057803
0.069906
0.064681
0.064420
0.068606
0.064439
0.063150
0.064952
0.067060
0.165650
0.164311
0.163772
0.163414
0.166406
0.166147
0.166173
0.166076
0.167361
0.168192
0.170200
0.169726
0.169519
0.167057
0.168875
0.177931
0.166847
0.159432
0.159198
0.152281
0.156288
0.157738
0.163830
0.179085
0.170065
0.178873
0.170256
0.179496
0.182207
0.181188
0.181004
0.182888
0.181331
0.179326
0.175697
0.178744
0.182630
0.179017
0.180713
0.177376
0.176037
0.178928
0.171640
0.168810
0.164796
0.162606
0.162179
0.163672
0.161963
0.162057
0.156897
0.164479
0.157688
0.161220
0.158081
0.161235
0.161022
0.163545
0.186963
0.188888
0.185403
0.150474
0.149366
0.149556
0.149737
0.149438
0.211893
0.206514
0.212060
0.198680
0.212756
0.218848
0.219725
0.219629
0.204104
0.186994
0.188905
0.197372
0.202518
0.203701
0.195521
0.194725
0.203081
0.221094
0.199251
0.161983
0.158120
0.162722
0.164215
0.162029
0.183049
0.157471
0.155717
0.175843
0.153093
0.155175
0.153989
0.154009
0.174886
0.155074
0.174293
0.176640
0.233170
0.239190
0.240540
0.238209
0.233481
0.232351
0.233567
0.234677
0.238562
0.240730
0.237522
0.240880
0.241302
0.238913
0.238573
0.239769
0.236096
0.135638
0.135357
0.134259
0.121366
0.121715
0.121828
0.124022
0.122057
0.123652
0.121363
0.122552
0.123452
0.135969
0.122542
0.124635
0.123083
0.126671
0.126133
0.487798
0.436391
0.394895
0.361170
0.324906
0.293931
0.267492
0.233058
0.218051
0.214381
0.221299
0.205638
0.188098
0.175529
0.175152
0.177413
0.176729
0.177801
0.178635
0.179430
0.176214
0.177935
0.176638
0.177028
0.176040
0.176206
0.174759
0.175332
0.177331
0.175310
0.177931
0.176998
0.178335
0.179832
0.174186
0.176107
0.177213
0.171673
0.171626
0.187935
0.174507
0.175027
0.171903
0.182586
0.179300
0.170195
0.171517
0.167434
0.162202
0.155276
0.155164
0.154499
0.159051
0.153973
0.153057
0.148307
0.142186
0.153248
0.152780
0.147798
0.152984
0.153267
0.145053
0.142771
0.142960
0.142517
0.141753
0.142040
0.142205
0.142655
0.145947
0.145254
0.143404
0.145489
0.142049
0.144702
0.144110
0.142759
0.143874
0.143257
0.161316
0.160664
0.161997
0.162270
0.164064
0.168078
0.167619
0.167890
0.170603
0.170965
0.487798
0.487798
0.335876
0.378361
0.360870
0.332999
0.314464
0.303411
0.295135
0.407597
0.350975
0.331906
0.330639
0.250011
0.251710
0.234248
0.227302
0.171397
0.154822
0.165969
0.151439
0.158637
0.159635
0.162386
0.185672
0.156947
0.171775
0.163801
0.172446
0.169312
0.155678
0.156101
0.226209
0.221366
0.232754
0.238719
0.230716
0.231075
0.231996
0.233160
0.231767
0.230776
0.232337
0.230497
0.237312
0.228969
0.230444
0.232413
0.232993
0.232804
0.230891
0.231357
0.236869
0.229766
0.237983
0.229967
0.230957
0.231701
0.227082
0.228587
0.236427
0.235124
0.236012
0.236074
0.228692
0.228260
0.229200
0.228167
0.228714
0.228415
0.225905
0.227694
0.230668
0.228998
0.230236
0.239008
0.236162
0.236619
0.234974
0.238779
0.243527
0.240743
0.241391
0.242027
0.241256
0.241479
0.237503
0.236406
0.234491
0.249017
0.249535
0.231355
0.233010
0.032278
0.031656
0.031640
0.031720
0.031711
0.031848
0.031780
0.031761
0.031766
0.034456
0.034899
0.030406
0.030301
0.032309
0.032158
0.030898
0.032213
0.032637
0.032616
0.033499
0.033507
0.027650
0.027784
0.033564
0.033683
0.033505
0.033714
0.033562
0.033748
0.028184
0.038296
0.037587
0.039130
0.044310
0.048957
0.045457
0.048156
0.039596
0.040196
0.040096
0.050834
0.051709
0.045396
0.047350
0.046956
0.048897
0.048656
0.050263
0.054327
0.057144
0.057737
0.059318
0.064785
0.064570
0.064379
0.064353
0.058171
0.055803
0.056029
0.057143
0.056954
0.055625
0.055582
0.056051
0.055745
0.064453
0.064668
0.064504
0.064728
0.064671
0.064737
0.064754
0.064639
0.064229
0.064619
0.064677
0.064878
0.064641
0.064666
0.064667
0.064660
0.064751
0.064705
0.064973
0.065069
0.064073
0.064566
0.064880
0.064738
0.064721
0.064790
0.064801
0.064805
0.065009
0.065074
0.064926
0.064601
0.064405
0.064711
0.064688
0.064854
0.064780
0.064919
0.064697
0.064530
0.064831
0.064488
0.092999
0.092798
0.093766
0.094619
0.093827
0.093316
0.093627
0.094260
0.093351
0.092903
0.093549
0.085075
0.085273
0.073906
0.090181
0.085539
0.102336
0.082450
0.088604
0.087614
0.084574
0.088448
0.086364
0.090761
0.089593
0.083791
0.093350
0.096664
0.096279
0.342531
0.347768
0.325263
0.321322
0.360494
0.333575
0.352245
0.344227
0.351018
0.345083
0.354431
0.364359
0.361916
0.365108
0.357727
0.346759
0.322393
0.306506
0.302125
0.314883
0.307690
0.315783
0.310606
0.319466
0.329379
0.329365
0.327207
0.337042
0.330334
0.339458
0.334856
0.337702
0.337197
0.335597
0.328579
0.328565
0.330023
0.334539
0.330391
0.198957
0.195411
0.195183
0.199221
0.201190
0.202320
0.201511
0.202636
0.203236
0.203778
0.200412
0.206594
0.205828
0.206413
0.204065
0.201820
0.202924
0.205214
0.204429
0.202971
0.204275
0.203962
0.201770
0.202232
0.200071
0.201978
0.203704
0.202195
0.206030
0.208193
0.223628
0.212811
0.217072
0.221563
0.221951
0.217560
0.214454
0.218102
0.231935
0.221074
0.221735
0.205299
0.182758
0.179607
0.216946
0.229826
0.211547
0.226335
0.231909
0.226650
0.238979
0.222722
0.230449
0.232870
0.232548
0.231511
0.230529
0.230481
0.234466
0.086689
0.085893
0.085223
0.086100
0.085470
0.086393
0.086443
0.086593
0.085748
0.085771
0.086471
0.086528
0.086213
0.085959
0.085703
0.086056
0.085732
0.086883
0.087643
0.087713
0.088571
0.088386
0.089269
0.086032
0.089023
0.087802
0.086100
0.088751
0.088435
0.088651
0.092663
0.091568
0.090123
0.090475
0.091996
0.095466
0.095137
0.091121
0.091914
0.092425
0.091379
0.095233
0.095015
0.095112
0.095145
0.094999
0.095440
0.095643
0.089479
0.095098
0.089541
0.094051
0.092781
0.091933
0.092273
0.093354
0.092042
0.093865
0.093379
0.094427
0.071665
0.071257
0.071568
0.071817
0.071309
0.072659
0.072175
0.061745
0.060660
0.060849
0.061533
0.060219
0.060961
0.060682
0.064229
0.064715
0.061706
0.065378
0.064841
0.061035
0.061947
0.066384
0.061344
0.065611
0.062228
0.071209
0.065372
0.062799
0.065560
0.071343
0.060955
0.062394
0.063577
0.258799
0.264719
0.268583
0.277383
0.203411
0.265240
0.255541
0.269308
0.278118
0.200749
0.277043
0.259841
0.320126
0.289542
0.245174
0.269026
0.293772
0.312396
0.277166
0.274438
0.252985
0.248019
0.226572
0.222503
0.234247
0.235146
0.241160
0.291784
0.304993
0.307362
0.273323
0.327433
0.223635
0.260307
0.274796
0.269180
0.214054
0.200907
0.219744
0.198136
0.208904
0.210856
0.198739
0.220551
0.212658
0.211670
0.206215
0.235324
0.222504
0.236449
0.218481
0.218193
0.223408
0.222639
0.228064
0.273574
0.281061
0.273743
0.278312
0.277737
0.282899
0.280017
0.284643
0.283519
0.283158
0.234151
0.281850
0.228084
0.248878
0.224534
0.226186
0.246482
0.038522
0.038552
0.038625
0.038560
0.038523
0.038171
0.038357
0.038545
0.038331
0.038189
0.038107
0.037954
0.038161
0.038278
0.038215
0.038290
0.038215
0.038344
0.038378
0.038374
0.038352
0.038375
0.046547
0.047406
0.056209
0.061164
0.063964
0.063221
0.058298
0.064936
0.067624
0.071063
0.071582
0.075886
0.078346
0.078489
0.079860
0.082008
0.083605
0.084285
0.069465
0.053681
0.047390
0.042963
0.039096
0.038980
0.039267
0.039515
0.039737
0.039894
0.039844
0.040033
0.039535
0.040344
0.038916
0.038669
0.038188
0.038155
0.038095
0.037883
0.037928
0.038068
0.039056
0.040293
0.038534
0.039906
0.038637
0.039393
0.039180
0.039244
0.040303
0.040022
0.039396
0.039315
0.039262
0.039528
0.039433
0.039422
0.039424
0.039206
0.039201
0.040112
0.040301
0.040324
0.040237
0.040547
0.040557
0.040578
0.040597
0.040434
0.040405
0.040427
0.040167
0.040556
0.040720
0.040750
0.039758
0.039419
0.039622
0.039508
0.039350
0.039596
0.039584
0.039541
0.039941
0.039497
0.039619
0.039672
0.039347
0.039401
0.039365
0.039530
0.128763
0.128797
0.123982
0.131630
0.133766
0.134016
0.132308
0.130874
0.131693
0.132207
0.132940
0.132522
0.139053
0.135515
0.134360
0.135357
0.129287
0.129412
0.129272
0.131877
0.132976
0.132352
0.131331
0.134886
0.132149
0.132832
0.132050
0.133603
0.133916
0.138861
0.137126
0.135863
0.135596
0.131433
0.133456
0.143755
0.143414
0.120728
0.123700
0.132703
0.128776
0.131454
0.134240
0.134047
0.134516
0.137373
0.138945
0.142852
0.226991
0.226702
0.224585
0.225932
0.203721
0.204955
0.231253
0.204836
0.225268
0.233560
0.232181
0.231779
0.211350
0.210778
0.211742
0.207949
0.209178
0.214096
0.235486
0.233886
0.228750
0.212235
0.214165
0.211509
0.211435
0.232730
0.209720
0.212047
0.209866
0.210863
0.211250
0.210200
0.312652
0.309347
0.238888
0.236938
0.244105
0.245427
0.179621
0.177909
0.179627
0.179067
0.179367
0.179837
0.178864
0.179538
0.180690
0.180036
0.180195
0.180240
0.178750
0.179391
0.179905
0.205069
0.191027
0.188971
0.191154
0.192888
0.187704
0.187540
0.191346
0.188944
0.191826
0.193983
0.183438
0.194166
0.196372
0.192645
0.201269
0.184930
0.195657
0.194320
0.207824
0.207648
0.208658
0.208579
0.211160
0.209766
0.210817
0.210911
0.211474
0.208947
0.209664
0.207683
0.210117
0.204082
0.205714
0.203071
0.203156
0.204514
0.204579
0.205807
0.201647
0.205025
0.193074
0.201485
0.215278
0.205999
0.219655
0.208012
0.196087
0.190092
0.185052
0.186575
0.192264
0.196877
0.193692
0.195698
0.177085
0.176840
0.173824
0.178638
0.173132
0.173346
0.174759
0.183799
0.184317
0.190216
0.209476
0.211349
0.209382
0.212519
0.211753
0.210002
0.210102
0.209479
0.220448
0.230366
0.219454
0.220854
0.219952
0.144466
0.145048
0.151872
0.152231
0.160343
0.157657
0.151088
0.151510
0.155739
0.157674
0.160803
0.152677
0.183056
0.175612
0.181417
0.196353
0.204254
0.198808
0.209666
0.191872
0.206615
0.208573
0.216119
0.220688
0.222467
0.224691
0.236617
0.255806
0.254217
0.234575
0.155180
0.157446
0.170258
0.170005
0.171561
0.173845
0.159962
0.131352
0.148604
0.152736
0.146002
0.151118
0.153314
0.152961
0.152759
0.148073
0.150167
0.149440
0.149592
0.149594
0.148761
0.150043
0.150678
0.150664
0.150363
0.148798
0.150799
0.147605
0.147477
0.146850
0.146873
0.342347
0.341864
0.266877
0.286992
0.174656
0.162248
0.092221
0.092172
0.095295
0.093217
0.088387
0.092753
0.091210
0.093607
0.092935
0.083927
0.092752
0.091202
0.090345
0.090384
0.090065
0.091329
0.093249
0.090727
0.089089
0.090178
0.089923
0.089677
0.089642
0.094181
0.090234
0.087805
0.086448
0.089029
0.096325
0.067834
0.096007
0.074693
0.074003
0.066638
0.096001
0.096270
0.096966
0.068706
0.073811
0.078281
0.067992
0.068889
0.096762
0.075112
0.075214
0.073800
0.099078
0.098952
0.074250
0.074774
0.061945
0.061804
0.062341
0.062921
0.063253
0.061076
0.062301
0.061798
0.061310
0.062576
0.063838
0.063363
0.064761
0.062909
0.058368
0.058235
0.058496
0.058429
0.058330
0.058384
0.058504
0.059382
0.060927
0.059129
0.061226
0.091301
0.090235
0.091184
0.091431
0.092276
0.092476
0.092034
0.092050
0.091860
0.092560
0.091651
0.092353
0.092492
0.093730
0.092459
0.089926
0.089585
0.092619
0.092714
0.092659
0.092682
0.093521
0.091903
0.092073
0.091023
0.091747
0.090993
0.092480
0.092748
0.130992
0.121514
0.122000
0.121286
0.132122
0.120723
0.119271
0.125528
0.128275
0.130721
0.129918
0.132664
0.128699
0.128481
0.129651
0.128831
0.127489
0.120930
0.121388
0.122528
0.128356
0.125202
0.123195
0.120112
0.115744
0.118398
0.118826
0.121504
0.121625
0.122011
0.123621
0.106845
0.116658
0.115668
0.117554
0.118043
0.114847
0.112019
0.115595
0.115388
0.114250
0.112201
0.114284
0.114058
0.110781
0.111356
0.113596
0.111711
0.109788
0.112420
0.108802
0.112222
0.112592
0.108300
0.111463
0.112374
0.085610
0.088819
0.089176
0.081844
0.089326
0.089824
0.090874
0.090220
0.095457
0.095335
0.096445
0.099839
0.097392
0.099758
0.101796
0.099773
0.102231
0.103064
0.103886
0.103305
0.104983
0.104811
0.104919
0.098368
0.104291
0.104864
0.101226
0.106872
0.107458
0.107961
0.103967
0.104346
0.105480
0.104194
0.106021
0.107237
0.111463
0.109729
0.108525
0.218041
0.219831
0.219944
0.220516
0.218970
0.220189
0.218306
0.218200
0.227546
0.223725
0.217417
0.218513
0.218856
0.221857
0.221256
0.223466
0.222393
0.228171
0.221441
0.218160
0.226060
0.227232
0.226893
0.226033
0.226247
0.226374
0.228006
0.228421
0.225999
0.225997
0.224033
0.254847
0.245183
0.245770
0.253746
0.246632
0.248230
0.253727
0.248115
0.242648
0.244506
0.252215
0.253970
0.253863
0.252152
0.244145
0.229085
0.223550
0.229142
0.230965
0.225152
0.229852
0.235659
0.199019
0.199175
0.199712
0.198850
0.199316
0.200486
0.199633
0.200254
0.241697
0.242828
0.247057
0.301418
0.299952
0.307298
0.303677
0.300658
0.303013
0.300440
0.301455
0.302114
0.304935
0.304474
0.304401
0.301411
0.303030
0.300606
0.300953
0.301825
0.300020
0.300970
0.300146
0.299109
0.299230
0.299711
0.191309
0.192743
0.184258
0.192188
0.198630
0.184306
0.186319
0.193318
0.193720
0.190698
0.185002
0.183705
0.185128
0.184114
0.186959
0.186776
0.188358
0.316243
0.313238
0.315968
0.321490
0.322628
0.321033
0.322303
0.319470
0.321182
0.319969
0.326072
0.320287
0.330855
0.339885
0.341221
0.341309
0.340338
0.340365
0.332514
0.332547
0.330574
0.334109
0.332469
0.332895
0.332067
0.333435
0.332540
0.332528
0.332396
0.332225
0.332238
0.334044
0.332856
0.245953
0.249223
0.231547
0.233268
0.238360
0.216373
0.223054
0.234590
0.241608
0.232699
0.260493
0.267126
0.282104
0.294096
0.300965
0.307802
0.308428
0.309839
0.302859
0.302718
0.299530
0.288588
0.277375
0.266194
0.260639
0.254872
0.250928
0.248941
0.247305
0.247821
0.247386
0.247464
0.247964
0.246406
0.248066
0.247300
0.247908
0.247160
0.247403
0.247384
0.247696
0.246977
0.247389
0.246509
0.247718
0.487798
0.452203
0.417320
0.388592
0.343738
0.359347
0.334953
0.329441
0.322103
0.311413
0.311624
0.287452
0.260810
0.250849
0.249326
0.248337
0.247046
0.248121
0.243916
0.244833
0.246098
0.246401
0.247581
0.247540
0.243902
0.244467
0.245067
0.246706
0.246302
0.241556
0.246586
0.245301
0.249531
0.249630
0.192592
0.190059
0.188303
0.193855
0.182462
0.183513
0.183140
0.207427
0.189960
0.181839
0.172789
0.177491
0.195733
0.172990
0.173264
0.171335
0.186560
0.173609
0.170321
0.185606
0.195759
0.199552
0.185559
0.201438
0.181944
0.182647
0.185134
0.187526
0.187271
0.189115
0.186227
0.188903
0.198247
0.200403
0.147986
0.148860
0.152919
0.151987
0.153083
0.147558
0.149168
0.150293
0.151328
0.145101
0.147096
0.147715
0.148511
0.143404
0.150670
0.144708
0.142129
0.148140
0.149040
0.151839
0.147886
0.153128
0.153340
0.177717
0.177714
0.182439
0.181597
0.180686
0.181906
0.180261
0.183506
0.172900
0.173879
0.176871
0.177087
0.174973
0.181278
0.175750
0.181265
0.183083
0.183046
0.182116
0.182009
0.183541
0.182223
0.183120
0.181096
0.331424
0.321752
0.321933
0.319132
0.315400
0.314537
0.314179
0.305449
0.314175
0.307197
0.308317
0.308679
0.309296
0.311623
0.316579
0.319798
0.315235
0.328277
0.330892
0.332090
0.330179
0.320693
0.331762
0.315238
0.315624
0.309300
0.318340
0.309579
0.311275
0.309528
0.309503
0.310717
0.307497
0.310255
0.311464
0.310281
0.308563
0.308344
0.309898
0.309948
0.308615
0.311947
0.311952
0.310273
0.311116
0.310762
0.309697
0.309933
0.307506
0.307583
0.308638
0.308830
0.310112
0.310099
0.310271
0.311033
0.307728
0.307738
0.307849
0.311031
0.309202
0.310557
0.307039
0.308016
0.307753
0.310992
0.307757
0.310429
0.392637
0.393629
0.390902
0.388957
0.391841
0.391990
0.388306
0.390780
0.386283
0.382303
0.384276
0.386022
0.386575
0.387953
0.385916
0.384471
0.387383
0.389232
0.388921
0.387929
0.387240
0.387454
0.378705
0.386781
0.385193
0.384796
0.384621
0.389473
0.389260
0.384976
0.382583
0.389291
0.386039
0.393657
0.392951
0.390580
0.390168
0.391059
0.382870
0.389726
0.388782
0.389494
0.389250
0.386852
0.388823
0.390053
0.390902
0.390950
0.390871
0.390347
0.389495
0.385447
0.382729
0.387135
0.385947
0.384321
0.393674
0.399852
0.211336
0.213992
0.210459
0.210586
0.209774
0.195123
0.215562
0.204612
0.202653
0.197645
0.209110
0.208399
0.149650
0.147251
0.148362
0.147457
0.145657
0.152676
0.153454
0.154170
0.156589
0.155714
0.156001
0.156709
0.157295
0.156557
0.158274
0.157961
0.158263
0.158693
0.158853
0.161545
0.168924
0.177702
0.182740
0.185189
0.186249
0.186504
0.185063
0.185904
0.190980
0.183830
0.170269
0.160712
0.137645
0.130576
0.116606
0.122587
0.119422
0.125248
0.123943
0.123277
0.121289
0.123740
0.124672
0.125245
0.124714
0.125606
0.123850
0.124155
0.123248
0.120436
0.125094
0.121380
0.120755
0.121433
0.487798
0.487798
0.402756
0.359478
0.378012
0.344449
0.309370
0.283144
0.272749
0.265080
0.264918
0.261522
0.261157
0.272047
0.255973
0.263720
0.250417
0.257370
0.252103
0.248762
0.257391
0.358350
0.467981
0.468815
0.464798
0.463310
0.350981
0.352768
0.354423
0.351283
0.351556
0.353899
0.347828
0.348017
0.342054
0.351548
0.340771
0.340083
0.348829
0.341945
0.334298
0.340613
0.334287
0.336701
0.340600
0.346093
0.346202
0.352430
0.351605
0.351965
0.351558
0.351897
0.351615
0.345893
0.345322
0.345380
0.345792
0.344540
0.346650
0.346616
0.348045
0.035719
0.035701
0.035702
0.035621
0.035073
0.035495
0.035608
0.035611
0.035570
0.035033
0.034997
0.035351
0.034972
0.035290
0.035303
0.035694
0.035703
0.035629
0.035736
0.036551
0.035516
0.035556
0.035393
0.038358
0.035472
0.035491
0.035466
0.035546
0.035461
0.038448
0.038453
0.035400
0.034470
0.045159
0.043055
0.050831
0.054489
0.056565
0.061186
0.070252
0.072628
0.072354
0.074941
0.078322
0.081375
0.075685
0.078319
0.084832
0.082066
0.084194
0.097676
0.102558
0.106815
0.110498
0.116920
0.121841
0.123032
0.122088
0.122082
0.122543
0.123506
0.123889
0.124102
0.123961
0.121311
0.120953
0.120760
0.121054
0.120122
0.119987
0.122758
0.122801
0.123308
0.124322
0.123326
0.123443
0.124138
0.124764
0.124651
0.125170
0.124569
0.125006
0.124471
0.123257
0.124940
0.123268
0.124766
0.115919
0.112313
0.111961
0.114482
0.114287
0.114109
0.115414
0.115232
0.114693
0.113425
0.115914
0.115018
0.128261
0.108695
0.106812
0.104437
0.106699
0.103502
0.132214
0.134020
0.125843
0.118610
0.111075
0.116568
0.102680
0.107606
0.111701
0.109445
0.111914
0.108017
0.108841
0.106313
0.112225
0.109214
0.109952
0.113777
0.107200
0.107400
0.109588
0.114735
0.115582
0.114423
0.116783
0.117593
0.118577
0.114824
0.116518
0.117062
0.118696
0.115738
0.112235
0.119601
0.119405
0.116571
0.114847
0.114884
0.115598
0.109947
0.111610
0.114287
0.098603
0.088833
0.086442
0.087849
0.089180
0.093122
0.095881
0.087981
0.098615
0.104351
0.097643
0.092777
0.097008
0.098262
0.098042
0.098765
0.110023
0.111022
0.125077
0.136904
0.133506
0.126889
0.124051
0.121216
0.209317
0.255397
0.296856
0.361519
0.378751
0.383028
0.361875
0.376940
0.371370
0.375255
0.372761
0.347616
0.307167
0.318793
0.318124
0.289185
0.286950
0.295829
0.290957
0.286067
0.287548
0.290501
0.284341
0.320950
0.320361
0.320141
0.317873
0.306071
0.302034
0.300158
0.300831
0.306368
0.282381
0.312604
0.314908
0.315329
0.314377
0.314791
0.313167
0.314629
0.313274
0.313849
0.323495
0.323973
0.334653
0.334475
0.336549
0.334081
0.329689
0.315499
0.318150
0.320936
0.319897
0.331889
0.324564
0.318217
0.333321
0.331572
0.283492
0.284966
0.325476
0.322056
0.311081
0.283155
0.305672
0.306067
0.309734
0.306547
0.283582
0.319837
0.320147
0.311888
0.306456
0.305119
0.306362
0.301194
0.308534
0.304524
0.310491
0.310405
0.307941
0.311778
0.304774
0.281311
0.282520
0.272645
0.278100
0.265545
0.278956
0.279915
0.282719
0.282910
0.281657
0.256549
0.263993
0.261090
0.280762
0.273178
0.273987
0.286806
0.267011
0.272625
0.273388
0.273271
0.276814
0.263622
0.263643
0.264505
0.251210
0.255352
0.255523
0.257020
0.253911
0.250790
0.249974
0.247399
0.240858
0.241311
0.245497
0.258634
0.244904
0.257114
0.257090
0.255763
0.255506
0.260087
0.256170
0.263559
0.264627
0.261186
0.262311
0.263144
0.260506
0.253770
0.246337
0.247863
0.241245
0.242693
0.238636
0.238689
0.244040
0.241612
0.238443
0.239380
0.234484
0.241224
0.243337
0.237005
0.238997
0.243113
0.248387
0.247917
0.249923
0.253582
0.257894
0.251350
0.255704
0.254018
0.246291
0.243859
0.263570
0.270626
0.260481
0.264902
0.263422
0.254561
0.260387
0.269820
0.211313
0.208656
0.219472
0.237094
0.232115
0.232815
0.237351
0.236636
0.221518
0.221525
0.232549
0.239341
0.244004
0.255663
0.254449
0.031097
0.030988
0.031114
0.031223
0.030903
0.031144
0.031225
0.030669
0.031174
0.031052
0.031193
0.031367
0.031389
0.031285
0.032522
0.032509
0.030703
0.029675
0.030127
0.030814
0.026387
0.026613
0.026393
0.026214
0.026534
0.026264
0.026237
0.026239
0.028248
0.026148
0.026176
0.026225
0.026304
0.028927
0.036285
0.035739
0.041067
0.045756
0.040781
0.041917
0.046882
0.055753
0.050407
0.053666
0.059411
0.063230
0.065248
0.063970
0.063781
0.063587
0.065685
0.067384
0.067815
0.068171
0.070965
0.074023
0.077332
0.077344
0.077635
0.077631
0.077602
0.078010
0.078003
0.077751
0.077730
0.077859
0.077513
0.077751
0.077533
0.077178
0.077428
0.077419
0.077493
0.077181
0.076073
0.076082
0.076207
0.076262
0.076004
0.076096
0.076178
0.076046
0.076879
0.077324
0.077438
0.077453
0.076897
0.183547
0.182125
0.181330
0.183371
0.183444
0.183215
0.193076
0.186732
0.184665
0.184159
0.184048
0.184744
0.184476
0.188009
0.179296
0.178964
0.180721
0.179095
0.180880
0.182457
0.183441
0.181945
0.180951
0.183976
0.185976
0.182311
0.181475
0.183517
0.183161
0.180216
0.178317
0.176195
0.175743
0.173217
0.172597
0.171325
0.172861
0.169649
0.171302
0.170136
0.170339
0.166622
0.161922
0.166128
0.176312
0.193338
0.184376
0.183018
0.187392
0.174208
0.170037
0.160740
0.162765
0.163705
0.163730
0.161726
0.166831
0.165948
0.163261
0.168499
0.169170
0.174878
0.170554
0.164484
0.165902
0.173225
0.176270
0.185160
0.158665
0.160537
0.159466
0.179864
0.183374
0.182135
0.157818
0.159702
0.160264
0.161242
0.159618
0.161810
0.176563
0.183034
0.186779
0.184640
0.185667
0.183512
0.182418
0.185918
0.185644
0.184615
0.184577
0.190537
0.189923
0.188405
0.190612
0.188767
0.188262
0.189831
0.192902
0.188734
0.198400
0.171946
0.167413
0.195455
0.195728
0.189837
0.188455
0.198182
0.271937
0.309135
0.276296
0.273447
0.274671
0.305815
0.273326
0.272191
0.269637
0.266500
0.266431
0.269691
0.272699
0.266113
0.268868
0.266356
0.255746
0.245577
0.237153
0.243534
0.248604
0.252047
0.248542
0.263070
0.248031
0.237831
0.222112
0.223473
0.222617
0.226529
0.230931
0.230515
0.233698
0.237349
0.238166
0.240119
0.240556
0.239155
0.238908
0.233418
0.240622
0.240228
0.252928
0.253297
0.237467
0.236173
0.235075
0.240247
0.237656
0.244678
0.246581
0.247593
0.249600
0.206250
0.201513
0.206767
0.205956
0.195110
0.189542
0.193707
0.193678
0.190827
0.189587
0.190922
0.185655
0.191032
0.200047
0.199416
0.197396
0.199051
0.199883
0.191990
0.188482
0.191130
0.192867
0.182004
0.189852
0.192063
0.192639
0.193214
0.194376
0.200002
0.202109
0.205943
0.205677
0.204748
0.203247
0.200873
0.202535
0.200021
0.198466
0.203627
0.171066
0.174225
0.198391
0.203673
0.204421
0.206478
0.208377
0.205709
0.205888
0.206340
0.204962
0.203176
0.204150
0.204187
0.199327
0.200979
0.204013
0.202413
0.203157
0.231333
0.265936
0.248238
0.255449
0.250886
0.250855
0.157804
0.171330
0.174534
0.167401
0.169416
0.169044
0.165507
0.164655
0.167125
0.174705
0.165037
0.167745
0.169088
0.168945
0.169472
0.173380
0.178023
0.176092
0.173739
0.171626
0.167194
0.167066
0.166636
0.167499
0.166806
0.174316
0.171698
0.135735
0.132249
0.129295
0.128140
0.128312
0.126255
0.133341
0.134818
0.136931
0.127459
0.120379
0.119000
0.120023
0.119188
0.119515
0.120382
0.122956
0.124006
0.123032
0.124409
0.127407
0.126685
0.128214
0.120006
0.118661
0.115553
0.120974
0.117091
0.122548
0.316607
0.344311
0.342520
0.343347
0.338692
0.337221
0.339364
0.340672
0.337293
0.349530
0.332059
0.330798
0.331456
0.327474
0.338241
0.341733
0.351855
0.349344
0.345758
0.339589
0.345877
0.339409
0.341713
0.341584
0.342123
0.345235
0.345255
0.346758
0.345743
0.352502
0.343086
0.351111
0.348584
0.347998
0.345867
0.349060
0.350174
0.348482
0.347265
0.348245
0.345728
0.347413
0.348721
0.347362
0.348180
0.364118
0.364931
0.364443
0.344646
0.351080
0.354679
0.357391
0.356084
0.354682
0.359173
0.358778
0.114941
0.115233
0.101899
0.116696
0.118330
0.103147
0.119224
0.116872
0.113653
0.118100
0.117337
0.114496
0.114943
0.112016
0.116833
0.113818
0.113776
0.111504
0.114684
0.112759
0.109798
0.109868
0.108672
0.109699
0.110435
0.382789
0.382252
0.372423
0.323973
0.341107
0.354466
0.340775
0.308493
0.314566
0.301910
0.293101
0.301804
0.287322
0.290323
0.248514
0.265849
0.268315
0.251796
0.262153
0.245090
0.262954
0.281322
0.260928
0.241467
0.236575
0.260345
0.232267
0.258765
0.257187
0.236563
0.239432
0.238280
0.240096
0.238952
0.240198
0.242092
0.242486
0.245893
0.245813
0.245015
0.241892
0.244317
0.254600
0.246866
0.245435
0.236151
0.245252
0.257947
0.243941
0.028922
0.029123
0.029191
0.029318
0.028918
0.028911
0.028919
0.028763
0.028758
0.028726
0.028872
0.028868
0.026172
0.029115
0.029026
0.029070
0.029103
0.028985
0.029225
0.029194
0.029555
0.028950
0.028899
0.029174
0.028545
0.029042
0.028861
0.029102
0.028719
0.029018
0.028778
0.029187
0.029210
0.029271
0.028995
0.028923
0.028699
0.028728
0.028807
0.028945
0.029239
0.037952
0.039998
0.043651
0.045529
0.055649
0.058556
0.063214
0.056800
0.059614
0.065047
0.066468
0.070978
0.067694
0.075044
0.069998
0.057584
0.044425
0.037629
0.033294
0.033978
0.033985
0.033782
0.034026
0.033818
0.033813
0.033815
0.034053
0.033728
0.033445
0.033946
0.033904
0.033751
0.033769
0.033515
0.033541
0.033929
0.033665
0.033693
0.033973
0.033419
0.033381
0.033603
0.033713
0.033750
0.033719
0.033677
0.033675
0.033756
0.033772
0.033768
0.033752
0.033768
0.033792
0.033867
0.033806
0.033829
0.033797
0.034004
0.034069
0.033698
0.033911
0.033652
0.033623
0.033667
0.033407
0.033983
0.034123
0.033673
0.033944
0.033878
0.033711
0.033328
0.176864
0.176538
0.177937
0.177254
0.174947
0.173519
0.173843
0.171392
0.173069
0.173406
0.174971
0.176281
0.176506
0.176196
0.178894
0.175183
0.175106
0.175320
0.177165
0.176502
0.178991
0.175622
0.177708
0.163124
0.163327
0.162535
0.165650
0.162619
0.153745
0.167172
0.167256
0.162083
0.167577
0.170087
0.160104
0.160952
0.168453
0.172529
0.170339
0.169741
0.171233
0.165912
0.171983
0.178986
0.180904
0.176518
0.174967
0.174368
0.184691
0.181200
0.166004
0.169481
0.162166
0.166260
0.165089
0.162734
0.167901
0.165556
0.158300
0.153126
0.155096
0.163633
0.154465
0.155197
0.157613
0.151199
0.142744
0.157664
0.158660
0.166521
0.160262
0.157761
0.155036
0.151897
0.156024
0.156350
0.146248
0.152859
0.175613
0.175410
0.174356
0.174075
0.174559
0.174962
0.180570
0.187567
0.192494
0.198297
0.202279
0.201704
0.202340
0.194369
0.208060
0.210137
0.208979
0.198767
0.197296
0.197883
0.199819
0.199632
0.201962
0.199224
0.208957
0.333815
0.334561
0.330454
0.329387
0.328858
0.326763
0.322561
0.319111
0.323206
0.326606
0.329503
0.335089
0.331234
0.330861
0.323743
0.330116
0.330474
0.331164
0.333428
0.333081
0.333044
0.331824
0.333603
0.332866
0.332666
0.332698
0.332089
0.332900
0.358877
0.360805
0.360261
0.362053
0.356014
0.354859
0.352724
0.355882
0.350201
0.353884
0.349487
0.353051
0.351150
0.359766
0.354347
0.354809
0.362385
0.359015
0.362106
0.353799
0.352184
0.353493
0.354128
0.355901
0.356769
0.355124
0.357774
0.243971
0.243576
0.239500
0.242923
0.248109
0.244156
0.243415
0.251907
0.244658
0.247337
0.252710
0.253031
0.254186
0.252621
0.231212
0.252623
0.245757
0.461777
0.461680
0.460945
0.447950
0.454446
0.453538
0.422087
0.403626
0.403515
0.380310
0.385897
0.339539
0.328205
0.306921
0.281632
0.284688
0.242477
0.226812
0.215420
0.209997
0.203504
0.199953
0.203287
0.203295
0.201840
0.200867
0.192924
0.193343
0.196257
0.196350
0.194873
0.192657
0.193443
0.197601
0.197909
0.192738
0.194941
0.367377
0.325966
0.361752
0.362907
0.327980
0.361965
0.362129
0.360266
0.371732
0.355667
0.360515
0.366865
0.373685
0.342596
0.362954
0.375546
0.370180
0.362435
0.372256
0.364896
0.351957
0.356703
0.361738
0.379241
0.393448
0.398562
0.399217
0.402294
0.405422
0.399054
0.405023
0.396242
0.380037
0.384429
0.377128
0.369990
0.366992
0.262836
0.212987
0.263855
0.260754
0.205873
0.251332
0.188204
0.195554
0.184628
0.173620
0.188238
0.182131
0.212098
0.191045
0.193790
0.182867
0.186201
0.192330
0.194037
0.309449
0.294561
0.217503
0.219345
0.216141
0.333817
0.328120
0.326478
0.331338
0.331143
0.331484
0.335217
0.322075
0.327672
0.334457
0.330577
0.327787
0.325352
0.329804
0.321824
0.330250
0.328164
0.329138
0.332872
0.320043
0.331354
0.323652
0.323572
0.323155
0.327426
0.328838
0.320977
0.335644
0.335038
0.336151
0.331708
0.297048
0.320525
0.284645
0.299863
0.288020
0.274473
0.273170
0.278574
0.283417
0.275328
0.275632
0.284348
0.291456
0.296591
0.293509
0.293586
0.297868
0.294158
0.297377
0.294698
0.296402
0.295686
0.281612
0.293271
0.281054
0.269971
0.272917
0.274700
0.283227
0.285867
0.274821
0.288554
0.289361
0.282251
0.269484
0.269637
0.272897
0.260798
0.265726
0.264119
0.263639
0.277471
0.273524
0.276818
0.258437
0.277247
0.267010
0.267798
0.265132
0.277051
0.281701
0.277100
0.265572
0.266790
0.265269
0.258529
0.251209
0.255097
0.261688
0.274627
0.263143
0.272145
0.272825
0.246998
0.243629
0.264076
0.251748
0.245335
0.250721
0.253512
0.254816
0.254167
0.254893
0.257757
0.219613
0.187609
0.138783
0.106583
0.104613
0.111945
0.106623
0.115695
0.108612
0.110711
0.113442
0.115248
0.109821
0.109771
0.103427
0.108916
0.100730
0.106782
0.110927
0.110276
0.115174
0.108636
0.114346
0.111549
0.102009
0.114614
0.160739
0.150389
0.145222
0.144005
0.146556
0.145606
0.136113
0.136862
0.133222
0.133952
0.134755
0.132673
0.135247
0.131483
0.132832
0.131423
0.131374
0.131543
0.130736
0.130755
0.132065
0.130365
0.130258
0.130283
0.131804
0.129634
0.129228
0.131904
0.128775
0.130109
0.131014
0.129199
0.129639
0.128760
0.130747
0.130268
0.130842
0.131043
0.130876
0.129433
0.130307
0.128909
0.129600
0.132224
0.130572
0.130986
0.134572
0.133284
0.134276
0.132772
0.133232
0.134009
0.135004
0.134922
0.284616
0.284177
0.288210
0.269763
0.339114
0.324493
0.310659
0.309186
0.277378
0.260893
0.250259
0.248175
0.253258
0.217566
0.222530
0.202864
0.196200
0.176981
0.170656
0.157608
0.155924
0.153041
0.147577
0.148033
0.150662
0.149931
0.150617
0.149716
0.151379
0.152595
0.153811
0.154414
0.154504
0.155455
0.154662
0.154105
0.155296
0.154808
0.154069
0.153431
0.155358
0.153156
0.147105
0.149294
0.152973
0.151217
0.154291
0.154799
0.152289
0.152004
0.152397
0.152026
0.157201
0.161387
0.160970
0.136184
0.150062
0.150831
0.150850
0.151832
0.152463
0.151765
0.152841
0.152954
0.153475
0.152942
0.144985
0.144642
0.142963
0.144237
0.142596
0.142644
0.144368
0.150255
0.149662
0.140507
0.141120
0.140755
0.148963
0.111029
0.125488
0.124308
0.111734
0.112970
0.147277
0.143279
0.142679
0.142560
0.142170
0.114382
0.114684
0.114059
0.116059
0.115228
0.142666
0.141742
0.144479
0.116624
0.117577
0.116564
0.116742
0.117918
0.118750
0.118121
0.118401
0.117797
0.117717
0.118056
0.117933
0.116906
0.116262
0.118054
0.117909
0.123424
0.116095
0.115846
0.117448
0.116643
0.115072
0.115726
0.115404
0.115319
0.115726
0.116020
0.114462
0.113836
0.117423
0.119595
0.120356
0.121693
0.118251
0.117535
0.119075
0.116960
0.121117
0.122635
0.122328
0.122412
0.119959
0.122217
0.114112
0.110876
0.118675
0.119003
0.119190
0.126670
0.110273
0.112387
0.118613
0.104589
0.109072
0.131480
0.136323
0.122594
0.123961
0.150466
0.160549
0.150619
0.133524
0.137099
0.151787
0.487798
0.487798
0.487798
0.487798
0.393334
0.404038
0.414746
0.461354
0.463251
0.453342
0.428187
0.459938
0.450080
0.452047
0.457639
0.452740
0.434357
0.428996
0.426046
0.432070
0.435485
0.436208
0.431468
0.428753
0.427878
0.428377
0.429380
0.429765
0.430382
0.429324
0.429589
0.429091
0.429160
0.429391
0.429419
0.429378
0.429337
0.429538
0.429427
0.429437
0.429438
0.429404
0.429409
0.429391
0.429348
0.429585
0.429387
0.429548
0.429548
0.429588
0.429545
0.429550
0.429549
0.429645
0.429552
0.429593
0.429593
0.429500
0.429554
0.429554
0.429554
0.429554
0.429555
0.429555
0.429555
0.429556
0.429468
0.429635
0.431244
0.434933
0.441126
0.449461
0.460125
0.472626
0.487798
0.487798
0.429307
0.381228
0.357469
0.334557
0.314043
0.300877
0.284468
0.273070
0.273063
0.273054
0.273064
0.273061
0.273057
0.273075
0.273080
0.273001
0.273000
0.273013
0.273154
0.272991
0.272988
0.272998
0.273144
0.272895
0.272895
0.273100
0.273045
0.273043
0.273043
0.273046
0.272604
0.272786
0.272786
0.272786
0.272923
0.272922
0.272922
0.273017
0.272991
0.273017
0.273017
0.272718
0.273020
0.273020
0.273020
0.273021
0.273021
0.272889
0.222429
0.221421
0.221701
0.221139
0.221084
0.217722
0.216417
0.219778
0.219171
0.219694
0.219079
0.218677
0.217341
0.217330
0.216417
0.216111
0.216835
0.216377
0.216347
0.216497
0.214368
0.214998
0.213732
0.213154
0.214515
0.214504
0.212945
0.213557
0.214420
0.214190
0.214357
0.213537
0.213522
0.213531
0.213531
0.213524
0.213553
0.212524
0.212525
0.213552
0.213626
0.213626
0.213626
0.213627
0.213625
0.213604
0.213604
0.213626
0.213626
0.214132
0.487789
0.487789
0.487548
0.483134
0.480359
0.479103
0.479917
0.484147
0.479152
0.475075
0.475637
0.478174
0.478684
0.479416
0.479071
0.477943
0.477166
0.472627
0.471993
0.476223
0.477139
0.469615
0.469874
0.468026
0.465235
0.467963
0.465690
0.457382
0.443869
0.452647
0.453598
0.451357
0.454119
0.453905
0.452546
0.451040
0.448012
0.450921
0.450945
0.450951
0.450966
0.450966
0.450970
0.450946
0.450944
0.450944
0.450958
0.450958
0.450945
0.450945
0.450958
0.450944
