0.124202
0.124277
0.124026
0.119867
0.118911
0.120560
0.121344
0.120784
0.125635
0.120117
0.116412
0.116147
0.118487
0.118046
0.118333
0.120280
0.115400
0.124550
0.123567
0.123771
0.124596
0.122895
0.123770
0.118021
0.122282
0.118546
0.122951
0.122903
0.122914
0.121441
0.122068
0.123187
0.123457
0.123374
0.123234
0.121799
0.122837
0.120531
0.117667
0.119943
0.120318
0.122018
0.120030
0.117800
0.120426
0.123031
0.122498
0.121967
0.122269
0.122687
0.123142
0.123170
0.122946
0.121993
0.122339
0.119923
0.119596
0.119939
0.119706
0.119960
0.119687
0.119427
0.119789
0.120073
0.120678
0.119504
0.121490
0.119608
0.119731
0.122959
0.119863
0.119455
0.119354
0.119520
0.121522
0.121803
0.121788
0.120247
0.119866
0.119791
0.121542
0.119580
0.122444
0.119752
0.119264
0.121258
0.119313
0.119657
0.122250
0.123328
0.123891
0.123952
0.123911
0.123826
0.123811
0.123675
0.123613
0.122683
0.123482
0.123308
0.123037
0.122256
0.122738
0.122088
0.122057
0.122273
0.121573
0.122294
0.121595
0.122276
0.121481
0.121789
0.121833
0.122099
0.122498
0.122578
0.122126
0.122567
0.119508
0.122176
0.122808
0.119203
0.121772
0.119033
0.121305
0.121860
0.118627
0.121765
0.121934
0.115921
0.121803
0.120872
0.123117
0.121384
0.121942
0.121869
0.122007
0.121299
0.121696
0.121977
0.121806
0.119639
0.120203
0.120103
0.122460
0.125948
0.121329
0.123144
0.124081
0.124256
0.124289
0.124993
0.124564
0.125376
0.124627
0.125295
0.123667
0.123976
0.123804
0.124218
0.120481
0.119723
0.119548
0.119385
0.119685
0.120566
0.120432
0.120688
0.121547
0.122395
0.121172
0.120890
0.120718
0.120384
0.121501
0.121429
0.119142
0.122792
0.121953
0.123896
0.122779
0.122095
0.122780
0.122152
0.123886
0.123507
0.123537
0.124743
0.123134
0.126205
0.120617
0.121250
0.122850
0.126351
0.122474
0.126592
0.126056
0.123214
0.081426
0.085365
0.086102
0.079740
0.076337
0.082093
0.079569
0.081413
0.085602
0.086993
0.083991
0.069585
0.065560
0.076179
0.063323
0.077611
0.078562
0.066152
0.067867
0.083683
0.084717
0.085644
0.088946
0.085737
0.091844
0.100014
0.094707
0.094954
0.096912
0.095984
0.089408
0.085871
0.080483
0.078050
0.075761
0.090192
0.092988
0.095221
0.094685
0.094449
0.092098
0.094638
0.099372
0.099848
0.100382
0.100483
0.099236
0.096421
0.098311
0.089130
0.089928
0.089404
0.086590
0.086803
0.088761
0.087742
0.091602
0.088666
0.086348
0.087070
0.090677
0.094753
0.092041
0.091933
0.087216
0.085739
0.086787
0.087856
0.092993
0.091129
0.098819
0.098138
0.092358
0.101418
0.093799
0.092069
0.101856
0.097383
0.101556
0.091245
0.084469
0.084821
0.085519
0.087114
0.087358
0.098967
0.087208
0.085858
0.087722
0.090144
0.085251
0.091222
0.086411
0.086110
0.089354
0.089951
0.093855
0.086682
0.085525
0.088640
0.092734
0.097874
0.092144
0.091353
0.095133
0.093296
0.099240
0.097225
0.098543
0.098796
0.096424
0.092945
0.090586
0.089285
0.088777
0.087584
0.091821
0.094387
0.093084
0.092394
0.092800
0.094525
0.099415
0.094681
0.098874
0.093230
0.089466
0.090782
0.088978
0.090875
0.091426
0.085830
0.084968
0.082927
0.086746
0.085942
0.086361
0.088110
0.080526
0.081686
0.078776
0.090183
0.085522
0.091292
0.087368
0.120231
0.123438
0.120716
0.120607
0.124771
0.124682
0.122829
0.120053
0.126296
0.126214
0.124735
0.124709
0.120916
0.126395
0.120754
0.126202
0.124910
0.119756
0.119959
0.120995
0.122389
0.122554
0.120334
0.122563
0.122351
0.120554
0.124781
0.121996
0.123292
0.122403
0.121837
0.120654
0.121765
0.122608
0.121099
0.121248
0.121338
0.121791
0.123292
0.121330
0.118731
0.122655
0.122584
0.120443
0.123132
0.122389
0.120285
0.119969
0.120549
0.121367
0.122269
0.119339
0.122480
0.119928
0.120281
0.119528
0.122120
0.121787
0.122175
0.122058
0.122206
0.122711
0.121955
0.121873
0.120705
0.122033
0.122123
0.069969
0.069503
0.066935
0.067534
0.067095
0.071124
0.072421
0.068561
0.068581
0.070378
0.072431
0.072723
0.075937
0.074571
0.065681
0.067017
0.066321
0.068750
0.068701
0.064565
0.054510
0.065722
0.066247
0.064324
0.065255
0.065664
0.066158
0.066527
0.066711
0.066088
0.066958
0.066267
0.065291
0.065177
0.065612
0.065096
0.065412
0.065177
0.064453
0.066136
0.066387
0.065122
0.065254
0.066000
0.066731
0.065189
0.065661
0.065658
0.063740
0.065910
0.065302
0.065704
0.065999
0.065451
0.066086
0.065551
0.064930
0.065094
0.065258
0.065455
0.065638
0.063935
0.064049
0.066345
0.064941
0.067681
0.067124
0.067022
0.068001
0.066944
0.065967
0.065529
0.065808
0.066172
0.065906
0.066322
0.065869
0.065631
0.065680
0.065336
0.066023
0.065145
0.066044
0.063097
0.063344
0.066130
0.066514
0.066287
0.066163
0.066464
0.067093
0.065977
0.065837
0.065059
0.065406
0.065974
0.065269
0.065985
0.065845
0.066355
0.066450
0.068150
0.069091
0.068039
0.068063
0.068393
0.067904
0.068862
0.067752
0.067223
0.067297
0.066691
0.066992
0.066655
0.066709
0.066597
0.067063
0.066427
0.066318
0.065827
0.066570
0.066472
0.065832
0.065461
0.065478
0.065150
0.065050
0.065098
0.064419
0.063926
0.064394
0.064090
0.066261
0.065450
0.064781
0.067164
0.065485
0.065278
0.065121
0.065567
0.065850
0.066582
0.067488
0.067057
0.067800
0.067218
0.067124
0.066954
0.066913
0.066841
0.068168
0.066641
0.067830
0.066186
0.066505
0.066050
0.066568
0.065338
0.065649
0.066036
0.065327
0.065062
0.065420
0.065991
0.065389
0.065731
0.066363
0.065696
0.065680
0.065359
0.065669
0.065226
0.065353
0.064722
0.064512
0.064603
0.065088
0.064426
0.064499
0.064805
0.066382
0.065710
0.066221
0.066884
0.065759
0.066521
0.064888
0.066682
0.065742
0.065577
0.065692
0.066001
0.065666
0.065783
0.066242
0.065981
0.066932
0.065227
0.065942
0.066531
0.066660
0.065464
0.068677
0.065840
0.067127
0.067667
0.067718
0.063742
0.066321
0.061295
0.060060
0.067907
0.065742
0.066830
0.094148
0.098834
0.087463
0.087317
0.087776
0.083612
0.080637
0.083569
0.086556
0.084453
0.087668
0.084562
0.088170
0.087672
0.087630
0.087620
0.087841
0.087459
0.083659
0.087212
0.085141
0.084276
0.087398
0.083331
0.084649
0.087636
0.084384
0.090970
0.092770
0.095025
0.080905
0.078809
0.080045
0.108044
0.121728
0.136039
0.147155
0.165575
0.180844
0.202911
0.221374
0.226296
0.281286
0.285265
0.280596
0.281609
0.278790
0.272764
0.271725
0.264569
0.179656
0.223043
0.222530
0.223815
0.226332
0.231356
0.231942
0.232296
0.236028
0.238544
0.241291
0.238585
0.233825
0.231717
0.245550
0.246261
0.243723
0.243419
0.244119
0.242770
0.245763
0.245703
0.244696
0.120695
0.243113
0.230001
0.110165
0.162982
0.151423
0.100455
0.139490
0.115041
0.083432
0.093807
0.140227
0.170571
0.196289
0.200246
0.202196
0.215675
0.217139
0.209980
0.280709
0.223000
0.310935
0.302703
0.319120
0.341869
0.403015
0.481183
0.498993
0.545244
0.527022
0.528084
0.525244
0.524426
0.527068
0.525943
0.527365
0.546919
0.546798
0.544787
0.546773
0.545992
0.545616
0.542333
0.545870
0.543194
0.541918
0.537548
0.536637
0.543862
0.551298
0.543660
0.534616
0.534930
0.534044
0.544964
0.535225
0.534101
0.532382
0.531778
0.526840
0.527192
0.549322
0.548870
0.541297
0.542259
0.543287
0.530738
0.534379
0.534304
0.534143
0.528743
0.528880
0.526255
0.523022
0.524511
0.525111
0.530919
0.525629
0.530795
0.531022
0.530838
0.529850
0.529217
0.529308
0.528117
0.468840
0.412955
0.335465
0.283518
0.230739
0.187328
0.147435
0.113176
0.083116
0.059014
0.038255
0.022827
0.011359
0.003858
0.001129
0.001126
0.001168
0.001248
0.001196
0.001429
0.001032
0.001032
0.000978
0.000836
0.000820
0.000858
0.000868
0.000855
0.000873
0.000941
0.001094
0.001039
0.001070
0.001130
0.001284
0.001228
0.001210
0.001088
0.001022
0.000938
0.000968
0.000946
0.000860
0.000863
0.000881
0.000893
0.000923
0.000939
0.000903
0.000898
0.000838
0.000811
0.000804
0.000770
0.000777
0.000791
0.000877
0.000850
0.000838
0.000827
0.000839
0.000857
0.000842
0.000891
0.000863
0.000723
0.000709
0.000715
0.000719
0.000747
0.000814
0.000848
0.000925
0.000972
0.001016
0.001021
0.000987
0.000852
0.000826
0.000798
0.000830
0.000824
0.000893
0.000877
0.000869
0.000877
0.000893
0.000960
0.000799
0.000779
0.000730
0.000708
0.000710
0.000676
0.000646
0.000629
0.000624
0.000632
0.000671
0.000754
0.000813
0.000889
0.000944
0.001030
0.001138
0.001141
0.001037
0.001018
0.001087
0.001032
0.000953
0.000821
0.000675
0.000588
0.000465
0.000345
0.000248
0.000161
0.000095
0.000043
0.000013
0.000000
0.000014
0.000043
0.000094
0.000164
0.000255
0.000356
0.000478
0.001306
0.001547
0.002130
0.002269
0.002427
0.003944
0.005248
0.007077
0.008071
0.009641
0.011222
0.013654
0.016185
0.018700
0.023852
0.025712
0.027005
0.032975
0.034528
0.038416
0.044728
0.048929
0.050851
0.055422
0.060843
0.062640
0.062612
0.065349
0.067272
0.067504
0.068041
0.065403
0.066236
0.066139
0.064060
0.067794
0.068134
0.063866
0.068072
0.066791
0.065920
0.066520
0.067818
0.068358
0.068418
0.069237
0.068221
0.068499
0.068089
0.069245
0.069657
0.069889
0.069084
0.067526
0.069026
0.065257
0.069231
0.069123
0.069312
0.069372
0.068354
0.069252
0.069016
0.069297
0.069248
0.068923
0.065793
0.066963
0.067128
0.067860
0.068989
0.068171
0.068733
0.067203
0.068825
0.067406
0.069374
0.068566
0.068043
0.064781
0.068736
0.069027
0.069026
0.068542
0.068621
0.067863
0.068890
0.066624
0.069066
0.069426
0.068151
0.070172
0.067879
0.068999
0.068917
0.051994
0.053218
0.053162
0.052886
0.052498
0.053187
0.053052
0.069521
0.053229
0.053798
0.068548
0.071288
0.100760
0.101033
0.100565
0.100380
0.100663
0.100533
0.100774
0.099859
0.101170
0.100466
0.100099
0.100644
0.100857
0.123785
0.123665
0.100053
0.100062
0.112122
0.110881
0.109543
0.111362
0.111820
0.102079
0.099873
0.100285
0.099642
0.100927
0.099792
0.099695
0.098983
0.099437
0.099459
0.095828
0.098960
0.097607
0.105311
0.109730
0.099721
0.125334
0.098210
0.108485
0.111274
0.111363
0.111165
0.099911
0.121985
0.123112
0.122729
0.122821
0.123615
0.118832
0.098648
0.107984
0.108177
0.107405
0.107841
0.099602
0.122464
0.126368
0.096873
0.098329
0.098829
0.098798
0.105285
0.097773
0.099049
0.098838
0.098674
0.096355
0.098125
0.101278
0.100301
0.090621
0.102304
0.099861
0.092606
0.084051
0.095978
0.096637
0.096735
0.094388
0.096516
0.097615
0.096164
0.097841
0.098819
0.098952
0.098136
0.107328
0.096428
0.096271
0.086499
0.090614
0.096806
0.083700
0.096842
0.086400
0.085970
0.090505
0.080956
0.089605
0.087118
0.087096
0.090528
0.087970
0.083060
0.082837
0.083887
0.088950
0.100767
0.089071
0.104817
0.102185
0.102111
0.101341
0.104045
0.102780
0.103285
0.105116
0.094452
0.103447
0.092846
0.089994
0.101538
0.101221
0.103717
0.101008
0.102459
0.099194
0.100366
0.101048
0.101158
0.092435
0.102256
0.102520
0.102737
0.105044
0.103743
0.102924
0.099975
0.103404
0.100689
0.103089
0.100358
0.099483
0.099987
0.092987
0.099879
0.101551
0.103661
0.101969
0.103264
0.101897
0.102005
0.102190
0.103858
0.098859
0.104553
0.103099
0.095147
0.127559
0.124785
0.124497
0.125745
0.125728
0.121327
0.125686
0.123551
0.127190
0.124773
0.124981
0.125779
0.124464
0.124547
0.125812
0.125759
0.124844
0.124983
0.124043
0.124214
0.125045
0.116818
0.115412
0.124414
0.126051
0.121944
0.124740
0.126206
0.124229
0.124488
0.124559
0.124269
0.125474
0.123814
0.125714
0.124320
0.125873
0.125981
0.123930
0.121367
0.127138
0.127969
0.123620
0.123665
0.123934
0.124083
0.123630
0.118961
0.121507
0.124311
0.123992
0.124226
0.124179
0.125615
0.127116
0.124182
0.124390
0.127401
0.120593
0.120636
0.120121
0.120073
0.121741
0.124019
0.124240
0.127411
0.128075
0.125060
0.126174
0.125295
0.124814
0.124715
0.125073
0.124084
0.112603
0.124387
0.125714
0.125610
0.114095
0.124461
0.124759
0.124878
0.112170
0.125712
0.125176
0.124536
0.121672
0.121675
0.124137
0.124654
0.124118
0.121929
0.124836
0.124606
0.124430
0.125167
0.120960
0.123660
0.123964
0.124521
0.123889
0.124356
0.122618
0.126240
0.122438
0.123932
0.124323
0.127286
0.125838
0.125228
0.125135
0.125389
0.123590
0.124406
0.124255
0.124682
0.125138
0.126749
0.124540
0.125230
0.123788
0.122522
0.121944
0.122691
0.123325
0.122987
0.121958
0.121783
0.122587
0.122759
0.122589
0.122703
0.122515
0.122414
0.122468
0.122584
0.122818
0.122007
0.122953
0.122936
0.123327
0.123186
0.122416
0.122602
0.111043
0.122960
0.122771
0.123276
0.123473
0.123529
0.122955
0.124081
0.123856
0.123451
0.122591
0.123589
0.123170
0.123613
0.123310
0.123572
0.122752
0.122362
0.123555
0.125133
0.125734
0.125921
0.125982
0.125953
0.125971
0.125556
0.125853
0.125894
0.126055
0.126936
0.126097
0.126253
0.125967
0.125368
0.125945
0.125504
0.124740
0.127089
0.126068
0.126135
0.124434
0.124394
0.126939
0.126493
0.124624
0.124747
0.124407
0.123727
0.125197
0.124824
0.124385
0.124628
0.124810
0.127583
0.124287
0.122977
0.123237
0.123349
0.125019
0.125969
0.126246
0.125869
0.128098
0.127575
0.127727
0.127401
0.127346
0.127655
0.125906
0.126285
0.126265
0.124143
0.124844
0.124165
0.123797
0.124957
0.125253
0.125003
0.124620
0.124402
0.121413
0.124976
0.119588
0.124042
0.125086
0.125551
0.088366
0.088541
0.082883
0.083162
0.087060
0.081197
0.087156
0.082368
0.083183
0.081750
0.085742
0.085986
0.087082
0.086127
0.086302
0.086166
0.086645
0.089441
0.087128
0.089059
0.079683
0.085469
0.080479
0.080160
0.089481
0.084194
0.084363
0.095541
0.090418
0.083643
0.085631
0.087880
0.086588
0.084164
0.087924
0.085493
0.085311
0.085972
0.085057
0.086676
0.085825
0.081343
0.083354
0.085024
0.082547
0.085521
0.086155
0.086033
0.084589
0.085549
0.079798
0.069728
0.068136
0.068955
0.069491
0.065011
0.067836
0.063983
0.070445
0.065077
0.062589
0.069767
0.069107
0.069469
0.070054
0.072336
0.072778
0.072090
0.080984
0.070307
0.070205
0.071301
0.073522
0.072426
0.073089
0.071638
0.066484
0.070981
0.070290
0.069326
0.069063
0.069905
0.068991
0.071251
0.070095
0.070504
0.070449
0.069859
0.070323
0.070558
0.070301
0.070572
0.070089
0.070416
0.070182
0.070011
0.069634
0.070843
0.059827
0.064463
0.071035
0.070391
0.069958
0.069826
0.069946
0.069423
0.068859
0.069354
0.069811
0.069947
0.069294
0.069519
0.068730
0.069063
0.069621
0.069785
0.069139
0.069121
0.069915
0.069782
0.069303
0.069233
0.069630
0.069205
0.069093
0.069449
0.069046
0.070593
0.070406
0.070034
0.069684
0.069729
0.069187
0.069540
0.069730
0.069981
0.069657
0.069960
0.071560
0.073011
0.070379
0.071224
0.070587
0.069867
0.068744
0.069000
0.068284
0.069145
0.068603
0.068365
0.068433
0.069055
0.068332
0.067799
0.067684
0.068314
0.068854
0.069544
0.069424
0.070273
0.069147
0.069275
0.068512
0.068872
0.068794
0.069016
0.068881
0.068907
0.068547
0.068408
0.068696
0.069883
0.068740
0.068704
0.068631
0.069656
0.069798
0.070084
0.070174
0.070677
0.069996
0.070404
0.070440
0.070694
0.070212
0.070515
0.069786
0.069797
0.069747
0.069711
0.069641
0.069596
0.069753
0.070787
0.070197
0.070256
0.070692
0.070079
0.070166
0.070289
0.070048
0.070390
0.070051
0.069907
0.070579
0.070492
0.070667
0.069971
0.070014
0.069425
0.069515
0.070093
0.060504
0.070933
0.070527
0.072579
0.072601
0.076773
0.075701
0.072054
0.071381
0.071592
0.071931
0.072243
0.065223
0.071851
0.073509
0.072764
0.072090
0.071163
0.071435
0.071889
0.065107
0.071094
0.070906
0.065533
0.071284
0.071202
0.063267
0.063329
0.068611
0.069469
0.069841
0.070113
0.069556
0.070743
0.063974
0.070511
0.070189
0.069893
0.069349
0.069972
0.070223
0.069561
0.069841
0.069774
0.070081
0.070130
0.069710
0.070150
0.070390
0.071207
0.071230
0.071943
0.072331
0.074951
0.071925
0.072257
0.074287
0.072306
0.072286
0.070553
0.070372
0.070110
0.070511
0.071309
0.070446
0.069887
0.069894
0.070105
0.069932
0.070449
0.070613
0.070868
0.070936
0.070960
0.070495
0.070829
0.070383
0.070021
0.070206
0.070416
0.070037
0.069813
0.070171
0.071104
0.070160
0.070583
0.070014
0.071745
0.069642
0.069462
0.069947
0.070503
0.069934
0.070498
0.069732
0.069823
0.070216
0.069234
0.068534
0.072893
0.071334
0.069168
0.069114
0.062331
0.071562
0.068095
0.067908
0.069279
0.069527
0.069210
0.068791
0.068924
0.068560
0.068486
0.069399
0.068995
0.068345
0.068359
0.068857
0.068829
0.067989
0.067708
0.067472
0.068345
0.068356
0.068543
0.069185
0.068395
0.067921
0.068235
0.067735
0.068107
0.067949
0.068376
0.068395
0.068701
0.068364
0.068524
0.068269
0.068374
0.068840
0.068489
0.067926
0.067439
0.069932
0.069695
0.069250
0.069574
0.073060
0.069980
0.070294
0.069023
0.068766
0.069502
0.069712
0.069190
0.069121
0.069913
0.069479
0.073400
0.071452
0.071247
0.071133
0.071722
0.068705
0.069112
0.068921
0.069498
0.069474
0.069517
0.069150
0.069518
0.069385
0.069362
0.070655
0.070917
0.071230
0.071275
0.069125
0.068849
0.069111
0.069817
0.069696
0.070562
0.070195
0.061709
0.064941
0.066121
0.061694
0.066185
0.063155
0.062138
0.063577
0.063800
0.063049
0.062630
0.070821
0.070427
0.071552
0.072793
0.064201
0.071074
0.071024
0.064672
0.071172
0.070787
0.070979
0.070349
0.070429
0.069982
0.070334
0.070011
0.069898
0.070305
0.070568
0.070182
0.070094
0.070662
0.070915
0.070828
0.071012
0.071126
0.071630
0.071868
0.072368
0.073375
0.072348
0.073256
0.073280
0.072199
0.072294
0.072419
0.151248
0.151245
0.149563
0.151340
0.154648
0.151904
0.155128
0.153308
0.152901
0.155693
0.154247
0.155226
0.157576
0.154840
0.155168
0.152414
0.151990
0.151861
0.150763
0.156331
0.155558
0.146226
0.145437
0.149754
0.149133
0.146300
0.148865
0.156149
0.156276
0.158530
0.148158
0.148598
0.147979
0.148781
0.150239
0.148744
0.147626
0.168580
0.167800
0.167404
0.168162
0.167436
0.175303
0.167675
0.169532
0.167512
0.150777
0.167160
0.168198
0.168669
0.179989
0.148991
0.155577
0.178197
0.177934
0.151304
0.165805
0.166648
0.147303
0.147650
0.147362
0.147767
0.145973
0.147327
0.147327
0.146702
0.145759
0.155103
0.146669
0.155049
0.154590
0.146489
0.145426
0.145739
0.145466
0.148746
0.144266
0.145435
0.143874
0.143412
0.144709
0.146093
0.143566
0.143625
0.146305
0.146597
0.144811
0.146417
0.146134
0.144946
0.144939
0.145002
0.145904
0.145207
0.145078
0.145087
0.145976
0.145733
0.145733
0.145733
0.145899
0.146071
0.146035
0.145487
0.145693
0.145495
0.145674
0.145784
0.145704
0.145684
0.145685
0.145937
0.146213
0.146237
0.146294
0.145320
0.145365
0.145337
0.145363
0.145257
0.145127
0.145226
0.145226
0.145209
0.145128
0.145136
0.145137
0.145124
0.145217
0.145209
0.145209
0.145209
0.145294
0.145251
0.145288
0.145296
0.145045
0.145051
0.145051
0.145055
0.145285
0.145285
0.145284
0.145249
0.145308
0.145306
0.145306
0.145310
0.145195
0.145118
0.145196
0.145118
0.145194
0.145116
0.145194
0.145116
0.145194
0.145116
0.145194
0.145116
0.145194
0.145116
0.145199
0.145199
0.145199
0.145199
0.145199
0.145021
0.145036
0.107523
0.110615
0.110644
0.105621
0.108888
0.107775
0.110484
0.105490
0.113157
0.105665
0.111375
0.109059
0.110715
0.119730
0.109414
0.122300
0.120329
0.122700
0.122823
0.120311
0.112853
0.121938
0.112268
0.112004
0.112491
0.109764
0.110078
0.108662
0.109940
0.104404
0.050804
0.058087
0.058189
0.049017
0.050423
0.047880
0.059703
0.059777
0.059779
0.059404
0.063420
0.060518
0.055857
0.058429
0.057949
0.049488
0.051202
0.060097
0.051744
0.051059
0.059084
0.048635
0.061663
0.050099
0.049652
0.055786
0.057764
0.056054
0.053798
0.056522
0.056911
0.059344
0.056914
0.063336
0.062172
0.060721
0.054504
0.058018
0.056776
0.060699
0.057066
0.057967
0.056888
0.057823
0.056870
0.055793
0.057811
0.057602
0.056839
0.057924
0.058245
0.056357
0.056667
0.058032
0.057353
0.056293
0.058305
0.064099
0.059333
0.063176
0.081467
0.080432
0.082229
0.082446
0.052010
0.051631
0.050847
0.050331
0.050387
0.051100
0.051141
0.050815
0.082659
0.050625
0.051543
0.051130
0.051373
0.050916
0.082836
0.049435
0.063882
0.062629
0.063681
0.063380
0.082738
0.063297
0.060092
0.082187
0.082371
0.050917
0.081677
0.082181
0.051783
0.060088
0.062856
0.062082
0.058383
0.061456
0.061794
0.062000
0.060738
0.060528
0.057217
0.051101
0.056351
0.049319
0.055463
0.126296
0.091536
0.121985
0.092559
0.125721
0.125699
0.125650
0.125531
0.125817
0.103823
0.126031
0.119306
0.098552
0.124314
0.125713
0.123771
0.119844
0.124229
0.124772
0.125816
0.125839
0.125770
0.125171
0.090103
0.097358
0.094597
0.121778
0.126051
0.125831
0.125834
0.124022
0.124753
0.125229
0.104148
0.125537
0.127043
0.125624
0.126346
0.126803
0.126772
0.126722
0.126117
0.126878
0.106653
0.121826
0.124709
0.123049
0.123937
0.127993
0.123904
0.125298
0.125781
0.125526
0.125617
0.125228
0.125164
0.124715
0.126370
0.125618
0.125086
0.126712
0.107440
0.124943
0.126624
0.123561
0.127108
0.126984
0.126731
0.125397
0.124554
0.123894
0.125133
0.126211
0.123966
0.125360
0.125746
0.125436
0.125369
0.124878
0.123466
0.124792
0.126594
0.125513
0.127521
0.127342
0.127419
0.127092
0.126945
0.127314
0.125617
0.081268
0.055966
0.055505
0.055372
0.054789
0.056017
0.055120
0.053211
0.053931
0.054078
0.076497
0.077727
0.077358
0.077083
0.077011
0.077799
0.077210
0.077910
0.079826
0.055162
0.054120
0.080155
0.082540
0.050370
0.050607
0.050324
0.082334
0.051016
0.079410
0.080410
0.080419
0.080677
0.080693
0.080947
0.079596
0.081289
0.076271
0.074581
0.072030
0.073297
0.074911
0.078617
0.079570
0.081333
0.078707
0.079056
0.079187
0.080138
0.081621
0.079785
0.079069
0.078531
0.053860
0.054102
0.053698
0.053343
0.054748
0.080622
0.052527
0.052359
0.054015
0.052571
0.054347
0.052442
0.052484
0.051721
0.053019
0.053434
0.054528
0.054499
0.079255
0.079148
0.063789
0.063484
0.067739
0.068477
0.068990
0.068427
0.068304
0.065798
0.065750
0.063509
0.063573
0.064568
0.064067
0.065455
0.068327
0.063544
0.064804
0.067368
0.067308
0.083011
0.083068
0.067323
0.067475
0.067629
0.068327
0.068019
0.064525
0.064078
0.068993
0.067985
0.070336
0.070535
0.070008
0.069560
0.071243
0.070074
0.068842
0.083625
0.069862
0.070151
0.069579
0.066132
0.066478
0.066303
0.066031
0.066194
0.067687
0.121252
0.126409
0.101349
0.108633
0.114930
0.126413
0.124493
0.126284
0.116871
0.125701
0.126089
0.112365
0.125008
0.124673
0.124818
0.124047
0.124870
0.125757
0.124874
0.124180
0.124498
0.127110
0.126616
0.126337
0.126130
0.126204
0.125016
0.124950
0.125885
0.123748
0.124280
0.125038
0.121751
0.127377
0.127488
0.124952
0.122605
0.122413
0.122842
0.122025
0.121401
0.120398
0.123140
0.125447
0.126966
0.123693
0.124213
0.126420
0.125467
0.125370
0.124606
0.124726
0.124457
0.126595
0.121785
0.122533
0.122271
0.122632
0.126033
0.125286
0.125325
0.124723
0.123030
0.125259
0.124191
0.126842
0.121190
0.126262
0.126917
0.126900
0.126665
0.119315
0.126251
0.126255
0.126877
0.126835
0.126183
0.126177
0.124163
0.124417
0.126655
0.126840
0.124114
0.124952
0.126508
0.120474
0.117961
0.125494
0.117137
0.119085
0.117375
0.124115
0.124757
0.109785
0.126190
0.126044
0.124956
0.126354
0.124834
0.124397
0.125541
0.125348
0.125881
0.126961
0.126157
0.123101
0.124796
0.125853
0.124418
0.123520
0.120726
0.121258
0.123418
0.123744
0.123997
0.123442
0.124077
0.124392
0.124043
0.124919
0.108658
0.125223
0.123347
0.125555
0.125956
0.127652
0.125540
0.125628
0.125199
0.100069
0.125208
0.127804
0.124809
0.126120
0.127229
0.110221
0.109069
0.110035
0.109990
0.108503
0.100639
0.102406
0.102421
0.109200
0.109254
0.108434
0.109641
0.108429
0.108091
0.107819
0.108835
0.108366
0.108064
0.108478
0.108187
0.108519
0.107863
0.108276
0.109158
0.109563
0.123098
0.109290
0.098840
0.108400
0.108383
0.108341
0.108410
0.108493
0.104510
0.104352
0.104608
0.093949
0.105720
0.104289
0.104648
0.112398
0.090871
0.089831
0.112030
0.089805
0.085119
0.103893
0.089723
0.102440
0.089989
0.084749
0.105265
0.084334
0.084732
0.085238
0.104589
0.090430
0.090466
0.085721
0.084094
0.085628
0.089396
0.086137
0.084462
0.106360
0.090792
0.085335
0.091612
0.100807
0.101130
0.100283
0.086129
0.105915
0.091149
0.084171
0.085770
0.061669
0.062487
0.056826
0.058482
0.055979
0.059910
0.055129
0.056033
0.060131
0.060834
0.061518
0.060742
0.061242
0.061640
0.058719
0.057995
0.058743
0.056093
0.058449
0.057009
0.057943
0.061629
0.058430
0.055903
0.055426
0.052750
0.053061
0.054684
0.053959
0.054096
0.052923
0.058371
0.059321
0.060759
0.060962
0.059150
0.052605
0.055549
0.050910
0.059293
0.057488
0.060266
0.052616
0.053379
0.052713
0.051553
0.052258
0.052008
0.047917
0.051993
0.051986
0.064034
0.063818
0.057363
0.051448
0.055492
0.055658
0.057434
0.055337
0.057498
0.058669
0.057108
0.055151
0.057225
0.056594
0.056328
0.056967
0.057141
0.057839
0.059462
0.060399
0.059652
0.056086
0.056349
0.056304
0.059934
0.060928
0.060219
0.061611
0.053793
0.061512
0.061134
0.059149
0.053187
0.059595
0.059974
0.059950
0.060821
0.053960
0.052825
0.066875
0.058057
0.057138
0.059066
0.065191
0.062628
0.062927
0.070052
0.067602
0.066104
0.066617
0.067304
0.067566
0.066683
0.069474
0.069632
0.069164
0.066599
0.067565
0.058488
0.067831
0.067523
0.067731
0.067877
0.065074
0.053642
0.065773
0.067489
0.067411
0.067855
0.069196
0.067503
0.068179
0.069281
0.065751
0.071380
0.059460
0.058400
0.063809
0.068799
0.066283
0.056072
0.055253
0.069143
0.064848
0.066810
0.068007
0.063624
0.065836
0.066804
0.066976
0.066275
0.068559
0.066412
0.056477
0.063899
0.056250
0.058362
0.056419
0.057587
0.057725
0.052539
0.067416
0.064599
0.068246
0.057616
0.054287
0.066130
0.066648
0.066299
0.055566
0.068729
0.068454
0.054407
0.053714
0.055188
0.057831
0.056634
0.055335
0.056461
0.055675
0.057196
0.055021
0.057242
0.056657
0.056617
0.056726
0.057805
0.057118
0.057691
0.057094
0.057745
0.056874
0.057406
0.060123
0.055015
0.054313
0.058604
0.055116
0.058616
0.060490
0.055242
0.060745
0.061370
0.054939
0.063721
0.055805
0.055946
0.057176
0.056614
0.054267
0.055047
0.055706
0.059036
0.054753
0.058246
0.054583
0.056991
0.056698
0.062493
0.055181
0.056437
0.061323
0.055759
0.057723
0.055130
0.056119
0.054752
0.054233
0.054138
0.060922
0.058522
0.054949
0.056991
0.054233
0.054766
0.053748
0.059296
0.058476
0.058137
0.057563
0.057140
0.058437
0.047386
0.061590
0.061048
0.060389
0.061216
0.061138
0.065135
0.083609
0.083858
0.062314
0.064933
0.063452
0.062042
0.063043
0.067068
0.064503
0.063985
0.059747
0.060474
0.067072
0.062120
0.063478
0.063844
0.064396
0.063684
0.059146
0.062796
0.063262
0.059654
0.062840
0.059370
0.062208
0.071172
0.064445
0.063364
0.071001
0.057025
0.059290
0.061176
0.057290
0.057293
0.061953
0.057791
0.058745
0.060815
0.067788
0.062359
0.063215
0.062898
0.062729
0.063478
0.063607
0.066163
0.062976
0.066435
0.061972
0.069907
0.069798
0.065616
0.065811
0.066151
0.063365
0.067771
0.062200
0.066878
0.065231
0.064975
0.065635
0.063310
0.063018
0.067949
0.083602
0.082507
0.063036
0.062882
0.062729
0.066816
0.063963
0.063895
0.063849
0.078179
0.082567
0.063191
0.084716
0.083951
0.085115
0.067961
0.062576
0.068451
0.067990
0.062535
0.071167
0.067856
0.067595
0.072404
0.062661
0.066984
0.067484
0.067511
0.081813
0.067227
0.062665
0.062605
0.064268
0.063314
0.063821
0.069254
0.066014
0.063756
0.062416
0.062299
0.062661
0.083092
0.062864
0.070372
0.062384
0.062359
0.061624
0.065346
0.067086
0.083719
0.071166
0.070922
0.059948
0.061346
0.060448
0.069740
0.061064
0.057013
0.057413
0.064782
0.078198
0.067286
0.066405
0.082666
0.056998
0.062419
0.066623
0.063041
0.057077
0.066121
0.058274
0.066748
0.057062
0.077642
0.069973
0.061364
0.059650
0.062177
0.061344
0.061782
0.066486
0.059265
0.063697
0.061435
0.066360
0.071971
0.064225
0.068223
0.063008
0.066936
0.070302
0.066358
0.066223
0.066030
0.069596
0.072575
0.070235
0.072355
0.071933
0.069960
0.061654
0.061400
0.064928
0.057933
0.067268
0.070315
0.069385
0.070802
0.071400
0.071575
0.063245
0.071835
0.062991
0.063062
0.062887
0.064220
0.062613
0.068787
0.062142
0.065664
0.064899
0.063124
0.060460
0.062936
0.063115
0.063007
0.062158
0.062892
0.060102
0.058971
0.056684
0.052968
0.054477
0.054902
0.054693
0.054128
0.053520
0.053986
0.054402
0.055416
0.051699
0.056634
0.056926
0.054700
0.051855
0.053464
0.053807
0.054581
0.055118
0.054928
0.054756
0.053304
0.053810
0.053024
0.055501
0.055077
0.052509
0.055000
0.053096
0.056042
0.055330
0.056528
0.077836
0.052770
0.051341
0.056331
0.056934
0.056405
0.056685
0.053437
0.051607
0.051399
0.051437
0.050547
0.052545
0.053723
0.051120
0.056412
0.052481
0.052365
0.044580
0.126118
0.124677
0.124999
0.126834
0.127506
0.126623
0.110150
0.114536
0.110284
0.126150
0.125707
0.124756
0.124235
0.124659
0.124589
0.125827
0.124833
0.110289
0.123771
0.126922
0.110791
0.124341
0.110595
0.102960
0.126813
0.126875
0.097868
0.110634
0.110738
0.111327
0.127082
0.122823
0.115169
0.121501
0.122161
0.115502
0.121890
0.124235
0.115645
0.127756
0.108816
0.114644
0.109470
0.114383
0.108507
0.125898
0.106761
0.121257
0.126320
0.126536
0.107852
0.126107
0.115899
0.117410
0.124801
0.125795
0.125935
0.126380
0.116606
0.126108
0.125712
0.126321
0.126717
0.126659
0.124853
0.123910
0.123552
0.124400
0.124379
0.127231
0.123834
0.127121
0.127758
0.127000
0.112378
0.110422
0.112366
0.113831
0.115045
0.127703
0.112225
0.112493
0.127171
0.112244
0.125514
0.111976
0.111543
0.111344
0.127977
0.079709
0.077990
0.085150
0.085516
0.087592
0.083248
0.080700
0.081132
0.078477
0.081829
0.085650
0.082355
0.083330
0.081465
0.082049
0.082868
0.080455
0.079036
0.080928
0.080769
0.080822
0.084231
0.084236
0.077024
0.081108
0.080862
0.080754
0.080247
0.080418
0.080536
0.078227
0.080139
0.080448
0.080151
0.083508
0.080619
0.083159
0.080026
0.080065
0.083323
0.078501
0.080220
0.079601
0.080167
0.080221
0.076954
0.080095
0.075112
0.080962
0.079753
0.079785
0.075384
0.077793
0.082729
0.084058
0.086316
0.080926
0.075762
0.075267
0.080942
0.077747
0.083643
0.080429
0.075262
0.080681
0.076419
0.090473
0.076776
0.078212
0.076491
0.075876
0.076108
0.080466
0.071527
0.073051
0.073285
0.071897
0.072028
0.073291
0.072618
0.074651
0.072192
0.063373
0.063860
0.069845
0.070943
0.070039
0.069839
0.069410
0.071046
0.070645
0.074990
0.070763
0.071091
0.071847
0.073997
0.069588
0.069193
0.073340
0.069895
0.068679
0.069590
0.071425
0.068973
0.068625
0.069574
0.069650
0.069898
0.069782
0.071122
0.071180
0.070740
0.072270
0.072306
0.071499
0.071559
0.063886
0.069660
0.069848
0.072730
0.072518
0.070136
0.072373
0.072310
0.069200
0.070679
0.070017
0.070937
0.070760
0.070218
0.069726
0.069050
0.069837
0.070222
0.069264
0.069761
0.069651
0.069304
0.069578
0.070238
0.069932
0.070276
0.070736
0.071450
0.071471
0.070879
0.072600
0.075499
0.071525
0.075349
0.071975
0.070978
0.070639
0.075357
0.071057
0.071827
0.072884
0.071711
0.073164
0.071101
0.071701
0.070176
0.070606
0.071152
0.069799
0.074090
0.074781
0.069041
0.067610
0.072421
0.071092
0.070092
0.068742
0.069832
0.068956
0.072177
0.071391
0.073637
0.073303
0.076005
0.071775
0.070768
0.069378
0.070479
0.069757
0.073713
0.070403
0.072411
0.070992
0.073081
0.071682
0.073124
0.076195
0.074268
0.073709
0.076278
0.073119
0.074227
0.073805
0.074707
0.073815
0.074846
0.073754
0.075031
0.073594
0.073981
0.073084
0.075086
0.072839
0.073018
0.072015
0.072222
0.073222
0.071257
0.071176
0.067680
0.068589
0.068019
0.068600
0.069226
0.068555
0.070082
0.068212
0.067200
0.066029
0.069828
0.071300
0.071797
0.070801
0.070906
0.072796
0.071744
0.070191
0.070683
0.072725
0.071660
0.068074
0.069389
0.069469
0.069060
0.068925
0.072478
0.072816
0.070998
0.069106
0.073663
0.063938
0.063090
0.063293
0.064899
0.061708
0.062565
0.069617
0.069992
0.070141
0.070344
0.070506
0.069223
0.070334
0.070106
0.070488
0.070459
0.063710
0.063893
0.062932
0.070005
0.064354
0.122206
0.112117
0.109686
0.114686
0.115926
0.125293
0.126183
0.126863
0.127704
0.128093
0.127594
0.128309
0.128684
0.128774
0.125590
0.121671
0.121693
0.127915
0.120460
0.119926
0.119925
0.119961
0.121340
0.122462
0.121750
0.122550
0.122300
0.122148
0.121086
0.120344
0.117580
0.122111
0.124877
0.124052
0.135270
0.117189
0.126144
0.128713
0.124662
0.128416
0.130019
0.129406
0.127833
0.112008
0.113219
0.111645
0.113163
0.113927
0.129171
0.131274
0.129172
0.130395
0.130652
0.129444
0.129046
0.130451
0.131194
0.129829
0.118446
0.125837
0.123469
0.121165
0.117162
0.125964
0.119308
0.125476
0.123629
0.121915
0.124888
0.124779
0.114611
0.105186
0.109549
0.125501
0.107476
0.111203
0.111088
0.106243
0.111612
0.106768
0.108085
0.111929
0.128770
0.121524
0.114382
0.129370
0.131137
0.123770
0.130797
0.130250
0.130048
0.130344
0.130416
0.129253
0.114802
0.129675
0.113453
0.113656
0.116040
0.116366
0.112652
0.112959
0.113760
0.115397
0.115534
0.117210
0.116360
0.115788
0.129346
0.132411
0.130781
0.131560
0.132677
0.131458
0.131888
0.129086
0.128872
0.127471
0.127894
0.129132
0.126988
0.115878
0.112139
0.115770
0.115896
0.116879
0.116549
0.117293
0.116894
0.116661
0.130910
0.131019
0.130973
0.131175
0.130158
0.131707
0.129850
0.130391
0.131912
0.130605
0.130385
0.132446
0.132315
0.130890
0.116190
0.115378
0.113416
0.114266
0.113690
0.114936
0.115165
0.114915
0.114768
0.105550
0.047333
0.050028
0.051087
0.051256
0.049627
0.049828
0.049032
0.050056
0.049542
0.051072
0.051736
0.051430
0.051932
0.049945
0.050420
0.048622
0.049601
0.048754
0.049166
0.046654
0.046220
0.049948
0.049035
0.047138
0.048280
0.049811
0.049732
0.049379
0.046296
0.046539
0.050209
0.071437
0.049962
0.051599
0.051431
0.050250
0.050753
0.051134
0.050184
0.050780
0.050104
0.049646
0.050506
0.049046
0.047539
0.049895
0.048640
0.047671
0.043415
0.046706
0.046221
0.046194
0.047591
0.047923
0.047390
0.047542
0.047779
0.048386
0.046446
0.046795
0.046528
0.048751
0.046213
0.046770
0.047323
0.046269
0.047349
0.045247
0.047817
0.045850
0.046022
0.050725
0.045807
0.048493
0.046867
0.048095
0.048604
0.049134
0.047203
0.048529
0.044934
0.046103
0.048813
0.045860
0.046588
0.045927
0.047015
0.046939
0.047117
0.045401
0.046466
0.046742
0.045802
0.045596
0.047257
0.046711
0.045597
0.049161
0.047394
0.045481
0.045149
0.044612
0.046048
0.047715
0.047887
0.047512
0.047929
0.048511
0.048255
0.048192
0.046243
0.048465
0.046292
0.049178
0.044140
0.047507
0.046209
0.049471
0.048468
0.046566
0.045619
0.047386
0.049268
0.048973
0.050747
0.048357
0.048732
0.045419
0.048126
0.050470
0.075156
0.063797
0.071745
0.065486
0.066059
0.079696
0.079991
0.068294
0.069475
0.069544
0.066690
0.080887
0.081458
0.078371
0.076659
0.079546
0.079159
0.080228
0.079453
0.080859
0.080439
0.083401
0.081686
0.078280
0.081585
0.079278
0.080636
0.081407
0.078535
0.080142
0.079966
0.078514
0.082388
0.075409
0.081253
0.081083
0.079997
0.082406
0.077443
0.077733
0.076941
0.079473
0.081192
0.081009
0.080478
0.080297
0.080382
0.078967
0.050571
0.047367
0.048158
0.048727
0.047836
0.044967
0.047349
0.047771
0.047900
0.047930
0.046983
0.044532
0.047719
0.046343
0.046773
0.046558
0.045391
0.046107
0.046932
0.044944
0.046391
0.047073
0.047223
0.047223
0.047119
0.047038
0.047105
0.047049
0.046770
0.046028
0.048729
0.047134
0.046603
0.049365
0.052487
0.050256
0.050800
0.048964
0.050805
0.050916
0.051671
0.051339
0.052736
0.051022
0.049783
0.051373
0.050609
0.050811
0.050409
0.051456
0.051288
0.052852
0.052852
0.051566
0.052280
0.052856
0.052633
0.053370
0.053776
0.054226
0.055069
0.053474
0.052404
0.053396
0.054060
0.053006
0.052399
0.052121
0.052339
0.050172
0.052260
0.049527
0.051171
0.069403
0.070133
0.068261
0.070076
0.069401
0.070281
0.059707
0.069977
0.070786
0.071687
0.071516
0.070568
0.071749
0.071441
0.070880
0.070422
0.069077
0.069244
0.068661
0.050363
0.050784
0.071331
0.071163
0.070874
0.052088
0.054208
0.053935
0.053075
0.052098
0.059356
0.052628
0.071608
0.070548
0.070365
0.070123
0.069642
0.072366
0.071527
0.072349
0.071933
0.072509
0.070467
0.070594
0.070854
0.069916
0.062273
0.072794
0.071146
0.069735
0.050460
0.047311
0.049532
0.049115
0.050526
0.050394
0.050024
0.048096
0.077249
0.068048
0.069913
0.070630
0.069827
0.069263
0.071207
0.071624
0.070028
0.066808
0.076985
0.077152
0.079499
0.078326
0.046535
0.048747
0.049853
0.048304
0.047299
0.047519
0.078481
0.081247
0.077130
0.077823
0.078818
0.077708
0.077849
0.077975
0.078185
0.048770
0.047490
0.068424
0.047595
0.048514
0.048318
0.048298
0.049631
0.047663
0.047877
0.048048
0.047940
0.047074
0.047179
0.045657
0.075194
0.047508
0.075782
0.068893
0.078320
0.078619
0.069264
0.074269
0.076716
0.076389
0.077416
0.075181
0.076824
0.076657
0.076086
0.046897
0.047897
0.045044
0.045858
0.045345
0.044375
0.047517
0.046733
0.045892
0.048648
0.048234
0.046406
0.045956
0.053816
0.049378
0.077871
0.046241
0.079084
0.077215
0.078364
0.078859
0.078709
0.047862
0.075377
0.047699
0.047308
0.046800
0.051758
0.081062
0.080297
0.049309
0.047818
0.047431
0.047643
0.046962
0.051058
0.049212
0.046589
0.047672
0.046504
0.045834
0.047032
0.050173
0.046269
0.049906
0.046223
0.046280
0.049820
0.048354
0.044913
0.049391
0.048537
0.046931
0.046141
0.046012
0.044356
0.046170
0.048569
0.045685
0.046800
0.048737
0.047911
0.048026
0.046343
0.045372
0.049484
0.047601
0.045136
0.050025
0.048046
0.051171
0.049750
0.049644
0.046321
0.049222
0.049857
0.048210
0.045738
0.046256
0.046947
0.047442
0.047636
0.048365
0.047643
0.047628
0.048013
0.048229
0.049135
0.048489
0.047876
0.048331
0.047858
0.047788
0.047646
0.047605
0.048044
0.049371
0.049675
0.048768
0.047682
0.048072
0.048694
0.048559
0.048530
0.048517
0.048331
0.077082
0.077882
0.075342
0.074867
0.077058
0.077476
0.074711
0.074919
0.074888
0.077127
0.075064
0.079764
0.075377
0.075306
0.077892
0.077522
0.078184
0.077617
0.077583
0.075004
0.077218
0.074788
0.077768
0.074817
0.074474
0.076754
0.075977
0.075533
0.075427
0.083143
0.081980
0.081251
0.082665
0.082686
0.081837
0.082597
0.080442
0.081567
0.082606
0.082677
0.080196
0.076989
0.077984
0.080993
0.080901
0.080439
0.080388
0.074735
0.077931
0.074685
0.075960
0.076190
0.075523
0.077459
0.075752
0.078002
0.075185
0.080526
0.076837
0.076110
0.075685
0.080983
0.076429
0.083161
0.080947
0.078025
0.077896
0.078592
0.077817
0.077671
0.077479
0.077111
0.079855
0.077755
0.075033
0.075111
0.077448
0.077386
0.080568
0.080063
0.083215
0.121094
0.118322
0.120370
0.120861
0.120842
0.125694
0.126216
0.121677
0.121572
0.120775
0.100034
0.098794
0.122146
0.123261
0.123699
0.121200
0.121989
0.127433
0.125463
0.120768
0.121588
0.120775
0.116052
0.120897
0.123993
0.114124
0.118488
0.117518
0.114969
0.099637
0.116172
0.123091
0.117240
0.106220
0.097936
0.119135
0.122012
0.100722
0.103676
0.100846
0.104777
0.099938
0.100252
0.116429
0.100839
0.124049
0.123899
0.126680
0.126493
0.123949
0.126257
0.096629
0.097093
0.096900
0.126779
0.123830
0.108048
0.099520
0.100012
0.100399
0.100568
0.100324
0.099658
0.101296
0.101081
0.121127
0.120004
0.123511
0.123972
0.123721
0.119517
0.121599
0.119688
0.120104
0.126566
0.120989
0.121682
0.101348
0.100887
0.118770
0.101514
0.126286
0.119179
0.118936
0.118946
0.118913
0.101337
0.123018
0.126570
0.126849
0.124064
0.126635
0.118842
0.122485
0.119683
0.119963
0.120525
0.120608
0.101983
0.102588
0.100169
0.100272
0.123373
0.119562
0.122333
0.119456
0.099563
0.125225
0.123649
0.123878
0.119414
0.123768
0.124231
0.119019
0.121140
0.123635
0.123807
0.123768
0.124803
0.121867
0.127628
0.128081
0.127558
0.123305
0.125975
0.124289
0.124369
0.128435
0.121799
0.126183
0.125647
0.127794
0.127567
0.125229
0.128116
0.124531
0.128078
0.127736
0.127570
0.125214
0.127535
0.127014
0.120956
0.129604
0.120872
0.124262
0.129675
0.124692
0.125767
0.125666
0.123858
0.123664
0.127567
0.124311
0.125398
0.121682
0.124887
0.123421
0.124136
0.124349
0.125971
0.126409
0.126619
0.124535
0.124721
0.124352
0.126550
0.127161
0.127473
0.128264
0.127952
0.128558
0.128193
0.128859
0.130218
0.128543
0.129144
0.129239
0.128275
0.127657
0.128522
0.117607
0.112649
0.110788
0.112038
0.112700
0.111117
0.112621
0.112304
0.108858
0.109111
0.112462
0.126218
0.113716
0.108843
0.112664
0.111836
0.112204
0.110852
0.112569
0.109506
0.112197
0.111360
0.113314
0.112645
0.113824
0.109745
0.125282
0.125211
0.125615
0.126426
0.126166
0.124567
0.126417
0.122676
0.126413
0.126663
0.125570
0.124961
0.125361
0.125689
0.126633
0.121184
0.126610
0.125174
0.126614
0.109431
0.112113
0.119700
0.112385
0.110776
0.112414
0.111907
0.110730
0.109995
0.110886
0.112175
0.125069
0.048400
0.050304
0.048115
0.048267
0.049044
0.049269
0.049340
0.048673
0.047782
0.048846
0.077123
0.070520
0.079795
0.046546
0.049489
0.046098
0.048799
0.047238
0.047920
0.048036
0.047492
0.048484
0.048619
0.048753
0.049060
0.046545
0.047034
0.047060
0.047432
0.047869
0.048200
0.046923
0.046777
0.047304
0.045058
0.047194
0.049022
0.046225
0.047059
0.046181
0.046919
0.063730
0.058403
0.064012
0.075100
0.062984
0.054036
0.061217
0.056413
0.056242
0.060394
0.058560
0.058026
0.064173
0.066291
0.057490
0.059087
0.056257
0.060931
0.066451
0.058714
0.066668
0.071010
0.062076
0.060492
0.082246
0.065586
0.054408
0.069562
0.072652
0.059508
0.058745
0.083766
0.081614
0.063095
0.115713
0.109531
0.118065
0.068803
0.070407
0.068913
0.068199
0.065399
0.069179
0.064765
0.060669
0.084517
0.087979
0.106645
0.110788
0.084146
0.111092
0.083559
0.093793
0.056795
0.055232
0.055632
0.052723
0.057090
0.095387
0.118250
0.118116
0.059556
0.294681
0.307854
0.306987
0.310904
0.307484
0.308636
0.311372
0.311387
0.309880
0.308952
0.309382
0.307978
0.306365
0.307334
0.307918
0.307378
0.314297
0.317963
0.314997
0.312836
0.317540
0.311506
0.314099
0.312484
0.317511
0.312201
0.335648
0.337499
0.319453
0.309042
0.308891
0.317946
0.312513
0.317284
0.321296
0.309388
0.309103
0.306766
0.317461
0.323539
0.311922
0.325722
0.323863
0.313507
0.311854
0.330613
0.317217
0.313672
0.312389
0.315488
0.311254
0.311574
0.311361
0.306668
0.308033
0.306457
0.322881
0.321669
0.331370
0.330557
0.333590
0.309083
0.315243
0.317623
0.321124
0.323124
0.327863
0.327481
0.328415
0.328738
0.325895
0.326347
0.327719
0.329260
0.331832
0.325212
0.328846
0.330334
0.328141
0.330840
0.327305
0.332089
0.331396
0.330114
0.330256
0.337469
0.330717
0.331949
0.329042
0.337040
0.329365
0.334862
0.328381
0.332502
0.330381
0.327798
0.333000
0.332680
0.326106
0.316348
0.316760
0.321157
0.327954
0.320667
0.323064
0.340436
0.330683
0.336452
0.330829
0.352455
0.338402
0.324345
0.323944
0.328232
0.323481
0.324575
0.050926
0.048354
0.047640
0.051961
0.047148
0.046419
0.046888
0.047138
0.047667
0.046997
0.048946
0.049575
0.049962
0.047780
0.048723
0.049564
0.049047
0.048549
0.048649
0.048903
0.049216
0.048766
0.049989
0.049256
0.049042
0.046763
0.047328
0.049509
0.048195
0.048549
0.046274
0.049669
0.047353
0.048023
0.049154
0.047697
0.048279
0.050054
0.049519
0.050138
0.049238
0.049504
0.047333
0.047834
0.047463
0.046350
0.048520
0.080761
0.050377
0.048287
0.049569
0.048551
0.048413
0.049518
0.049356
0.046382
0.073060
0.046103
0.046848
0.085638
0.048347
0.047189
0.080192
0.045045
0.045739
0.046876
0.048346
0.048751
0.046981
0.047239
0.047669
0.046798
0.047685
0.050181
0.053456
0.078354
0.055981
0.046331
0.048561
0.079243
0.049539
0.049187
0.073044
0.079527
0.048676
0.048476
0.048740
0.048125
0.047588
0.047893
0.049107
0.049814
0.048738
0.048234
0.050949
0.048668
0.050523
0.048715
0.047874
0.044166
0.045234
0.046985
0.046690
0.048440
0.060691
0.052610
0.051670
0.050198
0.050278
0.049909
0.062451
0.062083
0.060826
0.051415
0.051426
0.065144
0.052864
0.050847
0.049011
0.063739
0.062466
0.068578
0.069678
0.047643
0.048317
0.049274
0.048838
0.048877
0.049549
0.049341
0.048209
0.047910
0.047808
0.048677
0.048128
0.049184
0.048196
0.048095
0.048121
0.047696
0.048800
0.047044
0.047634
0.048293
0.048798
0.049795
0.050430
0.051463
0.050223
0.050110
0.051319
0.050889
0.051037
0.049263
0.049936
0.049174
0.050357
0.047713
0.047865
0.047224
0.047895
0.048169
0.049961
0.048590
0.048301
0.049642
0.050573
0.047562
0.047898
0.047181
0.048095
0.047942
0.049225
0.048544
0.048913
0.048956
0.048615
0.048786
0.048564
0.048869
0.048606
0.048663
0.047670
0.048421
0.047841
0.047220
0.047729
0.047959
0.047469
0.048565
0.049003
0.069367
0.049506
0.049296
0.049295
0.049685
0.049792
0.048661
0.046657
0.047370
0.048078
0.048040
0.048458
0.048044
0.049880
0.050420
0.049712
0.048916
0.051463
0.047910
0.049976
0.048707
0.049469
0.049387
0.048183
0.049083
0.049318
0.047969
0.048637
0.049640
0.049527
0.049307
0.049698
0.050116
0.049284
0.049739
0.048720
0.049834
0.049587
0.049765
0.048315
0.049461
0.048538
0.047948
0.047835
0.048685
0.049449
0.049327
0.049147
0.050650
0.049566
0.050363
0.071174
0.050047
0.049985
0.050586
0.049393
0.049814
0.050214
0.050319
0.063862
0.070477
0.050115
0.065081
0.047538
0.048964
0.050227
0.049941
0.050482
0.048342
0.048864
0.050041
0.049185
0.048564
0.050074
0.048450
0.047794
0.048487
0.048152
0.047527
0.048247
0.049634
0.047815
0.049639
0.048896
0.048978
0.049149
0.049521
0.049556
0.048852
0.049766
0.047465
0.049972
0.049109
0.047462
0.047369
0.049063
0.049008
0.048764
0.048674
0.048363
0.048748
0.048111
0.049354
0.049248
0.048305
0.048361
0.065220
0.065336
0.048150
0.049747
0.051144
0.052011
0.052956
0.051389
0.052481
0.050180
0.073240
0.072317
0.073046
0.074647
0.048347
