0.142685
0.142772
0.142860
0.142861
0.143218
0.140578
0.140585
0.143191
0.141910
0.142054
0.142034
0.142021
0.142192
0.142752
0.142786
0.142813
0.143238
0.142861
0.144098
0.140448
0.141260
0.143926
0.144342
0.144125
0.144305
0.142887
0.142678
0.142773
0.143334
0.143124
0.142915
0.144394
0.144329
0.143041
0.144945
0.145129
0.144305
0.144518
0.144602
0.144117
0.144513
0.144777
0.144898
0.144598
0.145321
0.144879
0.144970
0.145109
0.144755
0.144781
0.145013
0.145280
0.144842
0.144831
0.144599
0.144709
0.144934
0.150029
0.146904
0.148635
0.150630
0.150746
0.143805
0.150733
0.150010
0.023472
0.025742
0.026450
0.025058
0.026730
0.028585
0.031678
0.033419
0.032503
0.033494
0.032678
0.031770
0.032360
0.033458
0.035328
0.037237
0.036999
0.037319
0.037464
0.037954
0.038336
0.037836
0.038508
0.038075
0.038620
0.039442
0.037741
0.039789
0.040360
0.039485
0.041154
0.039859
0.041234
0.041458
0.040709
0.041488
0.041084
0.045093
0.046808
0.054113
0.058414
0.067361
0.097367
0.078520
0.053019
0.028252
0.028213
0.029693
0.029332
0.036153
0.038740
0.035749
0.036216
0.038927
0.037045
0.036276
0.038548
0.039962
0.037913
0.036660
0.036007
0.034882
0.034626
0.037886
0.038092
0.039185
0.039684
0.040103
0.039011
0.040318
0.042139
0.035638
0.022904
0.031195
0.055534
0.058926
0.060379
0.051305
0.045999
0.029886
0.027447
0.026223
0.026854
0.027336
0.025415
0.022124
0.020552
0.019691
0.018634
0.018189
0.016730
0.014053
0.012322
0.011847
0.011245
0.010099
0.009863
0.009699
0.009737
0.009834
0.009609
0.009498
0.009164
0.008883
0.008084
0.007817
0.007661
0.007992
0.007904
0.007910
0.007616
0.007104
0.006689
0.006342
0.005992
0.006033
0.005553
0.005488
0.005270
0.005029
0.004430
0.004157
0.003789
0.003553
0.003390
0.003370
0.003242
0.003220
0.003180
0.003065
0.002730
0.002613
0.002365
0.002201
0.001935
0.001906
0.001814
0.001676
0.001508
0.001179
0.000759
0.000491
0.000199
0.000121
0.000193
0.000465
0.000823
0.001149
0.002757
0.005497
0.008887
0.014263
0.020936
0.030679
0.041684
0.060552
0.075704
0.090237
0.103601
0.118431
0.138521
0.150449
0.164711
0.145999
0.189134
0.143033
0.110810
0.114371
0.137268
0.127685
0.115429
0.131236
0.128100
0.143544
0.109164
0.117150
0.124737
0.100787
0.101069
0.091627
0.097971
0.113024
0.115128
0.106666
0.122646
0.130778
0.128939
0.127748
0.125128
0.126878
0.130700
0.132057
0.124688
0.115628
0.117546
0.112375
0.101616
0.097540
0.096104
0.092198
0.091070
0.091478
0.090095
0.094885
0.109217
0.110708
0.115816
0.120508
0.116489
0.121617
0.116505
0.123095
0.120744
0.124950
0.118575
0.115468
0.114004
0.117946
0.120726
0.121410
0.120611
0.092792
0.119842
0.118537
0.116694
0.118084
0.117653
0.118424
0.114779
0.116736
0.116296
0.118912
0.116480
0.117049
0.117014
0.117429
0.116353
0.112848
0.109456
0.111547
0.111583
0.109383
0.112156
0.113391
0.112659
0.115244
0.116326
0.114952
0.114471
0.111884
0.115009
0.115321
0.115091
0.112367
0.112903
0.113391
0.114939
0.115404
0.116020
0.116041
0.116128
0.115586
0.117286
0.116269
0.114407
0.114725
0.115010
0.112418
0.115073
0.118716
0.123706
0.125268
0.118345
0.116383
0.115270
0.114549
0.110824
0.110376
0.111093
0.112142
0.110994
0.108884
0.107326
0.108377
0.111261
0.110003
0.112368
0.117275
0.112416
0.120230
0.119192
0.121729
0.124176
0.127365
0.131068
0.134244
0.118152
0.123190
0.120669
0.120976
0.121912
0.122912
0.118102
0.117822
0.119226
0.119480
0.115177
0.117111
0.117428
0.117722
0.116640
0.117007
0.117831
0.116317
0.116695
0.114905
0.115627
0.114623
0.115020
0.114352
0.115656
0.113306
0.113413
0.113075
0.113065
0.116663
0.116410
0.115590
0.116239
0.118274
0.117473
0.115301
0.113357
0.116614
0.117314
0.115567
0.116554
0.116005
0.115565
0.118159
0.117394
0.115741
0.116612
0.119722
0.119742
0.115477
0.114211
0.116574
0.108654
0.114896
0.114576
0.126798
0.126428
0.121622
0.121114
0.117243
0.119034
0.118340
0.115301
0.114205
0.113810
0.108502
0.107409
0.109047
0.105471
0.085113
0.088536
0.110667
0.113563
0.116742
0.114226
0.118211
0.121948
0.125304
0.127024
0.127939
0.128846
0.129595
0.124612
0.120728
0.112096
0.114881
0.105016
0.117312
0.115441
0.113693
0.114405
0.116805
0.117034
0.111205
0.114173
0.112493
0.113929
0.112245
0.112227
0.111477
0.112787
0.112624
0.112446
0.112008
0.113370
0.112249
0.111800
0.109089
0.107531
0.108118
0.109919
0.109741
0.106458
0.108971
0.109729
0.110707
0.109812
0.107845
0.106858
0.109962
0.108147
0.111972
0.111061
0.110403
0.109261
0.109676
0.111472
0.108830
0.109178
0.109024
0.110831
0.108000
0.108072
0.108499
0.108876
0.108785
0.116170
0.115110
0.110624
0.111370
0.113675
0.111133
0.110908
0.110370
0.114822
0.111963
0.110786
0.109300
0.111614
0.111031
0.109872
0.108441
0.108021
0.103188
0.103272
0.106188
0.109135
0.119143
0.123597
0.123590
0.123998
0.123605
0.124231
0.119292
0.121673
0.114652
0.113063
0.116555
0.107192
0.104438
0.110414
0.107523
0.101225
0.109384
0.109935
0.110377
0.108962
0.108864
0.109158
0.108847
0.109738
0.109566
0.108810
0.105407
0.103284
0.109178
0.102174
0.102567
0.094781
0.098299
0.102121
0.099045
0.110914
0.109814
0.108602
0.108965
0.109365
0.116670
0.117732
0.117523
0.106633
0.110407
0.116565
0.118550
0.102619
0.102967
0.097248
0.097278
0.111190
0.100976
0.101572
0.094153
0.095180
0.086664
0.110949
0.110126
0.110520
0.109599
0.084432
0.085360
0.086134
0.086312
0.085599
0.086253
0.086015
0.086262
0.086520
0.097695
0.094467
0.097110
0.083935
0.083999
0.088235
0.089827
0.088082
0.088780
0.091973
0.083957
0.074548
0.095349
0.087978
0.094119
0.093643
0.085695
0.089352
0.077499
0.090292
0.092160
0.103318
0.105126
0.105852
0.106161
0.095373
0.103692
0.085780
0.083689
0.082717
0.100264
0.099107
0.100550
0.094452
0.100803
0.094170
0.087594
0.087393
0.087663
0.088758
0.086665
0.088943
0.090091
0.088827
0.089137
0.087210
0.089872
0.086337
0.089641
0.088432
0.085341
0.089224
0.090598
0.087834
0.082068
0.088046
0.079648
0.080628
0.086448
0.088556
0.084433
0.089160
0.089364
0.089249
0.086400
0.083734
0.082700
0.084021
0.081306
0.086037
0.074319
0.082647
0.084573
0.077942
0.079851
0.086153
0.082254
0.078399
0.081730
0.079166
0.085848
0.087754
0.084635
0.081241
0.081465
0.079839
0.081294
0.077936
0.082375
0.076927
0.079341
0.077789
0.075725
0.070911
0.083046
0.067790
0.060170
0.063376
0.061198
0.067255
0.060585
0.060010
0.067189
0.066459
0.075392
0.079620
0.078235
0.078241
0.079961
0.082451
0.075873
0.086019
0.081469
0.081901
0.086143
0.072605
0.076105
0.071726
0.069050
0.072857
0.068957
0.072893
0.065641
0.069517
0.074664
0.078847
0.068900
0.072421
0.072450
0.063022
0.058424
0.057741
0.063761
0.103714
0.101326
0.100595
0.096062
0.110343
0.109199
0.111350
0.108934
0.110216
0.109829
0.110679
0.088718
0.084485
0.110537
0.110233
0.110401
0.109662
0.099225
0.101191
0.101478
0.107365
0.102362
0.107744
0.107243
0.088845
0.087929
0.089070
0.088170
0.088561
0.088180
0.088442
0.088019
0.086675
0.087512
0.088981
0.088440
0.088921
0.088870
0.089087
0.088260
0.088179
0.087217
0.088489
0.107133
0.101225
0.113742
0.117091
0.110750
0.109361
0.111371
0.087627
0.107168
0.080049
0.106687
0.105020
0.104732
0.105832
0.105281
0.105317
0.105202
0.093569
0.092737
0.092700
0.105289
0.104950
0.105365
0.105240
0.104181
0.104560
0.094781
0.094871
0.094677
0.093127
0.093577
0.092795
0.092629
0.092929
0.092821
0.092898
0.092685
0.092850
0.092242
0.105338
0.105068
0.104489
0.104911
0.104754
0.080457
0.079533
0.080223
0.091098
0.089989
0.090270
0.092984
0.092591
0.092527
0.092592
0.092659
0.094359
0.093746
0.094223
0.094300
0.105320
0.103258
0.104562
0.105118
0.104907
0.104406
0.105228
0.106023
0.105616
0.105163
0.103693
0.105972
0.105167
0.105627
0.094436
0.104488
0.094823
0.094692
0.104516
0.094079
0.104236
0.104083
0.105171
0.105875
0.105440
0.106235
0.104631
0.092063
0.104839
0.105419
0.104392
0.105408
0.105395
0.105906
0.106343
0.105679
0.106221
0.105398
0.091801
0.091717
0.092071
0.092887
0.091568
0.091795
0.092791
0.094002
0.091757
0.093784
0.092947
0.092999
0.092925
0.091616
0.092001
0.093893
0.094355
0.093816
0.104949
0.104731
0.104423
0.090453
0.088189
0.090798
0.089463
0.090129
0.105485
0.079342
0.075483
0.078382
0.080149
0.079564
0.079857
0.078608
0.105447
0.079836
0.080164
0.080008
0.080376
0.105595
0.079875
0.079587
0.078961
0.078455
0.079432
0.079819
0.079859
0.079725
0.079796
0.079799
0.079505
0.078963
0.079410
0.079441
0.079715
0.079013
0.078374
0.079311
0.079150
0.079559
0.078581
0.077842
0.079364
0.077812
0.077625
0.076763
0.099154
0.077534
0.079097
0.105044
0.078468
0.078681
0.078521
0.076750
0.076754
0.075900
0.076560
0.076473
0.078399
0.076355
0.078413
0.078315
0.078428
0.102828
0.077988
0.077980
0.102411
0.078493
0.102816
0.102880
0.102495
0.102993
0.101901
0.102859
0.105009
0.099309
0.099369
0.100036
0.100004
0.098769
0.099401
0.078996
0.099899
0.099823
0.100228
0.103689
0.104378
0.104479
0.103379
0.102946
0.103484
0.104754
0.103560
0.103518
0.103433
0.103145
0.103352
0.103767
0.103877
0.103571
0.105320
0.106722
0.103526
0.104217
0.104591
0.104270
0.105329
0.105713
0.104364
0.103968
0.105131
0.103845
0.102919
0.103351
0.104139
0.078641
0.079098
0.078514
0.079423
0.079370
0.077965
0.085524
0.081990
0.081246
0.079703
0.081032
0.080834
0.079793
0.079811
0.079255
0.079889
0.079509
0.080386
0.080016
0.079901
0.080127
0.080013
0.079601
0.079772
0.079738
0.079671
0.080660
0.079665
0.079774
0.079632
0.079715
0.080018
0.080298
0.080058
0.080290
0.080377
0.079993
0.079310
0.079223
0.079037
0.077233
0.077647
0.077650
0.082358
0.082680
0.084311
0.080565
0.081709
0.081046
0.080927
0.080551
0.081006
0.080987
0.081031
0.080867
0.080962
0.082074
0.081082
0.081079
0.081075
0.081031
0.081186
0.081037
0.081049
0.081072
0.080745
0.080894
0.080792
0.080664
0.081017
0.080568
0.080548
0.080898
0.080892
0.080717
0.080233
0.080340
0.079526
0.082027
0.080211
0.077537
0.103509
0.081032
0.080689
0.080226
0.080205
0.080397
0.080959
0.080959
0.081195
0.081013
0.081101
0.082278
0.080908
0.082104
0.081980
0.082542
0.081482
0.081549
0.081190
0.081111
0.081654
0.080608
0.081408
0.080691
0.080340
0.081171
0.081269
0.081055
0.080930
0.081086
0.082138
0.081269
0.080636
0.080192
0.081208
0.080758
0.081151
0.094138
0.093546
0.101032
0.097476
0.081120
0.084723
0.085314
0.084526
0.083555
0.088809
0.088767
0.089284
0.089102
0.089666
0.089703
0.083790
0.082770
0.082981
0.082088
0.082925
0.082870
0.088304
0.089297
0.088346
0.089165
0.089396
0.082802
0.083298
0.082561
0.082877
0.089839
0.089250
0.083983
0.081773
0.082003
0.080892
0.081981
0.083400
0.081910
0.082094
0.083887
0.083862
0.083222
0.081515
0.082068
0.082190
0.082402
0.082798
0.081724
0.082741
0.082602
0.082400
0.082609
0.082639
0.082644
0.082643
0.082726
0.082753
0.082709
0.082610
0.082665
0.082654
0.082218
0.082053
0.082038
0.081917
0.082424
0.082665
0.082808
0.081951
0.081898
0.082258
0.082309
0.081550
0.081812
0.082065
0.081701
0.081456
0.082463
0.082220
0.082330
0.082593
0.084200
0.084795
0.084205
0.082136
0.081978
0.083230
0.090251
0.090731
0.090129
0.089196
0.090917
0.090697
0.089480
0.089666
0.087477
0.088123
0.088232
0.087977
0.087684
0.088067
0.087818
0.088629
0.088032
0.087509
0.087959
0.087925
0.088205
0.088123
0.087990
0.087697
0.087696
0.088274
0.082149
0.081962
0.081256
0.081954
0.081060
0.082568
0.083006
0.083822
0.084142
0.082460
0.081795
0.082625
0.086886
0.087037
0.087901
0.087679
0.087867
0.082490
0.088278
0.088176
0.087550
0.083371
0.081338
0.081190
0.081833
0.081777
0.082017
0.082016
0.081778
0.081829
0.081325
0.081191
0.080957
0.081320
0.081286
0.081092
0.080964
0.080822
0.080582
0.080177
0.079975
0.079981
0.081011
0.080191
0.080662
0.080011
0.081275
0.081360
0.081457
0.081178
0.080995
0.080862
0.080770
0.079836
0.080338
0.080066
0.080165
0.080990
0.080478
0.080912
0.081129
0.080371
0.081157
0.081152
0.081277
0.080027
0.080916
0.081301
0.080513
0.081333
0.080758
0.081940
0.081632
0.081736
0.081569
0.079791
0.081550
0.081146
0.080375
0.080985
0.081663
0.080988
0.079892
0.080572
0.080149
0.080440
0.081750
0.081980
0.080317
0.082191
0.081773
0.080146
0.080740
0.081786
0.081827
0.082264
0.082248
0.081551
0.081733
0.081744
0.081389
0.081475
0.081630
0.081441
0.081214
0.082007
0.081331
0.081074
0.081573
0.081147
0.081169
0.081817
0.081197
0.081971
0.080692
0.079979
0.079615
0.080284
0.080589
0.080226
0.080776
0.081303
0.081556
0.081214
0.081257
0.080508
0.080228
0.080223
0.080633
0.081210
0.081458
0.081711
0.081810
0.081820
0.081808
0.081723
0.081436
0.080926
0.080916
0.080486
0.080091
0.080064
0.079998
0.080272
0.080711
0.080752
0.081144
0.081327
0.081175
0.081149
0.081160
0.081102
0.081258
0.081227
0.080395
0.080426
0.079762
0.080369
0.080768
0.081077
0.081296
0.081416
0.081374
0.080971
0.081095
0.081140
0.081302
0.080418
0.080189
0.079564
0.080506
0.081892
0.072743
0.068081
0.070374
0.084606
0.112445
0.111428
0.096918
0.093214
0.088351
0.089251
0.090106
0.092098
0.091629
0.089246
0.090793
0.093124
0.091459
0.093812
0.095366
0.094721
0.093929
0.093756
0.088514
0.090523
0.092802
0.090344
0.092131
0.093833
0.096176
0.097478
0.096713
0.100495
0.100609
0.095612
0.114763
0.106897
0.118060
0.116284
0.112588
0.102956
0.103213
0.103309
0.111975
0.087831
0.069511
0.072870
0.151393
0.184077
0.283277
0.307999
0.296393
0.258134
0.216599
0.146727
0.079750
0.057748
0.050779
0.051671
0.054796
0.065656
0.066141
0.067066
0.074301
0.086506
0.090275
0.076450
0.075516
0.074240
0.075557
0.073688
0.116096
0.097373
0.097973
0.114479
0.103774
0.103538
0.100223
0.105445
0.103128
0.104837
0.103446
0.104223
0.105858
0.104546
0.103112
0.106325
0.102802
0.101765
0.101358
0.101457
0.100668
0.102991
0.100670
0.099890
0.102439
0.101486
0.099382
0.100034
0.100818
0.104563
0.098900
0.102559
0.098770
0.102422
0.102038
0.101582
0.103450
0.104202
0.103524
0.100370
0.105670
0.105755
0.099362
0.100296
0.104628
0.100541
0.097983
0.101818
0.102482
0.100745
0.101738
0.102298
0.103698
0.104169
0.105051
0.106557
0.105113
0.104647
0.104076
0.104594
0.103606
0.100941
0.102076
0.103259
0.103416
0.099620
0.105682
0.103053
0.099650
0.099568
0.103320
0.103344
0.100655
0.099756
0.104442
0.104734
0.104234
0.104575
0.104436
0.103704
0.103609
0.101668
0.095932
0.098721
0.097659
0.098944
0.098642
0.100751
0.097064
0.095572
0.094494
0.089893
0.090244
0.089931
0.091286
0.092165
0.093440
0.090365
0.090774
0.092069
0.091904
0.091870
0.091538
0.090773
0.091491
0.090996
0.092210
0.091264
0.091988
0.091972
0.092200
0.092697
0.093001
0.092740
0.092607
0.093323
0.095632
0.094572
0.094892
0.094443
0.095440
0.095398
0.094255
0.092422
0.092209
0.092355
0.092101
0.091787
0.094875
0.093689
0.091659
0.091805
0.092262
0.092863
0.095232
0.095697
0.094910
0.092808
0.092550
0.092438
0.089915
0.090770
0.091155
0.091203
0.090785
0.091309
0.091265
0.090860
0.091342
0.091575
0.091516
0.090975
0.091267
0.091951
0.091294
0.095284
0.095213
0.091974
0.092287
0.092327
0.092933
0.089136
0.102637
0.102561
0.112596
0.116022
0.110384
0.111550
0.120475
0.111135
0.117299
0.120770
0.123380
0.124896
0.126004
0.128528
0.124544
0.118995
0.113701
0.108042
0.118758
0.126516
0.128050
0.127312
0.101212
0.097091
0.100768
0.114947
0.117045
0.112844
0.117396
0.105420
0.119555
0.117420
0.118279
0.100993
0.114415
0.116482
0.115526
0.114311
0.114690
0.113347
0.112744
0.113752
0.113161
0.113225
0.113838
0.116814
0.117856
0.113309
0.113469
0.113881
0.114782
0.113875
0.113660
0.113132
0.113857
0.113475
0.113825
0.113818
0.114289
0.113979
0.113993
0.113771
0.113663
0.113670
0.113682
0.113631
0.114574
0.114277
0.114687
0.113514
0.113544
0.114194
0.113921
0.113816
0.114039
0.114169
0.114015
0.114021
0.113760
0.113712
0.114516
0.114161
0.114896
0.151669
0.149058
0.157332
0.157998
0.154469
0.148648
0.150843
0.131121
0.118262
0.110853
0.123173
0.173609
0.187451
0.192405
0.181972
0.192210
0.186428
0.188233
0.187054
0.186986
0.186282
0.183533
0.186546
0.188405
0.184092
0.184464
0.189333
0.181511
0.177844
0.161167
0.154077
0.150131
0.105032
0.103194
0.115996
0.127108
0.156309
0.151699
0.163078
0.162359
0.164740
0.163287
0.172177
0.172144
0.158412
0.165861
0.171266
0.171664
0.170364
0.163145
0.154333
0.151311
0.160881
0.143682
0.126317
0.166132
0.182318
0.109413
0.108316
0.108054
0.107596
0.107342
0.114324
0.116567
0.113651
0.122739
0.080124
0.071681
0.072611
0.072200
0.074902
0.074928
0.074889
0.077126
0.075783
0.075918
0.075753
0.074971
0.075047
0.075337
0.075687
0.075680
0.075342
0.076465
0.076873
0.075336
0.074848
0.075557
0.075014
0.074993
0.074876
0.075104
0.075195
0.074876
0.074904
0.074709
0.074664
0.074519
0.072300
0.074760
0.074895
0.072210
0.072196
0.072626
0.072703
0.072595
0.072435
0.075158
0.074511
0.075056
0.075121
0.075209
0.075489
0.075192
0.075498
0.074900
0.075320
0.075938
0.075811
0.075914
0.076549
0.076739
0.114000
0.113056
0.109668
0.120749
0.115929
0.120803
0.123045
0.120931
0.113713
0.113473
0.114828
0.115798
0.114881
0.121476
0.114262
0.114421
0.115100
0.115832
0.115751
0.117164
0.119541
0.127740
0.120482
0.133014
0.130247
0.118933
0.121378
0.121233
0.120802
0.121159
0.121476
0.121708
0.121527
0.124758
0.123411
0.122556
0.122792
0.122446
0.124740
0.124105
0.125649
0.120993
0.117216
0.121529
0.133291
0.138654
0.131258
0.125553
0.125439
0.113972
0.130420
0.129352
0.134308
0.123140
0.128306
0.116854
0.118706
0.123049
0.120437
0.109638
0.108582
0.099410
0.104705
0.096437
0.098335
0.097348
0.094846
0.100316
0.101766
0.106000
0.105310
0.099202
0.099221
0.110773
0.109180
0.103853
0.109976
0.110654
0.111353
0.113144
0.103525
0.103775
0.105165
0.096285
0.127062
0.133453
0.134082
0.139529
0.139171
0.137625
0.135073
0.127825
0.149827
0.150452
0.146163
0.138362
0.135705
0.133565
0.136462
0.131843
0.130369
0.123085
0.117504
0.117496
0.126394
0.125811
0.126229
0.125342
0.124430
0.123818
0.121716
0.122604
0.123345
0.118019
0.122660
0.117643
0.124130
0.125887
0.126295
0.127418
0.126146
0.121800
0.122069
0.126074
0.127983
0.127756
0.128751
0.128385
0.128942
0.129778
0.130109
0.128713
0.130103
0.131205
0.129825
0.131333
0.126831
0.127261
0.132216
0.128737
0.123591
0.122442
0.119632
0.113584
0.123254
0.122462
0.122447
0.118677
0.119898
0.122040
0.121574
0.121550
0.120947
0.121705
0.121986
0.130797
0.122165
0.122138
0.128698
0.120614
0.119324
0.118589
0.114815
0.119590
0.116972
0.116114
0.125416
0.123012
0.123205
0.121945
0.122108
0.121506
0.118222
0.115306
0.097670
0.085359
0.083244
0.089542
0.097011
0.105193
0.097595
0.092493
0.091725
0.092167
0.091626
0.102005
0.092153
0.105006
0.106030
0.106538
0.106226
0.101777
0.093593
0.093712
0.091207
0.092751
0.120394
0.118997
0.115274
0.087762
0.106806
0.109935
0.102270
0.112794
0.107515
0.108988
0.109676
0.110501
0.120701
0.122017
0.109621
0.110414
0.110722
0.120215
0.113015
0.115218
0.115498
0.113506
0.111789
0.125865
0.124846
0.125497
0.126260
0.113355
0.112491
0.124959
0.113474
0.113425
0.113026
0.119104
0.117791
0.118165
0.116377
0.117196
0.121376
0.112520
0.104642
0.108663
0.112458
0.111206
0.118960
0.118721
0.119820
0.120195
0.119311
0.110836
0.106513
0.106057
0.104812
0.104355
0.102793
0.104407
0.114935
0.116229
0.111901
0.119822
0.120223
0.113924
0.113145
0.114953
0.114995
0.106669
0.133549
0.106972
0.126975
0.104990
0.104215
0.102752
0.101083
0.104593
0.104766
0.095956
0.103254
0.103613
0.103559
0.101261
0.109249
0.109325
0.105026
0.105325
0.097414
0.098694
0.099177
0.097779
0.095915
0.095269
0.095551
0.094192
0.093955
0.094488
0.095046
0.097067
0.095552
0.094157
0.094424
0.096550
0.093908
0.096524
0.096835
0.096097
0.094328
0.095336
0.094854
0.095078
0.094998
0.093663
0.094660
0.094886
0.095997
0.095149
0.108606
0.111269
0.110594
0.108868
0.109321
0.110377
0.107435
0.108021
0.106575
0.131709
0.092936
0.103983
0.092241
0.107505
0.104855
0.092167
0.100162
0.090855
0.101454
0.091184
0.090558
0.091094
0.090959
0.090444
0.090586
0.092836
0.092742
0.091313
0.089193
0.092491
0.093636
0.094809
0.095250
0.095304
0.095703
0.096461
0.096100
0.096536
0.096606
0.096317
0.096830
0.096735
0.096058
0.095744
0.095205
0.095066
0.095097
0.095055
0.095047
0.095197
0.096146
0.095675
0.095714
0.095640
0.094040
0.117084
0.128009
0.147414
0.274335
0.290549
0.292097
0.322383
0.242706
0.151389
0.118346
0.068132
0.045460
0.047760
0.048564
0.063701
0.089021
0.092009
0.105101
0.104404
0.110439
0.088931
0.089955
0.098727
0.090191
0.097497
0.094964
0.091823
0.097470
0.091264
0.094629
0.096558
0.095501
0.092204
0.095828
0.098558
0.095996
0.103489
0.103213
0.103768
0.102779
0.104665
0.110711
0.113429
0.112448
0.125651
0.123089
0.122649
0.120031
0.120749
0.107842
0.088982
0.111683
0.113255
0.115868
0.113968
0.111988
0.118299
0.118906
0.116863
0.118365
0.115605
0.114772
0.116287
0.116256
0.116124
0.115187
0.114917
0.114056
0.114121
0.117205
0.117015
0.113691
0.116414
0.116990
0.117067
0.118936
0.117884
0.114971
0.113381
0.116668
0.117384
0.117443
0.119181
0.118637
0.116860
0.114748
0.119332
0.118750
0.113396
0.116278
0.112592
0.115854
0.118189
0.118414
0.117352
0.115873
0.115562
0.114229
0.114573
0.114070
0.115154
0.114867
0.115268
0.113834
0.114334
0.111369
0.113536
0.116194
0.110411
0.111321
0.112485
0.113248
0.111247
0.113917
0.114252
0.112991
0.114205
0.117499
0.112580
0.117057
0.110327
0.116338
0.111936
0.113126
0.110234
0.111215
0.109847
0.109652
0.109904
0.110202
0.109308
0.112944
0.112992
0.113828
0.114182
0.110748
0.110722
0.118893
0.123846
0.131132
0.123521
0.130446
0.126250
0.128279
0.127784
0.125349
0.124103
0.117222
0.117134
0.115628
0.117407
0.122760
0.117704
0.121383
0.124458
0.112494
0.115271
0.096342
0.094813
0.096017
0.104674
0.108284
0.110252
0.105703
0.110985
0.105092
0.107263
0.106535
0.093914
0.105983
0.102943
0.081520
0.080618
0.079703
0.079919
0.079335
0.078897
0.079507
0.079352
0.079793
0.079878
0.079798
0.079557
0.079029
0.079028
0.078746
0.078445
0.078181
0.078036
0.078090
0.078205
0.076716
0.078245
0.077061
0.077791
0.078675
0.077278
0.077447
0.078144
0.077171
0.077397
0.080121
0.079452
0.078662
0.079329
0.103067
0.102991
0.107400
0.121782
0.121133
0.122253
0.121485
0.113912
0.118632
0.116863
0.117489
0.109665
0.109490
0.109987
0.108945
0.110559
0.111481
0.112656
0.115951
0.116650
0.115114
0.114385
0.117988
0.118834
0.118542
0.120881
0.119087
0.124991
0.126904
0.124860
0.126479
0.128287
0.123524
0.122809
0.114692
0.114756
0.119944
0.115178
0.121423
0.123115
0.122741
0.122242
0.121724
0.119162
0.119358
0.120041
0.099804
0.104336
0.098866
0.097348
0.099156
0.099842
0.102047
0.102018
0.102165
0.102727
0.103399
0.104038
0.103843
0.107853
0.111807
0.126057
0.123457
0.123100
0.108129
0.106979
0.108264
0.122168
0.116671
0.117932
0.122383
0.117257
0.111192
0.109872
0.105830
0.102946
0.101068
0.102315
0.101163
0.106894
0.102991
0.101954
0.115397
0.118270
0.121688
0.124241
0.124053
0.122097
0.121741
0.122251
0.121249
0.121088
0.120975
0.121275
0.119297
0.114351
0.109904
0.108918
0.103535
0.101797
0.093922
0.095902
0.084057
0.078676
0.077155
0.082734
0.092860
0.331663
0.331668
0.331574
0.308963
0.289055
0.271647
0.248343
0.212291
0.218855
0.206141
0.199614
0.181985
0.148455
0.125978
0.117117
0.104439
0.092670
0.080758
0.061657
0.060681
0.063678
0.066039
0.071475
0.076265
0.079941
0.082012
0.088620
0.096149
0.096222
0.100060
0.101755
0.102961
0.102136
0.102406
0.100603
0.103696
0.099917
0.095962
0.097158
0.103362
0.099622
0.110771
0.103672
0.110432
0.101633
0.111225
0.109611
0.109286
0.112942
0.120184
0.123211
0.119813
0.119630
0.122544
0.131835
0.125304
0.125493
0.130343
0.127529
0.127246
0.124550
0.114210
0.114439
0.113610
0.112028
0.114268
0.113540
0.117994
0.118009
0.118940
0.118156
0.112780
0.112660
0.113624
0.112252
0.114834
0.115211
0.115375
0.114043
0.116428
0.113602
0.114782
0.113580
0.114290
0.113481
0.113551
0.111693
0.110896
0.110848
0.110323
0.111159
0.115172
0.114196
0.112922
0.111916
0.111982
0.115584
0.115105
0.115188
0.114621
0.112490
0.111400
0.110440
0.113444
0.113893
0.114388
0.114232
0.117172
0.110134
0.113679
0.117029
0.116980
0.117049
0.114910
0.115061
0.114883
0.113342
0.113458
0.113409
0.115473
0.115436
0.114810
0.114433
0.114792
0.114614
0.116288
0.114966
0.114538
0.104812
0.117643
0.114337
0.131407
0.104854
0.102212
0.103637
0.099790
0.099957
0.100721
0.101832
0.102003
0.094945
0.092381
0.091765
0.090580
0.090172
0.089731
0.090613
0.095082
0.093436
0.096009
0.095038
0.098852
0.096882
0.118434
0.112716
0.106241
0.105432
0.104045
0.107588
0.103334
0.103261
0.103637
0.104912
0.106913
0.119445
0.112075
0.112968
0.114254
0.089623
0.108401
0.113063
0.105855
0.105806
0.107332
0.106746
0.106076
0.112524
0.113030
0.112668
0.113090
0.113340
0.112670
0.112676
0.110672
0.111778
0.112686
0.113458
0.087510
0.087717
0.089736
0.089622
0.089240
0.089333
0.088872
0.087087
0.087097
0.085582
0.088177
0.088418
0.085932
0.087591
0.090248
0.085223
0.087926
0.087422
0.090690
0.088554
0.089774
0.091882
0.092697
0.091887
0.092312
0.092682
0.095482
0.095892
0.097663
0.098177
0.096254
0.095951
0.096956
0.093138
0.091688
0.087839
0.087911
0.090261
0.091354
0.088543
0.087588
0.086955
0.087430
0.085017
0.092410
0.093840
0.088178
0.087639
0.087493
0.089604
0.089642
0.088885
0.089374
0.087343
0.094280
0.087594
0.090347
0.091444
0.087999
0.088971
0.092818
0.098809
0.091771
0.097437
0.096522
0.091657
0.094851
0.091534
0.094656
0.093962
0.091991
0.091526
0.088494
0.089701
0.094078
0.091877
0.088859
0.088736
0.089678
0.093521
0.090900
0.088207
0.086780
0.086539
0.090041
0.088252
0.090563
0.086247
0.084503
0.104566
0.113830
0.086880
0.109168
0.117302
0.094685
0.101593
0.091407
0.095858
0.096330
0.096063
0.096103
0.093773
0.108929
0.089278
0.099159
0.090006
0.098785
0.099005
0.097638
0.100948
0.100571
0.098591
0.099398
0.099477
0.099060
0.092895
0.092878
0.093852
0.099370
0.089652
0.096643
0.094579
0.090682
0.092022
0.092990
0.101319
0.106941
0.095414
0.094103
0.093068
0.094842
0.101949
0.105551
0.106414
0.113566
0.111983
0.112427
0.104445
0.102697
0.096500
0.095940
0.093292
0.092654
0.100224
0.110267
0.102719
0.099211
0.086755
0.086970
0.086614
0.085429
0.084347
0.087009
0.085330
0.087380
0.088205
0.086352
0.088526
0.088094
0.088481
0.088233
0.088327
0.094011
0.087088
0.085825
0.087662
0.087061
0.087007
0.109571
0.098141
0.104783
0.107694
0.105650
0.104772
0.105380
0.105367
0.105415
0.098566
0.087497
0.087500
0.087198
0.096537
0.085961
0.090163
0.100434
0.095997
0.093884
0.093255
0.094033
0.090292
0.091313
0.111603
0.110766
0.114550
0.116645
0.115236
0.117003
0.117574
0.126403
0.127248
0.125137
0.131433
0.128425
0.124439
0.123590
0.123709
0.117099
0.116527
0.116095
0.110498
0.113225
0.112636
0.113967
0.113334
0.111676
0.113056
0.111671
0.111507
0.112633
0.112401
0.114861
0.117795
0.114192
0.116640
0.118257
0.118071
0.112656
0.114591
0.114064
0.112011
0.114121
0.112179
0.112487
0.112109
0.113778
0.114802
0.114565
0.110359
0.113318
0.110897
0.114468
0.112684
0.117542
0.116693
0.116712
0.116921
0.117409
0.117291
0.117382
0.118698
0.118893
0.118552
0.117498
0.119717
0.118670
0.118389
0.115338
0.114804
0.113206
0.115222
0.118468
0.116256
0.115780
0.119411
0.118460
0.118397
0.118204
0.112607
0.114931
0.114757
0.109263
0.108267
0.107936
0.108125
0.108050
0.108542
0.110020
0.109381
0.109596
0.105698
0.114941
0.116417
0.113551
0.114197
0.110127
0.110378
0.109077
0.110264
0.110648
0.111139
0.112620
0.115062
0.113542
0.107483
0.096159
0.110651
0.114858
0.118300
0.120666
0.125666
0.125116
0.125858
0.125990
0.124410
0.130728
0.126312
0.123488
0.116667
0.110790
0.115210
0.111744
0.118049
0.115729
0.110270
0.117931
0.116760
0.116797
0.101772
0.105107
0.096589
0.100074
0.095209
0.095825
0.084855
0.109235
0.104555
0.104796
0.084733
0.102663
0.103621
0.082958
0.083805
0.092311
0.084882
0.087287
0.093424
0.109735
0.109611
0.108598
0.107171
0.111718
0.109960
0.108175
0.108887
0.108398
0.103730
0.107598
0.100738
0.099368
0.108118
0.099337
0.100753
0.098493
0.098434
0.098206
0.100348
0.097137
0.097383
0.201819
0.200865
0.200431
0.201491
0.202796
0.203250
0.197602
0.196773
0.203281
0.202987
0.203840
0.203777
0.208143
0.202288
0.201967
0.201301
0.204135
0.203507
0.203422
0.204447
0.204192
0.204691
0.202484
0.202809
0.201688
0.201995
0.201415
0.201006
0.200884
0.200889
0.203466
0.202411
0.204519
0.205201
0.203830
0.204469
0.203793
0.199236
0.201529
0.200721
0.200981
0.197383
0.195418
0.194690
0.195624
0.192708
0.192656
0.194897
0.192460
0.194934
0.195694
0.193444
0.197351
0.197323
0.196638
0.197550
0.197090
0.196349
0.196097
0.196162
0.196590
0.197422
0.197448
0.197738
0.199095
0.197166
0.199553
0.198781
0.199271
0.197645
0.200520
0.200219
0.203014
0.200397
0.202623
0.160204
0.201433
0.200898
0.202980
0.161522
0.158528
0.163609
0.164629
0.166439
0.166851
0.161793
0.161997
0.157979
0.160661
0.160038
0.113641
0.109689
0.116892
0.127515
0.124137
0.132683
0.133125
0.137067
0.133943
0.110273
0.101151
0.099586
0.100023
0.098095
0.124596
0.126228
0.124579
0.128327
0.129328
0.131573
0.131970
0.129814
0.126680
0.128302
0.133992
0.134049
0.134049
0.128823
0.131072
0.135091
0.130286
0.136806
0.134980
0.136162
0.130523
0.138595
0.134497
0.137597
0.134670
0.137734
0.139722
0.135084
0.135838
0.138629
0.139005
0.131223
0.129866
0.133276
0.138055
0.128325
0.137262
0.130722
0.133296
0.129681
0.131919
0.136392
0.136351
0.137349
0.130372
0.135674
0.128158
0.133970
0.133302
0.131252
0.131637
0.139717
0.132885
0.134785
0.128902
0.136624
0.114771
0.113142
0.138006
0.133139
0.136780
0.131796
0.131847
0.110783
0.107557
0.096020
0.096848
0.110814
0.108074
0.103202
0.131967
0.133551
0.138754
0.092717
0.136146
0.135169
0.094421
0.101231
0.098875
0.101713
0.140367
0.143795
0.098194
0.092445
0.094332
0.092315
0.093175
0.101734
0.100250
0.098154
0.099620
0.099580
0.099254
0.099331
0.097197
0.099597
0.101586
0.102808
0.101072
0.101193
0.101771
0.098766
0.100517
0.100335
0.100519
0.100187
0.098850
0.100024
0.098058
0.097738
0.099509
0.099280
0.099258
0.100194
0.099657
0.100647
0.101126
0.102777
0.101174
0.101985
0.101250
0.100849
0.101429
0.096324
0.114709
0.092017
0.103004
0.108880
0.125686
0.126000
0.124882
0.125007
0.119794
0.115495
0.114103
0.112749
0.111869
0.112655
0.113934
0.115409
0.114934
0.116477
0.115803
0.117070
0.116256
0.115557
0.113971
0.113026
0.120323
0.110836
0.111333
0.103348
0.103023
0.103066
0.102955
0.102717
0.103076
0.102335
0.102363
0.102549
0.102367
0.102462
0.102425
0.102514
0.102734
0.102726
0.102718
0.102647
0.102884
0.102643
0.103104
0.114501
0.114701
0.116030
0.116125
0.101879
0.116267
0.099329
0.101380
0.101054
0.100655
0.101442
0.101293
0.100909
0.100979
0.101636
0.101446
0.102409
0.100589
0.101538
0.111756
0.111627
0.111264
0.111627
0.101991
0.100617
0.101050
0.101829
0.102330
0.104064
0.103607
0.103768
0.115620
0.109262
0.103244
0.101883
0.103532
0.102602
0.102667
0.106894
0.101949
0.102726
0.103204
0.103450
0.109047
0.109075
0.109103
0.103707
0.105508
0.110436
0.102825
0.107740
0.101691
0.107462
0.102540
0.102637
0.102901
0.167345
0.137000
0.162410
0.170233
0.154874
0.153482
0.152591
0.148716
0.148893
0.144542
0.136130
0.136424
0.161887
0.161585
0.162419
0.160818
0.161646
0.161372
0.130064
0.161511
0.131516
0.162718
0.162248
0.161183
0.162678
0.162873
0.162525
0.164164
0.163304
0.163201
0.164372
0.164445
0.164735
0.164669
0.164659
0.161874
0.162222
0.165386
0.164223
0.128450
0.131070
0.129206
0.130938
0.131834
0.132059
0.130620
0.126086
0.132281
0.125379
0.132796
0.132885
0.132372
0.166088
0.131192
0.134896
0.132192
0.127720
0.127217
0.127668
0.130325
0.130379
0.128316
0.128111
0.131555
0.129761
0.129790
0.130646
0.130972
0.130790
0.132746
0.128937
0.130996
0.131446
0.127357
0.124980
0.126343
0.123978
0.130248
0.126227
0.123538
0.123145
0.123874
0.123447
0.123601
0.122479
0.124396
0.124842
0.123485
0.122401
0.125742
0.132405
0.131098
0.129247
0.132205
0.133543
0.133817
0.134413
0.131143
0.134457
0.134370
0.135538
0.134714
0.136571
0.136602
0.138548
0.137183
0.138528
0.134345
0.126185
0.135006
0.135910
0.140000
0.132993
0.143519
0.132943
0.143061
0.143589
0.128700
0.132103
0.125717
0.124167
0.131609
0.131745
0.138234
0.139063
0.129619
0.126915
0.124287
0.124555
0.124906
0.127031
0.127294
0.126347
0.127361
0.128214
0.128718
0.129734
0.129781
0.126717
0.127684
0.129755
0.129569
0.130169
0.132629
0.129926
0.129276
0.127766
0.129379
0.131874
0.134362
0.131929
0.142372
0.139035
0.133564
0.135420
0.134506
0.130202
0.128917
0.127782
0.128077
0.127527
0.127307
0.128264
0.127272
0.127025
0.136091
0.136469
0.136649
0.136705
0.137077
0.137558
0.137812
0.130771
0.137010
0.138549
0.138841
0.139050
0.135327
0.136631
0.136125
0.137321
0.132492
0.132990
0.139490
0.134503
0.138367
0.139531
0.142065
0.133487
0.132773
0.134153
0.133872
0.132218
0.140743
0.137728
0.140451
0.099405
0.099577
0.097645
0.096871
0.092964
0.102697
0.102389
0.100432
0.118977
0.120390
0.119967
0.121016
0.120699
0.104295
0.095580
0.102872
0.102482
0.101773
0.102498
0.117601
0.115301
0.116578
0.117946
0.122954
0.109769
0.106131
0.110244
0.106621
0.098152
0.105447
0.088014
0.102819
0.087647
0.097396
0.096297
0.097831
0.086366
0.096601
0.088066
0.088214
0.085812
0.086157
0.084931
0.086198
0.086717
0.096181
0.096911
0.097947
0.087101
0.102649
0.101419
0.103072
0.103526
0.101542
0.103007
0.104085
0.103525
0.103266
0.085184
0.086565
0.103011
0.102768
0.085127
0.085893
0.104044
0.100964
0.101344
0.089484
0.104699
0.103949
0.104304
0.109871
0.105059
0.108331
0.102423
0.108100
0.098653
0.098830
0.102594
0.102710
0.103015
0.102591
0.099342
0.101992
0.098938
0.101169
0.103431
0.103833
0.100737
0.100591
0.102218
0.102761
0.100023
0.102735
0.101205
0.085686
0.085843
0.085432
0.085967
0.086691
0.087315
0.086788
0.088328
0.086978
0.083686
0.084386
0.085604
0.092865
0.093902
0.098701
0.094414
0.093728
0.094942
0.095958
0.095177
0.095134
0.094767
0.094929
0.095116
0.094065
0.092706
0.093630
0.093583
0.092777
0.092890
0.093136
0.094309
0.096283
0.094592
0.091962
0.090162
0.092377
0.090027
0.092368
0.090989
0.087583
0.090233
0.093889
0.092377
0.091793
0.092731
0.091389
0.088876
0.092849
0.093264
0.091879
0.095029
0.087492
0.089433
0.090497
0.090277
0.099477
0.099643
0.093341
0.104721
0.107930
0.105330
0.119166
0.107146
0.107427
0.109059
0.107689
0.109304
0.109615
0.109155
0.111337
0.111433
0.109466
0.110439
0.113221
0.114589
0.110240
0.109852
0.110376
0.114001
0.110168
0.110588
0.113060
0.111134
0.109710
0.109534
0.112791
0.113031
0.110058
0.111768
0.113516
0.110873
0.110312
0.112533
0.112934
0.110978
0.112161
0.113584
0.113845
0.109990
0.112190
0.114655
0.113354
0.168972
0.168155
0.177893
0.173835
0.165887
0.169675
0.164856
0.160207
0.159083
0.158633
0.154330
0.153323
0.152543
0.150591
0.150218
0.149985
0.149976
0.153354
0.151884
0.127671
0.132212
0.131896
0.154053
0.154412
0.151832
0.155139
0.150951
0.154789
0.152616
0.152612
0.159490
0.153012
0.152880
0.153486
0.154999
0.118427
0.119556
0.120490
0.123564
0.118164
0.124956
0.127919
0.125820
0.127643
0.130438
0.129397
0.126826
0.125126
0.115675
0.129610
0.119501
0.130770
0.131084
0.129807
0.115240
0.118136
0.123039
0.115173
0.117165
0.116807
0.115932
0.117749
0.120445
0.116771
0.118554
0.122123
0.118359
0.118221
0.116645
0.115616
0.116530
0.118406
0.116152
0.115819
0.115455
0.090826
0.097705
0.096466
0.099047
0.098690
0.097522
0.101255
0.099506
0.099700
0.100448
0.098321
0.097282
0.097693
0.097053
0.096643
0.097485
0.097301
0.096046
0.096274
0.095984
0.098854
0.099731
0.097149
0.097874
0.096206
0.095747
0.097335
0.097947
0.098400
0.099015
0.097178
0.098063
0.097999
0.098141
0.098162
0.097356
0.099101
0.100120
0.097125
0.106445
0.105553
0.104895
0.101222
0.099481
0.101383
0.097548
0.101213
0.101756
0.102606
0.101125
0.100032
0.099520
0.100692
0.100449
0.100586
0.099363
0.093025
0.092579
0.112859
0.112519
0.112355
0.112182
0.112682
0.113221
0.114956
0.114243
0.114392
0.114363
0.114398
0.113015
0.114240
0.113590
0.113688
0.113060
0.113191
0.113033
0.104430
0.104454
0.112436
0.112248
0.121927
0.121517
0.121684
0.113120
0.112335
0.119348
0.107079
0.114342
0.127082
0.126195
0.127159
0.127131
0.126021
0.103495
0.102091
0.105506
0.104934
0.108243
0.118981
0.103179
0.108631
0.104173
0.106987
0.107540
0.114774
0.115887
0.124620
0.125774
0.124804
0.120762
0.113343
0.112615
0.111993
0.115553
0.111223
0.111110
0.110280
0.106772
0.110546
0.119284
0.119257
0.116121
0.117552
0.113998
0.086424
0.107796
0.107618
0.101200
0.093618
0.067908
0.075798
0.099963
0.159347
0.103209
0.115209
0.075833
0.092027
0.084870
0.083507
0.089171
0.082821
0.088861
0.084892
0.084265
0.084856
0.099484
0.095593
0.089901
0.089182
0.089282
0.088872
0.088068
0.089411
0.088212
0.084584
0.085553
0.087949
0.091161
0.085620
0.084266
0.081993
0.080292
0.081207
0.081889
0.083223
0.077892
0.078096
0.078226
0.080237
0.080180
0.078181
0.077955
0.078010
0.078249
0.079087
0.078929
0.079606
0.079692
0.078064
0.078317
0.077947
0.077954
0.077853
0.078082
0.078452
0.078316
0.078345
0.078347
0.078364
0.078263
0.078298
0.078520
0.078374
0.078411
0.078351
0.078403
0.038089
0.038617
0.037610
0.038475
0.039254
0.039060
0.038796
0.038715
0.040618
0.041325
0.040709
0.038757
0.040414
0.038652
0.040650
0.041478
0.041735
0.045163
0.046553
0.052852
0.058565
0.056398
0.092092
0.077979
0.052888
0.028200
0.028371
0.029665
0.030143
0.036218
0.039927
0.036710
0.036486
0.039111
0.036683
0.037068
0.038901
0.039024
0.036778
0.036975
0.035806
0.035291
0.035485
0.037716
0.037328
0.040079
0.040494
0.042097
0.040414
0.040857
0.042414
0.034674
0.023632
0.030628
0.055938
0.059372
0.058144
0.059990
0.046256
0.034244
0.027518
0.027063
0.026837
0.026869
0.024671
0.022489
0.019713
0.019308
0.018014
0.017050
0.016496
0.013956
0.012328
0.011818
0.011170
0.010262
0.009647
0.009671
0.009861
0.009772
0.009416
0.009203
0.009127
0.008604
0.007970
0.007875
0.007862
0.008040
0.007715
0.007814
0.007536
0.007247
0.006814
0.006323
0.006025
0.005878
0.005430
0.005610
0.005260
0.004845
0.004555
0.004010
0.003765
0.003422
0.003345
0.003346
0.003297
0.003169
0.003114
0.002958
0.002756
0.002468
0.002332
0.002075
0.001902
0.001786
0.001835
0.001605
0.001490
0.001053
0.000720
0.000373
0.000115
0.000000
0.000109
0.000389
0.000783
0.001092
0.002701
0.004968
0.008639
0.014641
0.022667
0.035899
0.060090
0.076275
0.093389
0.116066
0.131019
0.151501
0.171924
0.189613
0.204546
0.222388
0.233892
0.243081
0.254185
0.261790
0.263885
0.264169
0.265052
0.264107
0.264163
0.263363
0.262987
0.262890
0.262252
0.260006
0.257378
0.252567
0.255441
0.257443
0.256900
0.256034
0.258384
0.255340
0.255045
0.249883
0.243952
0.246795
0.237416
0.236569
0.233632
0.231999
0.235510
0.234840
0.233447
0.236059
0.245567
0.247122
0.248171
0.249714
0.254275
0.255537
0.254492
0.252710
0.253557
0.253321
0.251179
0.249303
0.247721
0.244259
0.242290
0.240268
0.241391
0.236937
0.235145
0.221974
0.220686
0.226831
0.222722
0.218406
0.214685
0.209083
0.199915
0.203745
0.199107
0.183729
0.186186
0.183730
0.184383
0.185057
0.178761
0.185166
0.185269
0.187400
0.187100
0.186641
0.186494
0.185730
0.188953
0.193863
0.207979
0.224006
0.231247
0.241075
0.247805
0.252191
0.252273
0.252223
0.252096
0.245460
0.247686
0.249172
0.249263
0.247383
0.247479
0.246752
0.246751
0.246753
0.246748
0.246751
0.246748
0.246753
0.246750
0.246751
0.246751
0.246753
0.246751
0.246751
0.246751
0.247046
0.247155
0.249269
0.251047
0.259486
0.264539
0.264539
0.264539
0.264539
0.264539
0.264539
0.264539
