0.327276
0.327276
0.327161
0.327122
0.327087
0.326911
0.326880
0.326846
0.326772
0.326715
0.326677
0.326654
0.326496
0.326444
0.326356
0.326290
0.326255
0.326128
0.306792
0.326043
0.325938
0.306524
0.306434
0.325762
0.325708
0.325638
0.325617
0.306262
0.325492
0.306087
0.306015
0.306007
0.305901
0.305792
0.325151
0.325057
0.324983
0.305427
0.304901
0.304901
0.304898
0.304898
0.304896
0.304898
0.304898
0.305028
0.305028
0.305028
0.324882
0.324879
0.324879
0.324879
0.324879
0.324951
0.324953
0.324942
0.324952
0.324875
0.324877
0.324877
0.324951
0.324945
0.324945
0.324946
0.324945
0.324945
0.324945
0.324945
0.324945
0.324945
0.324945
0.324945
0.324947
0.324947
0.324947
0.324947
0.324947
0.324947
0.324947
0.324947
0.324947
0.324947
0.324947
0.324947
0.324947
0.324947
0.324947
0.324947
0.324947
0.324947
0.324947
0.324947
0.324947
0.324947
0.324947
0.324947
0.324865
0.324865
0.324865
0.324865
0.324865
0.324941
0.324861
0.324941
0.324871
0.324865
0.324863
0.324943
0.324906
0.324906
0.324906
0.324906
0.324906
0.324906
0.324906
0.324906
0.324949
0.324899
0.305595
0.305620
0.305665
0.305719
0.305793
0.305814
0.305857
0.305914
0.305994
0.306017
0.325322
0.306122
0.306216
0.306236
0.306295
0.306227
0.306465
0.306485
0.306522
0.306592
0.306705
0.325920
0.325975
0.326031
0.306915
0.306977
0.326201
0.326261
0.326350
0.326378
0.326447
0.307351
0.326609
0.326623
0.306071
0.326757
0.326890
0.326881
0.326948
0.327030
0.327155
0.327188
0.327273
0.327276
0.327276
0.327276
0.327276
0.206581
0.203771
0.203908
0.205717
0.205297
0.189607
0.191054
0.182403
0.181414
0.185671
0.186510
0.193561
0.187787
0.184743
0.200869
0.201155
0.182838
0.182616
0.183094
0.184317
0.185531
0.202124
0.204001
0.196289
0.176016
0.163191
0.163362
0.145515
0.148936
0.166721
0.166659
0.174524
0.183923
0.190646
0.190977
0.197691
0.206100
0.192775
0.197334
0.198984
0.195903
0.194233
0.192153
0.195060
0.195082
0.195263
0.191773
0.194020
0.193216
0.192995
0.192741
0.192501
0.194076
0.194752
0.194989
0.195346
0.193565
0.193124
0.194917
0.194807
0.198465
0.194635
0.197747
0.197423
0.197703
0.195483
0.194903
0.193526
0.189300
0.186624
0.186771
0.185562
0.189486
0.191238
0.191839
0.196685
0.201930
0.216695
0.218450
0.225707
0.237470
0.262424
0.263206
0.278415
0.294146
0.327275
0.327275
0.327275
0.327275
0.306937
0.306718
0.306709
0.304742
0.304747
0.304746
0.304722
0.304706
0.306564
0.306564
0.306540
0.306800
0.306491
0.306487
0.306735
0.306614
0.306687
0.306681
0.306545
0.306646
0.306498
0.306494
0.306478
0.306467
0.306435
0.306425
0.306415
0.306400
0.306384
0.306412
0.306404
0.306404
0.306367
0.306367
0.306402
0.306402
0.306402
0.306402
0.306402
0.310000
0.310000
0.310000
0.310000
0.310000
0.310000
0.310000
0.310001
0.310000
0.310000
0.310000
0.310001
0.310001
0.310001
0.310000
0.310001
0.310001
0.310001
0.310001
0.310001
0.310001
0.310001
0.310001
0.310001
0.310001
0.310001
0.310001
0.310001
0.310001
0.310001
0.310001
0.310001
0.310001
0.310001
0.310001
0.310001
0.310001
0.310001
0.310001
0.310001
0.310001
0.310001
0.310001
0.310002
0.310002
0.310002
0.310002
0.310002
0.310002
0.310002
0.310002
0.310002
0.310002
0.310002
0.310002
0.310002
0.310002
0.310002
0.310002
0.310002
0.310002
0.310002
0.310002
0.310002
0.310004
0.310022
0.310048
0.310079
0.310108
0.310142
0.325326
0.327028
0.310277
0.327105
0.308064
0.310427
0.327176
0.321375
0.327256
0.327257
0.327209
0.321068
0.325768
0.324305
0.313556
0.309650
0.303205
0.295389
0.287796
0.296862
0.288945
0.287431
0.280986
0.277688
0.276344
0.275984
0.276009
0.276109
0.276124
0.275998
0.276080
0.278725
0.275984
0.275877
0.275946
0.275799
0.278889
0.278867
0.279842
0.275726
0.277752
0.275628
0.275672
0.275577
0.275692
0.275576
0.275832
0.275982
0.276049
0.276180
0.276397
0.276137
0.276555
0.277397
0.277390
0.277573
0.277631
0.276108
0.275635
0.275972
0.277489
0.276877
0.276743
0.277548
0.277375
0.277359
0.277524
0.277631
0.277355
0.277563
0.277551
0.277563
0.277433
0.277685
0.277118
0.277640
0.277304
0.277800
0.277417
0.277255
0.277401
0.277770
0.276881
0.277024
0.277460
0.275376
0.277588
0.277802
0.277651
0.275298
0.277846
0.277802
0.277085
0.277166
0.277108
0.278037
0.278032
0.278053
0.278130
0.277082
0.277180
0.277173
0.276972
0.276975
0.277622
0.277134
0.277864
0.278148
0.277924
0.277842
0.277608
0.277965
0.279390
0.280679
0.281169
0.284810
0.287698
0.289019
0.294427
0.297071
0.300090
0.307655
0.313039
0.322408
0.327269
0.327276
0.327276
0.327276
0.327276
0.287052
0.257707
0.233695
0.198831
0.164369
0.143407
0.126439
0.112410
0.102103
0.095606
0.092817
0.094284
0.119657
0.119817
0.120257
0.120180
0.120036
0.120063
0.120913
0.120541
0.120723
0.122222
0.122274
0.099835
0.099902
0.099760
0.099040
0.100003
0.100103
0.099304
0.096823
0.096805
0.099291
0.098072
0.099998
0.099196
0.096794
0.097191
0.096592
0.099436
0.097262
0.096852
0.098011
0.098549
0.098614
0.098559
0.097327
0.097696
0.097638
0.096758
0.096981
0.097138
0.098042
0.098241
0.097949
0.097806
0.099445
0.099317
0.099685
0.099426
0.096659
0.096619
0.097102
0.097842
0.097814
0.097803
0.098161
0.098428
0.097855
0.098487
0.098214
0.098242
0.098101
0.097608
0.097744
0.098234
0.098290
0.098366
0.098204
0.098772
0.098251
0.098107
0.097626
0.098436
0.099730
0.100133
0.099742
0.099542
0.099569
0.099782
0.099705
0.099413
0.099350
0.098464
0.097812
0.098818
0.095917
0.097370
0.098174
0.098545
0.099079
0.099753
0.098439
0.098445
0.098617
0.098243
0.096993
0.099542
0.099837
0.100240
0.100231
0.100045
0.097838
0.097761
0.099531
0.100362
0.099397
0.096435
0.096363
0.097100
0.097109
0.097826
0.096358
0.098164
0.099575
0.100332
0.100012
0.098369
0.120935
0.119926
0.120510
0.120443
0.119416
0.121762
0.120377
0.120551
0.120589
0.120511
0.120581
0.120665
0.120725
0.122391
0.122531
0.122997
0.096585
0.097371
0.097133
0.097559
0.119632
0.099400
0.099613
0.099621
0.100277
0.099615
0.099273
0.099393
0.097623
0.097928
0.096603
0.121465
0.120530
0.121257
0.121201
0.121862
0.123146
0.122950
0.122672
0.122561
0.121240
0.120975
0.122275
0.098869
0.099130
0.121617
0.121315
0.121449
0.121427
0.121940
0.205650
0.202167
0.194520
0.202151
0.201311
0.194419
0.204600
0.225679
0.224831
0.206197
0.205195
0.217393
0.199719
0.205864
0.206277
0.205397
0.201160
0.198494
0.197996
0.199948
0.195571
0.192824
0.195033
0.194148
0.192576
0.193192
0.190349
0.189696
0.189946
0.188474
0.188031
0.191424
0.190318
0.191405
0.191737
0.191698
0.192280
0.191234
0.191636
0.189886
0.189276
0.188603
0.188383
0.188968
0.191464
0.191654
0.191528
0.190897
0.187590
0.186480
0.190910
0.184988
0.188857
0.182398
0.184104
0.185189
0.186258
0.187748
0.187991
0.188484
0.192780
0.196601
0.196950
0.192352
0.194727
0.194008
0.193955
0.194513
0.191622
0.188450
0.188307
0.186891
0.186188
0.182714
0.182691
0.180841
0.182252
0.180325
0.181313
0.179408
0.177643
0.177790
0.177493
0.179024
0.179981
0.180672
0.180596
0.175446
0.174930
0.176859
0.176930
0.175615
0.174137
0.176962
0.176036
0.174613
0.177913
0.175465
0.175469
0.179432
0.181363
0.184583
0.184281
0.181946
0.179086
0.179600
0.181587
0.183645
0.183287
0.181879
0.181868
0.182418
0.183748
0.184476
0.184595
0.182376
0.182221
0.182984
0.182856
0.143050
0.138957
0.136763
0.136973
0.137831
0.134969
0.134524
0.134650
0.180026
0.158317
0.136184
0.133913
0.180568
0.186514
0.186457
0.186321
0.184189
0.186720
0.188608
0.188877
0.191444
0.197574
0.198028
0.198069
0.197736
0.202061
0.204202
0.207678
0.203348
0.206310
0.200910
0.201366
0.200498
0.202802
0.202654
0.203031
0.201166
0.200606
0.194124
0.193834
0.183232
0.182821
0.185377
0.185163
0.188209
0.186412
0.186217
0.185943
0.184611
0.184468
0.194329
0.184509
0.186401
0.183363
0.182535
0.182332
0.183091
0.183021
0.181301
0.183329
0.182436
0.179953
0.182702
0.182581
0.181841
0.182477
0.181724
0.180946
0.181409
0.181111
0.181393
0.181087
0.182220
0.181932
0.182806
0.180748
0.180166
0.176206
0.176409
0.175521
0.175797
0.178657
0.182959
0.178482
0.179268
0.175991
0.176084
0.176269
0.176593
0.176777
0.176141
0.176284
0.177277
0.176814
0.175855
0.176406
0.176769
0.174255
0.175046
0.174910
0.174695
0.175737
0.175533
0.178586
0.175916
0.178684
0.178754
0.178699
0.178724
0.178710
0.179016
0.178895
0.179098
0.179220
0.179257
0.179223
0.178741
0.167234
0.168994
0.169865
0.166637
0.167855
0.169532
0.169247
0.168159
0.168051
0.168019
0.166647
0.165939
0.163942
0.166071
0.166768
0.166641
0.168369
0.167032
0.166891
0.164743
0.166507
0.167659
0.168485
0.163433
0.165939
0.168244
0.167968
0.162829
0.168123
0.167322
0.167802
0.169240
0.169564
0.167311
0.169775
0.168281
0.170694
0.170526
0.170623
0.165267
0.165738
0.165968
0.166252
0.166647
0.166870
0.168021
0.167991
0.168251
0.168851
0.168270
0.167850
0.168063
0.176277
0.176008
0.175268
0.175945
0.140218
0.134417
0.138911
0.137484
0.141872
0.144320
0.145309
0.143659
0.144595
0.146740
0.145408
0.147655
0.144143
0.144902
0.151159
0.145389
0.144137
0.143048
0.142932
0.146570
0.145174
0.144381
0.144856
0.146511
0.144948
0.144910
0.150235
0.145392
0.144272
0.140687
0.141076
0.139222
0.132563
0.131221
0.130715
0.130230
0.135639
0.137603
0.137450
0.138986
0.135725
0.136620
0.135880
0.135948
0.137892
0.140148
0.135084
0.129512
0.126084
0.135860
0.135860
0.135006
0.134782
0.135501
0.135468
0.135732
0.135278
0.135998
0.135640
0.137056
0.138578
0.138790
0.139637
0.138607
0.138401
0.127766
0.137466
0.137695
0.133197
0.177093
0.177565
0.179403
0.164540
0.164647
0.166510
0.167408
0.165595
0.164859
0.164330
0.165176
0.144681
0.156826
0.156298
0.157078
0.161754
0.152935
0.159219
0.157170
0.147766
0.147568
0.147532
0.147659
0.174292
0.172214
0.166494
0.159634
0.168797
0.167471
0.169046
0.165546
0.160442
0.168260
0.167956
0.165645
0.165770
0.168834
0.167247
0.170781
0.177000
0.180015
0.179892
0.172118
0.168169
0.169045
0.168995
0.167290
0.173124
0.166078
0.165453
0.162124
0.165755
0.165981
0.168960
0.165412
0.156664
0.157074
0.157232
0.157775
0.157216
0.156835
0.156068
0.158031
0.142515
0.158586
0.158532
0.157451
0.174448
0.174168
0.173017
0.173809
0.179738
0.173059
0.173156
0.168016
0.170869
0.174992
0.179381
0.172660
0.166346
0.167084
0.166298
0.173336
0.178401
0.171281
0.170770
0.166194
0.162995
0.161453
0.162452
0.163916
0.161398
0.151639
0.152139
0.153545
0.152783
0.144681
0.145384
0.139483
0.132876
0.125399
0.125467
0.125504
0.126174
0.126294
0.126174
0.126475
0.126223
0.129176
0.129031
0.129178
0.129034
0.128654
0.128481
0.128792
0.128007
0.128742
0.128952
0.129065
0.128505
0.128482
0.126275
0.128767
0.128214
0.128406
0.128361
0.128440
0.128481
0.129406
0.129403
0.130080
0.129512
0.130122
0.129726
0.129532
0.130238
0.130183
0.130113
0.130117
0.129947
0.129415
0.130468
0.130149
0.129219
0.129109
0.129266
0.129126
0.129154
0.128715
0.129479
0.129479
0.129117
0.128672
0.128580
0.128828
0.129145
0.129365
0.129252
0.127327
0.128854
0.128320
0.129311
0.129494
0.128878
0.129203
0.128746
0.127114
0.127668
0.127369
0.129751
0.130172
0.129888
0.130293
0.130304
0.130762
0.130258
0.130708
0.130688
0.130326
0.130956
0.129627
0.129856
0.130308
0.129111
0.129222
0.129807
0.128941
0.129364
0.128591
0.128299
0.128146
0.128801
0.128579
0.128904
0.129068
0.128474
0.128513
0.128078
0.128665
0.128304
0.128071
0.127960
0.127641
0.128333
0.128178
0.127949
0.127840
0.128372
0.128306
0.127777
0.128005
0.127841
0.128200
0.127448
0.127963
0.128313
0.128891
0.127674
0.128619
0.127666
0.128628
0.128624
0.128931
0.129265
0.130177
0.129523
0.128890
0.131719
0.131400
0.131853
0.127718
0.129046
0.130533
0.130516
0.130820
0.128056
0.128996
0.128962
0.131375
0.130573
0.132789
0.132812
0.131765
0.132125
0.134073
0.134209
0.133799
0.133094
0.136147
0.135811
0.136038
0.137601
0.137125
0.137683
0.137779
0.138498
0.137626
0.137541
0.136830
0.137530
0.136202
0.136044
0.138511
0.136581
0.137928
0.138816
0.146146
0.145620
0.146286
0.148210
0.145231
0.144458
0.141854
0.141623
0.140445
0.139219
0.142359
0.143468
0.137127
0.136282
0.135744
0.137288
0.136867
0.138297
0.134872
0.135593
0.133775
0.132773
0.133229
0.132193
0.131386
0.131005
0.130857
0.130576
0.129872
0.130060
0.129103
0.128648
0.128193
0.126139
0.127461
0.127700
0.127514
0.126624
0.129338
0.128187
0.129698
0.127520
0.187388
0.186365
0.175539
0.170058
0.168526
0.171183
0.177585
0.169572
0.164477
0.161900
0.172442
0.172756
0.172680
0.173112
0.172871
0.173913
0.167297
0.167889
0.156187
0.154398
0.155523
0.164236
0.164438
0.154262
0.156730
0.157061
0.164098
0.163822
0.160769
0.157663
0.158959
0.157199
0.160106
0.157769
0.156979
0.159697
0.158256
0.156826
0.156684
0.155591
0.155329
0.155017
0.154512
0.154634
0.154699
0.164226
0.163835
0.162902
0.164089
0.165383
0.164851
0.163861
0.164923
0.166707
0.163554
0.174376
0.175006
0.172265
0.173906
0.175601
0.178001
0.171375
0.167554
0.154787
0.155075
0.153667
0.149703
0.156211
0.123770
0.125336
0.120306
0.125206
0.125028
0.124266
0.125411
0.141329
0.142379
0.135783
0.173226
0.168053
0.166731
0.106969
0.168525
0.166854
0.168530
0.167541
0.165826
0.134933
0.135555
0.133833
0.145071
0.163781
0.162360
0.162463
0.159081
0.155347
0.151602
0.139177
0.141742
0.142496
0.142535
0.132944
0.131024
0.133218
0.135995
0.132627
0.134943
0.131356
0.130627
0.125140
0.134601
0.133863
0.133647
0.132705
0.132286
0.133518
0.131876
0.129914
0.134746
0.134529
0.138711
0.133967
0.134324
0.136607
0.137501
0.129374
0.132867
0.129126
0.131184
0.126841
0.131975
0.129023
0.140371
0.131482
0.141311
0.137797
0.130297
0.138053
0.118870
0.134606
0.119249
0.118456
0.121285
0.121362
0.122916
0.123403
0.122697
0.121559
0.122036
0.121973
0.122276
0.116823
0.120562
0.120135
0.117992
0.122825
0.122646
0.119814
0.119312
0.120615
0.119987
0.119092
0.119624
0.118318
0.116751
0.115604
0.116424
0.116035
0.115664
0.114523
0.114371
0.114038
0.116697
0.115142
0.114951
0.115707
0.115979
0.116035
0.117291
0.112954
0.116270
0.112199
0.115980
0.113233
0.112665
0.114891
0.116106
0.115341
0.115015
0.114115
0.114712
0.113601
0.113779
0.113628
0.116620
0.118205
0.171708
0.181899
0.183497
0.182500
0.184029
0.182259
0.172562
0.174192
0.174527
0.173895
0.174273
0.184135
0.178738
0.184023
0.185644
0.174078
0.175197
0.178754
0.182489
0.182523
0.191024
0.177771
0.178399
0.195905
0.192870
0.177969
0.173215
0.173657
0.173727
0.175007
0.175129
0.174548
0.175067
0.174164
0.175300
0.174455
0.174353
0.177180
0.172772
0.175056
0.174170
0.175052
0.188632
0.187382
0.187405
0.184412
0.173829
0.174234
0.173960
0.174530
0.173816
0.181938
0.182565
0.168855
0.168206
0.168343
0.169054
0.169557
0.168077
0.169226
0.167175
0.169075
0.168336
0.169088
0.169135
0.169190
0.164234
0.167790
0.168697
0.167949
0.166952
0.169317
0.166849
0.167126
0.166504
0.167694
0.167214
0.167280
0.169867
0.170582
0.170163
0.170461
0.172835
0.172046
0.172530
0.172296
0.171720
0.172564
0.172350
0.171331
0.171230
0.168527
0.172520
0.171585
0.171616
0.171277
0.171900
0.172268
0.171246
0.172597
0.171382
0.171227
0.171197
0.169726
0.170475
0.170008
0.170689
0.162520
0.170562
0.161189
0.162975
0.167626
0.167300
0.163538
0.168633
0.167014
0.162647
0.165917
0.166968
0.165474
0.171466
0.170870
0.162999
0.163295
0.167281
0.160553
0.158849
0.163213
0.159233
0.158864
0.157575
0.162654
0.157891
0.157717
0.157279
0.157430
0.158167
0.161521
0.165586
0.166269
0.166483
0.157875
0.165182
0.167796
0.171094
0.167811
0.167505
0.159255
0.169009
0.159682
0.166009
0.154591
0.156542
0.158964
0.165247
0.160354
0.159660
0.156293
0.165404
0.165192
0.161090
0.161995
0.164899
0.165728
0.164275
0.164575
0.165755
0.164715
0.162505
0.166099
0.163201
0.165726
0.168330
0.163189
0.163454
0.166276
0.167256
0.166350
0.165951
0.166953
0.165850
0.165619
0.165680
0.165817
0.166006
0.166397
0.166779
0.166390
0.166116
0.166237
0.166805
0.165256
0.166455
0.164147
0.169156
0.169156
0.168887
0.168354
0.168150
0.167847
0.166737
0.165861
0.165688
0.166944
0.167440
0.167477
0.167220
0.166108
0.165865
0.166011
0.166103
0.164404
0.164557
0.165000
0.165118
0.163839
0.163134
0.162979
0.164938
0.163480
0.163224
0.164233
0.164979
0.163300
0.162538
0.165866
0.164914
0.163631
0.162906
0.161202
0.161185
0.164421
0.163316
0.164077
0.162910
0.164496
0.163228
0.163885
0.164300
0.164221
0.163631
0.164172
0.164145
0.164705
0.164552
0.164203
0.164210
0.165606
0.165352
0.163522
0.164522
0.162794
0.163048
0.162281
0.162681
0.162584
0.162727
0.162880
0.164035
0.161578
0.162477
0.163206
0.162821
0.164593
0.164643
0.165556
0.164486
0.163263
0.163767
0.164250
0.165160
0.164691
0.166285
0.163469
0.164001
0.167048
0.166473
0.166301
0.164405
0.168486
0.169146
0.168286
0.167882
0.166443
0.166519
0.166652
0.165634
0.103041
0.102857
0.097370
0.097065
0.099626
0.101361
0.102261
0.102622
0.101464
0.100576
0.100897
0.100731
0.099074
0.097612
0.098616
0.098550
0.096251
0.093868
0.095175
0.095207
0.095509
0.095802
0.095371
0.095604
0.095843
0.096077
0.095833
0.095878
0.094713
0.095442
0.096676
0.095795
0.096034
0.095477
0.095602
0.095898
0.096464
0.096366
0.096335
0.096998
0.095811
0.096080
0.099098
0.098781
0.098402
0.098406
0.098471
0.098690
0.098288
0.098157
0.098760
0.097706
0.096998
0.096652
0.097916
0.098078
0.099945
0.098517
0.098595
0.099971
0.099016
0.098505
0.103308
0.103147
0.103111
0.102953
0.102798
0.102793
0.102202
0.103066
0.103107
0.102673
0.103113
0.103520
0.103080
0.103488
0.103310
0.103777
0.098654
0.098667
0.098938
0.098723
0.099094
0.106448
0.113161
0.105534
0.108075
0.106024
0.106358
0.105764
0.113476
0.113482
0.113759
0.100783
0.114920
0.117616
0.102399
0.101862
0.102250
0.102263
0.101928
0.102349
0.102949
0.103357
0.103429
0.103073
0.101780
0.102018
0.101543
0.101527
0.101377
0.100925
0.100525
0.097883
0.098136
0.098901
0.098925
0.098799
0.099598
0.099439
0.098123
0.097243
0.096575
0.097238
0.098110
0.097402
0.097827
0.096592
0.096920
0.095283
0.095909
0.095765
0.096013
0.098093
0.096903
0.097032
0.098171
0.098237
0.097299
0.097014
0.097837
0.095575
0.095499
0.095515
0.094828
0.094529
0.094827
0.094586
0.095560
0.096503
0.095580
0.095501
0.096540
0.094159
0.094959
0.095035
0.093823
0.093423
0.093908
0.093330
0.093211
0.095151
0.094577
0.094842
0.095016
0.094855
0.095199
0.094961
0.095031
0.093827
0.095507
0.093517
0.096306
0.097756
0.096380
0.097417
0.097191
0.097243
0.097561
0.097070
0.096918
0.095374
0.096500
0.096649
0.096828
0.097234
0.096152
0.096210
0.096978
0.097891
0.098174
0.098330
0.097800
0.102742
0.104151
0.103311
0.103593
0.104439
0.106041
0.106299
0.105809
0.104186
0.105326
0.105714
0.104616
0.104002
0.097494
0.097486
0.103886
0.106512
0.106473
0.106112
0.105914
0.104679
0.107050
0.106996
0.104099
0.109037
0.106568
0.106155
0.100436
0.103647
0.100849
0.100876
0.102467
0.101701
0.098906
0.100234
0.100020
0.100716
0.103527
0.104020
0.107481
0.107062
0.106028
0.104138
0.105099
0.104503
0.103360
0.098402
0.097821
0.101488
0.100741
0.100128
0.100463
0.099796
0.102337
0.102434
0.100588
0.100650
0.102284
0.104463
0.100494
0.103559
0.103529
0.103600
0.103462
0.103264
0.101198
0.102412
0.100693
0.101876
0.099961
0.100518
0.101163
0.098583
0.099849
0.099694
0.099162
0.094592
0.094684
0.094628
0.092385
0.098979
0.099498
0.100084
0.098786
0.107198
0.115871
0.115918
0.116487
0.110723
0.114837
0.117396
0.114692
0.121617
0.121778
0.123110
0.116022
0.120135
0.109374
0.109341
0.105307
0.109703
0.115828
0.114346
0.115421
0.127049
0.131959
0.132069
0.127183
0.132094
0.128524
0.139526
0.130415
0.133524
0.107477
0.108162
0.114846
0.102878
0.108618
0.108667
0.106837
0.121445
0.112657
0.112661
0.113572
0.119563
0.113490
0.113460
0.113721
0.111389
0.122265
0.121559
0.118795
0.117787
0.112440
0.111875
0.113772
0.118834
0.111918
0.111386
0.118905
0.119659
0.120589
0.120261
0.119668
0.118432
0.118047
0.117688
0.118258
0.117475
0.111242
0.111001
0.110661
0.110672
0.111351
0.111520
0.110446
0.110441
0.110017
0.109766
0.109909
0.108152
0.110967
0.107928
0.107885
0.100112
0.110153
0.109948
0.116348
0.099136
0.145305
0.142454
0.139468
0.138514
0.129143
0.128933
0.118550
0.114286
0.124245
0.123010
0.122219
0.119182
0.114368
0.114538
0.111921
0.109987
0.105432
0.105390
0.102665
0.098898
0.126003
0.126130
0.108335
0.127973
0.098090
0.098173
0.100462
0.106845
0.098293
0.098168
0.110397
0.107797
0.099512
0.099625
0.101074
0.101005
0.102748
0.100516
0.102510
0.100065
0.108135
0.106160
0.104174
0.108130
0.107873
0.108105
0.104743
0.111193
0.110531
0.110414
0.114481
0.112325
0.109410
0.110901
0.111815
0.109035
0.110555
0.109788
0.108922
0.103729
0.104593
0.104301
0.101349
0.103799
0.105124
0.104392
0.099614
0.103472
0.105381
0.105426
0.101308
0.101645
0.100435
0.098566
0.100012
0.098453
0.100265
0.100463
0.100168
0.101016
0.106495
0.106774
0.107180
0.122426
0.120126
0.117923
0.120888
0.127158
0.128652
0.128491
0.128187
0.128435
0.128638
0.128300
0.127379
0.129631
0.130098
0.130387
0.129145
0.128581
0.135344
0.134120
0.133386
0.131483
0.130386
0.130235
0.131056
0.127017
0.129691
0.129918
0.129381
0.132064
0.129147
0.129013
0.127747
0.128321
0.131658
0.131823
0.130005
0.129704
0.126020
0.126086
0.125911
0.116667
0.119772
0.118200
0.104904
0.109720
0.110218
0.113507
0.115836
0.113069
0.119164
0.117328
0.116700
0.112805
0.114551
0.120313
0.120270
0.122373
0.118882
0.118480
0.122185
0.121955
0.118953
0.116253
0.115155
0.112515
0.113067
0.115297
0.114028
0.114388
0.112819
0.113032
0.113673
0.114528
0.117235
0.113615
0.114322
0.113394
0.112427
0.110541
0.111522
0.112657
0.112502
0.112281
0.109358
0.105874
0.105146
0.104519
0.100434
0.102166
0.095512
0.101160
0.098966
0.096338
0.096055
0.105593
0.095587
0.098625
0.096826
0.098019
0.110340
0.106957
0.076871
0.073036
0.069369
0.065468
0.072966
0.064722
0.066659
0.075513
0.101611
0.101014
0.101654
0.089812
0.095963
0.095639
0.099480
0.102867
0.103711
0.121408
0.085746
0.129980
0.157297
0.147020
0.148712
0.140245
0.130740
0.123301
0.146587
0.144332
0.141678
0.129463
0.132109
0.125386
0.126911
0.125107
0.136415
0.117321
0.125835
0.101476
0.107506
0.124272
0.115263
0.114277
0.124711
0.129900
0.131142
0.135583
0.140725
0.139928
0.139242
0.133945
0.133716
0.128829
0.122395
0.120818
0.119181
0.120890
0.119875
0.117018
0.118713
0.115996
0.121045
0.120745
0.129015
0.123029
0.120766
0.165874
0.168696
0.168260
0.175194
0.175882
0.179055
0.178461
0.181651
0.205680
0.208133
0.206461
0.200610
0.210813
0.208062
0.213233
0.214640
0.207451
0.210171
0.233356
0.220823
0.221309
0.221627
0.224164
0.220167
0.221602
0.219006
0.221898
0.220906
0.224402
0.225962
0.232746
0.236696
0.236789
0.234432
0.240722
0.243890
0.248887
0.245743
0.250258
0.251435
0.247948
0.250701
0.252835
0.250772
0.261692
0.262929
0.258447
0.265446
0.265565
0.264211
0.255341
0.258669
0.260901
0.262097
0.260541
0.261370
0.263095
0.271436
0.256142
0.254386
0.245570
0.235763
0.236896
0.213804
0.197577
0.192688
0.172032
0.166462
0.162593
0.152402
0.150042
0.150701
0.145687
0.136591
0.142184
0.131214
0.133530
0.131675
0.133054
0.135802
0.145271
0.142466
0.130583
0.136295
0.133206
0.137052
0.143022
0.133437
0.133026
0.134046
0.144096
0.143629
0.135068
0.145543
0.143375
0.146229
0.138292
0.132687
0.133496
0.129795
0.129385
0.134112
0.134667
0.131625
0.132964
0.133220
0.132423
0.129507
0.132446
0.131927
0.132692
0.133804
0.132139
0.132715
0.130448
0.135751
0.132964
0.135008
0.136065
0.138169
0.139509
0.137711
0.138112
0.155872
0.144454
0.146240
0.147138
0.147959
0.159244
0.160997
0.162504
0.160303
0.158232
0.160619
0.165896
0.160381
0.162367
0.163758
0.170837
0.188322
0.185628
0.190870
0.188412
0.191007
0.191294
0.190154
0.191308
0.198061
0.199960
0.205076
0.199675
0.203758
0.197877
0.207609
0.208236
0.205841
0.206893
0.209156
0.207970
0.215024
0.212494
0.211576
0.213392
0.214942
0.212372
0.215262
0.209195
0.218389
0.223273
0.226701
0.232150
0.227208
0.228241
0.229802
0.218855
0.240518
0.249404
0.254547
0.235394
0.233261
0.201264
0.201930
0.221668
0.236345
0.204236
0.224267
0.219744
0.222002
0.228707
0.228467
0.224679
0.232010
0.229253
0.235952
0.236505
0.239981
0.240297
0.236216
0.234561
0.205236
0.205570
0.206867
0.220856
0.243112
0.245673
0.247246
0.251911
0.252170
0.251684
0.252692
0.260860
0.262522
0.262702
0.262291
0.267881
0.267131
0.268839
0.267863
0.250260
0.255231
0.254711
0.260692
0.265968
0.262835
0.272070
0.263007
0.263282
0.277538
0.273268
0.264233
0.261961
0.263521
0.263082
0.270290
0.269483
0.272670
0.269531
0.268202
0.260341
0.269878
0.269359
0.260081
0.259116
0.261415
0.258323
0.261621
0.258677
0.258506
0.259775
0.264524
0.096756
0.097172
0.097946
0.096996
0.098860
0.099603
0.099313
0.101387
0.095757
0.096993
0.098232
0.095324
0.116582
0.110497
0.115382
0.122434
0.111918
0.094336
0.103451
0.106269
0.153905
0.153012
0.158791
0.159945
0.163238
0.156553
0.159057
0.156897
0.160349
0.160536
0.159406
0.167940
0.160607
0.165536
0.173138
0.173086
0.168709
0.167074
0.162994
0.163159
0.171588
0.169001
0.180530
0.180313
0.169728
0.183150
0.183367
0.184074
0.178316
0.166448
0.185298
0.183241
0.173572
0.160018
0.159324
0.162265
0.163393
0.162367
0.165594
0.166983
0.181854
0.184124
0.186443
0.185998
0.192169
0.198247
0.205070
0.204881
0.205083
0.204445
0.204723
0.204595
0.208834
0.210243
0.207809
0.207757
0.195978
0.198889
0.190453
0.190609
0.183997
0.182034
0.165216
0.165169
0.124783
0.125809
0.099394
0.101962
0.087859
0.117451
0.120968
0.121107
0.122633
0.122087
0.127463
0.126486
0.149383
0.150994
0.138941
0.139398
0.149257
0.150127
0.139897
0.139817
0.128868
0.152857
0.166616
0.168347
0.165173
0.163300
0.170463
0.170654
0.136663
0.129855
0.128355
0.131886
0.131214
0.123712
0.127035
0.126873
0.127208
0.127074
0.133276
0.130527
0.128974
0.146818
0.146948
0.146868
0.142886
0.139948
0.140925
0.137441
0.141444
0.141659
0.149409
0.150457
0.174510
0.173571
0.166626
0.167933
0.156811
0.155283
0.179477
0.173035
0.180660
0.175046
0.157747
0.157216
0.160685
0.161085
0.161477
0.161094
0.154727
0.155015
0.149187
0.144049
0.152738
0.174830
0.154864
0.154758
0.154176
0.168965
0.158418
0.159444
0.157127
0.154321
0.156541
0.155936
0.170262
0.168106
0.169973
0.174115
0.165835
0.203707
0.173224
0.174235
0.216253
0.213591
0.216781
0.216914
0.215694
0.216909
0.215268
0.214619
0.198404
0.170239
0.183474
0.183673
0.172571
0.175542
0.178327
0.178133
0.193146
0.187809
0.191980
0.193984
0.204333
0.178415
0.173675
0.173380
0.236633
0.192200
0.213271
0.213178
0.226483
0.226172
0.217614
0.217549
0.177521
0.156427
0.154931
0.155566
0.163526
0.161566
0.158999
0.158324
0.160704
0.140040
0.147512
0.148047
0.171595
0.166275
0.167821
0.167253
0.167793
0.150386
0.148655
0.148771
0.152604
0.150003
0.145992
0.148625
0.157484
0.147763
0.156463
0.156807
0.149762
0.151811
0.157829
0.158000
0.152594
0.141910
0.154907
0.155035
0.152920
0.162241
0.154998
0.156746
0.159123
0.172396
0.183112
0.183113
0.203060
0.189145
0.194221
0.193915
0.182039
0.143808
0.149481
0.148270
0.137190
0.126824
0.111220
0.111510
0.105262
0.125053
0.167028
0.167096
0.167952
0.133998
0.130528
0.130486
0.129752
0.141764
0.143333
0.143569
0.172400
0.167292
0.099352
0.099467
0.110550
0.099456
0.103502
0.103824
0.106792
0.108654
0.112049
0.111493
0.106774
0.142154
0.126507
0.131933
0.131242
0.128511
0.121454
0.120641
0.115417
0.116551
0.109749
0.108968
0.106696
0.107972
0.103811
0.105120
0.127274
0.122721
0.123927
0.123197
0.124592
0.122031
0.118819
0.116414
0.107083
0.113151
0.122896
0.126866
0.124458
0.123227
0.127100
0.124857
0.124639
0.118189
0.119255
0.116680
0.110767
0.124381
0.175348
0.173386
0.175539
0.176076
0.176356
0.175746
0.175588
0.175343
0.175604
0.176151
0.176262
0.180719
0.180390
0.181052
0.175530
0.181448
0.181728
0.180467
0.181399
0.186121
0.186198
0.186339
0.185018
0.185876
0.185409
0.185572
0.185560
0.186459
0.186329
0.186790
0.185154
0.186520
0.186591
0.187100
0.187513
0.186370
0.184541
0.185803
0.184417
0.179974
0.185276
0.185103
0.182766
0.181965
0.182840
0.181415
0.182648
0.188025
0.182253
0.182319
0.183713
0.182244
0.181952
0.181836
0.181956
0.179401
0.179377
0.179683
0.179506
0.180625
0.180600
0.181626
0.180746
0.181568
0.179287
0.181445
0.177117
0.177163
0.175864
0.174610
0.178176
0.173819
0.177126
0.176563
0.175642
0.186395
0.181376
0.180456
0.179243
0.176295
0.175193
0.175537
0.174083
0.173848
0.176597
0.176351
0.177002
0.166003
0.174527
0.168446
0.167417
0.199127
0.196047
0.196284
0.194708
0.196924
0.195924
0.195994
0.197248
0.196768
0.196863
0.196838
0.197001
0.196906
0.196321
0.196148
0.197329
0.196018
0.197858
0.197749
0.195798
0.196747
0.196573
0.196818
0.198326
0.197641
0.197642
0.197630
0.197052
0.197548
0.199120
0.197740
0.196953
0.196857
0.196923
0.197529
0.197468
0.197334
0.196597
0.196719
0.196727
0.196528
0.196535
0.196363
0.196280
0.196191
0.197932
0.197446
0.197289
0.197451
0.195667
0.200141
0.198345
0.196079
0.196510
0.196252
0.196370
0.198764
0.196096
0.196087
0.196187
0.199154
0.197335
0.200276
0.200978
0.201008
0.197845
0.197878
0.197244
0.196266
0.195616
0.195604
0.195394
0.194713
0.196370
0.195364
0.197022
0.198098
0.197662
0.197479
0.197360
0.196738
0.197927
0.197922
0.197202
0.198907
0.198771
0.195272
0.194198
0.195920
0.197727
0.197676
0.199773
0.201060
0.201192
0.199219
0.200013
0.200717
0.199889
0.199353
0.199472
0.201958
0.202256
0.201907
0.202026
0.200307
0.198785
0.199043
0.199686
0.202942
0.201057
0.201934
0.200773
0.200921
0.200602
0.200346
0.200513
0.198581
0.202563
0.202607
0.199171
0.198336
0.197132
0.197164
0.198242
0.195199
0.192389
0.192973
0.191059
0.188670
0.185458
0.185346
0.166366
0.166604
0.167814
0.167805
0.186837
0.188678
0.190728
0.190730
0.191140
0.191546
0.191879
0.191866
0.193321
0.194600
0.196183
0.190981
0.195161
0.195165
0.195047
0.195700
0.195886
0.195898
0.192511
0.192510
0.192945
0.193755
0.195206
0.192834
0.191941
0.191856
0.191658
0.191771
0.192662
0.191439
0.191416
0.191970
0.191376
0.191700
0.191877
0.191535
0.191329
0.164358
0.162688
0.163105
0.163201
0.160356
0.163355
0.166866
0.167886
0.167859
0.157165
0.157310
0.157131
0.156670
0.158792
0.158818
0.158871
0.159527
0.159094
0.159157
0.158342
0.159832
0.159584
0.159323
0.159118
0.159190
0.158738
0.159254
0.167704
0.162552
0.169583
0.169513
0.169297
0.163575
0.163254
0.163256
0.163183
0.163858
0.169436
0.163843
0.163778
0.162636
0.164139
0.163869
0.165604
0.164925
0.166196
0.169713
0.172850
0.172306
0.167370
0.169659
0.160619
0.159899
0.159360
0.159496
0.159699
0.158898
0.158799
0.158165
0.158632
0.158435
0.159749
0.159587
0.161384
0.160284
0.160502
0.161095
0.160695
0.161668
0.158890
0.158370
0.159418
0.158188
0.158363
0.159802
0.160238
0.159539
0.159718
0.160455
0.160637
0.160061
0.159912
0.159835
0.159878
0.159452
0.159740
0.159899
0.159321
0.159727
0.160004
0.165357
0.160118
0.160446
0.159766
0.160099
0.159722
0.159751
0.159490
0.160249
0.160187
0.159732
0.159828
0.160057
0.160086
0.159840
0.159413
0.160318
0.159648
0.159032
0.160539
0.160877
0.160041
0.161104
0.160862
0.160387
0.159975
0.160499
0.159803
0.159632
0.169183
0.170572
0.193163
0.169789
0.187308
0.190606
0.187516
0.187209
0.187850
0.186578
0.187481
0.187812
0.188769
0.190156
0.190653
0.187762
0.189976
0.189110
0.192121
0.191434
0.190429
0.191519
0.190610
0.189995
0.190422
0.190318
0.193220
0.189541
0.193056
0.190620
0.192167
0.191187
0.191345
0.190824
0.188211
0.191136
0.193019
0.178693
0.178703
0.179018
0.178817
0.191835
0.194014
0.178875
0.191307
0.186799
0.190705
0.182863
0.187103
0.191959
0.193022
0.189899
0.189939
0.181896
0.179097
0.190743
0.178950
0.193713
0.182387
0.182193
0.182189
0.182288
0.181898
0.186918
0.184086
0.194210
0.191268
0.183046
0.183116
0.194432
0.194462
0.188555
0.194380
0.190494
0.191004
0.190539
0.191227
0.189095
0.191210
0.189168
0.190897
0.191159
0.167994
0.168954
0.173744
0.192731
0.193555
0.171457
0.188752
0.170353
0.170710
0.191041
0.171924
0.158032
0.190868
0.191778
0.190791
0.169456
0.171882
0.174125
0.191310
0.172722
0.172420
0.193725
0.175074
0.171629
0.194967
0.176719
0.195623
0.194813
0.156396
0.157123
0.158624
0.171339
0.171170
0.174960
0.181954
0.198481
0.202860
0.212924
0.223895
0.238297
0.257264
0.268256
0.292969
0.302070
0.327276
0.327276
0.327276
0.327276
0.327276
0.327276
0.327276
0.327276
0.327276
0.327276
0.327276
0.327276
0.327276
0.327276
0.327276
0.327276
0.327276
0.327245
0.327253
0.321363
0.324284
0.321442
0.327256
0.327256
0.289023
0.285226
0.264624
0.244578
0.229286
0.214265
0.216003
0.211262
0.212615
0.216664
0.212251
0.204400
0.204939
0.204437
0.204412
0.211436
0.214353
0.214480
0.214428
0.214674
0.207201
0.204865
0.206566
0.204630
0.206048
0.205841
0.205840
0.205884
0.205836
0.201490
0.200950
0.206081
0.201801
0.200958
0.200963
0.200939
0.205628
0.206032
0.202963
0.205490
0.200975
0.201143
0.201565
0.201409
0.201312
0.205708
0.206027
0.205828
0.201047
0.200935
0.201010
0.201128
0.206033
0.207163
0.207276
0.206160
0.206155
0.205885
0.205894
0.210465
0.209476
0.208519
0.208767
0.210387
0.209613
0.210961
0.210471
0.209974
0.210734
0.209042
0.208735
0.205057
0.202475
0.200813
0.202193
0.206281
0.211014
0.202413
0.202424
0.201962
0.206827
0.207430
0.202595
0.210726
0.208520
0.208384
0.208089
0.211535
0.210995
0.211216
0.211305
0.210752
0.210462
0.209828
0.210155
0.211347
0.211683
0.211401
0.212698
0.211985
0.214881
0.214378
0.215647
0.213469
0.211706
0.212755
0.211916
0.210983
0.211757
0.211878
0.212134
0.212665
0.205534
0.205119
0.206123
0.205961
0.205364
0.205471
0.203189
0.211813
0.211852
0.203605
0.212675
0.206379
0.207228
0.211938
0.211865
0.211524
0.211317
0.211055
0.211083
0.211610
0.211428
0.211808
0.211504
0.211646
0.210671
0.211933
0.213571
0.211236
0.211155
0.211570
0.211236
0.211377
0.211806
0.211721
0.211007
0.211480
0.204744
0.203783
0.203329
0.203851
0.202671
0.203466
0.203551
0.212313
0.211864
0.212030
0.211790
0.212485
0.212105
0.212788
0.212185
0.203958
0.203836
0.204587
0.204155
0.215035
0.210947
0.204672
0.209808
0.204216
0.212225
0.214038
0.212868
0.203727
0.204615
0.212849
0.213152
0.213844
0.212234
0.212344
0.212360
0.212397
0.212890
0.212454
0.212744
0.212635
0.213336
0.213168
0.212954
0.213089
0.212463
0.211897
0.212089
0.211761
0.211528
0.212450
0.211857
0.212478
0.212650
0.212982
0.210694
0.204222
0.211811
0.211838
0.211753
0.211649
0.215056
0.211281
0.211543
0.211180
0.211778
0.211162
0.211351
0.211551
0.210812
0.211136
0.211149
0.210656
0.211725
0.210749
0.210703
0.212260
0.211144
0.211707
0.211670
0.212189
0.212356
0.212615
0.212418
0.212404
0.211425
0.211581
0.212048
0.212201
0.210357
0.212513
0.212395
0.211861
0.211279
0.212090
0.212077
0.212744
0.212257
0.212296
0.212358
0.212268
0.212595
0.212972
0.212739
0.203172
0.201501
0.202321
0.203243
0.213003
0.213037
0.213086
0.213112
0.214600
0.212735
0.214085
0.214689
0.202495
0.206084
0.205436
0.198105
0.207931
0.206667
0.207155
0.207032
0.206033
0.205273
0.205067
0.204175
0.206667
0.206035
0.207027
0.206921
0.207191
0.208288
0.208846
0.208149
0.209009
0.207983
0.208825
0.209077
0.210784
0.211334
0.208790
0.209939
0.213010
0.207215
0.207545
0.206270
0.207086
0.206564
0.206788
0.207927
0.215416
0.212100
0.211913
0.211786
0.214492
0.209359
0.207854
0.213975
0.217387
0.210687
0.212262
0.211602
0.210837
0.210383
0.209483
0.209505
0.202980
0.200743
0.195828
0.196113
0.198492
0.200130
0.199463
0.199964
0.207392
0.208178
0.245601
0.245049
0.213174
0.213068
0.210372
0.210272
0.212496
0.211708
0.211904
0.214502
0.211788
0.214145
0.211925
0.209874
0.212022
0.209002
0.211935
0.211104
0.209666
0.208547
0.210000
0.207807
0.208917
0.209408
0.218435
0.218314
0.218667
0.207501
0.208177
0.207839
0.208642
0.208535
0.207052
0.207591
0.192582
0.201658
0.184119
0.184253
0.186655
0.185512
0.192370
0.187521
0.187849
0.186977
0.199010
0.198405
0.191731
0.192733
0.191717
0.194480
0.193371
0.188206
0.188400
0.188764
0.184484
0.186305
0.183017
0.182948
0.186278
0.186917
0.187296
0.187400
0.186207
0.185841
0.186231
0.186340
0.186003
0.186616
0.185221
0.183673
0.186797
0.181609
0.180996
0.181064
0.175302
0.175535
0.176132
0.176236
0.174278
0.181476
0.182116
0.181565
0.179994
0.176515
0.174144
0.176397
0.173496
0.171838
0.175788
0.174990
0.173670
0.171278
0.170924
0.169617
0.169909
0.161917
0.164192
0.163802
0.165802
0.163678
0.163995
0.163975
0.161931
0.166020
0.165598
0.165557
0.161968
0.164604
0.163876
0.164061
0.163227
0.163847
0.163477
0.164089
0.163701
0.179077
0.180173
0.180487
0.164515
0.169509
0.176842
0.176609
0.175351
0.174724
0.151156
0.150199
0.142354
0.146364
0.147219
0.147355
0.145181
0.142838
0.164189
0.163748
0.140689
0.122563
0.105210
0.131984
0.153663
0.136651
0.154625
0.129257
0.150390
0.147576
0.110642
0.155740
0.120184
0.122258
0.138519
0.133329
0.133140
0.153755
0.128409
0.139347
0.154468
0.137715
0.138032
0.140952
0.139599
0.138942
0.138946
0.138165
0.132426
0.134645
0.102141
0.102025
0.131933
0.112218
0.106786
0.106753
0.110073
0.109592
0.110691
0.110318
0.112264
0.112803
0.111756
0.111794
0.106408
0.111454
0.114015
0.112936
0.114877
0.116633
0.119294
0.120350
0.115902
0.116625
0.121757
0.121220
0.108625
0.109096
0.109109
0.109011
0.108976
0.109125
0.108957
0.108667
0.108571
0.108655
0.123209
0.112898
0.113284
0.112903
0.110435
0.123578
0.109664
0.123640
0.124616
0.124156
0.125135
0.124370
0.124928
0.124473
0.112222
0.126640
0.126361
0.127139
0.127340
0.127043
0.125527
0.125898
0.125962
0.123014
0.125845
0.123470
0.127320
0.127129
0.127264
0.127603
0.127555
0.129891
0.128601
0.129081
0.118740
0.129912
0.129678
0.119323
0.130128
0.119758
0.121390
0.120601
0.130201
0.118064
0.134232
0.134595
0.134332
0.134838
0.138620
0.137405
0.136810
0.137070
0.137170
0.136765
0.137099
0.136858
0.137335
0.138330
0.138120
0.138790
0.136557
0.136622
0.130777
0.135625
0.137276
0.136877
0.137492
0.136099
0.134839
0.135764
0.133871
0.134100
0.133135
0.135503
0.132765
0.132358
0.140413
0.139830
0.132325
0.131681
0.133308
0.137747
0.141282
0.142113
0.133679
0.136005
0.135284
0.133660
0.136481
0.141229
0.136001
0.136650
0.136385
0.136244
0.136765
0.136834
0.137032
0.137118
0.137737
0.137588
0.132322
0.132451
0.132920
0.132632
0.132362
0.132301
0.137261
0.138253
0.138704
0.138529
0.140154
0.141148
0.140931
0.140958
0.140803
0.141079
0.141895
0.138407
0.139680
0.138719
0.142536
0.140541
0.141151
0.143383
0.144959
0.142802
0.145666
0.145885
0.141316
0.144315
0.141307
0.141131
0.141606
0.141799
0.141250
0.141926
0.136603
0.137281
0.134199
0.141999
0.142048
0.134665
0.139338
0.140222
0.134489
0.134830
0.145294
0.144617
0.144451
0.143445
0.138886
0.138673
0.142088
0.143389
0.143177
0.143911
0.143280
0.143153
0.144400
0.144390
0.144277
0.143891
0.144445
0.144332
0.146492
0.146646
0.146076
0.139167
0.135957
0.136098
0.134805
0.135202
0.135506
0.135915
0.135952
0.136921
0.136680
0.135351
0.137635
0.136677
0.117875
0.113031
0.116655
0.115605
0.112801
0.113041
0.112018
0.124147
0.127066
0.127075
0.128958
0.132321
0.140941
0.141277
0.111301
0.109317
0.107256
0.107298
0.111443
0.111765
0.123875
0.124097
0.120678
0.117631
0.125564
0.125733
0.079934
0.077339
0.086665
0.085906
0.065701
0.082357
0.084392
0.084357
0.079557
0.087963
0.072571
0.075671
0.084147
0.081618
0.078630
0.078745
0.084694
0.087063
0.090816
0.091251
0.091554
0.101619
0.115800
0.114648
0.117478
0.116079
0.137943
0.139618
0.136039
0.131124
0.138396
0.138494
0.140270
0.167522
0.146449
0.146759
0.142132
0.140762
0.135388
0.134809
0.131686
0.130754
0.126752
0.125602
0.108393
0.102947
0.104845
0.111729
0.117770
0.083474
0.126154
0.124092
0.128041
0.126014
0.127069
0.127689
0.123918
0.121936
0.122167
0.126214
0.122816
0.124501
0.121856
0.123581
0.121771
0.122485
0.121969
0.120975
0.121777
0.123588
0.122137
0.122730
0.122684
0.123586
0.123985
0.124520
0.123941
0.121604
0.115948
0.112041
0.110754
0.111785
0.108174
0.110400
0.109351
0.109677
0.113036
0.111886
0.119396
0.114598
0.114767
0.114439
0.118540
0.114119
0.120581
0.113152
0.114912
0.112775
0.114108
0.112807
0.117459
0.117780
0.118707
0.118916
0.117878
0.117196
0.113486
0.118176
0.117146
0.118709
0.115145
0.113704
0.115881
0.116794
0.117333
0.120989
0.121214
0.119203
0.125241
0.128605
0.127817
0.129742
0.129491
0.127743
0.129415
0.130680
0.129560
0.124850
0.113736
0.114359
0.114630
0.115338
0.115376
0.113998
0.114362
0.113289
0.116058
0.114616
0.115156
0.114090
0.114493
0.114662
0.115250
0.115520
0.114108
0.114923
0.115457
0.115582
0.115857
0.115232
0.116954
0.116030
0.118329
0.118802
0.117644
0.116495
0.116476
0.115667
0.114979
0.117040
0.116286
0.116301
0.114915
0.143797
0.142894
0.140746
0.140788
0.141499
0.144188
0.142227
0.143222
0.143862
0.144172
0.150955
0.148093
0.145243
0.153679
0.154439
0.154779
0.153666
0.145462
0.146826
0.137357
0.142819
0.140486
0.140904
0.148207
0.146348
0.149110
0.151305
0.150234
0.152239
0.126335
0.148356
0.146567
0.147646
0.147377
0.146780
0.149728
0.146001
0.142982
0.144934
0.147253
0.144989
0.145966
0.145952
0.145796
0.144771
0.143738
0.143320
0.144390
0.142059
0.143135
0.142394
0.143548
0.142701
0.141476
0.140293
0.140608
0.139576
0.139337
0.136518
0.144048
0.142540
0.121111
0.116402
0.117666
0.121744
0.124786
0.118003
0.119115
0.117878
0.117268
0.118443
0.119544
0.117248
0.113794
0.120960
0.124991
0.116012
0.119718
0.158981
0.120124
0.115191
0.157172
0.153974
0.154635
0.149034
0.143337
0.137207
0.137179
0.140019
0.147859
0.148107
0.147179
0.107588
0.145231
0.123350
0.127481
0.127403
0.127822
0.125689
0.125300
0.139233
0.120267
0.134507
0.142403
0.140921
0.138874
0.135856
0.133883
0.132354
0.129676
0.131779
0.132204
0.123268
0.123303
0.122994
0.123743
0.125839
0.122476
0.122362
0.127308
0.126232
0.128102
0.129950
0.132919
0.133784
0.136402
0.131496
0.129487
0.129909
0.129189
0.130173
0.130098
0.126895
0.122902
0.123015
0.119715
0.109372
0.122435
0.123615
0.107221
0.073191
0.080343
0.145676
0.146160
0.105703
0.105544
0.061415
0.063373
0.106119
0.132527
0.123761
0.121092
0.100073
0.100660
0.103417
0.105799
0.104280
0.104622
0.109153
0.113122
0.102149
0.100015
0.104821
0.108324
0.107499
0.106677
0.099793
0.103916
0.107117
0.107210
0.109588
0.088201
0.110013
0.109221
0.107037
0.106230
0.104855
0.104979
0.099149
0.131503
0.137079
0.134363
0.117681
0.112146
0.108665
0.103775
0.109846
0.108489
0.109952
0.111918
0.107629
0.115803
0.118071
0.118068
0.119668
0.115357
0.113069
0.105423
0.098216
0.095894
0.092276
0.094256
0.095452
0.093363
0.094773
0.093219
0.092918
0.091441
0.091792
0.092345
0.091018
0.094813
0.104208
0.104413
0.106339
0.107731
0.111282
0.112287
0.113983
0.114783
0.113708
0.114253
0.110712
0.111048
0.110464
0.111708
0.110969
0.110877
0.110667
0.110291
0.110394
0.110037
0.109935
0.108113
0.109292
0.104719
0.103862
0.104984
0.105643
0.103189
0.104807
0.106416
0.106552
0.108051
0.107892
0.110343
0.110707
0.109499
0.111111
0.109547
0.108834
0.107276
0.107344
0.065155
0.064045
0.067444
0.069041
0.074932
0.078171
0.075423
0.078988
0.084730
0.084370
0.077755
0.079047
0.081098
0.080153
0.073795
0.075064
0.113234
0.111012
0.109547
0.110424
0.110546
0.107489
0.082421
0.080565
0.081245
0.081097
0.080711
0.107862
0.108021
0.107369
0.069923
0.056587
0.056699
0.056798
0.055293
0.051564
0.051453
0.050826
0.096406
0.099475
0.099163
0.102355
0.124110
0.128205
0.128280
0.126193
0.134993
0.129423
0.130739
0.127930
0.131190
0.129733
0.129998
0.145304
0.138567
0.143353
0.141569
0.129478
0.130919
0.126372
0.126627
0.123381
0.120431
0.116159
0.113396
0.104414
0.093083
0.091572
0.091067
0.080249
0.081886
0.083003
0.082679
0.068307
0.063119
0.048768
0.047371
0.077821
0.072629
0.054559
0.054948
0.056511
0.050906
0.048263
0.048203
0.050802
0.055140
0.052476
0.050681
0.059231
0.057046
0.037410
0.037453
0.025259
0.024786
0.024126
0.023754
0.046662
0.047806
0.050134
0.049882
0.031462
0.033311
0.031938
0.034782
0.042704
0.031980
0.042497
0.043187
0.043461
0.047584
0.049257
0.049942
0.048474
0.047369
0.053179
0.052860
0.122570
0.123430
0.049816
0.046882
0.052814
0.049990
0.058358
0.049611
0.056296
0.059503
0.058070
0.057738
0.053769
0.054402
0.054696
0.054295
0.055291
0.087833
0.048833
0.080661
0.049357
0.071253
0.055107
0.061572
0.056817
0.054860
0.056263
0.056275
0.054010
0.052598
0.052017
0.052397
0.048100
0.047497
0.042493
0.042437
0.066898
0.046172
0.051238
0.065895
0.050204
0.049287
0.063029
0.051054
0.058060
0.060075
0.056923
0.057002
0.062388
0.053589
0.068961
0.069242
0.063107
0.069772
0.061212
0.063690
0.052036
0.054423
0.055586
0.090127
0.087212
0.069322
0.058031
0.057961
0.080044
0.071813
0.061408
0.061113
0.094506
0.057141
0.091707
0.091025
0.063452
0.064533
0.061321
0.061385
0.063497
0.058351
0.057666
0.057741
0.062787
0.062511
0.063980
0.064987
0.076941
0.056456
0.094525
0.094005
0.078741
0.086413
0.090583
0.089975
0.090483
0.090807
0.089690
0.089759
0.077069
0.090933
0.074572
0.074259
0.073653
0.075678
0.074145
0.073332
0.058853
0.055323
0.061727
0.058596
0.065381
0.064286
0.066151
0.062630
0.067154
0.064417
0.062620
0.057468
0.064686
0.058761
0.061119
0.061058
0.051594
0.049999
0.049614
0.049629
0.048741
0.049372
0.049008
0.049644
0.049723
0.050140
0.049209
0.049346
0.055579
0.065830
0.067224
0.062016
0.067431
0.064979
0.060110
0.068992
0.066121
0.063055
0.084498
0.084123
0.089931
0.095770
0.092988
0.092673
0.078459
0.069611
0.067705
0.067272
0.068473
0.182603
0.186281
0.185190
0.185639
0.188325
0.184460
0.185516
0.186645
0.153320
0.140027
0.141798
0.131161
0.137400
0.149929
0.150368
0.131973
0.149976
0.150745
0.151331
0.083412
0.084199
0.054928
0.060360
0.063295
0.059786
0.066447
0.066520
0.061859
0.056895
0.055526
0.054922
0.053245
0.066357
0.095685
0.097785
0.086885
0.134721
0.149241
0.148292
0.146781
0.180646
0.195248
0.194812
0.191084
0.189140
0.182764
0.183174
0.161598
0.205895
0.208330
0.207138
0.205505
0.208122
0.179489
0.197235
0.120459
0.099705
0.098076
0.097520
0.125871
0.154957
0.155443
0.154942
0.152573
0.049420
0.103165
0.094673
0.033818
0.028629
0.021650
0.021829
0.020343
0.020904
0.021286
0.021288
0.018706
0.012868
0.010664
0.010752
0.008613
0.003288
0.002944
0.002329
0.001776
0.000000
0.001837
0.001875
0.002459
0.003369
0.003655
0.003655
0.004596
0.004419
0.004745
0.004744
0.005750
0.006240
0.006387
0.006456
0.006793
0.007440
0.008080
0.008081
0.008407
0.009874
0.010138
0.010178
0.011217
0.011751
0.011519
0.011532
0.011214
0.011070
0.010896
0.010970
0.010885
0.010774
0.010468
0.010467
0.010085
0.010245
0.010213
0.009887
0.010839
0.010864
0.010503
0.010670
0.011271
0.012336
0.012446
0.012999
0.013250
0.014904
0.014837
0.014243
0.016040
0.016656
0.016559
0.016680
0.017100
0.016101
0.016822
0.016806
0.016228
0.020227
0.020081
0.021799
0.022726
0.023602
0.028442
0.028755
0.031458
0.033664
0.031843
0.032869
0.034946
0.034069
0.035057
0.034020
0.035584
0.036074
0.036309
0.035685
0.036143
0.034802
0.034403
0.034459
0.033929
0.033569
0.030721
0.031055
0.029000
0.028345
0.025929
0.026847
0.024972
0.023717
0.023952
0.023323
0.022512
0.022204
0.019789
0.019759
0.019039
0.018416
0.016056
0.016075
0.016257
0.015967
0.016062
0.016175
0.015765
0.014802
0.012425
0.012263
0.013384
0.012405
0.012855
0.012826
0.014802
0.014056
0.014602
0.014026
0.013439
0.013618
0.015617
0.016473
0.017126
0.020364
0.021655
0.021625
0.023055
0.024625
0.027105
0.026003
0.027645
0.035046
0.029078
0.030542
0.033760
0.037010
0.040600
0.040265
0.038445
0.041090
0.047613
0.048906
0.041497
0.041229
0.041893
0.041990
0.040075
0.041304
0.051156
0.053541
0.050982
0.036768
0.035037
0.035229
0.033829
0.034523
0.040098
0.040721
0.041303
0.034481
0.029158
0.028993
0.028061
0.026417
0.025113
0.024793
0.024285
0.024224
0.020490
0.020666
0.019338
0.017704
0.018213
0.018371
0.018336
0.017718
0.018001
0.017581
0.017457
0.017541
0.016813
0.016965
0.016530
0.018065
0.016302
0.016295
0.016823
0.016731
0.017711
0.017482
0.017629
0.016672
0.019197
0.019385
0.019325
0.019649
0.018876
0.018630
0.018710
0.020262
0.020305
0.020427
0.018478
0.018212
0.021663
0.021987
0.018891
0.020680
0.019621
0.019866
0.022468
0.021829
0.022789
0.022482
0.023086
0.024258
0.027213
0.027277
0.027702
0.026391
0.028239
0.028197
0.028970
0.028299
0.029302
0.029486
0.029331
0.028425
0.031550
0.030733
0.030526
0.030242
0.028984
0.027532
0.026421
0.028512
0.025535
0.026459
0.024424
0.024689
0.024040
0.023987
0.025124
0.024927
0.027381
0.027450
0.028202
0.027711
0.027019
0.027094
0.027299
0.028151
0.028114
0.028435
0.029158
0.028131
0.029755
0.030566
0.030224
0.030613
0.030714
0.031180
0.030753
0.029679
0.029169
0.029389
0.029713
0.029909
0.029640
0.029740
0.030370
0.030066
0.030325
0.029262
0.029989
0.029642
0.030922
0.031894
0.032676
0.033383
0.035247
0.034784
0.035337
0.034511
0.033424
0.031711
0.031829
0.031125
0.031351
0.031610
0.031513
0.032828
0.032619
0.032686
0.033654
0.034178
0.033914
0.034426
0.248369
0.245776
0.243133
0.242707
0.243133
0.242284
0.244159
0.244390
0.239457
0.248018
0.242362
0.240541
0.243537
0.237218
0.237913
0.236072
0.243993
0.237075
0.236485
0.239697
0.245245
0.244636
0.243723
0.242737
0.243626
0.243193
0.239835
0.241450
0.241649
0.241865
0.244630
0.243550
0.247514
0.246070
0.248171
0.250061
0.249104
0.246526
0.247426
0.240741
0.242445
0.239885
0.246068
0.239564
0.246563
0.243455
0.245696
0.247078
0.247401
0.246780
0.246602
0.249361
0.247065
0.248400
0.247648
0.248181
0.246494
0.241001
0.238941
0.239647
0.238777
0.245631
0.244232
0.242714
0.242705
0.241886
0.239213
0.241546
0.237512
0.238028
0.239439
0.241196
0.241167
0.225444
0.240946
0.238873
0.240330
0.237249
0.236501
0.236234
0.243694
0.232368
0.249245
0.247927
0.245862
0.247463
0.245656
0.248818
0.247641
0.245565
0.245083
0.241635
0.242463
0.239655
0.217912
0.246094
0.239216
0.245127
0.256212
0.254481
0.251930
0.248468
0.248872
0.239347
0.239934
0.236548
0.234761
0.226367
0.249545
0.250128
0.250794
0.255485
0.260425
0.256088
0.248920
0.250720
0.257088
0.253704
0.252929
0.231173
0.226772
0.227126
0.231692
0.223559
0.223668
0.238027
0.233399
0.232574
0.220427
0.217444
0.207904
0.213565
0.206571
0.190060
0.186717
0.192295
0.190318
0.169275
0.167900
0.160955
0.182078
0.146471
0.166601
0.185314
0.170758
0.172394
0.193551
0.192747
0.204534
0.207019
0.212342
0.191301
0.196645
0.202956
0.219014
0.220821
0.226198
0.224539
0.214752
0.211657
0.202011
0.204628
0.204770
0.197742
0.205172
0.201475
0.206754
0.208732
0.203197
0.210569
0.204012
0.209996
0.190859
0.196652
0.196912
0.188048
0.196316
0.202644
0.226399
0.194700
0.203390
0.200099
0.198459
0.210027
0.208433
0.200906
0.197639
0.205121
0.202016
0.199809
0.199527
0.206268
0.207115
0.210161
0.209776
0.202657
0.211689
0.211617
0.208375
0.214942
0.220049
0.220546
0.220372
0.224087
0.212124
0.203113
0.199293
0.193752
0.189485
0.185089
0.185633
0.190189
0.187176
0.192944
0.178841
0.178440
0.183127
0.178992
0.200468
0.200358
0.184193
0.176683
0.204033
0.179025
0.184582
0.190207
0.190494
0.191506
0.194194
0.193273
0.197318
0.200528
0.211553
0.211070
0.212862
0.209527
0.206850
0.205222
0.205555
0.207508
0.201344
0.205244
0.204474
0.207657
0.193312
0.194634
0.191479
0.198764
0.203046
0.192093
0.199176
0.191754
0.198698
0.224810
0.219204
0.223773
0.218777
0.229808
0.234229
0.224079
0.225235
0.224320
0.220739
0.221216
0.230875
0.221716
0.221277
0.219294
0.231462
0.229922
0.235954
0.227995
0.221167
0.230152
0.217810
0.218017
0.219110
0.219298
0.215917
0.218734
0.223612
0.218837
0.215052
0.217957
0.224040
0.203182
0.227311
0.217874
0.211704
0.210889
0.208201
0.207485
0.219590
0.212150
0.215142
0.217782
0.214036
0.211117
0.225965
0.230916
0.228139
0.228474
0.232150
0.230478
0.228042
0.223717
0.231425
0.222434
0.233830
0.233565
0.238450
0.242587
0.231563
0.236492
0.238336
0.227865
0.243958
0.250894
0.237978
0.240194
0.238850
0.241624
0.245849
0.248459
0.239151
0.236761
0.237895
0.248586
0.240747
0.240693
0.237905
0.239784
0.239053
0.234858
0.238423
0.244107
0.247311
0.247534
0.250499
0.249864
0.249468
0.233612
0.263504
0.246950
0.216650
0.217442
0.214399
0.210354
0.209546
0.214387
0.211735
0.216415
0.213881
0.167702
0.168143
0.226533
0.210795
0.206119
0.211063
0.217599
0.215699
0.217301
0.216997
0.228760
0.226149
0.235752
0.239698
0.242114
0.243015
0.241643
0.248054
0.235539
0.233155
0.327174
0.321316
0.321316
0.321316
0.321316
0.321322
0.321322
0.321322
0.321308
0.321307
0.321307
0.321307
0.321307
0.321307
0.321307
0.321307
0.321307
0.321307
0.321307
0.321307
0.321307
0.321307
0.321307
0.321307
0.321307
0.321307
0.321307
0.321307
0.321307
0.321307
0.321307
0.321307
0.321307
0.321307
0.321307
0.321307
0.321307
0.321307
0.321307
0.321307
0.321307
0.321307
0.321307
0.321307
0.321307
0.321307
0.321309
0.321309
0.321309
0.321309
0.321309
0.321305
0.321309
0.321309
0.321309
0.321309
0.321309
0.321309
0.321309
0.321309
0.321309
0.321309
0.321309
0.321309
0.321309
0.321309
0.321309
0.321309
0.321309
0.321309
0.321309
0.321309
0.321309
0.321309
0.321309
0.321309
0.321309
0.321309
0.321309
0.321309
0.321307
0.321306
0.321305
0.321305
0.321303
0.321300
0.321303
0.321300
0.321301
0.321302
0.321303
0.321304
0.321305
0.321306
0.327150
0.327151
0.327157
0.327158
0.327162
0.327169
0.327169
0.327171
0.327179
0.327180
0.327184
0.327189
0.327189
0.327196
0.327202
0.327203
0.327206
0.327211
0.327218
0.327225
0.327239
0.327242
0.327251
0.327262
0.327270
0.327270
0.327276
0.327276
0.327276
0.327276
0.327276
0.327276
0.327276
0.327276
0.233828
0.229673
0.234404
0.233851
0.222433
0.216659
0.219948
0.221884
0.244011
0.242736
0.238391
0.241773
0.171935
0.170085
0.171763
0.173255
0.175454
0.175102
0.166198
0.167469
0.159865
0.168118
0.162177
0.163357
0.170309
0.168691
0.165111
0.165132
0.174045
0.174903
0.172971
0.172982
0.166010
0.179329
0.183530
0.183074
0.166253
0.172699
0.181221
0.181657
0.198152
0.165960
0.172272
0.172219
0.181005
0.204807
0.198807
0.198784
0.250038
0.249695
0.241871
0.241903
0.258900
0.241038
0.242512
0.241550
0.238838
0.254993
0.251433
0.252643
0.176955
0.178561
0.189926
0.189880
0.252722
0.242327
0.240725
0.240798
0.242932
0.233984
0.238394
0.238543
0.237768
0.239843
0.181368
0.240994
0.243319
0.246336
0.245950
0.246193
0.242706
0.180532
0.248385
0.249252
0.216379
0.262017
0.265287
0.282085
0.277433
0.178385
0.187428
0.186719
0.170073
0.247978
0.231990
0.232280
0.227337
0.195318
0.197387
0.199286
0.203794
0.182072
0.195571
0.195138
0.205183
0.209645
0.215997
0.209961
0.222481
0.283534
0.293584
0.296565
0.302054
0.208898
0.211610
0.212086
0.207860
0.187341
0.200081
0.200481
0.193455
0.198151
0.180609
0.179132
0.180763
0.188420
0.183116
0.182136
0.188971
0.229119
0.301685
0.301673
0.247348
0.254765
0.250371
0.246022
0.271235
0.252111
0.246600
0.236454
0.233291
0.175485
0.175718
0.174570
0.168836
0.177192
0.179230
0.179031
0.181216
0.180448
0.183050
0.180273
0.186418
0.183147
0.184639
0.184573
0.189603
0.188342
0.290537
0.288534
0.290611
0.261067
0.258192
0.258391
0.257170
0.228896
0.216064
0.216242
0.207257
0.202414
0.215999
0.214491
0.216274
0.255700
0.198596
0.196234
0.186508
0.235693
0.266178
0.270331
0.271161
0.213993
0.212131
0.212191
0.219515
0.228391
0.225762
0.227487
0.260921
0.296961
0.295019
0.294625
0.291729
0.285593
0.256090
0.256371
0.242675
0.218838
0.220193
0.212913
0.211159
0.196380
0.193092
0.193698
0.190257
0.182368
0.180447
0.180134
0.168365
0.166785
0.158832
0.159595
0.164781
0.172839
0.183350
0.181958
0.181573
0.178016
0.180500
0.178654
0.192417
0.244641
0.184050
0.221355
0.231969
0.287267
0.195142
0.197713
0.175290
0.235881
0.244904
0.245046
0.236420
0.237370
0.253597
0.253173
0.231269
0.229226
0.245161
0.245064
0.246713
0.230857
0.223674
0.223803
0.235440
0.253116
0.267008
0.266416
0.262345
0.255404
0.253038
0.253075
0.253120
0.269667
0.263745
0.265752
0.266605
0.225103
0.250248
0.250019
0.246220
0.244621
0.226109
0.238132
0.228528
0.234415
0.235322
0.235725
0.231367
0.233147
0.260463
0.260165
0.258049
0.260152
0.261415
0.251986
0.235903
0.236521
0.210904
0.204404
0.207280
0.206271
0.208346
0.210231
0.223464
0.197706
0.202486
0.197164
0.182995
0.188514
0.233314
0.229875
0.174843
0.239717
0.260981
0.257833
0.254439
0.250063
0.251263
0.252929
0.256605
0.257279
0.256689
0.257267
0.247410
0.245672
0.244966
0.245702
0.250877
0.257877
0.250187
0.247179
0.255467
0.253764
0.283109
0.285557
0.285589
0.282196
0.253702
0.276219
0.253469
0.232197
0.234668
0.234168
0.165429
0.277021
0.156327
0.156742
0.266430
0.236949
0.237235
0.237955
0.246267
0.233922
0.281629
0.279369
0.269993
0.284238
0.291567
0.293142
0.286728
0.261515
0.270583
0.271701
0.264305
0.279728
0.277668
0.277674
0.272685
0.281341
0.271599
0.271428
0.271562
0.265554
0.264873
0.262684
0.265132
0.260684
0.264616
0.263152
0.271853
0.272358
0.266427
0.265945
0.268362
0.270131
0.277491
0.280990
0.281053
0.277378
0.277912
0.277297
0.276616
0.278962
0.283652
0.287115
0.287153
0.281738
0.285742
0.288093
0.287122
0.286509
0.293164
0.292191
0.292606
0.294582
0.288736
0.286502
0.286354
0.291906
0.288737
0.286532
0.281103
0.270737
0.270462
0.270042
0.272339
0.270487
0.254176
0.254355
0.259139
0.261154
0.270527
0.271043
0.269741
0.271224
0.250059
0.276123
0.258724
0.249137
0.258576
0.258209
0.252317
0.262289
0.254986
0.266000
0.265033
0.250727
0.255351
0.257709
0.255165
0.257916
0.256329
0.241737
0.244639
0.241711
0.246041
0.243780
0.240452
0.239413
0.235374
0.235082
0.234812
0.243114
0.251322
0.250066
0.244118
0.236149
0.253546
0.254104
0.250010
0.250439
0.239424
0.239916
0.235111
0.235411
0.232204
0.235401
0.210387
0.208723
0.197882
0.202341
0.191712
0.196208
0.210650
0.213541
0.209499
0.178079
0.176562
0.177575
0.188924
0.216810
0.245465
0.248663
0.233672
0.209872
0.233538
0.234145
0.204622
0.224364
0.222260
0.249268
0.237850
0.239718
0.264726
0.252290
0.253910
0.254701
0.261715
0.273963
0.271721
0.274547
0.276310
0.275090
0.276320
0.276985
0.269444
0.244816
0.250345
0.258419
0.261403
0.258266
0.242926
0.246281
0.247766
0.243189
0.241001
0.242830
0.251105
0.243681
0.246837
0.253690
0.256594
0.256813
0.258882
0.257825
0.258731
0.250816
0.241818
0.248452
0.240893
0.240734
0.241099
0.227393
0.242579
0.237834
0.228540
0.241479
0.232817
0.213414
0.219137
0.211663
0.203752
0.215059
0.212148
0.206928
0.221011
0.222636
0.212286
0.217046
0.217074
0.216219
0.216041
0.216015
0.218840
0.229251
0.229542
0.230102
0.214672
0.216937
0.214334
0.225671
0.217813
0.162021
0.190002
0.170921
0.167657
0.276277
0.258115
0.243388
0.260386
0.267317
0.273346
0.261998
0.259929
0.248998
0.264211
0.264305
0.217940
0.253780
0.231772
0.242310
0.287279
0.284750
0.281412
0.283390
0.279962
0.244231
0.254127
0.269248
0.279745
0.299015
0.203629
0.223085
0.230927
0.224935
0.228766
0.222536
0.238994
0.228775
0.238045
0.220402
0.244147
0.206464
0.206271
0.197552
0.265422
0.271218
0.271930
0.246422
0.230311
0.245774
0.179230
0.181383
0.190517
0.216005
0.221048
0.211667
0.256255
0.193715
0.201497
0.191369
0.191854
0.222436
0.194943
0.230112
0.226808
0.228423
0.223578
0.239187
0.261968
0.256371
0.234139
0.238246
0.234338
0.213340
0.242831
0.192365
0.273013
0.254492
0.260496
0.258965
0.252200
0.257650
0.268018
0.239341
0.271175
0.270140
0.232429
0.235617
0.247886
0.260596
0.279830
0.281284
0.283992
0.289236
0.296826
0.299661
0.288416
0.285668
0.283586
0.286756
0.274761
0.271432
0.291796
0.280180
0.284806
0.275207
0.280325
0.201364
0.199659
0.201489
0.177991
0.168507
0.172136
0.168696
0.168833
0.168000
0.174576
0.173815
0.172338
0.181945
0.175792
0.296797
0.301445
0.312224
0.306073
0.310641
0.301552
0.305983
0.310130
0.315958
0.314176
0.317153
0.316151
0.317330
0.316551
0.318539
0.313923
0.314325
0.318890
0.319222
0.318522
0.318345
0.318438
0.318263
0.316365
0.318133
0.277326
0.293168
0.297566
0.294964
0.295796
0.302891
0.304811
0.306870
0.311331
0.309421
0.300254
0.295553
0.301518
0.308004
0.309829
0.308499
0.290176
0.282405
0.286343
0.289005
0.314404
0.302739
0.292446
0.302952
0.310952
0.306706
0.304871
0.307813
0.311023
0.305899
0.313844
0.308353
0.311204
0.305938
0.304787
0.286759
0.277518
0.277831
0.283208
0.282296
0.291417
0.286868
0.320584
0.321529
0.319060
0.317751
0.316036
0.316187
0.318271
0.311379
0.310277
0.217700
0.218397
0.219188
0.216949
0.215909
0.216317
0.216271
0.216687
0.215620
0.216076
0.215418
0.217784
0.215761
0.215308
0.215524
0.216038
0.217162
0.217470
0.216946
0.217216
0.216785
0.216706
0.217214
0.216906
0.217127
0.217229
0.216468
0.216706
0.215753
0.216729
0.216704
0.217313
0.215754
0.214416
0.214812
0.216438
0.214103
0.208756
0.208794
0.207948
0.208274
0.208570
0.209164
0.214922
0.214337
0.213298
0.214278
0.213206
0.212736
0.213916
0.205943
0.212834
0.213350
0.213451
0.204347
0.212759
0.205071
0.205534
0.204564
0.204646
0.204281
0.205545
0.205698
0.206527
0.205997
0.206213
0.204944
0.204813
0.205141
0.206159
0.204761
0.205117
0.204299
0.205463
0.205174
0.203911
0.203624
0.204191
0.200733
0.201607
0.201137
0.201598
0.200949
0.203101
0.201871
0.204532
0.204401
0.205046
0.204542
0.204314
0.204722
0.205464
0.203644
0.205399
0.204449
0.205080
0.205297
0.203756
0.204331
0.204399
0.205362
0.202851
0.202240
0.202570
0.202966
0.203498
0.203101
0.203602
0.201875
0.202387
0.203628
0.203421
0.204292
0.203218
0.202503
0.203159
0.203033
0.205069
0.204198
0.205949
0.206571
0.205531
0.206098
0.205515
0.205267
0.207862
0.207170
0.208636
0.210019
0.210201
0.214014
0.213246
0.214797
0.215007
0.217840
0.218539
0.222490
0.222532
0.224463
0.225093
0.225697
0.225456
0.228350
0.228493
0.231326
0.231600
0.233460
0.236562
0.237160
0.237374
0.240363
0.241305
0.244252
0.244490
0.250858
0.251219
0.254834
0.255530
0.257948
0.260063
0.263586
0.264029
0.266787
0.268106
0.271502
0.270992
0.273796
0.276541
0.280263
0.280596
0.284312
0.286520
0.291098
0.291853
0.295833
0.298359
0.303121
0.302658
0.308471
0.311927
0.315179
0.315381
0.321953
0.325130
0.327276
0.327276
0.327276
0.327276
0.327276
0.327276
0.327276
0.327276
0.327276
0.327276
0.327276
0.327276
0.327276
0.327276
0.327276
0.327276
0.327276
0.327276
0.327276
0.327276
0.327276
0.327276
0.327276
0.327276
0.327276
0.327276
0.327276
0.327276
0.327276
0.327276
0.327276
0.327276
0.327276
0.327276
0.327276
0.327276
0.327276
0.327276
0.327276
0.327276
0.327276
0.327276
0.327276
0.327276
0.327276
0.327276
0.327276
0.327276
0.327276
0.327276
0.327276
0.327276
0.327276
0.327276
0.327276
0.327276
0.327276
0.327276
0.327276
0.327276
0.327276
0.327276
0.327276
0.327276
0.327276
0.327276
0.327276
0.327276
0.327276
0.327276
0.327276
0.327276
