0.130636
0.046816
0.028935
0.033321
0.035210
0.035120
0.033176
0.033118
0.034763
0.035057
0.035456
0.035733
0.036740
0.036249
0.035564
0.035597
0.036180
0.035964
0.035792
0.035639
0.034599
0.034950
0.034886
0.034788
0.034683
0.035451
0.035338
0.035905
0.035610
0.035489
0.036023
0.034987
0.036341
0.036262
0.032954
0.033695
0.038731
0.038989
0.042136
0.045450
0.044326
0.042577
0.035513
0.032962
0.030189
0.032216
0.032994
0.033275
0.031698
0.032847
0.032218
0.031055
0.029661
0.027973
0.026897
0.028734
0.030175
0.031668
0.033789
0.032119
0.040895
0.042746
0.046132
0.048206
0.051149
0.048658
0.047536
0.046423
0.046270
0.045889
0.045712
0.046634
0.047237
0.046682
0.047014
0.045275
0.046077
0.047067
0.042890
0.037242
0.031507
0.026979
0.024562
0.024242
0.031107
0.032778
0.033554
0.035023
0.034515
0.035766
0.034374
0.032680
0.033277
0.033852
0.034094
0.035066
0.034909
0.034060
0.033599
0.034609
0.033118
0.033138
0.032479
0.032923
0.033784
0.033406
0.032998
0.033391
0.033412
0.032569
0.033597
0.033028
0.032695
0.031215
0.031786
0.031820
0.032274
0.032589
0.032428
0.030902
0.031009
0.032276
0.033498
0.032340
0.032531
0.032759
0.032953
0.031866
0.031734
0.031324
0.031819
0.030232
0.030320
0.029273
0.030262
0.029716
0.030571
0.030609
0.030781
0.030554
0.030695
0.030486
0.030991
0.030506
0.029947
0.029784
0.030933
0.030964
0.030990
0.031014
0.031082
0.029925
0.031098
0.031590
0.031625
0.031572
0.034214
0.034588
0.033661
0.033302
0.032837
0.033428
0.033003
0.032997
0.033707
0.032991
0.032885
0.033550
0.033486
0.033176
0.033541
0.035492
0.034752
0.034107
0.034915
0.035876
0.036996
0.036848
0.034002
0.033650
0.033206
0.032801
0.033284
0.565549
0.519392
0.532070
0.448573
0.381441
0.375437
0.375140
0.382866
0.367580
0.339928
0.328912
0.311979
0.300500
0.294401
0.300180
0.282562
0.293631
0.286536
0.262834
0.267884
0.284262
0.288481
0.283382
0.269843
0.269848
0.270545
0.272630
0.272627
0.271596
0.270718
0.272010
0.269575
0.269925
0.272078
0.269912
0.269274
0.271414
0.253601
0.257982
0.251574
0.256299
0.255703
0.257544
0.256823
0.257612
0.256568
0.256962
0.253719
0.253641
0.260722
0.262093
0.267710
0.272637
0.293041
0.270476
0.265261
0.291136
0.292242
0.307105
0.315690
0.310143
0.346541
0.371943
0.375817
0.397229
0.387841
0.387808
0.423782
0.425938
0.425774
0.445266
0.472547
0.480061
0.486266
0.469356
0.455005
0.447341
0.426396
0.387791
0.446930
0.404375
0.403048
0.400091
0.405183
0.399022
0.393558
0.377773
0.375242
0.378156
0.359425
0.355245
0.349017
0.346635
0.335136
0.341226
0.344356
0.345760
0.345377
0.336063
0.355194
0.351919
0.360914
0.361954
0.359836
0.363069
0.368778
0.361940
0.364344
0.366846
0.366689
0.367497
0.366913
0.367925
0.367070
0.367161
0.367297
0.367276
0.367516
0.367086
0.367594
0.366576
0.366777
0.366609
0.366716
0.366736
0.366871
0.366793
0.366863
0.366864
0.366864
0.366864
0.385194
0.408480
0.429173
0.454666
0.480568
0.501766
0.525740
0.519543
0.495386
0.506627
0.503025
0.501630
0.500386
0.501164
0.499559
0.499344
0.499345
0.499344
0.499317
0.499317
0.499317
0.499317
0.483789
0.483789
0.483789
0.483789
0.483789
0.483789
0.483789
0.483789
0.483712
0.483587
0.483587
0.483588
0.483571
0.483627
0.483628
0.483628
0.483626
0.483635
0.483757
0.483773
0.483730
0.483732
0.483656
0.483656
0.483652
0.483093
0.483109
0.483109
0.483109
0.483098
0.483098
0.483098
0.483766
0.483766
0.483766
0.483766
0.474291
0.458030
0.191456
0.079380
0.060202
0.059061
0.059221
0.059111
0.058238
0.061170
0.060689
0.061198
0.057801
0.060527
0.062299
0.057829
0.060249
0.059784
0.059698
0.057366
0.058648
0.058297
0.059925
0.058588
0.059461
0.057227
0.055832
0.055388
0.056148
0.055517
0.059904
0.058344
0.061886
0.064057
0.066379
0.072397
0.068442
0.065137
0.065758
0.067439
0.065692
0.069924
0.068264
0.068771
0.072788
0.072776
0.071070
0.071911
0.072761
0.072573
0.072731
0.069430
0.070411
0.070692
0.070823
0.070708
0.071978
0.072792
0.071572
0.072062
0.072231
0.072652
0.071347
0.072962
0.071760
0.079974
0.076523
0.078617
0.076638
0.082840
0.080042
0.077221
0.075374
0.077074
0.080629
0.082875
0.082429
0.081640
0.082184
0.078011
0.084315
0.081340
0.084455
0.085062
0.081988
0.081552
0.082859
0.086989
0.091248
0.093189
0.091108
0.090318
0.087752
0.087385
0.084916
0.084938
0.082922
0.078534
0.079197
0.079507
0.082786
0.087186
0.080025
0.082738
0.083312
0.085566
0.085073
0.080575
0.079833
0.085254
0.081554
0.081140
0.078948
0.077912
0.078559
0.078689
0.077659
0.077878
0.076984
0.075849
0.078137
0.078032
0.078503
0.078329
0.016119
0.016530
0.016700
0.016308
0.016886
0.017140
0.017053
0.017951
0.018157
0.018262
0.018062
0.019276
0.019629
0.020359
0.020236
0.020023
0.019912
0.019713
0.019926
0.020212
0.019290
0.018893
0.019046
0.019089
0.018691
0.019320
0.018910
0.018947
0.018715
0.018211
0.018430
0.019209
0.019167
0.021873
0.022286
0.021689
0.020442
0.021106
0.020544
0.020675
0.083149
0.079364
0.086886
0.078730
0.088025
0.101648
0.087708
0.091144
0.080366
0.092514
0.079464
0.081715
0.097127
0.082466
0.085998
0.084932
0.078570
0.086468
0.084663
0.092602
0.075964
0.090488
0.078096
0.074513
0.077855
0.077731
0.078068
0.081692
0.081834
0.081906
0.081765
0.075509
0.086753
0.090254
0.097082
0.090539
0.091142
0.092398
0.084265
0.085220
0.083550
0.084563
0.084729
0.087035
0.089045
0.088177
0.092057
0.094934
0.090028
0.091681
0.093308
0.084995
0.084664
0.089248
0.087835
0.087619
0.084561
0.082714
0.078349
0.077116
0.075419
0.083601
0.085322
0.069593
0.074247
0.067037
0.072309
0.077146
0.075628
0.069462
0.073019
0.080706
0.081757
0.082006
0.083022
0.084044
0.082283
0.078904
0.077064
0.080102
0.081236
0.079236
0.077758
0.077519
0.074105
0.077830
0.078715
0.011693
0.012909
0.012898
0.012871
0.012010
0.011956
0.012392
0.012552
0.012154
0.011320
0.010874
0.009905
0.009510
0.009155
0.009082
0.008946
0.009408
0.009027
0.009713
0.009796
0.009896
0.009792
0.009436
0.010805
0.010249
0.010882
0.010398
0.010528
0.010328
0.010095
0.010091
0.010427
0.010874
0.010537
0.009961
0.010064
0.008471
0.008123
0.008182
0.007873
0.007970
0.008192
0.008740
0.008603
0.009172
0.010147
0.009654
0.011122
0.010287
0.010654
0.010749
0.011005
0.010177
0.011150
0.011815
0.011893
0.011929
0.011828
0.011605
0.011676
0.011027
0.010520
0.010207
0.010274
0.009678
0.081331
0.079973
0.073385
0.076118
0.077119
0.079836
0.075922
0.071692
0.073115
0.079765
0.078963
0.084616
0.087180
0.067949
0.064919
0.072048
0.072454
0.073025
0.072738
0.069005
0.073262
0.072300
0.076922
0.079774
0.079714
0.083873
0.083078
0.082146
0.080659
0.070591
0.072717
0.083748
0.084025
0.086283
0.080897
0.074898
0.086844
0.065036
0.064187
0.062172
0.076227
0.069417
0.082839
0.083351
0.072451
0.069103
0.071804
0.067834
0.068696
0.065890
0.065916
0.065481
0.016012
0.016494
0.017243
0.014266
0.013924
0.013915
0.014210
0.014006
0.013184
0.012333
0.011246
0.009687
0.009079
0.011938
0.012410
0.012637
0.011520
0.011524
0.010374
0.008728
0.008384
0.008762
0.009571
0.009548
0.009966
0.009788
0.009253
0.009210
0.007803
0.008439
0.008835
0.009728
0.010794
0.010612
0.010340
0.009399
0.086973
0.086688
0.083014
0.085308
0.081273
0.088715
0.091346
0.081599
0.083943
0.088006
0.077984
0.082049
0.081656
0.084241
0.087730
0.077041
0.090780
0.087782
0.087580
0.085018
0.083211
0.086566
0.086893
0.087126
0.080414
0.088328
0.080317
0.089369
0.079835
0.086096
0.089966
0.089023
0.085341
0.083658
0.088494
0.084756
0.083096
0.078960
0.076721
0.080538
0.081647
0.072244
0.067876
0.070608
0.078683
0.073046
0.067366
0.063207
0.072625
0.069154
0.073528
0.073174
0.067170
0.071511
0.077626
0.074957
0.071468
0.074232
0.076038
0.077210
0.066801
0.067560
0.068307
0.061309
0.058570
0.058410
0.061261
0.058330
0.056846
0.057941
0.062825
0.059594
0.065291
0.063992
0.065310
0.073456
0.071588
0.069988
0.069852
0.067187
0.066278
0.066132
0.060893
0.069237
0.075357
0.078244
0.068244
0.071908
0.072808
0.074812
0.079141
0.083268
0.079147
0.075480
0.075710
0.069994
0.076043
0.073946
0.083941
0.075411
0.076729
0.079398
0.078845
0.071423
0.072700
0.081652
0.086996
0.086920
0.086714
0.076227
0.008666
0.008599
0.008974
0.008795
0.008885
0.008986
0.009579
0.010354
0.011296
0.012654
0.013835
0.015756
0.017039
0.017791
0.018116
0.018492
0.017457
0.015339
0.013424
0.012044
0.010169
0.009229
0.007846
0.007953
0.007635
0.007138
0.007171
0.006801
0.007009
0.008391
0.009151
0.008774
0.008604
0.008895
0.008588
0.008646
0.007886
0.007628
0.007296
0.007641
0.007610
0.009188
0.009904
0.008800
0.007624
0.007314
0.007061
0.005908
0.006429
0.077379
0.076161
0.083619
0.076651
0.083159
0.084125
0.085209
0.082828
0.088702
0.083863
0.092523
0.096925
0.094442
0.090156
0.084138
0.087754
0.084253
0.087422
0.083581
0.092139
0.088592
0.088561
0.094574
0.099702
0.090865
0.087066
0.090772
0.087251
0.081552
0.085237
0.080660
0.081400
0.079081
0.078409
0.078675
0.084857
0.088188
0.003466
0.003624
0.004176
0.004365
0.004247
0.004174
0.004223
0.004469
0.004745
0.005338
0.006119
0.006125
0.006170
0.006392
0.006590
0.007133
0.007187
0.006991
0.007099
0.007180
0.007420
0.007150
0.007282
0.007140
0.007183
0.007521
0.007548
0.008405
0.008192
0.008441
0.008385
0.009396
0.009789
0.010083
0.009967
0.009369
0.009213
0.009218
0.008988
0.009110
0.009089
0.008423
0.007748
0.007081
0.006144
0.005732
0.005128
0.004916
0.004861
0.004197
0.003793
0.003170
0.002764
0.002135
0.001852
0.001623
0.001644
0.001520
0.001148
0.000605
0.000000
0.000844
0.001098
0.001623
0.002476
0.003118
0.004074
0.004747
0.005588
0.005695
0.005181
0.005077
0.005000
0.005063
0.004983
0.005121
0.005264
0.004295
0.003713
0.002888
0.002602
0.002329
0.002545
0.002995
0.003372
0.003686
0.003740
0.004409
0.004523
0.004644
0.004960
0.005000
0.005207
0.004844
0.004814
0.004782
0.004801
0.005695
0.005803
0.005992
0.006166
0.006507
0.006622
0.006909
0.007477
0.008481
0.007400
0.007942
0.007562
0.008066
0.008744
0.007911
0.008220
0.007870
0.008618
0.008895
0.008763
0.009069
0.009081
0.009116
0.008820
0.008579
0.008148
0.007673
0.007883
0.008237
0.009868
0.010256
0.010304
0.010282
0.010486
0.010603
0.010788
0.011214
0.010298
0.010651
0.010952
0.009788
0.009633
0.008886
0.009185
0.008960
0.008623
0.008807
0.009418
0.064591
0.064366
0.075929
0.068810
0.069835
0.077257
0.074955
0.071447
0.079697
0.082409
0.080445
0.080250
0.063646
0.065517
0.064946
0.072390
0.071429
0.072085
0.072822
0.084441
0.083104
0.080485
0.078854
0.072749
0.076983
0.071927
0.077043
0.073455
0.074447
0.079931
0.076421
0.072849
0.081305
0.077088
0.078490
0.080002
0.076428
0.076674
0.083904
0.072339
0.073967
0.073871
0.075765
0.072117
0.079809
0.078922
0.079633
0.082063
0.082995
0.084912
0.087323
0.006292
0.006059
0.006733
0.006361
0.005996
0.005989
0.006208
0.005785
0.006338
0.006327
0.005869
0.006225
0.006307
0.006865
0.006976
0.006959
0.007161
0.007069
0.007393
0.007031
0.007918
0.008336
0.008801
0.008515
0.008415
0.008240
0.008499
0.008553
0.009585
0.009693
0.009954
0.009403
0.009214
0.009806
0.009668
0.009819
0.009569
0.009744
0.009223
0.008803
0.008268
0.008752
0.009732
0.009970
0.009340
0.009155
0.009202
0.009319
0.009543
0.009636
0.009630
0.009614
0.009928
0.010408
0.011095
0.011432
0.011637
0.011889
0.011868
0.011976
0.011839
0.012277
0.012573
0.013035
0.012922
0.084045
0.084246
0.082761
0.083045
0.082916
0.079793
0.078677
0.076846
0.082068
0.076995
0.078211
0.082522
0.081692
0.081002
0.085746
0.082110
0.080711
0.080635
0.082692
0.080808
0.081073
0.080505
0.083230
0.078318
0.082722
0.091781
0.080446
0.080115
0.087864
0.072139
0.081363
0.082124
0.075819
0.069330
0.073099
0.072704
0.082391
0.077149
0.076032
0.075279
0.069045
0.076410
0.072497
0.071758
0.074199
0.075268
0.070964
0.070091
0.075150
0.075361
0.070575
0.075753
0.070090
0.070675
0.070635
0.068422
0.069340
0.069128
0.069273
0.067415
0.068538
0.069395
0.070652
0.069938
0.070877
0.066459
0.068300
0.072701
0.064062
0.063763
0.065603
0.065899
0.062571
0.070033
0.074884
0.075083
0.066893
0.077375
0.075949
0.075694
0.073329
0.076006
0.062434
0.076807
0.068573
0.069151
0.072564
0.070751
0.071214
0.085154
0.070611
0.073693
0.068178
0.064517
0.067871
0.069122
0.064840
0.067523
0.063605
0.075035
0.072651
0.074158
0.070911
0.071332
0.072577
0.073388
0.085896
0.066610
0.080940
0.094554
0.085275
0.087967
0.088333
0.080427
0.062876
0.073912
0.074895
0.076608
0.071548
0.075526
0.075795
0.074607
0.078756
0.080959
0.082480
0.082077
0.074639
0.073246
0.072444
0.071449
0.068971
0.066492
0.071243
0.071679
0.069033
0.067914
0.065466
0.065348
0.071041
0.070599
0.077023
0.086851
0.086752
0.087237
0.079957
0.071685
0.076602
0.078829
0.012193
0.012138
0.012547
0.011884
0.011820
0.011398
0.011338
0.011542
0.011495
0.011581
0.012669
0.012384
0.012575
0.012958
0.013168
0.013980
0.015633
0.015628
0.016215
0.016251
0.016038
0.016088
0.015702
0.015171
0.014831
0.014766
0.013679
0.013679
0.014079
0.015043
0.015399
0.015548
0.015760
0.015623
0.015684
0.015392
0.015406
0.014752
0.013980
0.013550
0.012995
0.012326
0.012664
0.066519
0.070235
0.072943
0.079705
0.074181
0.069090
0.074333
0.074762
0.090862
0.095801
0.088145
0.081385
0.083954
0.086236
0.075584
0.084977
0.084254
0.084906
0.081277
0.080483
0.086122
0.076009
0.075631
0.080170
0.075761
0.072033
0.067768
0.086857
0.076331
0.081144
0.080650
0.075818
0.081299
0.081609
0.075216
0.076033
0.081039
0.077500
0.077323
0.073837
0.069275
0.077391
0.078105
0.082120
0.083902
0.089068
0.083969
0.098093
0.092050
0.070177
0.076414
0.078304
0.084043
0.080460
0.074481
0.081135
0.080334
0.081408
0.077418
0.078906
0.079722
0.086072
0.076894
0.081508
0.078247
0.074455
0.085780
0.072024
0.076082
0.079830
0.092382
0.094236
0.091293
0.081301
0.079565
0.074532
0.077758
0.086000
0.084432
0.084484
0.082053
0.088663
0.082782
0.082241
0.082645
0.080567
0.081424
0.079675
0.080938
0.083815
0.079515
0.091469
0.078819
0.075256
0.076194
0.078637
0.072216
0.083466
0.064930
0.076997
0.074310
0.075436
0.076653
0.074747
0.074190
0.074935
0.065709
0.073074
0.075204
0.077270
0.075729
0.072298
0.070514
0.068404
0.073010
0.076271
0.085570
0.094916
0.089449
0.088912
0.080265
0.082997
0.080069
0.082742
0.077474
0.077274
0.081683
0.083703
0.085962
0.086138
0.081686
0.083022
0.080751
0.085588
0.082020
0.082077
0.082421
0.082481
0.084629
0.070877
0.070648
0.068301
0.066232
0.069208
0.071989
0.072634
0.071311
0.074534
0.068474
0.067747
0.011802
0.011125
0.010627
0.010370
0.010498
0.009857
0.009614
0.009958
0.010230
0.010044
0.009954
0.009978
0.010549
0.011005
0.011200
0.011584
0.012515
0.012774
0.013369
0.013328
0.012754
0.012760
0.012453
0.013444
0.013780
0.013784
0.014323
0.013103
0.012982
0.012769
0.013074
0.012914
0.014593
0.014930
0.014816
0.015211
0.015139
0.014212
0.013764
0.013982
0.014163
0.014442
0.014446
0.013876
0.013438
0.013162
0.012858
0.013204
0.012677
0.012002
0.012190
0.011647
0.011471
0.011857
0.011861
0.011867
0.012013
0.012193
0.012584
0.014529
0.014847
0.013998
0.013853
0.013499
0.012569
0.013004
0.013243
0.013476
0.013736
0.013785
0.013728
0.013754
0.013615
0.013662
0.013656
0.013635
0.013623
0.013734
0.013649
0.013607
0.013410
0.012988
0.012251
0.011868
0.011734
0.011949
0.012472
0.012767
0.012493
0.012177
0.012473
0.012845
0.012615
0.013260
0.015463
0.018007
0.018019
0.017366
0.017384
0.015215
0.012968
0.011632
0.011676
0.012044
0.012176
0.013572
0.013450
0.013842
0.013375
0.012081
0.012119
0.010859
0.010443
0.010316
0.010141
0.010647
0.011153
0.011599
0.012806
0.014976
0.014184
0.014144
0.014692
0.013852
0.013200
0.012293
0.010714
0.009519
0.008991
0.009143
0.008747
0.009154
0.009420
0.009392
0.009145
0.009227
0.009480
0.009190
0.009477
0.009672
0.009747
0.009967
0.010123
0.010419
0.009580
0.009563
0.076437
0.087163
0.086859
0.079008
0.081571
0.065527
0.069728
0.069755
0.071548
0.070585
0.072185
0.073440
0.070816
0.073649
0.077911
0.077774
0.066632
0.079540
0.074907
0.083430
0.080015
0.085545
0.079811
0.075224
0.087834
0.078452
0.077354
0.087699
0.088407
0.076650
0.087817
0.092524
0.089624
0.083406
0.083644
0.086574
0.014110
0.014391
0.013931
0.014051
0.013850
0.013790
0.014321
0.015180
0.015008
0.015278
0.015020
0.014615
0.014110
0.013354
0.012620
0.011751
0.011185
0.011099
0.011702
0.012654
0.011879
0.010207
0.008819
0.008342
0.007988
0.007789
0.007340
0.007809
0.007941
0.008105
0.008175
0.008020
0.008245
0.008304
0.008300
0.008149
0.008293
0.008438
0.008316
0.007944
0.007914
0.007777
0.007739
0.007828
0.008413
0.009732
0.010409
0.010704
0.011112
0.011262
0.011151
0.012378
0.013339
0.013030
0.010592
0.010549
0.010234
0.010189
0.009557
0.008988
0.008678
0.008102
0.008155
0.008263
0.008349
0.008455
0.008562
0.008966
0.009441
0.009821
0.010080
0.010531
0.010438
0.010742
0.010948
0.081320
0.080907
0.088612
0.075535
0.074228
0.072655
0.076222
0.083057
0.087897
0.080402
0.071139
0.074292
0.067845
0.065298
0.068091
0.068527
0.068394
0.067141
0.069164
0.067390
0.071855
0.073927
0.067063
0.075629
0.079282
0.070126
0.076089
0.080787
0.075991
0.081256
0.090326
0.091917
0.057005
0.057171
0.058209
0.058739
0.057115
0.057120
0.057904
0.057756
0.058047
0.057851
0.057350
0.058371
0.055361
0.055023
0.059079
0.056590
0.055823
0.057169
0.057478
0.056675
0.056720
0.056947
0.057634
0.057190
0.057196
0.056997
0.057284
0.057069
0.056677
0.057361
0.057147
0.056756
0.056128
0.058281
0.057907
0.061858
0.057846
0.058225
0.058129
0.058446
0.058286
0.057669
0.058207
0.055890
0.055227
0.063408
0.055366
0.065754
0.066447
0.063584
0.062132
0.061171
0.058660
0.058436
0.063392
0.063262
0.065148
0.064316
0.060969
0.064431
0.064851
0.062050
0.062705
0.061772
0.063137
0.062442
0.062102
0.062228
0.061875
0.062947
0.055756
0.057079
0.063391
0.057564
0.058910
0.058618
0.059440
0.056877
0.060665
0.059391
0.060252
0.059402
0.058389
0.058693
0.061302
0.061168
0.058208
0.059285
0.060924
0.059191
0.060022
0.059743
0.063607
0.059157
0.058415
0.060617
0.057384
0.057719
0.064028
0.057523
0.064848
0.064805
0.064101
0.056864
0.062053
0.056409
0.062448
0.062692
0.065627
0.065850
0.065200
0.068213
0.068149
0.068655
0.068346
0.069279
0.069787
0.083486
0.081754
0.081903
0.082580
0.077118
0.079806
0.073751
0.074930
0.070114
0.072014
0.068573
0.068736
0.064313
0.064724
0.065790
0.066543
0.066869
0.070413
0.073342
0.078999
0.075384
0.077221
0.080934
0.071880
0.075865
0.069489
0.070210
0.070846
0.070628
0.077690
0.072420
0.075325
0.074284
0.072647
0.074612
0.071155
0.066367
0.070389
0.071712
0.068912
0.073698
0.070534
0.077437
0.076770
0.075040
0.072758
0.070119
0.070415
0.069535
0.070766
0.070097
0.071872
0.071182
0.071845
0.073813
0.085273
0.079417
0.077923
0.086775
0.086158
0.081794
0.078466
0.082008
0.088390
0.082745
0.082490
0.083671
0.070342
0.077591
0.031503
0.032065
0.030191
0.029954
0.031553
0.033767
0.035062
0.036323
0.036403
0.035059
0.036846
0.037286
0.036451
0.037518
0.037558
0.038585
0.037854
0.037955
0.037513
0.041770
0.043116
0.041543
0.042472
0.041884
0.041739
0.042288
0.042311
0.042771
0.042552
0.042256
0.041761
0.041446
0.076286
0.075673
0.075911
0.076436
0.076055
0.080497
0.079196
0.077655
0.078842
0.078743
0.078737
0.079242
0.080028
0.080984
0.073286
0.082380
0.082007
0.078350
0.078338
0.077903
0.078802
0.082693
0.078282
0.080945
0.075408
0.073313
0.081841
0.080316
0.079232
0.078538
0.079829
0.078353
0.074310
0.076552
0.076717
0.074974
0.072559
0.076977
0.076109
0.075317
0.075981
0.073522
0.076974
0.075434
0.074468
0.075609
0.075867
0.073599
0.075915
0.076174
0.076626
0.074242
0.071304
0.072142
0.045989
0.046431
0.046545
0.046669
0.045173
0.046250
0.044470
0.044041
0.044883
0.043791
0.044223
0.043171
0.045919
0.044017
0.045836
0.045017
0.044034
0.043533
0.045105
0.045053
0.045570
0.045162
0.046441
0.047396
0.050584
0.041501
0.040120
0.039762
0.040050
0.041347
0.043554
0.041514
0.042137
0.042050
0.047328
0.041712
0.040622
0.101644
0.102099
0.109216
0.101573
0.106158
0.106362
0.099844
0.099927
0.107148
0.102503
0.119351
0.103560
0.102822
0.104135
0.094790
0.083390
0.085034
0.084774
0.079460
0.080593
0.080042
0.084065
0.079399
0.077798
0.081391
0.084121
0.084024
0.077844
0.077994
0.076684
0.079348
0.078358
0.084123
0.085951
0.085136
0.082151
0.083941
0.084893
0.082698
0.081874
0.039185
0.039769
0.039896
0.041058
0.038941
0.036729
0.036556
0.034821
0.033853
0.033101
0.032777
0.033225
0.033266
0.032968
0.032897
0.032938
0.032931
0.032955
0.032916
0.032763
0.032647
0.032224
0.034157
0.035283
0.032380
0.032189
0.035323
0.033891
0.034050
0.033765
0.035005
0.036145
0.035483
0.036827
0.034604
0.034582
0.034684
0.034454
0.034477
0.033667
0.035773
0.036010
0.037176
0.036351
0.036245
0.035605
0.035620
0.034891
0.034027
0.033454
0.032413
0.031932
0.030698
0.031406
0.032298
0.032749
0.032543
0.031943
0.033602
0.033660
0.032460
0.031309
0.032989
0.032686
0.032148
0.031235
0.030711
0.030864
0.029966
0.030736
0.030676
0.030539
0.029974
0.028550
0.028600
0.029370
0.029214
0.031954
0.033714
0.033844
0.034793
0.033586
0.033120
0.033023
0.032909
0.033005
0.032046
0.031437
0.033451
0.033382
0.032870
0.032312
0.030480
0.031835
0.030817
0.031438
0.031624
0.031690
0.031003
0.030739
0.031474
0.030771
0.030826
0.031168
0.108087
0.107176
0.100366
0.092387
0.094174
0.087366
0.086602
0.086242
0.085115
0.089324
0.087585
0.081786
0.080552
0.092630
0.087557
0.085359
0.082092
0.091571
0.087230
0.089124
0.092182
0.096317
0.091328
0.092337
0.092927
0.091650
0.103005
0.103907
0.103426
0.104912
0.112133
0.112365
0.112595
0.103680
0.112314
0.112837
0.113288
0.113238
0.113633
0.113409
0.111147
0.111699
0.108369
0.112809
0.110080
0.109289
0.110331
0.122176
0.111211
0.110554
0.109855
0.113171
0.112172
0.110655
0.109818
0.110015
0.108292
0.107197
0.109508
0.106826
0.106251
0.107877
0.108484
0.109860
0.109482
0.105857
0.120208
0.106877
0.107090
0.108794
0.108886
0.109509
0.109089
0.109604
0.109326
0.109478
0.110638
0.110529
0.110419
0.109837
0.097481
0.121703
0.109494
0.024061
0.024688
0.026156
0.024199
0.024488
0.024348
0.023370
0.023101
0.023152
0.023982
0.024193
0.023492
0.022367
0.023392
0.023556
0.022535
0.022994
0.022970
0.022928
0.023014
0.023218
0.023399
0.022687
0.023091
0.022397
0.022005
0.022630
0.022237
0.021877
0.021715
0.023474
0.020446
0.023018
0.022484
0.021325
0.021639
0.021834
0.022053
0.021491
0.021537
0.021775
0.021277
0.020686
0.020582
0.074219
0.074311
0.076014
0.078309
0.080909
0.078947
0.080781
0.076867
0.075998
0.078118
0.077204
0.074770
0.078399
0.079306
0.075630
0.077303
0.078395
0.078328
0.077952
0.077547
0.079823
0.069640
0.091043
0.087837
0.091550
0.075164
0.081554
0.081135
0.082453
0.081434
0.081769
0.082083
0.081527
0.081887
0.081925
0.081510
0.081130
0.080710
0.080701
0.080158
0.080536
0.079491
0.079080
0.079427
0.081208
0.080612
0.081593
0.081073
0.078355
0.079208
0.078788
0.077377
0.078804
0.078168
0.079808
0.080390
0.080765
0.080398
0.081382
0.083224
0.080717
0.083146
0.082513
0.088564
0.079201
0.079692
0.081022
0.077921
0.077134
0.075665
0.073962
0.078187
0.077788
0.073165
0.078458
0.078603
0.077026
0.075508
0.083533
0.081983
0.080624
0.080846
0.082471
0.075532
0.073578
0.073441
0.077186
0.075093
0.075468
0.065223
0.072358
0.076177
0.075894
0.019270
0.019622
0.020503
0.020602
0.020819
0.020141
0.019746
0.019786
0.018981
0.020345
0.020548
0.021098
0.021326
0.021478
0.021291
0.020246
0.021147
0.020788
0.020333
0.019868
0.019455
0.020166
0.020299
0.020455
0.019724
0.019018
0.018430
0.019832
0.019728
0.019987
0.018932
0.019880
0.019762
0.019708
0.019284
0.019665
0.019133
0.018698
0.018824
0.018718
0.018744
0.019202
0.020033
0.019620
0.019140
0.019480
0.019372
0.018614
0.018046
0.017543
0.017622
0.018491
0.019548
0.019257
0.019000
0.018958
0.018282
0.018263
0.018439
0.017660
0.018428
0.018270
0.019124
0.019377
0.020425
0.021541
0.022416
0.022820
0.022702
0.022917
0.023144
0.023641
0.023487
0.023322
0.022955
0.023193
0.023371
0.023511
0.023660
0.023185
0.023282
0.022917
0.023249
0.023998
0.024384
0.022456
0.020969
0.019321
0.018888
0.019592
0.019055
0.018944
0.018903
0.018994
0.019086
0.019355
0.019241
0.019317
0.019562
0.019440
0.019597
0.019861
0.019584
0.019400
0.019823
0.019656
0.020926
0.022062
0.022398
0.022529
0.022377
0.022466
0.022417
0.022613
0.021900
0.022248
0.022406
0.021714
0.021651
0.021543
0.021264
0.021296
0.020729
0.021214
0.021315
0.022098
0.022970
0.022213
0.022009
0.020307
0.019143
0.018557
0.018622
0.017826
0.017168
0.017484
0.018169
0.081396
0.081061
0.083542
0.082266
0.082083
0.085486
0.080839
0.084276
0.082371
0.081972
0.082325
0.080554
0.081929
0.078019
0.078814
0.083315
0.087333
0.087242
0.087886
0.087152
0.087397
0.087374
0.088722
0.088209
0.087973
0.081671
0.081121
0.087880
0.070546
0.072250
0.072019
0.082466
0.071128
0.070351
0.075873
0.067185
0.069734
0.075108
0.071439
0.074342
0.073879
0.076230
0.072867
0.074485
0.069652
0.069240
0.070264
0.068838
0.070811
0.073154
0.076705
0.077031
0.075884
0.079922
0.078761
0.082991
0.073090
0.076964
0.079367
0.078948
0.080264
0.083538
0.085207
0.084833
0.083091
0.082063
0.082183
0.082056
0.080300
0.081184
0.083705
0.082337
0.086344
0.083731
0.084298
0.085363
0.081499
0.086777
0.087491
0.088757
0.081998
0.083040
0.083521
0.085068
0.082365
0.082935
0.085177
0.079447
0.082549
0.075424
0.071915
0.079174
0.084635
0.084993
0.084446
0.083304
0.083840
0.079457
0.080741
0.075686
0.076415
0.080055
0.078646
0.080405
0.081618
0.087783
0.083806
0.081387
0.071844
0.071778
0.074618
0.077680
0.071577
0.073225
0.075310
0.071388
0.071297
0.075971
0.078298
0.081466
0.080123
0.086502
0.083133
0.080928
0.083800
0.079746
0.082480
0.085742
0.082385
0.096375
0.098796
0.102384
0.098709
0.097235
0.094948
0.096084
0.096566
0.089873
0.089162
0.093538
0.092403
0.094047
0.090607
0.085464
0.083199
0.090114
0.084533
0.083498
0.072554
0.073340
0.084258
0.085217
0.084896
0.086121
0.088937
0.088075
0.091413
0.086147
0.087415
0.085460
0.084030
0.077388
0.080463
0.081361
0.082226
0.082353
0.080975
0.078923
0.079733
0.081021
0.073401
0.073071
0.074148
0.071262
0.071068
0.072097
0.072817
0.076252
0.071365
0.077201
0.076240
0.074775
0.076060
0.079845
0.075570
0.078578
0.073707
0.071503
0.077356
0.026985
0.027124
0.026287
0.026568
0.025380
0.025951
0.025794
0.025511
0.027533
0.026911
0.026471
0.026450
0.026493
0.026965
0.026600
0.026329
0.026912
0.026673
0.027475
0.028900
0.027307
0.027432
0.025964
0.025490
0.026061
0.026262
0.025669
0.025329
0.025508
0.025489
0.025809
0.025371
0.024528
0.022950
0.024064
0.022419
0.023335
0.024143
0.023749
0.022831
0.022743
0.022053
0.022943
0.023766
0.024093
0.023863
0.024157
0.024068
0.024265
0.023291
0.023493
0.022460
0.021712
0.021812
0.022400
0.021420
0.021756
0.021662
0.021520
0.103656
0.103849
0.096191
0.098791
0.099062
0.097308
0.104248
0.093067
0.101749
0.102448
0.101957
0.087038
0.086977
0.082999
0.088291
0.088371
0.094172
0.093786
0.095239
0.093919
0.088432
0.088732
0.090443
0.090541
0.088533
0.084422
0.083894
0.083602
0.081901
0.083920
0.084085
0.075234
0.075443
0.020732
0.020718
0.021143
0.020482
0.020321
0.021011
0.021109
0.021659
0.021887
0.020915
0.021687
0.021218
0.021961
0.021760
0.021971
0.022083
0.022627
0.022468
0.022061
0.022290
0.024733
0.023965
0.022294
0.025115
0.022247
0.023198
0.023031
0.024427
0.024609
0.022025
0.024387
0.022477
0.024689
0.024471
0.023718
0.024086
0.024975
0.024336
0.026055
0.026046
0.026030
0.025729
0.025625
0.026356
0.025594
0.026165
0.026267
0.026026
0.026288
0.025782
0.025474
0.024163
0.023485
0.023216
0.022470
0.022799
0.023604
0.023012
0.023578
0.024992
0.025785
0.028176
0.028892
0.026266
0.025287
0.024903
0.026207
0.026672
0.027038
0.027251
0.027450
0.027908
0.027250
0.027722
0.027692
0.027559
0.027100
0.026447
0.026336
0.026016
0.026401
0.026685
0.025833
0.025938
0.024953
0.025022
0.025337
0.025551
0.025004
0.025260
0.024660
0.025650
0.025137
0.024457
0.024591
0.025467
0.024321
0.024197
0.024469
0.024840
0.023870
0.023591
0.023895
0.023899
0.024115
0.024244
0.023937
0.023909
0.023649
0.023418
0.023136
0.023064
0.023157
0.023640
0.023316
0.023734
0.022919
0.022829
0.022981
0.023576
0.023651
0.023621
0.023805
0.024155
0.023285
0.073295
0.077349
0.077197
0.081064
0.091005
0.079106
0.079646
0.084738
0.083859
0.072114
0.072257
0.082566
0.069732
0.073662
0.073719
0.072762
0.073816
0.077088
0.075557
0.085369
0.075440
0.070174
0.074746
0.075299
0.072936
0.073198
0.074520
0.075174
0.074413
0.084345
0.086365
0.073486
0.070965
0.071983
0.069411
0.083792
0.086842
0.080884
0.077475
0.070559
0.032024
0.036424
0.035249
0.035248
0.033895
0.033690
0.033552
0.033669
0.032698
0.032653
0.032105
0.032815
0.032988
0.033145
0.031731
0.032178
0.032406
0.032229
0.031364
0.030899
0.031623
0.031431
0.031669
0.031456
0.031689
0.031346
0.031862
0.031969
0.030968
0.031141
0.031168
0.030518
0.030862
0.030832
0.030609
0.031479
0.031602
0.031128
0.031456
0.031184
0.030310
0.029542
0.029974
0.030621
0.031211
0.030667
0.029639
0.030544
0.029879
0.030550
0.030339
0.029994
0.030732
0.029976
0.029862
0.030141
0.029607
0.030848
0.030392
0.030237
0.029585
0.030310
0.030083
0.029615
0.030117
0.028961
0.029132
0.028986
0.028138
0.027396
0.029032
0.028499
0.028054
0.028434
0.028522
0.029037
0.029936
0.029153
0.028780
0.028926
0.028906
0.025157
0.025485
0.025057
0.024979
0.024624
0.024406
0.024532
0.023980
0.024247
0.024074
0.023218
0.023818
0.023984
0.024146
0.025166
0.025983
0.025090
0.023525
0.027035
0.028862
0.028753
0.029881
0.028860
0.026556
0.026084
0.078481
0.076473
0.073947
0.074392
0.075403
0.077226
0.076972
0.077815
0.077050
0.072284
0.070617
0.081837
0.080728
0.081114
0.076335
0.080421
0.077627
0.078492
0.078511
0.077490
0.079605
0.077834
0.078591
0.077673
0.077265
0.072455
0.070265
0.075559
0.072437
0.076231
0.076681
0.078032
0.077011
0.077277
0.076185
0.075831
0.078217
0.076560
0.073225
0.076588
0.023415
0.022817
0.022944
0.022660
0.023089
0.022959
0.022185
0.022363
0.022640
0.023232
0.021760
0.021059
0.020933
0.021452
0.021740
0.024920
0.020640
0.020796
0.021460
0.022221
0.022503
0.020234
0.020750
0.020276
0.019708
0.019882
0.020086
0.019433
0.018906
0.019843
0.021144
0.021549
0.022661
0.023830
0.024136
0.023640
0.023820
0.023821
0.023299
0.023430
0.023867
0.023547
0.023130
0.022969
0.023799
0.024322
0.026081
0.025438
0.024356
0.024555
0.024306
0.024183
0.024292
0.023394
0.022477
0.022360
0.023071
0.022513
0.022693
0.022566
0.021887
0.023764
0.023422
0.022941
0.024206
0.023290
0.023080
0.022610
0.022097
0.024593
0.025003
0.024444
0.024407
0.024271
0.024975
0.024043
0.024403
0.024686
0.024378
0.024953
0.024604
0.024402
0.023686
0.023777
0.023359
0.022073
0.021927
0.021847
0.022401
0.022587
0.022627
0.022249
0.021156
0.021428
0.021640
0.021590
0.021191
0.021128
0.020909
0.020705
0.021146
0.020357
0.021184
0.021085
0.021203
0.021173
0.085533
0.086486
0.085575
0.085806
0.079907
0.079543
0.080386
0.078000
0.079029
0.077410
0.075756
0.081681
0.080510
0.080474
0.080262
0.081325
0.082099
0.082379
0.081947
0.081410
0.085996
0.084890
0.086632
0.086812
0.087329
0.087146
0.087641
0.087024
0.087672
0.088108
0.087656
0.087595
0.087495
0.085330
0.087837
0.087822
0.087970
0.075650
0.080462
0.081775
0.078415
0.080194
0.081703
0.080664
0.076576
0.081227
0.071324
0.072641
0.076427
0.073873
0.071722
0.066297
0.071258
0.076790
0.074211
0.078262
0.060875
0.062641
0.065430
0.068342
0.075574
0.066993
0.075498
0.069784
0.076398
0.078782
0.071269
0.061280
0.063507
0.073931
0.067746
0.067811
0.074196
0.074163
0.073366
0.071960
0.064125
0.062654
0.063085
0.068629
0.066185
0.067308
0.067133
0.059092
0.064131
0.066360
0.063538
0.061788
0.061324
0.020464
0.019976
0.019992
0.019645
0.019718
0.019401
0.019667
0.019099
0.019135
0.019068
0.018992
0.018910
0.018776
0.019048
0.018997
0.019049
0.018478
0.018839
0.018933
0.018436
0.018916
0.018955
0.018992
0.018438
0.018653
0.018751
0.078087
0.080438
0.078109
0.082454
0.081784
0.075737
0.081454
0.079547
0.077848
0.075286
0.073787
0.080952
0.088368
0.088168
0.088953
0.089356
0.087908
0.087535
0.083520
0.084510
0.087216
0.081415
0.084853
0.080558
0.084459
0.089983
0.087491
0.089664
0.081660
0.082842
0.083144
0.086243
0.086925
0.088597
0.086023
0.085949
0.084323
0.084646
0.084093
0.087627
0.086945
0.084811
0.085188
0.084442
0.084623
0.084279
0.084687
0.082456
0.078901
0.079932
0.075352
0.076362
0.071023
0.070873
0.070139
0.073654
0.070729
0.078268
0.074959
0.071941
0.072131
0.068709
0.077234
0.075781
0.080600
0.074997
0.070298
0.086118
0.090463
0.077274
0.081702
0.071244
0.079698
0.076383
0.082504
0.079645
0.082147
0.083722
0.083818
0.091794
0.088686
0.102612
0.083878
0.085755
0.071174
0.073794
0.074117
0.073906
0.074638
0.071535
0.092307
0.079372
0.086255
0.091316
0.079693
0.077910
0.077649
0.077886
0.078824
0.078488
0.076215
0.076553
0.077428
0.084341
0.080154
0.075848
0.072056
0.072229
0.074414
0.077962
0.076002
0.072727
0.069826
0.069704
0.074312
0.072195
0.084723
0.083350
0.085316
0.088343
0.086653
0.085732
0.079579
0.081983
0.082653
0.084312
0.088507
0.066130
0.073878
0.081065
0.074595
0.069154
0.071429
0.072337
0.073436
0.076265
0.075225
0.074875
0.078635
0.068462
0.071527
0.077054
0.074794
0.067209
0.073972
0.074649
0.076818
0.076196
0.075445
0.074236
0.083058
0.078168
0.071092
0.074056
0.093264
0.089270
0.089610
0.078758
0.088910
0.073614
0.087333
0.090100
0.091747
0.086457
0.078410
0.068664
0.067194
0.066120
0.019655
0.019702
0.019345
0.019785
0.021654
0.022305
0.022920
0.023185
0.022523
0.023458
0.023113
0.022756
0.022813
0.022551
0.023093
0.022630
0.022475
0.021896
0.021800
0.022775
0.022876
0.022338
0.021416
0.021333
0.020205
0.019208
0.018795
0.018590
0.018722
0.018470
0.017888
0.018047
0.017884
0.018371
0.018028
0.017596
0.017820
0.016687
0.017041
0.016862
0.017523
0.017362
0.017603
0.017490
0.016253
0.017125
0.015654
0.016107
0.018759
0.019306
0.019047
0.018738
0.018016
0.018436
0.017457
0.016861
0.015912
0.016371
0.015754
0.015639
0.016594
0.016371
0.015677
0.063839
0.064036
0.061131
0.066026
0.064733
0.064380
0.064192
0.064200
0.060283
0.060148
0.058560
0.057407
0.059688
0.058326
0.057189
0.057283
0.056900
0.058547
0.057026
0.058182
0.057056
0.058647
0.058561
0.058696
0.056067
0.058615
0.059923
0.057634
0.055657
0.057923
0.056478
0.055885
0.053798
0.056481
0.053450
0.054800
0.054869
0.054914
0.055761
0.059519
0.054842
0.055386
0.053898
0.055043
0.055836
0.055093
0.054038
0.054608
0.057448
0.056785
0.055257
0.055923
0.055313
0.056391
0.056839
0.057779
0.058410
0.057914
0.059778
0.056770
0.056449
0.054998
0.057324
0.057083
0.056251
0.056569
0.058537
0.060110
0.059996
0.060665
0.060718
0.056960
0.058917
0.058940
0.060520
0.056533
0.059028
0.062168
0.088358
0.088460
0.075657
0.086513
0.088985
0.077823
0.085894
0.088278
0.083772
0.077241
0.080182
0.065205
0.066096
0.067694
0.072175
0.078573
0.071825
0.071159
0.070718
0.071602
0.071304
0.080963
0.073736
0.071602
0.072560
0.072770
0.078469
0.079167
0.072412
0.067926
0.080162
0.072019
0.077918
0.073253
0.075771
0.082547
0.086531
0.082909
0.077943
0.067323
0.083054
0.077129
0.078908
0.074710
0.079921
0.074502
0.077562
0.073819
0.074721
0.077050
0.085434
0.068702
0.077045
0.073881
0.069935
0.085660
0.085004
0.083797
0.080064
0.075542
0.081490
0.083179
0.079443
0.066722
0.071769
0.075036
0.076564
0.077590
0.073060
0.081076
0.087577
0.088972
0.081358
0.083718
0.084631
0.089943
0.089354
0.089069
0.085587
0.086793
0.086913
0.088089
0.088284
0.087469
0.086754
0.085016
0.084630
0.066994
0.066975
0.068365
0.066411
0.066358
0.065403
0.064835
0.065038
0.061756
0.062023
0.061479
0.061665
0.064707
0.064018
0.064701
0.075909
0.064801
0.063731
0.082358
0.068952
0.069066
0.065012
0.072436
0.063346
0.058686
0.066129
0.057097
0.053604
0.053016
0.055499
0.053916
0.059653
0.059912
0.062267
0.061565
0.062372
0.054450
0.060154
0.060890
0.061807
0.059404
0.072267
0.071228
0.067790
0.063510
0.067539
0.069207
0.069609
0.070180
0.061315
0.072226
0.075602
0.077655
0.079438
0.070838
0.068796
0.066274
0.071971
0.066250
0.069834
0.073344
0.075534
0.069570
0.076610
0.069352
0.071051
0.069044
0.070939
0.070445
0.075118
0.071696
0.071710
0.067654
0.062437
0.060876
0.065277
0.060711
0.058877
0.059431
0.051427
0.061892
0.068999
0.061959
0.075738
0.076653
0.078268
0.081744
0.087411
0.079036
0.083378
0.081810
0.083811
0.083558
0.074484
0.085510
0.083137
0.086249
0.084344
0.080682
0.083259
0.087642
0.086105
0.082916
0.080536
0.074905
0.075495
0.075410
0.077764
0.078992
0.080207
0.080708
0.081267
0.081305
0.085978
0.089604
0.083089
0.065609
0.076172
0.075376
0.073085
0.072187
0.072243
0.073905
0.073489
0.073773
0.075358
0.073224
0.070718
0.071056
0.072137
0.072411
0.080023
0.075164
0.079070
0.080832
0.083273
0.074048
0.081615
0.081727
0.076921
0.064106
0.064952
0.064564
0.065746
0.065047
0.067230
0.065970
0.065902
0.066180
0.066146
0.067508
0.065912
0.065490
0.067775
0.067318
0.068049
0.066742
0.065458
0.066114
0.066178
0.068323
0.071104
0.070941
0.069646
0.069671
0.068312
0.067431
0.067570
0.066775
0.065082
0.066795
0.064263
0.064861
0.062714
0.063208
0.061400
0.063520
0.063272
0.063930
0.060854
0.062868
0.063594
0.062000
0.062196
0.062667
0.064299
0.063408
0.063332
0.063516
0.063869
0.064460
0.068607
0.068568
0.070120
0.063680
0.074732
0.073247
0.073414
0.072762
0.071055
0.071666
0.074996
0.073484
0.057994
0.061833
0.061668
0.060111
0.058271
0.067908
0.061743
0.066700
0.064125
0.059567
0.058137
0.059325
0.060033
0.057615
0.058494
0.052345
0.051531
0.055902
0.055799
0.057369
0.057085
0.053200
0.061008
0.059437
0.058756
0.062017
0.060947
0.068827
0.061669
0.068198
0.070728
0.070542
0.034621
0.033660
0.033718
0.034118
0.034124
0.034404
0.034690
0.034409
0.034586
0.034323
0.034089
0.034072
0.033827
0.033898
0.034307
0.034284
0.034004
0.035029
0.035688
0.036037
0.036610
0.037226
0.037385
0.036908
0.036883
0.037989
0.037211
0.035547
0.034506
0.033146
0.032727
0.032583
0.033229
0.033163
0.032752
0.032669
0.032239
0.031505
0.031935
0.032669
0.032544
0.033035
0.033277
0.033555
0.033261
0.033150
0.033174
0.033800
0.033577
0.033877
0.032960
0.031977
0.032868
0.032193
0.032475
0.031249
0.030865
0.031174
0.031731
0.032820
0.034369
0.035269
0.034655
0.034349
0.034218
0.034413
0.034595
0.034053
0.034176
0.035028
0.035347
0.036050
0.036143
0.035632
0.035602
0.035949
0.035918
0.035215
0.034906
0.034565
0.034023
0.032728
0.034356
0.033921
0.033327
0.031901
0.030960
0.031026
0.031171
0.030649
0.031092
0.030276
0.031561
0.032486
0.032944
0.032834
0.033931
0.033842
0.033147
0.033011
0.032284
0.033139
0.033395
0.033218
0.032832
0.032455
0.032215
0.031557
0.031535
0.030961
0.031781
0.031930
0.031718
0.031805
0.031531
0.031833
0.031765
0.031573
0.081078
0.074335
0.075611
0.075173
0.076804
0.077544
0.078823
0.078524
0.079708
0.081420
0.083784
0.080309
0.080566
0.086479
0.087326
0.084765
0.087360
0.085955
0.085067
0.082073
0.082763
0.082219
0.086239
0.086203
0.083155
0.079737
0.075118
0.075368
0.072899
0.075661
0.084052
0.078032
0.077549
0.078441
0.079559
0.078407
0.071987
0.071239
0.076142
0.069909
0.080271
0.081582
0.084562
0.085473
0.067247
0.067680
0.080252
0.080326
0.060493
0.061679
0.073637
0.080692
0.078680
0.087002
0.084691
0.072663
0.086812
0.086088
0.085650
0.084801
0.073969
0.078078
0.063497
0.061526
0.067029
0.068806
0.067714
0.068197
0.067736
0.075493
0.070381
0.069174
0.073030
0.075980
0.076326
0.077909
0.078916
0.079353
0.076888
0.086368
0.081422
0.085434
0.076994
0.081408
0.084678
0.083441
0.082639
0.074387
0.078988
0.077976
0.082869
0.082499
0.078433
0.083629
0.084937
0.082187
0.082526
0.083166
0.081432
0.075944
0.090955
0.093066
0.095887
0.095128
0.096475
0.097043
0.098141
0.097524
0.062064
0.060686
0.060850
0.061643
0.059701
0.061475
0.062391
0.059583
0.062092
0.059583
0.059414
0.060021
0.061760
0.062251
0.059003
0.059354
0.062194
0.058366
0.062451
0.062884
0.062498
0.061472
0.060570
0.061297
0.062298
0.061215
0.060237
0.060320
0.061057
0.061471
0.062709
0.061870
0.062608
0.063065
0.061985
0.068128
0.061820
0.066037
0.063062
0.063328
0.069829
0.064459
0.064080
0.064283
0.064999
0.064878
0.066141
0.069172
0.069682
0.069143
0.075256
0.070002
0.067549
0.062499
0.064985
0.062316
0.062523
0.092333
0.093121
0.101395
0.094697
0.095513
0.091695
0.087617
0.088198
0.094102
0.092188
0.092181
0.084983
0.082827
0.083038
0.081343
0.083669
0.078869
0.077524
0.094504
0.081434
0.075010
0.085273
0.074356
0.077396
0.090056
0.080989
0.083042
0.081234
0.078857
0.074988
0.082452
0.084001
0.080592
0.078709
0.076149
0.086027
0.073553
0.079357
0.073748
0.073370
0.073789
0.071521
0.081206
0.068981
0.070746
0.066765
0.065852
0.066083
0.078670
0.065312
0.073352
0.077287
0.075608
0.079854
0.078516
0.087123
0.085649
0.083806
0.078976
0.083711
0.079050
0.070136
0.070512
0.075870
0.074596
0.074689
0.073503
0.084061
0.080018
0.085402
0.087276
0.085191
0.085442
0.083545
0.079785
0.081578
0.083225
0.015479
0.015831
0.015556
0.015716
0.014763
0.014149
0.014112
0.014653
0.014654
0.015767
0.015701
0.016431
0.017792
0.018232
0.018261
0.018064
0.017532
0.017132
0.016592
0.015493
0.016078
0.015452
0.015660
0.014930
0.014891
0.014078
0.014906
0.015273
0.015950
0.016963
0.083989
0.079971
0.080884
0.081289
0.080661
0.077963
0.079126
0.076888
0.081464
0.083643
0.073424
0.085273
0.075192
0.082586
0.072162
0.082410
0.079742
0.074227
0.072262
0.069553
0.069773
0.070193
0.070989
0.079486
0.073879
0.074267
0.077036
0.069634
0.069821
0.067055
0.066885
0.067084
0.068007
0.068888
0.068145
0.069395
0.068828
0.072323
0.073366
0.071138
0.072221
0.072081
0.073314
0.066217
0.069948
0.071611
0.074284
0.071384
0.073648
0.065742
0.064756
0.065184
0.064768
0.066247
0.071067
0.074099
0.070605
0.070985
0.072023
0.071634
0.071998
0.071586
0.098058
0.093632
0.083622
0.099440
0.094432
0.082791
0.081928
0.080821
0.082461
0.081435
0.081208
0.079688
0.079902
0.078963
0.079158
0.080471
0.078813
0.082211
0.080374
0.081825
0.082002
0.082486
0.080196
0.095534
0.078573
0.083221
0.081638
0.084916
0.085550
0.080498
0.079241
0.079077
0.077642
0.080781
0.080648
0.076184
0.081368
0.078401
0.079075
0.078971
0.079431
0.083678
0.075505
0.075134
0.076704
0.023440
0.022899
0.023243
0.023212
0.023062
0.022288
0.022908
0.023399
0.022368
0.023572
0.024105
0.025386
0.025745
0.026241
0.026263
0.025427
0.025301
0.024532
0.023859
0.023380
0.023762
0.024057
0.023680
0.022972
0.022356
0.022538
0.023010
0.022968
0.022044
0.021864
0.022403
0.022288
0.022038
0.021880
0.021484
0.021443
0.021799
0.021030
0.021579
0.021207
0.021182
0.022243
0.022182
0.021967
0.021821
0.022036
0.021827
0.022213
0.022374
0.021893
0.021816
0.021767
0.021875
0.021796
0.021874
0.022003
0.021779
0.021767
0.021815
0.022312
0.022723
0.023680
0.023089
0.023370
0.023098
0.022733
0.021083
0.018757
0.017226
0.018551
0.020031
0.020408
0.021328
0.021538
0.020713
0.020638
0.019466
0.018135
0.018420
0.020733
0.024275
0.025752
0.022820
0.022376
0.021491
0.021520
0.021189
0.021196
0.021768
0.021946
0.021924
0.022770
0.024024
0.027858
0.027688
0.026188
0.025742
0.024380
0.024491
0.023708
0.023579
0.022048
0.021428
0.020951
0.020711
0.020138
0.019067
0.018928
0.017513
0.017457
0.017214
0.017292
0.016508
0.016219
0.015120
0.015307
0.015314
0.015740
0.016038
0.018580
0.019745
0.020521
0.022668
0.023752
0.024173
0.024657
0.024340
0.024061
0.024566
0.023879
0.023335
0.023273
0.022882
0.022093
0.021783
0.021159
0.021091
0.020493
0.020322
0.019007
0.019261
0.018381
0.017837
0.017023
0.017531
0.017446
0.017921
0.015811
0.015083
0.015509
0.015601
0.016763
0.017090
0.017532
0.017763
0.017746
0.017752
0.017908
0.017844
0.018149
0.017652
0.017723
0.018278
0.018920
0.019046
0.019176
0.017421
0.017436
0.017436
0.017825
0.016997
0.017068
0.017428
0.016267
0.014725
0.014921
0.014420
0.015079
0.015127
0.014875
0.014243
0.075311
0.071941
0.074230
0.083957
0.074177
0.082514
0.081916
0.082402
0.088969
0.077184
0.074958
0.073057
0.070840
0.072613
0.077498
0.075657
0.081312
0.077975
0.071434
0.074092
0.070288
0.076291
0.078233
0.076190
0.078698
0.079408
0.086578
0.081005
0.081358
0.078637
0.085563
0.080143
0.025091
0.026817
0.027919
0.028134
0.027531
0.027412
0.027409
0.026688
0.025877
0.026175
0.025902
0.026002
0.025540
0.025603
0.024621
0.022759
0.021234
0.018025
0.017125
0.015600
0.014771
0.015270
0.015223
0.015286
0.015827
0.015314
0.015583
0.015056
0.015360
0.016404
0.016964
0.017248
0.016967
0.016205
0.015583
0.015753
0.016123
0.015902
0.015948
0.015585
0.015893
0.016227
0.016488
0.016668
0.016937
0.016819
0.015944
0.015737
0.016322
0.016298
0.016232
0.017390
0.016869
0.017196
0.017512
0.017636
0.018138
0.017802
0.017535
0.077086
0.077761
0.079253
0.076212
0.077150
0.077678
0.078190
0.078384
0.079098
0.076306
0.075762
0.081362
0.079588
0.075620
0.071365
0.072615
0.072351
0.075118
0.078684
0.082322
0.077782
0.078724
0.063053
0.067748
0.065332
0.075872
0.081165
0.079811
0.072710
0.073865
0.075119
0.074623
0.018141
0.017744
0.017730
0.018162
0.017969
0.017841
0.017705
0.017246
0.016129
0.015995
0.016311
0.016909
0.016994
0.016947
0.017322
0.017086
0.016637
0.016060
0.016070
0.016056
0.016106
0.017042
0.017628
0.018150
0.018022
0.017798
0.017310
0.017162
0.017165
0.017831
0.017630
0.017768
0.017974
0.018467
0.018621
0.018998
0.018476
0.017867
0.017492
0.017541
0.016796
0.016746
0.016671
0.016720
0.016166
0.016057
0.016497
0.016291
0.016411
0.016887
0.016282
0.017009
0.017112
0.017960
0.017928
0.018259
0.018604
0.017875
0.017385
0.089185
0.082938
0.085062
0.082124
0.079883
0.079698
0.082476
0.079597
0.081536
0.070560
0.070694
0.081561
0.068957
0.066583
0.069423
0.070133
0.067585
0.069357
0.071272
0.067695
0.078370
0.072925
0.066626
0.068914
0.068180
0.064115
0.071311
0.068356
0.070133
0.077713
0.071256
0.068621
0.072789
0.077727
0.074071
0.074060
0.077966
0.076594
0.071387
0.073202
0.074151
0.077538
0.075726
0.089020
0.088276
0.092871
0.089501
0.088952
0.078057
0.074790
0.073571
0.074633
0.079417
0.080607
0.077538
0.081049
0.088792
0.086365
0.085705
0.088770
0.087583
0.079009
0.077065
0.075809
0.078413
0.072414
0.080126
0.078749
0.063315
0.060978
0.060991
0.056519
0.055374
0.056762
0.061361
0.059713
0.061529
0.059583
0.059750
0.068673
0.075612
0.074951
0.076816
0.068202
0.080871
0.078933
0.078244
0.084267
0.078098
0.080066
0.084553
0.087281
0.081745
0.086497
0.087075
0.081579
0.081719
0.081408
0.081435
0.081402
0.079793
0.082251
0.079125
0.079560
0.077583
0.078037
0.076603
0.078114
0.077278
0.086698
0.089277
0.088598
0.090510
0.088084
0.018081
0.019081
0.019332
0.019341
0.018959
0.019160
0.019688
0.019705
0.019175
0.020299
0.019784
0.019713
0.019363
0.019252
0.019690
0.020222
0.021139
0.020820
0.020451
0.019782
0.019040
0.017940
0.016356
0.015129
0.015439
0.015987
0.017540
0.017598
0.017652
0.017525
0.017292
0.016719
0.016398
0.016459
0.016271
0.016509
0.017100
0.078830
0.078351
0.083264
0.085063
0.086552
0.086498
0.085126
0.083455
0.081389
0.084081
0.079614
0.080723
0.082218
0.085743
0.081561
0.079833
0.084900
0.084412
0.082863
0.084234
0.084060
0.083847
0.081614
0.083913
0.083105
0.082254
0.085322
0.083168
0.086692
0.084689
0.085963
0.082960
0.087071
0.080385
0.084267
0.085099
0.088558
0.089000
0.084530
0.079495
0.080406
0.083730
0.086719
0.083347
0.088368
0.080277
0.080100
0.081740
0.088140
0.079918
0.090981
0.087096
0.088023
0.074585
0.074796
0.073820
0.083492
0.015663
0.015290
0.014473
0.013916
0.015243
0.015776
0.016779
0.016941
0.017102
0.016858
0.016824
0.016495
0.016375
0.017059
0.017791
0.017884
0.018336
0.019956
0.020264
0.020642
0.021262
0.020898
0.020840
0.022101
0.021085
0.020568
0.020617
0.020796
0.020781
0.020226
0.020260
0.020380
0.020651
0.021681
0.020852
0.020848
0.021349
0.021137
0.020213
0.020465
0.020340
0.020423
0.071653
0.069925
0.074609
0.074408
0.079860
0.084217
0.081615
0.082584
0.081282
0.081935
0.078906
0.079313
0.078878
0.079969
0.078355
0.074638
0.079409
0.077280
0.075405
0.084035
0.085074
0.080604
0.080836
0.079571
0.080247
0.080429
0.024523
0.024679
0.023989
0.024043
0.023640
0.024033
0.023879
0.023406
0.023962
0.024299
0.024423
0.024372
0.024020
0.023447
0.023763
0.022992
0.022904
0.023205
0.023678
0.024536
0.023742
0.023933
0.024135
0.024074
0.023275
0.022919
0.023015
0.023004
0.023402
0.022786
0.022395
0.021901
0.021262
0.021039
0.020873
0.020626
0.020976
0.020412
0.020220
0.020176
0.020711
0.020745
0.084308
0.076648
0.082696
0.075487
0.070231
0.077038
0.072151
0.083449
0.082125
0.083363
0.079692
0.079231
0.080399
0.093925
0.080696
0.072423
0.080435
0.072747
0.096353
0.083775
0.092222
0.090380
0.090378
0.091347
0.092856
0.086149
0.088985
0.071929
0.081135
0.080008
0.076487
0.069666
0.073713
0.067463
0.021699
0.020551
0.020298
0.019814
0.020009
0.020101
0.019652
0.020086
0.020535
0.020084
0.020643
0.021143
0.020705
0.020985
0.020955
0.020719
0.021254
0.021335
0.021424
0.021493
0.022105
0.023107
0.023583
0.023092
0.024064
0.023951
0.024065
0.023175
0.023455
0.024003
0.024083
0.023753
0.024856
0.024053
0.024224
0.024027
0.024993
0.025830
0.025902
0.023630
0.024803
0.024514
0.024172
0.025029
0.026793
0.027195
0.026070
0.025874
0.026492
0.026877
0.028072
0.027592
0.025080
0.025920
0.026625
0.027659
0.027067
0.027078
0.026966
0.027348
0.027826
0.027716
0.027360
0.028169
0.027579
0.028312
0.028379
0.027580
0.027725
0.027424
0.073443
0.085348
0.077613
0.082411
0.092805
0.083137
0.085186
0.090919
0.086070
0.086094
0.085295
0.091894
0.093520
0.097079
0.101302
0.094327
0.097195
0.083291
0.074463
0.077019
0.083134
0.081585
0.070027
0.074229
0.081983
0.093694
0.076433
0.102190
0.097402
0.097479
0.097115
0.097319
0.099004
0.096299
0.098752
0.097077
0.101994
0.095252
0.105191
0.086775
0.086228
0.093533
0.087346
0.093785
0.090640
0.080791
0.088761
0.095860
0.094291
0.089254
0.088516
0.094296
0.085854
0.077177
0.078006
0.075917
0.089032
0.090202
0.089014
0.077230
0.074501
0.079294
0.075487
0.081502
0.082100
0.081836
0.022338
0.022152
0.022073
0.021392
0.020843
0.021343
0.020895
0.020297
0.018497
0.018696
0.019407
0.019805
0.020251
0.019850
0.019992
0.020008
0.019772
0.019872
0.019603
0.019328
0.019317
0.018508
0.018230
0.018600
0.018658
0.017897
0.017841
0.017809
0.017980
0.017979
0.019049
0.018764
0.019108
0.019059
0.019535
0.019614
0.019786
0.019774
0.019282
0.019565
0.019844
0.020070
0.020497
0.020420
0.019690
0.019413
0.018723
0.018338
0.018401
0.018301
0.018398
0.018470
0.018768
0.019040
0.018942
0.018903
0.018969
0.019061
0.019318
0.019299
0.018972
0.018790
0.018473
0.018878
0.019213
0.019025
0.019111
0.018959
0.018849
0.018721
0.018239
0.017870
0.018478
0.018277
0.018222
0.017813
0.017562
0.017960
0.018053
0.018555
0.019183
0.018856
0.018655
0.018384
0.017865
0.018365
0.021106
0.021568
0.022045
0.021210
0.021723
0.022299
0.022456
0.022063
0.021898
0.022058
0.022118
0.022511
0.022493
0.022163
0.022110
0.021874
0.021504
0.021385
0.021324
0.021628
0.020983
0.021908
0.021461
0.020993
0.021107
0.020786
0.019640
0.019074
0.019531
0.019237
0.019698
0.020109
0.020205
0.020177
0.019967
0.020375
0.020504
0.019974
0.020250
0.020607
0.020372
0.020367
0.020453
0.020792
0.021015
0.021832
0.021404
0.021389
0.021038
0.022013
0.021446
0.021863
0.022093
0.021775
0.021889
0.021602
0.021572
0.020918
0.020638
0.020159
0.019096
0.019541
0.019352
0.019137
0.018842
0.018907
0.019444
0.019400
0.019378
0.019523
0.019563
0.019365
0.018869
0.019074
0.018738
0.018534
0.018497
0.018426
0.018616
0.018757
0.018557
0.018361
0.018528
0.018161
0.018165
0.018693
0.019286
0.019625
0.019270
0.019403
0.019477
0.019160
0.019448
0.073280
0.076100
0.075872
0.075572
0.075680
0.077893
0.081274
0.077531
0.071593
0.072563
0.073781
0.067644
0.071350
0.075090
0.065578
0.067597
0.069564
0.069383
0.070762
0.074595
0.073186
0.078605
0.078251
0.076831
0.075329
0.070876
0.070884
0.069613
0.069194
0.066809
0.067841
0.069876
0.073510
0.066999
0.070420
0.075249
0.074294
0.077491
0.069286
0.069963
0.071756
0.068483
0.071962
0.076540
0.083614
0.073429
0.073863
0.068330
0.077149
0.018688
0.019063
0.018998
0.019305
0.019413
0.018704
0.019427
0.019669
0.019916
0.020079
0.020681
0.020554
0.020402
0.020396
0.020309
0.020284
0.020575
0.020440
0.020382
0.020015
0.020122
0.020054
0.019779
0.019380
0.019837
0.019154
0.019506
0.018616
0.018159
0.017893
0.018232
0.018395
0.017549
0.017928
0.018384
0.017828
0.017650
0.018089
0.018760
0.018308
0.018019
0.017743
0.017572
0.017358
0.018266
0.018342
0.018930
0.019015
0.019576
0.019845
0.020309
0.020454
0.021023
0.020702
0.020491
0.020371
0.019996
0.020161
0.020449
0.020698
0.020512
0.020619
0.020448
0.020889
0.021893
0.021289
0.021732
0.021758
0.021539
0.020435
0.020507
0.020044
0.020340
0.020304
0.020508
0.020746
0.020471
0.020720
0.020129
0.019983
0.019291
0.080746
0.084265
0.083463
0.089165
0.088077
0.087656
0.089510
0.071176
0.075465
0.083117
0.081751
0.074467
0.078526
0.077186
0.080354
0.077022
0.080366
0.083299
0.081372
0.078970
0.078690
0.077629
0.094003
0.091183
0.087517
0.069936
0.082028
0.087059
0.088382
0.071907
0.070577
0.095978
0.094189
0.095511
0.068361
0.072067
0.070469
0.019693
0.020861
0.020603
0.021003
0.021212
0.021053
0.021068
0.020871
0.020262
0.020472
0.020454
0.020363
0.019215
0.018804
0.019396
0.020018
0.020442
0.020612
0.020256
0.020649
0.020947
0.021329
0.020931
0.020979
0.021411
0.021705
0.020760
0.019845
0.020167
0.019635
0.020402
0.021071
0.022407
0.021786
0.022123
0.022602
0.023528
0.023129
0.024075
0.023967
0.024254
0.022371
0.022449
0.023290
0.023077
0.022453
0.023036
0.023619
0.024955
0.024726
0.024574
0.022801
0.022981
0.020719
0.021328
0.020936
0.020897
0.021541
0.020745
0.022008
0.021849
0.022669
0.023105
0.023295
0.022942
0.021971
0.021842
0.021924
0.022687
0.022586
0.022684
0.022029
0.022441
0.023298
0.023734
0.025222
0.075925
0.081323
0.082312
0.070927
0.077606
0.074729
0.067973
0.067368
0.074775
0.073199
0.072669
0.076307
0.070844
0.072077
0.070768
0.070603
0.070389
0.069070
0.070561
0.070765
0.073853
0.079413
0.092645
0.086331
0.089122
0.070258
0.069627
0.071212
0.084150
0.089285
0.093617
0.092553
0.091862
0.090852
0.089641
0.092824
0.076439
0.090642
0.081665
0.089298
0.091798
0.091232
0.091897
0.091690
0.092579
0.093723
0.095297
0.090062
0.081638
0.092458
0.088735
0.088633
0.088517
0.090327
0.090978
0.090475
0.089015
0.087232
0.078785
0.077579
0.079333
0.078780
0.079444
0.074668
0.090544
0.087303
0.089651
0.075919
0.075417
0.089489
0.090281
0.088811
0.076204
0.091260
0.092627
0.089319
0.023428
0.022125
0.021922
0.022157
0.022843
0.022721
0.022922
0.022126
0.022167
0.022161
0.022318
0.022419
0.022881
0.023193
0.023131
0.024082
0.023731
0.023454
0.024320
0.024163
0.023299
0.023086
0.023801
0.024024
0.023861
0.023747
0.024054
0.024072
0.024311
0.023749
0.024018
0.023826
0.023033
0.023271
0.023571
0.023651
0.022650
0.024509
0.024436
0.024204
0.023087
0.022027
0.021749
0.021810
0.021994
0.022260
0.022860
0.023378
0.023319
0.023112
0.022827
0.022570
0.022888
0.021952
0.022353
0.021986
0.022156
0.021872
0.022524
0.022568
0.021890
0.021807
0.021352
0.021712
0.022367
0.021896
0.021043
0.022711
0.022249
0.077905
0.077096
0.077568
0.079544
0.086812
0.085040
0.076679
0.077110
0.077915
0.078951
0.074847
0.080077
0.075109
0.095562
0.087456
0.085411
0.087992
0.087131
0.089472
0.085544
0.078250
0.079867
0.085630
0.083651
0.076817
0.076008
0.077105
0.076204
0.072739
0.076933
0.080939
0.081164
0.077964
0.078458
0.065180
0.062122
0.061860
0.063784
0.063948
0.068967
0.076507
0.082023
0.082717
0.078385
0.073036
0.076489
0.079302
0.077696
0.080176
0.081958
0.075102
0.078450
0.078021
0.086193
0.075612
0.079157
0.075680
0.077781
0.079580
0.084321
0.084924
0.074914
0.076607
0.079635
0.079920
0.073416
0.073074
0.089430
0.084234
0.078920
0.077938
0.073574
0.074785
0.075728
0.079340
0.074970
0.075984
0.074973
0.061669
0.071777
0.075161
0.088776
0.082607
0.085912
0.074818
0.066651
0.070427
0.096235
0.090089
0.087078
0.073235
0.071000
0.072801
0.080055
0.078124
0.074558
0.082063
0.077664
0.105929
0.083118
0.081839
0.095030
0.074993
0.071344
0.080164
0.090392
0.029004
0.029047
0.029845
0.029368
0.027119
0.027683
0.028713
0.028202
0.028655
0.029478
0.029335
0.030168
0.029280
0.029721
0.029380
0.029608
0.029183
0.029184
0.027557
0.025561
0.024787
0.024327
0.025278
0.027273
0.030211
0.031709
0.032101
0.030265
0.030781
0.030942
0.030324
0.031586
0.033067
0.033099
0.031495
0.031210
0.029629
0.029790
0.030416
0.031182
0.034318
0.037785
0.038143
0.036909
0.036493
0.036598
0.036715
0.035804
0.037222
0.035885
0.034060
0.031696
0.031277
0.033059
0.030361
0.027073
0.027712
0.027212
0.026987
0.025794
0.027260
0.025779
0.026606
0.026673
0.026274
0.026275
0.025283
0.023090
0.022883
0.022965
0.023811
0.023690
0.023327
0.023129
0.027245
0.030493
0.032411
0.029580
0.028134
0.025770
0.025181
0.025024
0.024946
0.027499
0.028154
0.027564
0.027463
0.027675
0.028012
0.027469
0.028108
0.026131
0.027102
0.024514
0.024249
0.023434
0.022918
0.023272
0.024201
0.024926
0.024040
0.024471
0.024593
0.023753
0.024285
0.023049
0.022839
0.022784
0.024568
0.025474
0.030336
0.030057
0.030442
0.031568
0.032186
0.029103
0.029572
0.030511
0.029624
0.030680
0.030449
0.031174
0.030837
0.028622
0.027330
0.026491
0.027285
0.028220
0.029489
0.031078
0.031762
0.032605
0.033051
0.033635
0.032069
0.032231
0.031473
0.031138
0.030859
0.030931
0.032186
0.031693
0.032546
0.031914
0.030993
0.029381
0.028483
0.027602
0.026883
0.026164
0.089407
0.091964
0.090879
0.088715
0.087951
0.089830
0.091139
0.070514
0.070603
0.069824
0.070003
0.071128
0.070648
0.067556
0.093080
0.068099
0.067408
0.068270
0.067180
0.068077
0.068215
0.067944
0.069174
0.066617
0.064351
0.066123
0.066463
0.065963
0.066009
0.068535
0.037767
0.037953
0.035806
0.035070
0.035267
0.036135
0.034262
0.035155
0.035390
0.035061
0.034444
0.034197
0.033575
0.033390
0.034101
0.034440
0.034963
0.034832
0.034514
0.034629
0.034642
0.034176
0.034600
0.034763
0.034788
0.034312
0.034660
0.035207
0.033861
0.034859
0.034214
0.034687
0.033851
0.033141
0.032464
0.033347
0.032896
0.033600
0.032767
0.034025
0.034181
0.033875
0.031571
0.031834
0.032396
0.031295
0.558160
0.518986
0.532263
0.445541
0.367715
0.373944
0.372970
0.384189
0.369228
0.339009
0.326187
0.319042
0.299912
0.285564
0.299073
0.289208
0.292717
0.287597
0.284504
0.271352
0.277105
0.283966
0.281699
0.269556
0.268697
0.272927
0.271460
0.273093
0.273685
0.271748
0.273659
0.272871
0.272337
0.272464
0.272796
0.272531
0.272188
0.270510
0.253885
0.253833
0.253034
0.256048
0.256249
0.255276
0.255990
0.256485
0.254330
0.254207
0.253351
0.258583
0.260438
0.267960
0.271673
0.289038
0.269031
0.268869
0.286196
0.295885
0.298838
0.314319
0.308467
0.309694
0.369745
0.370198
0.394181
0.401766
0.384968
0.415328
0.427116
0.421329
0.447026
0.451859
0.466943
0.478523
0.475281
0.456734
0.426185
0.413914
0.382834
0.467997
0.404181
0.400645
0.402848
0.405579
0.400585
0.412445
0.375526
0.373438
0.370059
0.358696
0.358735
0.348293
0.349318
0.346151
0.346606
0.345607
0.338413
0.341290
0.339307
0.356134
0.360769
0.363216
0.361107
0.361386
0.363657
0.368267
0.364546
0.364590
0.371865
0.371801
0.366846
0.366887
0.366011
0.361034
0.365288
0.365423
0.365245
0.361711
0.361692
0.365567
0.361503
0.366593
0.366379
0.366262
0.366272
0.365141
0.365122
0.365123
0.361293
0.365218
0.365242
0.365242
0.365194
0.365297
0.361574
0.365278
0.361215
0.365600
0.365383
0.365626
0.366348
0.104609
0.093835
0.106752
0.116856
0.119094
0.125702
0.131047
0.133226
0.135196
0.115823
0.123565
0.138704
0.130587
0.123742
0.029557
0.029692
0.031786
0.033506
0.039660
0.044970
0.041627
0.040174
0.039141
0.040423
0.042441
0.043796
0.044615
0.045051
0.045784
0.046248
0.042966
0.043025
0.042677
0.041890
0.041690
0.041832
0.039990
0.040661
0.043287
0.044086
0.041140
0.038425
0.039758
0.040887
0.041090
0.039271
0.039269
0.039080
0.038490
0.038888
0.038748
0.038267
0.038954
0.039295
0.038935
0.038741
0.039493
0.038260
0.038847
0.038096
0.038141
0.038827
0.036782
0.036533
0.037882
0.037351
0.038031
0.037826
0.037943
0.039409
0.039082
0.038801
0.038815
0.038591
0.037202
0.038533
0.037647
0.036902
0.037573
0.037816
0.037601
0.037417
0.037068
0.037507
0.038404
0.037083
0.037553
0.036059
0.035840
0.035490
0.035753
0.035381
0.034982
0.035778
0.035361
0.035694
0.035507
0.036297
0.035483
0.033677
0.035690
0.035011
0.035027
0.035681
0.036904
0.035664
0.035923
0.034752
0.036448
0.036385
0.036656
0.036430
0.034868
0.033909
0.031911
0.034243
0.032647
0.032198
0.031545
0.033059
0.031757
0.032803
0.032838
0.034432
0.033609
0.033772
0.033460
0.034853
0.034452
0.033885
0.035187
0.035176
0.034513
0.033904
0.034313
0.034706
0.033214
0.032862
0.033463
0.035202
0.037211
0.039408
0.039060
0.130632
0.098123
0.073072
0.059427
0.054182
0.058357
0.075432
0.103869
0.151830
0.202678
0.268656
0.331280
0.280461
0.286514
0.282534
0.284224
0.338619
0.338248
0.369251
0.140404
0.106255
0.123720
0.109321
0.131534
0.130998
0.132095
0.115162
0.110074
0.114935
0.141983
0.184491
0.175463
0.201223
0.225486
0.220930
0.198780
0.187564
0.157209
0.175941
0.162960
0.115838
0.122362
0.115031
0.113031
0.117412
0.117976
0.121363
0.121231
0.122188
0.114797
0.120234
0.118497
0.120238
0.120805
0.119979
0.117800
0.114808
0.120508
0.115812
0.115635
0.116315
0.116160
0.116820
0.117787
0.117355
0.121371
0.118716
0.118695
0.121674
0.125137
0.124886
0.125702
0.125549
0.124079
0.124021
0.125503
0.124415
0.115371
0.127310
0.120051
0.118100
0.118689
0.124996
0.123247
0.118813
0.124220
0.116846
0.114321
0.117403
0.121556
0.118081
0.114756
0.117218
0.117272
0.118491
0.118141
0.130636
0.130636
0.130636
0.130636
0.130636
0.130636
0.123363
0.121702
0.115319
0.105224
0.083813
0.102374
0.102744
0.110742
0.084955
0.078290
0.090628
0.115270
0.121592
0.091991
0.164187
0.295377
0.265600
0.345551
0.302773
0.314636
0.307246
0.348810
0.387734
0.295387
0.272704
0.252909
0.273846
0.266429
0.187850
0.163946
0.205036
0.176342
0.154867
0.137218
0.154872
0.153777
0.164290
0.185621
0.169378
0.174427
0.191892
0.213501
0.221456
0.224008
0.228866
0.237654
0.251505
0.252273
0.263803
0.255128
0.277128
0.294250
0.266347
0.258988
0.264581
0.253808
0.253298
0.263636
0.258844
0.265576
0.271452
0.276769
0.274965
0.270936
0.273811
0.253946
0.261000
0.299301
0.276284
0.294763
0.278976
0.281565
0.255706
0.259198
0.284220
0.266572
0.339409
0.357841
0.360480
0.388875
0.356657
0.393810
0.389719
0.401347
0.330128
0.327132
0.324480
0.323396
0.330617
0.302680
0.312332
0.312400
0.310453
0.310436
0.310448
0.333872
0.151672
0.151838
0.150998
0.149457
0.150502
0.149859
0.151360
0.152322
0.150828
0.148210
0.148301
0.146964
0.145926
0.146005
0.143847
0.140949
0.142104
0.141763
0.140680
0.143041
0.143951
0.144297
0.141587
0.143977
0.141304
0.141520
0.141641
0.142099
0.140719
0.141192
0.141074
0.145613
0.141318
0.144600
0.142188
0.145357
0.142218
0.141974
0.143929
0.141818
0.140662
0.145059
0.144615
0.145050
0.144657
0.142795
0.143829
0.143876
0.141232
0.143385
0.139997
0.141319
0.142670
0.140683
0.140264
0.143428
0.142073
0.141029
0.141487
0.141580
0.142941
0.140028
0.140230
0.142874
0.143030
0.141622
0.141040
0.142884
0.143199
0.140759
0.141777
0.143759
0.130636
0.130636
0.130636
0.130636
0.130636
0.130636
0.130636
0.130636
