0.121196
0.123365
0.124681
0.122559
0.124200
0.128478
0.145054
0.146724
0.131301
0.140590
0.141459
0.140749
0.142465
0.141852
0.180535
0.286778
0.156940
0.155251
0.160564
0.174031
0.178615
0.180335
0.189528
0.185230
0.194044
0.186960
0.187332
0.186247
0.193563
0.193539
0.192277
0.188836
0.189584
0.198823
0.268158
0.156792
0.155964
0.156464
0.140421
0.143116
0.131684
0.141637
0.135974
0.132108
0.133187
0.131638
0.133604
0.143532
0.132458
0.137927
0.136199
0.132938
0.135722
0.137218
0.135864
0.135539
0.134556
0.135280
0.160571
0.293658
0.109928
0.113742
0.113357
0.124318
0.126437
0.131078
0.127095
0.130491
0.130953
0.141881
0.147881
0.126721
0.138967
0.141823
0.139825
0.130505
0.151008
0.421521
0.139627
0.138743
0.138743
0.138887
0.138208
0.138339
0.138406
0.137899
0.139043
0.138853
0.139180
0.139805
0.138854
0.139683
0.131073
0.131075
0.131058
0.133375
0.135062
0.146896
0.303012
0.131241
0.140381
0.133732
0.138684
0.136738
0.139881
0.140160
0.140264
0.139505
0.139813
0.139750
0.139791
0.140128
0.140111
0.139807
0.139796
0.139152
0.137769
0.138315
0.138462
0.138329
0.137583
0.137727
0.137657
0.138262
0.137337
0.137335
0.138035
0.137879
0.137807
0.137958
0.138066
0.138029
0.138019
0.138053
0.138019
0.085590
0.089194
0.090805
0.089175
0.089402
0.089240
0.091095
0.088470
0.087323
0.089640
0.086282
0.089854
0.089423
0.089423
0.091075
0.142836
0.150890
0.149442
0.177820
0.135995
0.143078
0.160484
0.145248
0.180828
0.186683
0.184044
0.177773
0.196590
0.247281
0.248968
0.243441
0.243031
0.242053
0.240006
0.242117
0.241672
0.213074
0.237925
0.239147
0.230570
0.223742
0.224876
0.225424
0.223594
0.225191
0.225608
0.224526
0.223675
0.223353
0.223179
0.222531
0.222403
0.222071
0.222023
0.225070
0.224983
0.185777
0.184696
0.189247
0.200978
0.196379
0.202331
0.204213
0.185443
0.189635
0.205178
0.202547
0.199688
0.203066
0.202522
0.201046
0.197798
0.203064
0.170469
0.092251
0.096133
0.095551
0.121500
0.116294
0.120224
0.151728
0.150349
0.174787
0.178081
0.177041
0.171411
0.169593
0.146977
0.144156
0.131296
0.120539
0.132973
0.128985
0.128873
0.117485
0.109641
0.105415
0.096110
0.088609
0.086735
0.105113
0.103656
0.104100
0.104902
0.104729
0.106489
0.104421
0.104517
0.101954
0.098443
0.099801
0.099803
0.100092
0.099600
0.098178
0.106075
0.106464
0.108428
0.107820
0.107824
0.107800
0.107569
0.106205
0.106998
0.106641
0.106327
0.107721
0.106426
0.106473
0.106633
0.106855
0.134558
0.156026
0.179970
0.180934
0.169732
0.168800
0.174616
0.194889
0.180888
0.167921
0.163055
0.166985
0.159969
0.157189
0.161504
0.159033
0.162102
0.172929
0.185560
0.193327
0.197539
0.195309
0.195943
0.192009
0.193737
0.184886
0.181089
0.172278
0.186778
0.186159
0.189444
0.193981
0.194362
0.199136
0.198699
0.206795
0.205327
0.195461
0.192427
0.191347
0.191132
0.196427
0.190688
0.192867
0.190019
0.189481
0.191380
0.194218
0.200347
0.201765
0.201337
0.202395
0.190966
0.195706
0.191915
0.188418
0.192977
0.189607
0.189038
0.188806
0.190021
0.187367
0.189597
0.192488
0.194725
0.186381
0.155985
0.145223
0.173360
0.151687
0.130079
0.167411
0.147880
0.129467
0.131249
0.127784
0.137332
0.137304
0.154681
0.180449
0.192351
0.179515
0.229921
0.227713
0.231313
0.223894
0.240426
0.231615
0.223729
0.212356
0.232127
0.224232
0.225509
0.217294
0.174430
0.190281
0.181484
0.181136
0.177139
0.170222
0.216395
0.184294
0.154455
0.177540
0.184968
0.179381
0.178402
0.180301
0.188942
0.186069
0.186451
0.190290
0.185972
0.189293
0.197017
0.188933
0.181269
0.185281
0.198995
0.189219
0.188090
0.189087
0.166707
0.165817
0.172978
0.167184
0.178570
0.187969
0.182974
0.191893
0.179989
0.187109
0.182240
0.182016
0.185233
0.178358
0.182401
0.179502
0.187141
0.188738
0.165443
0.158941
0.156676
0.195754
0.174184
0.212827
0.210038
0.180862
0.182442
0.187492
0.180555
0.154560
0.159754
0.153937
0.181540
0.179314
0.171617
0.162861
0.163083
0.162225
0.156896
0.161184
0.161427
0.162840
0.156417
0.160468
0.160787
0.157199
0.156854
0.159864
0.158585
0.160258
0.160789
0.173509
0.181488
0.131912
0.130177
0.129303
0.134712
0.136186
0.136561
0.136144
0.136219
0.139486
0.133927
0.132055
0.123587
0.124574
0.122620
0.122225
0.123906
0.132358
0.121870
0.117280
0.117384
0.123709
0.124655
0.124164
0.126001
0.130012
0.131361
0.131804
0.132386
0.131968
0.125939
0.123907
0.120477
0.115356
0.111268
0.117182
0.105563
0.116026
0.111597
0.111220
0.105507
0.105452
0.105523
0.105801
0.105447
0.105979
0.105998
0.105783
0.106393
0.111609
0.108935
0.090934
0.200585
0.254323
0.243846
0.263846
0.263428
0.260762
0.155007
0.154998
0.154993
0.155000
0.155007
0.154999
0.155003
0.000275
0.000247
0.000231
0.000225
0.000225
0.000209
0.000209
0.000206
0.000205
0.000201
0.000201
0.000201
0.000201
0.000197
0.000197
0.000198
0.000198
0.000198
0.000198
0.000198
0.000197
0.000197
0.000197
0.000000
0.000000
0.000000
0.000000
0.000000
0.000000
0.000000
0.000000
0.000000
0.000000
0.000000
0.000000
0.000000
0.000000
0.000000
0.000000
0.121971
0.128254
0.126762
0.125446
0.126835
0.137707
0.145740
0.161067
0.159181
0.161895
0.152373
0.152116
0.153112
0.150960
0.169931
0.164911
0.170183
0.166195
0.174478
0.164337
0.166223
0.166471
0.168725
0.168427
0.165949
0.165616
0.163910
0.164590
0.162680
0.163088
0.162536
0.162319
0.162686
0.159725
0.162011
0.153135
0.162409
0.161359
0.158140
0.160653
0.159615
0.158892
0.161113
0.125300
0.121309
0.121040
0.125390
0.112958
0.113816
0.118240
0.113407
0.116320
0.114625
0.129540
0.125500
0.131024
0.125046
0.125746
0.123591
0.122993
0.119660
0.129675
0.119201
0.116741
0.120399
0.118894
0.116997
0.131091
0.122725
0.128910
0.127082
0.113894
0.111798
0.120666
0.140923
0.112677
0.120245
0.126725
0.129624
0.138058
0.135941
0.140426
0.124590
0.144594
0.143551
0.143263
0.143198
0.254709
0.253139
0.249431
0.248974
0.258563
0.250303
0.249446
0.248207
0.245976
0.246629
0.190288
0.183464
0.179640
0.183685
0.217299
0.215619
0.210416
0.209406
0.232812
0.210638
0.206504
0.207705
0.210671
0.218536
0.212013
0.197154
0.210437
0.192889
0.201527
0.204476
0.200628
0.200665
0.196767
0.200149
0.151454
0.165757
0.165597
0.155945
0.165238
0.156910
0.152014
0.148363
0.145971
0.144087
0.148762
0.150759
0.156789
0.161026
0.174396
0.168657
0.128320
0.117297
0.114512
0.113980
0.114712
0.114676
0.118377
0.119528
0.115166
0.112924
0.098628
0.098183
0.098506
0.106879
0.097773
0.099391
0.101808
0.095339
0.106898
0.107034
0.105509
0.099826
0.100029
0.100047
0.103057
0.101885
0.101375
0.097982
0.096867
0.096904
0.096389
0.094885
0.093980
0.095813
0.085668
0.089322
0.094568
0.095675
0.088739
0.096965
0.096553
0.096673
0.125485
0.100592
0.099084
0.109124
0.106019
0.128475
0.107262
0.106017
0.107680
0.114333
0.111522
0.125854
0.125894
0.115599
0.117852
0.106431
0.107031
0.105396
0.107187
0.112151
0.105478
0.107623
0.105742
0.105808
0.107280
0.103384
0.109096
0.129147
0.128535
0.116850
0.125291
0.121034
0.115240
0.125063
0.116484
0.125376
0.128497
0.126098
0.096098
0.096655
0.098679
0.095399
0.096767
0.095126
0.095956
0.096335
0.099033
0.098671
0.100114
0.123562
0.103942
0.122921
0.121976
0.122950
0.120275
0.124649
0.100416
0.102104
0.100493
0.103829
0.103598
0.093772
0.116429
0.142245
0.115162
0.102541
0.100073
0.120192
0.130021
0.130248
0.132481
0.132300
0.130825
0.131582
0.130152
0.132618
0.132989
0.121899
0.120880
0.119546
0.118049
0.117695
0.115157
0.116280
0.113888
0.115499
0.118384
0.116463
0.120917
0.109675
0.120922
0.110986
0.116449
0.120863
0.132121
0.116868
0.137362
0.128583
0.115276
0.105301
0.117719
0.111874
0.122958
0.114539
0.115822
0.096324
0.098915
0.100428
0.095013
0.092349
0.094892
0.140044
0.094017
0.090000
0.091622
0.090741
0.088138
0.087925
0.089621
0.088270
0.087887
0.092929
0.098678
0.090159
0.108399
0.123270
0.096169
0.125064
0.120856
0.125874
0.119923
0.126854
0.125935
0.125064
0.120559
0.118902
0.110635
0.102420
0.104505
0.106573
0.105316
0.106231
0.103352
0.102817
0.104241
0.103720
0.103771
0.100122
0.100365
0.115722
0.108141
0.099905
0.109811
0.102636
0.104922
0.105466
0.104906
0.105271
0.104053
0.105115
0.104908
0.105591
0.103915
0.103958
0.103263
0.103308
0.103072
0.106392
0.197821
0.197398
0.193654
0.194661
0.194421
0.194337
0.195875
0.196588
0.197994
0.199255
0.194734
0.196445
0.193775
0.194813
0.193865
0.193994
0.195757
0.193434
0.194969
0.202290
0.202313
0.201713
0.201362
0.203755
0.205636
0.203762
0.206498
0.203069
0.205858
0.205440
0.200982
0.199738
0.202454
0.202507
0.200248
0.198249
0.199438
0.198405
0.196745
0.198427
0.198326
0.197640
0.195179
0.193999
0.193332
0.194833
0.194840
0.194530
0.196048
0.196941
0.196038
0.196030
0.196540
0.197934
0.176181
0.178212
0.179251
0.179432
0.177861
0.180965
0.175505
0.180106
0.178084
0.115661
0.180647
0.179193
0.175522
0.103202
0.104086
0.106072
0.104225
0.172709
0.172936
0.173224
0.170987
0.174200
0.171788
0.171189
0.168945
0.166832
0.170665
0.168354
0.175372
0.173532
0.174094
0.172329
0.171215
0.172475
0.171780
0.175861
0.173746
0.172520
0.176922
0.105401
0.095654
0.173173
0.111973
0.148960
0.175171
0.120754
0.125763
0.125490
0.121337
0.116239
0.124896
0.130415
0.128925
0.132228
0.130129
0.125895
0.132759
0.129960
0.130278
0.130445
0.120989
0.120639
0.120998
0.123910
0.121524
0.125835
0.124397
0.127047
0.127107
0.130229
0.127418
0.125137
0.127740
0.117509
0.124183
0.125481
0.119356
0.096965
0.101367
0.105741
0.132273
0.140767
0.138929
0.129383
0.135946
0.137142
0.135900
0.134088
0.132299
0.136971
0.113279
0.114711
0.113008
0.109022
0.112595
0.111142
0.106825
0.107081
0.106767
0.104456
0.105188
0.104686
0.104187
0.105026
0.105738
0.107365
0.112480
0.111495
0.110592
0.110075
0.112249
0.115290
0.113990
0.097388
0.109391
0.106153
0.106627
0.106880
0.102667
0.103726
0.105862
0.111188
0.111803
0.112745
0.108338
0.109977
0.111053
0.110347
0.113805
0.115501
0.101132
0.098323
0.101576
0.097473
0.099542
0.098160
0.099152
0.100455
0.102105
0.099003
0.100766
0.101664
0.100067
0.100709
0.100510
0.101148
0.101140
0.100495
0.104382
0.128127
0.113536
0.105304
0.103746
0.106430
0.104922
0.108138
0.113087
0.118359
0.111606
0.125009
0.119686
0.120753
0.120104
0.120156
0.118109
0.119820
0.124160
0.124269
0.124931
0.125323
0.124736
0.123459
0.113408
0.112055
0.131622
0.131045
0.128397
0.106913
0.114162
0.114565
0.108669
0.111157
0.111894
0.121783
0.097651
0.099242
0.099269
0.108556
0.112194
0.109841
0.112923
0.108617
0.106802
0.176736
0.180397
0.173296
0.173063
0.173878
0.176611
0.175487
0.206228
0.196042
0.176799
0.200036
0.201285
0.176679
0.205289
0.204179
0.202109
0.175596
0.172568
0.177363
0.173495
0.169454
0.168986
0.172243
0.170858
0.173085
0.172538
0.174928
0.166461
0.167662
0.171563
0.169956
0.171357
0.168300
0.168476
0.163476
0.163921
0.164542
0.163662
0.165517
0.164800
0.164116
0.163548
0.163635
0.163390
0.162906
0.163354
0.163751
0.161888
0.162280
0.164593
0.164942
0.165455
0.166304
0.164979
0.167598
0.163471
0.161142
0.162725
0.160797
0.161059
0.163192
0.171136
0.169320
0.174815
0.204002
0.204874
0.198295
0.158484
0.158441
0.205288
0.207980
0.208579
0.200338
0.176363
0.166150
0.162327
0.170806
0.179215
0.167738
0.161961
0.168004
0.166256
0.159558
0.163996
0.164452
0.166419
0.169337
0.162296
0.158800
0.161369
0.163749
0.169985
0.172545
0.171560
0.175010
0.174867
0.166368
0.164913
0.160531
0.160490
0.161152
0.161567
0.159942
0.163978
0.166234
0.168425
0.167017
0.168251
0.167643
0.167436
0.168909
0.168283
0.170081
0.167787
0.164597
0.168814
0.172798
0.171446
0.172760
0.170025
0.172898
0.165135
0.171877
0.171278
0.166963
0.166219
0.166912
0.167007
0.167328
0.167976
0.165144
0.163689
0.160926
0.166214
0.168268
0.162706
0.161564
0.162730
0.162484
0.156567
0.168050
0.162223
0.167657
0.162977
0.164277
0.161979
0.162048
0.167698
0.163787
0.163139
0.162183
0.157397
0.166775
0.161071
0.163156
0.162631
0.163642
0.162095
0.164568
0.164925
0.212290
0.224694
0.227728
0.229165
0.226547
0.227262
0.226092
0.234300
0.235008
0.232609
0.232882
0.231340
0.237049
0.238836
0.240277
0.240862
0.239844
0.236264
0.238516
0.247117
0.258898
0.239771
0.238719
0.241841
0.244291
0.251693
0.250600
0.252061
0.247306
0.265152
0.253657
0.264014
0.267711
0.269089
0.258240
0.254587
0.266991
0.270858
0.275836
0.275297
0.259123
0.277354
0.261932
0.267971
0.243560
0.220965
0.233933
0.237910
0.186149
0.106079
0.105881
0.105978
0.103849
0.106425
0.104924
0.103759
0.107179
0.108463
0.113650
0.095489
0.093359
0.103707
0.102573
0.100925
0.101787
0.103612
0.113881
0.114087
0.096434
0.102107
0.080381
0.080781
0.095412
0.096416
0.098513
0.081219
0.100704
0.098594
0.098525
0.095501
0.087906
0.088022
0.092116
0.096122
0.094442
0.109681
0.108565
0.107957
0.109365
0.112966
0.116015
0.118902
0.100823
0.121288
0.123288
0.119886
0.117614
0.122880
0.124156
0.116908
0.114939
0.112345
0.118543
0.117081
0.117719
0.125571
0.129012
0.131455
0.129905
0.133196
0.133683
0.136476
0.131161
0.137974
0.138111
0.132354
0.138616
0.132166
0.130765
0.131053
0.137116
0.130601
0.135719
0.131245
0.132490
0.130761
0.131221
0.132444
0.132073
0.139415
0.140098
0.132170
0.133512
0.134423
0.132416
0.138622
0.132270
0.126134
0.131464
0.131042
0.137581
0.128984
0.130914
0.131054
0.132029
0.136065
0.133287
0.133807
0.133139
0.135492
0.130420
0.131065
0.141744
0.131329
0.132782
0.134213
0.134771
0.136840
0.146093
0.130710
0.134021
0.131875
0.123145
0.120263
0.120198
0.110420
0.111407
0.122105
0.121643
0.123911
0.114931
0.126965
0.113995
0.119092
0.116981
0.123814
0.211017
0.199944
0.200063
0.199624
0.200434
0.199926
0.201887
0.202480
0.198955
0.198577
0.197867
0.199704
0.197992
0.199214
0.198479
0.198589
0.196948
0.200634
0.194263
0.200531
0.201279
0.179487
0.195783
0.149188
0.106732
0.106198
0.108467
0.108467
0.108467
0.107677
0.102914
0.103208
0.102463
0.106484
0.109159
0.107226
0.106402
0.107321
0.109707
0.107978
0.107625
0.104171
0.104425
0.104327
0.103634
0.104823
0.104821
0.104877
0.104148
0.105274
0.103952
0.103995
0.104326
0.105298
0.104428
0.104301
0.103001
0.104550
0.104657
0.104631
0.104543
0.104708
0.102746
0.102862
0.102863
0.102832
0.104612
0.103067
0.103627
0.104076
0.102629
0.162332
0.151769
0.152449
0.153653
0.150520
0.161406
0.169375
0.166222
0.159127
0.167527
0.173179
0.150324
0.153694
0.154853
0.157138
0.175324
0.171617
0.172636
0.178793
0.190745
0.189230
0.187919
0.186474
0.182731
0.173230
0.171412
0.186584
0.185827
0.186334
0.185499
0.174516
0.175337
0.175704
0.175996
0.175815
0.183357
0.173010
0.174109
0.175419
0.174677
0.174532
0.172543
0.170169
0.172123
0.172903
0.172510
0.173781
0.175561
0.174476
0.172451
0.166101
0.176894
0.178377
0.177947
0.178813
0.174738
0.175358
0.174129
0.179264
0.094333
0.181977
0.196915
0.191296
0.173184
0.173895
0.172189
0.195121
0.190649
0.190708
0.187473
0.173884
0.175312
0.174187
0.175022
0.172256
0.175387
0.173736
0.174161
0.173894
0.173527
0.173251
0.173712
0.172059
0.170790
0.167689
0.173484
0.169877
0.168065
0.170335
0.169816
0.168933
0.168685
0.168865
0.169917
0.167034
0.180253
0.175958
0.172957
0.173158
0.170210
0.169466
0.169120
0.170408
0.170876
0.168152
0.169176
0.171450
0.169308
0.169497
0.169237
0.168989
0.169152
0.172322
0.172629
0.168344
0.168042
0.167534
0.167195
0.167861
0.168339
0.170996
0.169973
0.170646
0.171546
0.171829
0.170236
0.169264
0.171095
0.177489
0.173319
0.175419
0.174491
0.172307
0.173385
0.172723
0.174936
0.174044
0.163046
0.169372
0.173001
0.170930
0.170379
0.169575
0.171298
0.169690
0.170448
0.172138
0.171250
0.171677
0.171994
0.171241
0.170512
0.170864
0.170788
0.173501
0.173660
0.168006
0.173114
0.175431
0.175231
0.175770
0.175651
0.175661
0.174264
0.172490
0.171572
0.173956
0.173443
0.175330
0.174784
0.174144
0.175334
0.174881
0.175949
0.175348
0.175660
0.177161
0.175657
0.174046
0.175505
0.176062
0.175543
0.162094
0.174499
0.173709
0.175117
0.175048
0.173515
0.173878
0.175997
0.162668
0.161865
0.163827
0.169542
0.168323
0.172330
0.172221
0.170466
0.174386
0.174214
0.172877
0.174978
0.173387
0.171723
0.171082
0.170134
0.175703
0.170306
0.170361
0.171785
0.174593
0.171260
0.172060
0.172777
0.169693
0.174109
0.170337
0.169273
0.170416
0.171666
0.170043
0.172399
0.173145
0.171049
0.166320
0.164443
0.175661
0.176428
0.176517
0.178260
0.171058
0.094402
0.093114
0.093081
0.093638
0.094157
0.094311
0.094550
0.094845
0.093599
0.094538
0.095400
0.095733
0.094990
0.096519
0.095380
0.095510
0.096017
0.095694
0.096035
0.097390
0.097313
0.097008
0.096432
0.102825
0.102329
0.100310
0.101493
0.100799
0.098113
0.096682
0.097667
0.097894
0.097889
0.100174
0.099073
0.101409
0.098642
0.098143
0.097432
0.095560
0.095204
0.094926
0.095410
0.095547
0.096228
0.096199
0.096125
0.100096
0.100086
0.099548
0.100396
0.096285
0.097887
0.095766
0.095345
0.095446
0.094471
0.094398
0.093606
0.094060
0.094496
0.096630
0.098824
0.099791
0.112390
0.124350
0.105567
0.101899
0.104766
0.105942
0.105803
0.105063
0.102423
0.099169
0.100304
0.102516
0.101465
0.100126
0.108848
0.103471
0.103683
0.105163
0.101240
0.100675
0.100791
0.112947
0.104110
0.101164
0.100177
0.121577
0.115347
0.103633
0.105494
0.106581
0.106268
0.101945
0.104371
0.103614
0.104125
0.102568
0.108150
0.100348
0.102454
0.178968
0.164649
0.155025
0.149875
0.166429
0.150729
0.152293
0.155362
0.150261
0.159426
0.157789
0.133546
0.133072
0.152468
0.157620
0.154453
0.152517
0.154157
0.149028
0.154873
0.152412
0.155355
0.153646
0.153599
0.155266
0.158509
0.155345
0.156614
0.134016
0.155761
0.154678
0.155673
0.132614
0.130737
0.211979
0.212362
0.202857
0.213241
0.212408
0.211874
0.205139
0.205839
0.210590
0.210456
0.197980
0.197353
0.197690
0.197152
0.197975
0.195586
0.200432
0.219386
0.200883
0.204880
0.190615
0.191921
0.195405
0.203126
0.182225
0.183700
0.183371
0.181466
0.174985
0.189482
0.176948
0.177043
0.178552
0.186773
0.195159
0.192748
0.196817
0.195753
0.194511
0.195622
0.200210
0.197315
0.195637
0.190488
0.191061
0.191799
0.192325
0.189331
0.194606
0.194553
0.198347
0.194576
0.194896
0.197509
0.189534
0.189821
0.188272
0.202018
0.207145
0.198436
0.201901
0.196652
0.189783
0.202618
0.201779
0.208162
0.203424
0.202615
0.202588
0.200948
0.203462
0.190446
0.185620
0.188989
0.186537
0.183851
0.184684
0.180118
0.184975
0.184385
0.184958
0.184698
0.185311
0.184242
0.186294
0.181618
0.181898
0.194868
0.196344
0.196249
0.193859
0.194140
0.194947
0.193643
0.193139
0.192650
0.194791
0.195713
0.191549
0.193997
0.194968
0.195409
0.190910
0.191343
0.195350
0.193688
0.193559
0.192421
0.191437
0.192458
0.193770
0.193016
0.193961
0.192416
0.193286
0.197310
0.189725
0.188988
0.183046
0.186714
0.188332
0.184422
0.195644
0.195623
0.196126
0.195165
0.198805
0.198540
0.194307
0.191222
0.191917
0.174738
0.162513
0.199672
0.155795
0.159882
0.148266
0.147734
0.138895
0.138952
0.148665
0.148918
0.148681
0.148609
0.148131
0.147274
0.148003
0.148123
0.148123
0.167687
0.167514
0.157997
0.184838
0.181945
0.145871
0.123713
0.123966
0.126263
0.123425
0.127732
0.124584
0.124226
0.123760
0.124699
0.124066
0.127420
0.124023
0.125184
0.126371
0.126698
0.126671
0.126924
0.125465
0.125870
0.125591
0.125803
0.126609
0.126561
0.126155
0.126827
0.125865
0.127383
0.128062
0.125829
0.127846
0.127085
0.127743
0.127840
0.127362
0.127854
0.127726
0.103448
0.105368
0.102834
0.104433
0.101886
0.094954
0.104681
0.112913
0.112560
0.114216
0.114156
0.114880
0.113255
0.104771
0.102835
0.102380
0.104523
0.103314
0.100869
0.103109
0.104311
0.111887
0.112580
0.112778
0.109002
0.110282
0.110101
0.111480
0.100875
0.096352
0.097005
0.094907
0.096566
0.094690
0.096024
0.096805
0.096295
0.096753
0.259313
0.258545
0.256469
0.257305
0.257860
0.258167
0.257761
0.257128
0.259714
0.259978
0.261146
0.259569
0.258478
0.257348
0.258169
0.260123
0.261952
0.259448
0.261405
0.262897
0.262566
0.259499
0.261659
0.262325
0.260061
0.258667
0.259617
0.260256
0.260240
0.257632
0.255320
0.255552
0.256272
0.256387
0.258065
0.251826
0.250614
0.251548
0.252375
0.256245
0.247285
0.253224
0.250647
0.251108
0.249579
0.250120
0.253122
0.249799
0.255897
0.249656
0.252190
0.252013
0.251541
0.251697
0.253841
0.253648
0.251604
0.250347
0.252662
0.253463
0.249271
0.252926
0.250302
0.251686
0.254436
0.254078
0.251618
0.251137
0.250735
0.249930
0.249919
0.206380
0.207037
0.207812
0.207631
0.207974
0.208311
0.206179
0.208361
0.207660
0.206852
0.208364
0.205311
0.201302
0.201246
0.201541
0.201451
0.203422
0.203755
0.203775
0.203956
0.203767
0.203621
0.203688
0.204612
0.174712
0.178352
0.203864
0.202621
0.180790
0.203870
0.183948
0.198984
0.198512
0.199385
0.192487
0.193231
0.195594
0.194892
0.164827
0.166197
0.164750
0.149348
0.146106
0.145490
0.147148
0.148985
0.157592
0.156494
0.157519
0.157865
0.144039
0.160275
0.144207
0.145941
0.157385
0.158848
0.151421
0.150210
0.151478
0.151762
0.147178
0.146713
0.146776
0.149740
0.141520
0.146079
0.144387
0.141793
0.142523
0.145186
0.142733
0.143269
0.143638
0.149748
0.147827
0.151753
0.164410
0.169855
0.155019
0.155237
0.153208
0.155865
0.156185
0.155675
0.155524
0.155184
0.154727
0.154691
0.155190
0.155664
0.154615
0.155863
0.155437
0.155282
0.153487
0.151564
0.153685
0.176587
0.182692
0.182332
0.173922
0.180043
0.176845
0.175946
0.176944
0.175970
0.174198
0.175034
0.173833
0.174260
0.175434
0.182506
0.170913
0.171044
0.171991
0.181590
0.182080
0.181017
0.181833
0.180789
0.178939
0.179331
0.179206
0.178277
0.173759
0.169332
0.168698
0.173383
0.180414
0.174186
0.173418
0.170415
0.174978
0.174204
0.178026
0.186462
0.178038
0.189173
0.185667
0.188062
0.178269
0.177571
0.180360
0.180466
0.177794
0.178681
0.187577
0.188062
0.167603
0.168646
0.165076
0.183806
0.186538
0.183973
0.188600
0.187705
0.187021
0.186657
0.177104
0.177911
0.176190
0.174497
0.174413
0.174300
0.176751
0.181667
0.180849
0.108407
0.109213
0.108447
0.109903
0.107450
0.109447
0.123084
0.119963
0.112836
0.122914
0.121436
0.122639
0.125697
0.130696
0.118604
0.121924
0.130222
0.132459
0.133013
0.128312
0.124406
0.135301
0.131932
0.131590
0.126253
0.129458
0.132552
0.132921
0.131040
0.130896
0.129903
0.125106
0.131117
0.124186
0.112152
0.125611
0.124654
0.128956
0.126254
0.126531
0.122248
0.127017
0.120274
0.119894
0.120043
0.116078
0.122082
0.101668
0.107928
0.120155
0.121115
0.121026
0.116831
0.112800
0.108270
0.111530
0.109014
0.115199
0.116565
0.114749
0.115491
0.120897
0.119831
0.119943
0.116714
0.119636
0.123401
0.125568
0.125106
0.121975
0.123145
0.124384
0.121028
0.128908
0.130614
0.119077
0.115310
0.114768
0.119056
0.110819
0.113903
0.116136
0.112996
0.110346
0.119877
0.112597
0.114738
0.111380
0.116008
0.115457
0.119210
0.117247
0.114103
0.118575
0.131679
0.133668
0.121446
0.133365
0.136296
0.125969
0.133747
0.132703
0.134440
0.134453
0.121641
0.122704
0.124412
0.131856
0.115432
0.123193
0.119158
0.125693
0.128347
0.122599
0.116461
0.128852
0.126768
0.122715
0.121477
0.123155
0.117441
0.121964
0.121642
0.106599
0.119592
0.105770
0.120603
0.119314
0.124615
0.125519
0.117294
0.124588
0.125287
0.118790
0.122067
0.123927
0.119403
0.118819
0.127605
0.118248
0.123349
0.124261
0.126326
0.125008
0.120293
0.118415
0.112526
0.109144
0.108867
0.107854
0.102538
0.108138
0.104360
0.107182
0.108255
0.110437
0.109390
0.108666
0.110698
0.110998
0.108632
0.109633
0.110207
0.103531
0.109654
0.109432
0.110425
0.108313
0.111749
0.115624
0.114542
0.106596
0.104741
0.104302
0.109503
0.108536
0.102871
0.110044
0.109940
0.104866
0.108383
0.107577
0.108456
0.107585
0.105466
0.107476
0.108865
0.112057
0.112774
0.112757
0.112631
0.105259
0.105610
0.108172
0.105413
0.105300
0.102733
0.104260
0.105687
0.105566
0.105419
0.105120
0.108643
0.106899
0.108874
0.104310
0.111162
0.106905
0.111587
0.113778
0.113085
0.111694
0.113734
0.111817
0.116361
0.116046
0.114079
0.108313
0.107409
0.108167
0.109029
0.110211
0.109063
0.109057
0.105057
0.109103
0.108436
0.108172
0.107484
0.106785
0.196115
0.192580
0.193132
0.193285
0.193096
0.194082
0.193846
0.194157
0.195273
0.198735
0.192593
0.193967
0.194080
0.196173
0.195290
0.195872
0.195391
0.179563
0.182290
0.180882
0.181900
0.182172
0.180491
0.182643
0.181212
0.184216
0.185989
0.185396
0.180750
0.187606
0.183200
0.185193
0.185164
0.185294
0.184119
0.184233
0.182762
0.183557
0.180988
0.181346
0.182590
0.183230
0.182282
0.182699
0.182375
0.182267
0.183526
0.183248
0.183224
0.182272
0.183166
0.183093
0.182910
0.182556
0.183092
0.183646
0.183595
0.183141
0.183545
0.182669
0.182951
0.182956
0.181171
0.180891
0.182053
0.183088
0.182148
0.182012
0.180747
0.180888
0.180880
0.180432
0.180871
0.181519
0.179968
0.181506
0.186597
0.185693
0.179254
0.177133
0.175025
0.174824
0.174555
0.172793
0.175687
0.170692
0.173930
0.146942
0.135636
0.140372
0.180809
0.145172
0.135398
0.123918
0.123899
0.125316
0.123084
0.138012
0.180491
0.176961
0.176452
0.176218
0.173811
0.174277
0.174892
0.179433
0.166732
0.165935
0.165347
0.167636
0.140871
0.191363
0.145701
0.154110
0.158895
0.207847
0.208968
0.210593
0.227922
0.209169
0.212498
0.221799
0.212861
0.220538
0.200209
0.200973
0.202497
0.203948
0.202534
0.203407
0.200024
0.200335
0.201050
0.198914
0.197104
0.199450
0.202661
0.205310
0.154995
0.154244
0.154326
0.153254
0.150356
0.153961
0.150459
0.123816
0.121714
0.151422
0.123741
0.124625
0.124722
0.123156
0.122923
0.122365
0.152077
0.154017
0.154844
0.156340
0.157188
0.155951
0.156164
0.156090
0.158276
0.156774
0.158876
0.157227
0.156277
0.158534
0.154954
0.155956
0.156069
0.209840
0.208348
0.204304
0.197798
0.197046
0.197809
0.198566
0.197132
0.196911
0.195626
0.196209
0.195280
0.195408
0.193416
0.192942
0.192164
0.192170
0.190901
0.192682
0.192777
0.191731
0.192441
0.191882
0.187537
0.188763
0.187430
0.186830
0.113829
0.119476
0.115563
0.125755
0.116355
0.108397
0.106697
0.103196
0.102818
0.106937
0.106070
0.112287
0.109773
0.112757
0.114303
0.108290
0.110324
0.110374
0.120607
0.107594
0.105811
0.107129
0.105139
0.119262
0.116688
0.112096
0.111185
0.109514
0.111882
0.110007
0.109545
0.108225
0.112377
0.115933
0.109320
0.118491
0.118824
0.114892
0.114203
0.102266
0.112285
0.111319
0.116146
0.126831
0.124752
0.124737
0.133087
0.137359
0.131598
0.137131
0.139980
0.135868
0.132691
0.140324
0.144682
0.148883
0.154102
0.143261
0.146891
0.141409
0.146157
0.143955
0.141597
0.143311
0.149762
0.141499
0.140213
0.121706
0.158688
0.158054
0.147990
0.141645
0.146950
0.147781
0.146304
0.143364
0.141115
0.139210
0.140568
0.138866
0.137772
0.161465
0.136806
0.139747
0.139796
0.145410
0.151461
0.145484
0.159991
0.148325
0.151736
0.141808
0.157981
0.145368
0.139489
0.148732
0.153944
0.153818
0.154546
0.146733
0.147175
0.145993
0.144279
0.127059
0.136070
0.114857
0.108441
0.096744
0.096076
0.104484
0.100148
0.094472
0.101648
0.097955
0.097467
0.094025
0.096093
0.094359
0.117451
0.119033
0.133777
0.123681
0.130155
0.130026
0.129287
0.115376
0.119025
0.119129
0.118944
0.107407
0.116826
0.117382
0.118129
0.137670
0.131123
0.110390
0.133772
0.124972
0.117110
0.111370
0.094137
0.102924
0.128614
0.120420
0.127236
0.137766
0.131499
0.119193
0.127469
0.105348
0.119863
0.115446
0.115802
0.118446
0.125829
0.115534
0.121766
0.112562
0.123773
0.108888
0.090505
0.091048
0.106268
0.105246
0.117392
0.087162
0.080487
0.086049
0.109803
0.113817
0.113831
0.112028
0.120357
0.119134
0.118498
0.135975
0.107224
0.105393
0.109186
0.106511
0.102564
0.102361
0.101487
0.089838
0.094138
0.096695
0.097519
0.103486
0.096280
0.092588
0.100989
0.094491
0.087810
0.088128
0.091913
0.081363
0.082775
0.094977
0.088655
0.094327
0.100950
0.099195
0.098382
0.096196
0.102999
0.099883
0.107694
0.114643
0.128963
0.129151
0.131498
0.183788
0.184737
0.183895
0.183309
0.182885
0.182218
0.181984
0.184436
0.185882
0.184090
0.184417
0.183020
0.182452
0.183767
0.182849
0.182698
0.179936
0.182005
0.185298
0.178277
0.222523
0.226553
0.232911
0.230342
0.225984
0.221251
0.229503
0.229483
0.226458
0.224124
0.220648
0.214280
0.214570
0.213537
0.216017
0.222107
0.217877
0.216653
0.219614
0.218885
0.229055
0.223249
0.215556
0.218971
0.204825
0.172400
0.173579
0.205703
0.155074
0.186615
0.178798
0.177607
0.179500
0.185247
0.184638
0.190654
0.191046
0.185137
0.186123
0.179901
0.179834
0.179654
0.181137
0.180927
0.179459
0.179827
0.180043
0.180896
0.181050
0.180353
0.182601
0.181805
0.181752
0.188930
0.184065
0.179757
0.188000
0.179872
0.179327
0.180031
0.180191
0.178798
0.180943
0.180816
0.181216
0.179332
0.179197
0.179321
0.179160
0.179480
0.179659
0.179461
0.177753
0.178188
0.180346
0.186461
0.179120
0.184404
0.181596
0.180324
0.180760
0.181801
0.181874
0.182545
0.185329
0.183799
0.190103
0.185433
0.184986
0.185961
0.184526
0.184377
0.183727
0.184771
0.186806
0.189013
0.188870
0.187633
0.189028
0.184861
0.182805
0.176595
0.172414
0.175327
0.180343
0.188253
0.182426
0.182329
0.182301
0.180739
0.181064
0.181003
0.181036
0.181249
0.180154
0.181005
0.181402
0.181351
0.182211
0.181861
0.187526
0.186973
0.187605
0.188914
0.196507
0.196243
0.190286
0.191206
0.190733
0.191925
0.191850
0.193667
0.193526
0.193323
0.193390
0.194593
0.195725
0.196228
0.194768
0.195716
0.195859
0.195983
0.196103
0.195762
0.195059
0.196121
0.195910
0.196546
0.196905
0.196149
0.196012
0.195720
0.195971
0.195285
0.194513
0.195457
0.193782
0.193390
0.191073
0.187924
0.187863
0.187317
0.187847
0.185510
0.186448
0.188800
0.185740
0.189312
0.187745
0.187802
0.189460
0.189518
0.188214
0.178705
0.177171
0.177442
0.178636
0.177234
0.179281
0.178956
0.177812
0.176406
0.097092
0.106005
0.108350
0.118576
0.115417
0.111699
0.111045
0.112464
0.107389
0.112128
0.097844
0.102981
0.105176
0.124838
0.136806
0.139576
0.135991
0.139452
0.137733
0.144302
0.137560
0.137830
0.121588
0.132553
0.132723
0.129939
0.132031
0.105347
0.127924
0.118161
0.108103
0.108158
0.130907
0.132650
0.131305
0.115279
0.135941
0.132785
0.131340
0.188277
0.189829
0.189652
0.187152
0.186099
0.187898
0.184653
0.184100
0.189568
0.188719
0.188820
0.186785
0.188511
0.180285
0.181003
0.181651
0.182333
0.184076
0.184039
0.177243
0.179057
0.184009
0.180202
0.178450
0.175479
0.187601
0.173987
0.179414
0.178058
0.179474
0.184929
0.189360
0.185451
0.181055
0.185607
0.184067
0.187435
0.190063
0.186226
0.189017
0.188909
0.187644
0.188736
0.187582
0.191157
0.191152
0.191718
0.183355
0.188145
0.186341
0.120255
0.118620
0.127493
0.128814
0.130557
0.131658
0.130005
0.136112
0.137998
0.139660
0.137870
0.124357
0.126570
0.131682
0.134131
0.128701
0.130553
0.133621
0.123369
0.124066
0.132555
0.131707
0.126913
0.132774
0.133281
0.134524
0.131237
0.140752
0.125412
0.138355
0.139974
0.137150
0.143970
0.150014
0.137778
0.142113
0.146535
0.151846
0.145121
0.139121
0.146633
0.141192
0.142454
0.139898
0.133621
0.131737
0.128913
0.133801
0.131552
0.131537
0.132139
0.133947
0.133160
0.129625
0.129084
0.131637
0.136935
0.135258
0.115368
0.114842
0.127472
0.127346
0.114452
0.115029
0.117395
0.115507
0.113012
0.113062
0.115725
0.114827
0.122135
0.114683
0.126325
0.129582
0.130328
0.128847
0.130346
0.134354
0.273737
0.278319
0.280109
0.279880
0.275717
0.270128
0.268809
0.268204
0.271280
0.271663
0.271201
0.268403
0.269258
0.265355
0.268516
0.272115
0.273663
0.279096
0.270446
0.272016
0.272467
0.272631
0.263155
0.275929
0.279254
0.279535
0.279521
0.275853
0.279040
0.271746
0.275989
0.274969
0.279361
0.279294
0.279138
0.272790
0.279773
0.274542
0.279164
0.278796
0.278969
0.274184
0.264647
0.263785
0.274625
0.273582
0.272690
0.272939
0.270702
0.268750
0.267668
0.272434
0.276522
0.270591
0.275629
0.274212
0.266981
0.277014
0.277355
0.277025
0.268300
0.274057
0.273435
0.272984
0.273660
0.277182
0.276821
0.276619
0.275393
0.273434
0.275721
0.275623
0.275804
0.276475
0.275968
0.276421
0.277008
0.276157
0.275885
0.276225
0.275911
0.276274
0.276240
0.275661
0.275855
0.276114
