0.112356
0.095820
0.083084
0.077861
0.081278
0.081284
0.081748
0.081436
0.081786
0.081563
0.082207
0.081709
0.077447
0.077594
0.078735
0.078544
0.081452
0.082689
0.082903
0.079047
0.079235
0.079504
0.073043
0.073402
0.085946
0.085137
0.089251
0.085373
0.085465
0.063428
0.086358
0.061960
0.061654
0.085485
0.062652
0.085044
0.067167
0.082184
0.083967
0.090919
0.052613
0.055789
0.040084
0.059348
0.061712
0.041965
0.055464
0.043402
0.048051
0.051499
0.054193
0.055243
0.051530
0.050808
0.052524
0.046502
0.051992
0.050290
0.047143
0.052479
0.052375
0.057360
0.054840
0.072878
0.073088
0.073098
0.072757
0.069119
0.068732
0.070627
0.073433
0.067447
0.068779
0.067834
0.065671
0.069415
0.069571
0.065080
0.063952
0.078994
0.076284
0.087060
0.086560
0.088066
0.090203
0.084949
0.089358
0.085385
0.087338
0.082824
0.080826
0.081248
0.075446
0.076224
0.085264
0.089396
0.090661
0.089229
0.089333
0.079875
0.082102
0.075039
0.076083
0.074993
0.075111
0.077987
0.079708
0.073292
0.074287
0.072410
0.073619
0.073827
0.075068
0.079286
0.079391
0.087430
0.088643
0.110581
0.093700
0.100643
0.102101
0.098946
0.098656
0.099605
0.092695
0.095159
0.095177
0.082855
0.082924
0.073686
0.063118
0.074652
0.072302
0.064184
0.066996
0.068282
0.067701
0.077113
0.077848
0.076997
0.077670
0.078045
0.077673
0.078433
0.079927
0.087429
0.087509
0.076157
0.075691
0.077054
0.078304
0.075514
0.075509
0.070082
0.093775
0.103117
0.103463
0.096517
0.094757
0.093032
0.091839
0.111709
0.111505
0.089894
0.091114
0.090944
0.091084
0.095458
0.095460
0.093677
0.093637
0.089004
0.089134
0.100084
0.098473
0.106777
0.106904
0.099490
0.098713
0.092679
0.091704
0.107598
0.108314
0.086910
0.086944
0.106646
0.106682
0.089750
0.090098
0.109095
0.107371
0.081552
0.105643
0.067011
0.066968
0.066975
0.066961
0.066948
0.068388
0.068503
0.068374
0.068174
0.067436
0.068044
0.066548
0.066786
0.067134
0.067255
0.067389
0.067423
0.067805
0.067353
0.067921
0.067843
0.068961
0.070110
0.071310
0.072140
0.072266
0.071939
0.071866
0.071924
0.072324
0.072436
0.072044
0.072442
0.072332
0.071879
0.071737
0.072617
0.072344
0.072680
0.072365
0.072468
0.072383
0.072145
0.071893
0.072080
0.072123
0.073225
0.073029
0.073024
0.073135
0.073314
0.073439
0.073298
0.073243
0.073657
0.073717
0.074211
0.074082
0.073910
0.073888
0.073977
0.073778
0.073232
0.073478
0.073439
0.074515
0.074148
0.074220
0.074356
0.074389
0.074391
0.074456
0.074367
0.074495
0.073560
0.073873
0.073578
0.074007
0.073812
0.073814
0.073399
0.074763
0.074593
0.074827
0.074703
0.074660
0.074322
0.074498
0.074545
0.074783
0.074420
0.074668
0.074503
0.073982
0.075558
0.071787
0.064088
0.054838
0.046230
0.042377
0.045702
0.048444
0.046384
0.042497
0.045973
0.042218
0.040589
0.039747
0.035780
0.034988
0.034948
0.034484
0.034909
0.034833
0.034692
0.035014
0.034701
0.034241
0.034957
0.034259
0.033947
0.034294
0.033990
0.033588
0.034047
0.033574
0.033507
0.033414
0.033430
0.033416
0.033426
0.033404
0.033129
0.032885
0.032666
0.032784
0.032738
0.032604
0.032427
0.032283
0.032229
0.032229
0.032229
0.032236
0.032231
0.032232
0.032231
0.032239
0.032227
0.032228
0.032227
0.032239
0.032230
0.032267
0.032292
0.027942
0.017572
0.017460
0.019476
0.019505
0.008830
0.008831
0.001414
0.001387
0.000262
0.000260
0.000205
0.000204
0.000215
0.000214
0.000214
0.000214
0.000214
0.000209
0.000209
0.000206
0.000072
0.000000
0.040151
0.040221
0.035863
0.036290
0.031150
0.034280
0.035213
0.034044
0.033017
0.034693
0.041153
0.043570
0.049099
0.047929
0.048727
0.051906
0.056408
0.055545
0.064984
0.064400
0.067221
0.067323
0.068596
0.068533
0.069095
0.068224
0.067415
0.066196
0.065783
0.064330
0.064650
0.063587
0.063375
0.063165
0.061836
0.061776
0.056144
0.055989
0.041700
0.041963
0.042012
0.042449
0.043913
0.044169
0.044051
0.044251
0.043610
0.043889
0.044444
0.044931
0.056651
0.056798
0.068075
0.068076
0.102797
0.102797
0.104018
0.104037
0.104003
0.103982
0.104206
0.104418
0.022045
0.021980
0.022017
0.022007
0.022003
0.021993
0.021943
0.021911
0.023598
0.023591
0.032910
0.032936
0.047250
0.047307
0.050711
0.050703
0.051026
0.051407
0.042473
0.042495
0.039189
0.038849
0.037069
0.037300
0.037630
0.037630
0.041655
0.041663
0.035803
0.058651
0.058674
0.058688
0.058667
0.058616
0.058615
0.058617
0.058616
0.058618
0.058616
0.058616
0.058616
0.058618
0.058614
0.058616
0.058615
0.058631
0.058570
0.058577
0.057870
0.058437
0.057808
0.055756
0.057536
0.049703
0.054385
0.062431
0.066494
0.068561
0.071357
0.071776
0.069461
0.067397
0.064923
0.061333
0.059434
0.057034
0.055081
0.055148
0.054531
0.055168
0.055452
0.055133
0.056361
0.055079
0.054825
0.055892
0.056070
0.055638
0.056068
0.055949
0.056661
0.056668
0.056664
0.056681
0.056675
0.056470
0.056672
0.056687
0.056466
0.056448
0.056446
0.056490
0.056478
0.056649
0.056648
0.056651
0.056705
0.056722
0.056716
0.056753
0.056708
0.056709
0.056708
0.056713
0.056668
0.056676
0.056673
0.056697
0.056728
0.056732
0.056726
0.056735
0.056739
0.056719
0.056739
0.056839
0.056698
0.057129
0.057289
0.057295
0.057292
0.057092
0.057302
0.057316
0.057312
0.057336
0.057354
0.057372
0.057372
0.057373
0.057112
0.057343
0.057343
0.057343
0.057096
0.057102
0.057101
0.057123
0.057327
0.056697
0.056696
0.056721
0.057343
0.057346
0.057345
0.057352
0.057310
0.057345
0.057107
0.057359
0.057359
0.057323
0.056868
0.055602
0.054337
0.053434
0.052850
0.053050
0.053127
0.052933
0.052418
0.052492
0.049699
0.049968
0.048468
0.048436
0.048143
0.046047
0.046032
0.046654
0.046794
0.047041
0.047339
0.047131
0.048171
0.048390
0.047937
0.048869
0.054222
0.070287
0.092730
0.123830
0.209082
0.209157
0.206788
0.208416
0.126194
0.097225
0.080234
0.074187
0.071945
0.072044
0.072157
0.072758
0.072974
0.074128
0.074225
0.073516
0.073832
0.073862
0.073514
0.073417
0.073439
0.073274
0.072962
0.067486
0.065220
0.067100
0.070099
0.071562
0.071541
0.071250
0.070633
0.069661
0.069245
0.065550
0.064309
0.063582
0.061449
0.061998
0.059177
0.058855
0.058520
0.058371
0.057227
0.057137
0.055263
0.055652
0.055711
0.055806
0.053548
0.053498
0.053672
0.053531
0.054139
0.053458
0.054455
0.055764
0.055778
0.056404
0.055825
0.057601
0.059289
0.058555
0.059730
0.059799
0.059826
0.061211
0.062930
0.063596
0.065087
0.065580
0.066258
0.066750
0.067167
0.068287
0.068998
0.069721
0.069569
0.070908
0.072921
0.069943
0.069780
0.070224
0.070043
0.070390
0.070278
0.070491
0.070373
0.070319
0.070623
0.070698
0.071073
0.071109
0.071240
0.071262
0.071478
0.071653
0.071385
0.070655
0.069520
0.069278
0.069869
0.067314
0.064395
0.061762
0.059344
0.064716
0.070920
0.069565
0.073346
0.071402
0.069148
0.067264
0.064043
0.062224
0.061768
0.062084
0.062044
0.061694
0.061669
0.061612
0.061447
0.061427
0.061116
0.060724
0.060648
0.061281
0.061246
0.061246
0.061139
0.061152
0.061139
0.061154
0.061167
0.061164
0.061241
0.061285
0.061791
0.062612
0.047100
0.041534
0.041559
0.041515
0.041495
0.034889
0.034868
0.035817
0.035818
0.038723
0.038694
0.038935
0.039213
0.039256
0.039284
0.039262
0.039268
0.039253
0.039275
0.039288
0.039276
0.038808
0.038628
0.063813
0.063800
0.060001
0.059972
0.057088
0.057093
0.056061
0.056063
0.056845
0.056939
0.057295
0.057320
0.056740
0.056740
0.050614
0.050670
0.058867
0.058924
0.070341
0.070256
0.071940
0.072302
0.073117
0.072848
0.072694
0.071949
0.070242
0.068054
0.063330
0.063568
0.065392
0.067867
0.070039
0.070110
0.071760
0.073852
0.068836
0.070482
0.068744
0.065925
0.062927
0.062877
0.065017
0.065183
0.057868
0.057861
0.059186
0.059043
0.062335
0.062353
0.064259
0.064477
0.071012
0.071022
0.095384
0.095394
0.096819
0.096828
0.096865
0.097190
0.097554
0.098036
0.039931
0.040242
0.040324
0.040385
0.040340
0.040277
0.040249
0.040160
0.039991
0.039996
0.047198
0.047240
0.061207
0.061196
0.063040
0.062908
0.061946
0.061818
0.059804
0.059933
0.057777
0.057958
0.056400
0.056590
0.055735
0.055709
0.055772
0.055833
0.051085
0.067132
0.067122
0.067436
0.067417
0.067523
0.067520
0.067520
0.067518
0.067521
0.067520
0.067520
0.067519
0.067521
0.067537
0.067507
0.067445
0.066634
0.067922
0.065991
0.062267
0.058233
0.058407
0.057569
0.054253
0.060647
0.063638
0.063384
0.063994
0.065939
0.060631
0.058499
0.055479
0.053562
0.053928
0.053500
0.053793
0.053959
0.054021
0.053958
0.053807
0.053164
0.053192
0.053360
0.053601
0.053687
0.053799
0.053728
0.053806
0.053770
0.053646
0.053652
0.053773
0.053860
0.053961
0.054204
0.054438
0.054771
0.055068
0.055449
0.055818
0.056121
0.056499
0.056907
0.057230
0.057481
0.057716
0.057834
0.057922
0.057948
0.057969
0.057979
0.057986
0.057970
0.057975
0.057974
0.058032
0.058032
0.058032
0.058032
0.058032
0.058032
0.058033
0.058033
0.057839
0.057823
0.057824
0.057824
0.057839
0.057826
0.057839
0.057839
0.057839
0.057822
0.057825
0.057824
0.057851
0.057849
0.057849
0.057849
0.057867
0.057865
0.057865
0.057865
0.057865
0.057847
0.057863
0.057869
0.057889
0.057901
0.057891
0.057891
0.057894
0.057874
0.057882
0.057877
0.057882
0.057873
0.057883
0.057882
0.057912
0.057890
0.057884
0.057889
0.058004
0.057896
0.057941
0.057922
0.057932
0.057916
0.057916
0.057916
0.057925
0.057929
0.057863
0.057839
0.057840
0.057839
0.057835
0.057832
0.057833
0.057832
0.057842
0.057835
0.057817
0.057288
0.056268
0.055048
0.054132
0.053787
0.124659
0.122611
0.116595
0.126109
0.127527
0.123952
0.122375
0.117778
0.117235
0.123213
0.114603
0.126553
0.121102
0.118495
0.118659
0.120427
0.123107
0.110564
0.120126
0.121792
0.118675
0.118413
0.127049
0.119410
0.116851
0.125903
0.114015
0.112192
0.114118
0.121193
0.119275
0.121376
0.124487
0.125548
0.127183
0.129979
0.127613
0.123256
0.127726
0.126172
0.127096
0.119380
0.129961
0.132005
0.129967
0.124852
0.123406
0.116855
0.124626
0.124186
0.125315
0.122046
0.118527
0.121859
0.122322
0.117629
0.117365
0.116943
0.115853
0.116333
0.116029
0.120676
0.122914
0.118814
0.124167
0.123359
0.110716
0.109969
0.115569
0.107969
0.110529
0.106172
0.229392
0.227934
0.213261
0.210086
0.209355
0.209071
0.207387
0.131195
0.104113
0.088379
0.077898
0.074176
0.074008
0.074320
0.061917
0.055480
0.055654
0.064613
0.064582
0.064531
0.064632
0.064537
0.064522
0.064512
0.064484
0.064511
0.064395
0.064435
0.064878
0.065442
0.065999
0.066378
0.066542
0.066428
0.066674
0.066330
0.066237
0.066127
0.065652
0.066058
0.066295
0.066487
0.066051
0.065738
0.065742
0.065763
0.065568
0.065793
0.065972
0.065938
0.065926
0.065829
0.065935
0.065868
0.065838
0.065790
0.065868
0.065759
0.065252
0.065522
0.065575
0.065617
0.065527
0.065394
0.065556
0.065496
0.065473
0.065122
0.065142
0.065143
0.065199
0.065169
0.065286
0.065490
0.065388
0.065283
0.065388
0.065382
0.065365
0.065387
0.065312
0.065272
0.065126
0.065053
0.065003
0.064688
0.064913
0.064827
0.064947
0.065052
0.065093
0.064985
0.064582
0.064572
0.064409
0.064382
0.064463
0.064394
0.064200
0.064072
0.063787
0.064936
0.064501
0.067113
0.066700
0.062392
0.061542
0.066197
0.066475
0.068982
0.070083
0.071336
0.071226
0.065752
0.063633
0.060720
0.059005
0.058925
0.058796
0.058777
0.058682
0.058688
0.058714
0.058730
0.058692
0.058717
0.058693
0.058729
0.058681
0.058687
0.058655
0.058697
0.058688
0.058646
0.058646
0.058653
0.059558
0.058704
0.058627
0.059076
0.057198
0.057270
0.057883
0.058226
0.058556
0.058943
0.059103
0.059085
0.059094
0.059064
0.059023
0.059024
0.059036
0.059036
0.044877
0.036550
0.036551
0.039564
0.039582
0.030325
0.030355
0.027700
0.027776
0.029143
0.029092
0.029382
0.029752
0.029947
0.029539
0.029549
0.029875
0.029652
0.029639
0.029576
0.029606
0.029409
0.029343
0.057684
0.057683
0.053469
0.053751
0.048148
0.048156
0.047124
0.047115
0.047524
0.047519
0.050185
0.050152
0.049382
0.046475
0.037033
0.035814
0.040998
0.041765
0.054820
0.057695
0.060553
0.061160
0.062951
0.063548
0.065197
0.065791
0.065668
0.065072
0.064865
0.064888
0.065708
0.065805
0.065138
0.064852
0.063463
0.063062
0.057467
0.057137
0.044789
0.044806
0.045834
0.045837
0.046524
0.046560
0.044084
0.044086
0.044389
0.044576
0.045156
0.045435
0.053685
0.053904
0.063583
0.063597
0.096792
0.096797
0.098509
0.098509
0.098508
0.098513
0.098810
0.098921
0.022830
0.022888
0.022885
0.022885
0.022886
0.022893
0.022873
0.022830
0.023348
0.023346
0.031981
0.032010
0.045760
0.045784
0.048597
0.048587
0.049057
0.049045
0.042158
0.042211
0.039959
0.039955
0.038649
0.038590
0.039738
0.039766
0.038988
0.039076
0.034210
0.052389
0.052374
0.052399
0.052226
0.054648
0.056450
0.061987
0.062374
0.056599
0.057950
0.063825
0.071989
0.078217
0.079123
0.080051
0.078297
0.075588
0.073738
0.070913
0.069065
0.069068
0.069002
0.069110
0.069021
0.069052
0.068994
0.068801
0.068793
0.068876
0.068893
0.068769
0.068893
0.068796
0.068705
0.068754
0.068325
0.068478
0.068486
0.068602
0.068640
0.068721
0.069110
0.069270
0.069700
0.070197
0.070577
0.071024
0.071498
0.071925
0.072347
0.072785
0.073110
0.073334
0.073500
0.073591
0.073608
0.073632
0.073633
0.073641
0.073646
0.073642
0.073642
0.073686
0.073640
0.073653
0.073647
0.073732
0.073683
0.073684
0.073683
0.073708
0.073766
0.073766
0.073766
0.073766
0.073758
0.073742
0.073779
0.073762
0.073728
0.073709
0.073721
0.073734
0.073701
0.073735
0.073723
0.073734
0.073703
0.073720
0.073711
0.073779
0.073775
0.073780
0.073780
0.073309
0.073311
0.073312
0.073313
0.073313
0.073564
0.073335
0.073333
0.073351
0.073591
0.073591
0.073591
0.073591
0.073701
0.073674
0.073674
0.073674
0.073697
0.073645
0.073621
0.073714
0.073989
0.070806
0.070517
0.070327
0.070449
0.070133
0.070759
0.071246
0.073007
0.072848
0.073028
0.073216
0.073376
0.073768
0.074002
0.074219
0.074028
0.074139
0.082013
0.097999
0.126013
0.209250
0.205058
0.206041
0.205318
0.130859
0.101913
0.082249
0.069544
0.060663
0.059178
0.059429
0.059523
0.059659
0.060418
0.060718
0.060787
0.060759
0.061139
0.061138
0.061021
0.061162
0.061171
0.061358
0.061527
0.055932
0.057427
0.059318
0.061710
0.063010
0.063138
0.063154
0.063267
0.063151
0.063333
0.062938
0.062837
0.062828
0.063222
0.063108
0.063063
0.063126
0.063344
0.063154
0.063324
0.063033
0.063072
0.063023
0.062832
0.063087
0.063180
0.062922
0.063012
0.063095
0.063284
0.063383
0.063438
0.063393
0.063414
0.063112
0.063363
0.063376
0.063223
0.063327
0.063103
0.063613
0.063554
0.063501
0.063767
0.064082
0.063315
0.063414
0.063333
0.063319
0.063163
0.063498
0.063306
0.063322
0.063401
0.063295
0.063394
0.063612
0.063492
0.063364
0.063339
0.062901
0.063224
0.063167
0.063093
0.063126
0.063233
0.063488
0.063275
0.063545
0.063675
0.063648
0.064094
0.064555
0.063425
0.060668
0.055738
0.055851
0.054120
0.049922
0.050230
0.050478
0.050630
0.050881
0.052294
0.055674
0.052864
0.051457
0.049352
0.046833
0.045222
0.045453
0.045177
0.045587
0.045487
0.045073
0.045020
0.045020
0.045348
0.045323
0.045574
0.045673
0.045619
0.045759
0.045722
0.046017
0.045890
0.046380
0.046574
0.047659
0.048358
0.049084
0.049734
0.050065
0.050193
0.050284
0.050216
0.050311
0.050390
0.050390
0.050390
0.050390
0.050384
0.050385
0.050384
0.050385
0.050390
0.050353
0.050371
0.050279
0.050305
0.050299
0.050296
0.050310
0.050361
0.049918
0.041538
0.031271
0.030910
0.033965
0.033965
0.022951
0.022922
0.016653
0.016653
0.015839
0.015893
0.015944
0.016229
0.016303
0.016303
0.016303
0.016724
0.016687
0.016687
0.016687
0.016048
0.015767
0.015723
0.054918
0.054883
0.050702
0.050680
0.041113
0.041114
0.039439
0.039401
0.039607
0.039583
0.042111
0.042175
0.041431
0.041431
0.036719
0.036821
0.048407
0.048068
0.064491
0.064480
0.067207
0.067497
0.069605
0.069529
0.070070
0.070091
0.069727
0.069443
0.069626
0.069019
0.068841
0.067161
0.065653
0.068616
0.067904
0.074446
0.064588
0.063818
0.056704
0.055397
0.056953
0.052891
0.049725
0.050873
0.045447
0.044445
0.046301
0.045992
0.044587
0.045008
0.050151
0.050546
0.060668
0.061519
0.090368
0.090077
0.092127
0.092057
0.092102
0.091658
0.091971
0.092451
0.051336
0.051292
0.051239
0.051120
0.051086
0.051024
0.050660
0.050663
0.046738
0.046919
0.043076
0.043173
0.051061
0.051106
0.053414
0.053391
0.051672
0.051488
0.051000
0.051071
0.050655
0.050669
0.050822
0.050822
0.052788
0.052839
0.051436
0.051048
0.045162
0.056688
0.056642
0.057214
0.057211
0.057218
0.057132
0.057141
0.057131
0.056663
0.056642
0.056643
0.056652
0.056656
0.057198
0.056656
0.056651
0.056661
0.056613
0.056656
0.056624
0.056606
0.056800
0.057839
0.055315
0.055164
0.051908
0.051092
0.053099
0.056961
0.060594
0.060910
0.060175
0.059489
0.056403
0.052849
0.051762
0.048780
0.047083
0.047040
0.047044
0.046839
0.047047
0.047028
0.047065
0.047068
0.047054
0.047204
0.047238
0.047192
0.047292
0.047380
0.047421
0.047455
0.047459
0.047568
0.047619
0.047665
0.047696
0.047697
0.047674
0.047625
0.047663
0.047544
0.047602
0.047753
0.047717
0.047816
0.047887
0.047887
0.047886
0.047922
0.047837
0.048047
0.048108
0.048276
0.048583
0.049091
0.049494
0.049815
0.050218
0.050384
0.050363
0.050405
0.050431
0.050494
0.050459
0.050431
0.050497
0.050550
0.050801
0.050835
0.050712
0.050539
0.050559
0.050655
0.050543
0.050518
0.050852
0.050751
0.050731
0.050975
0.050844
0.051057
0.050819
0.050796
0.050839
0.050878
0.050915
0.050911
0.050947
0.050947
0.051055
0.051044
0.050910
0.050858
0.051071
0.051109
0.051017
0.050951
0.051057
0.050997
0.050997
0.050904
0.050788
0.051040
0.050887
0.050893
0.050963
0.051022
0.050946
0.050944
0.051128
0.050931
0.050883
0.050760
0.050841
0.050843
0.051034
0.050939
0.051033
0.051103
0.051042
0.050477
0.050670
0.050819
0.050847
0.051101
0.051551
0.051966
0.053836
0.053841
0.062666
0.082424
0.118167
0.226043
0.218294
0.213347
0.211187
0.211574
0.209663
0.210166
0.153868
0.129473
0.143095
0.145090
0.149888
0.165866
0.160571
0.160519
0.163831
0.164095
0.164275
0.170429
0.164069
0.163892
0.168065
0.164550
0.164110
0.164399
0.164358
0.163930
0.164291
0.162974
0.161633
0.161414
0.181950
0.190056
0.149400
0.118069
0.094647
0.078179
0.067350
0.067155
0.067207
0.067157
0.067182
0.067078
0.067048
0.066996
0.066930
0.066896
0.066864
0.066853
0.066868
0.066891
0.066908
0.067149
0.067125
0.067368
0.066902
0.067028
0.067021
0.067440
0.092880
0.074158
0.060696
0.093878
0.066916
0.058863
0.060179
0.065889
0.061937
0.061549
0.102936
0.060570
0.071840
0.063792
0.065223
0.061455
0.097451
0.065417
0.086854
0.070027
0.086982
0.079817
0.063353
0.063724
0.066066
0.067233
0.081360
0.068555
0.067763
0.065615
0.069763
0.080660
0.064513
0.071118
0.067305
0.080196
0.077249
0.069052
0.091250
0.071699
0.077117
0.068482
0.065508
0.067548
0.066251
0.068710
0.070651
0.061483
0.062424
0.063967
0.063688
0.062470
0.066924
0.065633
0.064421
0.062839
0.060570
0.058954
0.058636
0.058284
0.058312
0.057639
0.057461
0.058289
0.057489
0.057608
0.056999
0.057037
0.056380
0.057157
0.056812
0.056151
0.056718
0.056644
0.057863
0.059080
0.058131
0.059147
0.059149
0.059147
0.059482
0.059890
0.044135
0.033184
0.033199
0.037028
0.037173
0.025617
0.025537
0.019824
0.019830
0.019123
0.019147
0.019025
0.019004
0.019037
0.019030
0.019285
0.019513
0.019736
0.019770
0.019804
0.019725
0.019822
0.019551
0.058377
0.058389
0.053475
0.053473
0.043801
0.043804
0.041179
0.041350
0.040623
0.040636
0.043570
0.043946
0.046510
0.046672
0.038921
0.038950
0.051070
0.050809
0.066863
0.067145
0.070432
0.070366
0.072980
0.072958
0.073603
0.073522
0.073110
0.073116
0.072332
0.072036
0.072843
0.072580
0.071574
0.071487
0.070597
0.070588
0.063947
0.063483
0.046500
0.046063
0.046015
0.045870
0.045646
0.045614
0.043894
0.043947
0.044586
0.044526
0.044007
0.043754
0.052319
0.052084
0.062967
0.062995
0.087146
0.087126
0.088835
0.088967
0.089072
0.089159
0.089489
0.089667
0.057314
0.057391
0.057635
0.057916
0.058046
0.058723
0.058899
0.058777
0.056326
0.056449
0.052651
0.052931
0.060292
0.060377
0.062209
0.062414
0.060421
0.060495
0.049980
0.050001
0.048696
0.049213
0.048749
0.048506
0.049131
0.048911
0.050299
0.050187
0.042632
0.042555
0.052427
0.052361
0.065254
0.065237
0.068486
0.068370
0.069772
0.069978
0.070055
0.070113
0.069753
0.069900
0.069506
0.069752
0.069626
0.069710
0.067675
0.067648
0.062073
0.061956
0.054835
0.054796
0.056558
0.056603
0.057571
0.057490
0.051455
0.051458
0.053168
0.052718
0.057483
0.057470
0.057394
0.057493
0.067869
0.067866
0.092023
0.092024
0.093849
0.093849
0.093849
0.093849
0.093816
0.093801
0.093675
0.093630
0.089177
0.089002
0.085146
0.085089
0.083939
0.083939
0.085833
0.085814
0.057944
0.057961
0.057915
0.058100
0.055943
0.055905
0.051533
0.050700
0.041645
0.040416
0.036855
0.036430
0.052364
0.052522
0.052502
0.052515
0.052507
0.052506
0.052508
0.052506
0.052507
0.052366
0.052362
0.052362
0.052362
0.052377
0.052377
0.052377
0.052377
0.052378
0.052378
0.052378
0.052378
0.052378
0.052376
0.052376
0.052358
0.142434
0.141580
0.143809
0.143200
0.128545
0.146048
0.143708
0.139954
0.141521
0.139607
0.145457
0.141492
0.143675
0.144668
0.153325
0.152096
0.111503
0.107731
0.109839
0.101368
0.103334
0.097596
0.104910
0.106097
0.105079
0.106020
0.105649
0.105311
0.097471
0.098056
0.099062
0.099027
0.099591
0.098990
0.098467
0.098413
0.099182
0.095509
0.139237
0.141166
0.154820
0.126970
0.154964
0.157519
0.143941
0.144691
0.152514
0.145878
0.143925
0.148225
0.145920
0.141769
0.147909
0.149184
0.162510
0.123527
0.139691
0.169553
0.191286
0.175890
0.177000
0.174615
0.094097
0.092200
0.088576
0.089837
0.092492
0.092360
0.095527
0.088278
0.086729
0.088016
0.150372
0.150592
0.161965
0.153213
0.161207
0.145000
0.147521
0.154371
0.156704
0.160276
0.146689
0.145618
0.128594
0.151581
0.155450
0.103399
0.117931
0.127266
0.129326
0.150929
0.106878
0.153997
0.146541
0.109588
0.135755
0.128864
0.092805
0.096195
0.096137
0.090421
0.113226
0.091197
0.090962
0.089704
0.101538
0.095118
0.105283
0.074351
0.085155
0.100989
0.089420
0.087810
0.088906
0.084814
0.086456
0.085877
0.101449
0.087360
0.124863
0.110644
0.088373
0.091854
0.085584
0.091548
0.122454
0.088000
0.089011
0.088844
0.087090
0.076097
0.077192
0.077507
0.077456
0.077010
0.145220
0.148596
0.148834
0.149765
0.150883
0.152152
0.154828
0.152171
0.152425
0.157355
0.151651
0.158256
0.158280
0.158803
0.090668
0.090831
0.079776
0.078516
0.079415
0.086320
0.134637
0.135762
0.117139
0.155174
0.150379
0.146734
0.147699
0.147560
0.147328
0.148301
0.148178
0.149021
0.146257
0.145892
0.145140
0.142939
0.116250
0.116274
0.076801
0.076823
0.076149
0.072981
0.094243
0.085144
0.091644
0.110291
0.095393
0.099673
0.094967
0.149294
0.147082
0.144691
0.147232
0.132813
0.151344
0.131084
0.130525
0.142080
0.141402
0.141936
0.144869
0.145565
0.148475
0.150648
0.149685
0.154481
0.095752
0.101016
0.098474
0.103738
0.125245
0.114512
0.110664
0.123250
0.110725
0.121436
0.114691
0.118785
0.117394
0.116659
0.117991
0.116904
0.116071
0.113713
0.114373
0.116860
0.115386
0.114566
0.111317
0.110616
0.111920
0.113285
0.110838
0.109398
0.112286
0.111482
0.111723
0.111138
0.111396
0.111334
0.110148
0.109244
0.111905
0.115460
0.113524
0.116942
0.118068
0.118937
0.120605
0.120455
