0.217676
0.239485
0.288223
0.287636
0.298822
0.320130
0.355977
0.361035
0.307530
0.262062
0.268711
0.235827
0.290513
0.301730
0.314413
0.301829
0.292148
0.326194
0.328873
0.324260
0.359049
0.378452
0.300829
0.268130
0.294204
0.327884
0.343460
0.339856
0.289986
0.283300
0.234802
0.266118
0.225684
0.223128
0.216254
0.219724
0.205237
0.204406
0.168765
0.163166
0.173361
0.170381
0.133304
0.147013
0.010461
0.010461
0.014222
0.017822
0.010610
0.017368
0.026766
0.038413
0.055041
0.074644
0.095928
0.112626
0.108222
0.110022
0.108269
0.110536
0.101452
0.102570
0.099856
0.097754
0.096550
0.094930
0.096267
0.095074
0.095071
0.090895
0.091526
0.090185
0.082884
0.082063
0.080457
0.199907
0.201085
0.201340
0.200615
0.200805
0.200848
0.201740
0.202071
0.201534
0.201576
0.200533
0.200798
0.200611
0.202723
0.202476
0.204189
0.206143
0.207493
0.206266
0.206109
0.195333
0.192467
0.184214
0.184523
0.196068
0.165398
0.175261
0.162589
0.174422
0.173959
0.175399
0.176004
0.175159
0.173068
0.168433
0.178319
0.176092
0.171198
0.172679
0.206574
0.205810
0.205960
0.207622
0.207102
0.208340
0.209121
0.209780
0.211005
0.212408
0.212305
0.225750
0.225935
0.228124
0.229259
0.229217
0.228064
0.228187
0.228729
0.226800
0.229305
0.216495
0.211904
0.224657
0.222193
0.211595
0.211029
0.213490
0.211635
0.215368
0.218458
0.237026
0.238982
0.237657
0.238119
0.238637
0.239010
0.239954
0.238807
0.240740
0.241348
0.241531
0.242928
0.242463
0.244696
0.244486
0.243494
0.245690
0.245262
0.243704
0.245839
0.245412
0.246223
0.247253
0.247338
0.251094
0.249063
0.252249
0.242002
0.247417
0.240062
0.239946
0.238956
0.242146
0.242969
0.173491
0.168080
0.168364
0.166546
0.165323
0.166834
0.165027
0.161559
0.165560
0.168472
0.167542
0.169690
0.169630
0.169973
0.170705
0.170054
0.169668
0.169821
0.167715
0.168881
0.166948
0.153367
0.160770
0.154621
0.154436
0.154311
0.155025
0.155681
0.157526
0.160476
0.159552
0.161755
0.162274
0.159927
0.154999
0.153106
0.143975
0.138051
0.136944
0.143841
0.148215
0.148081
0.143878
0.141731
0.150826
0.148174
0.145977
0.151477
0.145716
0.145071
0.142250
0.136656
0.133783
0.139605
0.138547
0.136219
0.126593
0.123417
0.119560
0.116663
0.110719
0.110575
0.112322
0.116045
0.114590
0.113722
0.117499
0.130460
0.128396
0.130446
0.126644
0.126349
0.121797
0.119543
0.123529
0.118901
0.118202
0.113357
0.118824
0.116057
0.096798
0.087964
0.098701
0.092640
0.104175
0.117577
0.117245
0.124060
0.116373
0.097467
0.076890
0.053637
0.076468
0.064578
0.053295
0.061344
0.101181
0.085763
0.060459
0.058437
0.065325
0.062668
0.063194
0.060083
0.071053
0.096526
0.117787
0.118742
0.112574
0.088041
0.069444
0.066891
0.051030
0.034266
0.029054
0.029497
0.029057
0.038652
0.038724
0.043745
0.061466
0.061375
0.065119
0.077124
0.073533
0.058387
0.043623
0.051268
0.057958
0.057796
0.057176
0.058478
0.062792
0.068802
0.064789
0.058073
0.054378
0.050181
0.050617
0.057036
0.052526
0.058806
0.053301
0.059705
0.066158
0.067284
0.060149
0.061189
0.057760
0.056590
0.052695
0.088920
0.074994
0.066602
0.060719
0.058626
0.056853
0.057042
0.053560
0.054014
0.050357
0.050694
0.052746
0.062251
0.068019
0.060927
0.061756
0.058401
0.056854
0.058370
0.062413
0.062494
0.052915
0.055725
0.057397
0.057376
0.052454
0.053276
0.053084
0.053895
0.053944
0.064223
0.058871
0.054059
0.054234
0.059590
0.054533
0.058301
0.054738
0.053752
0.059660
0.056541
0.059707
0.062920
0.066456
0.065779
0.055592
0.054236
0.059346
0.066225
0.061486
0.064066
0.068108
0.072459
0.065691
0.064390
0.071194
0.069976
0.070599
0.067024
0.066503
0.074246
0.071966
0.093386
0.089169
0.091550
0.099827
0.101463
0.100551
0.099950
0.100728
0.176264
0.182965
0.182267
0.181216
0.184752
0.178258
0.169138
0.174758
0.174533
0.167878
0.167219
0.198743
0.202306
0.169765
0.207257
0.206938
0.200886
0.204867
0.203543
0.198033
0.197442
0.198159
0.171754
0.176939
0.178027
0.177046
0.174253
0.169735
0.169761
0.203015
0.176622
0.188852
0.193304
0.195873
0.195925
0.194183
0.187353
0.187885
0.186968
0.188685
0.182957
0.185009
0.176647
0.165949
0.196795
0.182495
0.205371
0.206510
0.203379
0.209595
0.207220
0.175618
0.175996
0.177167
0.186153
0.186098
0.185586
0.186336
0.200405
0.170501
0.184771
0.186288
0.195497
0.198561
0.186861
0.189069
0.187223
0.190233
0.197073
0.186876
0.179245
0.173379
0.186186
0.182683
0.177268
0.186599
0.178904
0.190924
0.187759
0.177291
0.185593
0.182297
0.184739
0.182146
0.167179
0.172544
0.188966
0.187171
0.182400
0.175260
0.175998
0.184435
0.186362
0.186541
0.195623
0.155398
0.165534
0.158513
0.177387
0.194119
0.188170
0.172042
0.197117
0.167953
0.170423
0.159294
0.155834
0.158849
0.160061
0.181826
0.182018
0.178053
0.182219
0.182212
0.184180
0.184147
0.183254
0.179997
0.181200
0.180437
0.168688
0.180458
0.190021
0.011011
0.011010
0.007855
0.008394
0.019027
0.015436
0.013005
0.008511
0.009987
0.012230
0.014408
0.016489
0.009285
0.007716
0.006988
0.006958
0.007515
0.012549
0.010522
0.011639
0.020768
0.021805
0.024257
0.026143
0.014650
0.014783
0.019666
0.023315
0.021468
0.023788
0.030371
0.030820
0.028728
0.028747
0.028619
0.032818
0.043565
0.034006
0.035532
0.037229
0.031963
0.044113
0.044293
0.047950
0.047373
0.050529
0.045000
0.052806
0.054313
0.055369
0.054975
0.056001
0.059014
0.059074
0.061897
0.064868
0.063575
0.065084
0.055877
0.056065
0.045137
0.044573
0.044467
0.044203
0.049362
0.049677
0.048103
0.048107
0.048475
0.048278
0.047716
0.047921
0.047269
0.045860
0.040544
0.039405
0.038678
0.039246
0.039546
0.039758
0.039683
0.040282
0.040463
0.039753
0.039085
0.039663
0.038395
0.038214
0.038935
0.038986
0.038639
0.037837
0.038338
0.038039
0.038118
0.038111
0.038522
0.039212
0.039077
0.039227
0.039491
0.039370
0.039421
0.039292
0.039313
0.039528
0.039750
0.039707
0.039642
0.039379
0.039317
0.039428
0.039302
0.039891
0.035726
0.039456
0.023634
0.023721
0.023715
0.023250
0.023326
0.022082
0.023511
0.023713
0.023823
0.023888
0.023698
0.023741
0.024071
0.023412
0.020882
0.022391
0.021166
0.021101
0.024050
0.024040
0.024016
0.021225
0.021243
0.022515
0.021472
0.021641
0.022456
0.022531
0.022472
0.021408
0.021432
0.021408
0.021736
0.021829
0.022031
0.021910
0.023328
0.022036
0.022420
0.023171
0.022030
0.022299
0.023634
0.022651
0.022371
0.022149
0.023923
0.022540
0.024041
0.023987
0.022886
0.023660
0.022961
0.023489
0.023116
0.022898
0.022745
0.023935
0.022284
0.022317
0.024518
0.024400
0.023026
0.022331
0.022462
0.023357
0.022852
0.022147
0.023215
0.035038
0.034745
0.034720
0.034713
0.035663
0.035808
0.035570
0.036818
0.036299
0.036474
0.038972
0.039208
0.039958
0.040901
0.041327
0.049672
0.036433
0.051525
0.042219
0.047610
0.042906
0.036735
0.037955
0.038252
0.038503
0.038479
0.040937
0.042828
0.041456
0.043380
0.042906
0.043430
0.047315
0.047863
0.041426
0.041727
0.041661
0.047073
0.045919
0.049291
0.047502
0.048976
0.050924
0.050477
0.050174
0.049398
0.050542
0.048192
0.049471
0.051748
0.052777
0.052823
0.053532
0.056243
0.055348
0.056543
0.055188
0.057934
0.054900
0.056427
0.055891
0.057023
0.058834
0.058580
0.061811
0.057912
0.059479
0.060557
0.059425
0.060455
0.061006
0.063782
0.059688
0.061291
0.061662
0.062275
0.064331
0.067425
0.066173
0.067395
0.068642
0.069103
0.068099
0.072992
0.073366
0.085450
0.085573
0.081153
0.083920
0.083685
0.082420
0.086628
0.089290
0.081137
0.080093
0.087066
0.084186
0.072743
0.073520
0.075475
0.087375
0.088601
0.084304
0.083279
0.082916
0.083376
0.081575
0.082815
0.081590
0.085162
0.090049
0.093117
0.093519
0.089096
0.094242
0.099840
0.099136
0.100879
0.096409
0.096144
0.096929
0.098791
0.102829
0.104133
0.104814
0.120365
0.120469
0.121307
0.120870
0.119518
0.116739
0.117299
0.108408
0.115144
0.108527
0.105765
0.105215
0.112581
0.112735
0.109640
0.115320
0.111862
0.113583
0.110352
0.110544
0.110267
0.110690
0.111821
0.110578
0.111635
0.112966
0.113169
0.110627
0.110228
0.110804
0.110194
0.110141
0.111494
0.110675
0.110445
0.111075
0.110994
0.109953
0.111403
0.112239
0.112675
0.113394
0.114210
0.111166
0.111211
0.108495
0.111283
0.115396
0.116103
0.111324
0.108966
0.126702
0.128218
0.128944
0.131751
0.130312
0.128313
0.128149
0.121078
0.126466
0.122344
0.122435
0.123087
0.126962
0.143067
0.143004
0.122747
0.121420
0.121780
0.121847
0.121977
0.117204
0.118992
0.118954
0.120640
0.123258
0.123085
0.122401
0.120907
0.127055
0.120190
0.121425
0.124297
0.127423
0.113484
0.113212
0.106644
0.112237
0.115734
0.112801
0.120576
0.124532
0.115439
0.118213
0.116836
0.117544
0.117123
0.168600
0.168329
0.165704
0.166410
0.164611
0.166084
0.162892
0.163883
0.173998
0.173806
0.174313
0.178522
0.193276
0.193587
0.193288
0.194248
0.192692
0.200650
0.202646
0.207370
0.218512
0.231155
0.233404
0.196706
0.210327
0.207490
0.210327
0.232873
0.223662
0.225483
0.218355
0.228481
0.230837
0.230088
0.227206
0.231038
0.223479
0.207186
0.212006
0.205442
0.215103
0.199782
0.198010
0.191011
0.187861
0.191499
0.189282
0.187344
0.184747
0.186561
0.185222
0.182711
0.182738
0.181523
0.180857
0.178373
0.177679
0.175038
0.175277
0.174037
0.172032
0.167078
0.163714
0.163509
0.166711
0.173539
0.176902
0.175971
0.172243
0.176244
0.175040
0.174418
0.173345
0.175311
0.176364
0.176148
0.174996
0.176014
0.174306
0.174516
0.173847
0.176710
0.174703
0.175025
0.175990
0.177468
0.178327
0.177986
0.178257
0.177124
0.177280
0.175991
0.175451
0.176239
0.176436
0.176101
0.175237
0.174786
0.172110
0.173510
0.173177
0.179330
0.179442
0.179646
0.179435
0.179407
0.178488
0.179103
0.186503
0.187405
0.179877
0.174863
0.174051
0.177190
0.170909
0.172469
0.155724
0.146400
0.146662
0.159880
0.152975
0.132192
0.139263
0.140398
0.131832
0.128234
0.124807
0.114843
0.110515
0.110355
0.109915
0.117332
0.119175
0.125282
0.115691
0.127388
0.132178
0.131152
0.128945
0.105869
0.100967
0.097757
0.094303
0.095618
0.100296
0.105175
0.094653
0.102840
0.102363
0.105473
0.099006
0.110672
0.119895
0.117933
0.118015
0.112008
0.112753
0.102929
0.110516
0.087332
0.106449
0.096502
0.097393
0.090976
0.104324
0.114880
0.113168
0.110403
0.115048
0.111214
0.118483
0.122796
0.120969
0.112550
0.105416
0.104155
0.099230
0.100849
0.102806
0.103875
0.098139
0.105179
0.106521
0.107496
0.129021
0.135917
0.119648
0.127056
0.133691
0.127884
0.129468
0.114137
0.120938
0.114310
0.102691
0.096830
0.088530
0.101599
0.103256
0.091325
0.082763
0.101301
0.104629
0.107134
0.106414
0.104492
0.107355
0.103349
0.108943
0.113419
0.109942
0.108547
0.107884
0.101810
0.101009
0.091000
0.089407
0.085387
0.091065
0.092037
0.092795
0.091750
0.090708
0.098089
0.093787
0.098828
0.097101
0.097071
0.095170
0.095815
0.090625
0.097670
0.107474
0.101371
0.092825
0.099402
0.119659
0.114951
0.113104
0.113413
0.114450
0.118757
0.104779
0.119577
0.104333
0.114238
0.111194
0.109506
0.111137
0.105235
0.115549
0.109925
0.114044
0.115735
0.109161
0.109062
0.108469
0.113610
0.115037
0.123073
0.122739
0.120760
0.128145
0.123310
0.131171
0.122284
0.130678
0.137912
0.127461
0.136516
0.124970
0.126831
0.118051
0.113924
0.125743
0.124354
0.120125
0.118335
0.116614
0.108383
0.101302
0.119817
0.124018
0.114777
0.119637
0.112093
0.113043
0.115041
0.120913
0.115669
0.113568
0.117648
0.122298
0.135435
0.135950
0.146117
0.134746
0.145538
0.147546
0.141933
0.141471
0.144050
0.145699
0.137141
0.139296
0.137489
0.142950
0.143515
0.135159
0.141007
0.141670
0.139915
0.142404
0.140047
0.136656
0.138819
0.135534
0.132882
0.134006
0.132809
0.131440
0.136533
0.137087
0.135502
0.131852
0.135363
0.135346
0.134663
0.134516
0.134934
0.134213
0.141994
0.141073
0.140359
0.140057
0.144844
0.147465
0.143981
0.146320
0.144952
0.144290
0.146211
0.145710
0.144584
0.145342
0.145681
0.146631
0.148266
0.147030
0.148084
0.151409
0.151461
0.152869
0.150694
0.156055
0.152726
0.153635
0.154290
0.158092
0.160657
0.153096
0.151298
0.139986
0.144895
0.148580
0.139246
0.139214
0.137703
0.138964
0.068141
0.071322
0.071946
0.072520
0.068275
0.069031
0.069040
0.076865
0.073928
0.072447
0.072249
0.076707
0.075934
0.077101
0.076942
0.072383
0.072159
0.072274
0.072371
0.072015
0.072309
0.072633
0.071828
0.072260
0.071804
0.072796
0.073198
0.071849
0.084887
0.080527
0.084054
0.082910
0.078530
0.073551
0.072073
0.071681
0.072030
0.074795
0.079379
0.085230
0.085976
0.085247
0.086612
0.085112
0.085013
0.086525
0.086985
0.087333
0.086937
0.088420
0.087961
0.085952
0.079952
0.068892
0.068014
0.068602
0.064778
0.063589
0.059746
0.056709
0.052899
0.049958
0.044069
0.043937
0.044415
0.043845
0.044336
0.044980
0.045797
0.045330
0.045460
0.045792
0.046076
0.045523
0.046600
0.046578
0.047565
0.047041
0.047910
0.047674
0.047772
0.050722
0.051628
0.050053
0.050687
0.050748
0.051744
0.051167
0.050223
0.050454
0.051010
0.050908
0.050406
0.050675
0.051352
0.051192
0.051987
0.052752
0.050629
0.052513
0.051103
0.051361
0.051092
0.051378
0.051084
0.052483
0.050702
0.052826
0.052329
0.052296
0.052625
0.054286
0.195334
0.193791
0.192612
0.191888
0.201627
0.207194
0.198773
0.225513
0.213015
0.213851
0.210158
0.209129
0.195613
0.201087
0.197617
0.199551
0.199318
0.193761
0.192606
0.182658
0.188269
0.178869
0.179630
0.202009
0.200021
0.209426
0.225743
0.238766
0.283047
0.305900
0.310644
0.311203
0.270635
0.237694
0.223725
0.198132
0.198211
0.201805
0.199156
0.198113
0.199461
0.210534
0.205522
0.199758
0.199153
0.206230
0.210991
0.216456
0.210188
0.217919
0.224734
0.215028
0.208318
0.224090
0.221089
0.228018
0.242339
0.235169
0.257899
0.247116
0.239222
0.246146
0.240696
0.222463
0.231397
0.241451
0.244906
0.241118
0.243872
0.235100
0.237153
0.224606
0.215110
0.244653
0.235440
0.231690
0.239786
0.215696
0.233059
0.235847
0.237301
0.239674
0.239577
0.217586
0.226418
0.214944
0.226422
0.230500
0.210333
0.233498
0.229453
0.227049
0.225689
0.231947
0.224973
0.225544
0.216507
0.212972
0.211898
0.199545
0.208335
0.209772
0.201768
0.183620
0.179054
0.182029
0.160153
0.144233
0.119517
0.095844
0.076870
0.052108
0.040566
0.039931
0.041149
0.031336
0.036248
0.037201
0.040217
0.036887
0.036318
0.051772
0.044112
0.040101
0.035749
0.041565
0.042474
0.047474
0.040988
0.043424
0.053598
0.047686
0.046281
0.047634
0.051353
0.043536
0.050576
0.054543
0.050603
0.047859
0.048088
0.051287
0.050121
0.048140
0.056604
0.050197
0.050495
0.051765
0.049435
0.048610
0.049616
0.053110
0.056154
0.056950
0.060263
0.068312
0.054574
0.068794
0.054721
0.054614
0.064518
0.064068
0.061100
0.066347
0.057987
0.064728
0.051881
0.064942
0.058975
0.058183
0.050337
0.053340
0.055191
0.050548
0.064191
0.062286
0.063541
0.052706
0.057067
0.053648
0.054731
0.053736
0.058940
0.049394
0.053209
0.052766
0.058097
0.053491
0.045381
0.049420
0.050010
0.049511
0.048339
0.050271
0.046023
0.043929
0.043304
0.045972
0.046792
0.043455
0.042363
0.041910
0.039112
0.041604
0.040571
0.040417
0.041308
0.040296
0.039579
0.039580
0.038987
0.038611
0.039397
0.039425
0.040048
0.042489
0.042010
0.042860
0.043664
0.043801
0.043437
0.043155
0.040883
0.043269
0.041236
0.040184
0.044486
0.044579
0.041537
0.042731
0.042293
0.042586
0.043859
0.041048
0.040331
0.043304
0.045007
0.043752
0.039946
0.037710
0.039334
0.041649
0.040721
0.037244
0.055577
0.056426
0.056901
0.063104
0.082755
0.073800
0.076910
0.086761
0.087300
0.084851
0.085594
0.080391
0.078800
0.080100
0.078731
0.078499
0.077105
0.084370
0.075181
0.072775
0.072164
0.073399
0.069206
0.057623
0.074026
0.077294
0.080055
0.080991
0.076043
0.071473
0.070796
0.087989
0.084455
0.085387
0.080460
0.080800
0.082590
0.085516
0.078992
0.083395
0.077091
0.075723
0.081773
0.090025
0.082771
0.077632
0.076834
0.078879
0.078479
0.075293
0.074792
0.077355
0.077289
0.073645
0.071346
0.076530
0.075820
0.077008
0.069846
0.072817
0.068500
0.137491
0.137547
0.142188
0.141228
0.139576
0.143568
0.131585
0.133470
0.134850
0.128016
0.111349
0.119377
0.115533
0.123463
0.120958
0.123212
0.106510
0.110204
0.111431
0.111698
0.107165
0.110298
0.114209
0.112984
0.113598
0.116485
0.116074
0.116554
0.115165
0.114768
0.113633
0.114604
0.116518
0.117081
0.117713
0.117698
0.123742
0.120431
0.117934
0.119235
0.119973
0.117694
0.126752
0.136925
0.128322
0.115673
0.119137
0.099489
0.081993
0.079624
0.071978
0.066354
0.059973
0.053497
0.045832
0.045456
0.049234
0.048942
0.061014
0.061095
0.060662
0.046733
0.060802
0.059861
0.056747
0.059801
0.055185
0.054701
0.054547
0.056382
0.055811
0.055469
0.054550
0.052196
0.055570
0.054968
0.054769
0.056030
0.052531
0.047385
0.052066
0.051453
0.047815
0.052336
0.049279
0.052867
0.051480
0.052245
0.052496
0.049635
0.053559
0.051560
0.051362
0.050630
0.052708
0.052596
0.049241
0.050163
0.049411
0.049098
0.043040
0.042515
0.041436
0.041765
0.045219
0.044182
0.045331
0.045542
0.042919
0.043590
0.042892
0.043563
0.039150
0.035943
0.042583
0.042980
0.041052
0.039898
0.040004
0.048446
0.052488
0.069360
0.058560
0.026265
0.026524
0.027108
0.026003
0.025766
0.026318
0.041414
0.040052
0.040176
0.038714
0.039816
0.042066
0.039667
0.037662
0.039785
0.027501
0.026554
0.040359
0.041492
0.043036
0.041258
0.043023
0.044154
0.043114
0.050751
0.042263
0.060887
0.080747
0.086318
0.096387
0.103927
0.117091
0.127824
0.135037
0.139781
0.150963
0.159553
0.158459
0.171077
0.179234
0.159929
0.172296
0.163331
0.158374
0.159737
0.161004
0.159023
0.158126
0.156171
0.159938
0.162794
0.163752
0.162086
0.163277
0.160897
0.162150
0.162280
0.164107
0.164273
0.172343
0.174745
0.175818
0.173890
0.173351
0.172606
0.173696
0.171327
0.170531
0.173193
0.175752
0.176694
0.171058
0.172457
0.172165
0.173139
0.172123
0.197755
0.198978
0.186506
0.186493
0.185416
0.192419
0.191825
0.176099
0.196080
0.196875
0.180429
0.182823
0.182574
0.185909
0.185884
0.179532
0.177410
0.179257
0.181800
0.176888
0.175978
0.176960
0.179553
0.177695
0.159497
0.160371
0.160335
0.161785
0.160544
0.161570
0.160782
0.167232
0.174140
0.165977
0.168541
0.159511
0.173805
0.185677
0.191830
0.181136
0.182320
0.181828
0.175012
0.176165
0.181584
0.182450
0.182684
0.166421
0.181335
0.182868
0.183612
0.164931
0.176954
0.177687
0.168091
0.183635
0.182101
0.185129
0.033499
0.031829
0.036531
0.040862
0.040218
0.040444
0.041068
0.038291
0.033314
0.033459
0.041229
0.037938
0.036580
0.037157
0.034257
0.035086
0.034745
0.035876
0.035500
0.035749
0.037348
0.037201
0.033267
0.033093
0.033063
0.032875
0.038320
0.033371
0.032772
0.028487
0.027611
0.027351
0.031767
0.026446
0.031975
0.031592
0.033156
0.033424
0.027261
0.034247
0.034398
0.036756
0.027559
0.027583
0.034445
0.033554
0.033707
0.033616
0.033381
0.033014
0.033691
0.034379
0.034777
0.033053
0.032402
0.033997
0.034097
0.031780
0.035086
0.035818
0.035312
0.033112
0.034472
0.032375
0.034792
0.031396
0.031454
0.031999
0.030242
0.030034
0.032163
0.031957
0.032225
0.032155
0.032327
0.032477
0.032335
0.032538
0.032794
0.031197
0.034777
0.035113
0.035107
0.034758
0.033389
0.032936
0.032894
0.032876
0.032666
0.032834
0.033017
0.033084
0.032754
0.032636
0.033848
0.032169
0.031562
0.032758
0.033198
0.032952
0.033022
0.033061
0.033863
0.034250
0.033595
0.033349
0.033635
0.033693
0.033294
0.032919
0.033366
0.033355
0.032947
0.033059
0.032528
0.032424
0.032878
0.030519
0.031850
0.032836
0.033202
0.202400
0.196989
0.200850
0.202194
0.199840
0.202257
0.194798
0.193356
0.192696
0.184072
0.192489
0.194257
0.184193
0.186226
0.185206
0.186686
0.195953
0.174239
0.196445
0.230902
0.229328
0.229408
0.229733
0.229896
0.187635
0.199021
0.188848
0.225127
0.225191
0.228868
0.204702
0.192615
0.201256
0.202374
0.203280
0.169669
0.186836
0.198652
0.192986
0.199319
0.181911
0.183322
0.182726
0.178633
0.162858
0.185351
0.179438
0.187546
0.184734
0.186303
0.191439
0.191778
0.191397
0.178969
0.185942
0.180535
0.187632
0.173185
0.188665
0.186737
0.192721
0.193879
0.194415
0.193296
0.187855
0.160942
0.186470
0.187986
0.178629
0.169671
0.169734
0.169741
0.168688
0.163042
0.162507
0.163061
0.162015
0.161500
0.162380
0.184714
0.163537
0.156474
0.157393
0.182270
0.181281
0.159758
0.159594
0.164274
0.161014
0.164561
0.163135
0.164648
0.163699
0.164283
0.162856
0.162034
0.161716
0.155924
0.153972
0.169106
0.167765
0.165023
0.178510
0.178431
0.178722
0.168906
0.192218
0.171174
0.170894
0.179020
0.026823
0.029523
0.025901
0.027006
0.021582
0.022131
0.023371
0.021415
0.020627
0.020680
0.024224
0.024662
0.019081
0.018264
0.019758
0.022063
0.022354
0.023173
0.023668
0.026015
0.022588
0.028398
0.025678
0.024772
0.024650
0.022686
0.020115
0.020452
0.022154
0.015417
0.015077
0.014948
0.018731
0.017652
0.018971
0.014834
0.018956
0.015793
0.015912
0.018827
0.017956
0.017346
0.017925
0.019814
0.018375
0.019872
0.017383
0.016377
0.015563
0.016303
0.018924
0.016403
0.015702
0.015051
0.014912
0.016004
0.015266
0.015914
0.018207
0.014497
0.015970
0.015944
0.016429
0.017342
0.016130
0.019595
0.020662
0.019166
0.019697
0.021604
0.030457
0.033144
0.029536
0.030905
0.031036
0.025513
0.025582
0.023942
0.022840
0.022712
0.020686
0.021532
0.021964
0.030650
0.024866
0.027662
0.024768
0.023063
0.022366
0.024612
0.024931
0.026099
0.027754
0.030020
0.027638
0.025461
0.028134
0.031793
0.035292
0.033113
0.040555
0.040490
0.049106
0.048111
0.041968
0.038892
0.038357
0.040276
0.039913
0.036900
0.037133
0.041062
0.042689
0.043196
0.042100
0.037049
0.031391
0.032874
0.032407
0.029061
0.028725
0.027260
0.026813
0.025621
0.026510
0.026949
0.029414
0.026063
0.024959
0.028110
0.028651
0.028961
0.025852
0.026889
0.025526
0.025315
0.028303
0.024410
0.024105
0.025031
0.025369
0.025495
0.023850
0.024987
0.025743
0.025967
0.034269
0.032991
0.028543
0.029647
0.027231
0.026164
0.026054
0.026990
0.026043
0.027492
0.026711
0.028102
0.027986
0.027333
0.028340
0.026194
0.028633
0.033932
0.031997
0.047787
0.026223
0.028028
0.028979
0.029230
0.027804
0.033428
0.033906
0.048595
0.046809
0.046388
0.043034
0.042407
0.043619
0.039684
0.041722
0.039452
0.041815
0.038925
0.039879
0.037648
0.039212
0.037264
0.032513
0.025296
0.031759
0.029613
0.030877
0.029593
0.030799
0.034870
0.028172
0.035277
0.030757
0.025256
0.021874
0.022237
0.191606
0.189001
0.189204
0.191571
0.164387
0.159348
0.163021
0.162672
0.169252
0.161919
0.157256
0.157033
0.161259
0.175562
0.159115
0.162121
0.154968
0.165924
0.166511
0.165689
0.171844
0.192077
0.165717
0.191486
0.165115
0.165987
0.164880
0.165303
0.160117
0.172431
0.153101
0.154096
0.163128
0.155252
0.157824
0.161302
0.160550
0.157964
0.154639
0.155465
0.155728
0.159768
0.155539
0.163193
0.162678
0.172580
0.173068
0.180920
0.165771
0.171522
0.171320
0.172442
0.179071
0.179588
0.179560
0.179975
0.178855
0.167509
0.169057
0.171008
0.154444
0.162632
0.170725
0.164048
0.166208
0.155724
0.174941
0.164344
0.164994
0.190361
0.188822
0.191213
0.168020
0.166324
0.167107
0.173507
0.160262
0.181925
0.180000
0.178894
0.178691
0.188316
0.189549
0.181841
0.151439
0.150831
0.179601
0.166582
0.180278
0.210081
0.207593
0.212130
0.212364
0.209264
0.209616
0.210590
0.209962
0.210947
0.212472
0.210025
0.214103
0.213621
0.213925
0.213305
0.214065
0.211847
0.184664
0.213102
0.182432
0.221632
0.217244
0.217249
0.222981
0.205022
0.212119
0.208118
0.220198
0.187196
0.214623
0.002922
0.011197
0.006840
0.005164
0.017969
0.021068
0.025172
0.028848
0.028754
0.026771
0.025379
0.026532
0.023801
0.024356
0.021917
0.022587
0.021289
0.021102
0.020942
0.019010
0.019478
0.019473
0.017790
0.017434
0.015719
0.015793
0.015921
0.014153
0.014023
0.014258
0.014271
0.014344
0.013050
0.011929
0.010993
0.010948
0.010984
0.011234
0.011568
0.012509
0.013679
0.015128
0.013437
0.013714
0.014377
0.014081
0.014030
0.013792
0.013241
0.014249
0.013289
0.012595
0.012043
0.011238
0.009407
0.009047
0.008729
0.008424
0.006650
0.004798
0.004189
0.002461
0.001708
0.000000
0.001129
0.002176
0.003059
0.004442
0.005432
0.006186
0.008263
0.008263
0.008535
0.010478
0.009726
0.013069
0.013503
0.013490
0.014419
0.015644
0.015679
0.016724
0.015939
0.015836
0.156228
0.203172
0.189853
0.214118
0.215071
0.216658
0.214419
0.219017
0.219253
0.214560
0.214005
0.215808
0.217663
0.200594
0.195397
0.200888
0.192869
0.180762
0.186308
0.212723
0.211734
0.213497
0.219887
0.213785
0.203992
0.212642
0.211731
0.213260
0.196261
0.205471
0.206142
0.205853
0.176799
0.183258
0.184762
0.164816
0.190991
0.166698
0.164686
0.169734
0.172770
0.170452
0.183938
0.194054
0.168057
0.168343
0.167121
0.166193
0.159600
0.161151
0.157497
0.166897
0.167333
0.166602
0.168390
0.167821
0.165949
0.156774
0.157086
0.158134
0.164783
0.160880
0.157304
0.160502
0.156587
0.156096
0.165914
0.156889
0.161106
0.166043
0.174540
0.175823
0.165845
0.165622
0.164090
0.174752
0.186531
0.190663
0.184188
0.163898
0.193258
0.180543
0.168682
0.163944
0.196498
0.182505
0.169753
0.193324
0.198427
0.196763
0.187633
0.187929
0.189196
0.195325
0.185921
0.190339
0.201472
0.182099
0.195394
0.193493
0.191901
0.190454
0.179966
0.188725
0.169455
0.164789
0.167484
0.165933
0.166875
0.165489
0.167605
0.168537
0.185139
0.185866
0.173171
0.174789
0.175783
0.173547
0.177231
0.187424
0.156927
0.156828
0.157370
0.186930
0.157580
0.168052
0.168633
0.158187
0.156872
0.159206
0.175954
0.008564
0.007502
0.009106
0.009743
0.008542
0.007679
0.008648
0.012449
0.007917
0.008573
0.009032
0.008959
0.009364
0.008692
0.009075
0.008842
0.009482
0.009975
0.007487
0.007983
0.008508
0.008855
0.008881
0.008531
0.008235
0.008192
0.008205
0.008264
0.007901
0.008104
0.007530
0.008276
0.008803
0.009461
0.009373
0.010791
0.009491
0.008270
0.010545
0.009402
0.008279
0.008168
0.008539
0.009225
0.008663
0.009102
0.009313
0.009652
0.008332
0.009583
0.011781
0.009688
0.010780
0.010639
0.011104
0.009407
0.010172
0.010891
0.010748
0.011330
0.010614
0.010543
0.013116
0.012330
0.012479
0.016242
0.012388
0.010604
0.010042
0.011607
0.014708
0.014022
0.030654
0.035439
0.011257
0.011249
0.008706
0.009803
0.015504
0.011456
0.009661
0.015356
0.031379
0.019077
0.011124
0.041500
0.014556
0.018126
0.017224
0.018558
0.048150
0.018636
0.016180
0.013985
0.014581
0.014598
0.013848
0.015125
0.044037
0.011198
0.010885
0.011974
0.007654
0.016592
0.009175
0.007489
0.008740
0.009439
0.016256
0.008558
0.013719
0.014186
0.021002
0.020312
0.018454
0.009864
0.019790
0.018607
0.010743
0.009970
0.015446
0.029127
0.045979
0.052920
0.013454
0.009501
0.009820
0.009118
0.010658
0.008559
0.009596
0.008693
0.012938
0.012192
0.008544
0.009101
0.008749
0.008366
0.008022
0.008058
0.008323
0.008034
0.008281
0.009442
0.007984
0.008359
0.007855
0.006684
0.008947
0.009381
0.007537
0.008758
0.008014
0.008010
0.008855
0.007118
0.007108
0.006709
0.006527
0.006803
0.006786
0.007782
0.008581
0.009913
0.012201
0.012065
0.009541
0.012639
0.016969
0.023099
0.023334
0.025509
0.035375
0.021148
0.026835
0.022368
0.028457
0.029961
0.044063
0.038653
0.042322
0.032016
0.038443
0.042352
0.031208
0.044299
0.038115
0.042272
0.038646
0.039488
0.036953
0.036775
0.032228
0.034180
0.034099
0.028464
0.026050
0.027551
0.024044
0.020839
0.022891
0.025302
0.035349
0.033103
0.031534
0.031577
0.028829
0.027991
0.027405
0.026763
0.026081
0.026964
0.026365
0.024768
0.023951
0.025138
0.029986
0.030441
0.030338
0.033275
0.034147
0.035883
0.035920
0.033868
0.040044
0.033328
0.031913
0.038901
0.038046
0.042300
0.043374
0.041235
0.049924
0.053305
0.047695
0.031597
0.030291
0.027198
0.026068
0.036472
0.020124
0.029129
0.028141
0.021223
0.028888
0.027400
0.028783
0.028031
0.029696
0.031940
0.030217
0.033072
0.038295
0.031359
0.036016
0.031247
0.023417
0.029986
0.023118
0.024283
0.023106
0.023989
0.022494
0.026339
0.033054
0.028882
0.027304
0.033804
0.030487
0.024858
0.029521
0.032092
0.077975
0.065134
0.027741
0.055318
0.032512
0.039929
0.025823
0.025110
0.022326
0.024970
0.020025
0.020154
0.020391
0.018579
0.026006
0.027814
0.028819
0.024407
0.023695
0.023029
0.022248
0.021477
0.021571
0.020721
0.021862
0.022627
0.021005
0.020814
0.021269
0.021124
0.016577
0.016052
0.015063
0.016486
0.018379
0.017952
0.016860
0.019429
0.018151
0.018143
0.021072
0.025091
0.021311
0.020395
0.020906
0.020724
0.021324
0.027736
0.027207
0.029574
0.030934
0.025069
0.033635
0.032057
0.027791
0.029263
0.027802
0.032643
0.027274
0.045047
0.033842
0.040279
0.029827
0.036789
0.031559
0.038655
0.039362
0.034890
0.034523
0.044958
0.040240
0.038564
0.038797
0.039794
0.037708
0.049308
0.036969
0.038543
0.039214
0.032173
0.031608
0.035455
0.034680
0.028273
0.026351
0.035185
0.032153
0.038785
0.033002
0.032090
0.039125
0.034374
0.047928
0.045849
0.028401
0.024958
0.030715
0.025958
0.023062
0.023642
0.028067
0.025846
0.126162
0.130876
0.134387
0.124076
0.135931
0.132415
0.126853
0.125624
0.123881
0.132133
0.125475
0.121234
0.121879
0.133599
0.130589
0.124868
0.119999
0.119609
0.113594
0.112234
0.108551
0.108558
0.111837
0.116679
0.104880
0.099832
0.109196
0.106629
0.103777
0.098603
0.104348
0.102812
0.096186
0.098916
0.100720
0.100262
0.111181
0.103060
0.096573
0.104865
0.102430
0.104342
0.110874
0.111043
0.104668
0.107439
0.094607
0.096060
0.115628
0.099111
0.112890
0.116453
0.103349
0.107448
0.115681
0.125005
0.120892
0.120712
0.119590
0.118526
0.122118
0.125758
0.128694
0.086465
0.071747
0.076491
0.077577
0.078064
0.079109
0.092011
0.080709
0.080390
0.090332
0.091523
0.083159
0.080782
0.096897
0.089475
0.095050
0.076502
0.079456
0.096799
0.091993
0.099633
0.100459
0.102556
0.096760
0.098658
0.105336
0.102652
0.079768
0.086578
0.085275
0.103849
0.082565
0.094018
0.087062
0.078520
0.077533
0.065955
0.063427
0.058474
0.056460
0.061274
0.055694
0.047279
0.044236
0.041846
0.042655
0.043128
0.042670
0.043634
0.042897
0.042664
0.046752
0.046895
0.053942
0.058865
0.059978
0.059194
0.051455
0.059963
0.059520
0.059723
0.057188
0.050328
0.048049
0.050379
0.043285
0.029192
0.029317
0.030017
0.029155
0.029935
0.029312
0.029367
0.031214
0.029384
0.030937
0.030660
0.031118
0.031035
0.032209
0.032163
0.032320
0.033079
0.032476
0.028717
0.028477
0.029686
0.031968
0.032941
0.033277
0.037819
0.034133
0.049207
0.060836
0.043352
0.058633
0.042652
0.043075
0.042961
0.041819
0.029000
0.069543
0.074213
0.044818
0.042054
0.037154
0.029139
0.049602
0.038521
0.030866
0.030013
0.030039
0.046798
0.029275
0.030689
0.030805
0.030962
0.032905
0.033661
0.039988
0.048000
0.033272
0.052995
0.031490
0.031294
0.085501
0.035887
0.038533
0.047262
0.048839
0.052292
0.069941
0.048116
0.043368
0.069748
0.050120
0.033225
0.032410
0.068418
0.031858
0.064229
0.065309
0.069666
0.062193
0.050810
0.030085
0.029498
0.055653
0.022548
0.045110
0.024947
0.025496
0.025520
0.036959
0.029458
0.042027
0.039958
0.041526
0.042561
0.042915
0.043484
0.039947
0.043227
0.038729
0.052658
0.047051
0.042815
0.043599
0.051498
0.041897
0.043969
0.050489
0.052370
0.057363
0.055789
0.046637
0.046422
0.039588
0.045370
0.023020
0.041853
0.039639
0.040143
0.033458
0.032965
0.031178
0.031606
0.029973
0.029881
0.026695
0.030772
0.029548
0.023685
0.032594
0.032332
0.028775
0.027517
0.026217
0.026541
0.030110
0.029424
0.036308
0.033386
0.034900
0.042656
0.055388
0.042118
0.049766
0.043933
0.042254
0.044256
0.040746
0.043373
0.043647
0.045648
0.044097
0.039446
0.042186
0.041434
0.030940
0.031221
0.028548
0.034738
0.030663
0.029861
0.026166
0.023258
0.032012
0.031319
0.030275
0.029548
0.024943
0.021700
0.023684
0.016431
0.033432
0.017788
0.048942
0.035105
0.018419
0.021451
0.029627
0.015751
0.013738
0.013162
0.010628
0.009969
0.010403
0.010429
0.035678
0.041351
0.040295
0.037147
0.035992
0.035521
0.034776
0.038259
0.036592
0.034858
0.040277
0.035427
0.036408
0.033371
0.033736
0.034623
0.033561
0.029558
0.027473
0.029223
0.032977
0.028475
0.028598
0.025375
0.024719
0.023856
0.021842
0.022497
0.021507
0.019942
0.017568
0.019108
0.015156
0.013887
0.011199
0.011459
0.010526
0.009368
0.009908
0.009898
0.009345
0.010395
0.011643
0.012403
0.014701
0.013888
0.023179
0.024369
0.028402
0.018785
0.012626
0.008384
0.007256
0.009156
0.014919
0.018617
0.027944
0.027908
0.028499
0.038931
0.039762
0.035730
0.033287
0.018067
0.014731
0.017362
0.017169
0.021686
0.020648
0.024784
0.027955
0.026828
0.031166
0.024267
0.029439
0.023969
0.031764
0.028338
0.022007
0.019424
0.020557
0.014215
0.028601
0.024717
0.021794
0.024949
0.017444
0.014341
0.018130
0.019614
0.014486
0.018212
0.012673
0.008046
0.011343
0.010295
0.014954
0.009954
0.011582
0.009296
0.008705
0.008827
0.008842
0.009378
0.009515
0.019322
0.013940
0.007186
0.008449
0.012274
0.010345
0.018563
0.015031
0.013313
0.008148
0.007622
0.010823
0.008719
0.007819
0.007738
0.029495
0.010164
0.011964
0.011198
0.008592
0.016879
0.013914
0.010078
0.010367
0.007819
0.007422
0.008473
0.007187
0.007009
0.008596
0.007665
0.006493
0.006528
0.006679
0.006272
0.006694
0.007447
0.006174
0.006249
0.007355
0.006440
0.006672
0.007018
0.006734
0.007648
0.007067
0.007863
0.009006
0.009112
0.009264
0.009762
0.011636
0.008559
0.022234
0.022915
0.023910
0.023293
0.025423
0.026945
0.027537
0.027639
0.026879
0.029506
0.028739
0.029378
0.027300
0.026430
0.026596
0.027690
0.030886
0.025746
0.026808
0.028993
0.024373
0.026127
0.022294
0.020212
0.023100
0.021634
0.023430
0.021745
0.023200
0.026363
0.019700
0.026603
0.020339
0.023265
0.027443
0.028186
0.028338
0.027819
0.030503
0.030525
0.033500
0.029125
0.029455
0.030636
0.030600
0.031748
0.028039
0.027524
0.034593
0.035234
0.037133
0.031207
0.029931
0.038277
0.027261
0.041752
0.020295
0.021620
0.029507
0.024178
0.029169
0.033165
0.023322
0.032221
0.028151
0.026958
0.029096
0.028497
0.030825
0.028643
0.040284
0.046914
0.032773
0.034014
0.036810
0.033142
0.036796
0.039057
0.034522
0.043786
0.046032
0.038256
0.039706
0.039676
0.034686
0.038953
0.046491
0.037729
0.039035
0.035831
0.031883
0.033657
0.031617
0.032434
0.027734
0.026047
0.031109
0.029140
0.039318
0.032499
0.029079
0.038048
0.043090
0.039740
0.045218
0.024542
0.028707
0.031839
0.027027
0.025645
0.024374
0.035134
0.012911
0.015607
0.016523
0.017388
0.017839
0.017976
0.019763
0.021206
0.023618
0.023714
0.023777
0.020692
0.019984
0.020324
0.018235
0.021778
0.022570
0.029393
0.028545
0.032047
0.035839
0.042292
0.043392
0.036180
0.031722
0.026914
0.027727
0.033553
0.031788
0.036673
0.035698
0.032423
0.028447
0.032766
0.025850
0.025396
0.027832
0.027323
0.034910
0.038389
0.036571
0.036216
0.036329
0.025581
0.022784
0.020530
0.021243
0.020507
0.019283
0.018215
0.019191
0.020636
0.021533
0.020962
0.022364
0.022819
0.023443
0.022713
0.023748
0.024056
0.025991
0.027216
0.026525
0.031538
0.036261
0.010948
0.022238
0.015170
0.024548
0.022068
0.024989
0.028919
0.028713
0.030784
0.033367
0.050300
0.055330
0.068156
0.063630
0.032994
0.059363
0.077185
0.033632
0.066303
0.066652
0.059115
0.074672
0.070443
0.035681
0.033312
0.052026
0.047521
0.042869
0.033534
0.040696
0.040170
0.006560
0.006699
0.006930
0.009129
0.006802
0.007513
0.007501
0.007627
0.007732
0.007505
0.008397
0.009440
0.008558
0.009908
0.010648
0.025048
0.026571
0.026245
0.026621
0.028412
0.018712
0.016914
0.014638
0.011704
0.015001
0.011574
0.012105
0.013204
0.010540
0.013289
0.009722
0.010177
0.009994
0.010311
0.010044
0.010352
0.012921
0.018267
0.019121
0.015437
0.014336
0.020062
0.018439
0.019240
0.017734
0.017369
0.017708
0.017299
0.017224
0.016564
0.017336
0.017335
0.016815
0.016590
0.016431
0.016244
0.015767
0.015620
0.015636
0.015689
0.015814
0.016863
0.015745
0.016214
0.015820
0.015649
0.015200
0.015108
0.014800
0.014897
0.015146
0.015689
0.016599
0.016215
0.015287
0.015235
0.015278
0.015143
0.015193
0.015172
0.015182
0.015436
0.014280
0.015127
0.016332
0.014045
0.013716
0.014791
0.014761
0.014550
0.014220
0.013894
0.011988
0.014369
0.014458
0.012725
0.011695
0.014914
0.015306
0.018817
0.450501
0.104785
0.092639
0.051736
0.044662
0.035568
0.030221
0.028106
0.026850
0.025745
0.026179
0.026930
0.026373
0.020226
0.017207
0.017129
0.016415
0.015632
0.014306
0.018124
0.008079
0.008076
0.008043
0.009369
0.008155
0.009413
0.009142
0.011434
0.013509
0.013558
0.013488
0.014039
0.013982
0.013990
0.014991
0.013529
0.013579
0.014014
0.014892
0.014250
0.013621
0.013830
0.012973
0.013513
0.013505
0.014401
0.014222
0.013373
0.013368
0.014814
0.015103
0.014983
0.015564
0.015971
0.019180
0.021661
0.020988
0.021020
0.020273
0.020283
0.020999
0.021312
0.020375
0.019822
0.022805
0.013969
0.012303
0.009212
0.008627
0.009223
0.009233
0.009180
0.009671
0.009291
0.008229
0.008141
0.012073
0.013598
0.017430
0.019407
0.017400
0.017504
0.017548
0.017440
0.018444
0.018431
0.015300
0.018800
0.015852
0.022530
0.021055
0.020821
0.022043
0.022010
0.021578
0.021836
0.021610
0.020512
0.018871
0.018940
0.019838
0.028825
0.031215
0.031392
0.031395
0.029965
0.030953
0.029155
0.029704
0.029753
0.029668
0.026467
0.025179
0.023388
0.022196
0.022508
0.022470
0.020892
0.021302
0.013789
0.021323
0.022468
0.019233
0.017667
0.010455
0.010098
0.009946
0.010263
0.010261
0.008126
0.007916
0.009089
0.008745
0.017614
0.015466
0.011619
0.010105
0.010199
0.014951
0.017009
0.012993
0.011194
0.010991
0.010918
0.015441
0.016384
0.024268
0.021784
0.015084
0.014447
0.014867
0.017092
0.029292
0.029568
0.030246
0.028651
0.028529
0.028456
0.027856
0.025727
0.025390
0.025908
0.024130
0.023126
0.021324
0.021743
0.020575
0.020768
0.020867
0.024405
0.020071
0.023401
0.022221
0.020629
0.022444
0.021134
0.023652
0.022226
0.026175
0.029927
0.026992
0.022995
0.033530
0.026468
0.033344
0.029437
0.035904
0.043418
0.042890
0.055765
0.067582
0.068950
0.072255
0.086541
0.086605
0.098947
0.110213
0.103467
0.119503
0.128347
0.133620
0.134088
0.137015
0.148927
0.143802
0.141392
0.145477
0.154142
0.160272
0.161916
0.169647
0.167906
0.176246
0.175906
0.168591
0.168776
0.165098
0.150792
0.142052
0.143004
0.143200
0.140983
0.137452
0.135451
0.132638
0.127555
0.127480
0.127002
0.122458
0.120525
0.115653
0.116272
0.099933
0.106255
0.097835
0.097427
0.093082
0.092115
0.091097
0.089074
0.085609
0.082763
0.081877
0.083213
0.079316
0.082809
0.083779
0.084752
0.078212
0.077735
0.079692
0.031760
0.034340
0.034921
0.038241
0.036212
0.040116
0.034982
0.037313
0.036555
0.035451
0.034765
0.033232
0.033459
0.034113
0.033692
0.039953
0.040113
0.037553
0.037185
0.035125
0.035798
0.036064
0.038072
0.038886
0.037737
0.038138
0.036844
0.037377
0.037030
0.031274
0.030351
0.030028
0.025368
0.030784
0.039179
0.036877
0.044950
0.045738
0.046210
0.044615
0.043390
0.043688
0.043438
0.046195
0.044832
0.051461
0.051300
0.050934
0.050728
0.056230
0.054291
0.052615
0.051917
0.053349
0.053835
0.055670
0.055853
0.054511
0.055091
0.053274
0.056206
0.055171
0.054538
0.059015
0.057628
0.058186
0.057845
0.062059
0.059925
0.060649
0.061458
0.059635
0.057467
0.057392
0.055931
0.056582
0.178124
0.171224
0.173744
0.207524
0.205099
0.200931
0.199899
0.200691
0.204113
0.204185
0.209175
0.207369
0.207166
0.206980
0.209373
0.212842
0.201583
0.208498
0.206654
0.209806
0.210354
0.210824
0.210771
0.214013
0.212382
0.206681
0.211611
0.209149
0.209704
0.211108
0.206835
0.211415
0.210820
0.209133
0.203180
0.207654
0.208241
0.208242
0.205246
0.210700
0.206778
0.211025
0.211953
0.210276
0.204480
0.204529
0.210584
0.209900
0.204879
0.217301
0.216397
0.218224
0.206542
0.201730
0.200788
0.197516
0.198458
0.193280
0.193095
0.193068
0.194203
0.194068
0.196555
0.197570
0.203718
0.200456
0.203974
0.204123
0.203513
0.202098
0.202282
0.201815
0.175138
0.191730
0.193999
0.196753
0.184317
0.197695
0.198026
0.203148
0.202143
0.168148
0.181263
0.159867
0.159939
0.158882
0.162429
0.184611
0.161060
0.162009
0.164710
0.169935
0.170932
0.186281
0.169956
0.172282
0.174626
0.169704
0.164805
0.162519
0.162690
0.158634
0.165674
0.166889
0.179709
0.167277
0.166532
0.171474
0.169866
0.165452
0.160086
0.189374
0.190167
0.170485
0.165675
0.174605
0.174776
0.205921
0.171755
0.205008
0.194485
0.200175
0.197800
0.179521
0.169859
0.167082
0.180574
0.161099
0.185579
0.182508
0.177312
0.176916
0.168031
0.167273
0.210446
0.209784
0.210711
0.209578
0.211901
0.209543
0.209018
0.207226
0.181371
0.175467
0.165426
0.168321
0.169108
0.169366
0.170348
0.158644
0.161149
0.168664
0.183139
0.181881
0.171687
0.172585
0.173253
0.173912
0.170646
0.172837
0.176103
0.139861
0.143818
0.143313
0.150165
0.137792
0.135788
0.157346
0.169498
0.161453
0.158795
0.156710
0.149432
0.157242
0.164998
0.168746
0.165215
0.162244
0.166799
0.160477
0.156600
0.165753
0.157177
0.162901
0.192819
0.200434
0.201997
0.233417
0.239220
0.238396
0.240894
0.242182
0.247141
0.249640
0.244146
0.249659
0.247510
0.258226
0.271297
0.265177
0.261327
0.256888
0.256287
0.257655
0.258532
0.253564
0.252760
0.239642
0.244079
0.248918
0.249567
0.246949
0.242350
0.247144
0.253540
0.272405
0.271637
0.275641
0.274972
0.279929
0.254931
0.012629
0.010505
0.012171
0.015291
0.013318
0.010159
0.010115
0.010701
0.018148
0.020847
0.014534
0.014450
0.014744
0.017694
0.016593
0.016199
0.012252
0.015969
0.014426
0.015809
0.014936
0.019196
0.188510
0.190254
0.186539
0.190677
0.175182
0.175143
0.164359
0.148318
0.165218
0.163199
0.171193
0.150180
0.146450
0.130369
0.142931
0.153900
0.031468
0.026923
0.032837
0.023605
0.046748
0.050679
0.020920
0.016130
0.012643
0.020805
0.018485
0.025392
0.030857
0.032559
0.028529
0.022434
0.025630
0.013964
0.024169
0.023489
0.033698
0.067427
0.065832
0.060803
0.058703
0.060593
0.056411
0.064412
0.059480
0.055568
0.060262
0.045078
0.043342
0.037493
0.041631
0.036285
0.036132
0.029496
0.033603
0.029632
0.036921
0.043030
0.048507
0.063369
0.042091
0.064108
0.047145
0.050463
0.040059
0.046879
0.047563
0.047883
0.046010
0.045769
0.046766
0.046783
0.048134
0.048596
0.047642
0.048529
0.048287
0.046664
0.047336
0.039999
0.039889
0.040627
0.040325
0.039892
0.039678
0.039959
0.038848
0.038848
0.038684
0.038375
0.038972
0.038246
0.037788
0.037631
0.038948
0.038534
0.038642
0.038338
0.038158
0.040150
0.039224
0.039290
0.039318
0.039046
0.038162
0.037043
0.037305
0.036313
0.034986
0.034179
0.034768
0.032929
0.031828
0.032017
0.030518
0.030009
0.030139
0.030040
0.029816
0.029368
0.028262
0.027904
0.027039
0.026879
0.027046
0.027161
0.027602
0.027631
0.026628
0.027633
0.027038
0.019603
0.027405
0.027194
0.027263
0.027660
0.023174
0.027575
0.022464
0.021965
0.022312
0.019495
0.020076
0.020377
0.026507
0.026766
0.026139
0.025459
0.025495
0.025421
0.025523
0.889360
0.876615
0.844514
0.770067
0.660471
0.256611
0.093951
0.080200
0.052103
0.071483
0.052420
0.063858
0.065575
0.056624
0.062455
0.068486
0.058992
0.063748
0.070789
0.071482
0.067906
0.067227
0.066136
0.068120
0.073988
0.064832
0.074596
0.075628
0.071825
0.070576
0.069058
0.077105
0.066136
0.059147
0.059459
0.069785
0.070707
0.077163
0.074165
0.061826
0.076472
0.081082
0.087772
0.099362
0.123802
0.220772
0.352072
0.610769
0.889359
0.066356
0.066934
0.066933
0.066933
0.066933
0.066931
0.065647
0.065608
0.065562
0.065404
0.065401
0.065440
0.065475
0.065699
0.065696
0.065698
0.065688
0.065434
0.065509
0.065509
0.065056
0.064921
0.064920
0.064920
0.064918
0.065167
0.065167
0.065167
0.065166
0.065164
0.065160
0.065160
0.065159
0.065159
0.065095
0.065095
0.065095
0.065095
0.064319
0.064321
0.064321
0.064321
0.064318
0.063248
0.063248
0.063248
0.063249
0.063068
0.063066
0.063066
0.063065
0.063067
0.063066
0.063066
0.063251
0.063068
0.063065
0.063065
0.063065
0.063064
0.063064
0.063064
0.063062
0.063064
0.063064
0.063064
0.063064
0.063064
0.063064
0.063064
0.063249
0.063249
0.063249
0.063249
0.063249
0.063249
0.063249
0.063249
0.063249
0.063249
0.063249
0.063249
0.063249
0.063249
0.063250
0.063250
0.064026
0.064026
0.064026
0.064026
0.064026
0.064026
0.064026
0.064026
0.064026
0.064239
0.046176
0.044830
0.045768
0.044164
0.043812
0.043925
0.042398
0.056116
0.060952
0.078543
0.074386
0.083207
0.072332
0.071584
0.070822
0.071853
0.071251
0.076976
0.071976
0.070884
0.073274
0.073533
0.073672
0.068679
0.064486
0.069982
0.089188
0.092765
0.085572
0.085370
0.087425
0.087969
0.088288
0.089306
0.087861
0.088403
0.089392
0.088581
0.088628
0.088024
0.090131
0.086658
0.083686
0.067020
0.073811
0.087211
0.085874
0.085357
0.085939
0.085176
0.084835
0.085527
0.084650
0.085079
0.085806
0.086192
0.086329
0.080540
0.074803
0.065616
0.064732
0.062118
0.062975
0.061980
0.068611
0.068269
0.067995
0.068192
0.068415
0.067332
0.070178
0.069034
0.067138
0.070032
0.068563
0.067058
0.067623
0.068553
0.068951
0.071591
0.077038
0.078971
0.084878
0.078457
0.082673
0.086537
0.141326
0.134294
0.130785
0.161841
0.150712
0.158785
0.142887
0.138962
0.085955
0.084512
0.082754
0.081617
0.082432
0.080243
0.081782
0.081794
0.086718
0.087676
0.081684
0.087466
0.087706
0.087118
0.081638
0.080518
0.086411
0.086401
0.086291
0.087081
0.082142
0.089602
0.082291
0.086623
0.087689
0.087562
0.087133
0.087179
0.089237
