0.024563
0.024841
0.024713
0.024576
0.024832
0.024692
0.024847
0.024715
0.026111
0.023164
0.024440
0.024180
0.024175
0.023758
0.024807
0.025088
0.026685
0.026635
0.026867
0.024979
0.024988
0.025778
0.026176
0.023048
0.023414
0.023391
0.024761
0.025974
0.025906
0.026459
0.025761
0.026015
0.025793
0.025691
0.025563
0.025246
0.025187
0.025366
0.026636
0.026710
0.025776
0.026188
0.028691
0.028759
0.029004
0.028353
0.025171
0.026512
0.029365
0.028913
0.028409
0.028027
0.027929
0.027019
0.024345
0.025973
0.023891
0.024112
0.024445
0.024454
0.023621
0.024730
0.025002
0.025669
0.026292
0.026040
0.026050
0.025941
0.025467
0.025530
0.025398
0.023945
0.024697
0.024331
0.023129
0.023198
0.023299
0.024846
0.025240
0.023136
0.022625
0.022540
0.021431
0.021206
0.021117
0.021813
0.021326
0.021506
0.021309
0.021127
0.020688
0.021099
0.020658
0.020839
0.020914
0.021062
0.021090
0.021362
0.021370
0.021368
0.021087
0.021173
0.021317
0.021266
0.021399
0.021329
0.021365
0.021543
0.020949
0.021841
0.021549
0.023164
0.022956
0.023020
0.022941
0.021746
0.021503
0.022541
0.021430
0.021429
0.021458
0.021580
0.021386
0.021306
0.021298
0.021232
0.021488
0.021287
0.021366
0.021590
0.020828
0.020750
0.020583
0.020597
0.020466
0.020470
0.020587
0.021988
0.020321
0.021688
0.022412
0.024309
0.026523
0.028424
0.030449
0.030247
0.030418
0.030293
0.030532
0.031613
0.025485
0.024786
0.025860
0.030969
0.030507
0.030516
0.031103
0.030908
0.030303
0.030372
0.030007
0.030179
0.029913
0.029454
0.029245
0.028622
0.028147
0.028361
0.028549
0.028487
0.029808
0.030430
0.030984
0.030127
0.030273
0.030237
0.030536
0.030009
0.029772
0.030156
0.029502
0.030061
0.030389
0.029455
0.029462
0.029437
0.027443
0.026852
0.027306
0.027270
0.027359
0.027420
0.026901
0.029239
0.029204
0.029059
0.027996
0.029171
0.028821
0.028684
0.027303
0.028083
0.027524
0.025343
0.027295
0.027609
0.028272
0.028430
0.027012
0.028561
0.028719
0.028779
0.028578
0.028457
0.028351
0.028189
0.028052
0.028654
0.028628
0.028623
0.028922
0.028583
0.025729
0.026199
0.026727
0.026860
0.028698
0.028798
0.028670
0.028614
0.031476
0.028889
0.028942
0.028498
0.028884
0.029453
0.030457
0.028950
0.029782
0.029592
0.027825
0.028798
0.028703
0.028611
0.028929
0.029877
0.028660
0.025452
0.027623
0.026932
0.026509
0.026913
0.028264
0.027241
0.028007
0.027280
0.027022
0.025826
0.026047
0.025805
0.025584
0.023975
0.022382
0.019689
0.019512
0.020127
0.021465
0.022600
0.023757
0.022890
0.023224
0.023850
0.023906
0.023854
0.023710
0.024986
0.025135
0.025495
0.025252
0.025481
0.024816
0.025056
0.025135
0.024875
0.025750
0.025391
0.026807
0.026698
0.026854
0.026543
0.026955
0.026432
0.026474
0.027094
0.027026
0.026995
0.027255
0.027075
0.026915
0.027300
0.027217
0.026680
0.027147
0.026850
0.026993
0.027329
0.026473
0.026396
0.026192
0.026306
0.027126
0.027565
0.027795
0.028749
0.029135
0.028212
0.029277
0.028684
0.027474
0.028815
0.028786
0.028860
0.028847
0.029068
0.028972
0.027573
0.028099
0.028488
0.027596
0.028379
0.028328
0.028365
0.028364
0.028324
0.028195
0.028419
0.028959
0.029111
0.028817
0.029183
0.027920
0.029111
0.029321
0.029111
0.029004
0.027992
0.028999
0.029395
0.028251
0.028323
0.028450
0.028565
0.028513
0.028452
0.028354
0.028397
0.027727
0.027800
0.027860
0.027446
0.028308
0.028426
0.027996
0.028353
0.028833
0.028904
0.028357
0.028348
0.027947
0.027948
0.027841
0.027794
0.027627
0.027430
0.027344
0.025418
0.025854
0.025987
0.025771
0.025771
0.024129
0.022869
0.021821
0.022262
0.023903
0.023513
0.025611
0.026669
0.029356
0.029343
0.029906
0.029899
0.029745
0.030290
0.029845
0.032081
0.027165
0.027198
0.027223
0.028595
0.028898
0.028784
0.028835
0.028702
0.028247
0.028367
0.028452
0.028038
0.028134
0.028242
0.028854
0.027861
0.028606
0.029602
0.028158
0.028730
0.029032
0.027379
0.026633
0.028131
0.028258
0.028033
0.027657
0.026465
0.026652
0.026411
0.026434
0.026694
0.026516
0.027520
0.027295
0.027616
0.028254
0.028072
0.027760
0.027099
0.027126
0.026945
0.026238
0.026366
0.026359
0.025980
0.026083
0.026433
0.025949
0.026843
0.027211
0.027662
0.027978
0.028312
0.027889
0.026738
0.026159
0.025640
0.026055
0.030106
0.027774
0.027347
0.027327
0.027957
0.027626
0.024336
0.022925
0.021350
0.020315
0.020756
0.021751
0.022312
0.022868
0.022046
0.021941
0.024858
0.024089
0.025499
0.025533
0.026035
0.025891
0.024735
0.025043
0.024855
0.024560
0.024350
0.024522
0.024596
0.024926
0.024631
0.025036
0.024736
0.024916
0.025692
0.025381
0.025724
0.025254
0.025537
0.025666
0.025023
0.024958
0.024985
0.025272
0.023507
0.023792
0.024375
0.024887
0.025708
0.024790
0.024192
0.024476
0.024533
0.025152
0.024968
0.025003
0.024918
0.024207
0.023287
0.024961
0.023501
0.024179
0.024143
0.025643
0.027040
0.025319
0.025040
0.025562
0.024504
0.024899
0.024057
0.022860
0.023438
0.022263
0.021396
0.025410
0.024113
0.023405
0.023196
0.022524
0.022244
0.021770
0.020915
0.020685
0.021489
0.021177
0.020512
0.020329
0.022812
0.023090
0.023290
0.023179
0.023498
0.022770
0.023454
0.022198
0.023270
0.023230
0.024073
0.025881
0.025668
0.025027
0.025351
0.024622
0.024670
0.023868
0.023783
0.024035
0.023506
0.023074
0.023611
0.023352
0.023740
0.023257
0.023132
0.023771
0.023820
0.024350
0.024583
0.025266
0.026506
0.026486
0.027835
0.026188
0.026009
0.024345
0.023892
0.024857
0.024187
0.024281
0.023806
0.024624
0.023548
0.022923
0.022206
0.022325
0.022516
0.022915
0.023175
0.023172
0.022927
0.023550
0.023520
0.023340
0.023166
0.023601
0.023461
0.023970
0.024543
0.025247
0.024947
0.024775
0.025022
0.025581
0.025722
0.025244
0.024137
0.023618
0.023405
0.023120
0.023358
0.023141
0.022821
0.022571
0.022435
0.021604
0.021277
0.021648
0.021927
0.022059
0.021925
0.021798
0.021901
0.021923
0.022146
0.022132
0.021849
0.021978
0.021598
0.021503
0.022001
0.021404
0.021282
0.021678
0.021780
0.021354
0.021272
0.021308
0.021226
0.021325
0.021182
0.021170
0.020973
0.019426
0.019539
0.020898
0.021280
0.018759
0.018646
0.018482
0.018598
0.018497
0.018334
0.018136
0.017892
0.018007
0.018131
0.018288
0.018114
0.018593
0.018498
0.018400
0.018545
0.018681
0.018813
0.018905
0.018874
0.019096
0.019279
0.019365
0.019266
0.018891
0.018902
0.019280
0.019359
0.019365
0.019424
0.019662
0.019399
0.019468
0.019480
0.019920
0.018993
0.019475
0.019715
0.019848
0.019203
0.019138
0.019224
0.019339
0.019188
0.019822
0.020057
0.019545
0.019658
0.019978
0.020384
0.020566
0.020412
0.020294
0.020376
0.020274
0.019820
0.020214
0.020300
0.020134
0.019688
0.019250
0.020329
0.019483
0.020869
0.021309
0.020520
0.020740
0.020190
0.020471
0.020618
0.021683
0.020337
0.020054
0.020099
0.020479
0.020148
0.020472
0.019665
0.019092
0.019521
0.018632
0.017721
0.018480
0.018604
0.017925
0.017471
0.017722
0.018619
0.017712
0.018670
0.018036
0.017939
0.017986
0.018023
0.017609
0.018418
0.018266
0.017842
0.018236
0.017850
0.018488
0.018095
0.017577
0.017111
0.016686
0.016686
0.016370
0.016176
0.015984
0.016291
0.016276
0.016140
0.016085
0.016326
0.016192
0.016077
0.016492
0.016370
0.016211
0.016442
0.016146
0.016206
0.015911
0.016268
0.016101
0.016036
0.016006
0.016180
0.016140
0.016397
0.016463
0.016751
0.016795
0.016633
0.016606
0.016615
0.016843
0.016940
0.016846
0.016536
0.016397
0.016451
0.016367
0.016403
0.016356
0.016291
0.016332
0.016054
0.016160
0.016379
0.016429
0.016583
0.016966
0.016887
0.016864
0.016617
0.016688
0.016688
0.016697
0.016444
0.016441
0.016566
0.016704
0.016581
0.016631
0.016585
0.016671
0.016700
0.016734
0.016781
0.016875
0.016954
0.017033
0.017080
0.017000
0.016899
0.016802
0.016544
0.016262
0.015969
0.015978
0.015961
0.016355
0.016554
0.016002
0.016864
0.016705
0.016506
0.016693
0.016705
0.016057
0.016247
0.016206
0.016256
0.016065
0.015989
0.016435
0.016407
0.016715
0.016781
0.016864
0.016685
0.016589
0.016621
0.016777
0.016622
0.016810
0.017094
0.017083
0.017389
0.017416
0.017228
0.017130
0.017128
0.017434
0.017657
0.017527
0.017768
0.017790
0.017293
0.017326
0.017434
0.017515
0.017610
0.017447
0.017190
0.017033
0.016713
0.016581
0.017384
0.017574
0.017634
0.017758
0.017270
0.017281
0.017121
0.016970
0.016871
0.016776
0.017283
0.017379
0.017470
0.017026
0.016534
0.016757
0.016798
0.016297
0.016937
0.016875
0.016648
0.016314
0.016270
0.016479
0.016447
0.016778
0.016361
0.016430
0.016296
0.016248
0.016229
0.016155
0.015935
0.015991
0.016095
0.015964
0.015907
0.015989
0.016050
0.016381
0.016118
0.016105
0.016282
0.016437
0.016505
0.016361
0.016412
0.016961
0.016362
0.016870
0.016625
0.016506
0.016722
0.017050
0.017301
0.017218
0.017236
0.016633
0.017123
0.016934
0.017022
0.017173
0.017332
0.017324
0.017576
0.017735
0.017767
0.017615
0.017159
0.016845
0.016494
0.016419
0.016291
0.016316
0.016156
0.015893
0.016496
0.015706
0.015649
0.015950
0.015919
0.015818
0.015810
0.016045
0.016218
0.016456
0.016265
0.016388
0.016724
0.016757
0.017279
0.017399
0.017445
0.017425
0.017195
0.017237
0.017349
0.017423
0.017659
0.018210
0.018090
0.018025
0.017889
0.018126
0.017952
0.017893
0.017830
0.017782
0.017319
0.017550
0.017434
0.017339
0.017563
0.017384
0.017614
0.017398
0.017281
0.017320
0.017169
0.017176
0.016979
0.017423
0.017776
0.017924
0.017652
0.017284
0.017478
0.017538
0.017548
0.017406
0.017324
0.017415
0.017334
0.017459
0.016825
0.017249
0.017441
0.017367
0.016921
0.017040
0.016861
0.016481
0.016664
0.016599
0.016864
0.017351
0.017863
0.017880
0.017702
0.017362
0.017268
0.017201
0.016992
0.016601
0.016797
0.016634
0.017416
0.017744
0.018496
0.018439
0.018055
0.018572
0.017185
0.016838
0.016953
0.017321
0.016661
0.016538
0.016379
0.016064
0.016048
0.015680
0.015687
0.015480
0.015703
0.015879
0.016137
0.016085
0.016074
0.016306
0.016501
0.016591
0.016607
0.016816
0.017088
0.018304
0.018521
0.018091
0.018589
0.018612
0.018737
0.018855
0.018884
0.018599
0.018877
0.018034
0.017883
0.017562
0.018367
0.018264
0.018517
0.018667
0.018554
0.018643
0.019146
0.019412
0.019553
0.020178
0.020137
0.020154
0.020672
0.020455
0.020718
0.020360
0.021264
0.021287
0.021103
0.020593
0.020224
0.020831
0.019657
0.018502
0.018136
0.018263
0.017896
0.017720
0.018650
0.018422
0.018074
0.018375
0.018668
0.018577
0.017637
0.016796
0.017254
0.016238
0.016268
0.015917
0.016701
0.016228
0.016498
0.016881
0.015986
0.015909
0.015481
0.015191
0.015224
0.014729
0.014379
0.014054
0.013141
0.013271
0.012778
0.012691
0.012462
0.012282
0.012111
0.012135
0.011927
0.011639
0.011449
0.010695
0.010908
0.010662
0.010680
0.010567
0.010262
0.010254
0.010405
0.010350
0.010586
0.010689
0.010613
0.010709
0.010243
0.010283
0.010210
0.010279
0.009918
0.009949
0.009934
0.009596
0.009424
0.009313
0.009124
0.008762
0.008742
0.008975
0.008838
0.008568
0.008388
0.008191
0.008158
0.007993
0.007868
0.007729
0.007742
0.007475
0.007492
0.007530
0.007606
0.007417
0.007460
0.007423
0.007459
0.007519
0.007414
0.007405
0.007315
0.007307
0.007261
0.007190
0.007277
0.007248
0.007231
0.007074
0.007152
0.007140
0.007116
0.007081
0.007059
0.007084
0.007128
0.007220
0.007221
0.007216
0.007236
0.007190
0.007211
0.007202
0.007114
0.007079
0.007059
0.007002
0.006845
0.006728
0.006672
0.006623
0.006573
0.006429
0.006493
0.006567
0.006538
0.006545
0.006461
0.006373
0.006310
0.006298
0.006242
0.006202
0.006225
0.006169
0.006101
0.006019
0.005862
0.005741
0.005555
0.005381
0.005264
0.005094
0.005046
0.004933
0.004955
0.004952
0.005037
0.005045
0.005009
0.004933
0.004929
0.004772
0.004704
0.004657
0.004573
0.004378
0.004214
0.004124
0.003990
0.003888
0.003747
0.003657
0.003527
0.003484
0.003002
0.002853
0.002699
0.002525
0.002350
0.002192
0.001920
0.001783
0.001637
0.001414
0.001113
0.000774
0.000463
0.000193
0.000000
0.000087
0.000353
0.000736
0.001247
0.001527
0.001906
0.002323
0.002539
0.002915
0.003525
0.003781
0.003941
0.004371
0.004783
0.005011
0.005190
0.005396
0.005780
0.006663
0.006912
0.007293
0.007820
0.008076
0.008314
0.008375
0.008500
0.008390
0.008581
0.008528
0.008626
0.008983
0.009198
0.009744
0.010100
0.010435
0.010892
0.010992
0.011171
0.011665
0.011722
0.011892
0.012063
0.012401
0.012685
0.012618
0.012826
0.013755
0.013843
0.014580
0.015057
0.015508
0.016093
0.016461
0.017252
0.018445
0.018060
0.018575
0.019898
0.021332
0.021545
0.022391
0.022811
0.023582
0.023634
0.023625
0.025331
0.024535
0.024860
0.025036
0.025189
0.025043
0.026123
0.026380
0.026541
0.024804
0.024257
0.023801
0.023736
0.024249
0.023591
0.023800
0.024587
0.023988
0.024012
0.024405
0.025166
0.024871
0.024072
0.026868
0.027101
0.025810
0.026619
0.026221
0.026269
0.027138
0.027208
0.026889
0.024648
0.024724
0.025833
0.024127
0.024973
0.024887
0.025387
0.025544
0.025147
0.024264
0.023732
0.023782
0.025363
0.025925
0.024928
0.025128
0.025124
0.025025
0.025230
0.025166
0.025438
0.026306
0.025465
0.026591
0.026332
0.026270
0.026980
0.025630
0.026662
0.026251
0.025956
0.025686
0.025258
0.025630
0.026397
0.025528
0.025784
0.026102
0.025683
0.025561
0.026006
0.024661
0.024736
0.025026
0.024740
0.025500
0.026172
0.026412
0.025523
0.025789
0.025008
0.025338
0.025249
0.026388
0.026511
0.025754
0.026028
0.025561
0.025512
0.025482
0.026174
0.026731
0.027266
0.026850
0.026820
0.027066
0.026582
0.026933
0.026103
0.026176
0.026275
0.026128
0.027074
0.027029
0.027574
0.026985
0.027198
0.027063
0.027799
0.027567
0.026581
0.026836
0.028214
0.028323
0.027784
0.027348
0.026943
0.026242
0.026183
0.026318
0.026100
0.025570
0.026177
0.026483
0.026404
0.025990
0.026009
0.026896
0.026914
0.027179
0.026086
0.026340
0.025809
0.026017
0.028076
0.026305
0.026470
0.026963
0.026933
0.027414
0.027894
0.028100
0.028194
0.028549
0.028411
0.028786
0.028008
0.028193
0.027892
0.027706
0.028045
0.027984
0.027592
0.028053
0.028071
0.028781
0.028653
0.028669
0.027726
0.027630
0.027658
0.027639
0.027356
0.027646
0.027672
0.027777
0.027578
0.028560
0.028000
0.027360
0.027350
0.027160
0.028017
0.027673
0.026954
0.026684
0.027151
0.027465
0.028389
0.029044
0.029196
0.029061
0.025948
0.022816
0.021172
0.020826
0.020650
0.021778
0.023201
0.023174
0.023992
0.025697
0.025415
0.026851
0.026193
0.025332
0.025984
0.026393
0.026792
0.026886
0.027846
0.026356
0.025687
0.025107
0.025086
0.025510
0.026681
0.026076
0.025891
0.025874
0.026265
0.026457
0.026980
0.027596
0.027014
0.026743
0.027111
0.026435
0.026444
0.026431
0.025981
0.025289
0.025423
0.025363
0.025332
0.024912
0.026237
0.025833
0.024588
0.024690
0.025586
0.025409
0.025074
0.025137
0.025204
0.024522
0.024431
0.024712
0.025024
0.025551
0.025726
0.025267
0.025266
0.025253
0.025221
0.025696
0.025242
0.025742
0.024366
0.024974
0.025106
0.024886
0.024631
0.024635
0.024444
0.024550
0.023593
0.023247
0.023257
0.022779
0.022525
0.023007
0.023558
0.022639
0.023749
0.022877
0.023792
0.023586
0.023463
0.023580
0.023900
0.023240
0.023681
0.023117
0.022362
0.023040
0.022885
0.022650
