0.117394
0.117394
0.117394
0.117394
0.117394
0.117394
0.117394
0.117394
0.117394
0.117394
0.117394
0.117394
0.117394
0.117394
0.117394
0.117394
0.117394
0.117394
0.118335
0.110452
0.102484
0.096737
0.090683
0.087568
0.084737
0.084854
0.084044
0.083657
0.084728
0.089210
0.092333
0.096689
0.094864
0.096355
0.095094
0.094188
0.092156
0.092144
0.090443
0.085673
0.089721
0.087160
0.085393
0.084924
0.077059
0.076060
0.075712
0.076255
0.076509
0.076308
0.076177
0.076606
0.076359
0.075409
0.076577
0.075793
0.076513
0.076625
0.076618
0.075782
0.076032
0.076393
0.076558
0.076502
0.076608
0.076570
0.076691
0.076499
0.076752
0.080639
0.077215
0.077974
0.077683
0.078184
0.077370
0.077647
0.077277
0.075966
0.077874
0.077323
0.077461
0.077099
0.077201
0.077413
0.077668
0.076570
0.077795
0.077961
0.077209
0.077589
0.077572
0.076911
0.077654
0.077430
0.076779
0.077575
0.078128
0.077847
0.078184
0.078487
0.078795
0.078498
0.076513
0.076531
0.076503
0.076872
0.076613
0.076736
0.077574
0.076645
0.073359
0.070163
0.066652
0.065387
0.061667
0.059191
0.056124
0.055680
0.054233
0.053528
0.052871
0.052823
0.053307
0.053234
0.053997
0.054654
0.054756
0.054532
0.054475
0.054654
0.054400
0.055851
0.057106
0.057611
0.061163
0.065687
0.072828
0.084540
0.086439
0.083910
0.065846
0.053815
0.054577
0.078932
0.088216
0.099487
0.102800
0.094151
0.094071
0.083745
0.074097
0.043067
0.031225
0.018374
0.014657
0.012308
0.011383
0.012346
0.013169
0.013636
0.014626
0.014381
0.012238
0.010209
0.008470
0.006044
0.005051
0.003471
0.002772
0.002479
0.002196
0.001892
0.001703
0.001630
0.001569
0.001565
0.001560
0.001558
0.001547
0.001545
0.001400
0.001375
0.001364
0.001352
0.001350
0.001311
0.001293
0.001282
0.001269
0.001232
0.001213
0.001206
0.001205
0.001170
0.001157
0.001135
0.001126
0.001091
0.001080
0.001058
0.001050
0.001017
0.000995
0.000967
0.000949
0.000885
0.000863
0.000827
0.000808
0.000735
0.000712
0.000667
0.000647
0.000564
0.000545
0.000496
0.000484
0.000403
0.000370
0.000326
0.000309
0.000242
0.000213
0.000168
0.000146
0.000076
0.000042
0.000014
0.000000
0.000024
0.000045
0.000078
0.000101
0.000147
0.000163
0.000198
0.000216
0.000255
0.000275
0.000293
0.000393
0.000420
0.000440
0.000466
0.000478
0.000512
0.000529
0.000558
0.000565
0.000603
0.000623
0.000648
0.000662
0.000711
0.000732
0.000779
0.000783
0.000825
0.000847
0.000876
0.000889
0.000935
0.000958
0.000992
0.001004
0.001049
0.001051
0.001075
0.001101
0.001148
0.001362
0.001520
0.001402
0.001562
0.001588
0.001738
0.002518
0.004026
0.005959
0.008679
0.011489
0.014970
0.016636
0.020407
0.024177
0.027600
0.031260
0.035320
0.040572
0.043518
0.046665
0.050076
0.052397
0.055828
0.058342
0.061180
0.062840
0.064418
0.064978
0.068579
0.068832
0.069998
0.069798
0.070693
0.070208
0.071459
0.073326
0.071806
0.065450
0.063077
0.063403
0.063037
0.063294
0.063874
0.063655
0.064001
0.075255
0.070069
0.065242
0.066329
0.074723
0.071191
0.064557
0.064136
0.064736
0.064552
0.066625
0.066466
0.071873
0.066078
0.064613
0.061409
0.071528
0.071206
0.071842
0.071899
0.070999
0.074029
0.076062
0.072813
0.072730
0.066742
0.071948
0.072843
0.073877
0.073816
0.066632
0.072016
0.072323
0.073670
0.075308
0.073421
0.072217
0.074880
0.074988
0.066318
0.074295
0.075439
0.074010
0.075486
0.065172
0.064603
0.064415
0.064346
0.072611
0.072324
0.072249
0.072182
0.072937
0.073422
0.072465
0.073752
0.074323
0.074657
0.073986
0.071994
0.073656
0.073418
0.074024
0.074632
0.074386
0.066063
0.077364
0.068682
0.066203
0.081009
0.071960
0.068482
0.068581
0.069438
0.069945
0.076276
0.076215
0.073690
0.075907
0.072116
0.069208
0.070622
0.069701
0.068037
0.068528
0.071099
0.072808
0.071295
0.071146
0.074364
0.073504
0.073480
0.074008
0.072443
0.072507
0.072415
0.071395
0.071890
0.073189
0.073560
0.072240
0.073959
0.067075
0.067798
0.063329
0.066086
0.067562
0.066768
0.068241
0.077780
0.072369
0.071091
0.075819
0.064111
0.069251
0.072868
0.061868
0.057496
0.057568
0.060319
0.061074
0.061808
0.061666
0.073198
0.058904
0.070674
0.070103
0.069955
0.069777
0.071422
0.071059
0.071320
0.069972
0.071840
0.072494
0.071716
0.075748
0.075211
0.072327
0.075320
0.074693
0.075430
0.078068
0.081712
0.072380
0.070910
0.075892
0.073501
0.073282
0.075220
0.074755
0.070003
0.072209
0.073043
0.073434
0.073960
0.079046
0.073449
0.079377
0.075133
0.078522
0.078039
0.062492
0.076778
0.065544
0.066744
0.066481
0.067005
0.063745
0.061370
0.062279
0.061454
0.061943
0.062101
0.072417
0.080193
0.085250
0.077998
0.083303
0.078488
0.074501
0.076008
0.079299
0.065449
0.072408
0.070251
0.067603
0.074222
0.076118
0.079986
0.075189
0.075756
0.079968
0.075495
0.074839
0.073657
0.072933
0.079254
0.079754
0.079163
0.074173
0.074193
0.071097
0.071925
0.062011
0.074740
0.082079
0.077013
0.078164
0.078698
0.080033
0.077822
0.080515
0.076662
0.081648
0.080781
0.073369
0.073807
0.072020
0.072875
0.073598
0.073622
0.073101
0.064821
0.076254
0.076576
0.070397
0.074996
0.077762
0.075269
0.078371
0.075654
0.074202
0.075682
0.075666
0.076507
0.082531
0.074761
0.079127
0.074964
0.069173
0.069220
0.077640
0.074384
0.069271
0.072383
0.076809
0.071987
0.075225
0.070422
0.071949
0.070156
0.068656
0.076364
0.073055
0.071998
0.072369
0.081168
0.073989
0.081435
0.071699
0.076135
0.070703
0.074962
0.075948
0.075238
0.077159
0.074276
0.075315
0.074258
0.083173
0.073265
0.075879
0.076935
0.083813
0.079440
0.075394
0.075859
0.076976
0.080626
0.081241
0.079129
0.074947
0.075288
0.075367
0.071700
0.079010
0.073097
0.076347
0.064161
0.064652
0.063513
0.063873
0.069882
0.061553
0.063025
0.072585
0.072111
0.072037
0.063325
0.075582
0.074751
0.075662
0.075534
0.076997
0.074720
0.075950
0.074666
0.065786
0.066634
0.066508
0.075289
0.075617
0.075409
0.073758
0.073308
0.071228
0.071374
0.073427
0.071628
0.072448
0.070604
0.072228
0.070194
0.075569
0.066155
0.068582
0.075157
0.067135
0.069646
0.072867
0.074749
0.073100
0.074031
0.078084
0.078097
0.078575
0.076041
0.081433
0.080278
0.075809
0.073636
0.074156
0.073349
0.070843
0.067013
0.068424
0.072886
0.071390
0.067827
0.073302
0.066966
0.075478
0.076027
0.074097
0.075973
0.072568
0.073487
0.073639
0.073366
0.047025
0.047151
0.046662
0.046470
0.046791
0.047330
0.046496
0.046776
0.046723
0.046824
0.047090
0.046841
0.046279
0.045159
0.044867
0.046935
0.047995
0.047550
0.045303
0.046689
0.047923
0.048672
0.048626
0.049061
0.048142
0.048937
0.049314
0.048829
0.048603
0.048334
0.049057
0.048804
0.048722
0.047606
0.047276
0.047167
0.047729
0.048231
0.048366
0.049323
0.048459
0.046282
0.046063
0.046709
0.046959
0.047706
0.047928
0.048599
0.048499
0.048487
0.048338
0.047855
0.047496
0.046477
0.046859
0.049816
0.047447
0.047204
0.046933
0.047557
0.047903
0.049064
0.049879
0.050637
0.051783
0.051612
0.051904
0.051837
0.050020
0.051796
0.048563
0.050127
0.049677
0.050132
0.049508
0.049614
0.049711
0.049802
0.049194
0.049587
0.049419
0.048999
0.050093
0.049672
0.049061
0.049601
0.051564
0.051316
0.052979
0.050492
0.050493
0.050202
0.050124
0.048911
0.050017
0.050145
0.049572
0.048034
0.050730
0.047369
0.050603
0.050131
0.047075
0.044736
0.044555
0.045226
0.044660
0.045401
0.045036
0.046234
0.045436
0.046208
0.045806
0.046538
0.046938
0.047368
0.049704
0.046668
0.047348
0.048482
0.049223
0.046787
0.047325
0.048573
0.049622
0.049524
0.047481
0.049207
0.053109
0.052847
0.053828
0.051835
0.050160
0.051008
0.050195
0.050239
0.050538
0.050708
0.050493
0.049703
0.049341
0.048679
0.048163
0.047339
0.048895
0.047407
0.046986
0.047089
0.046946
0.048052
0.046709
0.047019
0.048422
0.048225
0.047784
0.047846
0.047829
0.047724
0.048808
0.048106
0.047477
0.047234
0.047532
0.047498
0.048803
0.048137
0.048342
0.048509
0.048538
0.048694
0.046612
0.046720
0.046594
0.047069
0.047933
0.048283
0.048855
0.048819
0.048742
0.047185
0.046516
0.045395
0.047306
0.047022
0.046842
0.046290
0.046105
0.045848
0.044784
0.043209
0.042624
0.042719
0.044281
0.042656
0.042499
0.045005
0.044167
0.045220
0.044648
0.046894
0.047160
0.050360
0.047600
0.044205
0.046493
0.047127
0.047689
0.047422
0.048623
0.046985
0.046444
0.047273
0.045857
0.047626
0.046389
0.046674
0.046607
0.046217
0.045586
0.046742
0.047043
0.046993
0.046174
0.047777
0.045894
0.046161
0.046476
0.044592
0.044813
0.044049
0.043382
0.043335
0.044580
0.042906
0.043659
0.045265
0.049479
0.044820
0.044531
0.045090
0.045025
0.044691
0.045547
0.045919
0.045481
0.046784
0.046673
0.047473
0.045931
0.047133
0.046110
0.046022
0.045545
0.046616
0.046673
0.046089
0.045523
0.045865
0.046547
0.046256
0.045771
0.046214
0.048555
0.047868
0.048408
0.048694
0.046894
0.047445
0.050831
0.049430
0.045225
0.049333
0.047969
0.049586
0.050203
0.051214
0.052909
0.052955
0.051096
0.051140
0.050942
0.050867
0.050336
0.051441
0.050548
0.050015
0.050337
0.050346
0.050238
0.050880
0.050861
0.051332
0.048925
0.047058
0.051241
0.047292
0.050441
0.050214
0.050354
0.048519
0.048957
0.048289
0.048037
0.048365
0.050672
0.049861
0.045913
0.046487
0.046594
0.045312
0.044669
0.045425
0.045522
0.046242
0.046770
0.046123
0.045864
0.045918
0.046828
0.046052
0.050897
0.047806
0.048289
0.047994
0.048154
0.048348
0.048267
0.050516
0.049404
0.048594
0.048365
0.047803
0.047753
0.049657
0.050338
0.050675
0.049712
0.050556
0.049172
0.050031
0.050697
0.050903
0.051748
0.050700
0.050081
0.050113
0.050892
0.050934
0.050784
0.050624
0.050654
0.050473
0.051242
0.051441
0.051330
0.051802
0.052402
0.051162
0.048299
0.051748
0.048378
0.047629
0.049091
0.051470
0.051197
0.050558
0.049231
0.049163
0.044008
0.046575
0.044576
0.048425
0.050885
0.046713
0.047620
0.045148
0.045212
0.046038
0.048635
0.047192
0.046880
0.051087
0.046200
0.046181
0.046599
0.046181
0.045192
0.046139
0.047803
0.047316
0.047185
0.047016
0.046103
0.048181
0.046501
0.044506
0.045857
0.045168
0.043988
0.044420
0.044906
0.043603
0.046009
0.045202
0.043322
0.042836
0.042397
0.042127
0.042549
0.043343
0.043011
0.043457
0.043953
0.044792
0.043922
0.043965
0.043956
0.044200
0.042628
0.043146
0.042843
0.043211
0.043331
0.044337
0.044768
0.045643
0.046050
0.045695
0.046470
0.045726
0.045589
0.045295
0.045537
0.045069
0.046592
0.046323
0.045113
0.044110
0.044841
0.046052
0.047313
0.047278
0.046140
0.044639
0.045259
0.043899
0.045455
0.044402
0.045017
0.045860
0.045718
0.046014
0.046498
0.049453
0.049041
0.049451
0.049295
0.049936
0.049504
0.050122
0.049141
0.049332
0.049180
0.049739
0.049620
0.049520
0.049253
0.049666
0.050002
0.049650
0.049610
0.049492
0.049304
0.048653
0.049425
0.049409
0.049945
0.050058
0.050482
0.049705
0.050087
0.050426
0.049493
0.049075
0.050194
0.049296
0.049428
0.050392
0.049393
0.049114
0.044194
0.044641
0.045164
0.046872
0.047281
0.047646
0.048095
0.050317
0.047417
0.046491
0.048795
0.047785
0.047476
0.047354
0.047382
0.047354
0.047574
0.047976
0.047857
0.048330
0.048493
0.048844
0.048471
0.048162
0.048131
0.048516
0.047804
0.048007
0.049566
0.049102
0.050334
0.049149
0.048837
0.048945
0.049893
0.050417
0.050200
0.049121
0.049150
0.049466
0.049195
0.049363
0.050556
0.050608
0.050168
0.050189
0.050460
0.051396
0.051092
0.049317
0.047448
0.047638
0.049087
0.048929
0.047797
0.048901
0.049393
0.048812
0.048040
0.049618
0.049578
0.046183
0.048971
0.045913
0.047655
0.047562
0.046981
0.046485
0.046736
0.047231
0.047330
0.045597
0.045425
0.046874
0.047388
0.044757
0.047301
0.049527
0.049273
0.048704
0.048622
0.049190
0.049330
0.048739
0.050249
0.046505
0.047522
0.047636
0.048922
0.047365
0.048018
0.048598
0.048233
0.049247
0.049511
0.048604
0.048357
0.052025
0.051640
0.051411
0.051209
0.051672
0.050297
0.052598
0.052191
0.051743
0.052148
0.051891
0.051613
0.050894
0.050906
0.052124
0.049310
0.051485
0.052114
0.052209
0.051457
0.051529
0.051624
0.051404
0.050793
0.051219
0.048766
0.047640
0.049850
0.047840
0.049403
0.047702
0.049664
0.050002
0.049522
0.049705
0.049106
0.049657
0.050279
0.047491
0.048574
0.047583
0.045792
0.047114
0.046830
0.044963
0.045086
0.046343
0.048741
0.048182
0.049730
0.048484
0.049863
0.046098
0.045095
0.047563
0.045313
0.045182
0.048155
0.043709
0.046707
0.049095
0.047747
0.047731
0.047778
0.046670
0.045624
0.045282
0.044674
0.044766
0.044799
0.046173
0.045612
0.045579
0.047998
0.047323
0.047345
0.048831
0.047165
0.048753
0.047421
0.045488
0.045969
0.047079
0.046015
0.045157
0.043999
0.045689
0.043543
0.042913
0.042873
0.044561
0.044295
0.044428
0.045159
0.044149
0.045033
0.044120
0.045163
0.045147
0.043350
0.044357
0.045281
0.045199
0.045907
0.045747
0.044222
0.045849
0.043607
0.044535
0.046533
0.044097
0.044626
0.045128
0.047007
0.047824
0.045652
0.043539
0.044745
0.046183
0.045551
0.045055
0.047628
0.046407
0.046757
0.046473
0.046211
0.046670
0.046607
0.047413
0.050041
0.050936
0.048601
0.047071
0.046856
0.047603
0.045779
0.045371
0.047738
0.049640
0.048040
0.049650
0.048577
0.048837
0.048877
0.048427
0.048222
0.047448
0.048855
0.047896
0.048315
0.046954
0.046941
0.045506
0.044999
0.048439
0.046367
0.046405
0.046156
0.046891
0.049985
0.051052
0.049683
0.051940
0.048761
0.049173
0.046059
0.050993
0.047416
0.048356
0.050549
0.049017
0.047311
0.047071
0.047931
0.049918
0.048635
0.047606
0.047007
0.047058
0.046489
0.047013
0.046908
0.047804
0.047675
0.047362
0.048710
0.048178
0.046947
0.046218
0.050308
0.046402
0.046893
0.048109
0.046053
0.046240
0.051448
0.045987
0.045603
0.049606
0.047029
0.045796
0.046592
0.049444
0.046138
0.047572
0.047794
0.047958
0.048263
0.048114
0.050261
0.050488
0.049940
0.051080
0.048048
0.047441
0.047946
0.047091
0.046216
0.046044
0.044846
0.045866
0.046860
0.049094
0.048135
0.047412
0.046720
0.046872
0.046121
0.047332
0.047240
0.047952
0.047366
0.049753
0.049364
0.048694
0.045774
0.048759
0.048755
0.046175
0.045672
0.069345
0.069268
0.068699
0.067826
0.068575
0.068299
0.067132
0.067255
0.067680
0.068644
0.068070
0.069115
0.068843
0.069789
0.070638
0.070337
0.069593
0.070693
0.071699
0.070782
0.069520
0.070665
0.071340
0.071111
0.067870
0.067765
0.068339
0.068001
0.068378
0.068904
0.068861
0.067733
0.067977
0.068134
0.070775
0.067516
0.067308
0.070440
0.069912
0.069856
0.069226
0.069388
0.069566
0.069128
0.068496
0.069857
0.068192
0.067118
0.068353
0.068187
0.069621
0.069543
0.069879
0.070111
0.070071
0.071334
0.069694
0.069756
0.071345
0.071817
0.070864
0.070067
0.068495
0.069168
0.067415
0.069770
0.068964
0.067194
0.067525
0.068020
0.067720
0.068094
0.068037
0.068165
0.068039
0.069244
0.067724
0.067565
0.067941
0.068010
0.067036
0.069864
0.069942
0.070306
0.068085
0.069340
0.071372
0.070006
0.069986
0.069880
0.070564
0.070072
0.069690
0.069583
0.071903
0.071039
0.071689
0.069989
0.070384
0.070173
0.070174
0.070739
0.072230
0.071739
0.071640
0.073234
0.070006
0.071264
0.070873
0.072159
0.073874
0.072818
0.073207
0.073404
0.073323
0.071199
0.072870
0.072489
0.069768
0.069461
0.070553
0.071916
0.073911
0.072838
0.072662
0.064211
0.058987
0.064781
0.052956
0.056037
0.060338
0.076248
0.067747
0.067332
0.077713
0.075861
0.070578
0.067056
0.064579
0.064603
0.065534
0.065530
0.068195
0.072880
0.073988
0.073333
0.073842
0.070400
0.073442
0.069913
0.071151
0.071037
0.071196
0.070969
0.071127
0.070698
0.062804
0.062489
0.061782
0.061873
0.061030
0.061076
0.061260
0.071525
0.070468
0.061353
0.061218
0.060601
0.060937
0.060974
0.061082
0.061346
0.060909
0.061409
0.061168
0.070862
0.071548
0.071261
0.069686
0.069967
0.062429
0.061422
0.062130
0.062214
0.071438
0.071869
0.078679
0.072269
0.062254
0.071684
0.061900
0.072693
0.062292
0.061594
0.061783
0.070043
0.061556
0.071058
0.070058
0.069691
0.069681
0.066844
0.067373
0.072094
0.071767
0.069784
0.074730
0.075639
0.074746
0.073511
0.071091
0.069071
0.069092
0.078167
0.071864
0.066445
0.071096
0.073117
0.076771
0.072144
0.068545
0.068966
0.066946
0.061270
0.069365
0.070684
0.069659
0.074614
0.071003
0.065157
0.065238
0.067149
0.067076
0.066827
0.077824
0.079777
0.067752
0.063702
0.079554
0.080520
0.080940
0.076580
0.077296
0.073603
0.074627
0.077671
0.078363
0.075007
0.079632
0.079668
0.072176
0.073821
0.070157
0.071558
0.066184
0.064748
0.071285
0.098980
0.096614
0.099274
0.098903
0.100360
0.101378
0.100801
0.098285
0.100632
0.097091
0.094494
0.099999
0.095183
0.100120
0.097261
0.097468
0.096410
0.096735
0.096515
0.094661
0.096744
0.092999
0.102361
0.096311
0.096280
0.096866
0.098727
0.099034
0.092109
0.094656
0.095669
0.098077
0.099724
0.101046
0.101569
0.094877
0.095250
0.098225
0.101001
0.104988
0.104072
0.084720
0.085309
0.111837
0.110923
0.112153
0.105536
0.083188
0.115059
0.103474
0.109515
0.111179
0.110332
0.116070
0.087276
0.112815
0.113704
0.114600
0.121469
0.093409
0.084230
0.087167
0.092046
0.089926
0.093678
0.089814
0.090269
0.123094
0.118728
0.126656
0.136283
0.121857
0.104855
0.119945
0.106299
0.109416
0.106593
0.112183
0.121770
0.123903
0.122512
0.120821
0.122240
0.116240
0.124199
0.119374
0.107756
0.108187
0.102657
0.098484
0.099926
0.107388
0.104444
0.108707
0.101472
0.104587
0.099469
0.097191
0.107340
0.104575
0.105803
0.104519
0.092885
0.095318
0.098803
0.098009
0.098432
0.098728
0.098939
0.097925
0.091090
0.094914
0.087192
0.086120
0.083691
0.088671
0.099049
0.099959
0.089259
0.091421
0.093613
0.090391
0.090446
0.093077
0.091504
0.099021
0.099725
0.097220
0.092314
0.094420
0.090859
0.092185
0.099381
0.094260
0.098687
0.094709
0.093497
0.093673
0.088509
0.089549
0.093719
0.094254
0.093382
0.092733
0.101548
0.096859
0.094647
0.090554
0.090588
0.095819
0.096051
0.095052
0.100036
0.100314
0.091172
0.074118
0.075290
0.078396
0.073092
0.077664
0.077216
0.078399
0.077772
0.077627
0.079305
0.080066
0.084714
0.084566
0.081750
0.085043
0.084492
0.068401
0.079737
0.077757
0.083275
0.082143
0.084042
0.081180
0.080599
0.078276
0.079297
0.079256
0.080009
0.083467
0.069067
0.079887
0.071651
0.079198
0.071313
0.068907
0.067464
0.071420
0.074583
0.075713
0.074425
0.082067
0.070419
0.068222
0.072387
0.080163
0.080475
0.082251
0.070837
0.079682
0.079641
0.078636
0.061271
0.077207
0.077990
0.078107
0.080392
0.080320
0.076043
0.079917
0.079189
0.079634
0.081339
0.080674
0.079677
0.078570
0.080489
0.084761
0.076707
0.077182
0.083176
0.077845
0.076558
0.077467
0.076456
0.087548
0.081893
0.082417
0.087525
0.085782
0.089142
0.088986
0.093474
0.088204
0.083790
0.080194
0.080216
0.077914
0.061790
0.065597
0.063900
0.061196
0.063920
0.064001
0.062418
0.059355
0.060576
0.060211
0.059384
0.055355
0.057890
0.058935
0.063046
0.062322
0.062420
0.062251
0.062661
0.063123
0.062025
0.071705
0.069940
0.063896
0.076912
0.076050
0.076814
0.075830
0.076044
0.075370
0.072960
0.071939
0.072832
0.081109
0.064600
0.068203
0.087649
0.085520
0.081555
0.085131
0.083007
0.082745
0.084220
0.084424
0.073349
0.080780
0.079595
0.079883
0.080051
0.080483
0.083862
0.079882
0.077885
0.078328
0.079840
0.080330
0.083595
0.081371
0.073938
0.083205
0.085932
0.082900
0.061958
0.061852
0.065217
0.066754
0.075128
0.084374
0.063017
0.065830
0.063858
0.067211
0.074673
0.064339
0.062900
0.065570
0.066633
0.062831
0.060170
0.064064
0.063784
0.065136
0.065843
0.063732
0.062017
0.066779
0.069044
0.066684
0.068674
0.063054
0.064340
0.068532
0.064437
0.064326
0.066242
0.066781
0.067589
0.067509
0.067438
0.067743
0.067335
0.074817
0.075861
0.075238
0.075860
0.076251
0.064923
0.075129
0.075709
0.076052
0.081167
0.080550
0.081345
0.081098
0.081975
0.082933
0.086096
0.081463
0.081138
0.081649
0.081503
0.077725
0.076515
0.077077
0.077394
0.075652
0.075739
0.075536
0.079050
0.065067
0.066436
0.080594
0.080602
0.065420
0.068693
0.062323
0.063212
0.069026
0.068670
0.069133
0.073674
0.071343
0.061433
0.061969
0.085733
0.061550
0.073537
0.077161
0.061815
0.065179
0.079466
0.068097
0.074856
0.069401
0.069788
0.067215
0.068688
0.067552
0.064874
0.069132
0.081756
0.064259
0.064649
0.064038
0.059658
0.064538
0.068979
0.065898
0.066155
0.066657
0.064777
0.066648
0.076469
0.062263
0.079245
0.079526
0.082408
0.080263
0.078829
0.079321
0.072851
0.068578
0.075583
0.064134
0.077138
0.063909
0.060660
0.059379
0.084741
0.085146
0.081027
0.081927
0.076686
0.080548
0.079826
0.077353
0.071763
0.073986
0.064543
0.062925
0.084327
0.085027
0.084680
0.087079
0.085907
0.080540
0.077713
0.083387
0.079078
0.079817
0.081979
0.083289
0.084449
0.081017
0.079247
0.079538
0.080111
0.078572
0.079221
0.079365
0.073554
0.078431
0.078356
0.079708
0.077701
0.079650
0.080478
0.078603
0.079442
0.077020
0.082019
0.084144
0.080003
0.085371
0.084515
0.084972
0.084196
0.083956
0.087368
0.090994
0.086907
0.077200
0.086847
0.086314
0.082209
0.080074
0.083154
0.084655
0.083808
0.081916
0.081495
0.082437
0.081974
0.081854
0.081363
0.080123
0.081908
0.083650
0.082593
0.081279
0.081548
0.079423
0.081708
0.083424
0.080141
0.082340
0.083967
0.084393
0.080919
0.080752
0.081170
0.080734
0.080639
0.081225
0.078085
0.078064
0.075793
0.079448
0.080748
0.083731
0.081374
0.084916
0.076922
0.079796
0.080682
0.085729
0.080839
0.081077
0.076194
0.077011
0.074724
0.065658
0.068394
0.074420
0.061208
0.061309
0.059800
0.060254
0.059340
0.067728
0.067504
0.059453
0.071343
0.073421
0.067721
0.066916
0.074062
0.068114
0.067884
0.065215
0.066302
0.062146
0.061103
0.068295
0.059440
0.060492
0.059742
0.060857
0.059975
0.059628
0.061714
0.067629
0.066491
0.067942
0.057536
0.068231
0.070103
0.061359
0.069121
0.072857
0.071870
0.058352
0.058944
0.061096
0.059880
0.068626
0.079751
0.067777
0.072994
0.068939
0.063664
0.065509
0.081851
0.077458
0.074046
0.076543
0.070645
0.072526
0.066373
0.069657
0.071290
0.070689
0.070642
0.070336
0.068652
0.071902
0.069492
0.069706
0.069040
0.070368
0.070965
0.070610
0.077484
0.071322
0.063051
0.065328
0.064826
0.061366
0.061011
0.060673
0.063426
0.065148
0.063195
0.062277
0.059161
0.061401
0.058324
0.060365
0.060792
0.057398
0.064345
0.066206
0.069484
0.062038
0.063248
0.062257
0.058275
0.071493
0.073630
0.076724
0.079528
0.080463
0.080590
0.083206
0.088816
0.093779
0.091423
0.095347
0.094033
0.087537
0.090932
0.094295
0.093000
0.091428
0.094758
0.085600
0.080800
0.079360
0.080736
0.081350
0.082762
0.084029
0.079665
0.079984
0.080489
0.082341
0.080512
0.078937
0.079751
0.081024
0.083725
0.084590
0.083979
0.080604
0.083110
0.084275
0.084337
0.084610
0.083981
0.080191
0.081670
0.079835
0.081324
0.087980
0.085269
0.085468
0.080132
0.085792
0.086634
0.088421
0.082272
0.082293
0.082356
0.083167
0.083349
0.082424
0.080390
0.080754
0.080921
0.080910
0.083188
0.083583
0.083085
0.084047
0.084433
0.085511
0.085230
0.084345
0.084542
0.085933
0.087235
0.087678
0.087428
0.087226
0.087622
0.086777
0.087143
0.087379
0.087366
0.087397
0.086977
0.088623
0.084873
0.085961
0.086401
0.086694
0.084960
0.086235
0.085706
0.085173
0.084567
0.087380
0.086486
0.087271
0.086874
0.086906
0.086185
0.085778
0.085948
0.086966
0.085933
0.086041
0.085128
0.087445
0.087523
0.087287
0.089091
0.088970
0.088838
0.089151
0.086512
0.086780
0.086578
0.086176
0.084867
0.087307
0.083599
0.085055
0.084967
0.084988
0.085404
0.085788
0.085725
0.085384
0.086047
0.086269
0.086201
0.085928
0.086779
0.086101
0.087114
0.087399
0.085210
0.085952
0.085321
0.085893
0.085545
0.085637
0.085064
0.085209
0.085438
0.084887
0.085379
0.088069
0.087501
0.088695
0.087517
0.086339
0.086257
0.088469
0.085090
0.086312
0.086932
0.089141
0.086107
0.083190
0.082068
0.090344
0.090358
0.089087
0.089334
0.088066
0.082930
0.083699
0.082813
0.087897
0.083453
0.083915
0.086428
0.083591
0.086518
0.082296
0.083551
0.083390
0.085541
0.086177
0.084007
0.085611
0.079931
0.088303
0.087260
0.079586
0.076004
0.086049
0.086718
0.087167
0.068863
0.070973
0.074480
0.080002
0.087580
0.086623
0.085145
0.087547
0.087499
0.091044
0.089888
0.091258
0.090952
0.090974
0.091621
0.090185
0.090961
0.086315
0.084919
0.083306
0.078864
0.089823
0.090627
0.090390
0.089936
0.089646
0.092703
0.072206
0.075978
0.078962
0.081966
0.088056
0.082278
0.083238
0.081076
0.089604
0.088222
0.089266
0.092429
0.089635
0.089111
0.089210
0.089232
0.091173
0.090367
0.089986
0.091614
0.081695
0.081671
0.084810
0.079825
0.072418
0.072855
0.077287
0.089905
0.081066
0.079311
0.084776
0.084332
0.081027
0.088420
0.084897
0.090828
0.090475
0.092086
0.080515
0.092623
0.076455
0.078705
0.078160
0.073834
0.062478
0.089827
0.085624
0.084499
0.082227
0.079371
0.083288
0.075814
0.068740
0.074940
0.072340
0.068209
0.067974
0.070520
0.071607
0.070864
0.067383
0.071603
0.071340
0.071449
0.070248
0.069525
0.071270
0.065516
0.070419
0.072790
0.073035
0.074506
0.074574
0.073197
0.077536
0.078780
0.082816
0.076970
0.080682
0.076966
0.076005
0.075106
0.074097
0.073118
0.078260
0.074939
0.077103
0.080101
0.072089
0.080720
0.077210
0.077015
0.061670
0.064111
0.060030
0.062790
0.082083
0.082309
0.073441
0.079045
0.078221
0.081834
0.080628
0.078403
0.073725
0.085508
0.086633
0.085755
0.081264
0.088560
0.087662
0.088300
0.088456
0.089912
0.080067
0.087749
0.086998
0.087410
0.087008
0.089249
0.089237
0.089414
0.087218
0.085830
0.085298
0.087703
0.086335
0.087948
0.091644
0.087634
0.087437
0.088084
0.087150
0.090899
0.089102
0.079382
0.085773
0.081517
0.080599
0.085324
0.095045
0.089329
0.087312
0.094461
0.087902
0.090549
0.092883
0.095491
0.095324
0.097294
0.087404
0.081853
0.086530
0.084319
0.081791
0.081676
0.082095
0.087465
0.088100
0.085619
0.089309
0.079042
0.086031
0.076596
0.076936
0.078558
0.076253
0.075416
0.076154
0.075279
0.077120
0.077673
0.078040
0.078011
0.076437
0.079565
0.079784
0.075975
0.077314
0.076203
0.076004
0.075061
0.076661
0.079083
0.074077
0.077575
0.075617
0.076195
0.072463
0.081733
0.079806
0.079835
0.078787
0.093645
0.078122
0.082176
0.079036
0.082365
0.085623
0.085194
0.078072
0.071367
0.072415
0.075443
0.071829
0.071658
0.071828
0.072631
0.073771
0.070333
0.071473
0.068328
0.079443
0.077333
0.084498
0.081838
0.083088
0.077196
0.078913
0.081392
0.081123
0.083907
0.080860
0.086130
0.080560
0.077262
0.085106
0.077542
0.081116
0.080427
0.073574
0.060644
0.089982
0.090008
0.068298
0.074178
0.071122
0.070505
0.081283
0.083596
0.077696
0.078319
0.081060
0.080571
0.097259
0.103736
0.107989
0.109187
0.099089
0.094749
0.095694
0.100880
0.096486
0.096580
0.100951
0.099643
0.097784
0.098659
0.085624
0.084791
0.086017
0.085987
0.085368
0.086802
0.086842
0.086158
0.082245
0.082942
0.081868
0.082419
0.081941
0.083002
0.083138
0.084211
0.083553
0.081737
0.081787
0.082215
0.081386
0.080787
0.082239
0.082058
0.081731
0.082280
0.082627
0.082233
0.092698
0.092749
0.092735
0.092553
0.095317
0.093140
0.092066
0.094770
0.092377
0.091773
0.091758
0.092056
0.092911
0.093440
0.092961
0.092362
0.092300
0.091925
0.092433
0.091966
0.091956
0.085328
0.084977
0.085283
0.092422
0.084515
0.092210
0.093270
0.092723
0.093672
0.092275
0.092866
0.092401
0.093845
0.091666
0.092315
0.091600
0.092544
0.083613
0.094080
0.100082
0.102568
0.102748
0.094872
0.102007
0.101801
0.101635
0.092980
0.092953
0.092721
0.092673
0.103141
0.102588
0.102245
0.102137
0.100583
0.101385
0.098778
0.092357
0.091552
0.085781
0.085412
0.084566
0.097181
0.097161
0.097346
0.097349
0.089139
0.088512
0.088922
0.088725
0.089302
0.101682
0.104046
0.099078
0.096659
0.098334
0.099573
0.099116
0.105422
0.105744
0.094962
0.095761
0.099460
0.100571
0.093261
0.096256
0.095618
0.094196
0.096854
0.093573
0.093118
0.093628
0.095323
0.099116
0.093975
0.093948
0.092848
0.094555
0.093835
0.095846
0.090200
0.101353
0.091158
0.098395
0.098823
0.098354
0.097287
0.097871
0.097462
0.098552
0.096727
0.099245
0.098211
0.101827
0.090308
0.090377
0.090264
0.098093
0.087441
0.088839
0.089317
0.094637
0.090025
0.093620
0.089270
0.090688
0.098815
0.091008
0.090783
0.094565
0.096220
0.083848
0.088406
0.094528
0.086912
0.092278
0.090359
0.096589
0.076235
0.084180
0.105038
0.082250
0.092728
0.092988
0.079864
0.074556
0.087358
0.083431
0.086709
0.087514
0.087907
0.075929
0.091010
0.090877
0.085721
0.090234
0.086977
0.084084
0.089197
0.089175
0.088021
0.091539
0.103790
0.107943
0.094831
0.093338
0.099249
0.095596
0.094743
0.098041
0.086113
0.087908
0.089902
0.093526
0.092816
0.088156
0.087076
0.090102
0.089337
0.087493
0.085892
0.089940
0.090540
0.091755
0.111604
0.101148
0.093301
0.095468
0.102415
0.096093
0.100795
0.102379
0.093856
0.088092
0.087600
0.089044
0.089036
0.089120
0.089734
0.092094
0.092594
0.089648
0.098930
0.103753
0.101858
0.089441
0.097393
0.102073
0.084851
0.107150
0.094120
0.097622
0.099141
0.093092
0.093960
0.087475
0.087963
0.085819
0.088062
0.089499
0.093537
0.096794
0.094736
0.096400
0.098753
0.100945
0.100961
0.097593
0.096665
0.098750
0.094659
0.092538
0.095602
0.103129
0.096931
0.097098
0.107203
0.088712
0.084433
0.080352
0.099804
0.102896
0.095364
0.093566
0.093606
0.091873
0.098450
0.108112
0.090867
0.099237
0.098674
0.092742
0.098830
0.097666
0.097406
0.091353
0.092188
0.087831
0.086397
0.084795
0.084816
0.081207
0.084139
0.086910
0.087706
0.089191
0.088892
0.086909
0.088743
0.088244
0.089984
0.094380
0.091478
0.098065
0.100370
0.101573
0.090159
0.092686
0.100043
0.099027
0.096941
0.096662
0.110597
0.101708
0.111817
0.095886
0.088432
0.092663
0.097940
0.097394
0.094963
0.096844
0.099178
0.095813
0.049534
0.049680
0.049396
0.049108
0.048725
0.049395
0.050544
0.049515
0.049201
0.047928
0.048829
0.048330
0.048665
0.048148
0.049072
0.048126
0.046643
0.047389
0.047522
0.047017
0.046287
0.048623
0.045823
0.044442
0.046538
0.047755
0.049238
0.049767
0.049251
0.047290
0.048533
0.047317
0.047057
0.050353
0.049958
0.050438
0.049706
0.049844
0.050657
0.049659
0.050368
0.049627
0.053062
0.056307
0.050713
0.053478
0.053870
0.054378
0.052003
0.052200
0.051501
0.051468
0.051185
0.053882
0.054954
0.055600
0.055324
0.055107
0.046470
0.048297
0.048557
0.049030
0.047264
0.047464
0.048364
0.048717
0.046902
0.046324
0.047707
0.047673
0.046349
0.047061
0.050680
0.049470
0.047738
0.045863
0.044602
0.045527
0.044965
0.045655
0.045543
0.046577
0.053453
0.047816
0.052027
0.048273
0.048977
0.051987
0.052827
0.049838
0.052267
0.054365
0.051104
0.050985
0.051621
0.051508
0.050655
0.049521
0.049029
0.050418
0.050375
0.051388
0.051841
0.049360
0.052371
0.051699
0.052990
0.057009
0.056428
0.053000
0.053286
0.054483
0.051448
0.050440
0.051857
0.051068
0.051558
0.050722
0.051055
0.051165
0.052960
0.053125
0.053111
0.053287
0.053973
0.054367
0.054285
0.054111
0.054714
0.054455
0.047614
0.048270
0.048886
0.049838
0.047822
0.048804
0.048870
0.049806
0.047506
0.049487
0.050812
0.050578
0.050118
0.052565
0.050156
0.048898
0.049118
0.049092
0.049452
0.048740
0.049983
0.048521
0.049163
0.046825
0.048609
0.049911
0.047118
0.049291
0.049906
0.049375
0.048970
0.049180
0.047674
0.047800
0.044454
0.048899
0.045070
0.045442
0.047325
0.047831
0.046708
0.046411
0.044777
0.044543
0.045303
0.044518
0.044927
0.045618
0.044884
0.044538
0.048269
0.048076
0.047553
0.047885
0.047510
0.046921
0.046976
0.047337
0.046555
0.045504
0.046690
0.048537
0.047733
0.048745
0.047859
0.048935
0.050112
0.048820
0.049326
0.050256
0.050353
0.050575
0.048491
0.046387
0.046389
0.047233
0.045171
0.045073
0.043779
0.047152
0.049796
0.050289
0.048761
0.051023
0.046395
0.047996
0.051643
0.050730
0.049670
0.053957
0.053522
0.053212
0.049942
0.047538
0.048007
0.050081
0.045663
0.049134
0.049735
0.044527
0.043358
0.048998
0.049278
0.051153
0.049974
0.048398
0.047857
0.045740
0.049723
0.049507
0.050993
0.048604
0.047638
0.049216
0.050569
0.048862
0.046815
0.049070
0.046475
0.045279
0.047506
0.050625
0.045820
0.046370
0.046489
0.047890
0.048547
0.053895
0.052376
0.052547
0.050455
0.049292
0.049487
0.049309
0.049946
0.049234
0.048536
0.050284
0.050235
0.049839
0.049286
0.049634
0.049899
0.049673
0.053660
0.049599
0.048968
0.049947
0.049334
0.049665
0.048607
0.050915
0.051836
0.054351
0.054242
0.052154
0.062340
0.052050
0.055973
0.048878
0.048474
0.055245
0.051903
0.054633
0.050740
0.049559
0.050127
0.049490
0.050669
0.052090
0.051413
0.052633
0.052323
0.053328
0.051731
0.051659
0.051859
0.051958
0.052038
0.051856
0.052108
0.050905
0.049670
0.049855
0.050636
0.050196
0.050029
0.048079
0.050898
0.052213
0.050300
0.050948
0.051708
0.047723
0.053621
0.051102
0.052944
0.052590
0.054185
0.052564
0.053740
0.053991
0.053912
0.050621
0.051377
0.052160
0.054596
0.053564
0.053614
0.052653
0.052244
0.052863
0.052433
0.052323
0.054634
0.052609
0.054176
0.052311
0.053210
0.054372
0.054266
0.052888
0.052773
0.052022
0.052099
0.052044
0.051687
0.051475
0.051804
0.049822
0.049636
0.051194
0.051153
0.049532
0.050304
0.050061
0.051256
0.050537
0.050570
0.050035
0.050609
0.052231
0.050933
0.051362
0.050965
0.051654
0.051906
0.050851
0.050342
0.051448
0.051383
0.051215
0.051207
0.050917
0.051476
0.051291
0.051560
0.051782
0.052624
0.051897
0.052163
0.052073
0.052072
0.052513
0.052023
0.052237
0.051191
0.051610
0.051768
0.051458
0.051654
0.051013
0.051238
0.051335
0.050999
0.050461
0.053591
0.060797
0.060927
0.062580
0.061082
0.053453
0.052132
0.061349
0.051992
0.062969
0.047910
0.048323
0.049955
0.049181
0.048592
0.047223
0.048394
0.047752
0.048190
0.050649
0.053534
0.051090
0.052303
0.051709
0.050169
0.053122
0.051657
0.050405
0.050901
0.050572
0.050742
0.050403
0.049993
0.052648
0.049626
0.055372
0.055672
0.054805
0.053489
0.050195
0.049104
0.048831
0.051545
0.051097
0.050756
0.051603
0.053486
0.053011
0.051606
0.055898
0.054795
0.055274
0.056014
0.057415
0.054939
0.056668
0.055999
0.057206
0.058175
0.057991
0.052710
0.050608
0.053518
0.054092
0.052412
0.052838
0.052271
0.052891
0.054485
0.053889
0.052599
0.050718
0.050416
0.054231
0.049865
0.050790
0.050140
0.051510
0.049313
0.051396
0.056425
0.053430
0.051984
0.049548
0.048173
0.052801
0.049839
0.050793
0.051768
0.051914
0.052031
0.054092
0.054449
0.055339
0.056313
0.052778
0.048692
0.049349
0.050753
0.048396
0.048443
0.048468
0.048678
0.049327
0.047766
0.048002
0.049115
0.049501
0.049692
0.049325
0.049294
0.057429
0.057112
0.056355
0.052321
0.055212
0.055297
0.052541
0.054667
0.051782
0.053701
0.053531
0.054455
0.052657
0.051992
0.052807
0.051038
0.050688
0.056304
0.057951
0.056886
0.058488
0.057655
0.053329
0.053340
0.056528
0.054290
0.049557
0.051970
0.051034
0.055538
0.053336
0.053828
0.050295
0.053376
0.053666
0.051335
0.054325
0.054500
0.050250
0.048506
0.049449
0.049487
0.050579
0.048889
0.048836
0.050973
0.050893
0.051556
0.049633
0.049681
0.049415
0.048801
0.048015
0.048374
0.048953
0.048973
0.051169
0.050876
0.050812
0.051741
0.052232
0.049985
0.049848
0.050413
0.050973
0.049587
0.049815
0.047517
0.048294
0.048748
0.049233
0.050396
0.047467
0.049262
0.049184
0.049706
0.046603
0.046787
0.046429
0.047934
0.049370
0.046664
0.049038
0.052376
0.050236
0.051642
0.051511
0.049172
0.049417
0.048693
0.047663
0.047624
0.047746
0.046793
0.046735
0.045870
0.045810
0.072817
0.072762
0.071783
0.072061
0.068786
0.070637
0.071150
0.071867
0.069954
0.069719
0.064305
0.063402
0.057818
0.053208
0.053905
0.054920
0.062903
0.062331
0.070236
0.068373
0.068374
0.055815
0.057706
0.053653
0.062803
0.062352
0.066572
0.063894
0.063737
0.067494
0.068519
0.067747
0.069735
0.065723
0.064696
0.066829
0.066996
0.073541
0.067594
0.069517
0.079507
0.076086
0.075265
0.072027
0.074945
0.072006
0.074369
0.075081
0.063284
0.062877
0.063024
0.062941
0.062906
0.061959
0.063925
0.063294
0.064855
0.072749
0.064141
0.064075
0.076266
0.064799
0.084828
0.081647
0.077228
0.072312
0.073659
0.074254
0.074715
0.074360
0.074922
0.074345
0.071836
0.080710
0.079014
0.077053
0.071169
0.075190
0.080888
0.080454
0.081490
0.081677
0.081882
0.055867
0.055522
0.056847
0.085630
0.081107
0.077416
0.073466
0.071399
0.079311
0.081190
0.076227
0.076189
0.072099
0.062582
0.065681
0.066552
0.065178
0.064820
0.062402
0.064572
0.064282
0.062782
0.063169
0.067249
0.068209
0.068801
0.066849
0.072911
0.080282
0.078358
0.079624
0.078823
0.075999
0.080508
0.073994
0.077178
0.076986
0.079296
0.075362
0.078634
0.077325
0.075360
0.076503
0.079868
0.075828
0.079657
0.078517
0.078699
0.079313
0.079951
0.077464
0.072981
0.074223
0.074547
0.073645
0.077930
0.071383
0.070900
0.071972
0.071856
0.071709
0.071202
0.071114
0.070034
0.077471
0.073864
0.068067
0.074513
0.073188
0.083732
0.082848
0.079886
0.075365
0.078488
0.075883
0.083683
0.081031
0.078324
0.078519
0.070222
0.072384
0.071989
0.066739
0.066645
0.069096
0.067045
0.071110
0.070706
0.069700
0.070267
0.071907
0.075743
0.075726
0.062781
0.071641
0.075377
0.063785
0.066882
0.067041
0.066423
0.068648
0.065802
0.070452
0.065796
0.070471
0.070041
0.079865
0.079972
0.070485
0.072331
0.071409
0.071929
0.080069
0.077561
0.073826
0.079721
0.081033
0.084268
0.080911
0.078187
0.075551
0.080309
0.077109
0.071576
0.082210
0.089417
0.090447
0.088177
0.088364
0.089046
0.089086
0.088881
0.088770
0.082425
0.080598
0.081495
0.078472
0.078504
0.076289
0.086915
0.077790
0.077467
0.076883
0.075535
0.074852
0.077592
0.078228
0.072117
0.074299
0.074468
0.073487
0.080371
0.086637
0.085340
0.083623
0.077385
0.080443
0.076880
0.078947
0.076420
0.076509
0.069488
0.081486
0.077714
0.069388
0.076522
0.078149
0.076524
0.080032
0.081245
0.086445
0.078268
0.081497
0.078858
0.082318
0.078098
0.084025
0.072129
0.081034
0.085807
0.080793
0.081330
0.080018
0.081133
0.080514
0.079220
0.078219
0.079728
0.081169
0.081650
0.088912
0.089030
0.081621
0.079444
0.077698
0.080687
0.082865
0.081328
0.081074
0.078688
0.080701
0.083023
0.081356
0.081138
0.078617
0.079717
0.074235
0.077884
0.071693
0.075754
0.070075
0.069658
0.075969
0.069194
0.074647
0.078355
0.071799
0.075221
0.077687
0.062359
0.076299
0.078327
0.072200
0.062067
0.074543
0.061777
0.059902
0.064381
0.073146
0.060347
0.071080
0.065587
0.086058
0.083724
0.081558
0.079959
0.073345
0.080321
0.079472
0.069076
0.069009
0.068984
0.068079
0.066346
0.068087
0.067668
0.067585
0.070758
0.068658
0.068170
0.081455
0.081383
0.081618
0.087544
0.073761
0.070527
0.081911
0.088585
0.088922
0.088966
0.080228
0.066121
0.089375
0.089292
0.089118
0.086247
0.087669
0.089499
0.085801
0.082480
0.077248
0.082656
0.084195
0.086669
0.071937
0.088370
0.083812
0.081586
0.073888
0.071971
0.070990
0.082517
0.081024
0.084786
0.083832
0.079956
0.082348
0.080520
0.086099
0.087369
0.084314
0.071431
0.072783
0.081073
0.083610
0.080135
0.071455
0.072665
0.071150
0.071991
0.074479
0.070926
0.079476
0.084499
0.084653
0.070876
0.079973
0.078665
0.078264
0.071361
0.071270
0.071476
0.075030
0.076391
0.071370
0.072203
0.073105
0.074719
0.075006
0.074466
0.074959
0.075640
0.080559
0.072803
0.079018
0.078486
0.075832
0.079139
0.081193
0.074657
0.081406
0.062562
0.075518
0.074204
0.076140
0.066122
0.068462
0.061518
0.066727
0.063942
0.067156
0.067474
0.067017
0.061654
0.056647
0.063677
0.080018
0.070907
0.070123
0.078397
0.078965
0.078164
0.085457
0.075324
0.082119
0.075796
0.078572
0.084211
0.079054
0.073526
0.074092
0.076264
0.075309
0.079003
0.090344
0.074623
0.072636
0.075511
0.076821
0.074726
0.072429
0.076532
0.074909
0.055596
0.050265
0.049438
0.052272
0.054945
0.056154
0.055421
0.060379
0.059968
0.051680
0.053932
0.053189
0.054559
0.056311
0.055678
0.056221
0.056695
0.055220
0.054996
0.057350
0.055366
0.054530
0.056381
0.057156
0.054801
0.055747
0.053560
0.052447
0.050643
0.049309
0.052096
0.055974
0.056402
0.058085
0.058957
0.057697
0.059093
0.057701
0.058558
0.058123
0.056157
0.060212
0.059412
0.058669
0.059084
0.056696
0.059064
0.057456
0.058166
0.056620
0.057050
0.056935
0.056735
0.055770
0.056041
0.055298
0.056631
0.058942
0.056189
0.059063
0.057406
0.057183
0.056705
0.056520
0.056404
0.055765
0.056425
0.055911
0.056636
0.056663
0.056545
0.056426
0.056296
0.055819
0.055943
0.056171
0.057112
0.055873
0.055432
0.055032
0.054967
0.055032
0.058643
0.055083
0.058846
0.058318
0.059316
0.059110
0.060295
0.053508
0.054887
0.056663
0.056160
0.056586
0.057264
0.056910
0.057878
0.057529
0.058007
0.057376
0.057711
0.058399
0.057743
0.057340
0.057354
0.058037
0.058169
0.057563
0.057635
0.056703
0.057239
0.055545
0.055936
0.057782
0.059107
0.058065
0.057161
0.057364
0.056433
0.056668
0.057755
0.056738
0.057723
0.057914
0.060006
0.056634
0.054714
0.057764
0.056713
0.058284
0.063239
0.057759
0.051185
0.054710
0.052625
0.052430
0.054131
0.054180
0.049969
0.050870
0.051652
0.054241
0.055830
0.054675
0.054400
0.056591
0.054889
0.046123
0.048934
0.059849
0.059500
0.055319
0.057752
0.057085
0.053885
0.056097
0.056609
0.058415
0.059291
0.059834
0.058479
0.059125
0.058942
0.053193
0.060201
0.058640
0.057684
0.057598
0.060732
0.058879
0.057330
0.057980
0.060714
0.060123
0.059065
0.059849
0.055081
0.057252
0.057124
0.054788
0.058259
0.053638
0.052806
0.053128
0.056997
0.054937
0.050268
0.049208
0.052440
0.050450
0.051288
0.051068
0.055617
0.052429
0.056531
0.056624
0.057182
0.055800
0.055479
0.057629
0.057814
0.058224
0.057452
0.057273
0.058090
0.061577
0.061659
0.058347
0.065444
0.051770
0.049674
0.061343
0.050309
0.049757
0.049769
0.047472
0.047443
0.055493
0.054952
0.050140
0.049713
0.051850
0.052938
0.053893
0.057337
0.054817
0.057819
0.056884
0.057278
0.049375
0.049778
0.053347
0.054485
0.054763
0.058129
0.057831
0.058194
0.057973
0.058297
0.058113
0.058090
0.058253
0.058857
0.057598
0.061881
0.062788
0.062941
0.065375
0.059823
0.060114
0.054685
0.058787
0.058348
0.059496
0.060420
0.057388
0.058407
0.050747
0.050449
0.050447
0.050278
0.051052
0.051925
0.054432
0.056498
0.052591
0.051879
0.051268
0.050229
0.049136
0.062049
0.062561
0.053284
0.053926
0.053586
0.051614
0.052453
0.051535
0.054891
0.052589
0.050110
0.048540
0.050869
0.051413
0.048672
0.052995
0.051747
0.052528
0.051406
0.052653
0.050907
0.048706
0.048642
0.046674
0.046829
0.051234
0.047861
0.075643
0.075563
0.081389
0.080547
0.082264
0.084982
0.089735
0.080306
0.073992
0.074141
0.070362
0.072260
0.070758
0.070496
0.070851
0.070034
0.067221
0.079908
0.075041
0.074698
0.066907
0.067260
0.080656
0.071667
0.073143
0.070729
0.081380
0.073801
0.074100
0.069044
0.071717
0.066301
0.066346
0.075920
0.074633
0.067241
0.066345
0.070782
0.068610
0.073736
0.073862
0.076333
0.071867
0.073383
0.076173
0.076949
0.076877
0.077346
0.080355
0.082259
0.084607
0.083104
0.083960
0.082274
0.082667
0.081738
0.077338
0.078256
0.078035
0.079540
0.079267
0.077298
0.063506
0.064456
0.065344
0.064390
0.063155
0.063181
0.062086
0.063205
0.063365
0.062709
0.064639
0.063994
0.062283
0.062982
0.064425
0.062915
0.066213
0.065014
0.067695
0.069701
0.069188
0.068697
0.067445
0.061312
0.078304
0.077164
0.074222
0.061520
0.075861
0.072102
0.069881
0.069848
0.075563
0.079332
0.079642
0.075417
0.076975
0.077683
0.072302
0.077051
0.077431
0.080610
0.080286
0.074674
0.076832
0.088410
0.082575
0.074047
0.082430
0.074411
0.074505
0.075400
0.070722
0.073224
0.075944
0.078718
0.079816
0.078631
0.075478
0.079665
0.077856
0.078096
0.082390
0.079787
0.078455
0.077753
0.079502
0.077482
0.077043
0.078872
0.078377
0.078516
0.079122
0.079854
0.074019
0.073846
0.074326
0.078550
0.080960
0.079746
0.078703
0.077633
0.078275
0.078326
0.077763
0.073092
0.078961
0.079872
0.078775
0.076191
0.077338
0.078089
0.075661
0.060987
0.064939
0.074963
0.076266
0.075752
0.079089
0.073649
0.075882
0.081153
0.080127
0.083417
0.075612
0.078669
0.079015
0.080484
0.080453
0.075955
0.077449
0.077859
0.077361
0.073856
0.075157
0.079615
0.076963
0.076867
0.076182
0.076552
0.077409
0.078766
0.076597
0.078188
0.078750
0.074273
0.075670
0.073801
0.078861
0.079153
0.065260
0.079828
0.080492
0.081813
0.088926
0.074298
0.070662
0.071295
0.062275
0.078117
0.079348
0.074331
0.077105
0.076757
0.078668
0.075922
0.076642
0.076386
0.077174
0.075595
0.076507
0.077161
0.077325
0.077229
0.076916
0.077115
0.073489
0.078070
0.077283
0.077615
0.077034
0.075422
0.075304
0.073171
0.072597
0.074456
0.075868
0.076933
0.076678
0.075142
0.074231
0.077744
0.081114
0.077516
0.084048
0.076899
0.081504
0.079580
0.079570
0.080687
0.080221
0.086595
0.085411
0.095489
0.096022
0.086697
0.075438
0.078137
0.065487
0.071286
0.065441
0.065229
0.064151
0.064801
0.063781
0.074992
0.077468
0.063861
0.062815
0.063053
0.062879
0.061883
0.061265
0.065790
0.066497
0.066391
0.071756
0.074641
0.072044
0.067770
0.068432
0.080452
0.081008
0.079604
0.080056
0.081463
0.081671
0.075788
0.073645
0.074194
0.073888
0.063934
0.064885
0.063352
0.086317
0.086271
0.083971
0.087213
0.087608
0.063624
0.063740
0.063187
0.063234
0.063781
0.063305
0.064180
0.064325
0.064585
0.064438
0.064356
0.064042
0.063493
0.062529
0.062159
0.063511
0.062857
0.067940
0.061814
0.061829
0.063464
0.063655
0.063284
0.062508
0.063294
0.063997
0.062976
0.062393
0.063862
0.064993
0.065531
0.072847
0.072089
0.070118
0.068754
0.069235
0.069215
0.066403
0.062856
0.064202
0.066045
0.061406
0.064372
0.062600
0.061549
0.063654
0.060870
0.063406
0.063328
0.063059
0.065279
0.063010
0.063405
0.063235
0.063994
0.062844
0.062964
0.062526
0.064341
0.063272
0.061916
0.062804
0.061954
0.062726
0.062114
0.064739
0.060520
0.060216
0.059911
0.060561
0.059844
0.062781
0.058391
0.058474
0.057245
0.057901
0.064112
0.059242
0.066647
0.063447
0.061490
0.058330
0.058406
0.063588
0.063612
0.063717
0.064574
0.064443
0.065397
0.067654
0.064269
0.063833
0.069038
0.063120
0.068674
0.067357
0.062575
0.063031
0.065134
0.062523
0.062267
0.061994
0.061874
0.061830
0.061856
0.061741
0.062207
0.060299
0.061370
0.060221
0.060776
0.062162
0.061691
0.062287
0.062382
0.063774
0.063495
0.063367
0.063820
0.064255
0.064901
0.063430
0.063879
0.063137
0.063078
0.063107
0.062500
0.063272
0.064983
0.063915
0.064193
0.063761
0.067530
0.067681
0.067913
0.065274
0.066537
0.065009
0.067628
0.067216
0.067617
0.065406
0.065640
0.066067
0.065662
0.065094
0.062763
0.063060
0.069779
0.067141
0.064242
0.065209
0.064054
0.065686
0.063748
0.064860
0.062560
0.064574
0.065387
0.069288
0.067456
0.070256
0.068903
0.072565
0.073269
0.069067
0.067380
0.072273
0.073673
0.067231
0.066287
0.073979
0.061706
0.069805
0.067033
0.060728
0.059884
0.059857
0.060001
0.059271
0.059504
0.058120
0.057960
0.057073
0.057716
0.057419
0.057477
0.058568
0.057329
0.057956
0.057664
0.058852
0.060258
0.060662
0.060247
0.060147
0.059655
0.059673
0.062375
0.061228
0.061473
0.062583
0.059061
0.058654
0.053554
0.053890
0.052974
0.053691
0.054275
0.055197
0.054865
0.055157
0.055650
0.054829
0.053810
0.054526
0.054517
0.054103
0.054108
0.055865
0.056335
0.056553
0.057740
0.059695
0.060350
0.055865
0.055461
0.054571
0.055613
0.054894
0.056015
0.056859
0.056846
0.055883
0.055594
0.056333
0.056908
0.058220
0.056949
0.058206
0.055573
0.053715
0.055313
0.054635
0.054733
0.055573
0.054722
0.055458
0.053396
0.056516
0.056162
0.051355
0.052778
0.052691
0.052649
0.052634
0.053834
0.051951
0.052465
0.052649
0.053276
0.053054
0.053028
0.052793
0.055372
0.053753
0.054868
0.055177
0.055222
0.055376
0.056091
0.054789
0.055266
0.055382
0.056067
0.054689
0.055031
0.054577
0.054204
0.054000
0.054759
0.054952
0.054195
0.056153
0.056080
0.056173
0.056026
0.057631
0.056616
0.055556
0.054901
0.054949
0.054101
0.054111
0.054572
0.054122
0.054413
0.049460
0.058994
0.051908
0.052010
0.052398
0.055307
0.054811
0.054654
0.055410
0.057613
0.057578
0.052927
0.051157
0.053248
0.055618
0.055723
0.056208
0.055564
0.055991
0.054943
0.054181
0.053966
0.054403
0.054120
0.052526
0.047818
0.050353
0.049875
0.049710
0.054381
0.049062
0.048098
0.049712
0.050249
0.050861
0.049727
0.051321
0.051158
0.051957
0.058875
0.056894
0.055854
0.055086
0.051600
0.056848
0.055936
0.059731
0.060961
0.062945
0.062501
0.054889
0.053623
0.053389
0.052309
0.058721
0.053847
0.059579
0.056739
0.056865
0.057074
0.056270
0.055999
0.064224
0.064157
0.064007
0.062738
0.061085
0.063030
0.067045
0.064097
0.069261
0.066368
0.068119
0.061965
0.062170
0.064974
0.065410
0.063653
0.066172
0.068158
0.067018
0.066728
0.064731
0.064257
0.067558
0.065909
0.066424
0.063175
0.066089
0.065071
0.065133
0.066297
0.063709
0.062377
0.065161
0.062394
0.064649
0.062037
0.072695
0.063825
0.068862
0.070870
0.068858
0.068561
0.062036
0.061791
0.062774
0.063945
0.063633
0.070932
0.066690
0.065903
0.067970
0.065762
0.066260
0.062739
0.064470
0.064490
0.066089
0.065973
0.065028
0.064137
0.064008
0.063167
0.062655
0.062938
0.064025
0.064277
0.065541
0.064084
0.065670
0.064385
0.064479
0.065575
0.065285
0.064425
0.064508
0.065322
0.064796
0.065078
0.065471
0.065247
0.066099
0.066458
0.066643
0.065889
0.066483
0.064901
0.065849
0.065668
0.066994
0.065580
0.067530
0.065270
0.066522
0.067060
0.067233
0.067706
0.065935
0.070920
0.066836
0.063361
0.063947
0.064704
0.068536
0.072362
0.071019
0.069383
0.073847
0.075655
0.073812
0.066038
0.074833
0.070617
0.073784
0.065560
0.064521
0.066806
0.064451
0.065158
0.065107
0.068375
0.069636
0.070230
0.070102
0.069905
0.068682
0.071470
0.070876
0.070378
0.070921
0.067623
0.065958
0.069905
0.066402
0.065667
0.065899
0.064922
0.061891
0.060818
0.060772
0.062114
0.061510
0.062084
0.064588
0.063388
0.061750
0.061325
0.061324
0.062842
0.063064
0.062133
0.062617
0.062871
0.063000
0.063115
0.061507
0.062922
0.061680
0.063079
0.060672
0.061056
0.062375
0.068006
0.067555
0.078303
0.060257
0.061768
0.066277
0.062479
0.059792
0.060636
0.061350
0.061819
0.062345
0.061691
0.062206
0.062240
0.062722
0.062088
0.062502
0.062317
0.062618
0.060594
0.062786
0.062780
0.061999
0.062630
0.062506
0.062716
0.064253
0.064127
0.064824
0.063220
0.062829
0.062871
0.062611
0.062737
0.062722
0.063131
0.063240
0.080366
0.079225
0.079659
0.069991
0.064480
0.066594
0.069719
0.057935
0.065322
0.064323
0.059644
0.059805
0.067959
0.065720
0.069360
0.067418
0.067170
0.067897
0.067937
0.058966
0.059576
0.057278
0.069081
0.058994
0.069910
0.057228
0.068299
0.069083
0.069733
0.070417
0.074881
0.072866
0.068756
0.063851
0.061999
0.071497
0.070763
0.070844
0.073061
0.070381
0.072123
0.073435
0.072944
0.072434
0.072743
0.071711
0.072937
0.072477
0.071545
0.072945
0.074293
0.074788
0.077912
0.072823
0.074998
0.073962
0.074393
0.073291
0.072506
0.072880
0.073277
0.072435
0.063768
0.062892
0.057664
0.062618
0.061624
0.060996
0.059473
0.062147
0.059496
0.058718
0.058205
0.058623
0.058783
0.063374
0.064267
0.062613
0.063888
0.061085
0.060284
0.064892
0.062230
0.063594
0.062839
0.063097
0.065196
0.064466
0.065448
0.075051
0.065692
0.064779
0.065097
0.063738
0.064324
0.063639
0.064031
0.062995
0.063448
0.063632
0.061371
0.061861
0.061724
0.061297
0.059947
0.061229
0.060483
0.058961
0.060963
0.058658
0.061561
0.062580
0.063462
0.060007
0.057800
0.057255
0.056972
0.057921
0.058649
0.057899
0.057126
0.062340
0.062617
0.060711
0.063209
0.062260
0.063184
0.063027
0.062606
0.061032
0.061540
0.061552
0.061777
0.061861
0.061572
0.070155
0.065585
0.064052
0.066835
0.063433
0.071508
0.066130
0.070392
0.075497
0.070377
0.075084
0.068998
0.069044
0.068708
0.068799
0.063204
0.075607
0.064452
0.061150
0.061409
0.061454
0.061121
0.077063
0.065186
0.065742
0.074631
0.074204
0.060108
0.066136
0.064927
0.064399
0.061110
0.065568
0.065833
0.065526
0.064086
0.065596
0.067460
0.068306
0.068514
0.073174
0.068938
0.069998
0.068864
0.072652
0.073438
0.069750
0.069583
0.064227
0.062335
0.062739
0.062591
0.080121
0.064237
0.068979
0.071467
0.064073
0.065047
0.063364
0.064313
0.061802
0.064269
0.062706
0.063243
0.069023
0.070349
0.070462
0.066785
0.067326
0.068800
0.066830
0.063758
0.064359
0.073402
0.061855
0.065387
0.062228
0.073917
0.065480
0.072218
0.071483
0.073701
0.070091
0.073975
0.075273
0.076442
0.076834
0.076503
0.076975
0.067661
0.073199
0.073286
0.076566
0.075176
0.073612
0.076066
0.075778
0.075153
0.070836
0.077133
0.075612
0.074894
0.073842
0.073481
0.074412
0.073316
0.073359
0.074038
0.061528
0.073013
0.073344
0.070910
0.065533
0.064348
0.064231
0.062910
0.063993
0.063943
0.060602
0.060049
0.060449
0.061598
0.062710
0.060732
0.060550
0.074501
0.071764
0.070349
0.075331
0.067939
0.073674
0.075564
0.074794
0.071871
0.074286
0.080750
0.073879
0.068798
0.066825
0.070600
0.072021
0.067267
0.065559
0.063226
0.074047
0.077598
0.077675
0.077022
0.075567
0.071631
0.066215
0.063929
0.074378
0.072706
0.076976
0.073545
0.075112
0.080042
0.071815
0.077499
0.074899
0.072235
0.074922
0.078691
0.077899
0.071529
0.077399
0.074449
0.072323
0.071719
0.064275
0.064467
0.064285
0.064211
0.064365
0.064174
0.063245
0.062972
0.062879
0.061133
0.061904
0.062089
0.063025
0.070337
0.073343
0.073568
0.073240
0.073445
0.064499
0.071013
0.071632
0.073552
0.072632
0.076579
0.076720
0.071245
0.067545
0.070830
0.069211
0.073398
0.069056
0.068922
0.068177
0.067648
0.068769
0.066875
0.066776
0.072876
0.071460
0.075856
0.075723
0.076506
0.075899
0.074359
0.074343
0.074514
0.076094
0.074559
0.073187
0.072599
0.072577
0.074884
0.075310
0.063873
0.063663
0.074558
0.064517
0.072583
0.070331
0.074163
0.071492
0.068647
0.065951
0.066167
0.064380
0.065978
0.065058
0.064850
0.065212
0.066526
0.066487
0.066832
0.066425
0.066018
0.066365
0.066331
0.065355
0.065666
0.062629
0.063486
0.063698
0.062688
0.067350
0.070362
0.064382
0.065632
0.063074
0.063421
0.063888
0.062687
0.063783
0.065297
0.066729
0.072054
0.068303
0.066485
0.074767
0.067775
0.072271
0.067523
0.067980
0.071616
0.069462
0.063597
0.063671
0.063103
0.075343
0.071623
0.075046
0.084712
0.071564
0.071654
0.067958
0.068894
0.069874
0.069717
0.069636
0.070728
0.072424
0.072594
0.079619
0.082379
0.081125
0.076323
0.084796
0.083251
0.068457
0.076225
0.069771
0.067572
0.066611
0.066783
0.068064
0.066868
0.065744
0.068192
0.073487
0.068810
0.070574
0.071193
0.065479
0.063837
0.066272
0.063740
0.076482
0.076042
0.073063
0.074185
0.053207
0.052137
0.052088
0.054175
0.052206
0.050405
0.052348
0.051723
0.052408
0.051763
0.052628
0.054040
0.051247
0.052549
0.052674
0.052205
0.053014
0.053386
0.056263
0.055241
0.055125
0.053418
0.053495
0.054730
0.054089
0.052868
0.052722
0.053025
0.051954
0.050728
0.052129
0.050420
0.050569
0.051141
0.050806
0.051712
0.052643
0.052880
0.052247
0.052452
0.052115
0.051268
0.050541
0.049967
0.050012
0.050820
0.051632
0.051095
0.050421
0.049887
0.049980
0.049265
0.048838
0.050333
0.050398
0.050666
0.050714
0.052985
0.050030
0.053743
0.054990
0.055313
0.054728
0.052099
0.051203
0.051619
0.052110
0.052544
0.049356
0.049369
0.050987
0.049607
0.049432
0.049195
0.049372
0.049653
0.049622
0.049968
0.051271
0.051533
0.049051
0.051739
0.052069
0.050249
0.051765
0.049942
0.050716
0.049599
0.050025
0.051243
0.050780
0.051613
0.051868
0.050180
0.050513
0.050123
0.053452
0.052230
0.053086
0.052514
0.052099
0.051751
0.049114
0.051737
0.052387
0.051765
0.051340
0.051503
0.051163
0.052855
0.051708
0.051631
0.051809
0.051516
0.052755
0.051529
0.051278
0.051671
0.051882
0.052192
0.051902
0.052620
0.051690
0.051146
0.053014
0.057168
0.054629
0.051060
0.052054
0.051337
0.050313
0.050313
0.051559
0.050608
0.052567
0.050342
0.060479
0.059854
0.050074
0.051248
0.050864
0.051474
0.051088
0.053524
0.052455
0.054540
0.049500
0.048888
0.050276
0.049999
0.049654
0.050925
0.050272
0.048933
0.049435
0.050335
0.049164
0.059953
0.052505
0.058877
0.058093
0.050287
0.059016
0.053526
0.054218
0.052412
0.052716
0.054101
0.057829
0.051129
0.051351
0.051603
0.051085
0.050120
0.050228
0.050892
0.050951
0.050615
0.051071
0.050859
0.051293
0.052451
0.052133
0.052470
0.051486
0.050647
0.053114
0.053534
0.057487
0.053890
0.051025
0.059879
0.052709
0.054443
0.053136
0.058311
0.059100
0.053273
0.053887
0.053439
0.054327
0.052494
0.052345
0.049001
0.048299
0.054446
0.053029
0.055130
0.053150
0.053266
0.051156
0.048323
0.051341
0.051196
0.049816
0.050144
0.050824
0.052179
0.051150
0.052322
0.054818
0.050336
0.050543
0.050560
0.050160
0.050661
0.050972
0.049641
0.053681
0.053215
0.054706
0.054211
0.053549
0.054707
0.053528
0.053552
0.053316
0.053309
0.053389
0.054386
0.053754
0.053059
0.053626
0.053981
0.054712
0.053969
0.054118
0.054073
0.054286
0.057862
0.054324
0.054119
0.054559
0.055002
0.054129
0.060156
0.059954
0.060086
0.059127
0.059566
0.059691
0.059426
0.059365
0.059841
0.059230
0.060419
0.059348
0.059692
0.057608
0.059245
0.058413
0.059208
0.058846
0.060202
0.060080
0.054834
0.055346
0.055285
0.055300
0.054936
0.057853
0.058772
0.058504
0.054724
0.057976
0.059038
0.057379
0.058080
0.058462
0.054683
0.058831
0.059333
0.054364
0.057675
0.057733
0.058004
0.054614
0.054430
0.057803
0.054305
0.054626
0.054812
0.053508
0.058740
0.055214
0.057867
0.053314
0.055428
0.054857
0.058468
0.057786
0.057510
0.057987
0.054470
0.057855
0.058762
0.054271
0.054101
0.054635
0.057344
0.057554
0.057486
0.054481
0.054236
0.059645
0.059461
0.054146
0.059389
0.058718
0.054531
0.053903
0.054514
0.058306
0.053929
0.053981
0.059069
0.053834
0.054115
0.053962
0.058749
0.054263
0.054147
0.059191
0.060158
0.059764
0.055010
0.054504
0.058842
0.057916
0.055160
0.057479
0.054204
0.054208
0.054355
0.060649
0.060310
0.059677
0.060307
0.060471
0.061952
0.061725
0.060226
0.054393
0.057948
0.063923
0.070333
0.075160
0.073415
0.072841
0.074854
0.071851
0.068280
0.075339
0.068293
0.071364
0.070169
0.069629
0.070784
0.072645
0.074433
0.071768
0.065044
0.066302
0.067821
0.067636
0.063008
0.063982
0.066242
0.065438
0.065469
0.065196
0.065336
0.064137
0.065516
0.063532
0.063325
0.064822
0.067324
0.065547
0.064486
0.064400
0.064340
0.066696
0.064951
0.067768
0.063676
0.064434
0.064598
0.065959
0.065741
0.066521
0.064367
0.066024
0.065192
0.064776
0.064508
0.064342
0.064790
0.065963
0.065220
0.065920
0.065018
0.064733
0.064605
0.064911
0.066247
0.067726
0.064220
0.068041
0.075572
0.074384
0.068504
0.070870
0.072915
0.079030
0.065933
0.070069
0.067564
0.069646
0.064689
0.068516
0.065194
0.068013
0.067957
0.067179
0.068886
0.068466
0.067625
0.067805
0.068571
0.068223
0.067499
0.067506
0.068405
0.068031
0.066912
0.064421
0.066537
0.065874
0.064946
0.066533
0.065689
0.065901
0.065403
0.066768
0.066958
0.065824
0.065615
0.065215
0.068536
0.065180
0.068144
0.074335
0.066997
0.059844
0.072857
0.062040
0.072831
0.073314
0.072123
0.073469
0.065323
0.066560
0.073436
0.072651
0.071188
0.069926
0.072915
0.067370
0.067446
0.067711
0.068630
0.067043
0.070885
0.069549
0.071117
0.069516
0.072089
0.072436
0.064656
0.069853
0.073827
0.071816
0.065887
0.063633
0.059654
0.069506
0.068976
0.072213
0.072309
0.069392
0.068725
0.078326
0.074374
0.070790
0.075241
0.075988
0.075802
0.075261
0.077316
0.067215
0.080105
0.082029
0.082479
0.082070
0.083130
0.082616
0.079099
0.076128
0.075093
0.075327
0.077159
0.081293
0.081068
0.076228
0.077283
0.078638
0.079045
0.079650
0.078893
0.077465
0.079715
0.078087
0.072337
0.074143
0.073508
0.076834
0.072601
0.069701
0.073444
0.070061
0.074100
0.064900
0.065334
0.058632
0.061050
0.072098
0.080035
0.080302
0.078028
0.078304
0.068304
0.066665
0.069033
0.060308
0.062871
0.062305
0.064756
0.074657
0.074032
0.075075
0.086885
0.083113
0.079033
0.088472
0.075435
0.086526
0.080911
0.085862
0.083238
0.081983
0.080236
0.079677
0.062350
0.078938
0.072759
0.078120
0.064709
0.063763
0.068874
0.062492
0.062057
0.064771
0.076110
0.075256
0.062444
0.063550
0.063568
0.063326
0.076812
0.076125
0.075872
0.076429
0.069126
0.077087
0.079313
0.076729
0.076294
0.068630
0.076208
0.076987
0.076309
0.069941
0.076316
0.070710
0.071099
0.078675
0.076997
0.077561
0.077000
0.074275
0.077139
0.076271
0.077848
0.076961
0.075589
0.075148
0.074508
0.070678
0.071420
0.082308
0.076127
0.078624
0.078998
0.073275
0.074501
0.072878
0.072379
0.062162
0.073010
0.072703
0.069575
0.077967
0.075633
0.061048
0.060233
0.066521
0.069931
0.061114
0.062602
0.061973
0.069148
0.072278
0.061547
0.074443
0.071038
0.068283
0.071506
0.064051
0.075223
0.066106
0.067183
0.064790
0.069582
0.069504
0.070505
0.070153
0.069980
0.070737
0.074728
0.070447
0.076074
0.075870
0.075035
0.075150
0.070389
0.070640
0.070663
0.070327
0.074027
0.070007
0.070301
0.070231
0.069890
0.069998
0.069814
0.069653
0.077605
0.069384
0.069725
0.055263
0.054779
0.055327
0.055377
0.056012
0.057096
0.056097
0.055164
0.057517
0.057211
0.056844
0.056506
0.056007
0.054397
0.057138
0.054021
0.058529
0.053206
0.053081
0.052926
0.052175
0.052384
0.050069
0.049552
0.050327
0.049677
0.049215
0.049061
0.054354
0.048758
0.061132
0.060118
0.056690
0.050960
0.053664
0.052857
0.056813
0.052242
0.051556
0.050639
0.050320
0.050585
0.050810
0.050816
0.052495
0.052117
0.052333
0.051492
0.053695
0.053691
0.052829
0.054074
0.054426
0.054766
0.054757
0.060618
0.061591
0.054496
0.055726
0.055836
0.056520
0.055900
0.055645
0.053729
0.055899
0.055496
0.054816
0.054828
0.054069
0.053948
0.053897
0.054806
0.053423
0.053736
0.052639
0.054416
0.052545
0.052042
0.052097
0.052550
0.053194
0.054318
0.052578
0.057817
0.051825
0.052642
0.052090
0.052826
0.053287
0.053147
0.053030
0.053611
0.053673
0.054582
0.053911
0.049653
0.054585
0.052310
0.053219
0.052919
0.054785
0.056777
0.053814
0.055683
0.055340
0.052892
0.054326
0.055055
0.062202
0.060100
0.052880
0.053114
0.052271
0.059450
0.053475
0.053786
0.051887
0.053017
0.053175
0.052391
0.052227
0.052714
0.052393
0.050800
0.050557
0.051493
0.052700
0.051421
0.051515
0.050519
0.052838
0.051157
0.050626
0.053962
0.057763
0.055256
0.057721
0.060099
0.057053
0.060028
0.053295
0.063176
0.065833
0.066276
0.052252
0.055193
0.055072
0.056246
0.056202
0.055927
0.055940
0.055706
0.055658
0.055920
0.056600
0.057431
0.057910
0.056169
0.057022
0.056986
0.057262
0.059738
0.057758
0.056320
0.057689
0.056318
0.051417
0.053751
0.053071
0.055212
0.059166
0.057347
0.058736
0.049448
0.051748
0.051547
0.049847
0.052096
0.052202
0.048664
0.050674
0.052293
0.049366
0.049156
0.047773
0.047645
0.049434
0.049389
0.050169
0.051808
0.050373
0.051598
0.051810
0.052036
0.051714
0.051593
0.051620
0.051111
0.051828
0.051841
0.071197
0.073095
0.075943
0.075036
0.077152
0.075956
0.077485
0.075608
0.077839
0.076615
0.076199
0.076240
0.074664
0.077516
0.070638
0.070984
0.071318
0.071095
0.077454
0.071659
0.071954
0.071970
0.071818
0.074344
0.075279
0.076606
0.071335
0.071263
0.071371
0.079251
0.073757
0.073478
0.072192
0.076150
0.077698
0.076481
0.073838
0.076383
0.075486
0.072868
0.073195
0.078811
0.076707
0.073978
0.074553
0.072201
0.075165
0.076023
0.076942
0.072870
0.075573
0.073969
0.074329
0.075725
0.073394
0.078329
0.077599
0.075464
0.075221
0.070936
0.072505
0.079368
0.073362
0.073149
0.078490
0.071449
0.075211
0.078487
0.077170
0.077070
0.076270
0.076381
0.074051
0.073380
0.073745
0.073771
0.074802
0.073489
0.074525
0.075394
0.075706
0.075327
0.077839
0.075515
0.077509
0.077627
0.075286
0.051291
0.050610
0.049750
0.050945
0.051205
0.052244
0.050169
0.052203
0.050964
0.052973
0.049699
0.050299
0.050877
0.050708
0.048241
0.049061
0.048789
0.049118
0.054072
0.054611
0.053107
0.053246
0.058558
0.058309
0.057927
0.057181
0.057860
0.058226
0.058376
0.056929
0.057682
0.056412
0.056304
0.056440
0.059185
0.057365
0.057094
0.057947
0.059077
0.056664
0.059857
0.058421
0.058018
0.058132
0.057795
0.056265
0.056808
0.055688
0.058715
0.058532
0.058954
0.051569
0.058136
0.051514
0.050792
0.052052
0.052316
0.051967
0.052008
0.051665
0.051889
0.050791
0.053712
0.053539
0.053879
0.053392
0.053229
0.053285
0.052727
0.052727
0.052268
0.052557
0.051833
0.050340
0.052017
0.049969
0.051861
0.050389
0.050368
0.052835
0.052033
0.052275
0.052618
0.052254
0.052140
0.049539
0.049802
0.049875
0.049683
0.049771
0.049285
0.050272
0.055173
0.048539
0.051627
0.050178
0.055585
0.055617
0.056431
0.055654
0.058748
0.061648
0.057793
0.060799
0.061524
0.058474
0.057792
0.058529
0.057529
0.057758
0.058089
0.055850
0.056393
0.056167
0.057420
0.055314
0.052312
0.051909
0.053052
0.052534
0.052591
0.051045
0.048704
0.051204
0.052178
0.052511
0.052916
0.053318
0.052495
0.053585
0.053165
0.053298
0.052877
0.052884
0.050985
0.056315
0.053116
0.052949
0.055567
0.055937
0.056050
0.062561
0.060060
0.058667
0.058043
0.056992
0.054914
0.056385
0.050089
0.050430
0.051477
0.059056
0.050411
0.050515
0.053129
0.053418
0.052257
0.053862
0.054172
0.054095
0.054895
0.051086
0.050877
0.056004
0.056567
0.052432
0.051519
0.054798
0.050127
0.057340
0.057796
0.059131
0.060127
0.060216
0.059003
0.057819
0.058006
0.055732
0.055130
0.049862
0.049203
0.050416
0.047852
0.051238
0.049192
0.050265
0.051212
0.052710
0.050387
0.051279
0.051911
0.052442
0.051154
0.051103
0.051977
0.051713
0.052146
0.051313
0.050300
0.050704
0.050533
0.052176
0.053061
0.052882
0.055683
0.054357
0.052866
0.052521
0.053002
0.055119
0.054684
0.051763
0.052368
0.052895
0.061287
0.060716
0.060534
0.054370
0.060799
0.060966
0.060213
0.061091
0.063279
0.054923
0.055672
0.052538
0.052463
0.050518
0.050873
0.051040
0.050876
0.050991
0.052235
0.053019
0.055281
0.056839
0.055587
0.055165
0.055002
0.055923
0.051084
0.050558
0.051108
0.050932
0.050391
0.051394
0.054031
0.053950
0.075994
0.076681
0.073577
0.073180
0.067492
0.076733
0.075940
0.076437
0.077501
0.076740
0.077256
0.076835
0.076502
0.076704
0.076415
0.076299
0.076096
0.075018
0.074778
0.075761
0.077377
0.077449
0.077221
0.077506
0.073496
0.076933
0.076308
0.076252
0.076440
0.076872
0.076588
0.076629
0.076846
0.077252
0.077280
0.075277
0.075294
0.076061
0.077664
0.075412
0.078421
0.051262
0.051843
0.050634
0.050925
0.051654
0.050178
0.051292
0.050020
0.048096
0.048167
0.048923
0.050709
0.049199
0.048763
0.054616
0.055853
0.055481
0.055396
0.055600
0.055676
0.052007
0.050770
0.050011
0.049368
0.048562
0.049160
0.049018
0.047577
0.049173
0.049847
0.056099
0.055283
0.055564
0.055747
0.055192
0.047963
0.049458
0.050590
0.048624
0.049975
0.055877
0.055386
0.055865
0.056460
0.059512
0.056501
0.055112
0.057463
0.051714
0.050139
0.053217
0.051918
0.057662
0.056974
0.054531
0.051949
0.052177
0.052703
0.052819
0.053033
0.056391
0.051228
0.053898
0.048779
0.049638
0.051024
0.050170
0.050033
0.050629
0.050270
0.050515
0.051361
0.050528
0.049793
0.050103
0.050071
0.077810
0.078125
0.078026
0.078191
0.078286
0.076081
0.076326
0.078108
0.076126
0.078233
0.078151
0.078340
0.078496
0.077938
0.078535
0.077693
0.074558
0.074696
0.077845
0.074292
0.075497
0.073401
0.075799
0.075703
0.078315
0.075390
0.075628
0.076996
0.076712
0.076479
0.079024
0.080317
0.079591
0.077470
0.071168
0.078725
0.080526
0.075804
0.079457
0.076447
0.074428
0.075079
0.079677
0.078278
0.074964
0.077355
0.075658
0.075900
0.050384
0.049404
0.050070
0.049420
0.049601
0.050007
0.050258
0.052776
0.049088
0.049125
0.049142
0.049264
0.049367
0.048350
0.050636
0.050025
0.049911
0.048531
0.049263
0.048249
0.048395
0.048671
0.048583
0.048002
0.048507
0.048348
0.049895
0.057526
0.048776
0.048103
0.048672
0.049408
0.050251
0.051580
0.052593
0.051392
0.053969
0.054103
0.051053
0.051233
0.051035
0.050031
0.050491
0.049930
0.050741
0.049845
0.050577
0.050399
0.050103
0.049986
0.050660
0.050084
0.049883
0.049981
0.050092
0.050166
0.050120
0.049918
0.049500
0.050181
0.050161
0.049756
0.049563
0.049419
0.049295
0.051303
0.049435
0.050155
0.053985
0.053545
0.049937
0.050181
0.049803
0.050049
0.051287
0.051279
0.049430
0.049864
0.050694
0.049388
0.050612
0.050158
0.053552
0.054437
0.049756
0.049768
0.049337
0.049462
0.048553
0.049731
0.048962
0.049487
0.049831
0.048628
0.048714
0.052200
0.050386
0.050392
0.049863
0.054698
0.051159
0.050731
0.049524
0.049457
0.050296
0.050409
0.047565
0.050441
0.050504
0.050354
0.050504
0.078491
0.078201
0.077905
0.077750
0.077626
0.077445
0.078157
0.077712
0.078024
0.077924
0.078110
0.077671
0.077254
0.077321
0.077811
0.077832
0.077519
0.077118
0.076348
0.076831
0.077501
0.075697
0.075670
0.075576
0.075501
0.074800
0.075165
0.075686
0.077672
0.077563
0.076622
0.076404
0.077731
0.077175
0.074708
0.075578
0.075499
0.078232
0.077081
0.077690
0.074626
0.079534
0.076359
0.074627
0.071213
0.075830
0.078261
0.074285
0.069273
0.067430
0.075496
0.077209
0.076330
0.076242
0.081757
0.078239
0.077168
0.076569
0.077546
0.074718
0.074455
0.072167
0.072189
0.072660
0.072383
0.079084
0.072844
0.078055
0.070261
0.073445
0.070180
0.075490
0.072031
0.070790
0.072361
0.071329
0.072325
0.073330
0.074843
0.072461
0.063093
0.060890
0.068369
0.061669
0.062158
0.062836
0.062502
0.059479
0.058931
0.062547
0.063684
0.062983
0.064102
0.062770
0.062517
0.062942
0.062862
0.064447
0.063061
0.063841
0.063896
0.063453
0.062636
0.063731
0.064427
0.064011
0.064511
0.061208
0.060219
0.060492
0.059944
0.059074
0.059320
0.059227
0.058803
0.061305
0.064964
0.060271
0.060793
0.063816
0.064002
0.062560
0.060210
0.062268
0.061646
0.060480
0.060405
0.061476
0.059268
0.058397
0.058209
0.058223
0.058561
0.058421
0.058067
0.059403
0.058906
0.061546
0.057899
0.057647
0.060059
0.060414
0.060740
0.060890
0.061123
0.057747
0.059653
0.060308
0.063978
0.060187
0.063548
0.060671
0.056867
0.059268
0.059210
0.055554
0.058619
0.055625
0.056662
0.056187
0.058967
0.061107
0.061255
0.061599
0.062929
0.058328
0.062481
0.060144
0.062518
0.062278
0.064972
0.065756
0.064926
0.061800
0.061873
0.062036
0.061668
0.061702
0.064880
0.062685
0.061169
0.062573
0.061217
0.061170
0.062432
0.059483
0.059144
0.058886
0.057828
0.057647
0.060868
0.057742
0.058002
0.059191
0.059251
0.062401
0.062333
0.062159
0.062098
0.061816
0.062205
0.062342
0.061672
0.062870
0.060604
0.059362
0.061378
0.057396
0.056914
0.056609
0.060215
0.061243
0.060091
0.063825
0.064085
0.059975
0.061442
0.061544
0.061446
0.061730
0.060112
0.064360
0.063850
0.063673
0.065099
0.063802
0.064979
0.065354
0.065774
0.065307
0.066148
0.066462
0.066762
0.066117
0.065865
0.061319
0.059021
0.067888
0.069852
0.070718
0.070964
0.071311
0.071140
0.070680
0.072642
0.070629
0.071249
0.070691
0.071266
0.072315
0.072091
0.072647
0.070480
0.071485
0.071971
0.072863
0.068528
0.080935
0.072040
0.060315
0.060540
0.062469
0.075425
0.063342
0.074711
0.075250
0.064037
0.063217
0.061135
0.062066
0.061911
0.074464
0.063828
0.080183
0.060668
0.076848
0.079803
0.071182
0.078585
0.077439
0.078929
0.078156
0.075601
0.079914
0.072754
0.065252
0.072128
0.072203
0.072312
0.079873
0.079088
0.077881
0.078405
0.087174
0.084313
0.072921
0.071853
0.068069
0.056879
0.062719
0.059249
0.064230
0.059415
0.065506
0.060453
0.062430
0.063983
0.063680
0.060890
0.060182
0.062777
0.062069
0.062830
0.060496
0.061161
0.058981
0.057226
0.063600
0.063224
0.056896
0.062247
0.061378
0.060542
0.062645
0.059234
0.060384
0.061022
0.060255
0.058460
0.062199
0.058679
0.057989
0.056518
0.059572
0.058420
0.058546
0.058848
0.058779
0.058662
0.057231
0.057381
0.059402
0.059337
0.061433
0.065698
0.068725
0.074063
0.078732
0.084275
0.089295
0.099062
0.103113
0.113332
0.120169
0.120169
0.120169
0.120169
0.120169
0.120169
0.120169
0.120169
0.098005
0.097602
0.091191
0.086795
0.087488
0.089743
0.091161
0.091687
0.089003
0.089510
0.087269
0.093349
0.090781
0.091922
0.089394
0.088439
0.088319
0.087265
0.088883
0.088922
0.094422
0.089985
0.087794
0.088548
0.088606
0.087975
0.087674
0.088584
0.091482
0.091315
0.090106
0.093810
0.091162
0.098016
0.098718
0.086254
0.092509
0.094922
0.091093
0.090698
0.085032
0.091998
0.087636
0.091671
0.092902
0.095191
0.095264
0.092037
0.090860
0.090422
0.095531
0.090788
0.092172
0.096464
0.095785
0.095142
0.093498
0.093045
0.097482
0.097650
0.098603
0.096156
0.087169
0.094669
0.095738
0.091438
0.092742
0.092741
0.097029
0.097389
0.091237
0.094197
0.093186
0.092538
0.094927
0.095208
0.094959
0.095754
0.092663
0.093679
0.095633
0.093596
0.094916
0.094606
0.091893
0.095390
0.096128
0.090159
0.092887
0.092821
0.086802
0.094593
0.094160
0.095079
0.094305
0.091851
0.092921
0.092961
0.099275
0.099407
0.095295
0.090820
0.097253
0.105576
0.105989
0.096983
0.094117
0.093493
0.096020
0.096112
0.095044
0.096854
0.093400
0.093593
0.093433
0.093839
0.093910
0.094500
0.093206
0.093516
0.098049
0.097559
0.089800
0.093249
0.092961
0.097295
0.097250
0.092890
0.095415
0.095629
0.097326
0.097821
0.094268
0.093784
0.093778
0.093472
0.096827
0.096094
0.096692
0.095354
0.097092
0.094317
0.092680
0.101221
0.101166
0.089604
0.091092
0.094797
0.094565
0.096995
0.096659
0.096076
0.093782
0.097943
0.095271
0.096742
0.096121
0.092541
0.093533
0.094374
0.091783
0.095510
0.096442
0.100181
0.100415
0.098079
0.094297
0.095012
0.093333
0.092138
0.093411
0.093753
0.098337
0.099109
0.097519
0.097141
0.085183
0.078459
0.066746
0.066998
0.077069
0.083806
0.083091
0.092386
0.108355
0.120168
0.120168
0.120168
