0.099605
0.099605
0.099605
0.099605
0.099605
0.099605
0.099605
0.099605
0.099605
0.099605
0.099605
0.099605
0.099605
0.099605
0.099605
0.099605
0.099605
0.099605
0.099605
0.099605
0.099605
0.099605
0.099605
0.099605
0.099605
0.099605
0.099605
0.099605
0.099605
0.099605
0.099605
0.099605
0.099605
0.099605
0.099605
0.099605
0.099605
0.099605
0.099605
0.099605
0.099605
0.099605
0.099605
0.099605
0.099605
0.099605
0.099605
0.099605
0.099605
0.099605
0.099605
0.099605
0.099605
0.099605
0.099605
0.099605
0.099605
0.099605
0.099605
0.099605
0.099605
0.095044
0.095077
0.095320
0.095358
0.095780
0.095058
0.094861
0.095096
0.095300
0.094956
0.100058
0.094874
0.094741
0.094890
0.094299
0.093786
0.093968
0.094430
0.094414
0.093133
0.093402
0.092832
0.092346
0.091405
0.091305
0.089827
0.092516
0.089314
0.089730
0.093419
0.088705
0.084084
0.072333
0.069736
0.063754
0.064449
0.065645
0.065836
0.062843
0.065338
0.067676
0.069067
0.070494
0.069351
0.069815
0.067929
0.066014
0.068694
0.063860
0.063471
0.062209
0.061973
0.062768
0.064012
0.061896
0.063708
0.064914
0.062465
0.063915
0.064176
0.062402
0.060574
0.060554
0.060292
0.059723
0.059505
0.060436
0.059400
0.059075
0.060227
0.060196
0.065201
0.063941
0.065055
0.063419
0.062896
0.062610
0.062436
0.063106
0.063416
0.061415
0.061342
0.060199
0.059340
0.060108
0.059356
0.060151
0.059569
0.059325
0.058920
0.057985
0.058306
0.057746
0.060586
0.061947
0.058497
0.058890
0.059051
0.057606
0.055259
0.056749
0.056899
0.056064
0.056959
0.056140
0.055607
0.094129
0.094131
0.094145
0.093599
0.093872
0.093886
0.093911
0.090643
0.089944
0.091978
0.091238
0.088488
0.088881
0.088599
0.089374
0.089182
0.091014
0.091032
0.090633
0.088984
0.090736
0.090960
0.092990
0.090067
0.089992
0.099594
0.099586
0.099586
0.089852
0.104504
0.089947
0.090292
0.102176
0.101676
0.100677
0.100424
0.099788
0.100605
0.103381
0.107493
0.107883
0.103476
0.104671
0.092842
0.092926
0.092969
0.086841
0.086975
0.086492
0.086160
0.088377
0.091057
0.090701
0.085869
0.085664
0.086889
0.086690
0.088655
0.094113
0.142152
0.130642
0.120110
0.077032
0.085450
0.095171
0.107823
0.087400
0.111663
0.110465
0.108148
0.107824
0.108670
0.087612
0.109454
0.109464
0.107940
0.109629
0.110003
0.110389
0.110402
0.110190
0.110334
0.109647
0.108842
0.109962
0.112870
0.109815
0.111206
0.110156
0.111031
0.110794
0.110620
0.110099
0.109657
0.109765
0.111973
0.111068
0.110735
0.109897
0.110064
0.081708
0.082708
0.040812
0.039430
0.021480
0.034495
0.031732
0.033840
0.035209
0.033938
0.034515
0.030821
0.021883
0.022650
0.027569
0.024780
0.028154
0.027186
0.028917
0.027154
0.022577
0.022296
0.020682
0.023987
0.023051
0.021209
0.019706
0.015426
0.014426
0.013987
0.011127
0.011409
0.011475
0.012425
0.013960
0.013485
0.014740
0.016203
0.016360
0.016355
0.016574
0.015898
0.016008
0.013655
0.011238
0.010629
0.007791
0.005085
0.004319
0.003769
0.002543
0.002834
0.002727
0.002166
0.002037
0.001825
0.002191
0.001641
0.001234
0.001219
0.000918
0.000681
0.000000
0.000349
0.001343
0.002228
0.004477
0.006513
0.007134
0.007386
0.010009
0.010540
0.184895
0.186460
0.215652
0.194572
0.214300
0.195202
0.210087
0.171860
0.187727
0.212238
0.213463
0.110826
0.107680
0.104411
0.102029
0.101278
0.103185
0.120556
0.103724
0.103255
0.102940
0.120441
0.110028
0.107674
0.104532
0.102199
0.106181
0.097325
0.097766
0.089654
0.089907
0.090736
0.091418
0.093928
0.092400
0.094091
0.095684
0.099333
0.098784
0.100857
0.101149
0.099660
0.101409
0.100423
0.135396
0.134850
0.135203
0.122858
0.129172
0.138787
0.138051
0.102070
0.120969
0.112529
0.125515
0.111340
0.133044
0.116693
0.114879
0.120768
0.133845
0.101306
0.119863
0.116140
0.117476
0.118219
0.114583
0.120283
0.146704
0.141827
0.128704
0.138735
0.139027
0.132237
0.128179
0.130287
0.132822
0.136849
0.146978
0.174706
0.182149
0.159118
0.151418
0.162397
0.173163
0.161833
0.152363
0.159898
0.164834
0.176390
0.128767
0.139643
0.067463
0.060881
0.080788
0.076491
0.076543
0.078130
0.077411
0.078000
0.075598
0.089987
0.090670
0.092543
0.091717
0.093341
0.093322
0.093112
0.093173
0.092279
0.088023
0.090916
0.091641
0.093574
0.094045
0.094867
0.094257
0.094153
0.094372
0.094247
0.094705
0.094458
0.093897
0.094223
0.088061
0.088147
0.088805
0.088996
0.089140
0.088171
0.088250
0.087591
0.087468
0.088989
0.086057
0.085330
0.087126
0.085178
0.088163
0.087909
0.087967
0.084257
0.083915
0.083966
0.083637
0.083414
0.081369
0.082583
0.082401
0.082650
0.081645
0.081682
0.082450
0.082334
0.082045
0.081538
0.081816
0.082154
0.081836
0.081316
0.081422
0.081709
0.083720
0.081950
0.083972
0.084421
0.082259
0.083744
0.083050
0.082630
0.082607
0.083576
0.083793
0.082978
0.082912
0.082974
0.083388
0.082705
0.083915
0.083656
0.083581
0.083914
0.084122
0.084202
0.084209
0.084237
0.083211
0.082140
0.082116
0.081992
0.083679
0.068269
0.072973
0.086097
0.099413
0.163058
0.117473
0.162255
0.118834
0.119388
0.133048
0.135193
0.102663
0.106183
0.119219
0.099392
0.124757
0.163958
0.166195
0.175832
0.164634
0.165753
0.173974
0.168038
0.168157
0.122021
0.121617
0.162954
0.165619
0.164810
0.162979
0.163580
0.164488
0.166454
0.165768
0.166522
0.166053
0.123782
0.161636
0.158982
0.158601
0.158610
0.161857
0.160108
0.159769
0.161719
0.161734
0.161752
0.161721
0.161233
0.160079
0.160396
0.161212
0.162117
0.159967
0.159766
0.159944
0.159051
0.158860
0.159321
0.160897
0.162507
0.163180
0.161946
0.161605
0.159989
0.160156
0.159821
0.159112
0.157825
0.156043
0.258389
0.260296
0.257432
0.258034
0.258068
0.260533
0.261016
0.259535
0.258864
0.261124
0.250123
0.251943
0.250332
0.246791
0.246954
0.247174
0.247817
0.251933
0.251371
0.250143
0.250822
0.248928
0.245866
0.246453
0.249345
0.244409
0.244340
0.243928
0.243914
0.234110
0.235360
0.229835
0.227009
0.221549
0.221430
0.220351
0.220748
0.222916
0.222503
0.220405
0.219306
0.221752
0.221616
0.228231
0.230881
0.223644
0.238984
0.241355
0.241563
0.249168
0.252277
0.252727
0.251392
0.253205
0.256705
0.258309
0.258353
0.254886
0.247693
0.238723
0.238421
0.241952
0.238933
0.245111
0.249426
0.244559
0.251966
0.252450
0.250054
0.254775
0.252730
0.252806
0.254530
0.255907
0.253612
0.254100
0.256146
0.245270
0.246942
0.239526
0.236925
0.237530
0.243729
0.238392
0.237835
0.241045
0.235618
0.238301
0.232923
0.234560
0.229910
0.226832
0.220211
0.220249
0.221087
0.219571
0.222727
0.225921
0.224839
0.220300
0.221443
0.221544
0.224868
0.224702
0.226369
0.233826
0.234141
0.229421
0.231058
0.231755
0.235111
0.232903
0.231702
0.230303
0.226877
0.113212
0.112726
0.114659
0.111891
0.112839
0.119308
0.119223
0.114952
0.118071
0.129316
0.128642
0.131394
0.131705
0.133364
0.144471
0.066773
0.063041
0.061976
0.091478
0.056574
0.058228
0.058284
0.056255
0.052452
0.054173
0.073275
0.074849
0.073655
0.166910
0.182349
0.234322
0.234399
0.226500
0.191166
0.152847
0.188850
0.134546
0.132546
0.131520
0.131000
0.146694
0.149719
0.149655
0.156903
0.105823
0.069423
0.055717
0.049055
0.173765
0.168739
0.190073
0.196538
0.150248
0.150104
0.178498
0.207124
0.206252
0.205603
0.148951
0.205438
0.092308
0.062858
0.133158
0.108834
0.147883
0.164359
0.143588
0.150578
0.153135
0.150798
0.124091
0.209087
0.093095
0.092405
0.091122
0.119230
0.093638
0.050335
0.052022
0.069301
0.207874
0.207827
0.208091
0.207780
0.226012
0.224436
0.224102
0.103750
0.152814
0.098285
0.086151
0.086731
0.302270
0.306610
0.299909
0.335451
0.345280
0.313248
0.350925
0.294920
0.296611
0.327936
0.329977
0.327119
0.328670
0.355999
0.357310
0.356947
0.332782
0.344502
0.359742
0.338066
0.331626
0.366342
0.365753
0.331468
0.317497
0.325270
0.322892
0.324910
0.324127
0.391534
0.329208
0.329646
0.329732
0.326158
0.324488
0.327497
0.310474
0.328097
0.312383
0.316205
0.321514
0.306751
0.314492
0.307673
0.303237
0.303321
0.366751
0.368528
0.375902
0.297527
0.309913
0.262556
0.307182
0.275519
0.320494
0.333012
0.327772
0.327973
0.329490
0.336300
0.304661
0.113910
0.113775
0.114715
0.111573
0.109878
0.122146
0.110980
0.112121
0.107410
0.119962
0.118417
0.114279
0.116629
0.115354
0.123488
0.117259
0.125164
0.125719
0.110565
0.107978
0.118825
0.108552
0.110431
0.119377
0.121859
0.121148
0.124846
0.124135
0.128077
0.131101
0.132468
0.129115
0.127198
0.127552
0.129878
0.132057
0.135181
0.135263
0.134843
0.136594
0.141603
0.136890
0.136415
0.133649
0.132607
0.136072
0.131447
0.336849
0.196626
0.350002
0.315608
0.355090
0.320562
0.314677
0.318889
0.330992
0.322188
0.316524
0.234414
0.320596
0.259420
0.243331
0.271376
0.293292
0.288646
0.288244
0.294508
0.258113
0.370008
0.366675
0.346538
0.360718
0.334501
0.282395
0.262806
0.249924
0.300374
0.341394
0.241516
0.236215
0.252617
0.269645
0.219266
0.231752
0.234495
0.190097
0.195141
0.192970
0.264043
0.258148
0.188510
0.201462
0.226463
0.115489
0.101195
0.113631
0.113652
0.113171
0.123773
0.120854
0.120343
0.121965
0.120439
0.121644
0.120927
0.124896
0.125153
0.126748
0.125563
0.126057
0.126012
0.126110
0.124942
0.121644
0.135373
0.136811
0.136838
0.137867
0.138098
0.139553
0.140602
0.139876
0.140050
0.140369
0.140529
0.139637
0.137977
0.141541
0.141463
0.141929
0.142139
0.142391
0.143318
0.144684
0.142879
0.142029
0.144077
0.143092
0.146756
0.145635
0.146944
0.146822
0.147283
0.147917
0.151959
0.150602
0.152372
0.154007
0.149010
0.150485
0.116146
0.117159
0.118471
0.117633
0.117279
0.117445
0.117453
0.116595
0.101129
0.115724
0.115391
0.112870
0.101454
0.099721
0.112825
0.096134
0.096091
0.095711
0.099374
0.112004
0.131696
0.110861
0.127756
0.118278
0.131164
0.116118
0.096859
0.118845
0.115013
0.107020
0.117134
0.130801
0.128170
0.108254
0.104772
0.112308
0.147647
0.144551
0.119350
0.142431
0.124174
0.154864
0.153323
0.146603
0.150325
0.149165
0.189431
0.184043
0.181115
0.185079
0.157523
0.185947
0.189591
0.183150
0.184175
0.214894
0.190173
0.195263
0.161213
0.160932
0.158241
0.158866
0.160380
0.159967
0.159373
0.131491
0.108933
0.106866
0.132183
0.131543
0.128986
0.101559
0.076705
0.079950
0.080276
0.188261
0.074760
0.190712
0.191129
0.192971
0.191451
0.193177
0.196533
0.213894
0.192454
0.194736
0.189221
0.192530
0.188629
0.211735
0.082140
0.080852
0.076017
0.082530
0.077809
0.078909
0.077159
0.061852
0.099345
0.100564
0.099142
0.097332
0.078916
0.080148
0.096628
0.080470
0.079871
0.099944
0.076531
0.067843
0.069499
0.079457
0.077055
0.081707
0.074618
0.070676
0.069499
0.065668
0.075930
0.076240
0.076682
0.078190
0.074414
0.073928
0.078898
0.072957
0.075427
0.076257
0.075439
0.074728
0.091393
0.090402
0.090262
0.088239
0.087630
0.095931
0.088769
0.093011
0.095920
0.087296
0.092699
0.093467
0.086088
0.085965
0.084443
0.092733
0.098492
0.101998
0.102942
0.067126
0.069723
0.077357
0.069475
0.070506
0.071870
0.071677
0.072573
0.073864
0.071447
0.058166
0.058742
0.065674
0.058248
0.072150
0.056732
0.057308
0.057869
0.054804
0.052830
0.072501
0.061895
0.058906
0.063554
0.055059
0.056012
0.070261
0.057957
0.076086
0.062081
0.070613
0.069257
0.070054
0.068348
0.072049
0.070908
0.066921
0.067756
0.064520
0.060438
0.061411
0.070128
0.063284
0.066905
0.067865
0.069059
0.069323
0.069048
0.057405
0.056917
0.058686
0.053928
0.056137
0.055963
0.055892
0.057548
0.049880
0.052711
0.053381
0.054148
0.158251
0.156846
0.161172
0.162857
0.164129
0.157069
0.162628
0.152751
0.139240
0.144417
0.145310
0.141287
0.140441
0.150185
0.132101
0.132653
0.130939
0.131146
0.125237
0.128924
0.128195
0.131236
0.129763
0.130975
0.137490
0.140716
0.155225
0.163268
0.167178
0.168215
0.169482
0.169278
0.171027
0.182670
0.180525
0.181216
0.180330
0.179210
0.184848
0.183835
0.184529
0.184342
0.184767
0.187512
0.179990
0.183454
0.182736
0.179352
0.176534
0.173936
0.173700
0.172817
0.177854
0.177857
0.176883
0.175506
0.161996
0.162462
0.120939
0.121792
0.204883
0.207867
0.128851
0.143480
0.100562
0.182996
0.210015
0.256468
0.245932
0.241885
0.279505
0.243910
0.218085
0.254053
0.285159
0.214781
0.223508
0.253532
0.325523
0.320670
0.238725
0.334852
0.240967
0.247490
0.255125
0.354036
0.307013
0.323510
0.334996
0.333883
0.336227
0.240340
0.373354
0.290797
0.202979
0.321585
0.329725
0.085987
0.078728
0.088691
0.161435
0.135421
0.161002
0.206360
0.210576
0.208818
0.209058
0.207536
0.199358
0.195437
0.221841
0.223314
0.226759
0.226232
0.227455
0.222552
0.198528
0.223137
0.199323
0.223859
0.222102
0.222697
0.195091
0.186358
0.177093
0.179758
0.180621
0.176326
0.174750
0.175847
0.164059
0.167689
0.151174
0.151298
0.151203
0.152462
0.147481
0.148707
0.148673
0.157320
0.175891
0.182862
0.177058
0.181274
0.180219
0.184236
0.179637
0.178980
0.177793
0.177461
0.178454
0.180465
0.183616
0.182855
0.179376
0.179901
0.178118
0.180165
0.178847
0.191544
0.168268
0.172164
0.160545
0.128626
0.126756
0.131512
0.144607
0.158406
0.157170
0.156508
0.160082
0.161544
0.159214
0.161378
0.161114
0.155827
0.155261
0.159109
0.161222
0.160198
0.148743
0.142854
0.144048
0.140100
0.140883
0.145786
0.145250
0.140433
0.157748
0.168126
0.165780
0.167738
0.157379
0.169124
0.157989
0.160095
0.160285
0.161920
0.154538
0.159821
0.167105
0.161356
0.149564
0.143354
0.197423
0.193983
0.228442
0.230169
0.210379
0.206494
0.203644
0.169323
0.209481
0.201178
0.199706
0.201082
0.199081
0.210316
0.190519
0.198256
0.199352
0.187229
0.195220
0.155112
0.197725
0.190231
0.198190
0.137608
0.197613
0.197287
0.197144
0.199092
0.214390
0.204193
0.216729
0.210673
0.272333
0.251772
0.274078
0.274162
0.289223
0.272818
0.252879
0.269464
0.252830
0.254648
0.274052
0.274173
0.267857
0.269663
0.273083
0.269344
0.250597
0.254291
0.255348
0.258457
0.259379
0.263196
0.246441
0.256902
0.267502
0.273876
0.273546
0.268676
0.266755
0.269170
0.261059
0.257037
0.250736
0.250966
0.243163
0.244117
0.235496
0.239288
0.242184
0.253758
0.256267
0.242243
0.237731
0.237713
0.246320
0.238598
0.235486
0.220091
0.219818
0.217276
0.222579
0.202315
0.223788
0.188347
0.202306
0.219274
0.222955
0.218198
0.216668
0.204845
0.207565
0.202929
0.203003
0.201923
0.204751
0.200986
0.197866
0.196911
0.197800
0.205235
0.231645
0.207358
0.227879
0.207192
0.207980
0.204998
0.223221
0.213613
0.199074
0.201112
0.212906
0.222063
0.215509
0.213411
0.212403
0.215929
0.212640
0.212565
0.211887
0.189298
0.209152
0.201945
0.187435
0.206728
0.206203
0.204459
0.208472
0.205858
0.184082
0.184655
0.187353
0.213505
0.190360
0.191136
0.215023
0.215109
0.215041
0.213055
0.216664
0.215969
0.213996
0.206870
0.205311
0.202753
0.195804
0.204749
0.202388
0.200010
0.194460
0.195831
0.196096
0.194922
0.194582
0.194668
0.196752
0.195832
0.196300
0.193801
0.196366
0.199208
0.197118
0.192018
0.201959
0.196537
0.192718
0.193836
0.189728
0.193497
0.192704
0.193023
0.192770
0.191427
0.191757
0.189025
0.187764
0.187832
0.189256
0.190407
0.183787
0.181006
0.184647
0.186487
0.182013
0.180056
0.184102
0.190444
0.192406
0.193013
0.192892
0.201735
0.198763
0.204900
0.203608
0.208540
0.215057
0.210996
0.192157
0.169545
0.217471
0.140380
0.129141
0.123193
0.132360
0.184155
0.106549
0.106436
0.103587
0.098823
0.157355
0.164717
0.160607
0.162067
0.167882
0.152721
0.152195
0.152651
0.113518
0.158549
0.151184
0.153428
0.159413
0.154637
0.156753
0.161003
0.157187
0.155884
0.157366
0.159727
0.153692
0.149199
0.149113
0.155660
0.149047
0.151599
0.151177
0.151539
0.151463
0.152173
0.242620
0.307983
0.239716
0.243064
0.240192
0.238556
0.247921
0.227422
0.242506
0.231157
0.229198
0.250473
0.226849
0.265358
0.265542
0.259006
0.272987
0.297595
0.324021
0.356065
0.358497
0.362287
0.361416
0.364151
0.261028
0.364910
0.270472
0.248233
0.262512
0.293964
0.287979
0.328501
0.261654
0.329315
0.308845
0.305038
0.356526
0.309775
0.256207
0.284804
0.274986
0.271707
0.313563
0.321791
0.327024
0.323469
0.263418
0.283367
0.320264
0.330325
0.408534
0.356221
0.347431
0.316335
0.311347
0.267042
0.307625
0.315504
0.305244
0.283477
0.255391
0.242671
0.241650
0.292065
0.321004
0.318931
0.325148
0.293917
0.258208
0.262762
0.283078
0.264408
0.284145
0.364394
0.313726
0.338668
0.310335
0.321634
0.299184
0.321534
0.326860
0.299314
0.312959
0.365559
0.325038
0.342429
0.343089
0.319809
0.352242
0.351879
0.355686
0.369570
0.368566
0.321023
0.338934
0.100200
0.093652
0.096063
0.096305
0.173614
0.251192
0.239203
0.246165
0.238447
0.252960
0.190791
0.245718
0.259413
0.220943
0.217201
0.259056
0.243407
0.242788
0.341923
0.243852
0.239386
0.245369
0.246041
0.365299
0.232572
0.321638
0.364589
0.360423
0.353249
0.242456
0.395241
0.316547
0.353703
0.270429
0.333686
0.129982
0.081015
0.085102
0.075380
0.135870
0.212891
0.161679
0.308944
0.294971
0.378742
0.377284
0.380362
0.379702
0.300613
0.290642
0.292228
0.305094
0.376439
0.375449
0.391203
0.296952
0.291688
0.291351
0.288157
0.294552
0.366303
0.366693
0.365401
0.416585
0.373689
0.375013
0.371770
0.371613
0.356682
0.357346
0.374099
0.275809
0.266958
0.258567
0.261616
0.260194
0.261454
0.258718
0.278716
0.274556
0.273327
0.341837
0.344033
0.309396
0.353335
0.340244
0.338830
0.342453
0.353777
0.339230
0.339237
0.337817
0.338940
0.315899
0.318324
0.299067
0.300857
0.303772
0.284851
0.282253
0.279304
0.347407
0.338474
0.329497
0.273925
0.264372
0.318199
0.291480
0.285423
0.295183
0.295471
0.309999
0.310230
0.315218
0.310674
0.312505
0.322082
0.331345
0.328697
0.223205
0.223267
0.220406
0.223762
0.267712
0.268109
0.268270
0.253920
0.261893
0.267720
0.266313
0.268211
0.267589
0.271358
0.271832
0.275644
0.274628
0.305942
0.263951
0.266147
0.265260
0.268486
0.238993
0.238328
0.193965
0.270629
0.268518
0.291929
0.287121
0.254445
0.252897
0.252691
0.291337
0.296821
0.297399
0.299519
0.296883
0.292103
0.293931
0.295294
0.300723
0.300748
0.300950
0.298190
0.308921
0.292051
0.291491
0.300595
0.301914
0.303212
0.302959
0.304705
0.320044
0.330077
0.324851
0.290422
0.289385
0.173982
0.174117
0.173221
0.173220
0.173585
0.186462
0.140434
0.183583
0.136215
0.134376
0.190138
0.194828
0.171454
0.175882
0.175852
0.174896
0.120000
0.116880
0.180685
0.182854
0.186513
0.175796
0.177280
0.158073
0.163791
0.164882
0.172223
0.181418
0.179416
0.135445
0.164477
0.171659
0.155217
0.177976
0.161120
0.153548
0.156006
0.157471
0.154260
0.157889
0.154822
0.165269
0.159247
0.162001
0.164295
0.163002
0.166283
0.161578
0.160139
0.160489
0.162693
0.164763
0.160996
0.162827
0.159010
0.165105
0.160111
0.167977
0.165326
0.165324
0.166612
0.179972
0.168655
0.169769
0.169869
0.171550
0.177257
0.176285
0.165325
0.171789
0.172679
0.175295
0.178617
0.177208
0.178862
0.177422
0.167997
0.170554
0.154877
0.169054
0.163011
0.242168
0.274370
0.240972
0.300813
0.361639
0.482010
0.511049
0.410338
0.402743
0.395475
0.401739
0.394126
0.392668
0.362197
0.362790
0.363608
0.379621
0.383198
0.385649
0.305098
0.305834
0.318594
0.249229
0.249758
0.238331
0.237013
0.271742
0.228750
0.271062
0.186601
0.163283
0.172333
0.165529
0.161609
0.161711
0.152147
0.147114
0.157394
0.145981
0.167839
0.166923
0.166376
0.172079
0.162052
0.169393
0.153248
0.157154
0.162828
0.159508
0.161610
0.181082
0.177492
0.155491
0.155050
0.154042
0.160753
0.169844
0.163155
0.164406
0.162818
0.162966
0.162274
0.161445
0.158648
0.169659
0.161127
0.159453
0.164429
0.164203
0.164874
0.164683
0.169623
0.173480
0.162382
0.160510
0.161922
0.163512
0.162483
0.250406
0.248221
0.244812
0.238449
0.237226
0.232483
0.228808
0.223859
0.214967
0.216130
0.202481
0.192795
0.181051
0.173584
0.171035
0.163487
0.148068
0.141396
0.137271
0.135467
0.131116
0.130117
0.127186
0.126527
0.125684
0.124376
0.129288
0.125381
0.125730
0.122264
0.126583
0.086555
0.126126
0.115050
0.114288
0.113929
0.118227
0.114679
0.118220
0.117990
0.116225
0.117358
0.112399
0.114283
0.113959
0.115216
0.114957
0.116841
0.114082
0.115221
0.115355
0.114106
0.114153
0.116139
0.116641
0.116068
0.115093
0.119241
0.099605
0.099605
0.099605
0.099605
0.099605
0.099605
0.099605
0.099605
0.099605
0.099605
0.099605
0.099605
0.099605
0.099605
0.099605
0.099605
0.099605
0.099605
0.099605
0.099605
0.099605
0.099605
0.099605
0.099605
0.099605
0.099605
0.099605
0.099605
0.099605
0.099605
0.099605
0.099605
0.099605
0.099605
0.099605
0.099605
0.099605
0.099605
0.099605
0.099605
0.099605
0.099605
0.099605
0.099605
0.099605
0.099605
0.099605
0.099605
0.099605
0.099605
0.099605
0.099605
0.099605
0.099605
0.099605
0.099605
0.099605
0.099605
0.099605
