0.134022
0.134035
0.134020
0.134045
0.133978
0.133208
0.137377
0.139127
0.139066
0.137784
0.141598
0.140303
0.135208
0.134779
0.137627
0.138580
0.137146
0.136321
0.131901
0.131940
0.131615
0.131427
0.134754
0.134807
0.131970
0.132089
0.132932
0.132669
0.133651
0.133178
0.131108
0.132084
0.131695
0.132776
0.131718
0.133489
0.133117
0.132354
0.132660
0.131852
0.131445
0.130649
0.133524
0.131641
0.132312
0.133402
0.132589
0.131714
0.132094
0.132881
0.132077
0.132814
0.131763
0.131631
0.132843
0.131996
0.131115
0.128665
0.129875
0.128914
0.133471
0.132219
0.132750
0.134884
0.134865
0.135178
0.133309
0.132314
0.131904
0.132143
0.129161
0.127899
0.053002
0.053002
0.053002
0.053002
0.053002
0.053002
0.053002
0.053002
0.050894
0.052036
0.053440
0.052784
0.050717
0.051511
0.050842
0.051507
0.049229
0.049773
0.049161
0.051200
0.053668
0.049989
0.052403
0.050095
0.053136
0.052693
0.052406
0.050583
0.052187
0.053599
0.052840
0.051054
0.056120
0.051185
0.052321
0.049297
0.056193
0.041814
0.041813
0.045820
0.047191
0.048107
0.041631
0.047637
0.047890
0.048278
0.048892
0.047335
0.048397
0.050069
0.046516
0.047005
0.047133
0.047228
0.046653
0.045987
0.045816
0.046087
0.046313
0.043440
0.047133
0.047154
0.046819
0.047616
0.047525
0.047459
0.047551
0.047097
0.047111
0.047004
0.047011
0.046987
0.047436
0.047370
0.047084
0.047393
0.050012
0.050644
0.050156
0.049843
0.050484
0.050968
0.050524
0.049817
0.049680
0.049593
0.050171
0.049921
0.049394
0.049688
0.049764
0.050436
0.049621
0.049698
0.049458
0.051687
0.050281
0.049508
0.049550
0.049782
0.050605
0.050364
0.049223
0.048773
0.169392
0.167037
0.170751
0.166043
0.136319
0.158877
0.160722
0.159686
0.157865
0.156854
0.156919
0.156706
0.153122
0.158613
0.158887
0.154882
0.153774
0.154557
0.148470
0.161387
0.169046
0.144039
0.135091
0.157709
0.145428
0.146512
0.146885
0.157657
0.157451
0.168703
0.173345
0.156082
0.142091
0.106993
0.102343
0.107102
0.105164
0.100067
0.105786
0.101245
0.101791
0.100703
0.099672
0.101057
0.101346
0.099938
0.106703
0.099937
0.105182
0.104769
0.104864
0.105050
0.105207
0.104402
0.106148
0.105667
0.105714
0.107019
0.105361
0.105726
0.105197
0.106335
0.106677
0.105361
0.101981
0.105603
0.105503
0.103959
0.101273
0.101144
0.105963
0.101489
0.101009
0.105856
0.105923
0.100736
0.100862
0.100989
0.100848
0.102001
0.100724
0.101104
0.101418
0.102467
0.100358
0.101634
0.102044
0.100921
0.100377
0.099922
0.103852
0.278920
0.266381
0.271790
0.293963
0.266034
0.279429
0.304808
0.317619
0.316337
0.322676
0.296365
0.312191
0.289516
0.299585
0.282693
0.299511
0.300429
0.300557
0.301634
0.301356
0.297185
0.296864
0.293844
0.294551
0.295592
0.303992
0.300193
0.296889
0.295887
0.296549
0.296909
0.294920
0.293750
0.295001
0.294867
0.306695
0.306882
0.307002
0.307663
0.308372
0.308979
0.307125
0.323243
0.319165
0.323664
0.215675
0.231975
0.233486
0.230233
0.227473
0.236068
0.232695
0.237718
0.234418
0.234075
0.234615
0.235602
0.231826
0.237638
0.236512
0.233005
0.230953
0.238442
0.232426
0.231593
0.232381
0.224957
0.230615
0.224733
0.228880
0.230838
0.218248
0.215527
0.216104
0.221779
0.222876
0.224676
0.224659
0.250882
0.236939
0.243500
0.239117
0.249995
0.236281
0.245213
0.077125
0.075420
0.078251
0.077957
0.078817
0.078154
0.081186
0.074643
0.077098
0.079374
0.078383
0.080845
0.079571
0.081884
0.081072
0.081360
0.078566
0.078992
0.078535
0.076217
0.076396
0.080359
0.080042
0.078773
0.079641
0.080636
0.082121
0.081815
0.084524
0.081204
0.081427
0.081193
0.082688
0.081905
0.081944
0.081530
0.080957
0.080671
0.079703
0.082178
0.080584
0.078690
0.079136
0.078713
0.077723
0.124832
0.127624
0.126625
0.127072
0.126415
0.123467
0.125430
0.126130
0.122026
0.123846
0.124520
0.124679
0.133276
0.135816
0.139042
0.134545
0.126005
0.125829
0.128099
0.126668
0.130662
0.133621
0.122504
0.126182
0.124357
0.129656
0.127668
0.130883
0.134074
0.128526
0.116593
0.123827
0.123943
0.105406
0.145874
0.108718
0.103311
0.115904
0.109029
0.105453
0.102206
0.102309
0.141974
0.141292
0.111163
0.116269
0.112754
0.110711
0.143629
0.155774
0.163990
0.164294
0.145606
0.165286
0.152142
0.149626
0.158415
0.159507
0.159169
0.159991
0.164500
0.164126
0.153265
0.158947
0.163713
0.163374
0.160036
0.164240
0.161613
0.222304
0.218189
0.221402
0.225548
0.210499
0.222878
0.267216
0.270184
0.221988
0.221863
0.223519
0.223084
0.221940
0.216364
0.217937
0.213798
0.213837
0.214773
0.215969
0.214378
0.213228
0.233117
0.229443
0.216610
0.217933
0.215504
0.216120
0.214606
0.214177
0.214257
0.213605
0.213194
0.214346
0.214215
0.215012
0.221952
0.213017
0.213253
0.212147
0.212599
0.213347
0.212869
0.215648
0.214988
0.227795
0.227667
0.215645
0.228084
0.222656
0.212922
0.216749
0.234870
0.233668
0.224372
0.241170
0.241767
0.278040
0.214161
0.242601
0.241825
0.161553
0.165870
0.256381
0.083367
0.083300
0.089231
0.084535
0.081334
0.084821
0.086264
0.088012
0.090614
0.082728
0.087381
0.079271
0.079702
0.076858
0.082126
0.084747
0.080861
0.081350
0.082412
0.086204
0.082442
0.073400
0.076463
0.079907
0.078956
0.079739
0.078388
0.079406
0.077920
0.077805
0.083043
0.083159
0.082371
0.066603
0.062260
0.078312
0.080910
0.075255
0.080706
0.078411
0.079341
0.081523
0.077348
0.075515
0.076423
0.075555
0.074680
0.075585
0.075463
0.074879
0.074009
0.074092
0.074712
0.072648
0.072768
0.074490
0.073519
0.072939
0.069843
0.072879
0.072878
0.074139
0.075074
0.076038
0.076051
0.250290
0.256414
0.256419
0.231936
0.258417
0.273872
0.268993
0.276691
0.272012
0.275075
0.287858
0.287832
0.243017
0.272102
0.269206
0.268780
0.242324
0.242258
0.276227
0.271455
0.275454
0.275418
0.260191
0.251999
0.252543
0.285352
0.255958
0.256823
0.256524
0.290534
0.283504
0.285004
0.254944
0.257141
0.255960
0.254847
0.252452
0.255819
0.254499
0.255061
0.255252
0.253403
0.253578
0.255177
0.254907
0.252237
0.253576
0.065427
0.063670
0.080768
0.081679
0.067271
0.083217
0.078143
0.078636
0.052700
0.077224
0.074582
0.077484
0.075327
0.077764
0.072363
0.084564
0.074585
0.082195
0.075993
0.076524
0.076083
0.076375
0.074674
0.074546
0.077833
0.078240
0.075574
0.072738
0.074881
0.073213
0.073146
0.072541
0.072642
0.071634
0.071342
0.074661
0.070077
0.070362
0.076669
0.070761
0.070605
0.069901
0.069647
0.294541
0.282780
0.252919
0.256240
0.282077
0.283491
0.283569
0.282168
0.284513
0.284077
0.282702
0.283035
0.285784
0.287262
0.284210
0.284223
0.283142
0.285215
0.282384
0.285972
0.288117
0.284785
0.285513
0.282738
0.284815
0.286377
0.288752
0.285633
0.256257
0.245166
0.241608
0.239151
0.243358
0.235441
0.225713
0.216947
0.131691
0.142617
0.127076
0.125788
0.130671
0.130833
0.125080
0.126416
0.130242
0.130055
0.124725
0.130982
0.130987
0.129897
0.122208
0.122138
0.122162
0.130703
0.121161
0.136157
0.120452
0.126330
0.137029
0.132058
0.128645
0.131256
0.135409
0.132448
0.169317
0.170636
0.133699
0.217212
0.216139
0.217933
0.210162
0.204321
0.201888
0.210712
0.201963
0.201840
0.199815
0.201835
0.202623
0.201139
0.200208
0.200305
0.186076
0.183851
0.204074
0.204420
0.203099
0.203892
0.179636
0.193799
0.196608
0.198117
0.204060
0.202797
0.200804
0.201674
0.201612
0.201524
0.179723
0.176824
0.127659
0.228891
0.227667
0.227915
0.226872
0.225672
0.224490
0.222968
0.228158
0.225059
0.228707
0.227640
0.227439
0.227473
0.243845
0.240788
0.252326
0.234745
0.240124
0.239798
0.237855
0.234499
0.239557
0.233912
0.233059
0.236649
0.240685
0.237881
0.247959
0.242882
0.245740
0.249021
0.243412
0.250402
0.244391
0.250319
0.250456
0.250658
0.250511
0.249922
0.251148
0.251239
0.252275
0.248550
0.249577
0.241093
0.250691
0.252845
0.245790
0.248308
0.257846
0.256023
0.253700
0.266157
0.254119
0.251336
0.270062
0.269776
0.266173
0.285751
0.242396
0.257801
0.268087
0.258537
0.271692
0.263964
0.259415
0.252058
0.241955
0.233651
0.239318
0.235450
0.229231
0.243687
0.246569
0.245538
0.272273
0.272794
0.277437
0.265789
0.250205
0.253747
0.256703
0.263819
0.249350
0.248689
0.258557
0.274111
0.276194
0.265055
0.248091
0.268293
0.274586
0.277272
0.280558
0.285315
0.278175
0.276218
0.278797
0.276841
0.281042
0.142932
0.178209
0.177893
0.177788
0.177288
0.177939
0.177929
0.178253
0.178158
0.180048
0.179125
0.179211
0.177978
0.178765
0.180088
0.179057
0.178815
0.185193
0.190308
0.190340
0.187182
0.189708
0.189939
0.191205
0.190164
0.189993
0.188798
0.189084
0.190797
0.189786
0.186465
0.151104
0.186988
0.185401
0.186059
0.185603
0.185105
0.188920
0.187065
0.185617
0.149387
0.149294
0.149695
0.163638
0.151979
0.150193
0.151862
0.148799
0.149369
0.161406
0.160987
0.160893
0.160586
0.161131
0.149734
0.137646
0.278717
0.261609
0.255238
0.268660
0.277846
0.271665
0.266448
0.276191
0.259146
0.208911
0.186021
0.187574
0.168771
0.255767
0.258789
0.240299
0.226800
0.239138
0.259965
0.253191
0.152048
0.161801
0.162433
0.160036
0.161921
0.163120
0.160137
0.162314
0.177073
0.173566
0.180617
0.176234
0.184503
0.191081
0.194242
0.173643
0.189728
0.174479
0.179994
0.203959
0.172645
0.182939
0.201730
0.217337
0.220014
0.210426
0.202725
0.214218
0.216051
0.209514
0.229225
0.209390
0.204114
0.210446
0.222109
0.224389
0.219477
0.211307
0.195126
0.205075
0.229919
0.226289
0.238782
0.202939
0.197579
0.215201
0.200085
0.187313
0.216811
0.197918
0.193707
0.203372
0.221972
0.212080
0.215928
0.205936
0.197339
0.209190
0.205757
0.191922
0.209469
0.207167
0.214034
0.221173
0.207548
0.218171
0.204396
0.198475
0.185424
0.202994
0.207891
0.185985
0.186957
0.214325
0.221872
0.200019
0.203366
0.219094
0.214578
0.216060
0.218040
0.246141
0.244637
0.228120
0.227908
0.240755
0.238810
0.232077
0.219544
0.195183
0.237734
0.233720
0.231330
0.218771
0.227055
0.209135
0.210992
0.203230
0.201630
0.191331
0.193957
0.205481
0.201518
0.205771
0.196478
0.200598
0.203505
0.200723
0.196062
0.174282
0.168893
0.210003
0.188801
0.217442
0.216007
0.214989
0.221471
0.221360
0.215993
0.213073
0.213086
0.214289
0.217196
0.216473
0.221998
0.221037
0.214336
0.214909
0.215199
0.217453
0.228409
0.226796
0.231817
0.231902
0.225158
0.238750
0.195965
0.195762
0.187746
0.192030
0.177472
0.173402
0.192429
0.193290
0.135566
0.143143
0.138316
0.179252
0.185580
0.174084
0.165047
0.165581
0.160520
0.176342
0.176890
0.152318
0.143160
0.135902
0.168391
0.152206
0.124670
0.146043
0.150101
0.136485
0.134415
0.124506
0.284349
0.290585
0.290078
0.277680
0.269669
0.274544
0.269758
0.270434
0.271155
0.280460
0.286253
0.278377
0.270907
0.268223
0.267084
0.266460
0.179887
0.179706
0.186042
0.190049
0.185945
0.179905
0.184585
0.184580
0.186431
0.186127
0.184842
0.185173
0.185111
0.186055
0.182648
0.182088
0.178179
0.185663
0.192543
0.192750
0.194192
0.193729
0.194311
0.193799
0.193238
0.193650
0.179422
0.183327
0.184630
0.184399
0.181087
0.182753
0.182082
0.182742
0.182367
0.184784
0.183412
0.173144
0.179244
0.180744
0.178779
0.180102
0.183283
0.195014
0.169050
0.172480
0.169273
0.171633
0.192490
0.192450
0.191918
0.170176
0.204820
0.205399
0.217738
0.128358
0.129766
0.134515
0.127741
0.125294
0.125319
0.120474
0.119228
0.122767
0.131283
0.137971
0.133019
0.116737
0.108485
0.092508
0.111557
0.128534
0.148426
0.062544
0.144050
0.093988
0.119058
0.164704
0.153844
0.179351
0.184221
0.191777
0.191880
0.178784
0.165823
0.176802
0.260075
0.256260
0.279323
0.269909
0.264961
0.257729
0.271039
0.295436
0.272611
0.248209
0.259541
0.155652
0.156080
0.163548
0.104386
0.103714
0.097625
0.157180
0.218566
0.219716
0.156104
0.156499
0.158351
0.158056
0.155547
0.150642
0.166412
0.158155
0.155182
0.163528
0.151630
0.152798
0.148218
0.206598
0.257076
0.149301
0.150894
0.234043
0.168839
0.178577
0.181468
0.090453
0.075093
0.177757
0.171186
0.178903
0.171730
0.155846
0.156416
0.168083
0.161816
0.238817
0.273218
0.270252
0.270415
0.266823
0.250868
0.265105
0.249596
0.251091
0.266010
0.253975
0.267186
0.260687
0.263096
0.263105
0.260136
0.253923
0.227818
0.261249
0.261746
0.263679
0.263776
0.236408
0.241073
0.236969
0.234439
0.227440
0.208533
0.203151
0.185519
0.186204
0.194458
0.199975
0.200352
0.201988
0.198707
0.220642
0.200770
0.200616
0.197201
0.049500
0.052662
0.051494
0.049859
0.052258
0.052257
0.051567
0.051323
0.049599
0.050713
0.051267
0.051037
0.047746
0.051673
0.052118
0.051370
0.053005
0.050209
0.050388
0.049911
0.051044
0.051573
0.047389
0.047437
0.048360
0.047481
0.047585
0.049671
0.047598
0.047068
0.045862
0.081497
0.097379
0.081150
0.084275
0.086929
0.089056
0.092228
0.085406
0.092075
0.103725
0.110932
0.118323
0.121097
0.093265
0.108590
0.125900
0.105763
0.119498
0.091712
0.094085
0.083054
0.108603
0.081057
0.074729
0.113417
0.275376
0.278231
0.256252
0.273614
0.259821
0.260827
0.274646
0.270842
0.263563
0.255924
0.267359
0.270199
0.257628
0.253925
0.253312
0.233946
0.229045
0.231591
0.249394
0.076599
0.077709
0.081623
0.083904
0.082820
0.083270
0.081672
0.083698
0.093364
0.085517
0.085695
0.085791
0.108752
0.108583
0.108642
0.107568
0.106879
0.105829
0.108529
0.109015
0.107320
0.107733
0.101241
0.166351
0.165148
0.169512
0.169896
0.165662
0.167397
0.171024
0.175019
0.175824
0.184888
0.174882
0.175294
0.174426
0.173009
0.179006
0.172129
0.172863
0.174120
0.295505
0.307552
0.313570
0.321033
0.328181
0.305096
0.311310
0.331936
0.314892
0.309585
0.324586
0.283364
0.397630
0.286477
0.308386
0.273609
0.313989
0.270796
0.288866
0.284063
0.301156
0.330292
0.311202
0.324017
0.309856
0.310258
0.283499
0.308673
0.290526
0.305386
0.277796
0.288980
0.287394
0.325665
0.336499
0.312289
0.332784
0.330491
0.312467
0.313487
0.327086
0.324660
0.336698
0.386490
0.268126
0.273978
0.269067
0.276727
0.276971
0.275986
0.272714
0.259747
0.253411
0.263505
0.271934
0.283345
0.289648
0.269270
0.166860
0.183983
0.180539
0.168165
0.170391
0.168364
0.170514
0.165677
0.182043
0.181750
0.183744
0.163946
0.152665
0.172160
0.154464
0.152628
0.157237
0.134766
0.143222
0.144549
0.046706
0.050686
0.046284
0.046216
0.047167
0.048875
0.049145
0.047709
0.048726
0.044135
0.044983
0.044668
0.044941
0.043968
0.048831
0.047794
0.048851
0.051542
0.044705
0.043138
0.043045
0.045515
0.045333
0.249680
0.249150
0.211976
0.214600
0.208259
0.225680
0.240973
0.204107
0.203722
0.212603
0.215845
0.213637
0.232489
0.219127
0.207213
0.166878
0.153130
0.120750
0.178251
0.193491
0.196458
0.180580
0.214121
0.219949
0.196691
0.186954
0.217864
0.224216
0.230669
0.209389
0.219048
0.225297
0.229774
0.224043
0.219763
0.226994
0.241286
0.231904
0.225353
0.221453
0.150154
0.149583
0.142319
0.139052
0.162221
0.167381
0.154236
0.161819
0.153351
0.160050
0.150730
0.141330
0.136253
0.153422
0.151019
0.151370
0.156155
0.155669
0.152897
0.150497
0.134914
0.135806
0.141924
0.149635
0.133070
0.134725
0.132228
0.152745
0.151738
0.051678
0.052611
0.051079
0.051770
0.051716
0.052407
0.052666
0.052268
0.052151
0.051015
0.050444
0.044815
0.051982
0.052094
0.128212
0.123283
0.123467
0.121824
0.119960
0.121202
0.109213
0.115990
0.131045
0.116576
0.113751
0.106359
0.113860
0.120832
0.096264
0.109532
0.118891
0.107635
0.102426
0.115917
0.122719
0.277968
0.293101
0.278985
0.273804
0.282230
0.255860
0.287932
0.289129
0.295154
0.311717
0.313141
0.295924
0.284745
0.267969
0.261390
0.261618
0.264725
0.261433
0.254932
0.227984
0.233281
0.317167
0.345286
0.285125
0.323525
0.340993
0.308112
0.375093
0.382670
0.413325
0.428103
0.359409
0.417324
0.417514
0.347738
0.342962
0.051689
0.050180
0.055022
0.055332
0.049452
0.049163
0.051047
0.052546
0.051601
0.051177
0.261268
0.265048
0.271483
0.263174
0.263584
0.325512
0.282717
0.468990
0.434917
0.436727
0.454426
0.381597
0.447907
0.359584
0.392610
0.360433
0.373642
0.371717
0.354596
0.398170
0.407874
0.412161
0.388201
0.330322
0.144396
0.126890
0.163659
0.199732
0.138019
0.215776
0.198554
0.043113
0.044910
0.044290
0.041634
0.037562
0.038698
0.038283
0.035999
0.034557
0.031172
0.032390
0.030623
0.030353
0.030309
0.030686
0.030751
0.033721
0.035045
0.040258
0.041152
0.048445
0.042935
0.039111
0.046298
0.048952
0.047454
0.038190
0.037280
0.038696
0.037832
0.039186
0.035962
0.037639
0.036208
0.034319
0.034841
0.032826
0.033436
0.098718
0.102856
0.138607
0.199176
0.171090
0.170407
0.218168
0.203846
0.242437
0.230071
0.244772
0.254453
0.173049
0.164874
0.171534
0.181661
0.213330
0.190370
0.182263
0.178912
0.178100
0.171017
0.200911
0.185268
0.230216
0.236769
0.241583
0.261593
0.261493
0.264813
0.257909
0.256061
0.281841
0.262499
0.264636
0.281192
0.284941
0.289833
0.287094
0.291931
0.299560
0.378875
0.335061
0.355214
0.423317
0.376675
0.366575
0.383279
0.369227
0.362848
0.335366
0.305422
0.327731
0.323191
0.312045
0.306421
0.293621
0.291629
0.269944
0.330569
0.205164
0.376807
0.273431
0.308637
0.302906
0.300543
0.348594
0.319735
0.321569
0.316056
0.295180
0.313030
0.359351
0.336676
0.335852
0.354462
0.387690
0.325844
0.335562
0.354870
0.353868
0.352044
0.338433
0.340076
0.395828
0.402947
0.389164
0.401347
0.455377
0.364262
0.379650
0.400842
0.385240
0.398575
0.400302
0.414589
0.395651
0.494311
0.546476
0.579192
0.595959
0.218552
0.215369
0.200706
0.199321
0.225697
0.217893
0.220852
0.208357
0.220766
0.213673
0.225172
0.226416
0.221913
0.218662
0.227173
0.220980
0.163466
0.147665
0.146786
0.128392
0.118750
0.120053
0.124796
0.121151
0.122056
0.119303
0.115966
0.127707
0.123996
0.247556
0.252233
0.241461
0.253829
0.257217
0.244458
0.239154
0.245326
0.248880
0.246083
0.217932
0.210286
0.049413
0.049374
0.047592
0.052269
0.053669
0.055807
0.046313
0.038969
0.045552
0.043638
0.042481
0.043598
0.528732
0.395838
0.499494
0.451185
0.436702
0.535700
0.538794
0.432148
0.407322
0.447018
0.392925
0.381370
0.380474
0.376617
0.388881
0.357117
0.369665
0.361950
0.353983
0.349813
0.330342
0.348990
0.360383
0.364155
0.043654
0.049345
0.041864
0.046817
0.039688
0.040708
0.044953
0.039333
0.037276
0.072238
0.073458
0.074340
0.074941
0.073581
0.080212
0.077087
0.095535
0.078670
0.073521
0.088904
0.307919
0.321433
0.338028
0.305321
0.276356
0.293797
0.333251
0.341815
0.314025
0.277929
0.269190
0.319069
0.257101
0.236048
0.234299
0.257573
0.194955
0.197905
0.243594
0.252115
0.259952
0.250534
0.235744
0.233316
0.215357
0.257414
0.263653
0.246717
0.235513
0.236703
0.204559
0.181063
0.185922
0.178977
0.186019
0.178260
0.121574
0.146147
0.126161
0.127546
0.133495
0.152742
0.139267
0.141177
0.352969
0.352343
0.344261
0.357321
0.379068
0.377848
0.402664
0.381425
0.373480
0.360758
0.355829
0.355057
0.365149
0.369209
0.237686
0.236335
0.237350
0.256298
0.270769
0.289943
0.290504
0.244607
0.243088
0.289704
0.235951
0.223115
0.317749
0.327550
0.315622
0.315432
0.314562
0.320296
0.321220
0.332156
0.279729
0.292335
0.324458
0.306902
0.315110
0.325028
0.329466
0.410829
0.403327
0.403468
0.406885
0.392799
0.408221
0.406938
0.404636
0.411380
0.409240
0.412349
0.360419
0.348149
0.378530
0.052711
0.054462
0.056534
0.055521
0.057563
0.056475
0.056734
0.057187
0.055091
0.055455
0.055406
0.055487
0.056078
0.057523
0.057133
0.057226
0.058401
0.057098
0.056387
0.057695
0.056820
0.056986
0.057586
0.056194
0.056368
0.057034
0.057204
0.057098
0.056382
0.056649
0.057369
0.056058
0.219172
0.222922
0.221876
0.199092
0.204477
0.211680
0.216609
0.194749
0.206917
0.210561
0.205920
0.209885
0.205155
0.195725
0.210699
0.205413
0.200015
0.201773
0.204618
0.097198
0.084763
0.081371
0.084230
0.082616
0.080933
0.069100
0.071381
0.073365
0.071066
0.071192
0.065570
0.178648
0.198463
0.200365
0.179246
0.146975
0.158743
0.179994
0.165237
0.144322
0.140716
0.131585
0.143673
0.126365
0.141607
0.121691
0.156426
0.145858
0.144725
0.148907
0.175350
0.168157
0.184401
0.166254
0.168224
0.169064
0.169709
0.164247
0.162272
0.163871
0.162286
0.158307
0.158590
0.159440
0.161921
0.167681
0.173011
0.170007
0.165887
0.166495
0.167795
0.176169
0.159873
0.158280
0.135778
0.133612
0.135533
0.131804
0.138795
0.144701
0.126754
0.128609
0.123471
0.127452
0.126635
0.136324
0.125459
0.187889
0.192205
0.199424
0.201737
0.211222
0.214985
0.216995
0.149840
0.216140
0.149360
0.209331
0.151225
0.159507
0.165360
0.163159
0.164122
0.208915
0.131446
0.215154
0.159298
0.144481
0.063803
0.059736
0.049255
0.046593
0.044685
0.045513
0.047171
0.056364
0.051952
0.057011
0.070232
0.063827
0.070379
0.081251
0.080661
0.306224
0.306178
0.262361
0.279227
0.264822
0.261590
0.296043
0.266197
0.309523
0.316644
0.286601
0.278031
0.285061
0.284274
0.294246
0.298315
0.286545
0.288343
0.290252
0.296070
0.300516
0.302100
0.317603
0.304216
0.302999
0.303441
0.304766
0.305116
0.307171
0.306303
0.316030
0.305699
0.308477
0.307310
0.298677
0.299545
0.072687
0.065091
0.064248
0.064352
0.064620
0.067435
0.067754
0.068362
0.068232
0.069154
0.067848
0.065731
0.064645
0.063418
0.074886
0.072554
0.077747
0.069522
0.062827
0.070363
0.077153
0.070895
0.070704
0.073523
0.071470
0.075668
0.066096
0.071304
0.072548
0.075194
0.073775
0.073307
0.072471
0.073546
0.072338
0.056833
0.075192
0.065617
0.047973
0.039132
0.043834
0.043734
0.048288
0.047513
0.046726
0.051182
0.046604
0.047790
0.049520
0.036918
0.041999
0.047092
0.049892
0.042737
0.045243
0.047331
0.038676
0.038333
0.040339
0.040342
0.039793
0.038951
0.039799
0.040184
0.044309
0.036283
0.032614
0.035620
0.035422
0.049312
0.037818
0.038386
0.040932
0.050667
0.036877
0.076126
0.072633
0.062482
0.081039
0.073841
0.070385
0.092976
0.027640
0.033683
0.031862
0.033624
0.032606
0.033760
0.031625
0.026907
0.025990
0.027839
0.027407
0.030234
0.036068
0.042159
0.030487
0.029021
0.045318
0.055295
0.044339
0.049428
0.051638
0.045902
0.040056
0.037648
0.031980
0.032980
0.031431
0.030892
0.032392
0.060681
0.078067
0.068207
0.092699
0.104660
0.103501
0.086305
0.085119
0.077438
0.150360
0.154077
0.146707
0.157462
0.151255
0.152930
0.154596
0.139345
0.152118
0.136374
0.136280
0.134485
0.139422
0.138431
0.137576
0.134085
0.138305
0.136948
0.030288
0.027720
0.027726
0.030844
0.028504
0.028144
0.030004
0.032303
0.032320
0.032929
0.032448
0.031165
0.032928
0.032462
0.034005
0.035124
0.034064
0.036426
0.036367
0.034378
0.034093
0.033438
0.035551
0.034314
0.034284
0.035462
0.034969
0.035516
0.036134
0.116488
0.116177
0.114637
0.115053
0.114611
0.114813
0.113736
0.114146
0.113049
0.111977
0.110982
0.111483
0.111380
0.110666
0.110482
0.110243
0.110447
0.109936
0.108741
0.110376
0.110098
0.107832
0.108266
0.106491
0.108898
0.107942
0.108587
0.107578
0.105411
0.105175
0.104763
0.103702
0.101076
0.105360
0.104091
0.102642
0.101116
0.097109
0.097873
0.094815
0.095180
0.093442
0.088376
0.091052
0.077234
0.089472
0.071567
0.088745
0.086459
0.086237
0.081780
0.085259
0.074962
0.069291
0.061755
0.059539
0.068992
0.038527
0.037570
0.034756
0.034317
0.034863
0.033709
0.035675
0.037522
0.034460
0.039327
0.034343
0.034485
0.034577
0.036647
0.035311
0.039366
0.039933
0.037809
0.038143
0.037671
0.036765
0.036579
0.037706
0.038063
0.038424
0.038686
0.038395
0.038024
0.037811
0.037936
0.036128
0.038592
0.038331
0.040150
0.039714
0.039023
0.040914
0.040711
0.041482
0.036036
0.036799
0.036025
0.036555
0.036388
0.036021
0.036340
0.040437
0.035288
0.035456
0.030422
0.033174
0.033729
0.026957
0.027684
0.028028
0.026011
0.027007
0.029394
0.033818
0.045898
0.036415
0.036657
0.037504
0.038652
0.038998
0.040974
0.036827
0.036855
0.037738
0.037227
0.036706
0.037685
0.038326
0.050276
0.116969
0.125799
0.096171
0.099522
0.119978
0.088162
0.089147
0.093306
0.093862
0.095680
0.097291
0.096520
0.099471
0.101444
0.047636
0.047063
0.036935
0.038636
0.037225
0.036210
0.036534
0.037498
0.028139
0.033832
0.029665
0.031145
0.031942
0.030004
0.031497
0.031704
0.033588
0.032704
0.034068
0.034116
0.035734
0.035526
0.035108
0.035686
0.032972
0.036058
0.035104
0.030903
0.035946
0.032597
0.034599
0.034845
0.033478
0.033295
0.034647
0.041499
0.035729
0.032706
0.031626
0.049257
0.049401
0.044752
0.044283
0.044563
0.044005
0.045323
0.044695
0.043883
0.043895
0.043877
0.043876
0.043541
0.041001
0.043879
0.044229
0.042773
0.043365
0.043691
0.041983
0.041862
0.042304
0.042659
0.041171
0.042851
0.042887
0.042268
0.043045
0.043351
0.041345
0.042666
0.042615
0.041871
0.041160
0.047087
0.044536
0.045207
0.044973
0.049117
0.045718
0.043147
0.042959
0.044175
0.044465
0.043824
0.039808
0.040544
0.038627
0.038809
0.039507
0.035932
0.039269
0.042156
0.041473
0.041009
0.040297
0.041704
0.044375
0.040313
0.039664
0.042057
0.040751
0.041354
0.050246
0.055480
0.037604
0.032703
0.030720
0.029847
0.030464
0.033657
0.035349
0.058943
0.059637
0.062057
0.055233
0.054788
0.052887
0.045530
0.045991
0.048074
0.049647
0.050428
0.061649
0.067221
0.063027
0.066923
0.069097
0.070991
0.074705
0.073616
0.076464
0.077652
0.079480
0.081797
0.082470
0.082850
0.084514
0.085246
0.083074
0.082703
0.028761
0.029086
0.026492
0.030271
0.031109
0.030418
0.034258
0.030560
0.031813
0.029632
0.030448
0.030792
0.028527
0.036245
0.032280
0.035449
0.041559
0.032219
0.030060
0.037721
0.030123
0.038613
0.040713
0.040405
0.035981
0.049437
0.042438
0.045680
0.046588
0.045851
0.048767
0.062198
0.077252
0.070359
0.098368
0.119772
0.060392
0.063896
0.045431
0.028480
0.029023
0.046532
0.067250
0.054654
0.059788
0.065393
0.027208
0.032470
0.024938
0.059810
0.048641
0.042185
0.045101
0.059206
0.058090
0.067564
0.060638
0.059478
0.055995
0.057261
0.048269
0.060766
0.059565
0.050468
0.058662
0.061868
0.071680
0.063493
0.071228
0.046636
0.046733
0.046890
0.046964
0.046362
0.046030
0.046346
0.046639
0.046861
0.046255
0.047125
0.047330
0.047275
0.047284
0.047404
0.047560
0.046644
0.046262
0.046676
0.047008
0.046434
0.046520
0.047616
0.046491
0.046020
0.045848
0.047725
0.047963
0.047114
0.046352
0.046194
0.046329
0.045868
0.046577
0.047641
0.046847
0.047684
0.046791
0.048332
0.048113
0.048139
0.048292
0.048021
0.047892
0.047209
0.047348
0.047330
0.047402
0.046489
0.045632
0.045817
0.045870
0.046061
0.045824
0.045420
0.045849
0.045508
0.045649
0.045809
0.045730
0.045861
0.045823
0.045847
0.045715
0.046125
0.045644
0.045651
0.045752
0.045954
0.046254
0.045904
0.046223
0.046302
0.046255
0.045904
0.046330
0.045278
0.045412
0.045422
0.094259
0.094669
0.095486
0.094026
0.094837
0.096079
0.093055
0.097694
0.092878
0.094431
0.097517
0.088842
0.084485
0.088663
0.090923
0.086935
0.094085
0.095307
0.097459
0.092373
0.090095
0.089570
0.046040
0.046402
0.046098
0.045132
0.045140
0.045049
0.044913
0.045233
0.044707
0.044662
0.044965
0.045202
0.062243
0.062003
0.060919
0.052883
0.054099
0.053770
0.054399
0.055008
0.055267
0.055228
0.055165
0.061046
0.063300
0.065715
0.069205
0.068659
0.070172
0.074588
0.071318
0.100279
0.099612
0.106521
0.105591
0.105409
0.103097
0.107726
0.099951
0.095685
0.098673
0.100969
0.101227
0.099389
0.103539
0.100091
0.101347
0.079949
0.075769
0.085743
0.088086
0.085552
0.079792
0.108061
0.106482
0.095528
0.088090
0.096569
0.109647
0.103399
0.099215
0.095560
0.098723
0.102649
0.098894
0.102507
0.105120
0.096630
0.098696
0.099409
0.099981
0.109228
0.098157
0.116003
0.113523
0.121739
0.118696
0.112744
0.117055
0.114573
0.116633
0.100673
0.106514
0.106839
0.114736
0.115466
0.114447
0.118394
0.155705
0.113412
0.112118
0.098220
0.094965
0.104955
0.100285
0.110333
0.115531
0.117561
0.117977
0.135495
0.155301
0.184641
0.151013
0.169957
0.175320
0.264291
0.226762
0.273679
0.270980
0.335129
0.339500
0.368072
0.373887
0.362163
0.079072
0.089230
0.060437
0.088601
0.087929
0.083653
0.089721
0.085837
0.051874
0.051493
0.053197
0.081799
0.078479
0.063462
0.086106
0.084734
0.062529
0.117522
0.048182
0.056686
0.047515
0.108560
0.108797
0.112795
0.109676
0.030308
0.033605
0.061786
0.063066
0.064004
0.062604
0.035851
0.036444
0.060914
0.060188
0.100063
0.090277
0.089730
0.095768
0.109476
0.090255
0.092838
0.122468
0.089601
0.058394
0.086075
0.095318
0.170535
0.125226
0.107217
0.098588
0.122855
0.067863
0.064672
0.063295
0.104392
0.095440
0.092658
0.104284
0.092530
0.105355
0.101987
0.106352
0.087928
0.093908
0.092428
0.094225
0.074548
0.077371
0.074592
0.074993
0.080124
0.074029
0.080673
0.074024
0.069307
0.074604
0.070953
0.068151
0.070455
0.073296
0.069215
0.073469
0.073091
0.072263
0.189621
0.203163
0.202079
0.232605
0.155342
0.203311
0.211547
0.087172
0.089989
0.084496
0.092434
0.123743
0.122617
0.121371
0.046949
0.120340
0.118257
0.115656
0.118869
0.120506
0.120885
0.120738
0.123158
0.117869
0.116950
0.119142
0.113677
0.110496
0.102390
0.112758
0.114129
0.098582
0.102491
0.092858
0.088737
0.099379
0.098423
0.057445
0.057746
0.089587
0.069746
0.058558
0.040022
0.047954
0.054258
0.035073
0.054251
0.091551
0.076816
0.093048
0.041458
0.060391
0.058044
0.047735
0.051503
0.052706
0.055311
0.071671
0.132283
0.135983
0.081519
0.156924
0.100352
0.153503
0.106915
0.101010
0.044825
0.047730
0.051319
0.035674
0.032554
0.041587
0.080851
0.071073
0.071192
0.072767
0.069048
0.074384
0.070002
0.085073
0.136305
0.146980
0.262984
0.248715
0.242049
0.239445
0.201297
0.046077
0.045356
0.039079
0.030384
0.030264
0.032281
0.027152
0.027865
0.028757
0.027788
0.032141
0.028522
0.028675
0.028984
0.026197
0.029257
0.030329
0.026442
0.025440
0.026500
0.053524
0.052374
0.025134
0.052775
0.024421
0.025563
0.025123
0.022903
0.024984
0.024362
0.026185
0.027106
0.046887
0.051750
0.032409
0.042245
0.036257
0.036845
0.038675
0.037871
0.038022
0.040742
0.038918
0.042069
0.039971
0.039646
0.038893
0.038617
0.039246
0.038972
0.039947
0.037776
0.035286
0.032691
0.038814
0.038712
0.035477
0.032516
0.031802
0.032327
0.034686
0.033051
0.033015
0.032451
0.038483
0.033222
0.033020
0.033133
0.032878
0.035627
0.035172
0.035863
0.034904
0.120931
0.103623
0.121559
0.136953
0.138741
0.127172
0.127322
0.120777
0.106844
0.038715
0.036420
0.037369
0.038292
0.036851
0.035738
0.040152
0.692148
0.497302
0.426092
0.411997
0.405497
0.389547
0.439171
0.075426
0.087917
0.121539
0.173781
0.205022
0.254066
0.251134
0.274250
0.076617
0.510464
0.387022
0.394790
0.402099
0.568016
0.561926
0.524780
0.518916
0.548405
0.621361
0.596722
0.598043
0.521788
0.514730
0.419026
0.410949
0.405029
0.340680
0.312784
0.297996
0.300067
0.247407
0.245280
0.225379
0.220556
0.211867
0.190945
0.175340
0.162190
0.153794
0.144385
0.139007
0.132409
0.122460
0.115904
0.105495
0.095628
0.086159
0.088650
0.074532
0.065848
0.065858
0.063590
0.060297
0.048256
0.045622
0.042159
0.041062
0.037423
0.035115
0.035989
0.037149
0.034916
0.034982
0.034770
0.036777
0.032793
0.034702
0.031398
0.033173
0.032176
0.032264
0.031311
0.029402
0.030480
0.032372
0.032206
0.031119
0.030990
0.031915
0.031820
0.032109
0.031585
0.031457
0.031295
0.031245
0.036566
0.031562
0.033352
0.033652
0.029112
0.028679
0.029516
0.032851
0.036057
0.035373
0.035546
0.033112
0.034350
0.034896
0.037094
0.037975
0.037308
0.035345
0.173324
0.182870
0.181269
0.181313
0.180305
0.185361
0.184731
0.181337
0.182863
0.182869
0.121619
0.185952
0.184489
0.185239
0.182588
0.183209
0.185940
0.185657
0.185782
0.185859
0.192293
0.184798
0.150092
0.153253
0.209104
0.188748
0.190227
0.194891
0.186340
0.183479
0.188923
0.184917
0.184840
0.183800
0.179549
0.185842
0.185041
0.186119
0.184534
0.198073
0.195304
0.195317
0.192738
0.184825
0.188033
0.214822
0.206372
0.211980
0.205376
0.203233
0.206752
0.197574
0.205415
0.199715
0.205434
0.203249
0.212530
0.204948
0.204684
0.187375
0.187407
0.187801
0.191069
0.188891
0.181123
0.182482
0.179648
0.177160
0.181059
0.191823
0.209521
0.209509
0.208978
0.190803
0.190172
0.191772
0.176307
0.178493
0.177411
0.178922
0.178795
0.178648
0.200999
0.194581
0.193289
0.194803
0.192569
0.190812
0.121081
0.200965
0.199197
0.199338
0.197006
0.189426
0.193110
0.181258
0.189840
0.190227
0.189590
0.189333
0.191228
0.189708
0.046546
0.046615
0.043936
0.046478
0.046453
0.063037
0.066344
0.074433
0.066274
0.075134
0.053733
0.046495
0.071068
0.052673
0.048573
0.048036
0.062426
0.048377
0.048218
0.051214
0.049694
0.048912
0.048886
0.048825
0.052603
0.051171
0.051592
0.052772
0.050418
0.049954
0.047817
0.061816
0.074938
0.069993
0.074175
0.074086
0.074578
0.074666
0.076625
0.074914
0.074639
0.040380
0.040933
0.041428
0.041050
0.074918
0.070363
0.041513
0.040596
0.173976
0.173696
0.169784
0.169779
0.169681
0.168943
0.172396
0.168946
0.169365
0.171750
0.169220
0.172664
0.173873
0.178473
0.182013
0.181031
0.180902
0.178022
0.165387
0.166945
0.165388
0.167384
0.167630
0.162297
0.165981
0.155558
0.166510
0.186442
0.158070
0.180746
0.179562
0.165120
0.161206
0.178125
0.169214
0.178819
0.174443
0.158267
0.160339
0.182555
0.146754
0.170785
0.181362
0.171789
0.171157
0.171827
0.171223
0.165777
0.166401
0.166159
0.165499
0.165686
0.171098
0.170538
0.165941
0.169211
0.168635
0.168826
0.156494
0.157053
0.153823
0.177442
0.160863
0.155184
0.149922
0.149706
0.150324
0.150627
0.156696
0.147117
0.167985
0.168324
0.167715
0.181377
0.181528
0.178953
0.186410
0.171776
0.167664
0.153999
0.166476
0.158326
0.168731
0.169474
0.165841
0.164390
0.151636
0.148002
0.140863
0.135839
0.142070
0.145671
0.137805
0.131781
0.129839
0.139343
0.133006
0.118817
0.127436
0.134912
0.125700
0.126483
0.128863
0.134530
0.136843
0.133170
0.134069
0.131608
0.127540
0.131762
0.128705
0.151175
0.131631
0.143605
0.149046
0.163808
0.170176
0.169479
0.165256
0.173040
0.169721
0.167212
0.173340
0.175487
0.047958
0.047563
0.047765
0.049329
0.051790
0.051528
0.051902
0.052562
0.048821
0.054837
0.055331
0.051726
0.055561
0.056135
0.057047
0.053768
0.054747
0.054517
0.055298
0.056239
0.055128
0.054983
0.055040
0.054718
0.054977
0.057414
0.056626
0.058523
0.057762
0.044191
0.044251
0.030592
0.030705
0.041718
0.042610
0.029538
0.042650
0.042560
0.041620
0.041003
0.030380
0.033435
0.034061
0.033542
0.032768
0.038251
0.030752
0.030629
0.054091
0.059088
0.059418
0.059633
0.059291
0.057899
0.058823
0.058585
0.057863
0.059574
0.057128
0.057702
0.089684
0.091078
0.089286
0.088277
0.086148
0.086529
0.087443
0.086510
0.085384
0.086724
0.087302
0.087111
0.085844
0.086369
0.085703
0.089850
0.086489
0.098848
0.109551
0.098291
0.099900
0.104159
0.097040
0.103067
0.104426
0.104587
0.087617
0.097578
0.097669
0.097460
0.097278
0.097743
0.096652
0.103546
0.104414
0.095617
0.111606
0.097043
0.095751
0.097278
0.104570
0.099638
0.097899
0.103226
0.110333
0.108732
0.104263
0.103301
0.078632
0.078258
0.079152
0.093129
0.096345
0.097493
0.102781
0.103008
0.102207
0.103531
0.104163
0.030196
0.030074
0.029733
0.030113
0.030549
0.030346
0.030865
0.028605
0.028837
0.028378
0.029433
0.030082
0.033004
0.033344
0.034915
0.034764
0.040043
0.040044
0.032283
0.030672
0.031007
0.030490
0.030376
0.042530
0.042344
0.032727
0.031448
0.031167
0.031220
0.031232
0.031629
0.030564
0.031961
0.031124
0.041059
0.031393
0.032629
0.033350
0.033117
0.029998
0.032199
0.032512
0.031626
0.032573
0.032974
0.031805
0.031777
0.031083
0.032018
0.030791
0.031666
0.030674
0.030739
0.030656
0.032375
0.032276
0.031427
0.030342
0.030509
0.031329
0.032918
0.033557
0.037029
0.033749
0.032498
0.031871
0.032717
0.033590
0.033618
0.033351
0.031733
0.032505
0.031801
0.035659
0.035209
0.033034
0.034103
0.033220
0.034681
0.033069
0.041551
0.033296
0.034205
0.034756
0.030268
0.030457
0.030557
0.030993
0.030982
0.031054
0.030706
0.031669
0.031482
0.031954
0.031496
0.031703
0.032260
0.032609
0.032943
0.032773
0.032426
0.031650
0.031644
0.030950
0.031497
0.031849
0.031904
0.032288
0.032812
0.033232
0.032360
0.032568
0.032429
0.035040
0.032239
0.032485
0.031961
0.031703
0.032089
0.031603
0.033007
0.038415
0.035031
0.038087
0.032625
0.035444
0.034231
0.033932
0.034276
0.034600
0.035430
0.036055
0.035219
0.034655
0.036978
0.037868
0.036338
0.032950
0.033105
0.031522
0.031764
0.030065
0.037780
0.032621
0.035340
0.039008
0.032759
0.041807
0.034264
0.033769
0.037872
0.036415
0.036487
0.044521
0.038272
0.042901
0.034164
0.042073
0.036113
0.036153
0.038290
0.037030
0.034435
0.038267
0.030733
0.038893
0.032693
0.037416
0.037798
0.037013
0.036947
0.036769
0.037327
0.032801
0.033942
0.034004
0.042454
0.032514
0.042220
0.042213
0.041964
0.041638
0.040336
0.040199
0.041728
0.040226
0.040240
0.040225
0.041760
0.041838
0.041322
0.040717
0.039372
0.054818
0.035344
0.036412
0.034790
0.032093
0.035259
0.031087
0.031842
0.039310
0.040255
0.039670
0.026427
0.026752
0.027190
0.028831
0.029278
0.027638
0.029072
0.029128
0.027550
0.028652
0.027310
0.026709
0.026133
0.027531
0.025561
0.024942
0.025220
0.034378
0.033051
0.038671
0.036565
0.032738
0.032794
0.032763
0.032529
0.032727
0.032739
0.032826
0.032837
0.032720
0.032872
0.032771
0.030422
0.032281
0.032705
0.032712
0.032491
0.032397
0.032612
0.032758
0.033410
0.032884
0.033414
0.032783
0.033320
0.033550
0.033006
0.030507
0.030096
0.029517
0.029495
0.029687
0.031674
0.029807
0.030363
0.030057
0.030110
0.032517
0.032653
0.033051
0.030952
0.031405
0.029630
0.031441
0.031643
0.029423
0.031732
0.031557
0.031652
0.031476
0.030684
0.031103
0.030845
0.031715
0.032737
0.031648
0.031242
0.032193
0.031917
0.031729
0.032140
0.032278
0.032783
0.032546
0.032433
0.032386
0.033123
0.032330
0.032196
0.032386
0.031919
0.031038
0.030836
0.030887
0.032767
0.031078
0.031227
0.031350
0.030744
0.029672
0.032119
0.030918
0.030995
0.031048
0.030983
0.029275
0.029995
0.030174
0.029221
0.031088
0.031297
0.030341
0.030199
0.030494
0.029898
0.030362
0.029529
0.030724
0.031731
0.030495
0.030116
0.031316
0.033403
0.031236
0.035266
0.035674
0.028936
0.034441
0.034920
0.030751
0.044494
0.035152
0.032641
0.032862
0.032954
0.032694
0.032750
0.031606
0.033917
0.033545
0.033695
0.031431
0.037481
0.037250
0.038122
0.037710
0.037658
0.037991
0.032781
0.037585
0.037234
0.037223
0.038381
0.040836
0.040741
0.040200
0.040361
0.041361
0.039687
0.040587
0.036016
0.032943
0.031993
0.032503
0.032439
0.033278
0.040297
0.042174
0.042945
0.040574
0.038579
0.037654
0.037280
0.031272
0.034282
0.036018
0.039968
0.038109
0.036748
0.036675
0.036590
0.036293
0.040104
0.044375
0.044268
0.039069
0.041004
0.044977
0.033911
0.037413
0.036101
0.043215
0.042148
0.035195
0.037345
0.036708
0.034402
0.032683
0.032623
0.032913
0.034200
0.033341
0.037597
0.040681
0.038906
0.042431
0.041812
0.039968
0.043053
0.044929
0.043463
0.039165
0.043070
0.037603
0.039230
0.036454
0.035552
0.036292
0.035121
0.032632
0.032725
0.032773
0.034035
0.037059
0.034695
0.033357
0.033529
0.033049
0.032290
0.033667
0.040021
0.039750
0.041744
0.041415
0.039276
0.041142
0.040037
0.042945
0.039597
0.037589
0.040633
0.037729
0.038571
0.037958
0.038788
0.037415
0.041275
0.041283
0.041049
0.042654
0.036869
0.092706
0.090840
0.089654
0.095176
0.083895
0.090733
0.092507
0.094220
0.092701
0.093206
0.091779
0.093302
0.093733
0.094375
0.096564
0.095513
0.097511
0.097155
0.096183
0.094155
0.096886
0.096790
0.096838
0.097807
0.095523
0.096022
0.095732
0.095794
0.096356
0.097556
0.102556
0.082070
0.101737
0.081927
0.081449
0.081892
0.081838
0.081180
0.145746
0.145707
0.142519
0.142727
0.142617
0.142914
0.141848
0.141305
0.140784
0.138945
0.138853
0.133466
0.138221
0.138651
0.139059
0.137878
0.140412
0.145043
0.146116
0.140649
0.140384
0.137271
0.138252
0.141013
0.142116
0.035589
0.033573
0.034285
0.034000
0.034960
0.033540
0.033799
0.033439
0.032572
0.039798
0.039687
0.039257
0.036235
0.040514
0.038631
0.039190
0.040279
0.040014
0.038812
0.040022
0.039794
0.038713
0.038852
0.040749
0.041180
0.039341
0.039794
0.039900
0.039927
0.040348
0.039153
0.039956
0.039566
0.039989
0.040151
0.040048
0.040369
0.039728
0.039667
0.040076
0.040717
0.035267
0.035308
0.040486
0.041491
0.041502
0.041616
0.041980
0.043907
0.044082
0.043344
0.043416
0.043154
0.144805
0.165747
0.170011
0.182934
0.172556
0.173734
0.175153
0.199048
0.175216
0.167820
0.164957
0.174300
0.179720
0.138615
0.169787
0.180070
0.180267
0.180275
0.177333
0.177861
0.180008
0.180309
0.166892
0.165433
0.165119
0.179327
0.170083
0.170088
0.169998
0.167288
0.180239
0.166936
0.159785
0.165079
0.179130
0.167908
0.157811
0.178627
0.179120
0.164111
0.201708
0.200711
0.200893
0.184497
0.185754
0.185255
0.202603
0.192351
0.183230
0.161599
0.183204
0.179782
0.179090
0.179765
0.179383
0.178973
0.182167
0.142133
0.159465
0.154924
0.157650
0.156901
0.155307
0.156354
0.156956
0.156347
0.158634
0.153444
0.153148
0.153356
0.156034
0.154675
0.155341
0.154957
0.156027
0.157049
0.154974
0.153976
0.155994
0.156681
0.155314
0.157750
0.153987
0.154004
0.156105
0.159644
0.159499
0.158702
0.157007
0.157728
0.155822
0.153032
0.154025
0.153674
0.154580
0.154352
0.157610
0.160668
0.157537
0.157860
0.157120
0.163589
0.161724
0.160920
0.156974
0.156002
0.156469
0.155585
0.153681
0.155986
0.155077
0.155725
0.155538
0.153674
0.150864
0.150492
0.153125
0.150293
0.151151
0.153092
0.153467
0.157861
0.165597
0.164777
0.165945
0.157035
0.164689
0.161795
0.163987
0.154697
0.161200
0.160101
0.160290
0.159878
0.160528
0.161606
0.162571
0.157285
0.165413
0.164019
0.150513
0.163538
0.165785
0.166120
0.164247
0.165321
0.162264
0.152931
0.159528
0.161656
0.160830
0.159301
0.151820
0.156509
0.157371
0.157681
0.155998
0.157800
0.159973
0.161093
0.163455
0.159291
0.159882
0.160933
0.158236
0.157455
0.160210
0.158006
0.158822
0.158067
0.159106
0.157145
0.156872
0.172660
0.168077
0.160713
0.159783
0.166661
0.166171
0.160513
0.164823
0.160443
0.159509
0.160140
0.160203
0.158748
0.159796
0.160474
0.159830
0.158985
0.160907
0.157734
0.162223
0.160270
0.161897
0.164616
0.161505
0.161835
0.161372
0.161380
0.161374
0.163009
0.158808
0.157782
0.162402
0.162443
0.161405
0.159577
0.158987
0.161243
0.160317
0.158373
0.155430
0.152083
0.154261
0.152927
0.153146
0.154757
0.155239
0.153592
0.155530
0.153913
0.153299
0.154650
0.153451
0.151206
0.153941
0.152914
0.152513
0.154411
0.155540
0.155531
0.155024
0.153225
0.155311
0.155367
0.156037
0.154511
0.155141
0.153814
0.153934
0.152806
0.154514
0.142808
0.142822
0.142697
0.141305
0.141667
0.142914
0.143403
0.139618
0.140486
0.143201
0.139008
0.145935
0.153995
0.153864
0.145095
0.146206
0.146051
0.142040
0.141780
0.140164
0.140060
0.141370
0.141035
0.141684
0.140252
0.142850
0.141562
0.150414
0.149688
0.151447
0.150966
0.149430
0.151429
0.151965
0.151081
0.150119
0.149510
0.150714
0.149857
0.153162
0.153865
0.151079
0.151183
0.150578
0.151608
0.152420
0.151515
0.152420
0.152685
0.153142
0.151588
0.151585
0.150561
0.151093
0.150815
0.156121
0.159550
0.155306
0.153829
0.153554
0.154408
0.153157
0.151541
0.153275
0.152891
0.153035
0.151173
0.154695
0.153810
0.153012
0.153747
0.153817
0.154361
0.154290
0.152793
0.153007
0.157497
0.153186
0.154498
0.153994
0.153092
0.152675
0.153070
0.152480
0.151511
0.151632
0.151233
0.160720
0.187146
0.249188
0.364237
0.575758
0.679195
0.689026
0.686274
0.663675
0.690760
0.686035
0.678255
0.655927
0.658477
0.657106
0.619298
0.559862
0.513752
0.467932
0.426993
0.389915
0.347247
0.298138
0.290776
0.264700
0.244693
0.213625
0.203143
0.195591
0.179977
0.150449
0.140987
0.134773
0.108624
0.095609
0.088361
0.070880
0.070189
0.065789
0.057361
0.050878
0.053776
0.054104
0.056688
0.047926
0.041572
0.045786
0.050027
0.049583
0.048242
0.047670
0.048037
0.048767
0.048133
0.050087
0.046759
0.051053
0.053090
0.050067
0.051013
0.051754
0.051902
0.052042
0.052290
0.052232
0.052764
0.052716
0.052840
0.052555
0.052659
0.052817
0.052537
0.052450
0.056353
0.052166
0.051936
0.051953
0.052189
0.052079
0.052134
0.051886
0.052283
0.052029
0.052088
0.052007
0.051674
0.052236
0.051858
0.052362
0.052540
0.052598
0.052656
0.052748
0.053052
0.052746
0.052706
0.052821
0.052842
0.052843
0.052888
0.052877
0.052871
0.052888
0.052956
0.052718
0.052727
0.052895
0.052918
0.052506
0.052507
0.052507
0.058190
0.057901
0.055630
0.056769
0.054661
0.054224
0.052579
0.044023
0.036653
0.049538
0.049588
0.050923
0.037655
0.051328
0.051206
0.050412
0.050970
0.052434
0.050916
0.050354
0.052635
0.048568
0.049396
0.049754
0.048093
0.046238
0.046834
0.046775
0.046760
0.047020
0.043264
0.046061
0.042724
0.046496
0.048227
0.048846
0.047657
0.049616
0.047004
0.047019
0.046322
0.046316
0.046375
0.047493
0.049246
0.043368
0.044613
0.041993
0.050040
0.054000
0.053955
0.054344
0.055472
0.054995
0.054951
0.053841
0.054313
0.054719
0.053917
0.054429
0.054563
0.055233
0.052708
0.051966
0.051291
0.054216
0.051759
0.051629
0.052229
0.052960
0.056147
0.056074
0.056213
0.056099
0.056702
0.056715
0.056066
0.055684
0.054245
0.054258
0.054182
0.054292
0.053854
0.051529
0.050860
0.048624
0.045857
0.049367
0.049262
0.045681
0.045349
0.045305
0.045673
0.045525
0.044931
0.056278
0.048434
0.048953
0.049837
0.050217
0.050458
0.054867
0.056000
0.054605
0.054484
0.053185
0.052857
0.052376
0.052953
0.051157
0.049737
0.050161
0.054233
0.049697
0.049731
0.046552
0.047413
0.046107
0.046168
0.048365
0.046648
0.047722
0.047873
0.047259
0.047648
0.048710
0.048157
0.048252
0.048304
0.047870
0.048259
0.046960
0.044752
0.046694
0.045806
0.046390
0.045394
0.044703
0.044443
0.044448
0.044927
0.044853
0.044917
0.044490
0.043097
0.043299
0.040655
0.041701
0.041770
0.042194
0.041963
0.039191
0.041148
0.037623
0.037092
0.036943
0.030394
0.036644
0.036235
0.036660
0.036829
0.034790
0.032376
0.033810
0.031565
0.031188
0.032954
0.035744
0.036993
0.035231
0.034436
0.035194
0.034456
0.034083
0.034663
0.036274
0.035716
0.035725
0.036682
0.036912
0.036658
0.036954
0.034602
0.034558
0.035478
0.036076
0.032549
0.032072
0.031696
0.030948
0.030033
0.029670
0.031159
0.031205
0.030273
0.026497
0.022739
0.020598
0.017448
0.018085
0.016200
0.015893
0.015483
0.015254
0.015349
0.015187
0.015755
0.015867
0.013877
0.014870
0.014292
0.014348
0.014533
0.013715
0.012564
0.012056
0.010844
0.010674
0.011035
0.010199
0.007953
0.007265
0.007535
0.006071
0.006478
0.007333
0.006618
0.006179
0.005549
0.004308
0.003226
0.002144
0.001600
0.000676
0.000184
0.000000
0.027172
0.026736
0.028297
0.028826
0.029034
0.027828
0.030480
0.028868
0.027828
0.028199
0.028824
0.029382
0.028902
0.029608
0.027827
0.027547
0.028586
0.029461
0.028202
0.028483
0.029532
0.029708
0.029085
0.028598
0.028913
0.027844
0.028658
0.027793
0.028631
0.028141
0.027304
0.027978
0.028013
0.026882
0.027695
0.028118
0.028131
0.027629
0.028578
0.027401
0.028338
0.028300
0.028682
0.028900
0.028898
0.031457
0.027948
0.028086
0.027422
0.027685
0.027350
0.026753
0.027116
0.026591
0.026288
0.026908
0.026455
0.025849
0.026080
0.026038
0.025871
0.033037
0.025974
0.026021
0.026623
0.025757
0.034389
0.034600
0.035863
0.035685
0.026462
0.027021
0.035835
0.034936
0.034739
0.027742
0.027445
0.034894
0.027292
0.034557
0.036234
0.035170
0.036171
0.035030
0.027312
0.027246
0.034442
0.034254
0.026544
0.011945
0.011918
0.012152
0.012057
0.011330
0.011890
0.011702
0.011688
0.011858
0.011850
0.012798
0.012825
0.011846
0.012072
0.012144
0.012268
0.012350
0.012353
0.012388
0.012045
0.013155
0.012849
0.012827
0.013040
0.013091
0.013289
0.014013
0.014028
0.014645
0.016380
0.016393
0.016266
0.016679
0.016617
0.016552
0.016545
0.016911
0.017358
0.017734
0.017822
0.016648
0.016006
0.014796
0.014705
0.014858
0.015310
0.015254
0.014619
0.014651
0.015646
0.016423
0.015572
0.015546
0.014620
0.014196
0.013959
0.013325
0.013676
0.013749
0.014995
0.013712
0.013495
0.013827
0.015080
0.015450
0.015658
0.039094
0.037614
0.039734
0.033630
0.038638
0.036428
0.038724
0.030631
0.030513
0.029951
0.033384
0.040742
0.035548
0.038101
0.041408
0.040611
0.043798
0.039579
0.048028
0.039586
0.041191
0.035314
0.037844
0.041372
0.039225
0.040146
0.038970
0.036790
0.037318
0.040705
0.040101
0.039541
0.039777
0.039708
0.037191
0.038491
0.036963
0.038627
0.038718
0.038764
0.036551
0.036083
0.039860
0.037972
0.035973
0.037446
0.037342
0.042850
0.043985
0.047191
0.046909
0.047541
0.046055
0.043116
0.044424
0.041592
0.041405
0.039087
0.040864
0.038408
0.040419
0.042535
0.038700
0.036630
0.038886
0.038764
0.038662
0.038971
0.040882
0.037780
0.039249
0.039311
0.038956
0.042208
0.038630
0.034909
0.034762
0.034824
0.034858
0.035105
0.035179
0.034921
0.034784
0.034818
0.034612
0.035498
0.035558
0.036419
0.036678
0.036257
0.034950
0.034737
0.036848
0.034584
0.034667
0.035121
0.035191
0.035258
0.035301
0.035025
0.035129
0.035168
0.035260
0.035630
0.035404
0.035052
0.035124
0.035062
0.035646
0.035192
0.034645
0.035290
0.035029
0.035168
0.035262
0.037306
0.037226
0.037100
0.037446
0.037707
0.039371
0.037390
0.036909
0.040532
0.040317
0.038927
0.038166
0.032604
0.034386
0.037644
0.034126
0.043631
0.036033
0.039161
0.032880
0.032394
0.042843
0.040057
0.039813
0.042816
0.041391
0.041974
0.038255
0.038223
0.038615
0.040017
0.038173
0.038801
0.035548
0.038810
0.036282
0.035458
0.035876
0.039072
0.037728
0.041893
0.033598
0.035565
0.032905
0.033548
0.034021
0.035573
0.035233
0.035460
0.033843
0.034450
0.035587
0.038449
0.034552
0.034591
0.034718
0.039671
0.035005
0.037309
0.038597
0.038961
0.037826
0.037486
0.037247
0.037881
0.038318
0.037791
0.036416
0.037017
0.036706
0.037028
0.037207
0.037586
0.037562
0.004863
0.004784
0.004317
0.005518
0.004963
0.004908
0.004727
0.005023
0.006156
0.006113
0.005897
0.005790
0.005808
0.005732
0.005640
0.005459
0.005446
0.005462
0.005095
0.004560
0.004541
0.004503
0.004325
0.004358
0.004411
0.004765
0.005320
0.005036
0.005623
0.005797
0.005685
0.005754
0.006767
0.006878
0.006890
0.007701
0.006852
0.007614
0.006870
0.007670
0.006878
0.006792
0.006771
0.006777
0.006859
0.006874
0.006853
0.006888
0.007565
0.008038
0.007788
0.007781
0.008779
0.008832
0.007933
0.007913
0.007947
0.007905
0.049772
0.049819
0.043303
0.041923
0.043787
0.048671
0.041368
0.040315
0.043917
0.043740
0.044215
0.046414
0.046467
0.046915
0.045770
0.047596
0.046294
0.045635
0.045618
0.045911
0.046004
0.045988
0.045139
0.045512
0.045823
0.046446
0.049748
0.052437
0.063825
0.078948
0.089104
0.076018
0.067304
0.065948
0.062458
0.061388
0.054621
0.055499
0.053664
0.053244
0.056991
0.055750
0.053869
0.050070
0.051033
0.049683
0.049406
0.049904
0.050272
0.051174
0.051139
0.051872
0.053287
0.055179
0.055867
0.056821
0.060487
0.062110
0.063638
0.063705
0.062797
0.062091
0.059755
0.056088
0.055813
0.051394
0.050623
0.048363
0.047963
0.044907
0.041083
0.031938
0.050264
0.050264
0.050264
0.050264
0.050264
0.050264
0.050264
0.050264
0.050264
0.050264
0.050264
0.050264
0.050264
0.050264
0.050264
0.050264
0.050264
0.050264
0.050264
0.050264
0.050264
0.050264
0.050264
0.050264
0.050264
0.050264
0.050264
0.050264
0.050264
0.050264
0.050264
0.049823
0.050264
0.050264
0.050264
0.050264
0.050264
0.050264
0.050264
0.050264
0.050264
0.050264
0.050264
0.050264
0.050264
0.050264
0.050264
0.050264
0.050264
0.050264
0.050264
0.050264
0.050264
0.050264
0.050264
0.050264
0.050264
0.050264
0.050264
0.362156
0.401225
0.386425
0.393358
0.392054
0.441513
0.422672
0.487661
0.509667
0.498952
0.512027
0.476915
0.439700
0.351075
0.342428
0.359279
0.459092
0.428393
0.412442
0.175410
0.159770
0.116749
0.103669
0.101540
0.065709
0.063019
0.067181
0.070340
0.107225
0.079509
0.115935
0.157566
0.194413
0.183716
0.186080
0.178266
0.179633
0.162117
0.121704
0.160506
0.131801
0.092146
0.110474
0.092817
0.109878
0.117693
0.073444
0.057704
0.068087
0.070878
0.063215
0.069385
0.069599
0.063782
0.059590
0.046794
0.066697
0.069967
0.059125
0.056663
0.133068
0.131910
0.077510
0.067374
0.081901
0.065781
0.132204
0.089286
0.090711
0.088750
0.089659
0.087567
0.144783
0.130659
0.052729
0.127575
0.127536
0.112242
0.107414
0.129317
0.120953
0.107844
0.130626
0.130365
0.145603
0.135974
0.135570
0.112387
0.137834
0.143631
0.139543
0.126017
0.127390
0.135974
0.124541
0.136427
0.053862
0.053862
0.053862
0.053862
0.053862
0.053862
