0.014070
0.013889
0.014435
0.014598
0.017026
0.016843
0.016259
0.016082
0.015784
0.016334
0.014313
0.014171
0.014226
0.015185
0.015715
0.016002
0.015433
0.017510
0.015228
0.015603
0.015575
0.015680
0.015886
0.016178
0.017123
0.016628
0.016532
0.016631
0.016483
0.015338
0.016816
0.017179
0.016942
0.016707
0.015112
0.014544
0.017290
0.015762
0.016653
0.016571
0.016214
0.015578
0.015096
0.014902
0.015191
0.017237
0.017046
0.017033
0.017167
0.016870
0.016746
0.016929
0.017131
0.016923
0.016713
0.016860
0.016386
0.016420
0.016344
0.016355
0.016124
0.016105
0.015940
0.015865
0.015315
0.012632
0.012621
0.015369
0.013422
0.012877
0.012465
0.012341
0.012181
0.011994
0.012131
0.012085
0.012133
0.011644
0.012806
0.012370
0.013110
0.012845
0.011750
0.010867
0.011433
0.011119
0.011017
0.012033
0.011272
0.011553
0.011955
0.012198
0.012447
0.012001
0.012060
0.012434
0.013440
0.013648
0.013505
0.013772
0.014339
0.014403
0.014647
0.014530
0.014604
0.015078
0.014914
0.015726
0.015458
0.016273
0.016540
0.016716
0.016221
0.015602
0.017105
0.016972
0.017585
0.015448
0.015201
0.016393
0.016683
0.016705
0.016463
0.016461
0.016052
0.016566
0.016454
0.016221
0.016214
0.016572
0.016759
0.016879
0.016821
0.016023
0.015880
0.016116
0.016174
0.016400
0.016391
0.016493
0.016446
0.016549
0.016644
0.016840
0.016476
0.016770
0.016744
0.016690
0.017064
0.017057
0.017243
0.017287
0.017348
0.017263
0.016884
0.015116
0.015005
0.015870
0.016283
0.016319
0.016618
0.017128
0.016306
0.018875
0.019596
0.017403
0.017568
0.017412
0.017173
0.017077
0.017038
0.016739
0.016965
0.016699
0.016567
0.016312
0.016772
0.016605
0.016396
0.016303
0.016195
0.016354
0.016322
0.016069
0.016103
0.015817
0.015308
0.016145
0.016006
0.015704
0.015094
0.012961
0.013743
0.012976
0.012678
0.012703
0.012699
0.012672
0.012608
0.012877
0.012674
0.012653
0.012898
0.013147
0.012991
0.012703
0.012408
0.012972
0.012507
0.012318
0.012373
0.012697
0.012716
0.012699
0.012680
0.014708
0.014617
0.014564
0.014411
0.014475
0.014905
0.014771
0.014942
0.014333
0.014183
0.014145
0.012574
0.012698
0.014157
0.014313
0.014527
0.014052
0.014352
0.014759
0.015460
0.015288
0.014501
0.012867
0.012302
0.012829
0.012782
0.013444
0.012885
0.012826
0.012979
0.014026
0.013956
0.015145
0.015134
0.013488
0.014046
0.015030
0.014989
0.012686
0.013941
0.014091
0.014441
0.014241
0.012862
0.021486
0.027584
0.048076
0.161810
0.161637
0.162249
0.160508
0.162962
0.144685
0.112173
0.092130
0.118036
0.116913
0.115881
0.115220
0.118130
0.117153
0.117806
0.117044
0.117056
0.117081
0.145203
0.117755
0.117860
0.117842
0.117420
0.118034
0.117917
0.117894
0.095268
0.096363
0.075876
0.071613
0.070751
0.073738
0.074905
0.075001
0.074304
0.068988
0.068732
0.070840
0.071776
0.068087
0.068620
0.077779
0.085129
0.075817
0.073778
0.086342
0.079436
0.075017
0.075380
0.073611
0.069567
0.075834
0.076017
0.080164
0.077422
0.078124
0.076832
0.077627
0.084015
0.082794
0.082888
0.079778
0.081045
0.096298
0.095418
0.097354
0.097267
0.092696
0.076495
0.080218
0.056662
0.073556
0.082775
0.089193
0.087711
0.088461
0.095419
0.085556
0.007709
0.010697
0.014825
0.017422
0.023552
0.023531
0.023527
0.024925
0.024840
0.024748
0.025056
0.025581
0.025526
0.025981
0.025576
0.025543
0.025646
0.025726
0.025880
0.025654
0.025462
0.025407
0.025533
0.025509
0.025573
0.025528
0.025521
0.025240
0.025223
0.025468
0.025656
0.025511
0.025731
0.025609
0.026059
0.026401
0.026218
0.026375
0.026780
0.026697
0.026528
0.026871
0.026579
0.026924
0.026817
0.026014
0.026303
0.026095
0.026179
0.025995
0.025683
0.025681
0.025640
0.025554
0.025415
0.025427
0.025546
0.025405
0.025368
0.025638
0.025368
0.025324
0.025480
0.025480
0.025337
0.025212
0.025393
0.025894
0.025806
0.025917
0.026095
0.026152
0.026021
0.026176
0.026338
0.026275
0.025678
0.025684
0.025684
0.025784
0.025450
0.025159
0.025457
0.025752
0.025513
0.025675
0.026222
0.026120
0.025970
0.025930
0.025684
0.025624
0.026057
0.025779
0.025352
0.025504
0.060094
0.061186
0.061086
0.060213
0.059591
0.060548
0.060811
0.060500
0.060099
0.059521
0.059912
0.060036
0.059696
0.058623
0.058029
0.057992
0.059514
0.060176
0.058059
0.057029
0.058243
0.057923
0.056464
0.059924
0.058039
0.057692
0.058790
0.051285
0.062006
0.061406
0.062108
0.061833
0.062214
0.062156
0.062526
0.062406
0.062820
0.063926
0.062058
0.061877
0.061598
0.061095
0.061560
0.063813
0.061557
0.060122
0.062471
0.062463
0.060294
0.060325
0.059784
0.060286
0.059876
0.060042
0.059369
0.059228
0.010551
0.010280
0.010047
0.009643
0.009372
0.009486
0.009493
0.009281
0.009238
0.009440
0.009440
0.009451
0.009551
0.009735
0.009380
0.009470
0.009887
0.009955
0.010410
0.010502
0.010359
0.010448
0.010272
0.010226
0.009823
0.009795
0.009117
0.009420
0.009545
0.009069
0.009328
0.009400
0.009333
0.009306
0.009077
0.009083
0.008942
0.009074
0.009331
0.009474
0.061191
0.062767
0.059778
0.059630
0.059957
0.059671
0.059694
0.059657
0.060173
0.057498
0.059198
0.060564
0.059591
0.068662
0.068498
0.064531
0.064695
0.065707
0.064848
0.064491
0.064551
0.063458
0.064504
0.064635
0.069175
0.061301
0.080783
0.079071
0.080189
0.079424
0.064937
0.062612
0.064848
0.078575
0.078198
0.077962
0.066539
0.062899
0.062609
0.058909
0.065838
0.058321
0.066774
0.066569
0.066997
0.061276
0.066178
0.060963
0.062644
0.085526
0.088224
0.066043
0.063088
0.064336
0.076789
0.078467
0.076809
0.077642
0.077479
0.078675
0.078432
0.078972
0.076032
0.078873
0.078662
0.078280
0.077674
0.079092
0.079656
0.078361
0.080521
0.078953
0.078323
0.077672
0.063533
0.059861
0.060555
0.051308
0.050926
0.047625
0.047886
0.048147
0.047325
0.047087
0.047391
0.046426
0.047674
0.046816
0.046454
0.046188
0.045823
0.047693
0.045568
0.046935
0.046574
0.047220
0.046231
0.046793
0.050435
0.048370
0.049441
0.049781
0.050683
0.048810
0.050585
0.049908
0.050134
0.051765
0.051261
0.050195
0.050173
0.048458
0.050366
0.050948
0.051039
0.051559
0.051543
0.045899
0.053949
0.052346
0.056257
0.057554
0.054819
0.054084
0.054086
0.049899
0.054126
0.055002
0.054948
0.056177
0.054613
0.049788
0.056905
0.050236
0.055152
0.051331
0.059295
0.050894
0.049179
0.057357
0.053134
0.057487
0.058214
0.059742
0.047373
0.062799
0.059405
0.059336
0.055717
0.058857
0.057822
0.053010
0.055044
0.053847
0.051828
0.053652
0.052635
0.056078
0.056944
0.054654
0.010611
0.010502
0.011433
0.010977
0.011596
0.011250
0.010806
0.010919
0.010722
0.010755
0.010595
0.010555
0.010628
0.010440
0.010829
0.010339
0.010292
0.010256
0.010158
0.010220
0.010182
0.009819
0.009793
0.009857
0.010171
0.010665
0.010765
0.010638
0.010460
0.010638
0.010204
0.010791
0.010777
0.010766
0.010582
0.010589
0.010338
0.010490
0.010754
0.010639
0.010891
0.010668
0.010525
0.010757
0.010753
0.010806
0.010558
0.010218
0.010424
0.010457
0.010580
0.010508
0.010530
0.010830
0.010908
0.010943
0.010911
0.010737
0.010825
0.010753
0.010445
0.010759
0.010716
0.010709
0.010651
0.057959
0.058144
0.058949
0.054347
0.054340
0.058113
0.057890
0.059183
0.055657
0.056206
0.059873
0.060060
0.059633
0.059182
0.058308
0.059529
0.059563
0.060309
0.060488
0.061035
0.059515
0.055100
0.053917
0.058867
0.059858
0.060043
0.057351
0.060335
0.060530
0.061164
0.059818
0.060545
0.060359
0.058563
0.061570
0.063873
0.063643
0.063411
0.060808
0.060936
0.011189
0.011235
0.011146
0.011081
0.011384
0.011390
0.011564
0.011922
0.012014
0.012145
0.011921
0.011818
0.011569
0.011384
0.011114
0.011611
0.011033
0.010866
0.010973
0.010826
0.011101
0.011694
0.011961
0.011950
0.012036
0.012062
0.011743
0.011778
0.011589
0.011855
0.051380
0.051396
0.051006
0.050904
0.050937
0.050684
0.051518
0.050949
0.052102
0.052156
0.051625
0.051687
0.050803
0.050797
0.051805
0.051819
0.051232
0.050181
0.051594
0.051048
0.051163
0.051036
0.051430
0.051259
0.051306
0.050953
0.052476
0.053613
0.052346
0.050837
0.052274
0.052753
0.051981
0.053270
0.053261
0.051821
0.010199
0.010365
0.010689
0.010953
0.011075
0.011229
0.011370
0.011629
0.011813
0.012157
0.011876
0.012063
0.012133
0.012297
0.012281
0.012260
0.011989
0.011679
0.011850
0.011964
0.011615
0.011790
0.011161
0.011036
0.011049
0.011112
0.010903
0.011425
0.011397
0.010686
0.011645
0.011771
0.011535
0.011485
0.011832
0.011628
0.011742
0.011826
0.011854
0.011840
0.011617
0.011894
0.011740
0.011498
0.011378
0.011363
0.011167
0.010986
0.011542
0.011631
0.011300
0.011186
0.011612
0.011545
0.011370
0.011266
0.011280
0.011339
0.011462
0.011439
0.011298
0.010723
0.010725
0.010552
0.010725
0.010686
0.010850
0.010999
0.010659
0.010609
0.010850
0.010464
0.010235
0.010184
0.010404
0.011036
0.011058
0.010723
0.010965
0.010933
0.010735
0.010685
0.010788
0.010665
0.010828
0.056608
0.047297
0.048767
0.048408
0.058720
0.058240
0.055179
0.061119
0.059626
0.058601
0.059664
0.061005
0.059654
0.058266
0.059024
0.056441
0.055135
0.056712
0.057403
0.057525
0.056853
0.056251
0.057465
0.056770
0.056278
0.057219
0.057673
0.053713
0.055320
0.056368
0.054512
0.056115
0.055930
0.056027
0.056708
0.057685
0.058614
0.061620
0.058018
0.058951
0.059466
0.060585
0.060438
0.058389
0.061414
0.060785
0.060702
0.060188
0.058738
0.059824
0.059675
0.059815
0.059268
0.058905
0.061549
0.060746
0.060159
0.059617
0.059316
0.056014
0.059699
0.059170
0.061355
0.056513
0.059737
0.059359
0.057882
0.057307
0.057339
0.056205
0.059164
0.055264
0.059737
0.060557
0.060696
0.059186
0.060327
0.009376
0.009326
0.009237
0.009401
0.009581
0.009827
0.010187
0.010107
0.010045
0.009993
0.009794
0.009764
0.009648
0.009740
0.009433
0.010000
0.010947
0.013356
0.012638
0.012700
0.012475
0.011961
0.012240
0.012222
0.012114
0.011870
0.011826
0.011298
0.011655
0.011699
0.011570
0.011504
0.011436
0.011390
0.011991
0.012022
0.012080
0.012242
0.012238
0.012259
0.012374
0.012270
0.012224
0.012182
0.012390
0.012232
0.012185
0.012171
0.012030
0.012155
0.012220
0.012126
0.011959
0.011943
0.011726
0.011953
0.011953
0.011961
0.011910
0.011939
0.012082
0.012106
0.012209
0.012332
0.012391
0.012341
0.012253
0.012334
0.012117
0.012086
0.012059
0.012422
0.012658
0.012642
0.012757
0.012410
0.012534
0.012547
0.012557
0.012582
0.012667
0.012576
0.012605
0.012578
0.012611
0.012756
0.012542
0.012311
0.012161
0.012597
0.049705
0.049706
0.053541
0.051885
0.050327
0.050572
0.050413
0.050973
0.051042
0.050780
0.050408
0.050615
0.051568
0.050732
0.051182
0.050450
0.050570
0.050460
0.049934
0.060156
0.058867
0.058935
0.058225
0.058701
0.059197
0.058598
0.058702
0.056974
0.056642
0.011659
0.011667
0.011852
0.011933
0.012192
0.012213
0.012249
0.012200
0.012284
0.012104
0.011841
0.011646
0.011476
0.011340
0.011289
0.011284
0.011287
0.011106
0.011268
0.011323
0.011228
0.011223
0.011213
0.011266
0.011193
0.011188
0.011011
0.010980
0.010834
0.010572
0.010552
0.010752
0.010809
0.010606
0.010776
0.010937
0.011177
0.011249
0.010944
0.010793
0.010855
0.010804
0.010653
0.010705
0.010577
0.010667
0.010548
0.010474
0.010598
0.010566
0.010592
0.010693
0.010589
0.010678
0.010867
0.010348
0.010351
0.047472
0.047546
0.049411
0.050009
0.050127
0.050826
0.047692
0.056656
0.055610
0.056777
0.059880
0.052728
0.057215
0.051438
0.051604
0.053939
0.054280
0.050340
0.056083
0.055916
0.055898
0.041215
0.052055
0.051983
0.051071
0.052652
0.053007
0.052654
0.053638
0.051982
0.040466
0.040594
0.052847
0.052635
0.053381
0.042961
0.044003
0.043105
0.044316
0.044387
0.043141
0.044263
0.042683
0.042637
0.040944
0.042489
0.051200
0.051991
0.011232
0.010743
0.010271
0.011183
0.010376
0.010844
0.010012
0.009969
0.010694
0.010937
0.010979
0.011019
0.010439
0.011130
0.010442
0.010417
0.010983
0.011060
0.012048
0.012185
0.011676
0.012080
0.012149
0.012026
0.012237
0.012342
0.012249
0.012140
0.012222
0.012388
0.012107
0.011942
0.011821
0.011843
0.011840
0.011608
0.011788
0.012028
0.012053
0.011957
0.011676
0.011531
0.011624
0.011609
0.011416
0.011611
0.011187
0.011109
0.010983
0.010978
0.011203
0.011247
0.011156
0.010982
0.010911
0.008420
0.008096
0.007988
0.008095
0.008156
0.008034
0.008616
0.008960
0.009156
0.009269
0.009511
0.009985
0.009878
0.010027
0.010382
0.010140
0.010220
0.010032
0.009948
0.009981
0.010125
0.009988
0.010179
0.009997
0.010228
0.010132
0.009674
0.009647
0.009841
0.009683
0.009398
0.009589
0.009412
0.009738
0.009504
0.009872
0.009902
0.010016
0.010277
0.010364
0.010532
0.010186
0.010399
0.010753
0.010719
0.010547
0.010835
0.010678
0.010828
0.010745
0.010706
0.010789
0.011016
0.011090
0.011118
0.011029
0.010982
0.010853
0.010801
0.010950
0.010634
0.010465
0.010409
0.010518
0.010310
0.010356
0.010510
0.010535
0.010425
0.010324
0.010229
0.010099
0.010111
0.010287
0.010137
0.009885
0.009946
0.009846
0.009828
0.009691
0.009393
0.009289
0.009151
0.009326
0.009306
0.059384
0.046927
0.045572
0.047440
0.049617
0.058188
0.062200
0.060658
0.059325
0.058994
0.058450
0.062717
0.050937
0.048929
0.063803
0.049752
0.049622
0.060595
0.047770
0.048015
0.047827
0.042235
0.049029
0.049093
0.038238
0.048166
0.048831
0.048579
0.059921
0.054673
0.038568
0.055825
0.048548
0.061508
0.058278
0.059655
0.045035
0.045452
0.063553
0.055111
0.045616
0.042264
0.046321
0.050142
0.049248
0.045997
0.049502
0.059537
0.043734
0.059982
0.050423
0.048298
0.048918
0.046489
0.041842
0.041835
0.053923
0.049828
0.052994
0.054753
0.053905
0.053559
0.062539
0.062163
0.062979
0.063273
0.041894
0.048358
0.050627
0.050422
0.054281
0.052240
0.053484
0.051411
0.051196
0.044888
0.043805
0.043175
0.053029
0.058147
0.039930
0.044024
0.038044
0.051823
0.052274
0.053931
0.051199
0.054588
0.054981
0.056005
0.055169
0.054629
0.054746
0.053374
0.054408
0.060516
0.059657
0.061238
0.061186
0.062261
0.062158
0.062076
0.062300
0.061933
0.062107
0.061725
0.061468
0.061919
0.061563
0.062607
0.061581
0.061932
0.062336
0.063576
0.065279
0.065911
0.054608
0.056746
0.053564
0.053734
0.054146
0.066254
0.065360
0.064701
0.063208
0.063061
0.063140
0.062532
0.062858
0.063403
0.062956
0.052360
0.052484
0.055037
0.043509
0.042598
0.042936
0.039963
0.040184
0.043939
0.044011
0.040164
0.037731
0.038542
0.041568
0.041579
0.043447
0.042826
0.043208
0.040849
0.042574
0.042745
0.043071
0.044685
0.042921
0.046718
0.043123
0.041954
0.042194
0.044472
0.044707
0.044573
0.043844
0.040807
0.041107
0.042504
0.043148
0.042921
0.041758
0.043668
0.042391
0.042603
0.043706
0.045224
0.044189
0.042130
0.042792
0.041695
0.043341
0.054733
0.060450
0.062686
0.057704
0.060880
0.058201
0.061239
0.061234
0.060817
0.059811
0.059198
0.058038
0.056869
0.059039
0.058132
0.056389
0.052605
0.051518
0.052479
0.049196
0.048135
0.048469
0.057693
0.039747
0.040947
0.046369
0.042452
0.042127
0.041579
0.039363
0.038867
0.040016
0.041707
0.040466
0.040938
0.039762
0.036942
0.040195
0.039084
0.038332
0.048402
0.044970
0.037593
0.045239
0.045884
0.036424
0.049200
0.055576
0.054705
0.049451
0.052177
0.050805
0.052319
0.050364
0.047572
0.042505
0.043489
0.043917
0.041523
0.041485
0.045372
0.047038
0.048142
0.047477
0.038769
0.044728
0.043274
0.054350
0.057743
0.050987
0.051453
0.057529
0.061934
0.060762
0.051647
0.060243
0.054625
0.049391
0.048212
0.047152
0.049547
0.049271
0.048060
0.045958
0.050792
0.050075
0.047405
0.054029
0.058249
0.057161
0.057279
0.057697
0.059542
0.056597
0.056261
0.056933
0.057307
0.057381
0.058758
0.056553
0.049152
0.048904
0.050309
0.050705
0.051217
0.050919
0.046755
0.048242
0.047733
0.049530
0.050034
0.050307
0.049793
0.049656
0.049819
0.049452
0.049859
0.040589
0.050174
0.048162
0.049617
0.048472
0.049891
0.048336
0.049129
0.050930
0.051359
0.050687
0.049673
0.049582
0.049123
0.046542
0.049741
0.050113
0.050430
0.051017
0.050733
0.050886
0.051422
0.050540
0.052119
0.049270
0.049751
0.049838
0.054582
0.053991
0.051667
0.047935
0.049347
0.048348
0.047436
0.049075
0.048557
0.055624
0.054371
0.057353
0.060717
0.064205
0.064960
0.055177
0.057152
0.054157
0.052596
0.055201
0.062659
0.060767
0.061113
0.061010
0.061048
0.058465
0.059008
0.057729
0.057071
0.057851
0.056887
0.039755
0.038151
0.047778
0.048673
0.047595
0.046289
0.046972
0.048804
0.046234
0.047544
0.048154
0.045226
0.047413
0.044974
0.044977
0.045465
0.044724
0.045937
0.045859
0.046122
0.047097
0.047729
0.046008
0.048020
0.047799
0.044475
0.045190
0.044627
0.047316
0.046363
0.047780
0.046441
0.047567
0.046448
0.045994
0.045849
0.044478
0.045820
0.044731
0.044694
0.048236
0.047095
0.048558
0.047050
0.045011
0.050892
0.050189
0.048981
0.043771
0.042424
0.048496
0.048433
0.048780
0.048610
0.049117
0.047984
0.048817
0.048537
0.049512
0.050324
0.050770
0.050606
0.051172
0.051558
0.050969
0.051445
0.049815
0.050450
0.054751
0.051798
0.052696
0.052602
0.055617
0.053949
0.056446
0.054703
0.053891
0.054666
0.054304
0.055230
0.054214
0.056410
0.049932
0.052038
0.053701
0.055936
0.055750
0.055626
0.055788
0.055480
0.053900
0.055909
0.062389
0.062975
0.064137
0.054758
0.056124
0.053997
0.063011
0.057546
0.057064
0.052280
0.051907
0.051314
0.058549
0.052601
0.051814
0.052461
0.052976
0.052037
0.052200
0.052493
0.051848
0.053305
0.057922
0.058634
0.044601
0.044942
0.045367
0.044390
0.045011
0.045786
0.045293
0.045939
0.049170
0.051164
0.053370
0.051921
0.052584
0.053024
0.050588
0.050953
0.047532
0.048776
0.046747
0.046461
0.048877
0.045547
0.046776
0.045663
0.046049
0.048746
0.050242
0.043891
0.042869
0.039794
0.046466
0.046864
0.045895
0.046686
0.042158
0.042176
0.042671
0.043774
0.044369
0.044314
0.042324
0.041204
0.042739
0.043622
0.043299
0.041164
0.042067
0.044468
0.041380
0.040350
0.040064
0.039243
0.038399
0.041167
0.041050
0.040459
0.042349
0.042162
0.042507
0.041979
0.043770
0.041864
0.038829
0.039156
0.040045
0.039892
0.040313
0.039402
0.038051
0.044948
0.042980
0.040460
0.039457
0.039917
0.045441
0.045644
0.046026
0.045895
0.045201
0.045469
0.051310
0.049226
0.047454
0.045149
0.045209
0.043133
0.044360
0.042326
0.042322
0.043026
0.043781
0.042580
0.046062
0.043454
0.041536
0.044041
0.040944
0.039976
0.041913
0.040869
0.040713
0.039544
0.038473
0.038543
0.054563
0.050523
0.045607
0.045128
0.044920
0.045958
0.047719
0.047750
0.047656
0.046885
0.046415
0.048388
0.046480
0.049376
0.047967
0.047680
0.047714
0.048325
0.047855
0.048603
0.046328
0.046028
0.046203
0.050172
0.051904
0.051901
0.052201
0.049717
0.051630
0.050971
0.051395
0.052171
0.053461
0.053154
0.053217
0.051277
0.049658
0.048261
0.048387
0.050133
0.047229
0.047282
0.050330
0.049167
0.046739
0.043142
0.049253
0.050303
0.044324
0.043827
0.044948
0.045964
0.046092
0.045783
0.045700
0.044907
0.042631
0.044269
0.045179
0.044042
0.044101
0.043885
0.043059
0.044341
0.042574
0.047145
0.046998
0.047619
0.045091
0.045303
0.045626
0.048026
0.047293
0.047248
0.048293
0.046812
0.046610
0.047421
0.047666
0.046682
0.046906
0.047000
0.046288
0.046527
0.047159
0.046107
0.046968
0.043649
0.046707
0.046467
0.045749
0.047810
0.045426
0.047747
0.045250
0.044396
0.048311
0.044744
0.048751
0.045039
0.047256
0.046768
0.047210
0.047537
0.047807
0.047831
0.047231
0.047855
0.051372
0.052744
0.052346
0.051299
0.052172
0.051603
0.045765
0.047942
0.048933
0.048171
0.047951
0.048944
0.051211
0.050639
0.052389
0.047279
0.048270
0.048533
0.049555
0.049007
0.048240
0.049319
0.048186
0.047400
0.048264
0.048695
0.049747
0.049747
0.048143
0.048273
0.052490
0.047642
0.052289
0.047920
0.050816
0.050392
0.051060
0.049120
0.052719
0.048685
0.052358
0.048725
0.050468
0.052176
0.049809
0.048630
0.053701
0.052945
0.053827
0.053903
0.054002
0.054438
0.054042
0.053123
0.053041
0.051968
0.052731
0.055056
0.052410
0.054448
0.053996
0.052604
0.056391
0.056001
0.049730
0.052603
0.055454
0.056132
0.057202
0.057378
0.056061
0.057058
0.055349
0.056163
0.057297
0.057222
0.055456
0.055849
0.056979
0.060515
0.045442
0.045153
0.052998
0.052786
0.045301
0.045338
0.045448
0.050231
0.049969
0.051560
0.055290
0.051095
0.050344
0.050108
0.048413
0.049015
0.049157
0.048238
0.048285
0.050540
0.049809
0.049052
0.048875
0.055387
0.052238
0.051582
0.046773
0.046321
0.046178
0.048707
0.048995
0.048748
0.046722
0.044534
0.044927
0.044612
0.044044
0.042200
0.043388
0.042835
0.043100
0.042683
0.042618
0.041406
0.041508
0.041818
0.041437
0.042531
0.041770
0.041313
0.038814
0.033906
0.032081
0.028683
0.027611
0.026935
0.029401
0.030681
0.032063
0.030030
0.029152
0.030806
0.032975
0.031367
0.036536
0.035147
0.035778
0.033349
0.033077
0.033013
0.035465
0.035670
0.035705
0.034976
0.035753
0.035307
0.035502
0.035754
0.036341
0.034407
0.036407
0.035736
0.032102
0.036653
0.035833
0.033801
0.034272
0.036193
0.036446
0.033332
0.034173
0.034482
0.034156
0.035885
0.035698
0.034662
0.038656
0.038813
0.039078
0.038658
0.036597
0.035488
0.035898
0.035165
0.035345
0.035527
0.035830
0.034859
0.036267
0.034939
0.035366
0.035839
0.035438
0.033917
0.032396
0.033528
0.035297
0.035655
0.034620
0.034598
0.034554
0.036127
0.036153
0.033481
0.034229
0.035015
0.034251
0.034177
0.034024
0.033766
0.032941
0.032544
0.033371
0.033110
0.031978
0.032808
0.033329
0.034009
0.033447
0.033930
0.034617
0.034801
0.034526
0.034992
0.035237
0.034983
0.033766
0.034338
0.033704
0.033600
0.035065
0.032415
0.035260
0.034756
0.033656
0.032835
0.032380
0.033486
0.032779
0.031614
0.030943
0.032008
0.032400
0.033518
0.031227
0.031351
0.031592
0.032306
0.031786
0.031408
0.031487
0.032036
0.031378
0.030045
0.029366
0.029317
0.030745
0.031143
0.030370
0.030191
0.028522
0.027302
0.027546
0.026751
0.027383
0.027552
0.027939
0.030504
0.032035
0.032552
0.033488
0.033681
0.034589
0.034013
0.035630
0.040272
0.035711
0.035831
0.035660
0.035762
0.035342
0.034269
0.034464
0.035136
0.036602
0.036097
0.036190
0.036144
0.035182
0.035202
0.035446
0.033993
0.034381
0.034295
0.032862
0.033833
0.036011
0.034828
0.035804
0.041505
0.040896
0.039254
0.038944
0.038351
0.036243
0.037330
0.036232
0.039493
0.039152
0.039871
0.039641
0.040531
0.040409
0.040305
0.039622
0.039768
0.038274
0.039275
0.039199
0.038217
0.040195
0.040480
0.037919
0.038708
0.038877
0.038558
0.038128
0.039641
0.038864
0.039316
0.038716
0.038623
0.039255
0.040674
0.041263
0.042625
0.082907
0.084963
0.083347
0.086696
0.081452
0.084599
0.079975
0.082806
0.082147
0.085659
0.079757
0.079661
0.082131
0.081527
0.080014
0.082693
0.086964
0.095332
0.082604
0.079517
0.081299
0.080084
0.092329
0.093761
0.090157
0.086095
0.087102
0.086114
0.086952
0.087420
0.079688
0.079846
0.081896
0.080834
0.084272
0.084297
0.084952
0.088450
0.087669
0.088256
0.086811
0.086630
0.086997
0.089733
0.087447
0.086780
0.086485
0.085097
0.083900
0.084524
0.085466
0.089755
0.044469
0.047223
0.046722
0.042495
0.045306
0.044975
0.045003
0.044628
0.043454
0.043524
0.048365
0.047631
0.044038
0.044226
0.042791
0.042574
0.043813
0.047658
0.047196
0.045562
0.044452
0.046498
0.047418
0.045723
0.046040
0.045667
0.045572
0.010856
0.010752
0.010448
0.010525
0.010868
0.010821
0.010776
0.010931
0.010920
0.011213
0.010977
0.010466
0.010411
0.010312
0.010375
0.010551
0.010775
0.011424
0.011440
0.011947
0.011828
0.011884
0.011058
0.010701
0.010512
0.010281
0.010239
0.010251
0.010861
0.011308
0.011412
0.011490
0.011557
0.011248
0.011160
0.010917
0.011086
0.011292
0.011229
0.011411
0.011212
0.011532
0.011411
0.011404
0.011484
0.011558
0.011678
0.011797
0.011422
0.011220
0.011164
0.011163
0.011099
0.011292
0.011385
0.011267
0.011147
0.011106
0.011273
0.011168
0.010843
0.010935
0.010840
0.010767
0.010942
0.010679
0.010551
0.010510
0.010469
0.010124
0.010193
0.010473
0.010697
0.010889
0.010866
0.010747
0.010611
0.010684
0.010583
0.010605
0.010489
0.010508
0.010323
0.010514
0.010780
0.010843
0.010685
0.010805
0.010791
0.010787
0.010923
0.010893
0.011046
0.011017
0.010828
0.010791
0.011055
0.011311
0.011279
0.010981
0.011012
0.010757
0.011172
0.011012
0.011048
0.010946
0.011162
0.011102
0.010958
0.010898
0.011076
0.011099
0.011210
0.011173
0.011081
0.010881
0.010926
0.011111
0.010901
0.011099
0.011005
0.010866
0.010930
0.010749
0.011349
0.011253
0.011093
0.011466
0.011292
0.010782
0.010596
0.010929
0.010661
0.010391
0.010156
0.010410
0.010480
0.010962
0.011107
0.011147
0.011219
0.011643
0.011175
0.011043
0.011503
0.011476
0.011720
0.011589
0.011542
0.011481
0.011264
0.011303
0.011386
0.011438
0.011717
0.012338
0.012187
0.012014
0.011741
0.011830
0.011852
0.012087
0.011988
0.012040
0.011843
0.011648
0.011725
0.011324
0.011297
0.011274
0.011174
0.011128
0.010902
0.010802
0.010749
0.010930
0.011069
0.011024
0.011171
0.011266
0.011092
0.011079
0.010857
0.010817
0.010834
0.010858
0.061261
0.059320
0.061407
0.059142
0.058706
0.053639
0.054340
0.053126
0.052242
0.054084
0.054195
0.036751
0.051507
0.056224
0.055930
0.051332
0.052753
0.054406
0.050081
0.053464
0.056089
0.057527
0.054715
0.054972
0.058536
0.057218
0.042983
0.051807
0.041428
0.043703
0.060198
0.053448
0.054511
0.051665
0.052530
0.059306
0.057745
0.057114
0.058487
0.059090
0.060738
0.053696
0.060157
0.040809
0.038749
0.054425
0.044722
0.044906
0.047357
0.046218
0.041631
0.054173
0.011874
0.011770
0.011608
0.011333
0.011827
0.012012
0.012368
0.012291
0.012349
0.012216
0.012662
0.012935
0.013275
0.013168
0.013185
0.012770
0.012885
0.012955
0.013248
0.012883
0.012733
0.013081
0.012684
0.012984
0.013167
0.013038
0.012903
0.012494
0.012461
0.012564
0.012593
0.012606
0.012382
0.012402
0.012341
0.012383
0.012239
0.012332
0.012439
0.013384
0.013243
0.013383
0.013583
0.013811
0.013915
0.013738
0.013781
0.014024
0.014293
0.014351
0.014249
0.013759
0.013783
0.013785
0.013596
0.013731
0.012999
0.013108
0.013320
0.013367
0.013604
0.013680
0.013796
0.013813
0.013472
0.012886
0.012911
0.013193
0.012928
0.012583
0.012235
0.011858
0.011832
0.012074
0.011715
0.011289
0.011413
0.011011
0.011147
0.011334
0.011208
0.010902
0.011728
0.011616
0.011845
0.011740
0.011835
0.011897
0.011789
0.011515
0.011140
0.010934
0.011000
0.011013
0.011319
0.011345
0.011714
0.011499
0.011648
0.011144
0.011137
0.011368
0.011144
0.011276
0.012407
0.012458
0.012332
0.012156
0.011774
0.011718
0.011630
0.011646
0.011540
0.011783
0.011822
0.011898
0.012049
0.011962
0.012118
0.012355
0.012361
0.012074
0.012004
0.011550
0.011962
0.012214
0.012689
0.012674
0.012500
0.012390
0.012320
0.012381
0.012227
0.012293
0.012472
0.012501
0.012295
0.011812
0.011523
0.011711
0.011581
0.011748
0.012325
0.012206
0.012417
0.012223
0.012489
0.053798
0.053820
0.060169
0.057163
0.043897
0.046156
0.045692
0.049956
0.056957
0.056969
0.058366
0.054876
0.054847
0.057191
0.057584
0.059090
0.059810
0.059088
0.059763
0.060485
0.062154
0.059897
0.060965
0.061632
0.060523
0.054615
0.055731
0.056536
0.055003
0.057779
0.056524
0.056677
0.058017
0.057135
0.052518
0.052351
0.052838
0.052010
0.055711
0.057689
0.057148
0.056489
0.059316
0.058025
0.059093
0.059798
0.059140
0.060175
0.054352
0.055994
0.057649
0.058703
0.055091
0.054874
0.057802
0.056956
0.059330
0.058284
0.059424
0.056875
0.054183
0.056222
0.060018
0.061922
0.061976
0.061047
0.060422
0.060354
0.060531
0.060506
0.060595
0.059291
0.058907
0.061398
0.060226
0.060023
0.063060
0.060915
0.061611
0.061487
0.062131
0.062118
0.063182
0.062859
0.062550
0.060177
0.009852
0.010422
0.011523
0.011163
0.011494
0.011018
0.010984
0.010377
0.010182
0.010207
0.010609
0.011466
0.012169
0.012561
0.012077
0.012670
0.011850
0.011647
0.011632
0.011447
0.011444
0.011470
0.011388
0.011220
0.011012
0.010761
0.010787
0.010737
0.010622
0.010163
0.010307
0.010160
0.010471
0.010490
0.010512
0.010937
0.010766
0.010955
0.011277
0.011187
0.011155
0.011153
0.010962
0.011180
0.011363
0.011331
0.010747
0.010861
0.010860
0.010849
0.010991
0.010988
0.010710
0.010678
0.010653
0.010657
0.010804
0.010972
0.010980
0.010667
0.010606
0.010215
0.010199
0.010259
0.010471
0.010330
0.010104
0.010163
0.010283
0.010277
0.009871
0.010109
0.010112
0.010446
0.010260
0.010612
0.010494
0.010475
0.010514
0.010524
0.010337
0.010372
0.010688
0.010598
0.010354
0.010537
0.010447
0.010346
0.010395
0.010328
0.010405
0.010279
0.010169
0.010293
0.010405
0.009927
0.009655
0.009501
0.009607
0.009563
0.009670
0.009434
0.009574
0.009401
0.009327
0.009648
0.009979
0.009860
0.009449
0.009656
0.009694
0.009814
0.009898
0.009691
0.009193
0.009492
0.009454
0.009664
0.009804
0.009663
0.009370
0.009563
0.009579
0.009205
0.009067
0.009416
0.008299
0.007907
0.008061
0.008129
0.008057
0.008048
0.008559
0.008474
0.008490
0.008426
0.008479
0.009014
0.009274
0.009496
0.009465
0.009432
0.009441
0.009493
0.009020
0.009061
0.008983
0.008913
0.008753
0.008730
0.008471
0.008458
0.008396
0.008393
0.008371
0.008498
0.007997
0.008317
0.008132
0.008326
0.008097
0.008204
0.008100
0.008430
0.008858
0.008712
0.008585
0.008916
0.008583
0.008667
0.008250
0.008379
0.008322
0.008306
0.008681
0.008812
0.008660
0.059887
0.060314
0.059636
0.063359
0.064103
0.059710
0.060694
0.063793
0.063491
0.063581
0.063605
0.063306
0.062240
0.061457
0.062527
0.064124
0.065648
0.061897
0.066022
0.061511
0.061753
0.054807
0.054175
0.056828
0.054510
0.056749
0.051985
0.055708
0.055794
0.056011
0.057133
0.057333
0.057729
0.057917
0.054067
0.054554
0.054901
0.055681
0.058208
0.043110
0.057649
0.053486
0.054048
0.045674
0.045645
0.047621
0.046457
0.050599
0.049735
0.049854
0.049212
0.048463
0.049974
0.050262
0.055138
0.054031
0.055256
0.050276
0.047629
0.050970
0.051469
0.051530
0.050856
0.051311
0.050525
0.050686
0.050934
0.050373
0.049972
0.050665
0.050993
0.050381
0.057793
0.057318
0.060111
0.057812
0.055003
0.054732
0.057640
0.055442
0.055679
0.055286
0.055131
0.055210
0.056499
0.055997
0.058009
0.058287
0.057091
0.056933
0.057518
0.057044
0.059271
0.059016
0.049849
0.058483
0.057545
0.058849
0.059434
0.058565
0.058081
0.058953
0.058764
0.059977
0.059995
0.059542
0.012274
0.012342
0.012153
0.011764
0.011863
0.011984
0.012377
0.012646
0.012525
0.012272
0.012064
0.012013
0.011965
0.011765
0.011759
0.011857
0.011974
0.012042
0.012065
0.012104
0.012045
0.011825
0.011779
0.011652
0.011593
0.011636
0.011640
0.011561
0.011818
0.012111
0.012331
0.012276
0.011747
0.011490
0.011415
0.011616
0.011985
0.011750
0.011462
0.010750
0.011042
0.010909
0.011191
0.011245
0.010832
0.010921
0.012118
0.011949
0.011562
0.011671
0.011011
0.010937
0.010792
0.010894
0.011033
0.011010
0.011093
0.011150
0.010267
0.010957
0.010956
0.010477
0.009690
0.010087
0.010701
0.010693
0.009929
0.009989
0.009802
0.010638
0.010240
0.009621
0.009529
0.010399
0.010415
0.010931
0.011075
0.011117
0.010905
0.010971
0.011255
0.011951
0.012222
0.011796
0.012144
0.011965
0.011976
0.012238
0.011987
0.011987
0.012156
0.012087
0.012188
0.011950
0.011836
0.011961
0.012142
0.063341
0.062217
0.060463
0.050936
0.046581
0.047640
0.050018
0.062665
0.063020
0.064318
0.054923
0.052461
0.054012
0.052582
0.053878
0.053731
0.056523
0.052137
0.051193
0.050218
0.052065
0.051570
0.050238
0.050217
0.054763
0.059475
0.051815
0.053843
0.053627
0.054372
0.048049
0.051225
0.046403
0.046317
0.046478
0.048440
0.045801
0.048676
0.047948
0.043071
0.044932
0.040393
0.041055
0.050565
0.052061
0.050932
0.036682
0.038276
0.042488
0.052415
0.052856
0.051766
0.052499
0.052686
0.052190
0.053509
0.046487
0.043819
0.043730
0.052437
0.009699
0.009567
0.009466
0.009485
0.009634
0.010032
0.010144
0.010430
0.010502
0.010346
0.010426
0.010440
0.010425
0.010297
0.010302
0.010439
0.010033
0.009728
0.009730
0.009654
0.009505
0.009451
0.009548
0.009268
0.009172
0.008731
0.008088
0.007783
0.057832
0.056799
0.061120
0.056650
0.055900
0.053774
0.054066
0.056948
0.054463
0.059536
0.059142
0.057461
0.058112
0.058227
0.059006
0.054367
0.058627
0.058687
0.058078
0.059839
0.059806
0.061273
0.060949
0.063675
0.060375
0.061039
0.058248
0.059792
0.061149
0.059982
0.060877
0.046331
0.045074
0.044808
0.044163
0.043829
0.043478
0.045623
0.044642
0.044092
0.044920
0.045253
0.044880
0.063016
0.058799
0.058108
0.058165
0.056688
0.047432
0.046938
0.057837
0.058768
0.057978
0.060933
0.011137
0.010933
0.011025
0.010852
0.011059
0.011421
0.011640
0.012311
0.012588
0.012684
0.013267
0.013412
0.013482
0.013525
0.013653
0.013775
0.013562
0.013831
0.014283
0.013924
0.014228
0.014469
0.014099
0.014351
0.014534
0.014485
0.014944
0.014613
0.014921
0.014916
0.014636
0.014738
0.014632
0.014497
0.015061
0.015066
0.015011
0.015128
0.015044
0.015116
0.015215
0.014596
0.014406
0.016153
0.014847
0.016362
0.016627
0.016089
0.014775
0.015132
0.014922
0.014760
0.014764
0.014399
0.014713
0.014705
0.014632
0.014488
0.014502
0.014187
0.013793
0.013623
0.013449
0.013267
0.012941
0.012758
0.012525
0.012311
0.011775
0.011882
0.011418
0.011657
0.011546
0.011310
0.011250
0.010863
0.011122
0.011503
0.011943
0.011924
0.011854
0.011989
0.012169
0.012281
0.012255
0.012575
0.012338
0.012707
0.012456
0.012432
0.012762
0.012480
0.012147
0.011228
0.010818
0.010707
0.010713
0.010313
0.010254
0.010504
0.010356
0.010232
0.010141
0.010273
0.010129
0.010039
0.010092
0.010583
0.010510
0.010431
0.010552
0.010345
0.010452
0.009962
0.010262
0.009996
0.010241
0.009745
0.009569
0.009502
0.009576
0.009889
0.010160
0.010173
0.010258
0.010237
0.010062
0.010088
0.010471
0.010235
0.010455
0.010188
0.010379
0.010453
0.010456
0.010324
0.010759
0.010798
0.010827
0.010948
0.011088
0.011474
0.012123
0.012017
0.012512
0.012196
0.012100
0.012501
0.012505
0.012044
0.012257
0.012339
0.012161
0.011973
0.011883
0.011813
0.011697
0.011580
0.011032
0.010777
0.010834
0.010720
0.011048
0.011406
0.011729
0.011830
0.011878
0.012025
0.012056
0.012326
0.012237
0.012088
0.012095
0.011905
0.012003
0.012100
0.012100
0.044731
0.045474
0.047526
0.047838
0.049103
0.043824
0.045821
0.043096
0.042241
0.042436
0.046258
0.041977
0.042596
0.042990
0.042264
0.041489
0.041933
0.041913
0.043065
0.045947
0.043781
0.045289
0.045616
0.045411
0.013507
0.013816
0.013946
0.013901
0.013900
0.013536
0.013511
0.013662
0.013435
0.013329
0.013439
0.013499
0.013525
0.013939
0.014650
0.015057
0.014608
0.013419
0.013014
0.012702
0.012533
0.012566
0.012387
0.012477
0.012432
0.012624
0.012795
0.012767
0.013039
0.013382
0.013238
0.013048
0.013101
0.013102
0.013035
0.012787
0.012896
0.012966
0.012619
0.012772
0.012237
0.012251
0.011956
0.011931
0.012485
0.013461
0.013164
0.013208
0.013320
0.013375
0.013007
0.012767
0.013719
0.012879
0.044153
0.042732
0.040781
0.044255
0.044062
0.040473
0.045145
0.044077
0.046234
0.051754
0.045512
0.050279
0.046084
0.050181
0.044114
0.049738
0.050131
0.050288
0.050899
0.045434
0.046078
0.047023
0.045767
0.050425
0.051632
0.049948
0.049669
0.049704
0.049408
0.048717
0.049262
0.060737
0.060647
0.058563
0.058856
0.058844
0.059987
0.058983
0.053050
0.053083
0.046128
0.042791
0.043486
0.049878
0.010383
0.010470
0.011047
0.010835
0.010790
0.011188
0.011193
0.011686
0.011694
0.011626
0.011963
0.012017
0.012020
0.012176
0.013190
0.015861
0.017313
0.016213
0.016365
0.016597
0.016143
0.015862
0.016454
0.016059
0.016285
0.016104
0.016200
0.016653
0.016490
0.017640
0.017245
0.016525
0.016998
0.016929
0.017012
0.017258
0.017229
0.017335
0.017232
0.016997
0.050041
0.049402
0.050062
0.048921
0.051812
0.051662
0.048139
0.048952
0.048268
0.048221
0.048889
0.046702
0.050156
0.052570
0.048078
0.049088
0.049827
0.047801
0.048854
0.046599
0.048459
0.049740
0.051209
0.050760
0.051236
0.048802
0.048393
0.052215
0.050129
0.050968
0.052803
0.051230
0.050910
0.053352
0.052507
0.052439
0.052996
0.054159
0.054622
0.053948
0.053012
0.051346
0.046891
0.051801
0.045536
0.053439
0.054280
0.052298
0.052976
0.052020
0.051905
0.051803
0.050189
0.049173
0.049298
0.051108
0.042000
0.049043
0.048761
0.049940
0.051639
0.054057
0.045161
0.049341
0.050955
0.049527
0.049948
0.051109
0.045942
0.046152
0.044222
0.040612
0.046662
0.040880
0.040735
0.040206
0.041089
0.040406
0.042992
0.042902
0.042892
0.042807
0.051615
0.048395
0.041656
0.049238
0.044574
0.041306
0.011094
0.011464
0.011563
0.011484
0.011460
0.011481
0.011384
0.011257
0.011211
0.011220
0.010812
0.010855
0.010862
0.010817
0.009823
0.008216
0.008448
0.008412
0.008415
0.008619
0.008269
0.008438
0.008291
0.008257
0.008078
0.008048
0.008093
0.008278
0.008513
0.008073
0.007907
0.008066
0.007943
0.007646
0.007777
0.007889
0.007903
0.008293
0.008364
0.008401
0.008107
0.008079
0.008041
0.008061
0.008151
0.008034
0.008011
0.008162
0.007890
0.008020
0.007948
0.007945
0.008064
0.008228
0.008199
0.008459
0.008407
0.008658
0.008697
0.008810
0.008953
0.008964
0.009085
0.009596
0.009788
0.009947
0.009872
0.009862
0.009522
0.009989
0.010159
0.010241
0.010373
0.010042
0.010470
0.011027
0.010515
0.010651
0.010191
0.009112
0.009304
0.009876
0.009867
0.009309
0.008753
0.056400
0.059465
0.046253
0.060445
0.046318
0.046262
0.045763
0.048985
0.050555
0.051971
0.049127
0.046183
0.058146
0.055929
0.055313
0.055100
0.055430
0.055890
0.056095
0.056720
0.056747
0.055479
0.056414
0.056100
0.055616
0.057340
0.055645
0.056340
0.056269
0.009608
0.009477
0.009363
0.009397
0.009588
0.009702
0.009822
0.009998
0.009782
0.009688
0.009649
0.009983
0.010187
0.009883
0.009975
0.010405
0.010854
0.011105
0.010854
0.010979
0.011609
0.012028
0.012726
0.013151
0.013999
0.013882
0.014230
0.015191
0.015606
0.015538
0.015564
0.016565
0.016871
0.016714
0.016938
0.016936
0.016474
0.016321
0.016933
0.017133
0.018027
0.017917
0.018294
0.018938
0.018352
0.018237
0.018253
0.018141
0.017870
0.017968
0.017990
0.018079
0.017357
0.017714
0.055424
0.055152
0.055501
0.061492
0.053541
0.056535
0.059580
0.054107
0.060704
0.054091
0.053296
0.061616
0.062018
0.051761
0.054850
0.042620
0.050538
0.057352
0.057281
0.058256
0.057865
0.059239
0.051578
0.047223
0.047372
0.045455
0.045749
0.013660
0.013862
0.014045
0.013880
0.013289
0.012846
0.012678
0.012063
0.012233
0.012666
0.012498
0.012305
0.012713
0.011977
0.011826
0.012149
0.012240
0.012132
0.012399
0.012461
0.012387
0.012818
0.012980
0.012996
0.013010
0.013039
0.012883
0.012770
0.012713
0.012453
0.012237
0.012352
0.011699
0.011919
0.011644
0.011752
0.012115
0.011756
0.012027
0.011710
0.011849
0.011584
0.012142
0.012175
0.012702
0.012762
0.013181
0.012559
0.012340
0.012201
0.012369
0.012628
0.012661
0.013256
0.013358
0.013458
0.013432
0.013257
0.013611
0.013497
0.013685
0.013874
0.014320
0.013768
0.013662
0.013971
0.014596
0.014596
0.014593
0.014708
0.014868
0.014802
0.015126
0.015517
0.015225
0.015134
0.015236
0.014815
0.014671
0.014672
0.013656
0.013854
0.013826
0.013867
0.013604
0.013821
0.013765
0.014002
0.013796
0.014446
0.013630
0.014398
0.013685
0.013816
0.014266
0.014761
0.014441
0.014969
0.015378
0.015060
0.015608
0.015591
0.016124
0.016894
0.016775
0.016532
0.016254
0.016578
0.016776
0.015728
0.016126
0.015151
0.015211
0.015321
0.015042
0.014777
0.014385
0.014237
0.013385
0.014066
0.013690
0.013875
0.013772
0.013484
0.012742
0.013028
0.012476
0.012468
0.012929
0.013534
0.013423
0.013063
0.013719
0.013202
0.012803
0.013214
0.012852
0.012499
0.012653
0.012718
0.012308
0.012268
0.012800
0.013042
0.012860
0.012309
0.011842
0.011268
0.011588
0.011567
0.011432
0.011811
0.010586
0.010450
0.009637
0.010894
0.011786
0.011937
0.011553
0.010842
0.011526
0.011607
0.012282
0.011423
0.011499
0.011130
0.011308
0.011003
0.010960
0.010981
0.011552
0.011934
0.011282
0.011062
0.011081
0.011157
0.011506
0.011653
0.011378
0.011503
0.011675
0.012175
0.012500
0.010827
0.010859
0.012765
0.012237
0.012413
0.011840
0.010747
0.012254
0.012163
0.012317
0.012270
0.011293
0.010869
0.010966
0.010835
0.011665
0.011706
0.010963
0.009619
0.009972
0.011179
0.012166
0.013270
0.012801
0.014044
0.012868
0.013113
0.012605
0.012772
0.013196
0.013366
0.013252
0.013466
0.013131
0.013176
0.012986
0.012934
0.013047
0.011393
0.013423
0.013183
0.012522
0.012960
0.015055
0.014143
0.014255
0.015746
0.015785
0.014670
0.014507
0.014568
0.056463
0.055776
0.055222
0.054946
0.045098
0.047317
0.052684
0.051896
0.052198
0.052111
0.052960
0.052168
0.051818
0.051695
0.053762
0.051268
0.051622
0.053050
0.054401
0.052760
0.053897
0.049786
0.054401
0.057842
0.051595
0.058863
0.060063
0.061780
0.058510
0.058016
0.060174
0.058097
0.059582
0.058424
0.058465
0.052251
0.049750
0.052704
0.051797
0.050235
0.059467
0.057474
0.056101
0.057644
0.052927
0.057656
0.053986
0.053079
0.062467
0.061228
0.059557
0.063028
0.055649
0.061372
0.057980
0.061936
0.064618
0.063650
0.062389
0.062324
0.062929
0.061549
0.063637
0.062188
0.062128
0.060658
0.060839
0.063938
0.061293
0.064051
0.064451
0.062967
0.064918
0.063745
0.059063
0.060857
0.060372
0.060659
0.061995
0.061272
0.062035
0.063278
0.061397
0.060383
0.062861
0.061085
0.061201
0.062881
0.060303
0.062411
0.057848
0.060729
0.057856
0.057237
0.056593
0.055958
0.063073
0.062020
0.062162
0.063756
0.065138
0.061241
0.063169
0.063463
0.062602
0.063099
0.062259
0.063291
0.064595
0.065723
0.066637
0.065280
0.065963
0.065140
0.065103
0.066653
0.061279
0.065896
0.060684
0.058609
0.057144
0.057978
0.057236
0.058798
0.059454
0.057312
0.062445
0.059602
0.058489
0.060462
0.060287
0.060872
0.057958
0.061359
0.015897
0.015999
0.015437
0.015334
0.015416
0.015187
0.015180
0.015621
0.015992
0.015738
0.016408
0.016294
0.015987
0.016431
0.016314
0.016418
0.016243
0.015882
0.016331
0.016649
0.016794
0.017053
0.017183
0.017084
0.017546
0.017025
0.016932
0.017110
0.017371
0.017267
0.017253
0.017231
0.016856
0.016440
0.016341
0.016175
0.016311
0.016082
0.016014
0.016125
0.016060
0.016340
0.016242
0.016368
0.016435
0.016628
0.016548
0.016505
0.016173
0.016048
0.016066
0.015916
0.016132
0.015873
0.016029
0.015910
0.015799
0.015782
0.015906
0.016202
0.015966
0.016158
0.016863
0.016638
0.016535
0.016595
0.016859
0.016322
0.016884
0.016703
0.016446
0.016160
0.016005
0.016382
0.016878
0.017393
0.017577
0.017160
0.016907
0.017167
0.017119
0.016844
0.016949
0.016866
0.016870
0.017321
0.016758
0.016726
0.017084
0.017294
0.016704
0.016580
0.017191
0.017050
0.017115
0.016979
0.016019
0.015596
0.015597
0.015791
0.053034
0.056260
0.056000
0.054915
0.054912
0.055936
0.058042
0.059155
0.057426
0.056948
0.054172
0.057471
0.058404
0.060121
0.056788
0.058627
0.060906
0.060502
0.059811
0.060479
0.060955
0.060597
0.059534
0.060078
0.059774
0.059072
0.056758
0.059492
0.058743
0.062525
0.060761
0.058436
0.055209
0.055271
0.060017
0.061936
0.060228
0.055884
0.056651
0.060621
0.058773
0.058402
0.060865
0.058253
0.056858
0.057576
0.057090
0.057328
0.056870
0.057165
0.057202
0.057466
0.057025
0.057065
0.058946
0.058545
0.056338
0.058576
0.056135
0.056039
0.055370
0.055933
0.056616
0.055953
0.055257
0.056313
0.055704
0.056118
0.054933
0.053214
0.053275
0.052029
0.052364
0.053066
0.052627
0.053456
0.053868
0.054193
0.054826
0.053133
0.053674
0.052955
0.052312
0.053561
0.053104
0.051137
0.049259
0.050305
0.050046
0.049543
0.050628
0.050363
0.050257
0.045715
0.046946
0.046831
0.047154
0.046569
0.047288
0.048269
0.049344
0.054838
0.050755
0.056687
0.055135
0.055626
0.057407
0.057912
0.059451
0.057401
0.048834
0.048810
0.046032
0.045712
0.050348
0.057677
0.057150
0.052019
0.050301
0.051476
0.050316
0.050929
0.059164
0.056739
0.060929
0.059683
0.056531
0.055763
0.056019
0.054498
0.055678
0.055166
0.053519
0.055731
0.054846
0.056357
0.054201
0.056141
0.054044
0.055624
0.055892
0.056886
0.057444
0.057741
0.056504
0.056435
0.056142
0.057385
0.056661
0.057239
0.056507
0.057192
0.056096
0.056150
0.011812
0.011772
0.012037
0.011563
0.011450
0.011326
0.011333
0.011104
0.010951
0.011099
0.011144
0.011108
0.010926
0.010717
0.010918
0.011091
0.011093
0.011129
0.011154
0.011453
0.011709
0.011837
0.011877
0.011902
0.012051
0.011545
0.011381
0.011254
0.011055
0.010855
0.011101
0.010658
0.010576
0.010276
0.010308
0.010350
0.010323
0.010221
0.010404
0.010282
0.010299
0.010306
0.010108
0.010237
0.010516
0.010315
0.010890
0.010793
0.010619
0.010717
0.010687
0.010536
0.010504
0.010293
0.010403
0.010970
0.011125
0.010760
0.010498
0.010726
0.010635
0.010495
0.010133
0.010029
0.009618
0.009478
0.009861
0.010467
0.010647
0.010636
0.010579
0.010613
0.010533
0.010701
0.010550
0.010745
0.010925
0.010361
0.010241
0.010325
0.010138
0.010218
0.010333
0.010444
0.010486
0.010549
0.010527
0.010301
0.010390
0.010388
0.010303
0.009863
0.010056
0.009399
0.009372
0.009369
0.009223
0.009399
0.009335
0.009273
0.009202
0.009242
0.009244
0.009132
0.009400
0.009492
0.009770
0.010159
0.010163
0.010220
0.010187
0.010133
0.010064
0.010490
0.010701
0.010848
0.010918
0.011421
0.011544
0.011618
0.011602
0.011573
0.011483
0.011427
0.011315
0.011138
0.011156
0.011340
0.011153
0.011114
0.011086
0.011022
0.010958
0.010937
0.010955
0.010920
0.010934
0.011196
0.011115
0.011127
0.011017
0.010980
0.010931
0.010906
0.010786
0.010699
0.010679
0.010663
0.010714
0.010486
0.010411
0.010325
0.010357
0.010573
0.010421
0.010419
0.010438
0.010487
0.010547
0.010372
0.010033
0.010043
0.010270
0.010224
0.010395
0.010248
0.010234
0.010356
0.010430
0.010462
0.010444
0.010442
0.010620
0.010822
0.011024
0.011091
0.011011
0.011407
0.011120
0.011373
0.011713
0.011937
0.012290
0.012658
0.012247
0.011715
0.011623
0.011850
0.011311
0.011461
0.011617
0.011593
0.011136
0.050162
0.051612
0.053156
0.050608
0.050910
0.049383
0.051539
0.051092
0.049430
0.050367
0.051765
0.049482
0.055292
0.054184
0.054927
0.054175
0.053846
0.054190
0.053835
0.052799
0.055243
0.051644
0.053470
0.053491
0.055101
0.054335
0.053004
0.055478
0.054709
0.055203
0.053846
0.049895
0.050951
0.051893
0.052163
0.050392
0.051112
0.052059
0.050616
0.049833
0.048680
0.049764
0.050188
0.049073
0.048955
0.048513
0.047649
0.047786
0.049666
0.049782
0.049385
0.048043
0.053698
0.049459
0.047747
0.048072
0.048962
0.049465
0.056228
0.053055
0.051749
0.054326
0.054224
0.051971
0.052563
0.051892
0.052162
0.050765
0.051055
0.051117
0.051472
0.049904
0.049120
0.049187
0.051516
0.050265
0.050297
0.049356
0.050137
0.048584
0.049364
0.049518
0.049746
0.049870
0.050258
0.051578
0.051209
0.050036
0.050940
0.050824
0.049557
0.048515
0.049943
0.049336
0.048811
0.046758
0.047242
0.047599
0.049251
0.048986
0.050466
0.049054
0.048649
0.049102
0.047633
0.049035
0.049189
0.048895
0.049171
0.047634
0.047087
0.057086
0.056142
0.057827
0.038718
0.055259
0.057487
0.056959
0.046626
0.057462
0.056214
0.048777
0.049041
0.048118
0.052251
0.053224
0.055927
0.053221
0.052837
0.053879
0.051443
0.054209
0.047607
0.050118
0.059418
0.059314
0.054062
0.060045
0.054940
0.055597
0.054024
0.050033
0.050310
0.049706
0.049996
0.048425
0.048806
0.044254
0.053394
0.049310
0.049599
0.050964
0.050978
0.050330
0.053466
0.054329
0.056499
0.055729
0.056572
0.058620
0.058996
0.056907
0.051250
0.049534
0.050620
0.047971
0.051982
0.051881
0.052567
0.061009
0.053188
0.011553
0.011107
0.011357
0.011291
0.011457
0.011384
0.011340
0.011477
0.011995
0.011789
0.011672
0.012006
0.011463
0.010521
0.010122
0.010112
0.010360
0.010549
0.010689
0.010782
0.011015
0.010761
0.010662
0.010524
0.010285
0.010133
0.010356
0.010558
0.010606
0.010574
0.010431
0.010331
0.010060
0.009991
0.010013
0.009948
0.009955
0.010019
0.010039
0.009962
0.010271
0.010385
0.010426
0.010510
0.010721
0.010707
0.010946
0.010837
0.010859
0.010705
0.010367
0.010373
0.010210
0.010246
0.010291
0.010186
0.010315
0.009957
0.009922
0.010041
0.010129
0.009776
0.009888
0.009380
0.009259
0.009064
0.008991
0.008911
0.009014
0.009007
0.009065
0.009382
0.009547
0.009498
0.009836
0.009931
0.010388
0.010447
0.010491
0.010414
0.010166
0.009957
0.009915
0.009999
0.009986
0.009901
0.009858
0.009931
0.010122
0.010044
0.009952
0.010014
0.009837
0.055211
0.054299
0.053425
0.052350
0.056878
0.054205
0.053418
0.053970
0.057759
0.052622
0.042579
0.041002
0.041323
0.040889
0.042371
0.043519
0.042281
0.054185
0.053035
0.062895
0.045515
0.055071
0.061914
0.062162
0.062807
0.061289
0.040512
0.064201
0.041264
0.041292
0.041302
0.042256
0.042504
0.045339
0.048036
0.054545
0.049434
0.054149
0.054904
0.061405
0.058664
0.054818
0.054689
0.052596
0.052262
0.054263
0.054052
0.053722
0.059502
0.054569
0.055022
0.053488
0.053443
0.053328
0.050056
0.049704
0.049545
0.051457
0.052272
0.053680
0.052366
0.052767
0.051827
0.050061
0.052724
0.053194
0.051421
0.053834
0.051111
0.047383
0.044478
0.044374
0.044378
0.059072
0.059459
0.059253
0.058514
0.050498
0.040542
0.059687
0.042290
0.059796
0.059802
0.058917
0.060715
0.060438
0.059574
0.059859
0.059660
0.058876
0.047122
0.055540
0.053365
0.055866
0.056069
0.056969
0.056696
0.059815
0.060185
0.059834
0.059650
0.061424
0.057418
0.060852
0.060602
0.061041
0.062951
0.061718
0.059564
0.060099
0.059275
0.044382
0.045766
0.044912
0.045250
0.042130
0.011760
0.011981
0.011965
0.011523
0.011541
0.011330
0.011273
0.011543
0.011290
0.011128
0.011084
0.011125
0.011621
0.012456
0.012531
0.012222
0.011874
0.011324
0.011243
0.011360
0.011823
0.011919
0.011136
0.011399
0.011171
0.011937
0.012331
0.012655
0.013326
0.013107
0.013178
0.013564
0.013856
0.013728
0.013787
0.012854
0.012812
0.012774
0.012349
0.012462
0.012897
0.013168
0.013290
0.013124
0.013025
0.012825
0.013042
0.012727
0.013063
0.013401
0.013380
0.013325
0.013269
0.012857
0.012800
0.012955
0.013199
0.013025
0.013312
0.013618
0.013384
0.013014
0.012495
0.012246
0.012442
0.012243
0.011784
0.011509
0.011450
0.011411
0.011518
0.011576
0.011437
0.011458
0.011577
0.011539
0.011546
0.011334
0.011617
0.011672
0.011639
0.011744
0.011610
0.011467
0.011498
0.011591
0.011611
0.011792
0.011723
0.011698
0.012043
0.011333
0.013174
0.012467
0.013840
0.013788
0.014350
0.014660
0.014430
0.013931
0.013787
0.013688
0.013866
0.013485
0.382975
0.379972
0.393092
0.388285
0.328685
0.313186
0.297691
0.278827
0.292496
0.273972
0.254957
0.257035
0.242767
0.233158
0.233165
0.236774
0.237234
0.235763
0.223909
0.216109
0.208197
0.207541
0.213435
0.206806
0.196652
0.197909
0.195915
0.196540
0.195604
0.196492
0.198725
0.212140
0.212091
0.192597
0.192763
0.192905
0.194418
0.192896
0.192715
0.190649
0.192378
0.191980
0.207113
0.192447
0.195179
0.195132
0.213335
0.212799
0.206204
0.207269
0.198521
0.194633
0.200778
0.209343
0.207195
0.213441
0.204845
0.214825
0.226713
0.203309
0.235856
0.238954
0.234958
0.186012
0.184645
0.339503
0.341371
0.348426
0.354273
0.342539
0.382804
0.389084
0.391656
0.365781
0.362137
0.364098
0.347862
0.347616
0.327993
0.324768
0.324289
0.318864
0.320087
0.324554
0.320149
0.312572
0.305087
0.301153
0.298684
0.276990
0.282216
0.271707
0.249154
0.266679
0.269539
0.284330
0.271726
0.269531
0.286679
0.275667
0.280335
0.274161
0.275616
0.282807
0.278841
0.284121
0.283227
0.284991
0.280801
0.283931
0.282497
0.282497
0.282124
0.282886
0.283185
0.282757
0.282499
0.282797
0.282491
0.282037
0.282909
0.282460
0.282498
0.282881
0.282430
0.282457
0.282881
0.282400
0.282491
0.282881
0.282394
0.282450
0.282881
0.282966
0.282816
0.282881
0.282778
0.282654
0.282881
0.021905
0.022143
0.021582
0.022176
0.022261
0.023861
0.023957
0.024509
0.024901
0.024969
0.000000
0.000036
0.000196
0.000541
0.000973
0.001456
0.001885
0.002501
0.003029
0.003356
0.003401
0.003489
0.003618
0.003634
0.004195
0.004043
0.003548
0.003493
0.003931
0.003791
0.003128
0.003024
0.003227
0.003189
0.003452
0.003663
0.003632
0.003750
0.003917
0.004018
0.004096
0.004193
0.004260
0.004224
0.003991
0.004133
0.004442
0.004755
0.005273
0.005325
0.005211
0.005247
0.005298
0.005076
0.005044
0.004956
0.005205
0.005167
0.004902
0.004827
0.004816
0.004937
0.004693
0.004408
0.004459
0.004488
0.004636
0.004853
0.004589
0.004517
0.004576
0.004375
0.004210
0.004202
0.004608
0.004756
0.005446
0.005139
0.005187
0.005328
0.005418
0.006076
0.005941
0.006453
0.006309
0.006165
0.006114
0.006080
0.006015
0.006156
0.006337
0.006285
0.006272
0.006120
0.005931
0.005775
0.005710
0.005794
0.005614
0.005620
0.005658
0.005652
0.005672
0.005298
0.005538
0.005410
0.005472
0.005201
0.005139
0.005207
0.005300
0.005249
0.005113
0.005215
0.005394
0.005394
0.005613
0.005293
0.005088
0.005540
0.005582
0.006386
0.006497
0.006803
0.006536
0.006478
0.006949
0.006838
0.006916
0.007109
0.007143
0.007134
0.007165
0.006962
0.007104
0.007356
0.007215
0.007066
0.006704
0.006890
0.007026
0.007201
0.006970
0.006797
0.006561
0.006289
0.006127
0.005747
0.005614
0.005699
0.005729
0.005877
0.005871
0.005751
0.005772
0.005945
0.006113
0.006058
0.005879
0.006073
0.006118
0.006058
0.006145
0.005943
0.005713
0.005616
0.005829
0.006065
0.005795
0.005774
0.005756
0.005916
0.006024
0.006238
0.006384
0.006257
0.006744
0.007039
0.007541
0.007315
0.007244
0.007272
0.007225
0.007488
0.007562
0.007837
0.007769
0.007902
0.007625
0.007919
0.007748
0.006931
0.006359
0.006496
0.006663
0.006618
0.006377
0.006105
0.006357
0.006651
0.007056
0.006500
0.006035
0.006067
0.006872
0.007205
0.007076
0.007101
0.007107
0.006534
0.006314
0.005815
0.005638
0.005767
0.005668
0.005788
0.005381
0.005628
0.005660
0.005589
0.005741
0.005748
0.005916
0.006219
0.006309
0.006403
0.006631
0.006537
0.006801
0.006924
0.007035
0.007182
0.007388
0.007630
0.008053
0.008175
0.008277
0.008052
0.008052
0.007957
0.007994
0.008078
0.008036
0.007846
0.007912
0.008208
0.008565
0.008638
0.008841
0.008853
0.010576
0.010034
0.009308
0.008934
0.008597
0.009232
0.008930
0.009536
0.008383
0.007570
0.007380
0.006942
0.006372
0.006583
0.006626
0.006640
0.152875
0.116581
0.080465
0.055890
0.040270
0.036839
0.044685
0.064383
0.092584
0.132811
0.183776
0.213927
0.258096
0.197296
0.201950
0.214670
0.273424
0.242598
0.238845
0.199200
0.180528
0.113285
0.113645
0.115053
0.114231
0.113500
0.113403
0.111990
0.125779
0.129590
0.143336
0.170178
0.171933
0.168229
0.160350
0.156265
0.150495
0.156339
0.161431
0.138513
0.149728
0.126405
0.135217
0.119804
0.119765
0.119708
0.122509
0.121949
0.123275
0.122970
0.121928
0.121951
0.121168
0.121177
0.121151
0.120649
0.121422
0.121505
0.121949
0.121602
0.122173
0.122830
0.122653
0.121548
0.121821
0.122945
0.121566
0.121732
0.121781
0.121853
0.120582
0.121273
0.123747
0.124655
0.124275
0.123294
0.123915
0.124615
0.125184
0.125102
0.125767
0.126147
0.125528
0.125431
0.125304
0.126187
0.126751
0.126409
0.126474
0.127121
0.127495
0.129863
0.128107
0.129855
0.128617
0.128451
0.155640
0.155020
0.155034
0.155034
0.155034
0.155034
0.147265
0.143218
0.138048
0.131832
0.115295
0.116299
0.128909
0.138623
0.095373
0.089210
0.092354
0.094083
0.128679
0.138447
0.136142
0.231953
0.156825
0.162550
0.248532
0.247762
0.200944
0.191205
0.143052
0.175394
0.154015
0.169720
0.171081
0.146773
0.113973
0.107840
0.085356
0.098321
0.086940
0.091646
0.076894
0.084649
0.090914
0.141431
0.135323
0.079895
0.093139
0.096896
0.108502
0.120401
0.128830
0.140571
0.148420
0.163504
0.159072
0.166811
0.177598
0.177601
0.165037
0.164295
0.165276
0.161761
0.160981
0.160117
0.156745
0.157048
0.154315
0.155656
0.155650
0.151742
0.153176
0.143244
0.160315
0.194137
0.155784
0.202273
0.181537
0.179894
0.174203
0.169944
0.163659
0.196126
0.210293
0.234931
0.280158
0.240954
0.265832
0.270245
0.264257
0.264473
0.265628
0.266344
0.265244
0.270075
0.280904
0.279305
0.279787
0.279967
0.279196
0.281600
0.281718
0.281633
0.137410
0.137481
0.137499
0.137507
0.133430
0.128957
0.133350
0.131951
0.126910
0.128607
0.133793
0.134353
0.133975
0.132081
0.133247
0.134269
0.134045
0.136302
0.134392
0.134658
0.135139
0.134925
0.134825
0.134511
0.134523
0.134455
0.134797
0.134486
0.134983
0.134864
0.135872
0.135433
0.131439
0.135247
0.135862
0.135293
0.135631
0.134871
0.134608
0.134249
0.135487
0.135327
0.135431
0.135434
0.135085
0.135326
0.133291
0.133558
0.129951
0.129951
0.129951
0.129951
0.129951
0.129951
0.129951
0.129951
0.129951
0.129951
0.129951
0.129951
0.129951
0.129951
0.129951
0.129951
0.129951
0.129951
0.129951
0.129951
0.129951
0.129951
0.129951
0.129951
0.157391
0.156945
0.156945
