0.083476
0.083346
0.083373
0.083103
0.083520
0.082845
0.085201
0.088407
0.084743
0.087776
0.086990
0.083714
0.088374
0.088927
0.088022
0.085702
0.088473
0.087215
0.087563
0.087448
0.086502
0.087771
0.088566
0.095471
0.096075
0.095903
0.095153
0.094756
0.096068
0.095400
0.093438
0.093786
0.091905
0.111988
0.105991
0.113808
0.139324
0.198421
0.193836
0.187632
0.186091
0.194362
0.179158
0.187316
0.184464
0.185639
0.188170
0.184418
0.181977
0.178827
0.178557
0.180685
0.182232
0.181924
0.180497
0.181240
0.181846
0.182005
0.181868
0.174825
0.169163
0.177260
0.174696
0.175261
0.176460
0.166560
0.170171
0.169627
0.183260
0.182670
0.183755
0.183223
0.183772
0.185480
0.184343
0.184319
0.183715
0.185142
0.184973
0.185639
0.175910
0.183543
0.184065
0.182335
0.180860
0.174440
0.175003
0.157452
0.040354
0.027507
0.024866
0.036026
0.033872
0.031731
0.032028
0.031519
0.031641
0.031524
0.031448
0.031516
0.031540
0.031145
0.031653
0.031649
0.031723
0.031355
0.031508
0.031514
0.031662
0.031580
0.031610
0.031645
0.031682
0.031419
0.031566
0.031443
0.031424
0.031518
0.031582
0.029503
0.029373
0.029786
0.029591
0.028844
0.029354
0.028794
0.030893
0.029511
0.029610
0.028941
0.029756
0.029634
0.029373
0.029244
0.029315
0.029171
0.029419
0.029356
0.030780
0.029512
0.029542
0.029472
0.029500
0.029554
0.029435
0.029391
0.029354
0.029211
0.029189
0.029240
0.029177
0.029582
0.029182
0.029732
0.029083
0.029785
0.029612
0.029357
0.029510
0.029084
0.029275
0.028950
0.029472
0.028982
0.029006
0.028897
0.028873
0.028863
0.028961
0.028743
0.029544
0.034075
0.029328
0.030015
0.034374
0.068741
0.106499
0.100448
0.103817
0.100885
0.103368
0.101559
0.101531
0.105502
0.106656
0.102682
0.100803
0.101644
0.100125
0.103996
0.099049
0.110951
0.099353
0.106349
0.100045
0.100882
0.100829
0.103676
0.102839
0.104102
0.103035
0.103567
0.102457
0.110443
0.112102
0.108990
0.111723
0.110140
0.110748
0.114477
0.113530
0.113178
0.113563
0.112784
0.112909
0.113221
0.112510
0.112855
0.111973
0.109125
0.109964
0.110627
0.109588
0.108570
0.108681
0.112968
0.111556
0.110873
0.110926
0.109855
0.109353
0.112236
0.113339
0.113607
0.109728
0.109052
0.109875
0.110550
0.110658
0.110837
0.110747
0.113449
0.109483
0.110333
0.110987
0.110322
0.108589
0.110745
0.109741
0.108972
0.108343
0.114245
0.113241
0.111606
0.113808
0.074576
0.079992
0.079493
0.075215
0.077855
0.078261
0.076130
0.079034
0.078223
0.083888
0.079733
0.080111
0.077235
0.077177
0.075106
0.078813
0.077794
0.078263
0.076007
0.076906
0.076269
0.076569
0.077853
0.081602
0.077109
0.082687
0.075898
0.076466
0.076251
0.078070
0.077912
0.074680
0.073660
0.076593
0.077687
0.112853
0.081538
0.077669
0.076272
0.078360
0.076103
0.078720
0.104620
0.078583
0.104331
0.081542
0.089503
0.095125
0.096023
0.096013
0.095554
0.095171
0.086190
0.082175
0.079588
0.078347
0.078349
0.079299
0.077884
0.080655
0.082184
0.079983
0.078964
0.081105
0.081147
0.079615
0.079906
0.080258
0.079585
0.101645
0.080734
0.091482
0.102915
0.090564
0.091473
0.098046
0.098762
0.099509
0.100872
0.097532
0.105600
0.104067
0.103551
0.050856
0.051343
0.049592
0.054629
0.067224
0.054984
0.067896
0.050449
0.068104
0.057215
0.053324
0.051526
0.050536
0.052126
0.060261
0.063455
0.061097
0.058677
0.063266
0.051090
0.062765
0.045783
0.058027
0.051925
0.059581
0.051075
0.044363
0.053533
0.046393
0.062278
0.061830
0.062662
0.045866
0.045976
0.062365
0.058493
0.063980
0.058399
0.062851
0.059062
0.059400
0.059843
0.059356
0.062474
0.060354
0.064909
0.062775
0.066076
0.060984
0.061394
0.065909
0.060797
0.061581
0.061040
0.059866
0.061858
0.050415
0.064387
0.061736
0.053923
0.063796
0.062453
0.056080
0.056513
0.055843
0.053749
0.043859
0.052550
0.047487
0.047772
0.045205
0.031977
0.033027
0.050508
0.032318
0.055977
0.033400
0.032906
0.032564
0.031743
0.029858
0.030995
0.027397
0.027948
0.028263
0.031330
0.030377
0.030047
0.029542
0.029681
0.030457
0.030413
0.031173
0.031331
0.031633
0.032582
0.033339
0.031879
0.032719
0.034166
0.034539
0.036443
0.036470
0.035738
0.037191
0.039072
0.038850
0.040685
0.040368
0.042401
0.043504
0.045459
0.045432
0.046947
0.047939
0.048526
0.048536
0.048652
0.049423
0.049179
0.048640
0.048674
0.047010
0.046874
0.047954
0.047633
0.046286
0.047199
0.046137
0.047525
0.046930
0.046687
0.047540
0.044550
0.046893
0.046805
0.045820
0.046063
0.047035
0.045908
0.046778
0.046841
0.061305
0.061950
0.050884
0.059814
0.059158
0.058616
0.057139
0.057296
0.055861
0.057185
0.058345
0.057907
0.058197
0.057624
0.058055
0.057602
0.058128
0.057315
0.057300
0.070592
0.070854
0.058215
0.067463
0.069789
0.067151
0.068788
0.067159
0.066821
0.068061
0.067505
0.066812
0.068685
0.069120
0.070455
0.072071
0.071344
0.072844
0.070892
0.073681
0.068688
0.068931
0.069321
0.071244
0.072497
0.072240
0.073182
0.072265
0.070962
0.066176
0.066906
0.067546
0.067147
0.067758
0.067148
0.066362
0.066680
0.067439
0.066498
0.060962
0.064746
0.066858
0.066659
0.066830
0.067148
0.066935
0.060456
0.066305
0.061895
0.063503
0.062808
0.063945
0.066013
0.063921
0.063168
0.064012
0.061339
0.064962
0.063526
0.066119
0.064090
0.064644
0.069286
0.061882
0.063492
0.061781
0.067797
0.067712
0.070101
0.063233
0.070443
0.079830
0.080427
0.079355
0.078383
0.077920
0.078098
0.078767
0.079346
0.079512
0.082449
0.083311
0.079464
0.078878
0.079661
0.080296
0.079870
0.080099
0.078344
0.080269
0.079742
0.077985
0.079804
0.079072
0.078269
0.078602
0.080899
0.077813
0.077005
0.077817
0.077938
0.078183
0.076980
0.082114
0.083904
0.083821
0.083001
0.082153
0.083553
0.080385
0.084625
0.083994
0.084438
0.084195
0.084226
0.083809
0.083965
0.085687
0.084427
0.084136
0.084563
0.083477
0.082235
0.083371
0.083669
0.081944
0.082267
0.080824
0.081865
0.081737
0.081756
0.082787
0.082884
0.082240
0.080317
0.081739
0.081934
0.081477
0.082173
0.081870
0.081161
0.082084
0.082705
0.083639
0.083904
0.084512
0.084347
0.060366
0.063718
0.057265
0.058041
0.071576
0.071021
0.072713
0.062051
0.073812
0.072819
0.068832
0.059860
0.060230
0.058316
0.061892
0.061081
0.060861
0.060013
0.061068
0.062132
0.061479
0.061202
0.062110
0.059901
0.060830
0.060719
0.062167
0.063975
0.062494
0.062036
0.060646
0.062377
0.061515
0.064266
0.062063
0.061269
0.061937
0.062789
0.061911
0.060977
0.063446
0.062271
0.064186
0.061341
0.060748
0.061387
0.062035
0.061179
0.061889
0.060079
0.062764
0.062631
0.061998
0.065272
0.064774
0.062159
0.061739
0.065819
0.069858
0.073428
0.061770
0.062186
0.063927
0.064246
0.062657
0.061645
0.063882
0.062112
0.067796
0.063400
0.065071
0.063023
0.064371
0.062175
0.062481
0.063680
0.064128
0.063018
0.061555
0.062363
0.062786
0.064165
0.062438
0.061367
0.063945
0.066577
0.063687
0.064204
0.062289
0.062255
0.065210
0.064214
0.064382
0.062153
0.062135
0.062196
0.063312
0.062701
0.061105
0.061055
0.063288
0.070126
0.062285
0.062968
0.064092
0.063803
0.062209
0.062120
0.062123
0.066406
0.063212
0.062249
0.062321
0.063640
0.063091
0.063616
0.061219
0.060867
0.062264
0.062214
0.062916
0.068127
0.063261
0.059916
0.061104
0.061789
0.062356
0.065531
0.067455
0.062349
0.062006
0.067459
0.062561
0.061149
0.063071
0.061299
0.062422
0.061499
0.068159
0.062631
0.061848
0.061494
0.062117
0.061984
0.061666
0.062482
0.062143
0.064140
0.060735
0.061810
0.060617
0.061816
0.061256
0.061402
0.061451
0.061804
0.061195
0.062090
0.061540
0.061838
0.061416
0.060740
0.061884
0.064043
0.062440
0.062145
0.062537
0.061718
0.060120
0.062859
0.061877
0.062335
0.061824
0.063836
0.061828
0.060989
0.061710
0.060524
0.062108
0.061558
0.062514
0.062052
0.064179
0.062928
0.058579
0.060814
0.069655
0.060526
0.067833
0.059835
0.062027
0.059626
0.060304
0.063398
0.059213
0.058210
0.060094
0.056624
0.030264
0.020802
0.021307
0.052641
0.059453
0.075328
0.079383
0.077443
0.080188
0.073538
0.073065
0.076441
0.073265
0.074555
0.076486
0.078139
0.080385
0.077619
0.077265
0.078646
0.077970
0.077691
0.077968
0.077398
0.076768
0.076905
0.078578
0.078371
0.080211
0.080362
0.078478
0.081864
0.081341
0.078085
0.081972
0.079263
0.078621
0.078997
0.078298
0.077719
0.080321
0.080375
0.081274
0.079656
0.067867
0.079754
0.081450
0.080585
0.080976
0.080752
0.081356
0.081097
0.080829
0.080470
0.082445
0.081833
0.080629
0.081007
0.083417
0.083204
0.083275
0.083800
0.083404
0.081307
0.080725
0.080254
0.081617
0.081538
0.080538
0.082110
0.082037
0.082714
0.083629
0.079961
0.079671
0.081896
0.080841
0.083108
0.082766
0.082521
0.081664
0.082941
0.081152
0.081603
0.077134
0.079798
0.082818
0.084725
0.081800
0.079127
0.081249
0.081684
0.080392
0.081844
0.080153
0.079880
0.080147
0.079797
0.079868
0.080040
0.079763
0.078197
0.079570
0.081017
0.080639
0.081611
0.085220
0.085100
0.083711
0.083459
0.082731
0.084181
0.082484
0.084916
0.087120
0.086907
0.089593
0.084691
0.127583
0.220051
0.116559
0.103526
0.107362
0.051077
0.063648
0.056445
0.056617
0.056413
0.059959
0.063828
0.078494
0.075043
0.060379
0.054638
0.055322
0.078725
0.053829
0.049520
0.044953
0.043273
0.043151
0.042502
0.040778
0.041542
0.041590
0.041438
0.041119
0.041335
0.041179
0.041254
0.041501
0.041407
0.042274
0.043135
0.052903
0.083305
0.592608
0.592366
0.580661
0.488229
0.361525
0.295594
0.293069
0.289981
0.290604
0.296186
0.291235
0.295865
0.294833
0.290480
0.292266
0.293166
0.292574
0.294985
0.293494
0.293710
0.294716
0.303168
0.294933
0.300828
0.300429
0.290604
0.293710
0.301466
0.292654
0.293672
0.289107
0.290557
0.299395
0.290768
0.415930
0.589094
0.131648
0.118060
0.095044
0.087153
0.081712
0.078910
0.074592
0.078753
0.078796
0.078150
0.079447
0.074695
0.073871
0.075119
0.073460
0.075494
0.075500
0.077893
0.079560
0.081565
0.077429
0.077930
0.082219
0.082565
0.081869
0.078333
0.078819
0.082486
0.078816
0.078737
0.078852
0.078609
0.078655
0.078858
0.079129
0.078400
0.078209
0.086282
0.087483
0.098340
0.135828
0.413008
0.410056
0.395311
0.371469
0.345301
0.409829
0.375621
0.297425
0.240567
0.237262
0.206006
0.195880
0.173800
0.171812
0.175707
0.176168
0.176902
0.179060
0.182430
0.181217
0.182810
0.190887
0.141877
0.140356
0.175434
0.140412
0.148640
0.148971
0.146399
0.147140
0.147482
0.148241
0.149467
0.149702
0.147956
0.147731
0.168336
0.167512
0.170363
0.157726
0.171138
0.156103
0.167947
0.163365
0.164211
0.164033
0.167633
0.168588
0.170565
0.162084
0.167891
0.175265
0.164197
0.162835
0.164685
0.163484
0.156427
0.154319
0.162489
0.161580
0.165883
0.168051
0.171934
0.174761
0.174472
0.179457
0.179024
0.177124
0.178052
0.179903
0.150232
0.151690
0.066868
0.068366
0.067916
0.068948
0.068752
0.068901
0.068674
0.065199
0.065201
0.065085
0.067069
0.067250
0.062554
0.064937
0.064832
0.063273
0.064286
0.066018
0.066574
0.066858
0.064007
0.068792
0.069234
0.069792
0.070387
0.070492
0.070333
0.062999
0.064794
0.066054
0.066428
0.066298
0.065902
0.066405
0.066723
0.066762
0.066673
0.066458
0.065468
0.063597
0.063679
0.064091
0.063451
0.062921
0.065542
0.065046
0.066019
0.066978
0.066746
0.061489
0.062025
0.062479
0.065081
0.065398
0.065617
0.058703
0.059664
0.051302
0.059869
0.060684
0.061545
0.056989
0.056732
0.055334
0.054790
0.055213
0.056115
0.055470
0.056215
0.060014
0.063903
0.064596
0.062927
0.058924
0.062053
0.061728
0.066254
0.065884
0.059262
0.058638
0.063410
0.060760
0.062443
0.060356
0.059048
0.060153
0.062356
0.058677
0.066186
0.063456
0.059227
0.063747
0.059938
0.065735
0.060616
0.059268
0.059062
0.064550
0.075490
0.075312
0.062973
0.067730
0.068391
0.060740
0.058338
0.066441
0.067497
0.059303
0.065234
0.064663
0.061959
0.068502
0.065453
0.065726
0.064642
0.064483
0.065984
0.062227
0.065335
0.064302
0.067979
0.067625
0.064481
0.065643
0.064289
0.058453
0.062017
0.067265
0.067187
0.073756
0.057466
0.073115
0.065028
0.056123
0.058180
0.061021
0.055468
0.054944
0.056622
0.067391
0.063382
0.066387
0.066954
0.066901
0.067319
0.066072
0.062818
0.063431
0.063257
0.055482
0.055893
0.056048
0.054533
0.054095
0.065849
0.062777
0.054372
0.056686
0.060760
0.059818
0.058418
0.056298
0.055682
0.056356
0.054873
0.054937
0.059416
0.058434
0.056968
0.055143
0.054721
0.054384
0.054541
0.054596
0.142909
0.143762
0.143980
0.144817
0.144599
0.144862
0.144564
0.142711
0.143491
0.144174
0.143289
0.143767
0.143810
0.143093
0.142169
0.142276
0.140032
0.139051
0.142304
0.142538
0.143975
0.141414
0.130075
0.135616
0.143493
0.142722
0.126895
0.133252
0.131612
0.128058
0.123579
0.123301
0.139014
0.140414
0.141085
0.143684
0.142374
0.123555
0.125911
0.153679
0.151960
0.150297
0.150516
0.149593
0.150758
0.150560
0.150305
0.141877
0.141790
0.145168
0.143200
0.147325
0.142764
0.145120
0.145373
0.145728
0.146792
0.144851
0.147853
0.147162
0.144053
0.145345
0.141905
0.142192
0.144523
0.148389
0.146908
0.151267
0.149663
0.143143
0.144220
0.144130
0.145600
0.145019
0.145023
0.145531
0.145685
0.143816
0.143667
0.151058
0.150880
0.153095
0.150412
0.151865
0.150638
0.154196
0.151766
0.152497
0.152524
0.199557
0.211190
0.239603
0.220625
0.240123
0.241042
0.241066
0.242403
0.244546
0.244893
0.242946
0.241933
0.242810
0.245515
0.248876
0.244878
0.244681
0.248683
0.247649
0.247314
0.247060
0.246697
0.246416
0.244969
0.245189
0.245417
0.245465
0.237358
0.239584
0.237643
0.235420
0.224592
0.235674
0.235309
0.237694
0.239101
0.238432
0.240423
0.237377
0.204329
0.079570
0.081415
0.081475
0.079656
0.078514
0.080023
0.080313
0.082203
0.081971
0.080730
0.081060
0.079316
0.079530
0.078786
0.072179
0.071198
0.070165
0.068506
0.069829
0.068940
0.069676
0.067634
0.066207
0.066061
0.066956
0.066162
0.063675
0.063888
0.065150
0.063393
0.064536
0.063196
0.062906
0.063538
0.063302
0.062761
0.063856
0.062669
0.071720
0.070838
0.071122
0.070656
0.069777
0.066896
0.069909
0.067045
0.067184
0.068904
0.067517
0.068275
0.067451
0.068122
0.065697
0.065700
0.065975
0.065802
0.066386
0.066265
0.066233
0.067368
0.067715
0.048128
0.048433
0.049108
0.048835
0.049259
0.048393
0.048282
0.048990
0.048010
0.047491
0.047567
0.048121
0.048326
0.047485
0.048357
0.050025
0.049366
0.048849
0.048099
0.047375
0.047519
0.048368
0.046951
0.047684
0.048573
0.049024
0.048085
0.048072
0.047431
0.048303
0.048672
0.048351
0.048615
0.048829
0.047060
0.047763
0.047855
0.047406
0.042322
0.048260
0.046281
0.049454
0.049210
0.046903
0.052073
0.051164
0.051020
0.051719
0.046698
0.051862
0.047348
0.050968
0.050439
0.050625
0.052403
0.052083
0.051176
0.050357
0.050544
0.136415
0.143532
0.142688
0.143865
0.143769
0.142994
0.142569
0.143487
0.142425
0.143468
0.143681
0.142935
0.141925
0.143159
0.142465
0.142448
0.142280
0.144169
0.141962
0.150816
0.144691
0.147559
0.146817
0.140210
0.140733
0.140627
0.147259
0.148169
0.144146
0.147004
0.149644
0.149043
0.147838
0.149063
0.142970
0.143466
0.143584
0.143258
0.141770
0.141505
0.141131
0.141749
0.141850
0.142196
0.140353
0.140120
0.140252
0.141152
0.141050
0.143321
0.144077
0.142879
0.140184
0.143745
0.141160
0.139641
0.140853
0.140962
0.141144
0.141346
0.141122
0.142041
0.141478
0.141459
0.141247
0.141903
0.140690
0.144313
0.144014
0.142218
0.141615
0.140250
0.142503
0.140981
0.142241
0.141383
0.140189
0.139227
0.139153
0.072947
0.072818
0.073259
0.073217
0.073076
0.072076
0.072402
0.072237
0.072515
0.072932
0.072431
0.070567
0.070915
0.071686
0.070864
0.071666
0.070580
0.071154
0.069730
0.069929
0.069967
0.071234
0.071901
0.071950
0.070621
0.070559
0.070407
0.072928
0.072323
0.072270
0.071599
0.072725
0.072008
0.074197
0.073464
0.072054
0.070415
0.072196
0.072513
0.072204
0.075710
0.069318
0.070370
0.069844
0.069835
0.070268
0.069338
0.069008
0.071628
0.070778
0.071487
0.070543
0.069725
0.072345
0.071897
0.071417
0.068437
0.070557
0.070443
0.067514
0.069405
0.069719
0.081766
0.070785
0.067280
0.066209
0.066142
0.065819
0.069134
0.070409
0.068317
0.068443
0.070994
0.066471
0.065030
0.065678
0.065785
0.066486
0.065061
0.066675
0.066091
0.065189
0.065924
0.059854
0.064720
0.064146
0.061941
0.070282
0.066405
0.064381
0.068783
0.058308
0.067589
0.069355
0.067062
0.069332
0.060820
0.065759
0.063266
0.066918
0.066888
0.067410
0.059378
0.066718
0.065593
0.061075
0.061770
0.062195
0.063843
0.069314
0.067776
0.065463
0.066927
0.066101
0.067516
0.065508
0.062043
0.067296
0.068054
0.069586
0.070197
0.069251
0.069012
0.066177
0.064373
0.067579
0.069571
0.065240
0.066501
0.066053
0.067431
0.065823
0.064671
0.065292
0.065864
0.077170
0.066471
0.068467
0.071094
0.065456
0.065517
0.062238
0.070404
0.067947
0.065161
0.065056
0.060307
0.065281
0.066194
0.062807
0.066311
0.065177
0.067442
0.070714
0.065115
0.058588
0.068413
0.060788
0.055207
0.054835
0.060293
0.076139
0.059046
0.058362
0.077926
0.075728
0.073223
0.073766
0.076580
0.076765
0.075692
0.074531
0.075125
0.058504
0.054756
0.075382
0.058771
0.055240
0.057240
0.076865
0.053177
0.054806
0.057511
0.057545
0.058951
0.074450
0.076250
0.057139
0.057207
0.058857
0.074189
0.057867
0.074722
0.070780
0.056307
0.072215
0.071601
0.059077
0.055567
0.054754
0.071054
0.072798
0.054327
0.072360
0.059548
0.071273
0.056643
0.054379
0.056930
0.063617
0.058237
0.059004
0.059520
0.060481
0.056283
0.060218
0.054805
0.055028
0.056798
0.055580
0.056107
0.054768
0.054189
0.053009
0.054075
0.054958
0.054339
0.059013
0.054680
0.054829
0.056347
0.055688
0.055185
0.057005
0.054986
0.056023
0.054563
0.054396
0.053703
0.054399
0.057291
0.052315
0.056051
0.057753
0.055981
0.052005
0.051685
0.052027
0.051635
0.054062
0.053215
0.053676
0.053350
0.051986
0.055550
0.052732
0.053355
0.052497
0.051304
0.053400
0.053718
0.052369
0.054741
0.054249
0.052470
0.052207
0.051173
0.050659
0.053111
0.053249
0.052644
0.052104
0.052584
0.052840
0.051469
0.050366
0.049861
0.050048
0.048941
0.049213
0.049188
0.049062
0.049325
0.047567
0.048046
0.047788
0.047742
0.046860
0.048172
0.048491
0.048252
0.045485
0.045690
0.046460
0.047106
0.045706
0.046361
0.046508
0.048672
0.045175
0.045720
0.046356
0.047250
0.052435
0.047292
0.049621
0.051466
0.052477
0.053925
0.053440
0.048814
0.048659
0.050252
0.050193
0.046531
0.050407
0.046271
0.046475
0.048662
0.050421
0.077899
0.164153
0.110595
0.087434
0.053777
0.032495
0.028231
0.026413
0.026240
0.026684
0.026522
0.027980
0.027143
0.027782
0.026665
0.027348
0.027513
0.027999
0.027573
0.028464
0.028859
0.028691
0.028704
0.029392
0.029854
0.028675
0.029326
0.028910
0.029502
0.028899
0.029068
0.028754
0.028535
0.028624
0.028307
0.028408
0.028802
0.028976
0.029561
0.028806
0.029194
0.029552
0.029586
0.029668
0.029213
0.029550
0.029393
0.029422
0.029169
0.029000
0.029022
0.031406
0.031223
0.029418
0.029405
0.029193
0.029766
0.028647
0.029778
0.029338
0.028801
0.028927
0.028851
0.028443
0.029347
0.028711
0.029147
0.028492
0.028537
0.029414
0.029340
0.029488
0.029640
0.030481
0.030397
0.029919
0.030484
0.029262
0.029265
0.029345
0.029479
0.029175
0.029372
0.030128
0.030290
0.029933
0.030214
0.029936
0.029372
0.030073
0.029975
0.029943
0.030096
0.029623
0.029551
0.028868
0.028771
0.028944
0.028840
0.029531
0.029554
0.028891
0.027958
0.028631
0.028973
0.028854
0.028608
0.028832
0.028879
0.001496
0.001492
0.001483
0.001499
0.001509
0.001529
0.001472
0.001401
0.001371
0.001325
0.001259
0.001225
0.001237
0.001199
0.001168
0.001223
0.001181
0.001174
0.001221
0.001233
0.001207
0.001078
0.001117
0.001036
0.000986
0.000950
0.000937
0.000920
0.000903
0.000866
0.000838
0.000807
0.000803
0.000817
0.000862
0.000887
0.000906
0.000934
0.000962
0.001062
0.001047
0.001061
0.001090
0.001075
0.001101
0.001104
0.001237
0.001208
0.001203
0.001154
0.001107
0.001027
0.001003
0.000969
0.000939
0.000905
0.000858
0.000843
0.000907
0.000869
0.000848
0.000842
0.000860
0.000851
0.000878
0.000898
0.000887
0.000910
0.000932
0.000931
0.000952
0.001018
0.001018
0.001052
0.001003
0.000991
0.000894
0.000783
0.000665
0.000549
0.000453
0.000364
0.000284
0.000207
0.000148
0.000094
0.000058
0.000026
0.000010
0.000000
0.000014
0.141901
0.170458
0.169457
0.169156
0.169088
0.168948
0.167283
0.166772
0.166725
0.167850
0.168690
0.168383
0.169009
0.170501
0.168102
0.169537
0.171193
0.173183
0.173833
0.178626
0.178904
0.175818
0.184244
0.182897
0.182883
0.182087
0.182723
0.183625
0.181484
0.177064
0.175522
0.175861
0.176393
0.175025
0.177559
0.177717
0.179622
0.180977
0.180011
0.180987
0.179700
0.177951
0.177575
0.180985
0.179869
0.173031
0.167851
0.171057
0.169464
0.171508
0.168750
0.168576
0.170428
0.170863
0.179135
0.184219
0.171435
0.163752
0.147531
0.139991
0.134163
0.124844
0.115264
0.107546
0.098515
0.090628
0.083672
0.075707
0.069238
0.060979
0.055763
0.050362
0.045667
0.040103
0.036614
0.031274
0.027963
0.025300
0.023119
0.020784
0.019678
0.019234
0.020154
0.022615
0.023343
0.025069
0.024710
0.025146
0.024988
0.024651
0.025220
0.026174
0.025779
0.026619
0.026541
0.026095
0.026128
0.025987
0.026061
0.026129
0.026458
0.026329
0.026531
0.026761
0.026472
0.026585
0.026531
0.026520
0.026025
0.026882
0.026150
0.025977
0.025878
0.025794
0.026057
0.026607
0.026068
0.026308
0.027618
0.027559
0.027202
0.027847
0.028044
0.027548
0.028054
0.028148
0.028130
0.027966
0.028158
0.028018
0.027906
0.027958
0.027719
0.028376
0.028367
0.027959
0.028025
0.028301
0.028288
0.031227
0.031018
0.031357
0.030542
0.030956
0.030875
0.030692
0.030904
0.030491
0.030501
0.030433
0.030488
0.031500
0.031457
0.030983
0.031290
0.031024
0.030873
0.031013
0.031110
0.030952
0.031174
0.031476
0.030635
0.031209
0.032252
0.032707
0.032555
0.031640
0.031237
0.031382
0.031974
0.031697
0.030852
0.031166
0.031685
0.032263
0.032417
0.031699
0.031967
0.033243
0.031916
0.032261
0.032559
0.032591
0.032789
0.032645
0.033118
0.033446
0.033213
0.033055
0.033920
0.034565
0.032852
0.034322
0.034496
0.032761
0.033367
0.033573
0.033692
0.034212
0.033030
0.033883
0.033382
0.033156
0.033406
0.034112
0.034519
0.034775
0.034344
0.034193
0.034562
0.033818
0.034601
0.034536
0.033581
0.362852
0.362693
0.363300
0.363108
0.362756
0.362336
0.361932
0.362462
0.360886
0.361282
0.359434
0.359948
0.360881
0.360779
0.360098
0.360270
0.360927
0.361587
0.361493
0.362112
0.360725
0.360730
0.359187
0.361248
0.360129
0.356949
0.360195
0.360490
0.355598
0.357282
0.354941
0.354614
0.353405
0.353347
0.353633
0.353804
0.352877
0.353069
0.352898
0.353920
0.352882
0.354278
0.354025
0.353248
0.354455
0.355055
0.355247
0.351384
0.350560
0.351991
0.350967
0.351375
0.350881
0.351080
0.351286
0.342864
0.341075
0.349192
0.342557
0.339764
0.346738
0.347860
0.339982
0.337938
0.337739
0.339135
0.343968
0.334596
0.342899
0.343337
0.341238
0.057458
0.057250
0.058498
0.058384
0.057328
0.057153
0.057268
0.057470
0.057398
0.057252
0.057108
0.056399
0.056888
0.056841
0.056438
0.056078
0.055525
0.055575
0.056428
0.056886
0.055529
0.055612
0.056609
0.057020
0.055943
0.055515
0.055648
0.056468
0.056462
0.056229
0.056421
0.055305
0.055690
0.056095
0.056262
0.056299
0.056121
0.056192
0.056172
0.055986
0.056173
0.056027
0.055842
0.055509
0.055189
0.055874
0.055361
0.054873
0.054691
0.054786
0.055041
0.054738
0.055213
0.054724
0.054848
0.054524
0.054423
0.053960
0.054439
0.054375
0.055044
0.055198
0.055555
0.055793
0.056036
0.056378
0.055133
0.054879
0.054737
0.055095
0.055145
0.055741
0.055741
0.054951
0.054218
0.029459
0.029535
0.029607
0.029440
0.030489
0.034801
0.034734
0.029054
0.034593
0.034610
0.034592
0.034601
0.034549
0.034266
0.034287
0.034532
0.035147
0.033749
0.034808
0.035037
0.034337
0.034780
0.030265
0.030704
0.030449
0.029945
0.033984
0.031408
0.034387
0.034740
0.034509
0.032229
0.034452
0.034514
0.034048
0.033926
0.034677
0.034732
0.034526
0.034746
0.034685
0.034048
0.033774
0.033997
0.033742
0.033124
0.032845
0.031968
0.031864
0.032187
0.031893
0.032756
0.032825
0.031851
0.031838
0.031792
0.031258
0.031186
0.031708
0.030745
0.031108
0.031119
0.031049
0.031482
0.030903
0.030631
0.031371
0.031720
0.031567
0.031262
0.031556
0.026242
0.025368
0.025409
0.025049
0.024797
0.024809
0.024895
0.024630
0.024989
0.025479
0.025386
0.025168
0.025217
0.025261
0.025744
0.025146
0.025185
0.024955
0.025022
0.024459
0.024661
0.024841
0.024977
0.024920
0.025250
0.025262
0.025751
0.025575
0.024994
0.030078
0.030842
0.027110
0.032275
0.033160
0.028519
0.033627
0.033000
0.033674
0.034019
0.034794
0.034192
0.034127
0.034124
0.035329
0.036377
0.035797
0.029592
0.032435
0.033512
0.031568
0.031225
0.031205
0.034249
0.029527
0.030200
0.032400
0.032687
0.032435
0.031949
0.045230
0.045174
0.044863
0.044944
0.045261
0.044895
0.044787
0.044409
0.044580
0.044202
0.044401
0.044484
0.044881
0.044541
0.044681
0.044613
0.044716
0.044675
0.043779
0.044061
0.044590
0.045023
0.045101
0.044578
0.045719
0.045430
0.045353
0.045020
0.043669
0.044275
0.043595
0.044207
0.043831
0.044228
0.044166
0.044133
0.044425
0.044643
0.044596
0.044114
0.044400
0.044456
0.044353
0.045168
0.044827
0.044649
0.044858
0.044782
0.045009
0.045316
0.044601
0.044425
0.045410
0.044967
0.044738
0.044379
0.044137
0.043891
0.043557
0.044113
0.044221
0.043911
0.043989
0.044362
0.044824
0.057901
0.057401
0.058468
0.061233
0.062065
0.058607
0.058929
0.059238
0.059564
0.060189
0.059285
0.059662
0.059464
0.060472
0.060121
0.059948
0.059102
0.059829
0.059981
0.059667
0.058573
0.059384
0.059975
0.059513
0.059608
0.060062
0.060066
0.059644
0.058664
0.059343
0.059612
0.059324
0.058798
0.059319
0.059149
0.058627
0.058622
0.059013
0.058617
0.059180
0.059433
0.059383
0.059438
0.059820
0.059994
0.059551
0.059244
0.059289
0.059747
0.060694
0.060524
0.059962
0.060109
0.060546
0.060952
0.060327
0.061021
0.061986
0.062368
0.060026
0.062347
0.060874
0.061296
0.061580
0.057323
0.050149
0.049902
0.045394
0.042734
0.039966
0.040750
0.037686
0.036875
0.036241
0.036750
0.036840
0.038501
0.037951
0.039835
0.040308
0.041852
0.044203
0.046867
0.050232
0.055936
0.052119
0.064311
0.060557
0.063122
0.066001
0.077268
0.074009
0.081046
0.087132
0.087898
0.086549
0.087658
0.086849
0.087235
0.088201
0.089345
0.088325
0.088586
0.089085
0.090048
0.091075
0.088439
0.090161
0.093926
0.094943
0.095957
0.096183
0.096554
0.097107
0.097197
0.096216
0.100366
0.100159
0.100419
0.101742
0.094337
0.095075
0.095684
0.095215
0.098074
0.094669
0.094545
0.094942
0.095921
0.093601
0.089433
0.090269
0.094205
0.090134
0.103355
0.095576
0.104209
0.103711
0.103081
0.103423
0.103219
0.103708
0.102939
0.103258
0.104110
0.103576
0.103053
0.103041
0.105097
0.104638
0.103759
0.103260
0.097959
0.096942
0.103087
0.102850
0.103226
0.102781
0.102980
0.101374
0.102597
0.103542
0.066178
0.062027
0.064989
0.066973
0.063800
0.065556
0.065050
0.065034
0.065738
0.064660
0.064945
0.057292
0.057652
0.057174
0.065106
0.069696
0.069548
0.072573
0.055820
0.058929
0.058488
0.057641
0.057033
0.057400
0.058603
0.058600
0.057703
0.055824
0.059258
0.058979
0.055406
0.057562
0.057757
0.057128
0.058788
0.058985
0.058203
0.059330
0.058841
0.059544
0.059094
0.059115
0.064818
0.058172
0.059310
0.057701
0.058247
0.057704
0.057762
0.058479
0.062821
0.055416
0.058098
0.055567
0.055491
0.056784
0.061773
0.056349
0.061117
0.060564
0.055865
0.057311
0.056175
0.056251
0.056644
0.058532
0.057429
0.056802
0.056072
0.056940
0.057219
0.056474
0.057408
0.056693
0.059185
0.055672
0.059517
0.055807
0.058512
0.057925
0.056030
0.059483
0.057745
0.059884
0.059909
0.059641
0.059481
0.058948
0.056128
0.059778
0.057107
0.057912
0.057720
0.056965
0.058408
0.058471
0.057627
0.057814
0.057301
0.056126
0.057466
0.057301
0.059161
0.059384
0.056695
0.056709
0.056572
0.055543
0.066301
0.067998
0.059601
0.059252
0.058759
0.057914
0.058474
0.056028
0.058602
0.057210
0.056885
0.055873
0.055246
0.057677
0.058098
0.056588
0.058266
0.058396
0.058404
0.059078
0.056507
0.057770
0.059444
0.055822
0.056081
0.057143
0.061624
0.028873
0.029027
0.029054
0.029111
0.028760
0.028978
0.030075
0.028604
0.028941
0.028894
0.029154
0.029391
0.029898
0.029297
0.029471
0.030048
0.029064
0.025385
0.025722
0.025550
0.026106
0.029593
0.025974
0.025851
0.028510
0.029733
0.029527
0.028508
0.028172
0.028091
0.027669
0.027890
0.027595
0.029168
0.029661
0.029508
0.029675
0.028964
0.028986
0.028686
0.028990
0.028825
0.028374
0.028208
0.029029
0.029075
0.028628
0.028714
0.028598
0.028667
0.028665
0.028622
0.028944
0.029115
0.029136
0.029007
0.029443
0.028961
0.028878
0.028385
0.028677
0.029188
0.028676
0.028564
0.029952
0.029309
0.028782
0.030377
0.217977
0.222449
0.220030
0.224411
0.221703
0.223170
0.225856
0.224528
0.223590
0.226764
0.221600
0.221449
0.220992
0.219977
0.226926
0.211501
0.210473
0.211905
0.201922
0.203504
0.211512
0.213012
0.204421
0.203581
0.200928
0.197823
0.208271
0.206872
0.209289
0.208468
0.207507
0.198425
0.208552
0.209088
0.199975
0.211364
0.209234
0.201636
0.197422
0.199971
0.210398
0.200275
0.206356
0.201603
0.199420
0.195088
0.213332
0.213998
0.215747
0.215585
0.197830
0.197029
0.199742
0.193244
0.199435
0.200646
0.198935
0.203431
0.207606
0.198174
0.205279
0.203029
0.205049
0.203042
0.205081
0.357101
0.357528
0.359893
0.357960
0.355541
0.359096
0.356801
0.357050
0.354969
0.358857
0.359468
0.357730
0.358139
0.357534
0.357674
0.358751
0.356082
0.356531
0.355296
0.355532
0.355965
0.356616
0.357609
0.356545
0.355236
0.355005
0.355325
0.355603
0.353213
0.354035
0.353254
0.353651
0.352658
0.354497
0.355049
0.354650
0.354189
0.354213
0.354575
0.355107
0.353676
0.355348
0.354926
0.354596
0.353623
0.355060
0.354200
0.353347
0.353578
0.354374
0.352543
0.353262
0.351202
0.351856
0.352507
0.351343
0.350289
0.351967
0.351019
0.351151
0.350569
0.351590
0.350201
0.349864
0.349585
0.350639
0.351465
0.347501
0.346806
0.347315
0.346803
0.352069
0.352472
0.353151
0.353158
0.352713
0.351856
0.352955
0.134409
0.143724
0.135572
0.136397
0.139982
0.138901
0.140481
0.140362
0.140154
0.134357
0.140665
0.147594
0.139415
0.143891
0.146922
0.147986
0.149120
0.148155
0.138676
0.137151
0.137457
0.144864
0.140079
0.137661
0.144236
0.138062
0.143716
0.148615
0.150248
0.148907
0.149957
0.150679
0.148316
0.155363
0.146737
0.151542
0.156551
0.152394
0.151455
0.150351
0.158770
0.151915
0.155358
0.152582
0.156927
0.151939
0.154350
0.152375
0.152685
0.152993
0.151070
0.149587
0.151202
0.154883
0.157743
0.154426
0.156077
0.156039
0.154455
0.152417
0.153413
0.154053
0.155391
0.156361
0.152973
0.158349
0.155700
0.159355
0.155132
0.156054
0.083750
0.088482
0.085928
0.085198
0.097900
0.086469
0.082167
0.083966
0.083383
0.081403
0.084983
0.086726
0.091465
0.087911
0.084181
0.084110
0.081807
0.080783
0.080111
0.081054
0.081071
0.076526
0.071076
0.073296
0.077693
0.076565
0.078432
0.075259
0.075398
0.077347
0.082676
0.083140
0.097712
0.093887
0.094887
0.098542
0.098045
0.084706
0.086648
0.070733
0.071678
0.072151
0.077678
0.075453
0.074935
0.074652
0.079436
0.076700
0.112211
0.079292
0.080662
0.084749
0.100602
0.116911
0.137841
0.146061
0.157090
0.173037
0.137863
0.163934
0.168979
0.180475
0.178575
0.177211
0.186612
0.186148
0.187743
0.189587
0.192764
0.209039
0.207111
0.218589
0.229440
0.236697
0.239031
0.246017
0.245638
0.241697
0.245884
0.247228
0.256477
0.253712
0.246173
0.268780
0.258022
0.289643
0.297702
0.302006
0.302890
0.328798
0.334577
0.343552
0.348895
0.346526
0.353969
0.349332
0.342654
0.346643
0.351881
0.356046
0.348713
0.354351
0.348970
0.348610
0.355394
0.352810
0.356021
0.362856
0.358074
0.355841
0.357657
0.359768
0.359410
0.368507
0.377614
0.364358
0.361265
0.366578
0.365775
0.367158
0.367063
0.367795
0.374258
0.374907
0.364381
0.369299
0.383138
0.377161
0.377037
0.378576
0.375173
0.376598
0.377207
0.371378
0.380750
0.383107
0.388217
0.384942
0.383314
0.390415
0.387889
0.390644
0.392035
0.391306
0.396099
0.397151
0.404738
0.412009
0.407292
0.405631
0.406347
0.423949
0.433310
0.438785
0.450144
0.451361
0.454156
0.444275
0.449323
0.449405
0.451337
0.448239
0.454286
0.457262
0.454648
0.457859
0.463390
0.461008
0.459201
0.448373
0.456513
0.455205
0.467900
0.460947
0.457068
0.463476
0.464970
0.461784
0.456187
0.457329
0.459994
0.463219
0.461343
0.460442
0.460584
0.460870
0.446412
0.443825
0.445528
0.442057
0.436035
0.439524
0.441439
0.445496
0.444679
0.477350
0.480299
0.446928
0.456723
0.453139
0.457108
0.474075
0.450232
0.450776
0.449484
0.447844
0.450315
0.448467
0.462150
0.446281
0.460989
0.446704
0.444869
0.442740
0.441590
0.440636
0.438667
0.431163
0.441394
0.435772
0.447320
0.443289
0.426441
0.432613
0.410306
0.410825
0.415162
0.401754
0.385624
0.407535
0.407498
0.419698
0.411633
0.413807
0.413340
0.405535
0.415813
0.382135
0.391325
0.390232
0.392802
0.395757
0.395006
0.396749
0.390889
0.389697
0.387100
0.395491
0.396696
0.369941
0.370310
0.374071
0.376074
0.374602
0.368275
0.369329
0.364829
0.359448
0.355265
0.335728
0.345893
0.321984
0.314557
0.309312
0.305523
0.290243
0.285138
0.278003
0.270376
0.263912
0.263141
0.253945
0.249400
0.246080
0.242941
0.243360
0.239491
0.232700
0.222917
0.215180
0.217374
0.213177
0.209363
0.209243
0.208809
0.198324
0.200545
0.200243
0.198177
0.195990
0.195844
0.194056
0.193687
0.267882
0.261076
0.261603
0.263447
0.265410
0.262862
0.240162
0.241709
0.240981
0.236427
0.235090
0.233374
0.236922
0.234592
0.240226
0.240334
0.237861
0.244542
0.238881
0.241097
0.240443
0.239044
0.237624
0.255170
0.237066
0.236995
0.233792
0.256533
0.237470
0.236061
0.234627
0.232204
0.235128
0.233954
0.232000
0.233968
0.233376
0.235242
0.237514
0.237214
0.235140
0.235711
0.235268
0.235991
0.235061
0.235976
0.233396
0.236229
0.230686
0.228920
0.228512
0.230240
0.229784
0.230097
0.233638
0.231530
0.230288
0.230281
0.227354
0.232938
0.232694
0.226906
0.232147
0.231070
0.210707
0.203630
0.200673
0.206314
0.195871
0.195182
0.241387
0.201113
0.190585
0.181278
0.173482
0.162912
0.129818
0.121071
0.114535
0.111001
0.107655
0.104452
0.098180
0.094045
0.090672
0.093742
0.094005
0.098584
0.110700
0.113775
0.114094
0.104092
0.115994
0.114323
0.112791
0.117949
0.117709
0.117873
0.120142
0.116142
0.116807
0.118699
0.120607
0.119159
0.119738
0.124443
0.120929
0.123982
0.126716
0.126857
0.126328
0.126216
0.126804
0.125838
0.126720
0.126494
0.128883
0.127365
0.127868
0.131820
0.133512
0.131893
0.131590
0.130019
0.130747
0.129696
0.129853
0.130211
0.131113
0.132346
0.129954
0.129728
0.131801
0.134242
0.131700
0.135574
0.135579
0.136200
0.133271
0.134620
0.135967
0.131782
0.133826
0.134061
0.135157
0.136066
0.136290
0.130748
0.132848
0.133125
0.133008
0.139990
0.134778
0.141383
0.142055
0.134693
0.134296
0.137680
0.133253
0.132619
0.137472
0.136419
0.137333
0.135910
0.136991
0.063274
0.069727
0.071078
0.068551
0.068875
0.071293
0.072127
0.076666
0.077621
0.078638
0.078235
0.080247
0.078348
0.080855
0.075803
0.075420
0.073733
0.067382
0.072026
0.071581
0.068329
0.067445
0.068464
0.069414
0.070593
0.067656
0.063888
0.063887
0.061045
0.061122
0.049842
0.057871
0.057615
0.054514
0.046501
0.049288
0.050486
0.051724
0.053177
0.054663
0.083066
0.040806
0.042499
0.041658
0.042056
0.042406
0.041547
0.042745
0.040415
0.040712
0.041028
0.041219
0.040476
0.040013
0.039886
0.039326
0.038877
0.038449
0.039234
0.037985
0.038992
0.040745
0.040929
0.038223
0.038501
0.038259
0.037810
0.042581
0.037890
0.039332
0.039929
0.042171
0.041618
0.038067
0.041669
0.039074
0.042868
0.040596
0.042882
0.043302
0.041931
0.041528
0.040186
0.043823
0.044136
0.066513
0.066022
0.065364
0.064475
0.065349
0.063552
0.064175
0.064372
0.063268
0.060437
0.060792
0.068142
0.066451
0.068295
0.068141
0.072727
0.077593
0.074798
0.073412
0.073256
0.073651
0.071883
0.072959
0.068516
0.068286
0.066310
0.065317
0.064641
0.059406
0.059801
0.064080
0.063993
0.062134
0.055708
0.055573
0.054989
0.055319
0.054962
0.055205
0.050780
0.050140
0.047829
0.047101
0.047030
0.047609
0.048521
0.049889
0.050702
0.078133
0.189108
0.332288
0.322425
0.272755
0.249536
0.179673
0.148503
0.154847
0.151813
0.152891
0.157101
0.157550
0.151632
0.151498
0.150607
0.152716
0.144537
0.150863
0.150549
0.146730
0.145349
0.156404
0.151749
0.151493
0.152545
0.149618
0.148608
0.143116
0.141548
0.143370
0.144055
0.130655
0.130155
0.130978
0.130353
0.138985
0.139748
0.131726
0.142598
0.131672
0.131029
0.130023
0.130635
0.138529
0.139137
0.127776
0.129929
0.127772
0.146968
0.129406
0.128170
0.124765
0.127817
0.140959
0.150838
0.131864
0.129058
0.119722
0.149635
0.150378
0.145535
0.143443
0.155535
0.154418
0.152160
0.147279
0.149969
0.152428
0.154503
0.126171
0.148359
0.145199
0.152177
0.151009
0.146691
0.144486
0.139617
0.149145
0.149745
0.148929
0.148531
0.142749
0.147371
0.154298
0.147262
0.145971
0.153413
0.153504
0.157699
0.156426
0.158687
0.158327
0.157523
0.148833
0.156724
0.147494
0.145893
0.044853
0.048031
0.050281
0.049622
0.046325
0.046609
0.053832
0.053429
0.057796
0.056554
0.057778
0.060382
0.059516
0.063239
0.068474
0.062781
0.065445
0.065199
0.066557
0.059703
0.057892
0.056606
0.096582
0.108069
0.074486
0.075661
0.118871
0.124006
0.086132
0.092682
0.085605
0.120667
0.126284
0.109899
0.087552
0.101148
0.098725
0.160672
0.289223
0.145754
0.130574
0.118555
0.102072
0.082407
0.067437
0.068037
0.066544
0.064965
0.063866
0.069844
0.070904
0.070821
0.067770
0.068166
0.067806
0.066579
0.067509
0.068581
0.068801
0.070064
0.073796
0.075619
0.071845
0.070781
0.069802
0.072140
0.072586
0.072454
0.069316
0.069607
0.074717
0.074007
0.077519
0.078084
0.076952
0.075430
0.072921
0.072322
0.070038
0.071017
0.070715
0.070345
0.071344
0.071460
0.072090
0.071631
0.073034
0.073158
0.069050
0.070655
0.071694
0.078178
0.076344
0.074932
0.080149
0.079561
0.079782
0.081211
0.079309
0.081176
0.078965
0.079944
0.074410
0.048601
0.047935
0.046883
0.046420
0.046724
0.040154
0.051230
0.048696
0.048282
0.046638
0.045017
0.045602
0.045219
0.059456
0.045641
0.062048
0.061422
0.060656
0.060669
0.061026
0.049871
0.049581
0.046167
0.047993
0.048601
0.046702
0.047555
0.060154
0.047848
0.047730
0.051335
0.051068
0.050357
0.052069
0.076962
0.180158
0.060742
0.052326
0.039172
0.032289
0.033185
0.034812
0.035874
0.034784
0.033115
0.033058
0.034430
0.037993
0.032870
0.032858
0.034014
0.033324
0.040949
0.032203
0.033088
0.032733
0.033297
0.039409
0.039530
0.038230
0.032457
0.032433
0.036287
0.038121
0.037412
0.037602
0.038725
0.037639
0.035467
0.037799
0.037047
0.036678
0.035466
0.035279
0.035553
0.036205
0.036030
0.035085
0.035792
0.034964
0.035068
0.035722
0.034635
0.034296
0.033476
0.034908
0.033325
0.034114
0.035191
0.034666
0.035301
0.034236
0.034246
0.033987
0.034378
0.034123
0.031282
0.030900
0.029149
0.028296
0.029213
0.026906
0.026262
0.026752
0.027737
0.028117
0.026501
0.026976
0.027741
0.030179
0.030235
0.032467
0.033729
0.036217
0.031080
0.033100
0.034651
0.037710
0.039649
0.048752
0.051252
0.054072
0.056551
0.060039
0.062034
0.065243
0.064228
0.065633
0.065488
0.066137
0.056554
0.057158
0.057079
0.057956
0.057965
0.057934
0.057836
0.058040
0.058413
0.058198
0.057372
0.066390
0.057613
0.063878
0.056683
0.056998
0.056783
0.056828
0.056833
0.067010
0.066702
0.066637
0.066694
0.066783
0.066875
0.066740
0.067702
0.066460
0.068223
0.067366
0.068349
0.065912
0.065903
0.066156
0.065692
0.065048
0.065460
0.065931
0.064795
0.064523
0.064843
0.063692
0.064414
0.063901
0.064234
0.064228
0.062367
0.086701
0.086533
0.092168
0.090596
0.088890
0.083799
0.086099
0.084061
0.088701
0.086996
0.087451
0.088162
0.088954
0.086987
0.081404
0.083500
0.086547
0.081674
0.079563
0.080388
0.079786
0.081101
0.085671
0.085130
0.085587
0.084589
0.084327
0.084536
0.084614
0.084162
0.083993
0.078224
0.083043
0.078768
0.078879
0.079919
0.085114
0.085277
0.087814
0.088518
0.087740
0.090224
0.092115
0.090766
0.090423
0.090478
0.092748
0.094730
0.091982
0.091946
0.091511
0.089748
0.092483
0.082403
0.081141
0.083051
0.082154
0.081075
0.078708
0.082483
0.081700
0.084588
0.082666
0.083538
0.084579
0.086423
0.061818
0.062427
0.059968
0.059563
0.059544
0.061881
0.057651
0.058074
0.060760
0.059334
0.060229
0.062010
0.058893
0.060805
0.061541
0.061429
0.062423
0.060909
0.062624
0.060602
0.060835
0.060122
0.076356
0.067970
0.063187
0.063028
0.080363
0.064953
0.064804
0.065250
0.064415
0.063670
0.063199
0.064176
0.063673
0.064559
0.062543
0.065760
0.065003
0.063653
0.063608
0.070063
0.063937
0.064353
0.063773
0.065356
0.064167
0.062484
0.065581
0.068177
0.071698
0.063722
0.064992
0.065497
0.066119
0.065646
0.067309
0.067168
0.067078
0.066800
0.071238
0.058666
0.069895
0.071924
0.064627
0.061354
0.064189
0.062778
0.063193
0.065588
0.063486
0.066127
0.062345
0.064334
0.064737
0.062897
0.063042
0.063104
0.062051
0.062035
0.063460
0.062399
0.062704
0.063622
0.062413
0.062118
0.062378
0.064358
0.061601
0.062798
0.061711
0.062166
0.062593
0.061280
0.062018
0.061565
0.075697
0.063819
0.063695
0.062328
0.064777
0.063781
0.062893
0.063072
0.063854
0.062311
0.062811
0.065375
0.062579
0.062921
0.062777
0.063034
0.061241
0.062122
0.062156
0.060697
0.067628
0.066517
0.071843
0.073686
0.069797
0.070806
0.072191
0.066311
0.071980
0.073645
0.076626
0.076431
0.073979
0.075679
0.078323
0.076296
0.074281
0.077455
0.077452
0.075538
0.076701
0.073380
0.076524
0.070547
0.075086
0.076559
0.058817
0.072776
0.076114
0.077659
0.080750
0.081280
0.074873
0.078905
0.077501
0.067168
0.074177
0.073268
0.069156
0.068527
0.071673
0.071568
0.069898
0.069986
0.070403
0.070246
0.070119
0.069332
0.068742
0.073476
0.073476
0.070261
0.070341
0.070741
0.070808
0.070407
0.071523
0.070282
0.070170
0.069977
0.069907
0.069469
0.069805
0.070023
0.069480
0.069946
0.070379
0.069334
0.068134
0.069301
0.125695
0.125436
0.125643
0.127350
0.129820
0.128061
0.130478
0.128159
0.128735
0.132664
0.126164
0.133133
0.128825
0.125916
0.126602
0.128290
0.129738
0.127944
0.129084
0.128752
0.132552
0.130215
0.131330
0.130404
0.130272
0.129287
0.128789
0.129340
0.131480
0.131116
0.135658
0.128508
0.130396
0.127759
0.128027
0.127296
0.127545
0.129925
0.131366
0.131255
0.130549
0.130816
0.129371
0.130011
0.131452
0.133923
0.133388
0.132505
0.131674
0.127951
0.131320
0.131525
0.131655
0.127439
0.135969
0.147170
0.147208
0.152678
0.121592
0.122961
0.122434
0.122093
0.125512
0.119866
0.117631
0.116854
0.066301
0.120775
0.068053
0.063856
0.063816
0.061765
0.062842
0.071303
0.071247
0.070816
0.072137
0.073745
0.071216
0.076342
0.073016
0.082571
0.072294
0.074562
0.085711
0.086068
0.087345
0.077384
0.075996
0.083922
0.090104
0.090039
0.090177
0.090627
0.084384
0.100451
0.086142
0.087645
0.087688
0.084052
0.087544
0.088351
0.087700
0.088570
0.088962
0.089721
0.079315
0.082980
0.087475
0.087744
0.081526
0.085080
0.085526
0.084171
0.078785
0.082372
0.084099
0.064520
0.062929
0.065886
0.065390
0.063791
0.064781
0.064425
0.065244
0.091423
0.078586
0.076896
0.076512
0.078787
0.063478
0.075681
0.063782
0.063281
0.059387
0.064685
0.058066
0.058617
0.057968
0.058579
0.059111
0.058905
0.056576
0.058259
0.058571
0.058389
0.058699
0.059225
0.057239
0.061116
0.058959
0.059071
0.058375
0.059805
0.056840
0.056478
0.057113
0.056131
0.057720
0.058707
0.058705
0.057845
0.056577
0.054670
0.057669
0.057867
0.057578
0.060073
0.058990
0.063730
0.063459
0.058411
0.058779
0.058923
0.058745
0.060722
0.060232
0.063503
0.060644
0.065815
0.059617
0.054490
0.051864
0.049441
0.045607
0.044111
0.042987
0.041131
0.040094
0.039943
0.038970
0.036998
0.039114
0.037414
0.040634
0.044069
0.043241
0.045189
0.045841
0.048988
0.054448
0.056665
0.060801
0.062840
0.066191
0.070296
0.077943
0.084096
0.082971
0.082722
0.086296
0.084885
0.090517
0.090510
0.090953
0.089606
0.091298
0.092891
0.090076
0.088725
0.088368
0.088159
0.088254
0.087986
0.088072
0.088431
0.087384
0.087382
0.086528
0.086968
0.086305
0.085854
0.088662
0.090669
0.088472
0.087110
0.085641
0.087511
0.079622
0.079273
0.082357
0.080043
0.081343
0.195244
0.195985
0.195096
0.191839
0.191379
0.178497
0.193176
0.191205
0.190842
0.194747
0.192444
0.190554
0.190422
0.190035
0.190771
0.191009
0.184550
0.183521
0.189620
0.188920
0.183553
0.184513
0.194400
0.186755
0.187995
0.191273
0.192702
0.185277
0.191800
0.186207
0.188867
0.185004
0.185248
0.189539
0.184331
0.183040
0.183721
0.187765
0.186224
0.188291
0.188193
0.187606
0.185541
0.178408
0.178968
0.184452
0.179917
0.181172
0.183536
0.183002
0.191822
0.194176
0.186835
0.185755
0.184773
0.189515
0.187088
0.186587
0.191908
0.180070
0.184016
0.185283
0.183547
0.192081
0.191446
0.187080
0.184529
0.196206
0.192025
0.193576
0.192561
0.183187
0.183314
0.189213
0.185797
0.185003
0.036512
0.051001
0.052284
0.051708
0.048197
0.046208
0.047089
0.050507
0.044871
0.043563
0.043769
0.042311
0.037745
0.037550
0.037879
0.038327
0.038666
0.038904
0.039949
0.038995
0.040167
0.038982
0.038937
0.038240
0.040420
0.039484
0.041629
0.039422
0.039721
0.039351
0.041538
0.041876
0.038200
0.041833
0.042628
0.038363
0.039122
0.039327
0.039381
0.040673
0.040665
0.040731
0.041039
0.042769
0.041051
0.040948
0.040753
0.040681
0.040578
0.040565
0.040674
0.040880
0.040667
0.040825
0.040867
0.040860
0.041076
0.041270
0.040799
0.035747
0.035571
0.041563
0.036069
0.036698
0.040900
0.043986
0.038544
0.040379
0.041088
0.039110
0.041463
0.041393
0.039976
0.038855
0.039238
0.042433
0.038544
0.040419
0.041210
0.041806
0.042038
0.041268
0.041699
0.041387
0.040915
0.041365
0.059876
0.057727
0.057868
0.057919
0.058422
0.057579
0.058129
0.058472
0.058177
0.058054
0.057373
0.057185
0.057170
0.056362
0.056655
0.057028
0.057257
0.056157
0.054218
0.054592
0.055266
0.055084
0.055382
0.056056
0.056014
0.057427
0.058043
0.056496
0.058444
0.057480
0.057122
0.056228
0.058219
0.056001
0.058322
0.055750
0.056555
0.055677
0.056143
0.056165
0.056285
0.055943
0.055738
0.055821
0.055838
0.054056
0.053784
0.056847
0.053128
0.050935
0.050096
0.049582
0.045984
0.045210
0.043919
0.043370
0.041697
0.038457
0.039422
0.036359
0.036832
0.036193
0.036932
0.035828
0.037298
0.037609
0.038011
0.039053
0.040459
0.040375
0.040648
0.042120
0.042070
0.044222
0.043273
0.045842
0.046728
0.047225
0.049196
0.051078
0.052270
0.054637
0.055692
0.057200
0.059243
0.061291
0.063626
0.063467
0.061943
0.062156
0.062527
0.062657
0.060532
0.059459
0.061764
0.060148
0.052745
0.050821
0.048892
0.049676
0.048055
0.048200
0.045622
0.046638
0.045833
0.045221
0.045995
0.045150
0.043754
0.058076
0.055596
0.046734
0.045758
0.037933
0.045873
0.036687
0.048804
0.040956
0.041809
0.044583
0.044726
0.044873
0.040628
0.039389
0.044774
0.044167
0.040392
0.032806
0.031607
0.041117
0.039201
0.041202
0.040916
0.039201
0.041729
0.042109
0.041003
0.040465
0.039763
0.044959
0.044255
0.040094
0.043018
0.048431
0.049533
0.052075
0.054003
0.052751
0.052603
0.054702
0.052789
0.055422
0.052843
0.053925
0.054016
0.053746
0.052609
0.052779
0.052027
0.051584
0.050941
0.048308
0.047436
0.046791
0.046197
0.046258
0.047275
0.044759
0.043893
0.045221
0.044679
0.044792
0.044843
0.044041
0.045612
0.046021
0.046944
0.045545
0.046787
0.046118
0.044900
0.047460
0.047429
0.047703
0.049414
0.049436
0.052179
0.048458
0.049044
0.052379
0.050176
0.051896
0.052481
0.051682
0.053962
0.053805
0.053431
0.054496
0.059660
0.061240
0.056480
0.057296
0.067445
0.064785
0.065723
0.065978
0.064627
0.066064
0.061706
0.061930
0.061426
0.062363
0.062057
0.063299
0.063538
0.063885
0.062195
0.063766
0.063185
0.062648
0.062900
0.063170
0.063804
0.062714
0.071930
0.071411
0.070198
0.067510
0.068166
0.068154
0.068496
0.069815
0.068375
0.068522
0.068845
0.067846
0.068563
0.067846
0.069161
0.074931
0.102219
0.154169
0.226739
0.219823
0.215996
0.225697
0.542247
0.545744
0.581176
0.566702
0.578049
0.578221
0.584561
0.577720
0.580876
0.578027
0.570595
0.568080
0.564943
0.563059
0.559792
0.559310
0.555220
0.552673
0.550550
0.544755
0.545301
0.545969
0.547750
0.544308
0.546394
0.546042
0.536978
0.540000
0.537293
0.538438
0.537192
0.541512
0.542652
0.556335
0.556436
0.555715
0.557275
0.556941
0.556406
0.554559
0.555928
0.555098
0.554391
0.552876
0.552386
0.549999
0.548849
0.548208
0.547894
0.547469
0.547083
0.546846
0.546582
0.546596
0.546597
0.546596
0.546638
0.546632
0.546635
0.546631
0.546389
0.546378
0.546361
0.546355
0.546498
0.546462
0.546462
0.546462
0.546519
0.546519
0.546519
0.546492
0.546492
0.546492
0.546492
0.546491
0.546516
0.546513
0.546513
0.546513
0.546515
0.546513
0.546513
0.546513
0.546490
0.546512
0.546512
0.546512
0.546512
0.546512
0.546512
0.546512
0.546512
0.546512
0.546512
0.546512
0.546512
0.546512
0.546505
0.546507
0.546507
0.547029
0.115920
0.116713
0.117635
0.116944
0.118209
0.118226
0.117700
0.117354
0.118475
0.116932
0.117632
0.117761
0.119151
0.118328
0.114791
0.118268
0.115017
0.116865
0.120708
0.122442
0.120749
0.121127
0.120712
0.118682
0.120443
0.119186
0.119528
0.120043
0.117750
0.118799
0.120420
0.118262
0.117435
0.117852
0.117381
0.117056
0.117856
0.117203
0.118366
0.117984
0.118012
0.116434
0.117662
0.115394
0.115593
0.114644
0.118323
0.116717
0.117840
0.117670
0.117878
0.117002
0.118770
0.116323
0.114305
0.114023
0.115982
0.112176
0.116602
0.118155
0.114406
0.114654
0.115356
0.115691
0.114090
0.115669
0.113287
0.117291
0.116224
0.124076
0.122741
0.123030
0.125272
0.122886
0.122437
0.123595
0.121850
0.118073
0.118222
0.119879
0.118225
0.121348
0.115497
0.114467
0.116448
0.116118
0.116962
0.117473
0.117415
0.116230
0.115138
0.113636
0.112689
0.111918
0.116828
0.118452
0.116794
0.116177
0.118098
0.117301
0.116692
0.118335
0.124334
0.115924
0.114758
0.120637
0.116398
0.116406
0.117839
0.115559
0.116362
0.117037
0.116828
0.115061
0.117244
0.115909
0.116647
0.117803
0.116571
0.116086
