0.138830
0.145581
0.146015
0.145652
0.142100
0.138869
0.137958
0.138004
0.144165
0.140209
0.139315
0.140887
0.137456
0.139687
0.152080
0.162428
0.166836
0.169174
0.173266
0.169810
0.169649
0.167331
0.161243
0.159361
0.158652
0.160765
0.160096
0.159761
0.159589
0.160951
0.158036
0.157988
0.162052
0.161795
0.161541
0.161672
0.161898
0.162162
0.161398
0.161479
0.160435
0.161031
0.162174
0.161445
0.160795
0.161234
0.161144
0.160735
0.161834
0.161126
0.161020
0.161007
0.161800
0.163278
0.161540
0.161724
0.161299
0.160773
0.160655
0.161074
0.159801
0.160679
0.160194
0.157704
0.156570
0.154839
0.154095
0.154597
0.156419
0.159070
0.158021
0.157839
0.158901
0.157388
0.157403
0.158591
0.159056
0.159659
0.160433
0.161953
0.161609
0.160719
0.160152
0.161969
0.162249
0.160937
0.160586
0.159557
0.158419
0.162386
0.159755
0.159550
0.159660
0.161122
0.158968
0.160167
0.161593
0.160667
0.160660
0.159962
0.160826
0.160238
0.160686
0.159151
0.159760
0.159217
0.159907
0.160007
0.159574
0.159930
0.160529
0.159863
0.160795
0.158114
0.159658
0.160522
0.160805
0.160744
0.159217
0.158692
0.158821
0.159465
0.167118
0.165340
0.162873
0.157721
0.158642
0.159663
0.159722
0.158398
0.159022
0.159200
0.159015
0.157584
0.158572
0.158835
0.160581
0.160722
0.159022
0.160302
0.160744
0.160260
0.158821
0.160103
0.159215
0.157014
0.156127
0.160430
0.157611
0.156267
0.160284
0.159916
0.159410
0.158640
0.160392
0.159894
0.160554
0.158277
0.158668
0.158833
0.159427
0.159602
0.159400
0.158750
0.158865
0.158759
0.158311
0.158887
0.157405
0.158396
0.158479
0.157373
0.159237
0.158083
0.157456
0.158046
0.157382
0.159344
0.157787
0.158847
0.160463
0.160139
0.159815
0.160649
0.161220
0.160633
0.161189
0.161250
0.160970
0.160578
0.162657
0.161310
0.161903
0.162343
0.162850
0.162655
0.162405
0.163549
0.161289
0.162083
0.160754
0.160612
0.160931
0.163091
0.163643
0.161083
0.163002
0.162896
0.163037
0.161449
0.163534
0.163581
0.162246
0.161692
0.163101
0.161627
0.161406
0.162366
0.162324
0.161413
0.161962
0.162159
0.161644
0.161644
0.161467
0.161665
0.161068
0.161226
0.160184
0.159962
0.160538
0.160368
0.160661
0.160870
0.160937
0.161528
0.160667
0.160239
0.160891
0.160615
0.159666
0.159803
0.159661
0.159257
0.159755
0.159383
0.159701
0.159700
0.159391
0.159956
0.159891
0.159663
0.158044
0.157174
0.157703
0.159072
0.158204
0.157907
0.158115
0.158421
0.158933
0.158573
0.155758
0.154398
0.153385
0.153226
0.151871
0.150110
0.148482
0.146236
0.147389
0.146758
0.143083
0.141735
0.139593
0.138437
0.135730
0.136128
0.135864
0.135444
0.162598
0.202905
0.264049
0.339076
0.428561
0.535592
0.648578
0.639781
0.524060
0.409557
0.334766
0.264149
0.196849
0.159444
0.130686
0.116058
0.113747
0.129768
0.118845
0.128629
0.126537
0.129870
0.130250
0.129809
0.129980
0.129765
0.131299
0.130451
0.127861
0.131479
0.130639
0.131416
0.138673
0.143966
0.148001
0.151954
0.155341
0.151127
0.148451
0.144303
0.144856
0.148246
0.144175
0.148223
0.147955
0.147682
0.148730
0.147781
0.147801
0.147117
0.147182
0.150630
0.150660
0.155093
0.148583
0.152075
0.151771
0.152934
0.149856
0.148135
0.147917
0.149243
0.149908
0.150006
0.149697
0.143987
0.143349
0.143441
0.151092
0.149283
0.149320
0.147603
0.150642
0.148010
0.146125
0.145591
0.147081
0.149027
0.150606
0.147585
0.151965
0.152198
0.151436
0.152606
0.150789
0.150992
0.153060
0.151351
0.146388
0.145594
0.147784
0.145648
0.147571
0.144644
0.147565
0.145792
0.147033
0.144829
0.145692
0.145748
0.146835
0.145876
0.147896
0.147182
0.146544
0.147376
0.153399
0.147479
0.148783
0.148245
0.152735
0.149018
0.145208
0.144937
0.145409
0.148241
0.154867
0.152730
0.148845
0.146757
0.149794
0.147350
0.149857
0.149792
0.147364
0.147680
0.150512
0.145252
0.146132
0.146398
0.146516
0.146560
0.148971
0.148743
0.148862
0.147678
0.151214
0.149798
0.149564
0.149169
0.149141
0.149051
0.150960
0.150416
0.149986
0.149354
0.149101
0.149774
0.149604
0.149183
0.149571
0.151095
0.146990
0.150262
0.148330
0.148176
0.147752
0.147949
0.147620
0.147769
0.153004
0.151879
0.150965
0.148788
0.148165
0.149360
0.150121
0.150064
0.150325
0.148734
0.148786
0.149691
0.150642
0.150394
0.149872
0.149207
0.148093
0.148741
0.148772
0.148729
0.148453
0.151406
0.149917
0.145243
0.146924
0.147483
0.144983
0.148549
0.147988
0.145515
0.148990
0.144963
0.144594
0.146008
0.145026
0.141101
0.144563
0.141610
0.142320
0.139417
0.137783
0.137406
0.131699
0.130732
0.131135
0.131556
0.130815
0.132625
0.131501
0.128855
0.128765
0.130591
0.134446
0.133403
0.134767
0.131033
0.132677
0.133110
0.132510
0.131560
0.134656
0.133275
0.132284
0.132116
0.132211
0.132969
0.133740
0.133446
0.131006
0.132303
0.132189
0.132057
0.132126
0.132110
0.130215
0.131945
0.137779
0.161088
0.167264
0.178185
0.191521
0.203185
0.215176
0.235902
0.220083
0.263575
0.291505
0.210617
0.234212
0.234678
0.232111
0.232282
0.238568
0.233099
0.234361
0.310597
0.308543
0.304765
0.306311
0.300573
0.321209
0.305932
0.303783
0.320731
0.321293
0.320593
0.301976
0.294343
0.299336
0.298954
0.276644
0.286569
0.287387
0.290666
0.284417
0.267952
0.254250
0.261301
0.269811
0.269356
0.261489
0.261513
0.263064
0.263082
0.261124
0.279511
0.279283
0.289528
0.286348
0.278805
0.270350
0.269990
0.271423
0.270497
0.271795
0.275519
0.275867
0.280561
0.259176
0.257173
0.258353
0.259657
0.258847
0.258914
0.257079
0.244814
0.236839
0.243579
0.241867
0.254935
0.252952
0.243830
0.244512
0.243398
0.243462
0.242564
0.241739
0.233561
0.087230
0.085750
0.085240
0.085131
0.085675
0.085200
0.085103
0.085307
0.085576
0.085264
0.085282
0.085414
0.085005
0.085213
0.085474
0.085079
0.084811
0.085301
0.084944
0.085126
0.084841
0.085136
0.085590
0.085289
0.085434
0.085858
0.085937
0.085531
0.085740
0.085554
0.122706
0.084455
0.084299
0.084755
0.084266
0.084181
0.085018
0.084957
0.085223
0.084769
0.084887
0.084422
0.084602
0.084568
0.084373
0.085951
0.084344
0.084132
0.084357
0.083610
0.089988
0.122114
0.084161
0.084586
0.084367
0.084628
0.084629
0.084527
0.084568
0.086044
0.084479
0.086155
0.085799
0.124916
0.124631
0.124525
0.124633
0.124583
0.124348
0.124602
0.086037
0.085251
0.085925
0.124730
0.124676
0.124627
0.124578
0.125946
0.124601
0.124452
0.086543
0.086103
0.124415
0.124548
0.124899
0.086397
0.086426
0.086239
0.124480
0.124760
0.124636
0.086125
0.123990
0.085851
0.085887
0.124188
0.085753
0.124761
0.124615
0.124083
0.124721
0.124684
0.124675
0.124553
0.124647
0.086045
0.085501
0.086056
0.085994
0.084202
0.084153
0.084302
0.083857
0.084322
0.084370
0.084372
0.085946
0.084498
0.084101
0.084200
0.124473
0.085995
0.124229
0.124341
0.124261
0.124279
0.124253
0.124673
0.124306
0.124846
0.124327
0.124803
0.124060
0.124631
0.124599
0.124732
0.124876
0.124847
0.124876
0.124715
0.123834
0.124617
0.124581
0.124140
0.124756
0.124762
0.124757
0.124668
0.124011
0.124780
0.124345
0.124796
0.125904
0.124751
0.124530
0.124442
0.124620
0.124428
0.123331
0.123826
0.085570
0.123660
0.123651
0.123424
0.085725
0.123780
0.123776
0.124439
0.123531
0.085733
0.124469
0.124526
0.124500
0.086021
0.124600
0.125884
0.085702
0.085647
0.123636
0.123611
0.122424
0.123724
0.085382
0.084969
0.124717
0.124698
0.124749
0.125968
0.125912
0.125878
0.086272
0.125832
0.125818
0.125733
0.125857
0.085551
0.085845
0.131758
0.131778
0.085122
0.132134
0.131941
0.131922
0.131978
0.124105
0.124197
0.124112
0.085409
0.085528
0.085327
0.123869
0.084954
0.086044
0.085754
0.123936
0.123856
0.123804
0.131939
0.085513
0.085748
0.123742
0.085479
0.124591
0.085600
0.085571
0.124567
0.124566
0.123703
0.085936
0.123732
0.086005
0.125991
0.124619
0.123825
0.123831
0.086047
0.085655
0.086034
0.123705
0.085864
0.085803
0.124775
0.126169
0.124542
0.124568
0.124542
0.124568
0.124568
0.124568
0.124568
0.124568
0.085261
0.086950
0.001759
0.001656
0.001621
0.001608
0.001646
0.001572
0.001576
0.001540
0.001482
0.001430
0.001391
0.001316
0.001315
0.001232
0.001214
0.001079
0.000940
0.000727
0.000661
0.000605
0.000495
0.000343
0.000266
0.000195
0.000135
0.000087
0.000049
0.000025
0.000000
0.000031
0.000051
0.000098
0.000132
0.000192
0.000267
0.000335
0.000501
0.000580
0.000676
0.000756
0.000843
0.000904
0.100030
0.099853
0.092742
0.095466
0.100094
0.099297
0.095878
0.102290
0.103379
0.101886
0.100051
0.103482
0.101503
0.102173
0.100775
0.089097
0.090994
0.103117
0.102613
0.097004
0.097092
0.099874
0.100880
0.103944
0.105383
0.106339
0.103001
0.108714
0.110033
0.111851
0.112842
0.105133
0.110035
0.098983
0.114280
0.104602
0.097149
0.098470
0.106115
0.099005
0.102883
0.121168
0.137732
0.156309
0.134402
0.123959
0.124942
0.106555
0.099044
0.092371
0.085955
0.101373
0.101429
0.084045
0.094179
0.077709
0.078965
0.080137
0.074893
0.074216
0.075432
0.074788
0.076426
0.081248
0.076490
0.076813
0.074188
0.076830
0.076594
0.071185
0.070634
0.076512
0.075301
0.071686
0.063682
0.075326
0.070803
0.070039
0.063016
0.055434
0.057464
0.063356
0.134799
0.132803
0.129029
0.134373
0.133661
0.132090
0.142943
0.151102
0.140500
0.119219
0.156585
0.156575
0.154597
0.154009
0.153187
0.154026
0.154170
0.154142
0.154277
0.154785
0.117073
0.118438
0.144695
0.127971
0.126773
0.119400
0.119049
0.118132
0.119131
0.121736
0.119857
0.121080
0.123299
0.122738
0.120327
0.122873
0.123581
0.123542
0.114497
0.116498
0.115098
0.119007
0.117072
0.111868
0.117750
0.115035
0.115757
0.117782
0.119355
0.120378
0.109206
0.131327
0.132985
0.133465
0.144486
0.113899
0.095122
0.096860
0.101826
0.101882
0.101207
0.100423
0.100738
0.101336
0.101564
0.100955
0.101319
0.101282
0.101385
0.101297
0.102198
0.097315
0.102065
0.102863
0.103972
0.097646
0.102875
0.104090
0.103502
0.102933
0.103704
0.103664
0.100858
0.100154
0.100669
0.100828
0.100353
0.101886
0.100727
0.100804
0.100003
0.100203
0.101235
0.101258
0.101468
0.101024
0.100620
0.101389
0.099119
0.099794
0.099915
0.099483
0.100163
0.100049
0.100260
0.100537
0.100749
0.100470
0.100629
0.100364
0.100320
0.099792
0.100317
0.100177
0.100690
0.100367
0.100200
0.099946
0.100076
0.101183
0.102325
0.100938
0.100438
0.102125
0.101642
0.099477
0.096167
0.093676
0.090339
0.089169
0.087546
0.082930
0.081757
0.079796
0.080482
0.080319
0.081106
0.081607
0.083262
0.084710
0.087765
0.091564
0.096594
0.114263
0.117817
0.114830
0.121007
0.119283
0.135481
0.101209
0.101733
0.096158
0.097218
0.128152
0.099920
0.101852
0.105071
0.125952
0.104670
0.104598
0.099750
0.127174
0.127142
0.129178
0.129392
0.127407
0.131673
0.127674
0.126950
0.124083
0.124289
0.125225
0.124100
0.124821
0.123361
0.125731
0.125252
0.124243
0.124584
0.133081
0.132731
0.169761
0.127134
0.129389
0.138939
0.125326
0.122141
0.124378
0.130875
0.125950
0.126848
0.125567
0.122461
0.124461
0.125581
0.120617
0.130223
0.128831
0.126065
0.128016
0.126820
0.125204
0.124499
0.122131
0.126951
0.118710
0.127199
0.123834
0.124055
0.123838
0.125239
0.136764
0.121493
0.130003
0.132669
0.122855
0.166431
0.166896
0.125765
0.126450
0.123154
0.124377
0.123709
0.127683
0.122418
0.125529
0.124989
0.121691
0.122096
0.123871
0.123238
0.123542
0.125816
0.097023
0.132275
0.121943
0.126056
0.126316
0.126042
0.128387
0.124814
0.126492
0.126547
0.126490
0.126618
0.127513
0.125500
0.127045
0.126428
0.126658
0.125364
0.125852
0.125718
0.127008
0.106826
0.128423
0.127588
0.127411
0.124355
0.065713
0.123338
0.091175
0.093876
0.092808
0.086428
0.087259
0.083734
0.082733
0.088018
0.086607
0.080472
0.079614
0.080865
0.080529
0.088980
0.070999
0.081281
0.066693
0.064752
0.082929
0.073851
0.082723
0.106473
0.066385
0.082037
0.118388
0.097326
0.098238
0.096373
0.100765
0.135114
0.110966
0.128435
0.133026
0.115366
0.111219
0.073887
0.096051
0.111676
0.106818
0.102505
0.108710
0.079542
0.109894
0.118957
0.101181
0.105209
0.104620
0.097944
0.101166
0.107801
0.108994
0.102783
0.103311
0.108569
0.103545
0.102845
0.103387
0.099758
0.105290
0.103429
0.104385
0.095264
0.101397
0.096435
0.097032
0.094636
0.102148
0.097675
0.098177
0.100627
0.101829
0.100966
0.104223
0.095453
0.090303
0.093090
0.092759
0.122682
0.096624
0.125774
0.169420
0.183222
0.159765
0.094534
0.123651
0.097059
0.135439
0.103676
0.103229
0.103954
0.115686
0.099242
0.097273
0.100762
0.097688
0.113016
0.106880
0.116819
0.115297
0.111361
0.131023
0.143825
0.121380
0.098284
0.098977
0.099205
0.102128
0.116735
0.096474
0.105010
0.100320
0.101113
0.100282
0.117200
0.121404
0.101634
0.102008
0.132189
0.127494
0.119059
0.107466
0.117608
0.112871
0.117927
0.110680
0.126942
0.130047
0.130605
0.129127
0.128661
0.129002
0.129815
0.129727
0.130266
0.130641
0.130479
0.130189
0.131029
0.131334
0.130726
0.130325
0.130584
0.129927
0.131539
0.129693
0.130564
0.131562
0.131621
0.138972
0.137852
0.138205
0.130264
0.130933
0.131029
0.130612
0.131543
0.132003
0.132713
0.132255
0.132343
0.137369
0.132252
0.132182
0.132509
0.133137
0.133471
0.137581
0.134298
0.134471
0.131847
0.132182
0.140222
0.139617
0.140773
0.136509
0.137579
0.136479
0.137264
0.136076
0.136639
0.132482
0.135976
0.139833
0.134402
0.135499
0.141900
0.141521
0.141233
0.142003
0.143096
0.130407
0.132453
0.132883
0.134432
0.135816
0.135343
0.129798
0.129623
0.129183
0.131008
0.133882
0.135317
0.130052
0.133006
0.133483
0.130209
0.134621
0.129991
0.131261
0.130654
0.130881
0.136642
0.132274
0.131098
0.131580
0.135041
0.141956
0.135211
0.135639
0.137219
0.135962
0.139305
0.144545
0.144163
0.144117
0.144925
0.138810
0.136914
0.132619
0.132480
0.143712
0.135507
0.138551
0.144559
0.145539
0.139097
0.141668
0.137432
0.136921
0.139003
0.137643
0.137294
0.141998
0.138147
0.138873
0.137668
0.138109
0.136562
0.134332
0.136879
0.134387
0.134097
0.134363
0.134063
0.134700
0.134031
0.133893
0.133785
0.132701
0.131933
0.133164
0.131276
0.131540
0.131772
0.131430
0.131282
0.130806
0.130932
0.131228
0.130983
0.131690
0.130944
0.131343
0.130960
0.130801
0.130307
0.129387
0.129366
0.129195
0.129272
0.130194
0.130302
0.130646
0.130220
0.130204
0.129660
0.130322
0.131097
0.129537
0.130018
0.130073
0.130632
0.129806
0.130193
0.131844
0.131649
0.131468
0.131199
0.131716
0.130107
0.130845
0.132214
0.132012
0.132521
0.132729
0.133654
0.132967
0.133908
0.134052
0.137292
0.134104
0.132256
0.132514
0.132173
0.136862
0.136189
0.136910
0.137966
0.135851
0.137694
0.137605
0.136656
0.133636
0.136238
0.135594
0.136505
0.137313
0.136008
0.137559
0.136807
0.136726
0.136670
0.138400
0.136160
0.137332
0.136498
0.137671
0.137113
0.136038
0.135657
0.138547
0.136241
0.136202
0.136190
0.136408
0.135066
0.135448
0.137563
0.137782
0.138508
0.137384
0.136887
0.137321
0.138189
0.139310
0.137369
0.136091
0.137179
0.134940
0.134234
0.131494
0.132107
0.134858
0.134792
0.132173
0.134730
0.134422
0.135509
0.136886
0.137151
0.138301
0.137134
0.136533
0.137415
0.139452
0.137157
0.141631
0.136744
0.131659
0.134365
0.128333
0.129305
0.136842
0.136526
0.137681
0.136949
0.134984
0.134937
0.131825
0.131795
0.132276
0.132326
0.132832
0.132478
0.133269
0.133224
0.134206
0.133944
0.138771
0.134719
0.137845
0.138342
0.143356
0.137435
0.137330
0.138308
0.137835
0.138636
0.137852
0.138027
0.134232
0.138625
0.138512
0.137720
0.137805
0.138610
0.138744
0.138100
0.138071
0.138568
0.138111
0.145010
0.145006
0.145820
0.145047
0.144665
0.144557
0.144316
0.134539
0.133801
0.135411
0.132570
0.132433
0.132127
0.132451
0.131861
0.131771
0.131339
0.132286
0.131531
0.131846
0.131749
0.131317
0.131777
0.131004
0.131756
0.131940
0.133523
0.131626
0.131788
0.131921
0.132013
0.132598
0.132759
0.132192
0.130719
0.131662
0.130954
0.130720
0.130922
0.131035
0.131378
0.131072
0.133491
0.132945
0.133982
0.133122
0.130075
0.128263
0.129152
0.125542
0.123688
0.121688
0.128684
0.147181
0.161131
0.166232
0.169482
0.163869
0.164429
0.161188
0.159539
0.153589
0.156295
0.155538
0.157416
0.156413
0.162665
0.149730
0.149214
0.149864
0.151193
0.159380
0.163490
0.159416
0.163774
0.160033
0.160502
0.160980
0.160595
0.160821
0.160657
0.159950
0.162563
0.153306
0.155215
0.150720
0.150347
0.153160
0.151498
0.151289
0.150347
0.150870
0.149909
0.149366
0.150415
0.150412
0.150227
0.150190
0.151706
0.150146
0.149795
0.149970
0.149765
0.151124
0.149055
0.149798
0.149367
0.148771
0.148525
0.149248
0.149231
0.148633
0.152972
0.151901
0.155849
0.153438
0.152364
0.152755
0.151233
0.149775
0.149327
0.150567
0.147043
0.151219
0.151287
0.151908
0.149059
0.148829
0.147981
0.147944
0.148770
0.148114
0.147747
0.150661
0.146684
0.147819
0.148787
0.147978
0.150046
0.150576
0.150032
0.152809
0.148012
0.148399
0.148018
0.148521
0.148836
0.148319
0.148766
0.147820
0.148151
0.148233
0.147576
0.148543
0.148676
0.148281
0.146782
0.145927
0.146089
0.146047
0.150105
0.146551
0.147137
0.150608
0.149537
0.152186
0.146546
0.150194
0.150110
0.145840
0.146337
0.148313
0.150976
0.151692
0.149707
0.150715
0.150646
0.150418
0.150884
0.151190
0.151158
0.151913
0.150687
0.149974
0.151439
0.151607
0.150145
0.150594
0.150496
0.150585
0.150440
0.150952
0.153575
0.154080
0.153857
0.154279
0.152532
0.146754
0.149003
0.149216
0.152101
0.154831
0.152545
0.145524
0.145702
0.154936
0.156252
0.156371
0.156366
0.152453
0.159322
0.159394
0.159180
0.155329
0.159126
0.159942
0.160299
0.149858
0.148366
0.147771
0.154508
0.147666
0.148443
0.152697
0.147802
0.147773
0.150809
0.151015
0.147706
0.148230
0.148051
0.151760
0.148294
0.153084
0.152803
0.147921
0.146826
0.147914
0.152018
0.149402
0.148697
0.150541
0.153982
0.159831
0.157989
0.153054
0.159752
0.151800
0.150071
0.150197
0.150582
0.155423
0.155445
0.150905
0.146372
0.147010
0.145891
0.156055
0.154711
0.158801
0.157844
0.155021
0.153446
0.153903
0.149616
0.149524
0.149741
0.149613
0.154359
0.158419
0.159371
0.159127
0.159243
0.158917
0.148690
0.152336
0.147968
0.152501
0.151971
0.152625
0.152319
0.153003
0.148188
0.152739
0.149537
0.151347
0.151411
0.155525
0.159982
0.159612
0.154118
0.149116
0.150586
0.148394
0.145206
0.149926
0.159324
0.159235
0.158586
0.158561
0.158801
0.159059
0.156285
0.155136
0.155791
0.156376
0.156259
0.155562
0.155404
0.155318
0.155268
0.155174
0.145480
0.147309
0.153011
0.151378
0.154803
0.154247
0.155143
0.155263
0.154589
0.154911
0.153661
0.154875
0.154332
0.156470
0.147380
0.145307
0.134688
0.132459
0.132146
0.142084
0.138259
0.137182
0.136770
0.128014
0.125415
0.130856
0.123784
0.128233
0.130599
0.130565
0.130715
0.129448
0.122886
0.123018
0.122445
0.125764
0.129345
0.129311
0.129854
0.123362
0.125000
0.124442
0.123600
0.123695
0.123526
0.123276
0.123526
0.123847
0.124325
0.123741
0.124171
0.124260
0.122826
0.123633
0.124062
0.123382
0.122855
0.123311
0.124473
0.122966
0.124937
0.122675
0.123058
0.122999
0.122874
0.123055
0.123093
0.122845
0.123244
0.124729
0.125461
0.127132
0.125860
0.125987
0.124153
0.124594
0.123955
0.124564
0.125931
0.124311
0.124031
0.123546
0.130486
0.130178
0.128751
0.131275
0.130998
0.129574
0.128465
0.128256
0.128961
0.129185
0.125279
0.124866
0.125375
0.125880
0.126073
0.130167
0.125715
0.124778
0.124087
0.125535
0.130428
0.131719
0.130004
0.129986
0.130541
0.130923
0.127232
0.130112
0.129448
0.130115
0.129667
0.129756
0.130192
0.126686
0.123504
0.123731
0.126083
0.125769
0.125865
0.125582
0.125456
0.130055
0.131257
0.130462
0.131565
0.131630
0.130040
0.131757
0.131898
0.131888
0.131727
0.131531
0.131284
0.130858
0.131443
0.130482
0.131723
0.130483
0.129572
0.129780
0.125973
0.125258
0.130695
0.131531
0.125365
0.124357
0.123812
0.124220
0.130450
0.130477
0.130436
0.125191
0.124310
0.124937
0.125060
0.124368
0.124473
0.124867
0.125787
0.124324
0.124382
0.124380
0.123873
0.125154
0.125512
0.124707
0.124429
0.124438
0.126781
0.124664
0.125461
0.123250
0.123616
0.123726
0.130820
0.125120
0.125994
0.123355
0.124233
0.124675
0.123718
0.124294
0.123664
0.123963
0.126974
0.126444
0.129763
0.125290
0.124647
0.125655
0.124679
0.124595
0.126179
0.124584
0.125033
0.126301
0.123834
0.125734
0.125633
0.125579
0.123831
0.127502
0.126689
0.126649
0.127357
0.126376
0.126583
0.126531
0.130536
0.126737
0.126092
0.125208
0.127038
0.129688
0.131356
0.126455
0.127396
0.127017
0.127041
0.131187
0.124738
0.176035
0.173182
0.169962
0.167846
0.165462
0.157988
0.157648
0.159409
0.161884
0.165531
0.165237
0.171615
0.167677
0.168071
0.167309
0.172607
0.173124
0.173929
0.166873
0.172404
0.132222
0.166755
0.184759
0.204528
0.211378
0.196962
0.197187
0.200206
0.196251
0.191681
0.193157
0.190831
0.190764
0.189390
0.193868
0.188916
0.189594
0.189570
0.190950
0.189916
0.188221
0.190582
0.191131
0.190103
0.191146
0.190816
0.187370
0.189263
0.189430
0.189291
0.189265
0.188662
0.189843
0.189025
0.188609
0.188380
0.188835
0.189107
0.190536
0.190931
0.185221
0.175742
0.183158
0.185405
0.187146
0.184828
0.188022
0.183913
0.186532
0.182700
0.186129
0.192352
0.192585
0.190091
0.191369
0.189220
0.189750
0.189073
0.189144
0.185883
0.183474
0.183946
0.185849
0.185870
0.188972
0.188906
0.185712
0.176385
0.176048
0.176221
0.175727
0.187756
0.187751
0.176660
0.189977
0.178201
0.187262
0.186305
0.188230
0.187811
0.188361
0.188406
0.191462
0.189785
0.191235
0.191270
0.189525
0.191626
0.192364
0.190922
0.191206
0.188724
0.188966
0.193456
0.195481
0.195405
0.195338
0.192943
0.194545
0.192586
0.207911
0.206956
0.203512
0.211035
0.199812
0.210488
0.203354
0.202909
0.191051
0.192677
0.191432
0.205207
0.192979
0.194699
0.202451
0.192431
0.191692
0.191653
0.194143
0.208987
0.192456
0.192542
0.209634
0.192667
0.201353
0.206381
0.192408
0.193446
0.177559
0.178259
0.178091
0.199413
0.209527
0.204364
0.193385
0.193294
0.186170
0.190356
0.191442
0.182549
0.205523
0.202404
0.180695
0.189261
0.176244
0.189735
0.183251
0.193585
0.181668
0.188503
0.188492
0.189572
0.184748
0.186417
0.183522
0.180079
0.180731
0.182291
0.186207
0.186933
0.185877
0.185231
0.185527
0.176012
0.175908
0.175966
0.175945
0.175692
0.176003
0.176166
0.187738
0.179057
0.177245
0.181336
0.176254
0.184029
0.179815
0.178352
0.179585
0.185676
0.186342
0.186098
0.186002
0.176384
0.176243
0.175918
0.180957
0.185000
0.185056
0.184960
0.185175
0.183781
0.185719
0.185907
0.185807
0.185090
0.184263
0.185254
0.186044
0.184827
0.187222
0.186950
0.180688
0.186599
0.191385
0.177219
0.177528
0.200405
0.175274
0.176692
0.187772
0.187708
0.190335
0.193311
0.191808
0.191562
0.190404
0.193098
0.192084
0.204200
0.191910
0.191938
0.192148
0.174648
0.204447
0.191639
0.174644
0.187310
0.192793
0.192162
0.185172
0.185492
0.185122
0.185363
0.185597
0.185460
0.193702
0.199646
0.187483
0.185694
0.188258
0.188604
0.187885
0.185744
0.185305
0.184884
0.188414
0.193528
0.188984
0.185907
0.185945
0.185873
0.187326
0.186079
0.193172
0.189147
0.190930
0.188967
0.188725
0.194375
0.203987
0.193423
0.204756
0.203921
0.193407
0.189992
0.194618
0.194194
0.192629
0.187365
0.192042
0.188623
0.191209
0.187479
0.187645
0.174341
0.183663
0.182949
0.181708
0.176377
0.176624
0.176430
0.175031
0.172784
0.170904
0.170048
0.168676
0.168011
0.165010
0.169179
0.168341
0.167874
0.168178
0.168276
0.168017
0.169003
0.168381
0.168240
0.168518
0.164272
0.168026
0.164073
0.165019
0.164828
0.165180
0.165419
0.168240
0.168175
0.168058
0.168459
0.168004
0.167894
0.167829
0.168102
0.167757
0.167741
0.168123
0.167950
0.168567
0.167698
0.167999
0.170021
0.168152
0.169006
0.170549
0.168393
0.168651
0.168253
0.168746
0.171757
0.168564
0.168676
0.168670
0.169857
0.169371
0.169161
0.169899
0.168988
0.168914
0.169813
0.169455
0.169399
0.167798
0.169677
0.169462
0.171683
0.169426
0.168358
0.169945
0.168074
0.169201
0.169297
0.169303
0.169980
0.170186
0.169945
0.169896
0.172172
0.169859
0.169485
