0.204831
0.134712
0.151170
0.166779
0.121533
0.138473
0.132729
0.141266
0.130558
0.125839
0.090329
0.103124
0.104782
0.103038
0.112393
0.109950
0.120157
0.107327
0.107820
0.101642
0.106740
0.103516
0.107751
0.105901
0.103380
0.103525
0.112176
0.113281
0.115247
0.112210
0.114083
0.111839
0.112782
0.097385
0.095651
0.135116
0.142214
0.144477
0.146427
0.148552
0.161964
0.161110
0.159070
0.180015
0.203212
0.226664
0.195283
0.105902
0.104672
0.106349
0.107139
0.103413
0.103749
0.104478
0.103232
0.103136
0.101383
0.101280
0.101557
0.101745
0.080650
0.081238
0.086036
0.086102
0.087357
0.087429
0.085867
0.085999
0.086190
0.086131
0.087541
0.087196
0.086289
0.085863
0.085995
0.082543
0.085920
0.086871
0.086054
0.086289
0.088315
0.089623
0.088654
0.102676
0.089058
0.102737
0.102688
0.102588
0.104038
0.102633
0.102924
0.103398
0.103206
0.105378
0.104626
0.104170
0.104384
0.104140
0.104182
0.103709
0.102434
0.103377
0.104320
0.105622
0.105459
0.105640
0.106048
0.105599
0.105776
0.105946
0.105648
0.105432
0.103867
0.104412
0.104500
0.103327
0.102785
0.103540
0.085031
0.095824
0.092603
0.091196
0.101764
0.086349
0.091464
0.098048
0.103049
0.087971
0.106623
0.104950
0.106281
0.109590
0.109074
0.109084
0.108585
0.107665
0.106124
0.105175
0.105725
0.105802
0.105037
0.105310
0.105110
0.105485
0.106105
0.106153
0.094286
0.107327
0.106935
0.106526
0.106170
0.105954
0.106515
0.106470
0.106513
0.106917
0.105844
0.106335
0.104693
0.105122
0.105166
0.105186
0.105236
0.105588
0.106298
0.105877
0.105809
0.105919
0.105947
0.105858
0.105660
0.105532
0.107424
0.106291
0.106091
0.106307
0.106242
0.106465
0.106547
0.106583
0.106992
0.107066
0.107400
0.107967
0.107139
0.107899
0.107048
0.108145
0.107571
0.106802
0.106903
0.108094
0.107349
0.106203
0.106214
0.106707
0.106982
0.106389
0.107257
0.107125
0.107420
0.106741
0.107016
0.107124
0.107268
0.106879
0.106975
0.106927
0.107247
0.106851
0.106993
0.105224
0.106683
0.107092
0.107106
0.076807
0.076944
0.077046
0.077601
0.077884
0.107152
0.077582
0.076006
0.076028
0.076801
0.076219
0.076198
0.077280
0.078943
0.078602
0.078531
0.076064
0.075505
0.074962
0.075535
0.075447
0.076191
0.076122
0.074868
0.074830
0.075711
0.075744
0.104812
0.103147
0.105848
0.090853
0.105016
0.093877
0.091998
0.092549
0.091146
0.097394
0.098330
0.105188
0.096431
0.105438
0.106961
0.106470
0.096816
0.091837
0.092035
0.104711
0.090749
0.107983
0.094809
0.107360
0.107652
0.109135
0.106659
0.108483
0.108069
0.103478
0.107728
0.107602
0.109637
0.107612
0.109171
0.106538
0.106326
0.107148
0.108288
0.107324
0.109135
0.108615
0.108690
0.109790
0.093512
0.105848
0.108828
0.108528
0.105886
0.105833
0.106282
0.107896
0.105319
0.107105
0.107469
0.107194
0.106902
0.107203
0.108239
0.107888
0.107893
0.108456
0.108080
0.106828
0.107101
0.107167
0.107748
0.106993
0.107511
0.107569
0.107528
0.108346
0.108499
0.107894
0.184939
0.186445
0.183278
0.183993
0.183035
0.183697
0.182010
0.181808
0.186561
0.181894
0.181358
0.138675
0.139104
0.138126
0.140489
0.139117
0.140969
0.130933
0.129887
0.128464
0.133251
0.132925
0.133371
0.124077
0.137352
0.137312
0.139227
0.140050
0.137812
0.138804
0.138764
0.134944
0.135505
0.136565
0.138296
0.134283
0.138656
0.135518
0.138474
0.130205
0.136655
0.134941
0.135670
0.131040
0.138935
0.134515
0.131106
0.128761
0.119648
0.089476
0.124213
0.082258
0.079879
0.125059
0.079970
0.078040
0.081703
0.084466
0.076521
0.077165
0.080860
0.082310
0.066811
0.063834
0.065413
0.061661
0.061906
0.062790
0.063711
0.062624
0.055348
0.059614
0.061377
0.061606
0.059933
0.062737
0.063582
0.118630
0.114435
0.106732
0.039860
0.065514
0.061854
0.053283
0.058499
0.051401
0.050276
0.050467
0.036753
0.038878
0.055068
0.048298
0.038236
0.047685
0.037480
0.047897
0.047750
0.037486
0.049576
0.042077
0.042474
0.042162
0.042174
0.042343
0.044228
0.051357
0.049915
0.050199
0.049905
0.048713
0.048545
0.049000
0.048003
0.048697
0.049030
0.049630
0.049537
0.052938
0.047816
0.048226
0.051918
0.053454
0.053232
0.053418
0.057394
0.036617
0.036126
0.052852
0.055460
0.060351
0.036653
0.036739
0.036162
0.035868
0.038854
0.042104
0.041453
0.037791
0.036463
0.040623
0.040482
0.037598
0.041680
0.045015
0.045125
0.036932
0.043402
0.049646
0.043853
0.044189
0.043252
0.044612
0.043999
0.044141
0.043529
0.050260
0.051770
0.052381
0.051142
0.051504
0.050137
0.050187
0.049550
0.051817
0.053210
0.054892
0.050992
0.054805
0.053513
0.052946
0.056052
0.052193
0.052232
0.044033
0.051942
0.051549
0.053497
0.004730
0.003993
0.004067
0.004141
0.004172
0.004283
0.004330
0.004166
0.003938
0.003655
0.003533
0.003439
0.003357
0.003406
0.003438
0.003548
0.003706
0.003290
0.003324
0.002791
0.002772
0.002792
0.002634
0.002582
0.002408
0.001810
0.001607
0.001428
0.001245
0.000975
0.000928
0.000989
0.000918
0.001076
0.001275
0.001383
0.001576
0.001529
0.001524
0.001210
0.001226
0.001027
0.000727
0.000479
0.000281
0.000150
0.000067
0.000000
0.000040
0.000121
0.000277
0.000453
0.000685
0.000946
0.001184
0.001197
0.095376
0.095867
0.095867
0.095867
0.095446
0.095420
0.095641
0.095420
0.095420
0.095060
0.094818
0.094808
0.095056
0.094106
0.094715
0.096017
0.095788
0.095564
0.094412
0.095543
0.095724
0.095830
0.096036
0.095585
0.095961
0.094990
0.094733
0.094278
0.094535
0.094690
0.094490
0.094825
0.095575
0.094688
0.094528
0.094528
0.095047
0.094953
0.094458
0.094401
0.094982
0.094625
0.094240
0.094114
0.093842
0.093872
0.093875
0.093898
0.093782
0.094300
0.093990
0.095254
0.095613
0.095613
0.095185
0.095313
0.095580
0.095444
0.095550
0.095590
0.095766
0.095519
0.095515
0.095505
0.095329
0.095373
0.095375
0.095299
0.094779
0.094988
0.094875
0.094934
0.094261
0.094411
0.094345
0.094389
0.094933
0.094123
0.094310
0.094100
0.094527
0.094232
0.094418
0.095083
0.094607
0.094446
0.094507
0.094421
0.094306
0.094284
0.094491
0.094342
0.096284
0.095698
0.095191
0.095011
0.094712
0.095936
0.095742
0.094273
0.094992
0.094843
0.094561
0.095535
0.095931
0.095345
0.095358
0.095681
0.094681
0.095153
0.095029
0.095172
0.095028
0.094990
0.094970
0.095029
0.095089
0.094472
0.095450
0.095519
0.095097
0.095268
0.095692
0.095477
0.095365
0.095690
0.095383
0.094851
0.094853
0.140640
0.142461
0.143970
0.141173
0.144372
0.142897
0.143412
0.122929
0.143014
0.141980
0.136638
0.134823
0.137524
0.136347
0.136814
0.137559
0.137517
0.135622
0.136459
0.138466
0.140963
0.139926
0.140411
0.133841
0.134095
0.144192
0.144157
0.150539
0.146708
0.130324
0.137218
0.136815
0.136611
0.145022
0.146223
0.147973
0.147633
0.146358
0.142944
0.147182
0.146219
0.146193
0.137984
0.137470
0.147085
0.147472
0.147620
0.148789
0.147659
0.147950
0.148551
0.148515
0.145824
0.146211
0.146577
0.142983
0.143135
0.113944
0.142238
0.142818
0.142296
0.143220
0.146124
0.148734
0.149357
0.148942
0.147202
0.145418
0.145910
0.144268
0.146900
0.146941
0.143360
0.143412
0.143210
0.149074
0.149039
0.149112
0.112323
0.150110
0.150778
0.150030
0.144079
0.142366
0.113138
0.139866
0.140725
0.136078
0.138318
0.148724
0.141839
0.142994
0.146737
0.142163
0.140706
0.141380
0.145427
0.136508
0.137855
0.145590
0.136092
0.135697
0.136989
0.139131
0.144106
0.143011
0.142887
0.142178
0.143151
0.144534
0.134794
0.133332
0.141981
0.145298
0.144074
0.133426
0.144731
0.139681
0.133155
0.135873
0.139058
0.138821
0.137940
0.144852
0.136438
0.132876
0.132822
0.138310
0.133855
0.138852
0.137873
0.138119
0.133769
0.129159
0.129881
0.136289
0.137993
0.133975
0.124858
0.127766
0.122870
0.122674
0.125373
0.126191
0.131734
0.128890
0.128885
0.126200
0.126815
0.126698
0.128895
0.128845
0.128554
0.127747
0.127757
0.129016
0.126666
0.129058
0.128830
0.129719
0.126201
0.125693
0.124358
0.130042
0.131291
0.098000
0.123454
0.125532
0.125026
0.129076
0.127851
0.127986
0.132640
0.131662
0.131410
0.131696
0.131593
0.130284
0.130921
0.130975
0.130221
0.129836
0.129666
0.127253
0.139618
0.129934
0.127737
0.129035
0.140821
0.139750
0.141011
0.128653
0.139788
0.140197
0.140302
0.139755
0.128005
0.126985
0.126849
0.127016
0.140512
0.140362
0.127438
0.140001
0.139956
0.141833
0.141871
0.141480
0.139094
0.139262
0.139800
0.139545
0.139410
0.139329
0.140496
0.139555
0.139696
0.140045
0.140930
0.142887
0.142464
0.142524
0.140421
0.140261
0.141347
0.140209
0.140252
0.140291
0.140215
0.140015
0.142206
0.140635
0.142028
0.141750
0.141044
0.140600
0.142379
0.140314
0.141001
0.142428
0.143649
0.144393
0.142551
0.139974
0.139185
0.140661
0.140707
0.140655
0.141821
0.141190
0.142438
0.142111
0.142083
0.143892
0.142655
0.140706
0.142806
0.143820
0.141870
0.142113
0.140619
0.140891
0.141949
0.141261
0.140659
0.140804
0.142023
0.143196
0.144903
0.144921
0.138821
0.138801
0.130657
0.132935
0.134076
0.135216
0.134964
0.138222
0.136719
0.135611
0.136649
0.136918
0.147135
0.146823
0.145352
0.146752
0.146417
0.148904
0.144681
0.144528
0.145067
0.145380
0.145021
0.148575
0.148983
0.147327
0.147319
0.147317
0.148770
0.144448
0.143762
0.144093
0.147277
0.144496
0.144880
0.146065
0.146078
0.150698
0.149564
0.144764
0.141819
0.141819
0.146336
0.147575
0.149860
0.149164
0.150264
0.151232
0.153241
0.148222
0.150513
0.151452
0.148590
0.148215
0.150667
0.151874
0.151099
0.154386
0.151997
0.149796
0.150572
0.151038
0.149871
0.151314
0.140781
0.120750
0.142502
0.138069
0.142884
0.143038
0.134523
0.139565
0.137557
0.137784
0.135999
0.137386
0.137263
0.137521
0.136447
0.137725
0.136946
0.141025
0.141882
0.142577
0.139777
0.138807
0.138465
0.146227
0.149100
0.148163
0.145686
0.146674
0.150077
0.154051
0.152804
0.151472
0.152009
0.149668
0.149466
0.150379
0.147758
0.147744
0.145588
0.142514
0.144128
0.144120
0.144313
0.143675
0.143864
0.141917
0.143987
0.144008
0.141883
0.143513
0.143013
0.144957
0.141863
0.141690
0.146851
0.145911
0.139053
0.146407
0.140230
0.141641
0.138682
0.141824
0.141645
0.135893
0.140388
0.142120
0.143534
0.139556
0.140977
0.141440
0.137454
0.138822
0.138855
0.140086
0.139093
0.140739
0.141323
0.140993
0.140862
0.138077
0.138239
0.137358
0.136899
0.139443
0.138962
0.138050
0.102496
0.101587
0.101908
0.102064
0.100988
0.101961
0.101725
0.101817
0.102039
0.102555
0.102193
0.102668
0.101769
0.103049
0.102788
0.101792
0.102737
0.102598
0.102860
0.102866
0.102753
0.102195
0.103324
0.104107
0.102175
0.102783
0.102909
0.102971
0.102968
0.101983
0.101737
0.101776
0.103219
0.101853
0.102263
0.102421
0.102936
0.103006
0.102356
0.103670
0.102916
0.103934
0.102154
0.102917
0.102917
0.103288
0.102932
0.102937
0.102929
0.103255
0.103300
0.102714
0.102834
0.102644
0.103996
0.103436
0.102686
0.103419
0.101872
0.103698
0.102103
0.102302
0.103762
0.103058
0.103912
0.103924
0.103158
0.102860
0.103144
0.103225
0.104052
0.103744
0.103707
0.103685
0.103239
0.103215
0.101684
0.102483
0.102068
0.101829
0.103254
0.102921
0.104429
0.103293
0.103194
0.103150
0.102361
0.103129
0.102156
0.102148
0.101380
0.103489
0.102485
0.103201
0.103157
0.102461
0.102598
0.102835
0.101126
0.103249
0.102690
0.103862
0.101311
0.101552
0.101366
0.101887
0.102511
0.101872
0.101909
0.101804
0.102135
0.101449
0.101546
0.101853
0.101320
0.103706
0.101167
0.102351
0.101590
0.101399
0.102861
0.103099
0.101288
0.103490
0.101717
0.102075
0.101858
0.102281
0.102265
0.101543
0.101672
0.102269
0.102260
0.102331
0.101380
0.103151
0.101879
0.101444
0.103196
0.091310
0.091217
0.091109
0.091039
0.091483
0.090981
0.091008
0.091297
0.090993
0.090459
0.091112
0.090953
0.091121
0.090718
0.090512
0.090541
0.090988
0.090986
0.090805
0.090871
0.090677
0.090812
0.090704
0.091090
0.090713
0.090467
0.090445
0.091150
0.090401
0.090805
0.090596
0.090788
0.091512
0.090817
0.090592
0.091037
0.091389
0.090654
0.090728
0.091039
0.090759
0.090705
0.090896
0.090751
0.090774
0.091166
0.090781
0.091032
0.093704
0.091006
0.091268
0.091248
0.090921
0.090672
0.090929
0.091147
0.091145
0.090974
0.090678
0.090871
0.090514
0.090960
0.090966
0.092205
0.091333
0.091493
0.090924
0.090799
0.090670
0.091091
0.091094
0.091097
0.090862
0.090826
0.090770
0.091158
0.090619
0.090925
0.092256
0.091185
0.091012
0.090867
0.090449
0.090524
0.090540
0.090257
0.090266
0.090363
0.090362
0.090474
0.090596
0.090486
0.090335
0.090501
0.090399
0.090571
0.090764
0.090780
0.090769
0.090739
0.090497
0.090544
0.090457
0.090426
0.090636
0.090541
0.090903
0.090913
0.090948
0.087681
0.100038
0.099739
0.091280
0.097407
0.103704
0.096659
0.097805
0.102444
0.098936
0.102328
0.102168
0.101126
0.102442
0.104621
0.103477
0.103406
0.103740
0.103064
0.102734
0.102694
0.102638
0.102754
0.103152
0.102670
0.102912
0.102313
0.103517
0.103408
0.103100
0.103302
0.104134
0.103812
0.102512
0.103540
0.100959
0.096179
0.101265
0.098092
0.100064
0.100050
0.101058
0.100956
0.101021
0.101286
0.100988
0.101533
0.102353
0.102406
0.101822
0.099420
0.098896
0.096458
0.096467
0.102956
0.096460
0.095415
0.095007
0.097861
0.100946
0.106916
0.098580
0.094561
0.096857
0.099933
0.097967
0.106181
0.107283
0.107845
0.106138
0.106043
0.106345
0.106275
0.107522
0.104839
0.097203
0.096782
0.105162
0.105601
0.094979
0.102380
0.104605
0.102708
0.102066
0.102142
0.103874
0.102237
0.102235
0.102335
0.101810
0.103027
0.098486
0.098644
0.098935
0.098584
0.098330
0.098381
0.104318
0.105396
0.102487
0.101969
0.100403
0.087486
0.082840
0.082704
0.087307
0.090017
0.103755
0.125729
0.108793
0.108644
0.109634
0.088320
0.087401
0.084067
0.087373
0.117924
0.117772
0.100296
0.115297
0.087535
0.113073
0.109439
0.113723
0.110212
0.097929
0.076414
0.088076
0.099641
0.087620
0.087961
0.077426
0.074582
0.078423
0.077704
0.076464
0.077188
0.065725
0.067614
0.065845
0.067321
0.066306
0.066318
0.065002
0.065301
0.069864
0.065621
0.067395
0.072339
0.088146
0.089535
0.094667
0.094610
0.094759
0.093881
0.081885
0.096318
0.095371
0.095990
0.094426
0.089926
0.082245
0.082788
0.083362
0.086648
0.088086
0.090781
0.095652
0.080339
0.097781
0.081680
0.092078
0.095330
0.081278
0.080207
0.092567
0.100548
0.097654
0.096851
0.102800
0.090374
0.098662
0.093334
0.086382
0.088434
0.066686
0.094119
0.089575
0.092727
0.097713
0.098026
0.099098
0.088034
0.093079
0.093578
0.091665
0.086589
0.091419
0.098051
0.096784
0.079487
0.098560
0.105363
0.105137
0.101074
0.084209
0.080373
0.079429
0.075595
0.082684
0.080570
0.076453
0.073524
0.075905
0.077333
0.074697
0.080889
0.082326
0.075089
0.078274
0.074622
0.076644
0.075161
0.075701
0.082995
0.076665
0.097442
0.076737
0.082594
0.076888
0.080787
0.081163
0.080291
0.075655
0.077615
0.072691
0.077852
0.076868
0.079687
0.076266
0.079602
0.079058
0.080327
0.080309
0.078121
0.079291
0.078324
0.069774
0.069616
0.082622
0.072589
0.067450
0.077321
0.070624
0.077629
0.083718
0.088854
0.086555
0.089704
0.093374
0.071011
0.064033
0.068238
0.080504
0.106092
0.093451
0.094118
0.095594
0.089364
0.081046
0.080591
0.079926
0.082818
0.076980
0.075730
0.080297
0.066773
0.081729
0.079541
0.067490
0.079299
0.079482
0.079929
0.077732
0.070616
0.070423
0.091213
0.066323
0.077250
0.076218
0.079372
0.082177
0.078568
0.082307
0.076724
0.083549
0.084859
0.078925
0.077869
0.077285
0.081763
0.078952
0.081429
0.081081
0.067984
0.066696
0.070813
0.074498
0.067339
0.062452
0.068160
0.065143
0.074091
0.060211
0.075318
0.076991
0.076396
0.076068
0.075379
0.075045
0.075707
0.076716
0.075321
0.075705
0.076908
0.078405
0.079412
0.078470
0.078096
0.079226
0.078759
0.075935
0.078696
0.078471
0.076170
0.076330
0.075358
0.075570
0.076684
0.074982
0.090692
0.095977
0.095978
0.095991
0.096650
0.095884
0.095884
0.095884
0.095884
0.096109
0.096125
0.096176
0.096144
0.096872
0.096876
0.096878
0.096891
0.097190
0.096141
0.095929
0.090266
0.095844
0.095600
0.095852
0.095594
0.097502
0.095411
0.095581
0.095685
0.095631
0.095364
0.096107
0.095619
0.095624
0.094979
0.095435
0.095512
0.095311
0.095804
0.095834
0.095825
0.096232
0.095607
0.096190
0.095686
0.095784
0.097491
0.096247
0.096235
0.097686
0.097437
0.097699
0.097157
0.095986
0.091760
0.098470
0.098211
0.097798
0.097289
0.097290
0.097312
0.097278
0.096443
0.095682
0.094840
0.094991
0.094991
0.095716
0.095070
0.095291
0.094659
0.095404
0.095546
0.095438
0.095521
0.095925
0.095439
0.095440
0.096825
0.096164
0.096686
0.096182
0.096721
0.096355
0.095969
0.096563
0.096572
0.096289
0.095929
0.095858
0.095858
0.096358
0.097786
0.097787
0.096198
0.095927
0.095927
0.095755
0.095518
0.096295
0.095989
0.095895
0.095896
0.095736
0.095780
0.095837
0.095756
0.096806
0.094914
0.095076
0.094811
0.095043
0.095422
0.097473
0.095492
0.095401
0.095873
0.097447
0.095197
0.095088
0.095083
0.095413
0.095940
0.095684
0.095281
0.097279
0.096825
0.096311
0.098030
0.096507
0.097539
0.095853
0.095853
0.095799
0.095741
0.097383
0.096087
0.098074
0.096060
0.095598
0.095621
0.096314
0.096424
0.095997
0.096014
0.096108
0.096118
0.095859
0.097178
0.097265
0.097377
0.096223
0.096286
0.096286
0.096806
0.096060
0.096051
0.095899
0.096359
0.096043
0.095386
0.095076
0.096034
0.095894
0.095622
0.095774
0.095703
0.096345
0.096446
0.096467
0.095920
0.095758
0.096123
0.095803
0.094707
0.094702
0.094321
0.095531
0.094434
0.097223
0.094467
0.094871
0.095797
0.095467
0.095217
0.095857
0.095358
0.095386
0.095471
0.095961
0.095440
0.095177
0.095253
0.095147
0.095390
0.096084
0.095622
0.095687
0.095263
0.094800
0.095194
0.094260
0.095311
0.096744
0.096745
0.096077
0.097806
0.096363
0.096363
0.096003
0.096003
0.095202
0.136186
0.134295
0.135581
0.133352
0.133351
0.133173
0.132657
0.133803
0.133970
0.133622
0.133516
0.132929
0.133313
0.132862
0.133169
0.133186
0.132942
0.132901
0.133594
0.132090
0.133685
0.132553
0.133016
0.133577
0.134391
0.133273
0.133368
0.133156
0.133663
0.132250
0.134048
0.134067
0.133553
0.134927
0.134357
0.134197
0.134298
0.134293
0.133663
0.133864
0.133704
0.134246
0.134224
0.134521
0.134429
0.134590
0.133857
0.134369
0.134096
0.134158
0.134066
0.135509
0.137898
0.144637
0.134489
0.142238
0.140727
0.140828
0.140094
0.141572
0.143135
0.141864
0.140169
0.142624
0.142438
0.141064
0.141127
0.140919
0.140918
0.140836
0.139334
0.139408
0.139123
0.140514
0.138958
0.139340
0.140615
0.139316
0.142138
0.141403
0.141168
0.134892
0.134927
0.134619
0.135045
0.135395
0.135003
0.134725
0.134284
0.135402
0.134987
0.134320
0.133732
0.133840
0.133296
0.133071
0.133309
0.133291
0.133460
0.133543
0.132942
0.133322
0.132883
0.133164
0.133424
0.133472
0.133002
0.133169
0.132468
0.133292
0.133410
0.133624
0.133832
0.134053
0.133592
0.133950
0.133995
0.133975
0.133504
0.135731
0.129063
0.133553
0.133369
0.132612
0.134354
0.133742
0.132948
0.132444
0.133664
0.133142
0.130700
0.132008
0.131811
0.133564
0.133879
0.133902
0.133718
0.133720
0.133475
0.133168
0.133463
0.133680
0.133585
0.133446
0.134239
0.133817
0.134827
0.134404
0.133904
0.133418
0.130924
0.130677
0.129962
0.128961
0.133092
0.127298
0.143401
0.142502
0.142484
0.128605
0.128628
0.128585
0.128630
0.133273
0.137441
0.135432
0.139570
0.138781
0.135236
0.138306
0.134690
0.135290
0.135344
0.145004
0.146922
0.134045
0.137534
0.136373
0.135939
0.156030
0.140132
0.140730
0.140245
0.139652
0.156937
0.157406
0.138656
0.138785
0.137214
0.135739
0.134289
0.132995
0.133436
0.133452
0.132374
0.129310
0.127412
0.127469
0.128736
0.128193
0.129306
0.127668
0.128322
0.129384
0.126945
0.126767
0.126036
0.125860
0.124851
0.125560
0.127695
0.125882
0.124860
0.127484
0.123588
0.121286
0.123929
0.125009
0.125971
0.127544
0.129054
0.127731
0.128572
0.127975
0.132015
0.128068
0.133888
0.132484
0.135212
0.134205
0.134806
0.135483
0.135488
0.134201
0.134706
0.134180
0.134371
0.134309
0.134354
0.133860
0.134852
0.134326
0.135095
0.132900
0.131678
0.130292
0.131920
0.131025
0.131580
0.133010
0.135424
0.134670
0.135302
0.131964
0.132514
0.132736
0.133844
0.133702
0.134024
0.133363
0.134106
0.134324
0.133405
0.134601
0.132735
0.132490
0.131938
0.131681
0.133562
0.133535
0.133241
0.135186
0.135587
0.134452
0.134624
0.134890
0.136374
0.136375
0.135125
0.135950
0.136282
0.136868
0.136480
0.134199
0.135426
0.133139
0.132372
0.132959
0.129823
0.130105
0.130109
0.129423
0.129399
0.129207
0.128894
0.129896
0.130321
0.130439
0.130080
0.129774
0.130533
0.130328
0.130195
0.130574
0.130071
0.130356
0.130523
0.130640
0.131073
0.130269
0.130161
0.130077
0.130070
0.130094
0.131285
0.130450
0.130789
0.130806
0.130422
0.129949
0.130020
0.129940
0.129738
0.128609
0.128500
0.128561
0.130548
0.130246
0.132145
0.130018
0.133997
0.133629
0.133084
0.129346
0.129010
0.129987
0.134603
0.134621
0.133754
0.133596
0.132533
0.134456
0.134639
0.132706
0.131369
0.130678
0.131005
0.131088
0.133259
0.135332
0.134443
0.135925
0.134357
0.130687
0.134107
0.131236
0.133664
0.132196
0.132320
0.131024
0.131682
0.130435
0.130350
0.129561
0.130826
0.129686
0.133029
0.129750
0.130344
0.132547
0.129584
0.134711
0.134925
0.134365
0.147523
0.124759
0.121987
0.123052
0.122390
0.126460
0.121116
0.120228
0.118142
0.118164
0.118458
0.118623
0.119866
0.119730
0.121035
0.118956
0.120173
0.120098
0.114789
0.115551
0.115828
0.115096
0.115826
0.116528
0.117366
0.136736
0.141529
0.143849
0.141918
0.136666
0.117146
0.117442
0.140082
0.113408
0.116374
0.123088
0.127618
0.123280
0.115196
0.123446
0.142731
0.125604
0.124835
0.123414
0.123669
0.123597
0.125786
0.121913
0.120929
0.123214
0.119175
0.115657
0.121989
0.115229
0.115766
0.119581
0.120121
0.115130
0.145571
0.145499
0.116368
0.146375
0.118852
0.116636
0.122214
0.119439
0.121411
0.112935
0.149220
0.122030
0.110788
0.113576
0.112385
0.148721
0.150057
0.150435
0.151121
0.151028
0.149987
0.150224
0.150591
0.148641
0.150988
0.149518
0.150535
0.148938
0.148729
0.146282
0.146734
0.145444
0.149442
0.150277
0.150606
0.150839
0.151700
0.151069
0.150627
0.150806
0.149235
0.150141
0.149082
0.151818
0.152255
0.154094
0.153090
0.153251
0.153836
0.153459
0.153196
0.153312
0.152527
0.152625
0.153316
0.152693
0.154004
0.153836
0.153375
0.153430
0.153479
0.154397
0.163963
0.164009
0.153881
0.161978
0.145668
0.164291
0.166732
0.164828
0.149477
0.150058
0.144743
0.150663
0.144726
0.149078
0.162360
0.146243
0.146871
0.144650
0.145876
0.145026
0.146220
0.144147
0.143374
0.148887
0.143577
0.143766
0.144921
0.147474
0.144390
0.147551
0.147365
0.141495
0.140298
0.146027
0.147090
0.144500
0.143090
0.145574
0.145889
0.161482
0.157878
0.156615
0.155834
0.156178
0.157592
0.155104
0.157620
0.155801
0.157863
0.157214
0.158024
0.158144
0.158627
0.159278
0.158989
0.157690
0.156713
0.156343
0.157778
0.158044
0.157691
0.156145
0.157772
0.156193
0.156857
0.156539
0.156230
0.155780
0.155322
0.156143
0.157123
0.159154
0.159193
0.160612
0.158266
0.159987
0.158862
0.160419
0.160178
0.160069
0.159804
0.160393
0.159729
0.160518
0.160254
0.160532
0.161028
0.159551
0.159178
0.159053
0.159642
0.159214
0.159399
0.158703
0.160030
0.158932
0.161639
0.162211
0.159676
0.160787
0.161039
0.161865
0.161671
0.163552
0.163070
0.163303
0.163531
0.163679
0.162275
0.164862
0.163494
0.163667
0.163589
0.123188
0.062245
0.078612
0.061672
0.069272
0.104759
0.104750
0.105683
0.069282
0.069282
0.069282
0.069285
0.069282
0.077321
0.077538
0.076813
0.077373
0.077204
0.077553
0.077404
0.077560
0.077335
0.077564
0.077671
0.077726
0.066893
0.076978
0.076981
0.068267
0.077462
0.077414
0.069386
0.069386
0.069386
0.078064
0.075393
0.074940
0.075653
0.075922
0.074939
0.073911
0.075041
0.074663
0.074896
0.074977
0.074138
0.074587
0.075402
0.074045
0.074285
0.074362
0.074379
0.074376
0.074347
0.074347
0.074361
0.076332
0.076566
0.074527
0.074527
0.074399
0.074164
0.074513
0.093943
0.094217
0.094217
0.094222
0.094197
0.093703
0.094289
0.094300
0.094219
0.094176
0.094528
0.094636
0.094147
0.094640
0.094697
0.094241
0.094251
0.094585
0.094581
0.094426
0.094414
0.094516
0.094799
0.094719
0.095329
0.094526
0.094166
0.094612
0.094472
0.094500
0.094396
0.094477
0.094543
0.094429
0.094493
0.094415
0.094522
0.094405
0.098681
0.099675
0.098818
0.098590
0.098856
0.098647
0.099155
0.099515
0.098615
0.098876
0.098860
0.098666
0.098513
0.099664
0.098452
0.098452
0.098452
0.098307
0.098710
0.096972
0.099880
0.098858
0.098649
0.098506
0.098475
0.099726
0.099162
0.098198
0.098198
0.098880
0.097997
0.097942
0.099223
0.099942
0.099958
0.099931
0.099965
0.099841
0.099789
0.263211
0.271383
0.260603
0.253829
0.254509
0.250311
0.254548
0.253934
0.251300
0.253549
0.263246
0.262598
0.252097
0.250092
0.249205
0.249589
0.251969
0.249910
0.248442
0.251382
0.250971
0.251396
0.251797
0.248452
0.250692
0.250865
0.251335
0.251086
0.251871
0.252335
0.250994
0.250791
0.251002
0.250251
0.252641
0.251710
0.250604
0.249949
0.248814
0.250055
0.250073
0.247192
0.257811
0.256136
0.239182
0.252024
0.243868
0.244641
0.242051
0.252743
0.240191
0.250484
0.237780
0.255053
0.237939
0.240379
0.241252
0.240884
0.242835
0.246086
0.245207
0.244305
0.246029
0.245257
0.245402
0.244337
0.240279
0.219394
0.216970
0.213164
0.212439
0.218986
0.214129
0.214037
0.213154
0.213615
0.213684
0.213279
0.213385
0.215080
0.213401
0.214090
0.212457
0.213610
0.213675
0.214312
0.213083
0.209764
0.211982
0.214674
0.214792
0.210356
0.240985
0.240870
0.257250
0.254785
0.253707
0.253331
0.254841
0.257977
0.265164
0.261555
0.251122
0.258780
0.270659
0.274765
0.256373
0.273856
0.258477
0.269034
0.109474
0.108121
0.107925
0.110479
0.106560
0.122613
0.127277
0.120927
0.120702
0.120711
0.119310
0.125239
0.125465
0.106614
0.098621
0.096887
0.125081
0.125696
0.120616
0.100542
0.100651
0.099772
0.098854
0.098618
0.098543
0.098014
0.098547
0.098110
0.096041
0.095361
0.095692
0.097296
0.096185
0.098069
0.096382
0.099632
0.098047
0.097345
0.095529
0.096214
0.095256
0.096181
0.097682
0.097109
0.095665
0.100208
0.100010
0.101911
0.103194
0.102303
0.106546
0.106487
0.106639
0.104311
0.102148
0.105598
0.105570
0.105963
0.103794
0.101064
0.125737
0.126118
0.125504
0.100307
0.104892
0.101688
0.101615
0.101596
0.102925
0.101878
0.101335
0.101770
0.101866
0.102646
0.102824
0.101888
0.103636
0.103905
0.103780
0.104586
0.104278
0.103981
0.103594
0.104923
0.102759
0.101296
0.099907
0.099825
0.105138
0.106327
0.094939
0.092085
0.103161
0.102179
0.091574
0.090823
0.097871
0.098272
0.087960
0.089892
0.095580
0.103569
0.103656
0.104156
0.101274
0.098259
0.099261
0.099229
0.098706
0.101403
0.099603
0.099462
0.099304
0.091442
0.093577
0.098254
0.111707
0.111728
0.111139
0.110457
0.082680
0.091978
0.091707
0.099326
0.091563
0.093890
0.102533
0.102618
0.104573
0.104762
0.103972
0.103492
0.103375
0.104595
0.102875
0.104238
0.105303
0.105413
0.106650
0.106096
0.103930
0.105623
0.108141
0.108279
0.111447
0.110914
0.112936
0.106935
0.107684
0.103740
0.101143
0.108921
0.102373
0.102831
0.104867
0.106276
0.106095
0.106701
0.103699
0.105023
0.100735
0.104018
0.103290
0.104308
0.103539
0.101056
0.102535
0.103501
0.101915
0.101770
0.102172
0.106562
0.105868
0.106322
0.106765
0.108305
0.103074
0.106599
0.107149
0.106708
0.106074
0.105053
0.100337
0.107385
0.106205
0.081928
0.085315
0.087594
0.067484
0.082744
0.082516
0.083621
0.082682
0.083813
0.084521
0.085606
0.083770
0.083881
0.082715
0.082464
0.086380
0.083475
0.084010
0.082929
0.083478
0.085714
0.083805
0.097676
0.081525
0.084481
0.084419
0.084784
0.089300
0.089650
0.087065
0.083566
0.114372
0.112619
0.114156
0.113197
0.111932
0.113330
0.113775
0.117314
0.119653
0.119156
0.117824
0.117997
0.117919
0.117182
0.117657
0.070144
0.116719
0.071930
0.072322
0.077731
0.116704
0.113492
0.112434
0.115233
0.115850
0.113652
0.112866
0.114031
0.112240
0.113911
0.114834
0.119915
0.115537
0.117193
0.114543
0.118333
0.120124
0.119500
0.120536
0.115559
0.114061
0.115036
0.115404
0.116151
0.115249
0.113596
0.114698
0.112328
0.117427
0.116386
0.114706
0.113395
0.112557
0.114767
0.113357
0.112438
0.117007
0.116036
0.116013
0.114601
0.112966
0.112050
0.112477
0.112239
0.113101
0.115303
0.111504
0.111398
0.114843
0.115641
0.115512
0.116006
0.114771
0.115700
0.115923
0.111246
0.112992
0.113931
0.116520
0.115792
0.114104
0.111878
0.118526
0.118981
0.112992
0.117685
0.081806
0.081412
0.081866
0.080897
0.113171
0.080455
0.114316
0.113159
0.117902
0.119003
0.118547
0.114218
0.114396
0.115078
0.118579
0.119050
0.119012
0.118968
0.118441
0.119498
0.118959
0.118578
0.118397
0.118191
0.118630
0.119480
0.119956
0.120868
0.118947
0.119942
0.121441
0.120870
0.122779
0.120985
0.120455
0.121939
0.121242
0.121867
0.121788
0.121938
0.121824
0.119506
0.120402
0.120307
0.120208
0.119770
0.118460
0.119882
0.119572
0.120662
0.119386
0.120389
0.119623
0.120369
0.120603
0.120035
0.119900
0.121809
0.120071
0.122030
0.124978
0.124031
0.125028
0.125478
0.123012
0.165486
0.146995
0.167301
0.153016
0.163965
0.165447
0.167230
0.170933
0.166466
0.164737
0.163654
0.165424
0.167166
0.173176
0.164067
0.161342
0.166918
0.162364
0.160987
0.161915
0.155052
0.153783
0.154245
0.172854
0.172261
0.170291
0.156161
0.167541
0.157778
0.153908
0.161798
0.161103
0.161557
0.167656
0.167986
0.169143
0.167925
0.162303
0.157172
0.155941
0.157479
0.157088
0.169332
0.168444
0.168895
0.170383
0.169870
0.152635
0.155425
0.155991
0.153551
0.153014
0.151291
0.153779
0.169988
0.148166
0.159833
0.151312
0.152467
0.156580
0.168199
0.168060
0.154443
0.169003
0.167772
0.170371
0.168002
0.169229
0.170859
0.167655
0.169333
0.168969
0.167199
0.167134
0.171700
0.172129
0.174898
0.176474
0.177025
0.173033
0.173022
0.173747
0.173131
0.173178
0.167744
0.175870
0.180017
0.180773
0.186501
0.184442
0.176709
0.174816
0.178558
0.173848
0.183364
0.184183
0.183251
0.076153
0.077103
0.106891
0.107129
0.106718
0.106743
0.106920
0.106863
0.106417
0.105093
0.105136
0.105909
0.105029
0.105811
0.106141
0.105913
0.106094
0.106340
0.105579
0.105633
0.106623
0.106554
0.106023
0.106945
0.105796
0.106134
0.106889
0.106666
0.106965
0.107124
0.107042
0.107027
0.106542
0.106594
0.107011
0.106885
0.106714
0.106664
0.080629
0.080493
0.106587
0.106608
0.080616
0.106705
0.080562
0.107030
0.106796
0.107594
0.105111
0.106730
0.106937
0.106748
0.106908
0.081059
0.080227
0.076421
0.079898
0.079041
0.081121
0.079134
0.080040
0.081204
0.080719
0.136566
0.137858
0.137696
0.136597
0.136623
0.136834
0.117819
0.136948
0.137147
0.118608
0.118674
0.136872
0.118278
0.118393
0.119148
0.123290
0.124451
0.127853
0.127636
0.121795
0.119895
0.121836
0.122779
0.122038
0.121090
0.122673
0.123619
0.123625
0.124482
0.124890
0.124161
0.122718
0.124447
0.124408
0.124615
0.125825
0.123538
0.127899
0.123492
0.139716
0.138311
0.132076
0.132578
0.136795
0.120744
0.120374
0.128848
0.121747
0.119654
0.122049
0.124561
0.123928
0.126830
0.125369
0.124527
0.128884
0.124908
0.136604
0.123519
0.124378
0.124861
0.136309
0.119365
0.123134
0.122497
0.120085
0.137615
0.137488
0.121033
0.122007
0.121371
0.121576
0.121958
0.119492
0.136363
0.119738
0.135839
0.135440
0.136032
0.136619
0.136053
0.118866
0.119576
0.126392
0.135891
0.137035
0.136481
0.136861
0.127375
0.135920
0.125660
0.137340
0.126549
0.126295
0.126108
0.136550
0.124897
0.125576
0.126346
0.126173
0.126112
0.120023
0.125701
0.120253
0.126391
0.119759
0.127021
0.125634
0.126723
0.127146
0.119054
0.118360
0.125798
0.118738
0.118158
0.127379
0.118757
0.119816
0.119753
0.119375
0.118103
0.118985
0.118312
0.138039
0.129084
0.123296
0.124063
0.124083
0.123654
0.124196
0.123279
0.123644
0.123736
0.123851
0.119162
0.125718
0.123163
0.121533
0.122288
0.125213
0.124502
0.117735
0.118099
0.117571
0.125670
0.125938
0.124382
0.124175
0.125766
0.125899
0.126040
0.119919
0.119869
0.125641
0.120286
0.122963
0.125422
0.122358
0.125970
0.119324
0.124185
0.123972
0.125068
0.125855
0.117997
0.118701
0.126617
0.124718
0.119505
0.107237
0.107284
0.107162
0.106325
0.106984
0.106926
0.106464
0.107339
0.107460
0.106275
0.106054
0.106339
0.107017
0.107348
0.105600
0.105684
0.105333
0.106173
0.106268
0.105226
0.106788
0.106949
0.107449
0.107444
0.103592
0.107819
0.106259
0.103452
0.103457
0.105915
0.103577
0.102920
0.105957
0.105808
0.106980
0.106511
0.106470
0.107187
0.107239
0.105110
0.107279
0.107277
0.102501
0.103015
0.102740
0.107285
0.108038
0.106982
0.105153
0.107461
0.107269
0.106997
0.104018
0.104295
0.104621
0.103629
0.107479
0.104240
0.103053
0.106331
0.107561
0.104265
0.105460
0.105434
0.105672
0.107746
0.107687
0.104074
0.103168
0.108092
0.109032
0.107354
0.107566
0.107813
0.108055
0.107923
0.107839
0.108348
0.108407
0.108483
0.109102
0.107971
0.388958
0.388910
0.388900
0.388899
0.389074
0.389081
0.389081
0.389081
0.388922
0.389071
0.389071
0.389071
0.389074
0.389062
0.388918
0.389062
0.389062
0.388899
0.389061
0.388891
0.388899
0.389082
0.389080
0.388899
0.389082
0.389082
0.388900
0.389083
0.388900
0.389084
0.389083
0.388900
0.389084
0.389083
0.388900
0.389084
0.389082
0.388899
0.389083
0.389082
0.388899
0.389084
0.389082
0.388899
0.389084
0.389082
0.388899
0.389083
0.389082
0.388899
0.389084
0.389082
0.388899
0.389085
0.389083
0.388899
0.389085
0.389082
0.388899
0.389085
0.389081
0.388899
0.389083
0.389081
0.388935
0.388900
0.388900
0.388933
0.388901
0.387119
