0.514085
0.514085
0.514085
0.514085
0.514085
0.514085
0.514085
0.514085
0.514085
0.514085
0.514085
0.514085
0.514085
0.514085
0.514085
0.514085
0.514085
0.430232
0.340397
0.281135
0.254873
0.226297
0.210513
0.179054
0.197855
0.192246
0.196098
0.201368
0.203921
0.207418
0.206721
0.223249
0.182994
0.205299
0.202958
0.202636
0.198939
0.215871
0.187331
0.203541
0.180825
0.189505
0.181466
0.188471
0.181299
0.157926
0.192079
0.198382
0.176010
0.220353
0.166096
0.236853
0.211480
0.239775
0.221808
0.218301
0.209218
0.199998
0.209431
0.213187
0.204211
0.202202
0.209687
0.198063
0.187302
0.187421
0.187649
0.187560
0.165023
0.183709
0.176268
0.177832
0.177743
0.177766
0.177580
0.176356
0.176393
0.176331
0.176785
0.176478
0.177577
0.177605
0.177573
0.176179
0.176161
0.176388
0.175941
0.177722
0.177724
0.177712
0.177594
0.176396
0.175903
0.175885
0.175796
0.176647
0.175785
0.174811
0.175806
0.175784
0.174748
0.174732
0.176512
0.176478
0.176511
0.132286
0.100096
0.114317
0.187862
0.327227
0.514085
0.514085
0.514085
0.400767
0.312904
0.223772
0.174444
0.112421
0.080995
0.077026
0.082679
0.069420
0.071530
0.071778
0.071546
0.073405
0.075294
0.071158
0.076141
0.074760
0.075717
0.075965
0.067100
0.070219
0.070112
0.065618
0.065864
0.066861
0.066184
0.073588
0.080033
0.080317
0.078137
0.066698
0.066032
0.065776
0.065633
0.064467
0.065994
0.063814
0.063734
0.058614
0.057318
0.062399
0.062973
0.062004
0.062456
0.062457
0.063251
0.061678
0.060481
0.061885
0.072984
0.071045
0.071732
0.072005
0.060845
0.061591
0.060243
0.061338
0.061922
0.061797
0.061585
0.063735
0.061749
0.060792
0.061446
0.061800
0.063850
0.061575
0.064103
0.062804
0.061564
0.062428
0.062284
0.063250
0.063852
0.062424
0.061618
0.061685
0.061973
0.062642
0.058965
0.055865
0.058269
0.058531
0.059540
0.078295
0.078703
0.080802
0.079922
0.066806
0.065135
0.066522
0.082218
0.080395
0.085748
0.085551
0.086082
0.082150
0.084460
0.088911
0.080490
0.081466
0.079029
0.076477
0.077825
0.082300
0.081360
0.079040
0.084416
0.087906
0.085999
0.084996
0.084912
0.085245
0.078838
0.074501
0.074164
0.073058
0.079222
0.079475
0.079211
0.077923
0.078234
0.072528
0.086086
0.077315
0.078290
0.078334
0.078913
0.086625
0.085129
0.092986
0.086437
0.076713
0.072517
0.087180
0.072422
0.086339
0.086627
0.069932
0.087889
0.077011
0.068253
0.068376
0.075474
0.080207
0.080108
0.084226
0.082873
0.087093
0.085287
0.076458
0.076149
0.089966
0.096978
0.080049
0.077109
0.077450
0.077851
0.077692
0.078543
0.080166
0.077584
0.077503
0.076242
0.076398
0.075948
0.073489
0.073020
0.073266
0.071319
0.074907
0.071697
0.077981
0.076886
0.070798
0.073672
0.074100
0.075155
0.075744
0.103763
0.075584
0.104036
0.074601
0.077010
0.076273
0.075028
0.047453
0.047607
0.047707
0.047358
0.047454
0.047239
0.046770
0.047173
0.047438
0.047417
0.046762
0.046896
0.046887
0.046946
0.046981
0.046869
0.046817
0.046799
0.046897
0.046813
0.046846
0.047062
0.046977
0.047167
0.047152
0.047199
0.047279
0.047453
0.047246
0.047068
0.046577
0.046564
0.046874
0.046756
0.046825
0.047425
0.047512
0.047703
0.047692
0.047611
0.047561
0.047652
0.047497
0.047505
0.047047
0.046868
0.046851
0.047138
0.046736
0.047154
0.047047
0.046545
0.046466
0.046662
0.047680
0.047444
0.047542
0.047558
0.047474
0.047338
0.047313
0.047324
0.047254
0.047222
0.047325
0.047036
0.046782
0.047014
0.047213
0.047168
0.047628
0.047977
0.047546
0.047480
0.047734
0.047611
0.046947
0.045970
0.046444
0.045882
0.045323
0.045063
0.045022
0.045460
0.045107
0.045065
0.045766
0.046027
0.046152
0.046033
0.046131
0.046098
0.046158
0.045532
0.045669
0.045380
0.044882
0.045149
0.045070
0.045083
0.045164
0.045311
0.045656
0.045816
0.045746
0.045723
0.045630
0.045961
0.046001
0.045796
0.046206
0.046648
0.306671
0.304170
0.303367
0.298678
0.292368
0.292215
0.297518
0.287942
0.297535
0.276264
0.277941
0.270192
0.279582
0.252864
0.247147
0.262296
0.263051
0.273758
0.277040
0.282249
0.292308
0.276022
0.299193
0.309025
0.305468
0.305731
0.292449
0.297417
0.297674
0.307837
0.305839
0.296939
0.303499
0.297243
0.295912
0.297474
0.294825
0.304810
0.304492
0.310328
0.047920
0.047788
0.047604
0.047004
0.046982
0.047299
0.047065
0.046882
0.046429
0.046361
0.046423
0.046493
0.046564
0.046933
0.046823
0.046761
0.046725
0.046862
0.046840
0.046840
0.046774
0.046821
0.046718
0.046708
0.046624
0.047150
0.046537
0.046714
0.046403
0.046509
0.045768
0.046054
0.046005
0.045976
0.046039
0.046799
0.047499
0.047469
0.047324
0.047267
0.047173
0.047037
0.046094
0.046299
0.046865
0.047079
0.047088
0.047130
0.047224
0.047554
0.046876
0.045811
0.046137
0.046603
0.047121
0.046977
0.047091
0.047270
0.047627
0.047744
0.048027
0.048093
0.047637
0.048166
0.048598
0.049083
0.049165
0.048850
0.049712
0.049570
0.049351
0.048505
0.048538
0.048276
0.048302
0.047815
0.047492
0.046872
0.046870
0.046727
0.047694
0.047937
0.048044
0.047744
0.047746
0.047598
0.047498
0.047758
0.047947
0.048560
0.048582
0.048633
0.047960
0.048621
0.047690
0.048040
0.048261
0.048704
0.048295
0.049220
0.049475
0.049157
0.049420
0.048770
0.048632
0.048205
0.048266
0.047942
0.048378
0.049444
0.048809
0.048857
0.048860
0.049910
0.050085
0.050096
0.049075
0.049727
0.049072
0.049201
0.049305
0.049428
0.049336
0.048351
0.048088
0.047936
0.047714
0.047536
0.047869
0.047698
0.047401
0.047477
0.047360
0.047439
0.047571
0.047489
0.047095
0.047028
0.046583
0.046331
0.046643
0.047093
0.047310
0.047767
0.047719
0.048065
0.048527
0.049097
0.049143
0.049789
0.050230
0.050230
0.050202
0.049603
0.049547
0.049514
0.049948
0.049793
0.049679
0.049416
0.049438
0.049113
0.049120
0.049264
0.049815
0.049907
0.049917
0.049501
0.049683
0.049631
0.049600
0.049719
0.049763
0.049444
0.049007
0.049515
0.049466
0.049857
0.048930
0.049431
0.049429
0.049436
0.048961
0.049781
0.048863
0.048784
0.048710
0.048676
0.048660
0.048594
0.048734
0.049354
0.049400
0.048803
0.048659
0.048870
0.048251
0.048224
0.048663
0.048719
0.048829
0.047975
0.047764
0.047737
0.047511
0.047045
0.047315
0.046716
0.046728
0.046741
0.046401
0.046924
0.046826
0.046708
0.047288
0.047634
0.047278
0.048012
0.047872
0.047939
0.048027
0.047312
0.048071
0.048239
0.048412
0.048429
0.048588
0.048284
0.048305
0.048383
0.047871
0.048080
0.048366
0.048294
0.047701
0.047622
0.047507
0.048057
0.048117
0.047933
0.047432
0.046669
0.046297
0.046149
0.046440
0.048114
0.048348
0.047896
0.047233
0.047753
0.047932
0.048070
0.048135
0.047910
0.047905
0.047235
0.047000
0.046978
0.046941
0.047352
0.046917
0.047095
0.046913
0.046622
0.046735
0.045918
0.045897
0.045909
0.045769
0.046344
0.046159
0.046274
0.046264
0.046806
0.047220
0.047004
0.047124
0.047019
0.047021
0.104974
0.105682
0.105453
0.104100
0.103330
0.104113
0.104535
0.103516
0.104404
0.104564
0.104544
0.102610
0.101844
0.099973
0.101797
0.101946
0.103077
0.098466
0.100774
0.101500
0.103600
0.104093
0.106650
0.102990
0.103669
0.100334
0.101393
0.104026
0.102426
0.099347
0.099553
0.100249
0.104280
0.099451
0.105122
0.106388
0.105971
0.106560
0.104444
0.105155
0.104180
0.103957
0.103033
0.104320
0.105559
0.106210
0.102790
0.104507
0.105188
0.105667
0.109577
0.105101
0.104677
0.104349
0.101443
0.105996
0.105387
0.103946
0.108585
0.104879
0.105024
0.105921
0.107524
0.103088
0.103047
0.107648
0.105523
0.103923
0.103713
0.102934
0.100438
0.100226
0.102445
0.102628
0.100712
0.101903
0.101776
0.103884
0.103858
0.102935
0.103142
0.101635
0.103107
0.102638
0.101472
0.102599
0.100191
0.101951
0.103295
0.104864
0.104361
0.097730
0.092895
0.098908
0.099502
0.093504
0.094713
0.095334
0.094284
0.094304
0.103936
0.104801
0.104173
0.104966
0.104670
0.102738
0.104077
0.102644
0.100816
0.101720
0.101558
0.095540
0.106667
0.107482
0.108153
0.106205
0.104654
0.104949
0.104557
0.105574
0.107519
0.108462
0.103565
0.099818
0.099545
0.095588
0.099880
0.095764
0.103677
0.105158
0.097596
0.095753
0.101278
0.097117
0.097886
0.096476
0.093645
0.092223
0.093102
0.107071
0.104832
0.104446
0.103738
0.094649
0.097189
0.095317
0.095439
0.093937
0.097367
0.097128
0.095988
0.095074
0.096922
0.097345
0.094733
0.087918
0.086421
0.087341
0.086982
0.086052
0.085168
0.084788
0.084214
0.083777
0.083104
0.083612
0.086672
0.087707
0.088430
0.093603
0.091157
0.105196
0.106737
0.103524
0.109446
0.104151
0.090266
0.093024
0.102312
0.102573
0.102836
0.108549
0.106867
0.112157
0.134881
0.136868
0.137167
0.110881
0.137362
0.121401
0.121509
0.124479
0.123447
0.122143
0.119499
0.117558
0.114948
0.117429
0.130461
0.112768
0.115111
0.114888
0.118170
0.115779
0.114795
0.114662
0.114030
0.113440
0.111561
0.137522
0.140049
0.139004
0.126211
0.137925
0.133628
0.140019
0.138988
0.138025
0.137009
0.137410
0.132363
0.133111
0.131725
0.137343
0.105840
0.136383
0.106674
0.115190
0.116381
0.100926
0.102160
0.103440
0.099645
0.108173
0.101366
0.096733
0.096599
0.096985
0.096219
0.096245
0.096361
0.099521
0.098624
0.096734
0.097852
0.098041
0.096873
0.094736
0.096546
0.094636
0.094141
0.094322
0.094991
0.097033
0.103150
0.097808
0.104197
0.102887
0.102907
0.103803
0.102366
0.107042
0.103593
0.104573
0.105011
0.103831
0.102809
0.102836
0.102174
0.102463
0.102988
0.237381
0.247644
0.243921
0.241379
0.228301
0.246995
0.230237
0.238355
0.236579
0.239978
0.240644
0.238276
0.262165
0.247586
0.245240
0.242789
0.245648
0.256075
0.256867
0.255091
0.248547
0.252307
0.251285
0.246355
0.245218
0.247536
0.250001
0.251001
0.253689
0.243984
0.240458
0.232897
0.234482
0.241121
0.239936
0.237633
0.226874
0.225193
0.228773
0.230225
0.231283
0.228342
0.230711
0.231060
0.231451
0.232244
0.231019
0.230076
0.228380
0.243215
0.229021
0.243535
0.242874
0.243923
0.248762
0.243516
0.225826
0.226533
0.225451
0.235518
0.234998
0.250408
0.246552
0.243967
0.225784
0.228239
0.227740
0.228529
0.227857
0.235796
0.235411
0.236610
0.230440
0.228233
0.236557
0.228056
0.231317
0.237209
0.236500
0.235961
0.235451
0.238680
0.107517
0.106917
0.107175
0.104826
0.104325
0.104279
0.103792
0.101617
0.104726
0.102194
0.102327
0.103280
0.101046
0.099926
0.100364
0.101091
0.100840
0.101386
0.101561
0.101523
0.101996
0.101250
0.101511
0.102448
0.103112
0.103138
0.103022
0.103475
0.103442
0.103210
0.102989
0.103312
0.103633
0.104087
0.104393
0.106643
0.105635
0.105873
0.105204
0.105063
0.103916
0.104964
0.102575
0.100640
0.100153
0.094732
0.095732
0.094813
0.095772
0.097692
0.096950
0.101031
0.100168
0.099290
0.101583
0.099904
0.097610
0.097250
0.094918
0.095659
0.093993
0.098197
0.099913
0.099245
0.097331
0.101504
0.099579
0.099265
0.097915
0.095984
0.095213
0.099325
0.097173
0.095866
0.095724
0.095098
0.095038
0.095548
0.093948
0.094719
0.095579
0.094085
0.096102
0.093903
0.094385
0.095527
0.103046
0.103708
0.101536
0.103700
0.102487
0.101315
0.096106
0.095682
0.095343
0.095078
0.095223
0.094844
0.095649
0.094119
0.094609
0.094682
0.094588
0.094171
0.095879
0.093276
0.094971
0.093732
0.094221
0.093468
0.095129
0.094952
0.103077
0.101897
0.101892
0.102073
0.093182
0.094101
0.092641
0.100920
0.099924
0.101647
0.100337
0.092388
0.101508
0.101087
0.100106
0.099746
0.100993
0.100129
0.101485
0.100049
0.101630
0.102327
0.100989
0.102571
0.101470
0.101768
0.102162
0.102453
0.101334
0.102376
0.102994
0.101356
0.094655
0.103460
0.100775
0.095262
0.101291
0.102613
0.095300
0.094535
0.096268
0.095883
0.101542
0.095678
0.096801
0.095196
0.095134
0.094829
0.094792
0.094880
0.094727
0.095069
0.094194
0.095311
0.096025
0.099394
0.101238
0.100287
0.094355
0.093667
0.092869
0.091915
0.093470
0.093473
0.093489
0.093201
0.092255
0.092178
0.089667
0.088763
0.102257
0.102473
0.096819
0.102947
0.101277
0.103682
0.092868
0.102731
0.102009
0.107673
0.103652
0.100832
0.104420
0.097400
0.117171
0.103852
0.250392
0.224859
0.227864
0.230937
0.207566
0.213810
0.208009
0.215314
0.210895
0.208019
0.229229
0.231695
0.226429
0.224584
0.240137
0.239965
0.239579
0.221285
0.218682
0.217262
0.235405
0.221486
0.248597
0.254401
0.247834
0.212976
0.204338
0.211431
0.208888
0.211310
0.216326
0.227493
0.212618
0.225303
0.208542
0.218844
0.217793
0.224766
0.225253
0.227301
0.216199
0.204792
0.200455
0.218557
0.223477
0.198357
0.232949
0.184774
0.184744
0.173740
0.195875
0.193875
0.185112
0.195399
0.200356
0.196041
0.205432
0.209882
0.231212
0.209598
0.226512
0.204514
0.225646
0.237996
0.242228
0.232982
0.224408
0.219071
0.223502
0.230168
0.252738
0.204198
0.200602
0.196826
0.195380
0.187004
0.223603
0.193951
0.195113
0.224699
0.213015
0.212553
0.200892
0.209558
0.201301
0.219415
0.205144
0.201171
0.200264
0.205444
0.210477
0.218900
0.217320
0.219231
0.225654
0.205150
0.204956
0.212239
0.224007
0.205918
0.199431
0.205883
0.199321
0.198877
0.233017
0.241895
0.211419
0.234218
0.216842
0.217268
0.230781
0.236605
0.232495
0.220992
0.211648
0.213082
0.213817
0.215165
0.217622
0.216727
0.213550
0.221685
0.218341
0.223266
0.221781
0.213992
0.211144
0.206387
0.198561
0.197716
0.202207
0.215335
0.203125
0.226462
0.215667
0.209194
0.208972
0.221440
0.209659
0.200664
0.198429
0.199227
0.208741
0.201089
0.202554
0.202382
0.194879
0.205009
0.207060
0.203833
0.222518
0.208245
0.195834
0.196072
0.186679
0.191159
0.182843
0.180574
0.172185
0.181400
0.175784
0.169606
0.171029
0.183507
0.209667
0.211656
0.257337
0.267051
0.329129
0.338409
0.348222
0.328800
0.327958
0.320353
0.324498
0.321676
0.321428
0.321490
0.322774
0.306515
0.321496
0.300947
0.303503
0.304718
0.302516
0.304583
0.300364
0.303532
0.300299
0.304962
0.304230
0.301826
0.312634
0.281931
0.298101
0.164501
0.182032
0.249787
0.257204
0.255567
0.267907
0.284061
0.280526
0.260275
0.260530
0.256470
0.262227
0.262070
0.260466
0.258844
0.261632
0.260240
0.253014
0.232017
0.254989
0.223731
0.239206
0.190150
0.208615
0.211141
0.198245
0.186583
0.185376
0.193783
0.189705
0.169640
0.171101
0.169039
0.172064
0.176824
0.177383
0.175776
0.168145
0.144652
0.172908
0.201281
0.171021
0.209077
0.176997
0.185284
0.192080
0.209886
0.209732
0.193919
0.157353
0.159266
0.159585
0.158112
0.159559
0.205890
0.204011
0.193640
0.183740
0.187014
0.176357
0.162051
0.169078
0.154064
0.150924
0.154509
0.154296
0.158231
0.159826
0.146963
0.150083
0.139959
0.137335
0.137840
0.136050
0.137001
0.134707
0.129379
0.132101
0.132081
0.136883
0.147971
0.171451
0.145787
0.174376
0.167968
0.174347
0.167296
0.167803
0.178087
0.172768
0.181403
0.202482
0.207467
0.180530
0.179389
0.177168
0.182704
0.179107
0.174173
0.132878
0.153733
0.127732
0.131138
0.142519
0.137406
0.140281
0.132733
0.103039
0.100575
0.100911
0.106664
0.105257
0.105087
0.106017
0.106358
0.106287
0.106007
0.103884
0.103182
0.093784
0.094386
0.104178
0.104388
0.104496
0.105441
0.102931
0.102972
0.104948
0.089990
0.095831
0.091130
0.095890
0.100746
0.091280
0.104083
0.091775
0.103202
0.094522
0.094909
0.094636
0.095311
0.093741
0.094033
0.093629
0.098807
0.096760
0.099079
0.101405
0.099989
0.099659
0.101999
0.100934
0.102998
0.102526
0.103278
0.102577
0.102219
0.103738
0.100678
0.102082
0.099554
0.099907
0.099863
0.100543
0.064354
0.065751
0.068704
0.064180
0.064827
0.065610
0.066976
0.064446
0.067752
0.067156
0.067419
0.064784
0.063533
0.065318
0.064002
0.063568
0.062991
0.064840
0.064929
0.065614
0.064727
0.063791
0.065324
0.065240
0.064507
0.065782
0.067249
0.067365
0.092658
0.093553
0.099158
0.076832
0.086756
0.090608
0.109717
0.063429
0.064902
0.067807
0.064945
0.088393
0.089123
0.089282
0.090048
0.107968
0.097447
0.090522
0.081420
0.097322
0.095715
0.086233
0.086223
0.087969
0.081238
0.080805
0.080181
0.079227
0.080091
0.077650
0.103354
0.086916
0.085267
0.075931
0.075963
0.081509
0.084725
0.087460
0.084016
0.086631
0.085226
0.087486
0.099236
0.107861
0.104498
0.121297
0.120027
0.118271
0.122207
0.118771
0.124920
0.120662
0.124464
0.124485
0.123239
0.126338
0.128019
0.127872
0.127791
0.129080
0.129189
0.124891
0.128472
0.127200
0.131118
0.127380
0.127722
0.123541
0.124560
0.123251
0.122103
0.117180
0.117070
0.118572
0.117431
0.120473
0.124235
0.124993
0.127189
0.127083
0.127570
0.127860
0.125376
0.122022
0.122838
0.122363
0.120844
0.119733
0.120983
0.120874
0.120786
0.120086
0.123007
0.123138
0.123593
0.120583
0.120909
0.122181
0.121339
0.120281
0.121468
0.120894
0.120746
0.120227
0.120887
0.120011
0.122737
0.123151
0.140209
0.127516
0.140870
0.110600
0.109488
0.087513
0.077610
0.078351
0.100819
0.093841
0.089721
0.080730
0.097165
0.093505
0.096363
0.095077
0.102996
0.089720
0.101886
0.066623
0.064419
0.066104
0.067269
0.066548
0.067032
0.063127
0.092344
0.088501
0.088557
0.086468
0.087163
0.094666
0.093661
0.083944
0.095572
0.097027
0.098608
0.065196
0.064238
0.065166
0.064802
0.066087
0.064783
0.065172
0.065256
0.065166
0.064734
0.065035
0.065124
0.067778
0.064613
0.064191
0.096348
0.093663
0.086181
0.094865
0.094916
0.098091
0.085261
0.094558
0.084638
0.084829
0.086709
0.089012
0.086042
0.082097
0.082237
0.076984
0.084249
0.086944
0.082927
0.085345
0.084326
0.084570
0.083464
0.085071
0.084132
0.085832
0.084235
0.083522
0.084753
0.084533
0.100845
0.100254
0.092982
0.091247
0.089773
0.089179
0.087111
0.096608
0.094978
0.094411
0.099737
0.099319
0.100419
0.100936
0.100082
0.098605
0.098396
0.097393
0.097978
0.096923
0.094414
0.096323
0.093744
0.093150
0.086230
0.088510
0.077916
0.080540
0.090559
0.087393
0.088014
0.089394
0.094274
0.066875
0.066133
0.063771
0.064285
0.066200
0.069430
0.065893
0.066474
0.066247
0.066517
0.067580
0.067164
0.068187
0.068558
0.068901
0.068949
0.070112
0.069732
0.069832
0.068221
0.069633
0.069038
0.070267
0.066095
0.068522
0.068554
0.069701
0.069614
0.069314
0.068501
0.068479
0.069995
0.068886
0.069492
0.067798
0.066134
0.062925
0.066867
0.069481
0.069275
0.065474
0.074219
0.076382
0.080494
0.074976
0.066715
0.090845
0.089891
0.091278
0.089807
0.088865
0.086762
0.089056
0.090624
0.089427
0.093148
0.093296
0.086836
0.088223
0.089595
0.088047
0.082560
0.082111
0.082382
0.081243
0.090589
0.109828
0.109761
0.088825
0.110228
0.091278
0.090779
0.086296
0.088251
0.109320
0.089286
0.087847
0.088518
0.081936
0.081130
0.083161
0.078740
0.080778
0.082066
0.080143
0.082597
0.083149
0.081028
0.083967
0.078925
0.071951
0.072078
0.064860
0.072368
0.071581
0.077278
0.075430
0.077531
0.097809
0.099857
0.098569
0.097843
0.097292
0.097579
0.098500
0.097324
0.086489
0.088513
0.088782
0.068958
0.069803
0.089313
0.085849
0.068207
0.066440
0.066726
0.066469
0.065871
0.066950
0.069143
0.073120
0.088444
0.088131
0.085474
0.083440
0.079527
0.075107
0.065163
0.076837
0.078356
0.061983
0.069263
0.073980
0.078815
0.075922
0.076303
0.081196
0.074837
0.075650
0.074739
0.079820
0.075195
0.079497
0.079500
0.077234
0.083975
0.073541
0.085500
0.087354
0.091186
0.081627
0.081043
0.077770
0.090557
0.075302
0.071417
0.078285
0.076704
0.077947
0.081987
0.089980
0.084765
0.088063
0.090436
0.087412
0.086108
0.088686
0.089398
0.087297
0.091835
0.089717
0.087494
0.084328
0.090031
0.089655
0.086175
0.077051
0.085264
0.079806
0.086876
0.085834
0.084366
0.088280
0.082962
0.080175
0.092015
0.081551
0.086815
0.086252
0.091317
0.081765
0.083420
0.083680
0.083602
0.081605
0.083086
0.082920
0.082494
0.081443
0.083024
0.083989
0.084193
0.083339
0.083075
0.083238
0.083700
0.083677
0.082138
0.085356
0.085415
0.100241
0.091015
0.088060
0.086134
0.088088
0.096696
0.072599
0.090845
0.066790
0.066164
0.064041
0.096342
0.095596
0.088680
0.093267
0.087011
0.089305
0.098904
0.088638
0.086852
0.086126
0.089834
0.088851
0.088593
0.093792
0.099538
0.102654
0.099087
0.088694
0.090189
0.092447
0.092364
0.089247
0.090570
0.090326
0.088221
0.092302
0.093064
0.088452
0.086179
0.079784
0.082832
0.087882
0.088811
0.086898
0.089188
0.085789
0.085451
0.084694
0.084775
0.085061
0.086904
0.099451
0.066814
0.068181
0.067752
0.067994
0.087766
0.078110
0.077940
0.085400
0.085135
0.085387
0.085834
0.086607
0.085174
0.083926
0.086143
0.086800
0.086761
0.086682
0.087397
0.086338
0.088367
0.088791
0.086717
0.089000
0.088964
0.089192
0.088628
0.090068
0.089204
0.098025
0.094167
0.091222
0.092936
0.090390
0.088603
0.083522
0.094172
0.084992
0.092182
0.091314
0.091553
0.091675
0.090219
0.091445
0.091255
0.091482
0.084974
0.086281
0.083679
0.084029
0.091453
0.091208
0.090971
0.081340
0.083575
0.083123
0.082759
0.082495
0.082752
0.082370
0.083570
0.090210
0.090798
0.091433
0.091563
0.093094
0.066592
0.071030
0.067972
0.064920
0.073313
0.095784
0.064600
0.092959
0.092449
0.091874
0.093403
0.094934
0.091813
0.090696
0.090718
0.090487
0.090627
0.082845
0.084525
0.096152
0.096492
0.096050
0.083615
0.069662
0.069944
0.069553
0.069633
0.070553
0.070791
0.070398
0.070289
0.069953
0.070900
0.070514
0.069412
0.069859
0.071379
0.069891
0.197145
0.194171
0.256874
0.198243
0.196205
0.205775
0.214735
0.206789
0.206773
0.215809
0.212533
0.204454
0.198756
0.205986
0.208186
0.214373
0.205637
0.199304
0.190852
0.201606
0.198396
0.204492
0.205802
0.199718
0.200093
0.193597
0.193193
0.191525
0.190567
0.205416
0.186967
0.186058
0.200977
0.199425
0.196347
0.195421
0.195632
0.194273
0.194967
0.201437
0.193403
0.190247
0.198062
0.207244
0.191679
0.194481
0.195635
0.193511
0.198558
0.206870
0.197762
0.193787
0.191081
0.191344
0.187813
0.202492
0.200543
0.200690
0.199993
0.201006
0.199741
0.196784
0.193945
0.197246
0.196688
0.195707
0.201904
0.194571
0.197035
0.196235
0.187930
0.189449
0.174535
0.182118
0.165441
0.173738
0.175559
0.177942
0.175198
0.176187
0.181217
0.180564
0.180622
0.185365
0.180183
0.186457
0.186618
0.187731
0.175567
0.184760
0.184260
0.182910
0.185240
0.182985
0.183024
0.181076
0.179167
0.176968
0.172093
0.162135
0.164106
0.159729
0.163146
0.178480
0.169768
0.171022
0.169139
0.167904
0.168848
0.174875
0.187602
0.186898
0.185252
0.184805
0.185772
0.186474
0.180808
0.181206
0.175926
0.174786
0.175105
0.179577
0.182005
0.181427
0.181123
0.180623
0.184231
0.183133
0.186611
0.190439
0.187293
0.196124
0.206911
0.185235
0.177485
0.187792
0.172985
0.174317
0.176444
0.170135
0.183819
0.186611
0.190658
0.186035
0.182731
0.179353
0.180117
0.182381
0.166574
0.179445
0.180331
0.188945
0.196356
0.190322
0.194169
0.197608
0.178463
0.187346
0.193798
0.183453
0.181883
0.191554
0.197144
0.198395
0.195035
0.138884
0.197979
0.200139
0.216719
0.217202
0.216864
0.217174
0.216044
0.213300
0.214916
0.216692
0.219083
0.222678
0.193764
0.199069
0.191598
0.195007
0.197099
0.184668
0.199488
0.191809
0.195736
0.061171
0.074715
0.089877
0.088892
0.090296
0.085866
0.072950
0.087365
0.089089
0.061130
0.061353
0.060397
0.063370
0.063593
0.062723
0.063255
0.063362
0.063470
0.063994
0.063084
0.063505
0.063623
0.063614
0.063089
0.064045
0.062496
0.060744
0.089261
0.091358
0.071547
0.071055
0.071068
0.071755
0.070762
0.065170
0.072263
0.087798
0.082604
0.067531
0.071165
0.067441
0.080119
0.081279
0.080770
0.082867
0.077957
0.080584
0.085692
0.090925
0.108540
0.102147
0.105400
0.122645
0.123202
0.121257
0.123205
0.121557
0.121226
0.121459
0.121675
0.121820
0.122879
0.121252
0.122921
0.121877
0.118819
0.120141
0.119201
0.118812
0.116740
0.119961
0.119894
0.118704
0.119044
0.118461
0.118599
0.118461
0.120895
0.120180
0.118850
0.124336
0.126981
0.129865
0.136144
0.133245
0.135579
0.141245
0.136393
0.129987
0.126042
0.125298
0.127534
0.129245
0.129243
0.128898
0.125025
0.125436
0.131384
0.131229
0.131828
0.131596
0.133155
0.134863
0.132843
0.132633
0.132996
0.132020
0.131827
0.134547
0.132135
0.135183
0.133403
0.137281
0.137076
0.144460
0.139713
0.144598
0.141321
0.133462
0.140925
0.141332
0.143268
0.143971
0.142931
0.140280
0.142553
0.144038
0.141139
0.142658
0.132997
0.130948
0.133123
0.130731
0.131717
0.130739
0.132478
0.130968
0.144481
0.144450
0.132081
0.133432
0.130154
0.137351
0.130945
0.130847
0.132629
0.133719
0.132764
0.135035
0.132559
0.133210
0.132651
0.132695
0.134699
0.134170
0.135312
0.137701
0.135221
0.132473
0.133377
0.131856
0.135643
0.136564
0.135463
0.135163
0.132970
0.138068
0.137366
0.133580
0.135298
0.133984
0.131984
0.127412
0.134105
0.135856
0.132001
0.133877
0.130401
0.130406
0.132592
0.129738
0.134809
0.135316
0.142449
0.146062
0.138601
0.131382
0.115097
0.113329
0.106350
0.089519
0.084209
0.087980
0.077347
0.079149
0.078038
0.079926
0.079552
0.079734
0.079982
0.080817
0.080220
0.080504
0.078311
0.078699
0.079598
0.080001
0.078085
0.086237
0.081407
0.082542
0.082938
0.082133
0.080016
0.079897
0.081180
0.080061
0.081464
0.076619
0.076793
0.078900
0.076138
0.077715
0.076481
0.079637
0.076843
0.078256
0.079606
0.081058
0.082027
0.075960
0.080312
0.079253
0.078919
0.078647
0.078498
0.078709
0.079541
0.081847
0.083970
0.078807
0.078697
0.077979
0.077745
0.078766
0.077748
0.078152
0.078240
0.076382
0.077934
0.078024
0.077085
0.080727
0.079410
0.077782
0.081753
0.082433
0.079334
0.081254
0.083343
0.084261
0.079142
0.073902
0.079602
0.077180
0.069128
0.069877
0.068680
0.068876
0.070922
0.070159
0.070547
0.071083
0.072769
0.071669
0.071169
0.071211
0.071065
0.068679
0.073862
0.077264
0.079579
0.079172
0.079957
0.081745
0.081672
0.079581
0.077554
0.081734
0.087456
0.083872
0.083349
0.081870
0.080429
0.081115
0.082263
0.082268
0.082537
0.080660
0.081839
0.080542
0.080310
0.078592
0.078721
0.079259
0.080515
0.081028
0.080493
0.083958
0.083896
0.084967
0.087437
0.081852
0.081865
0.074883
0.079756
0.078983
0.077697
0.075246
0.075433
0.074994
0.075611
0.080501
0.079124
0.073689
0.077165
0.082748
0.082990
0.076297
0.086640
0.086666
0.086993
0.076638
0.085804
0.082804
0.082567
0.082592
0.090426
0.087559
0.088798
0.095916
0.097672
0.095942
0.097429
0.096453
0.094836
0.096494
0.090027
0.077163
0.077235
0.088494
0.089580
0.090030
0.093182
0.089766
0.074182
0.089158
0.088577
0.089419
0.085526
0.085886
0.091775
0.092800
0.084988
0.085032
0.087712
0.087228
0.087847
0.087936
0.087903
0.088651
0.088077
0.087884
0.078809
0.077106
0.076215
0.076151
0.075975
0.077727
0.081671
0.076327
0.076818
0.076988
0.075978
0.076669
0.076735
0.075181
0.075295
0.075066
0.091194
0.088431
0.088183
0.084489
0.080463
0.077868
0.067002
0.080745
0.067993
0.080607
0.076128
0.076206
0.071393
0.070319
0.076000
0.075823
0.078804
0.073443
0.086780
0.075518
0.081453
0.087849
0.083816
0.083106
0.085512
0.074167
0.074103
0.079137
0.080867
0.073977
0.075456
0.077832
0.076031
0.075403
0.077843
0.075566
0.075582
0.079166
0.071232
0.072648
0.080324
0.071615
0.070709
0.072545
0.073278
0.072889
0.072672
0.073973
0.075183
0.075843
0.076162
0.076878
0.077640
0.077664
0.078490
0.076184
0.082415
0.080236
0.079494
0.076186
0.077999
0.075720
0.079849
0.080605
0.078010
0.073820
0.082387
0.076329
0.077494
0.075337
0.073534
0.074037
0.075628
0.076673
0.077980
0.077785
0.087705
0.066834
0.086507
0.067105
0.065360
0.065815
0.066789
0.066427
0.065581
0.065718
0.065735
0.064160
0.064147
0.065354
0.066261
0.064635
0.064976
0.064539
0.064871
0.069104
0.063858
0.066330
0.069279
0.076451
0.062900
0.079582
0.077729
0.078405
0.077820
0.064905
0.059844
0.065208
0.062034
0.059386
0.059915
0.061426
0.063786
0.060092
0.059710
0.059511
0.059769
0.060345
0.060732
0.059963
0.059094
0.059466
0.059575
0.059606
0.059145
0.061202
0.060378
0.059676
0.060463
0.060446
0.060700
0.066046
0.064705
0.068065
0.068762
0.068530
0.066810
0.066793
0.065841
0.067536
0.066480
0.065828
0.063381
0.066822
0.064964
0.067032
0.063945
0.064712
0.064223
0.064621
0.064806
0.067203
0.066193
0.066564
0.068166
0.067995
0.066980
0.067210
0.066152
0.065656
0.065732
0.066425
0.067284
0.063696
0.065022
0.065258
0.064109
0.064466
0.072578
0.079401
0.069367
0.080187
0.077357
0.082554
0.080618
0.080025
0.080794
0.081951
0.078807
0.086823
0.074663
0.073194
0.073270
0.069974
0.069904
0.071022
0.071193
0.070345
0.070460
0.071642
0.070005
0.071981
0.071504
0.070793
0.071190
0.078735
0.081650
0.085376
0.081378
0.083412
0.077800
0.077981
0.072681
0.070381
0.072514
0.069921
0.073795
0.074868
0.069103
0.077902
0.074684
0.074368
0.074550
0.073503
0.085865
0.087879
0.073866
0.087626
0.090036
0.088872
0.090805
0.091173
0.092414
0.093185
0.072473
0.072118
0.073818
0.071692
0.087641
0.098450
0.088724
0.087439
0.069275
0.065667
0.066951
0.066259
0.065809
0.065584
0.065782
0.064797
0.065264
0.064898
0.066159
0.065377
0.065589
0.065139
0.064203
0.064220
0.064842
0.064190
0.064737
0.067576
0.065704
0.065793
0.065658
0.066885
0.066265
0.064830
0.064756
0.063628
0.062622
0.064208
0.063158
0.062741
0.061688
0.061785
0.063213
0.076440
0.070189
0.078357
0.087405
0.085775
0.074250
0.076745
0.076910
0.076430
0.075244
0.072862
0.065869
0.071099
0.074845
0.074098
0.075151
0.075905
0.076061
0.075608
0.076074
0.069094
0.071960
0.072989
0.072060
0.070779
0.070400
0.071392
0.071378
0.071069
0.070024
0.071284
0.072781
0.070709
0.076085
0.075713
0.074555
0.072308
0.075235
0.075682
0.087726
0.083439
0.086273
0.084959
0.088402
0.100833
0.110223
0.115234
0.122375
0.123801
0.123743
0.123486
0.122769
0.122355
0.122205
0.121377
0.122912
0.123685
0.124155
0.122573
0.121236
0.123246
0.126538
0.130952
0.129805
0.127063
0.125124
0.120662
0.120319
0.124881
0.118218
0.118924
0.125642
0.122738
0.126632
0.126493
0.127539
0.127754
0.127223
0.127527
0.127236
0.128303
0.127607
0.127407
0.126169
0.127260
0.128312
0.127938
0.127700
0.127912
0.119505
0.120828
0.126118
0.121217
0.120734
0.117277
0.115879
0.118087
0.114059
0.122815
0.120944
0.122540
0.121014
0.115973
0.121375
0.121170
0.121486
0.120769
0.114686
0.115880
0.116217
0.117572
0.115044
0.117391
0.116760
0.116454
0.115810
0.115825
0.114867
0.116885
0.115204
0.116791
0.113533
0.116541
0.121939
0.118632
0.118752
0.117664
0.109490
0.099109
0.076466
0.065423
0.062444
0.060985
0.062688
0.060040
0.064270
0.059587
0.062711
0.060656
0.061779
0.063642
0.064118
0.063545
0.064599
0.088069
0.087596
0.088191
0.080658
0.077791
0.081490
0.076679
0.067400
0.068498
0.072861
0.075594
0.077306
0.076761
0.089498
0.092980
0.095726
0.091997
0.092491
0.090848
0.090791
0.095131
0.093001
0.094107
0.089514
0.089592
0.089215
0.087015
0.079394
0.086622
0.088791
0.087678
0.084888
0.090778
0.085778
0.083777
0.081327
0.080702
0.090579
0.093559
0.091535
0.082065
0.092642
0.083720
0.086747
0.084642
0.084185
0.085152
0.084105
0.084007
0.082452
0.083190
0.082329
0.086686
0.086197
0.065723
0.066993
0.066219
0.066279
0.066123
0.065577
0.067116
0.067042
0.067140
0.070798
0.072210
0.071590
0.066734
0.066357
0.066583
0.065747
0.067847
0.066240
0.067950
0.067242
0.067564
0.067168
0.067134
0.066605
0.066126
0.066072
0.064805
0.065693
0.065381
0.066191
0.065942
0.064414
0.065436
0.065226
0.064912
0.065076
0.065951
0.065257
0.066335
0.065319
0.065952
0.067109
0.066651
0.065194
0.066125
0.066431
0.066168
0.064665
0.065592
0.064193
0.064763
0.177522
0.174968
0.179825
0.180312
0.184718
0.179051
0.178270
0.178333
0.175138
0.175676
0.177918
0.182247
0.198350
0.198779
0.197915
0.179864
0.181632
0.179040
0.176803
0.176147
0.175740
0.177373
0.178613
0.183727
0.194494
0.204443
0.206261
0.198094
0.201535
0.183861
0.181800
0.152802
0.171352
0.189610
0.175306
0.181452
0.169762
0.169449
0.170139
0.176245
0.182231
0.196539
0.214631
0.217911
0.199643
0.199900
0.199765
0.178177
0.178013
0.178009
0.177296
0.174287
0.179571
0.177811
0.179043
0.179273
0.180437
0.175498
0.178445
0.180144
0.201105
0.201836
0.202169
0.200168
0.261554
0.197316
0.187349
0.185979
0.189058
0.194741
0.216227
0.215593
0.216185
0.177577
0.175305
0.178452
0.179746
0.185967
0.181927
0.178282
0.183058
0.178007
0.176955
0.178781
0.175126
0.178909
0.175478
0.174985
0.175731
0.176833
0.180567
0.184153
0.181613
0.183598
0.182115
0.179641
0.182137
0.183328
0.182054
0.183245
0.182505
0.179823
0.178943
0.180348
0.181063
0.186025
0.182676
0.189197
0.193441
0.191214
0.185329
0.185645
0.184974
0.187574
0.188718
0.185119
0.186273
0.186490
0.188875
0.191586
0.191952
0.188663
0.185587
0.185567
0.183449
0.184602
0.184899
0.181855
0.183058
0.184460
0.185254
0.239007
0.237794
0.189600
0.179466
0.179299
0.180106
0.187584
0.184779
0.184325
0.252396
0.249546
0.270211
0.186867
0.245341
0.247428
0.224714
0.214369
0.209312
0.179271
0.212119
0.220177
0.278682
0.246351
0.183026
0.223969
0.183703
0.191856
0.190763
0.193528
0.243243
0.245053
0.236867
0.241179
0.241142
0.234377
0.233104
0.234547
0.227463
0.229494
0.236563
0.231459
0.237796
0.238561
0.235200
0.225227
0.302619
0.186287
0.176839
0.194754
0.173277
0.267622
0.297229
0.264931
0.232484
0.231903
0.219689
0.237049
0.236706
0.233803
0.235167
0.229991
0.243224
0.250022
0.230428
0.233697
0.223375
0.224543
0.239250
0.242456
0.241570
0.170057
0.235487
0.225284
0.175877
0.223952
0.236484
0.223546
0.227332
0.233452
0.222143
0.227805
0.218569
0.236865
0.230641
0.225977
0.236685
0.233532
0.226657
0.222000
0.229435
0.221740
0.218949
0.239512
0.223641
0.247464
0.225904
0.227871
0.222428
0.217967
0.226728
0.247018
0.253503
0.256785
0.284569
0.284091
0.281854
0.288949
0.298908
0.237958
0.169666
0.188014
0.176432
0.176122
0.182773
0.178266
0.184255
0.184126
0.221216
0.176542
0.230490
0.231829
0.188420
0.188126
0.186868
0.186533
0.187677
0.186213
0.184032
0.181779
0.188017
0.185875
0.183113
0.178742
0.178136
0.178411
0.179535
0.178578
0.175054
0.171297
0.179598
0.181377
0.179234
0.180250
0.180257
0.183107
0.180821
0.185170
0.184359
0.184804
0.185420
0.187226
0.185210
0.192897
0.192158
0.190956
0.184067
0.184434
0.187382
0.195384
0.225185
0.224462
0.225148
0.224345
0.224331
0.209156
0.206470
0.195596
0.203480
0.189508
0.187007
0.184225
0.229496
0.215556
0.216963
0.219815
0.220078
0.221413
0.229144
0.219842
0.264113
0.232360
0.237281
0.229550
0.225068
0.227309
0.230586
0.232319
0.233655
0.242741
0.243861
0.232996
0.232458
0.228841
0.244256
0.245096
0.234492
0.279884
0.286793
0.286276
0.285776
0.285294
0.244787
0.291832
0.232767
0.229700
0.096601
0.096100
0.094405
0.096198
0.096040
0.096268
0.095601
0.095596
0.097011
0.094188
0.094419
0.093791
0.094823
0.092483
0.093175
0.093093
0.091548
0.092408
0.092269
0.091511
0.090286
0.089291
0.088118
0.088145
0.087890
0.087636
0.087591
0.088402
0.089150
0.089188
0.088713
0.088348
0.089541
0.090051
0.088793
0.087895
0.089072
0.088712
0.090513
0.090893
0.091788
0.091380
0.091649
0.091303
0.090514
0.089967
0.090239
0.090485
0.091289
0.091822
0.092966
0.092411
0.093336
0.092535
0.093264
0.092620
0.092522
0.091552
0.091275
0.090867
0.091325
0.091309
0.092160
0.092454
0.102804
0.102942
0.102428
0.103434
0.101654
0.102797
0.104154
0.102168
0.102110
0.101853
0.101179
0.101830
0.104537
0.100828
0.103974
0.102968
0.106529
0.103655
0.104122
0.094209
0.105548
0.104215
0.104336
0.094882
0.094520
0.102458
0.103572
0.105645
0.106985
0.103080
0.102394
0.101962
0.104401
0.103787
0.104604
0.105482
0.104835
0.104596
0.105194
0.102074
0.104807
0.100276
0.102240
0.107870
0.106528
0.101657
0.109112
0.105810
0.105277
0.106677
0.109397
0.105340
0.110770
0.111244
0.112644
0.113231
0.108531
0.107159
0.106675
0.114751
0.114146
0.111406
0.106411
0.106248
0.105795
0.107904
0.106430
0.108696
0.106180
0.106750
0.338188
0.334926
0.324798
0.330113
0.328858
0.331648
0.290832
0.292629
0.347564
0.324062
0.303314
0.302004
0.322246
0.292241
0.286639
0.306186
0.290929
0.306012
0.303122
0.309630
0.312554
0.312957
0.311609
0.313394
0.328737
0.318912
0.324776
0.333706
0.313331
0.310465
0.304651
0.335140
0.344360
0.316276
0.320243
0.290417
0.316239
0.300284
0.301472
0.300217
0.299308
0.297833
0.300302
0.306482
0.336677
0.301161
0.320376
0.311154
0.307226
0.312388
0.312017
0.315865
0.309729
0.312326
0.309093
0.307802
0.310234
0.312629
0.317702
0.313563
0.314499
0.313748
0.314008
0.311040
0.311989
0.320687
0.308392
0.316654
0.348444
0.347170
0.345083
0.348643
0.348022
0.348652
0.348411
0.345835
0.349474
0.351206
0.349920
0.347502
0.347727
0.349378
0.341406
0.334673
0.325434
0.330050
0.352992
0.341254
0.335739
0.356870
0.338514
0.088510
0.075656
0.072171
0.078526
0.077268
0.093412
0.072881
0.095120
0.077737
0.077143
0.090990
0.119553
0.106650
0.100897
0.110172
0.114098
0.113949
0.113249
0.106347
0.105646
0.120408
0.113768
0.122287
0.120540
0.122058
0.122363
0.121480
0.120808
0.122834
0.122012
0.123084
0.132355
0.131812
0.132106
0.132008
0.132169
0.132468
0.132339
0.132726
0.131987
0.118850
0.131824
0.132240
0.131592
0.121438
0.115699
0.113874
0.114241
0.121543
0.121283
0.121421
0.121804
0.121689
0.121658
0.121814
0.120691
0.121090
0.120949
0.121986
0.120805
0.139345
0.140789
0.125201
0.124469
0.140620
0.140850
0.143591
0.143807
0.143853
0.141333
0.141576
0.121153
0.079889
0.078204
0.078435
0.079130
0.078241
0.084146
0.084080
0.083799
0.081311
0.079328
0.080997
0.081060
0.078206
0.082037
0.080585
0.085310
0.083435
0.077392
0.077350
0.078916
0.079395
0.079377
0.082662
0.082173
0.082411
0.081760
0.082138
0.086156
0.080521
0.088484
0.079142
0.079089
0.079348
0.080340
0.079661
0.079571
0.079851
0.082034
0.083600
0.084104
0.085383
0.086414
0.087909
0.081004
0.080477
0.081073
0.086351
0.084142
0.083303
0.082997
0.082404
0.079813
0.078176
0.079459
0.078751
0.076879
0.078400
0.078070
0.080873
0.080756
0.081148
0.080331
0.080998
0.080912
0.082111
0.081867
0.081366
0.081344
0.078907
0.081117
0.077557
0.076784
0.075334
0.075046
0.076143
0.075294
0.076378
0.076370
0.064775
0.060667
0.059201
0.080843
0.083333
0.079851
0.070974
0.086564
0.084819
0.086495
0.086617
0.089539
0.083618
0.078998
0.081576
0.076388
0.073111
0.075989
0.074194
0.073504
0.069052
0.077981
0.077595
0.078107
0.084531
0.082975
0.081602
0.082952
0.081243
0.082972
0.082793
0.081987
0.084424
0.084291
0.085020
0.067085
0.075166
0.082400
0.084802
0.074069
0.077580
0.076345
0.074950
0.077373
0.070325
0.071431
0.092414
0.065404
0.077284
0.078330
0.066439
0.066616
0.067131
0.065347
0.063871
0.063145
0.063731
0.064698
0.066481
0.065974
0.067228
0.068329
0.066849
0.063920
0.069950
0.060550
0.068839
0.064899
0.063178
0.066050
0.062842
0.067303
0.064545
0.065167
0.067547
0.067613
0.069360
0.069141
0.070567
0.072488
0.068450
0.071753
0.070045
0.068045
0.066329
0.064326
0.067160
0.066991
0.068834
0.068439
0.070195
0.071217
0.070731
0.073993
0.073703
0.072300
0.071599
0.070921
0.071341
0.070117
0.070957
0.071551
0.072022
0.071119
0.063706
0.073880
0.074740
0.066630
0.067099
0.066403
0.065077
0.097632
0.097626
0.098130
0.098174
0.096284
0.094469
0.099483
0.100925
0.102046
0.084809
0.089348
0.082130
0.078469
0.078805
0.078645
0.081084
0.081152
0.082385
0.082409
0.082589
0.081785
0.081090
0.081132
0.080541
0.084811
0.084012
0.090190
0.084528
0.083635
0.096951
0.096332
0.095573
0.095597
0.095716
0.081087
0.080185
0.092831
0.092103
0.092344
0.092527
0.085942
0.096944
0.096917
0.096893
0.089641
0.086229
0.084787
0.087123
0.086903
0.091500
0.092195
0.092760
0.090805
0.092265
0.092629
0.093431
0.093144
0.091433
0.093248
0.093806
0.092134
0.096080
0.096515
0.095418
0.096064
0.096874
0.095360
0.093555
0.093989
0.093864
0.087886
0.087247
0.084193
0.097660
0.093684
0.086400
0.093233
0.088389
0.090466
0.091889
0.089973
0.093174
0.089372
0.090470
0.094091
0.092987
0.092593
0.093430
0.095545
0.093283
0.093146
0.093536
0.093204
0.097768
0.093398
0.090118
0.089507
0.090960
0.082839
0.084066
0.081169
0.082445
0.082745
0.082416
0.081894
0.080754
0.081098
0.079843
0.077797
0.078379
0.077939
0.078406
0.078828
0.078919
0.078987
0.078949
0.078906
0.078954
0.079067
0.078685
0.080051
0.079117
0.080658
0.081072
0.080085
0.081285
0.086400
0.082581
0.079422
0.081029
0.092289
0.094878
0.094533
0.091987
0.080747
0.080123
0.080792
0.081083
0.086628
0.085515
0.086398
0.083569
0.084190
0.080606
0.080935
0.080399
0.080172
0.080647
0.080993
0.080956
0.081568
0.089624
0.082067
0.082611
0.081418
0.081447
0.081630
0.081651
0.081497
0.081610
0.081520
0.081724
0.081851
0.081638
0.081768
0.082449
0.081961
0.084211
0.082269
0.082609
0.081935
0.081251
0.082044
0.081362
0.095050
0.095351
0.067318
0.062787
0.061224
0.060593
0.066673
0.060033
0.057319
0.057711
0.059070
0.061250
0.066677
0.067899
0.067755
0.062328
0.061387
0.063130
0.069408
0.067776
0.069035
0.068276
0.068355
0.060687
0.062140
0.062504
0.062949
0.063899
0.066875
0.062418
0.062135
0.066769
0.068946
0.063457
0.068306
0.064671
0.063325
0.087549
0.070628
0.084940
0.083725
0.088064
0.064586
0.065235
0.067213
0.066448
0.066354
0.067166
0.066861
0.067307
0.066063
0.065498
0.071519
0.067124
0.068569
0.066110
0.064612
0.066241
0.064492
0.063836
0.067761
0.083158
0.082677
0.063686
0.062889
0.063369
0.063821
0.064247
0.069102
0.069854
0.069505
0.069678
0.069115
0.073848
0.068614
0.068463
0.068275
0.067407
0.069523
0.067689
0.067352
0.068071
0.066301
0.066991
0.066714
0.068748
0.071930
0.073559
0.069829
0.070740
0.063931
0.066952
0.078789
0.071388
0.073059
0.070341
0.070195
0.066055
0.072790
0.074392
0.076515
0.077479
0.075961
0.076618
0.075709
0.075961
0.078959
0.078540
0.079126
0.081706
0.081840
0.081061
0.081461
0.082309
0.082393
0.081136
0.080520
0.081027
0.081502
0.082462
0.080828
0.080417
0.079683
0.079592
0.078167
0.080213
0.079005
0.078992
0.080842
0.079563
0.079132
0.085142
0.077802
0.071381
0.087987
0.084593
0.087484
0.101929
0.123934
0.109897
0.120069
0.125459
0.124861
0.124464
0.120350
0.126321
0.117785
0.122952
0.123395
0.123585
0.132363
0.135960
0.135701
0.135452
0.135213
0.135967
0.135948
0.135378
0.136488
0.135433
0.135728
0.135738
0.135715
0.135199
0.135560
0.134583
0.128498
0.127309
0.129853
0.127540
0.127041
0.132441
0.132682
0.130863
0.127329
0.127667
0.130967
0.131245
0.130809
0.131751
0.131677
0.131391
0.127236
0.130157
0.133449
0.132997
0.131956
0.133213
0.134004
0.135511
0.134053
0.135357
0.136248
0.136435
0.134903
0.136073
0.134103
0.134983
0.133067
0.133802
0.131213
0.132834
0.134710
0.133636
0.135203
0.132654
0.133103
0.134705
0.135001
0.136255
0.135013
0.135266
0.136013
0.137696
0.131192
0.132337
0.132394
0.130600
0.130311
0.131237
0.129841
0.127082
0.085766
0.100661
0.083290
0.083821
0.083054
0.075338
0.081799
0.088723
0.083630
0.080970
0.069830
0.079599
0.078517
0.075858
0.073499
0.076030
0.074676
0.090285
0.088685
0.089895
0.089630
0.090112
0.087446
0.084921
0.077580
0.083993
0.084244
0.072663
0.112174
0.120986
0.125594
0.103213
0.102507
0.093269
0.086710
0.097192
0.100852
0.096274
0.113069
0.093183
0.090655
0.103796
0.119071
0.091265
0.089367
0.104340
0.108620
0.090904
0.091695
0.090576
0.098606
0.095354
0.103266
0.109283
0.097575
0.094951
0.096300
0.095412
0.096291
0.094429
0.089929
0.088372
0.090439
0.089723
0.091448
0.089730
0.089813
0.087818
0.089731
0.087588
0.088082
0.087868
0.091019
0.090878
0.091961
0.092029
0.090135
0.088076
0.088556
0.086638
0.087283
0.089191
0.088364
0.087494
0.087960
0.089608
0.087306
0.089093
0.295538
0.307717
0.281974
0.324202
0.298554
0.274383
0.320438
0.312171
0.307973
0.312131
0.305069
0.305412
0.301140
0.314972
0.318976
0.277409
0.280833
0.251343
0.260751
0.260233
0.263122
0.260773
0.262893
0.265353
0.271931
0.263734
0.269598
0.270349
0.269920
0.271748
0.271812
0.271915
0.272402
0.280470
0.278742
0.281646
0.277539
0.273287
0.267843
0.274174
0.269275
0.269444
0.272100
0.270935
0.268572
0.265006
0.272956
0.262817
0.256472
0.258953
0.258448
0.261063
0.265553
0.263378
0.263844
0.247976
0.280987
0.276497
0.264593
0.254745
0.251190
0.251796
0.247066
0.248147
0.255619
0.256701
0.252002
0.251747
0.246255
0.244576
0.239029
0.238391
0.264894
0.260568
0.270517
0.247311
0.245877
0.260036
0.260400
0.249357
0.257663
0.259399
0.261338
0.261976
0.266916
0.264990
0.260907
0.262023
0.260828
0.260709
0.262704
0.300735
0.294939
0.298468
0.299032
0.297378
0.278289
0.277693
0.278319
0.283483
0.252683
0.266480
0.256645
0.180239
0.118929
0.122427
0.120740
0.134848
0.134324
0.124687
0.118433
0.125927
0.300231
0.260326
0.281374
0.255029
0.277443
0.307139
0.269677
0.273335
0.271255
0.306034
0.328603
0.270002
0.278567
0.322168
0.312209
0.324440
0.266469
0.265951
0.265361
0.254252
0.250324
0.253917
0.250815
0.252488
0.267923
0.252716
0.261412
0.259794
0.255597
0.259650
0.239853
0.234380
0.239110
0.244046
0.247968
0.261000
0.255962
0.257773
0.257644
0.262343
0.262201
0.256896
0.246406
0.246904
0.245556
0.265194
0.267589
0.250305
0.291664
0.276179
0.262833
0.308993
0.256852
0.298453
0.290731
0.293830
0.291553
0.222144
0.217727
0.229833
0.255783
0.226576
0.215122
0.232505
0.238521
0.289261
0.294599
0.295943
0.257651
0.273020
0.267881
0.298661
0.301410
0.307876
0.284108
0.304730
0.283250
0.293249
0.260440
0.259741
0.263600
0.279518
0.260829
0.264679
0.264972
0.274937
0.273030
0.285303
0.270894
0.293909
0.286637
0.286618
0.325247
0.240137
0.274211
0.228043
0.255666
0.256734
0.216414
0.245226
0.275220
0.256518
0.241734
0.234319
0.240443
0.256274
0.193589
0.200107
0.203900
0.179949
0.191060
0.219574
0.278510
0.184614
0.249019
0.234827
0.265151
0.235250
0.233020
0.249291
0.241414
0.242795
0.260606
0.263953
0.228315
0.211311
0.270219
0.183658
0.235951
0.239677
0.212092
0.175517
0.161048
0.116140
0.137660
0.105424
0.123465
0.119059
0.120611
0.119914
0.121742
0.120180
0.090197
0.088350
0.086320
0.086439
0.095306
0.087750
0.086402
0.086415
0.086797
0.087710
0.088622
0.093825
0.093662
0.093896
0.093604
0.093352
0.093633
0.084565
0.095064
0.095225
0.095027
0.096892
0.095133
0.099166
0.098867
0.097655
0.100354
0.098235
0.097254
0.106099
0.105535
0.104799
0.103812
0.096018
0.222862
0.215171
0.218466
0.221958
0.237164
0.239317
0.244415
0.242857
0.261062
0.266793
0.280234
0.280023
0.276007
0.258450
0.261445
0.263844
0.265042
0.263131
0.264800
0.262021
0.259634
0.247557
0.244357
0.234473
0.226982
0.265150
0.263999
0.252243
0.222455
0.243206
0.287373
0.287056
0.286476
0.280376
0.289587
0.276364
0.274252
0.274441
0.275691
0.268778
0.272740
0.271173
0.272328
0.268133
0.269276
0.268945
0.264319
0.265242
0.262712
0.262517
0.262507
0.264637
0.264056
0.264737
0.224440
0.221617
0.223152
0.222436
0.223187
0.222091
0.222454
0.222582
0.223848
0.225106
0.222940
0.224805
0.224047
0.223679
0.223402
0.222660
0.222801
0.222840
0.222750
0.220989
0.224118
0.220978
0.212501
0.213809
0.221409
0.215621
0.224601
0.214018
0.216067
0.202787
0.196918
0.197736
0.208306
0.208799
0.217606
0.226435
0.220412
0.229908
0.254582
0.215594
0.207639
0.247673
0.245799
0.231788
0.262787
0.209249
0.201901
0.205061
0.207516
0.206757
0.203869
0.206441
0.207819
0.207819
0.212529
0.212852
0.202972
0.192596
0.192741
0.206544
0.207016
0.199794
0.203459
0.204770
0.203296
0.201977
0.208764
0.193045
0.193418
0.201322
0.197506
0.198499
0.198728
0.201470
0.263479
0.291148
0.261705
0.286657
0.246491
0.243883
0.246337
0.239980
0.244592
0.244637
0.243944
0.251363
0.238940
0.236909
0.236274
0.240681
0.243044
0.095944
0.096259
0.097718
0.096219
0.096876
0.096857
0.095369
0.094325
0.093104
0.093622
0.093549
0.093472
0.093037
0.093591
0.092310
0.094224
0.095220
0.084624
0.084989
0.084776
0.084518
0.085300
0.085183
0.085766
0.093272
0.091896
0.092596
0.085968
0.086562
0.086289
0.087511
0.087707
0.087801
0.087374
0.087510
0.087448
0.087976
0.086080
0.088919
0.088427
0.088109
0.089632
0.088009
0.089093
0.088964
0.089225
0.087891
0.086620
0.084624
0.085993
0.085980
0.086272
0.087836
0.088776
0.086933
0.090042
0.088000
0.087695
0.088291
0.087856
0.087272
0.086312
0.089568
0.086854
0.089397
0.090346
0.088104
0.085778
0.086105
0.087261
0.086192
0.086869
0.086668
0.086692
0.086670
0.087201
0.088482
0.087557
0.086286
0.085664
0.087595
0.086977
0.090311
0.087862
0.088039
0.088405
0.087445
0.085241
0.087456
0.086798
0.085281
0.085735
0.088262
0.085946
0.091135
0.090804
0.090155
0.089916
0.089765
0.087249
0.087619
0.091960
0.087115
0.088644
0.089516
0.089367
0.089796
0.089599
0.091283
0.335841
0.308182
0.333075
0.315431
0.308596
0.296669
0.331601
0.324977
0.339689
0.330996
0.358605
0.331431
0.323444
0.330915
0.339513
0.356749
0.351651
0.349551
0.351641
0.344608
0.334958
0.351042
0.343014
0.342240
0.357011
0.357150
0.309269
0.322231
0.325543
0.324338
0.339744
0.336122
0.298572
0.300154
0.277993
0.310763
0.299191
0.279688
0.325459
0.286814
0.286271
0.302642
0.305453
0.347033
0.347911
0.348068
0.332058
0.342886
0.305433
0.302452
0.305297
0.317760
0.315654
0.292550
0.292551
0.307590
0.312307
0.312413
0.312285
0.304512
0.322550
0.107060
0.106594
0.101032
0.098326
0.093847
0.081288
0.080054
0.077313
0.088175
0.087833
0.091293
0.097721
0.098407
0.098970
0.097334
0.102365
0.098197
0.096292
0.096388
0.095808
0.095805
0.095264
0.091697
0.095483
0.094160
0.094684
0.091639
0.096766
0.088066
0.091668
0.091878
0.090490
0.099596
0.099206
0.099965
0.090725
0.088853
0.087297
0.086302
0.085774
0.088273
0.089018
0.092108
0.103876
0.100297
0.102218
0.102640
0.094812
0.098648
0.101888
0.098001
0.095406
0.099500
0.098474
0.101680
0.098254
0.099897
0.099814
0.090861
0.090563
0.090759
0.090777
0.091527
0.090990
0.093052
0.099675
0.102348
0.094253
0.094347
0.094314
0.095267
0.095353
0.093725
0.093478
0.093551
0.093363
0.093061
0.093508
0.093518
0.096140
0.095713
0.097513
0.096798
0.097967
0.098068
0.097372
0.269187
0.278864
0.285142
0.284042
0.290844
0.291038
0.292833
0.279225
0.285410
0.288484
0.300873
0.295784
0.288627
0.290123
0.290632
0.288007
0.279333
0.280260
0.279705
0.276349
0.283715
0.277657
0.271549
0.289304
0.284861
0.293261
0.153604
0.284462
0.284114
0.276161
0.281728
0.286553
0.286892
0.289192
0.285912
0.166048
0.306735
0.307351
0.300410
0.298788
0.301217
0.305705
0.310069
0.306672
0.312787
0.308065
0.306119
0.282656
0.285020
0.288693
0.290551
0.282484
0.282224
0.282866
0.286201
0.282585
0.282746
0.292360
0.286408
0.286728
0.283988
0.285756
0.285509
0.272070
0.277464
0.117084
0.114380
0.296621
0.299916
0.303204
0.310477
0.304856
0.267683
0.292604
0.307021
0.280392
0.243220
0.237526
0.211626
0.215717
0.211561
0.209499
0.207187
0.217945
0.234901
0.184899
0.210858
0.193143
0.204614
0.209785
0.228743
0.228693
0.165660
0.167293
0.181248
0.234965
0.235598
0.241016
0.216320
0.227058
0.210416
0.184846
0.194697
0.199906
0.200054
0.205610
0.096633
0.095919
0.093613
0.095974
0.096153
0.087455
0.087205
0.108445
0.087482
0.095108
0.098323
0.097725
0.089190
0.093990
0.091357
0.091610
0.090185
0.104628
0.098784
0.099930
0.098163
0.092560
0.094575
0.097943
0.093400
0.101979
0.092162
0.092492
0.095932
0.096398
0.094166
0.092089
0.096430
0.097323
0.094687
0.094351
0.099635
0.096768
0.096007
0.101786
0.101441
0.102581
0.103237
0.098112
0.099508
0.100240
0.095941
0.098185
0.095940
0.094929
0.095045
0.096244
0.098272
0.096350
0.102008
0.095928
0.091672
0.092688
0.190754
0.188986
0.189093
0.203683
0.188735
0.201679
0.184862
0.186173
0.187274
0.241656
0.246340
0.263980
0.262838
0.202892
0.254652
0.265643
0.239223
0.241436
0.257368
0.183041
0.254830
0.253011
0.252038
0.239264
0.244441
0.243660
0.245126
0.246975
0.258359
0.262808
0.266362
0.262816
0.245626
0.263143
0.258872
0.257853
0.223676
0.225618
0.240046
0.250615
0.247450
0.243703
0.240323
0.239253
0.239371
0.243441
0.234965
0.224732
0.234669
0.224884
0.225834
0.225588
0.224376
0.239881
0.236466
0.224470
0.242169
0.243134
0.250855
0.253419
0.253703
0.233919
0.253366
0.249374
0.249372
0.251083
0.238731
0.232675
0.238081
0.207696
0.208113
0.205240
0.233448
0.209720
0.204103
0.204525
0.219521
0.215745
0.216736
0.216509
0.208111
0.207936
0.209082
0.239662
0.214035
0.205268
0.189893
0.228204
0.233023
0.224300
0.202937
0.238869
0.235564
0.234754
0.194753
0.196949
0.230382
0.189955
0.189697
0.190707
0.187113
0.189404
0.191269
0.258666
0.256501
0.254911
0.248199
0.248075
0.244830
0.250848
0.244219
0.189220
0.239372
0.237879
0.236873
0.232824
0.232774
0.230426
0.230207
0.228566
0.228463
0.232380
0.232175
0.230073
0.227932
0.227942
0.196951
0.198097
0.200711
0.205898
0.190588
0.195974
0.237288
0.180881
0.201901
0.198721
0.192310
0.171867
0.197842
0.192650
0.220565
0.212016
0.241051
0.225877
0.224279
0.232902
0.195253
0.217241
0.217649
0.215356
0.218070
0.236027
0.198257
0.193780
0.204823
0.291895
0.266870
0.218516
0.196106
0.228435
0.223906
0.220867
0.192592
0.192519
0.210434
0.247355
0.205008
0.224402
0.206391
0.204663
0.211244
0.182226
0.175627
0.167927
0.159973
0.158587
0.146393
0.150996
0.147007
0.150978
0.162043
0.171638
0.157626
0.161089
0.187311
0.201872
0.213525
0.212424
0.254933
0.224739
0.215456
0.219083
0.244559
0.232834
0.247430
0.219336
0.206908
0.207391
0.222167
0.221667
0.220755
0.222831
0.211115
0.201536
0.202665
0.236553
0.231739
0.227109
0.252595
0.233075
0.261287
0.258236
0.098650
0.096074
0.100596
0.103033
0.100210
0.106927
0.105028
0.103640
0.101694
0.100203
0.100760
0.102885
0.103001
0.104259
0.111802
0.099242
0.111482
0.100942
0.099839
0.101272
0.106225
0.106096
0.093531
0.090992
0.096113
0.092321
0.091124
0.091595
0.092141
0.092021
0.092231
0.092099
0.093777
0.092234
0.095690
0.094685
0.093408
0.094667
0.094369
0.093115
0.092885
0.093619
0.093365
0.092776
0.093199
0.092866
0.094925
0.094066
0.094205
0.096244
0.095075
0.094401
0.091699
0.091874
0.092333
0.092556
0.317340
0.309328
0.312009
0.264215
0.268161
0.266361
0.265984
0.274934
0.296744
0.312110
0.273294
0.291891
0.297575
0.294357
0.295010
0.295872
0.295401
0.293530
0.299921
0.278755
0.292712
0.266811
0.259162
0.257851
0.255049
0.247634
0.243465
0.241830
0.248793
0.252091
0.247138
0.286802
0.241276
0.252914
0.281581
0.209395
0.186006
0.194785
0.183339
0.202709
0.153521
0.166509
0.157617
0.205301
0.142109
0.178228
0.158860
0.207468
0.229674
0.238432
0.193762
0.180623
0.178816
0.189365
0.188290
0.169783
0.180196
0.174550
0.153444
0.177295
0.195058
0.160266
0.171310
0.176414
0.189593
0.194107
0.213566
0.186124
0.212809
0.180368
0.173815
0.176626
0.217164
0.169932
0.183757
0.178245
0.186411
0.176730
0.197512
0.187697
0.189379
0.204757
0.182031
0.230070
0.230017
0.225517
0.218394
0.238209
0.230861
0.230157
0.225257
0.190253
0.188839
0.220507
0.209555
0.238598
0.246720
0.292024
0.288861
0.293359
0.319446
0.319957
0.321254
0.320814
0.322993
0.320573
0.324321
0.323990
0.336100
0.334942
0.297826
0.300289
0.329727
0.329244
0.331223
0.331327
0.328340
0.325552
0.329146
0.323805
0.331209
0.328167
0.330339
0.326857
0.321679
0.325919
0.326379
0.320820
0.320477
0.321163
0.321109
0.317809
0.319505
0.324769
0.325517
0.321880
0.324583
0.324196
0.322191
0.325153
0.321621
0.326315
0.324848
0.324514
0.323046
0.323184
0.330738
0.324519
0.324803
0.323857
0.320944
0.321120
0.330349
0.308987
0.325450
0.346413
0.304232
0.306087
0.309607
0.341863
0.353816
0.335360
0.331600
0.335740
0.351671
0.271076
0.358653
0.357015
0.291071
0.289428
0.292854
0.357063
0.289605
0.348526
0.324044
0.245322
0.239114
0.262919
0.269359
0.275842
0.345406
0.342256
0.289699
0.266904
0.232880
0.258130
0.264957
0.271815
0.267979
0.259667
0.268119
0.246553
0.238293
0.263424
0.263491
0.264906
0.337664
0.259983
0.316348
0.257013
0.266182
0.339314
0.266453
0.261384
0.264672
0.262115
0.267142
0.332852
0.327773
0.253245
0.251781
0.262065
0.261208
0.253402
0.252787
0.260257
0.262617
0.223503
0.229180
0.229297
0.251491
0.222634
0.266194
0.338396
0.325751
0.304640
0.290909
0.279465
0.281278
0.296924
0.296389
0.290561
0.296344
0.327173
0.331562
0.320250
0.314580
0.324535
0.296678
0.296226
0.280975
0.286724
0.275310
0.287495
0.256022
0.267444
0.299450
0.262401
0.265599
0.269617
0.270620
0.272348
0.271888
0.287905
0.280292
0.275322
0.267948
0.270610
0.264736
0.264248
0.259725
0.264882
0.264393
0.268614
0.268818
0.280561
0.278927
0.273194
0.273189
0.274509
0.274861
0.301050
0.283794
0.271414
0.306826
0.288855
0.303084
0.294752
0.288622
0.301400
0.328814
0.331878
0.332652
0.332715
0.380461
0.371101
0.372157
0.373519
0.355618
0.093694
0.093614
0.099582
0.097260
0.096768
0.096290
0.096352
0.098074
0.098229
0.097875
0.100515
0.098416
0.100430
0.095322
0.099060
0.100084
0.110711
0.125984
0.128586
0.134465
0.129374
0.128760
0.129919
0.130290
0.129847
0.130761
0.130895
0.131449
0.131617
0.127529
0.127459
0.127078
0.127986
0.127740
0.127337
0.127908
0.126804
0.125279
0.125991
0.125574
0.125478
0.126846
0.128468
0.126421
0.126374
0.123252
0.123516
0.123416
0.128749
0.129412
0.127358
0.131282
0.131583
0.131939
0.130837
0.130293
0.129400
0.123816
0.124828
0.126353
0.127618
0.126733
0.126305
0.130338
0.131345
0.131478
0.131308
0.145134
0.144554
0.138031
0.148588
0.113169
0.120545
0.113860
0.106667
0.104005
0.100943
0.102412
0.104598
0.103577
0.101330
0.103047
0.103165
0.101482
0.101338
0.101349
0.104704
0.106645
0.235685
0.224341
0.229776
0.220672
0.236777
0.245410
0.241719
0.261786
0.269939
0.247993
0.253113
0.250733
0.256711
0.257900
0.265709
0.271170
0.267460
0.276913
0.276317
0.265483
0.258317
0.261463
0.254873
0.260913
0.256941
0.264664
0.258428
0.238519
0.254258
0.263028
0.261943
0.261961
0.262518
0.256372
0.255689
0.252114
0.257680
0.259361
0.262378
0.265320
0.261795
0.270642
0.264942
0.263617
0.264357
0.269021
0.262340
0.261448
0.265977
0.265209
0.207814
0.202636
0.193928
0.208236
0.217283
0.220460
0.194548
0.209882
0.199514
0.249071
0.223805
0.217543
0.207225
0.220878
0.232014
0.224175
0.261222
0.256093
0.203511
0.217442
0.212076
0.217506
0.218589
0.225587
0.214986
0.221179
0.216434
0.226960
0.234923
0.105458
0.104713
0.104321
0.104710
0.107018
0.102804
0.095657
0.095947
0.096785
0.098264
0.094175
0.094063
0.094556
0.094939
0.093950
0.092875
0.096844
0.095468
0.096351
0.092921
0.092667
0.092685
0.093747
0.093479
0.093431
0.090405
0.089939
0.089714
0.095931
0.094805
0.095978
0.263214
0.284515
0.276095
0.268380
0.306334
0.245193
0.295203
0.295831
0.293358
0.293590
0.291113
0.288763
0.254505
0.236784
0.228144
0.232975
0.236022
0.236587
0.259081
0.261112
0.240822
0.290067
0.292465
0.290804
0.290972
0.289816
0.288641
0.277916
0.280533
0.264004
0.257558
0.296035
0.284765
0.291121
0.274224
0.304028
0.270108
0.279868
0.279307
0.265786
0.265895
0.278276
0.246306
0.251574
0.277034
0.277326
0.274002
0.264151
0.270589
0.264997
0.265038
0.266890
0.268681
0.278756
0.276819
0.277079
0.281197
0.303675
0.303720
0.296957
0.301319
0.090572
0.092278
0.093842
0.091982
0.094414
0.094433
0.094001
0.094146
0.094292
0.093355
0.088861
0.091892
0.092174
0.093705
0.092313
0.092944
0.093761
0.093601
0.093580
0.094253
0.092530
0.092378
0.097120
0.091783
0.095425
0.097768
0.094348
0.086973
0.092742
0.093813
0.093687
0.094053
0.094213
0.094930
0.094614
0.094579
0.093926
0.085849
0.093910
0.097216
0.094041
0.095623
0.094238
0.094322
0.094843
0.095806
0.094718
0.094389
0.096056
0.095005
0.093592
0.094446
0.095643
0.093430
0.093140
0.093858
0.095469
0.096069
0.098366
0.084016
0.085557
0.086307
0.093937
0.100824
0.091984
0.101704
0.102638
0.103157
0.097672
0.097177
0.097744
0.301777
0.294729
0.294745
0.306530
0.305651
0.302509
0.347826
0.308148
0.338518
0.298248
0.330098
0.335234
0.335731
0.332250
0.334900
0.289979
0.307850
0.318528
0.288495
0.319021
0.325525
0.327894
0.320225
0.305107
0.294150
0.299246
0.308458
0.291211
0.287153
0.280427
0.282086
0.287549
0.293729
0.294476
0.263743
0.262614
0.277819
0.278199
0.283162
0.284128
0.281169
0.279195
0.279564
0.280596
0.284151
0.288028
0.275633
0.283786
0.290622
0.302319
0.285837
0.293643
0.286545
0.288521
0.307197
0.315637
0.314593
0.262860
0.265750
0.259327
0.266772
0.315019
0.308973
0.311269
0.336635
0.289318
0.301582
0.294629
0.315246
0.331767
0.326025
0.331034
0.324536
0.334342
0.330378
0.327907
0.320628
0.327761
0.317755
0.329114
0.342516
0.334818
0.349319
0.345978
0.331026
0.359451
0.324533
0.329240
0.332169
0.327399
0.346250
0.358186
0.350919
0.301306
0.342344
0.337437
0.335598
0.328670
0.332095
0.333552
0.345406
0.345865
0.339159
0.336923
0.324913
0.322576
0.326751
0.318730
0.317624
0.312609
0.316175
0.317598
0.320357
0.329852
0.274337
0.308539
0.337032
0.322427
0.310200
0.308753
0.304365
0.298224
0.251799
0.265443
0.243587
0.260058
0.256026
0.267456
0.245347
0.247275
0.247314
0.263162
0.290841
0.296460
0.312630
0.328381
0.376747
0.390967
0.388663
0.386425
0.386350
0.386114
0.101764
0.101904
0.103697
0.107804
0.106989
0.100505
0.108484
0.099276
0.102235
0.104746
0.100073
0.104106
0.095741
0.094923
0.094846
0.091498
0.090607
0.094024
0.091875
0.091600
0.293543
0.291384
0.286360
0.270692
0.276373
0.272753
0.282895
0.278754
0.275291
0.271274
0.271192
0.267328
0.271675
0.269058
0.286480
0.284119
0.284470
0.269613
0.271428
0.292497
0.295138
0.296836
0.291134
0.281203
0.280121
0.284942
0.291493
0.291290
0.293531
0.291273
0.288290
0.286562
0.277284
0.272907
0.244757
0.212287
0.214288
0.214510
0.208520
0.304163
0.302501
0.304892
0.298882
0.303345
0.298674
0.277004
0.268598
0.263356
0.268198
0.270544
0.273778
0.300111
0.300420
0.270773
0.271113
0.274413
0.277366
0.282349
0.280481
0.284410
0.279951
0.294064
0.293828
0.296401
0.294000
0.293920
0.295024
0.300078
0.293777
0.295440
0.293810
0.292176
0.293620
0.271618
0.269338
0.277802
0.271100
0.271833
0.276020
0.276241
0.278944
0.275373
0.275268
0.280291
0.104803
0.102558
0.091515
0.092936
0.094643
0.094833
0.095213
0.093017
0.092417
0.091381
0.091453
0.092023
0.092450
0.091452
0.092217
0.092188
0.092058
0.093307
0.093436
0.093256
0.093066
0.093692
0.092799
0.093441
0.092855
0.093586
0.092656
0.093152
0.093042
0.093603
0.093644
0.093717
0.093452
0.093477
0.093607
0.092659
0.092860
0.090261
0.090440
0.093433
0.102257
0.113012
0.101430
0.111155
0.094129
0.098419
0.090712
0.089685
0.090877
0.091435
0.088349
0.114212
0.118065
0.100378
0.106754
0.086855
0.082808
0.084531
0.083709
0.084601
0.088946
0.087959
0.087409
0.086590
0.089488
0.089365
0.090037
0.089512
0.090116
0.090553
0.089029
0.089373
0.110283
0.107797
0.108653
0.110781
0.111781
0.111376
0.100989
0.097354
0.097388
0.098147
0.099398
0.110082
0.110912
0.102276
0.102767
0.099803
0.112278
0.108656
0.108576
0.107915
0.106947
0.108691
0.109581
0.107646
0.103278
0.103486
0.100800
0.098942
0.103931
0.097004
0.095773
0.092289
0.099335
0.097847
0.098083
0.103830
0.117453
0.119991
0.095393
0.098814
0.089170
0.087646
0.093059
0.095912
0.093978
0.091025
0.098018
0.101661
0.092903
0.093297
0.093322
0.093000
0.097772
0.096339
0.096593
0.091595
0.094878
0.096594
0.096831
0.097089
0.101031
0.099382
0.097132
0.097856
0.096689
0.099377
0.100741
0.098533
0.096886
0.100802
0.091186
0.100012
0.093204
0.097104
0.098745
0.097885
0.098370
0.097872
0.098424
0.099021
0.099462
0.262903
0.262880
0.263463
0.267247
0.259620
0.253240
0.259390
0.263083
0.259864
0.259659
0.260391
0.258517
0.255487
0.250662
0.236384
0.253059
0.253594
0.251786
0.250564
0.250229
0.251371
0.250469
0.250629
0.250869
0.253347
0.261470
0.259915
0.257415
0.249393
0.236614
0.234851
0.235978
0.237838
0.232987
0.235944
0.242140
0.267687
0.280583
0.284458
0.287299
0.288439
0.287628
0.287364
0.285375
0.288511
0.290101
0.288654
0.287222
0.264260
0.264516
0.265093
0.265240
0.263544
0.268005
0.268087
0.267758
0.267533
0.265198
0.266047
0.267754
0.271639
0.269890
0.267722
0.267655
0.263261
0.256860
0.257166
0.263839
0.270615
0.264664
0.261968
0.264864
0.261223
0.260725
0.264423
0.261809
0.262275
0.267759
0.267340
0.267318
0.267703
0.268584
0.258644
0.248314
0.246502
0.251980
0.270863
0.279996
0.275447
0.266802
0.270364
0.267143
0.229824
0.227748
0.236901
0.100441
0.100356
0.099634
0.100119
0.100041
0.101864
0.100524
0.099805
0.100962
0.099368
0.101167
0.103361
0.100177
0.099611
0.099129
0.098639
0.098922
0.099349
0.097220
0.098407
0.098644
0.099332
0.101363
0.095305
0.095578
0.091308
0.097781
0.090512
0.093638
0.090954
0.101935
0.089470
0.100403
0.098567
0.098647
0.097163
0.097686
0.098463
0.098812
0.091719
0.093248
0.092784
0.092810
0.093445
0.091011
0.089823
0.091777
0.091738
0.093415
0.094068
0.093169
0.091893
0.093640
0.089303
0.090484
0.089705
0.092709
0.093899
0.094177
0.094058
0.094101
0.094019
0.094118
0.094670
0.095052
0.094138
0.094204
0.094278
0.092774
0.091869
0.091823
0.092120
0.091508
0.092068
0.092485
0.087711
0.093008
0.092843
0.093718
0.092814
0.091168
0.092084
0.091746
0.087894
0.092106
0.092479
0.092804
0.088040
0.087526
0.092749
0.088993
0.091873
0.088760
0.101239
0.090804
0.089654
0.091790
0.101999
0.093128
0.091006
0.100714
0.091157
0.088988
0.102744
0.090815
0.089918
0.091228
0.090255
0.090281
0.090169
0.089655
0.088201
0.087853
0.088866
0.087276
0.093690
0.087099
0.084014
0.086326
0.092374
0.091079
0.092265
0.092036
0.093273
0.093161
0.093195
0.093319
0.092016
0.094380
0.092993
0.091615
0.091159
0.090598
0.091963
0.092296
0.091846
0.089124
0.091802
0.091818
0.091246
0.090780
0.090634
0.090809
0.090345
0.089217
0.089161
0.091155
0.091767
0.090350
0.090675
0.094076
0.093091
0.093242
0.092199
0.092408
0.093867
0.093258
0.094052
0.092080
0.090625
0.090590
0.089735
0.092320
0.092767
0.091369
0.092120
0.092138
0.092230
0.092046
0.092008
0.092342
0.092847
0.094091
0.095525
0.096746
0.096741
0.096441
0.096775
0.092989
0.094432
0.095089
0.093801
0.092450
0.107580
0.107834
0.105607
0.101848
0.100567
0.094630
0.095315
0.096553
0.096873
0.095139
0.093921
0.093280
0.094060
0.093703
0.093628
0.094462
0.095190
0.093261
0.096474
0.095529
0.097189
0.095851
0.095644
0.095071
0.092328
0.091268
0.092091
0.094257
0.096150
0.096305
0.096602
0.096808
0.092262
0.092652
0.094365
0.094323
0.093643
0.092144
0.092775
0.093393
0.095472
0.096893
0.096014
0.094924
0.094546
0.095899
0.085833
0.094137
0.094380
0.095901
0.093912
0.095054
0.094357
0.094653
0.093865
0.096481
0.088616
0.091013
0.096046
0.094904
0.093353
0.096146
0.094304
0.095805
0.093320
0.091013
0.092158
0.093019
0.092236
0.092204
0.092932
0.090758
0.094534
0.090685
0.091474
0.091489
0.091658
0.089760
0.090986
0.091283
0.097292
0.090312
0.089816
0.095280
0.089924
0.034379
0.034504
0.034471
0.034487
0.034372
0.034312
0.034590
0.034521
0.034404
0.034404
0.034318
0.034615
0.034449
0.034471
0.034454
0.034581
0.034782
0.035398
0.035579
0.035854
0.036372
0.036208
0.036402
0.036458
0.036459
0.036686
0.036537
0.036255
0.036101
0.035896
0.035352
0.035296
0.035606
0.035754
0.035963
0.035956
0.036603
0.036646
0.036361
0.036432
0.036656
0.036752
0.036895
0.037170
0.037489
0.036960
0.036524
0.036518
0.036648
0.036368
0.036188
0.035952
0.035282
0.034970
0.035010
0.035001
0.035221
0.035588
0.036138
0.036840
0.037313
0.037619
0.038250
0.038744
0.038860
0.039077
0.039158
0.039207
0.039234
0.039289
0.039367
0.039417
0.039454
0.039524
0.039612
0.039679
0.015352
0.015316
0.015193
0.015244
0.014869
0.014870
0.015149
0.015390
0.015192
0.015084
0.014653
0.013534
0.012919
0.012540
0.012407
0.012149
0.012213
0.012155
0.012526
0.012355
0.012577
0.012768
0.012856
0.012940
0.013005
0.013049
0.013008
0.012978
0.012567
0.012385
0.011444
0.011332
0.011127
0.011418
0.011899
0.012785
0.013690
0.014185
0.014445
0.014494
0.012218
0.011213
0.010409
0.010454
0.010246
0.010299
0.010186
0.010305
0.010224
0.010065
0.009899
0.009423
0.009267
0.009141
0.009059
0.008629
0.008115
0.007495
0.007013
0.006417
0.005804
0.005631
0.005096
0.005093
0.004801
0.004696
0.003994
0.003180
0.002685
0.002440
0.002373
0.002545
0.002773
0.003024
0.002814
0.002864
0.002390
0.001825
0.001398
0.000839
0.000354
0.000000
0.000206
0.000619
0.000860
0.000970
0.001218
0.001477
0.001772
0.002279
0.002569
0.002899
0.003389
0.003860
0.004224
0.004545
0.004789
0.005028
0.005198
0.005189
0.004898
0.005236
0.005448
0.006478
0.007002
0.007329
0.007370
0.007488
0.007301
0.007294
0.007415
0.007419
0.007316
0.006949
0.006060
0.005204
0.005108
0.006059
0.006114
0.006273
0.006424
0.006859
0.006761
0.006780
0.006903
0.006991
0.007053
0.007178
0.007524
0.007817
0.007595
0.007859
0.008090
0.008304
0.008341
0.008378
0.008276
0.007970
0.007865
0.007716
0.007692
0.007847
0.007802
0.007912
0.007865
0.007645
0.007471
0.007228
0.007196
0.007232
0.006789
0.006331
0.005727
0.005709
0.005466
0.005766
0.004486
0.003856
0.004182
0.004272
0.004247
0.004150
0.004444
0.004627
0.004893
0.005485
0.006589
0.007340
0.007991
0.008897
0.009818
0.010903
0.011393
0.011848
0.012248
0.012680
0.012932
0.013149
0.013126
0.012478
0.012373
0.012308
0.012097
0.012260
0.012119
0.011781
0.011735
0.011400
0.011186
0.010703
0.010002
0.009466
0.008859
0.008866
0.007949
0.007698
0.007497
0.007692
0.007756
0.007811
0.008098
0.008415
0.008253
0.007965
0.007584
0.007776
0.008198
0.008287
0.008573
0.008649
0.008617
0.008556
0.008598
0.008823
0.008545
0.008680
0.008687
0.008445
0.008365
0.008429
0.008191
0.007960
0.007535
0.007421
0.007185
0.007548
0.007852
0.007804
0.007550
0.007753
0.007771
0.007604
0.007639
0.007830
0.007943
0.008115
0.008488
0.008346
0.008636
0.008725
0.009039
0.009162
0.008962
0.008973
0.008952
0.008973
0.008981
0.008962
0.008845
0.009021
0.009098
0.009017
0.008891
0.008994
0.008999
0.008941
0.008864
0.008902
0.009129
0.009388
0.009610
0.009507
0.009147
0.009266
0.009050
0.009076
0.009088
0.009009
0.008895
0.009170
0.008916
0.008943
0.008994
0.008998
0.008703
0.008403
0.008287
0.007770
0.007161
0.006888
0.006260
0.005802
0.005667
0.005451
0.005516
0.005829
0.005879
0.005874
0.005427
0.005812
0.005987
0.006095
0.005966
0.006027
0.005839
0.005349
0.005598
0.005830
0.005863
0.006178
0.005767
0.005948
0.006740
0.006552
0.006514
0.006450
0.006310
0.006199
0.006034
0.006089
0.005927
0.005722
0.005464
0.005320
0.005251
0.005259
0.005158
0.004931
0.004992
0.005136
0.005057
0.004995
0.005125
0.005351
0.005636
0.006121
0.006984
0.006712
0.006663
0.006935
0.006608
0.007140
0.007326
0.007236
0.007289
0.007036
0.007008
0.006945
0.006947
0.054015
0.054417
0.054783
0.055637
0.055633
0.056105
0.056034
0.056663
0.056016
0.056080
0.055619
0.055292
0.055888
0.056245
0.056171
0.056512
0.056241
0.056053
0.056144
0.055510
0.054032
0.053812
0.053829
0.053454
0.053607
0.052958
0.053022
0.053228
0.052704
0.052386
0.052381
0.051951
0.051700
0.052154
0.052058
0.051872
0.052087
0.052212
0.052313
0.052407
0.052821
0.052888
0.053089
0.052649
0.053164
0.052562
0.053011
0.053084
0.052940
0.053417
0.053362
0.054442
0.055825
0.057076
0.058183
0.057381
0.057449
0.059265
0.060473
0.061069
0.060872
0.061634
0.061626
0.061472
0.062213
0.061662
0.061076
0.061577
0.062556
0.061416
0.061330
0.059421
0.060059
0.060116
0.061216
0.061483
0.061998
0.062038
0.062681
0.063331
0.064312
0.065240
0.065882
0.064960
0.064406
0.065238
0.064515
0.065825
0.065360
0.065078
0.065343
0.065081
0.066574
0.070230
0.068460
0.070849
0.067902
0.067827
0.067712
0.067617
0.068800
0.068712
0.069687
0.070994
0.071122
0.071617
0.072028
0.072252
0.070652
0.071479
0.072112
0.071329
0.070385
0.070266
0.070636
0.071311
0.071484
0.071195
0.071880
0.071234
0.071173
0.071770
0.071365
0.071923
0.071894
0.071624
0.071276
0.070760
0.070274
0.070335
0.070306
0.070654
0.070219
0.070851
0.071092
0.071426
0.071476
0.070395
0.070247
0.069252
0.069915
0.070857
0.069774
0.064122
0.064558
0.063777
0.063175
0.061649
0.060691
0.060857
0.061060
0.062379
0.061551
0.061902
0.061849
0.061864
0.061700
0.061491
0.059531
0.059462
0.060625
0.058590
0.058311
0.057926
0.058099
0.058107
0.058161
0.059559
0.059808
0.060157
0.059614
0.059905
0.059698
0.058449
0.058296
0.057987
0.057909
0.056977
0.055972
0.055289
0.054302
0.053566
0.053385
0.052039
0.052155
0.051675
0.051502
0.050894
0.051456
0.050515
0.049730
0.049020
0.048042
0.047794
0.047789
0.047453
0.046552
0.046609
0.047519
0.049788
0.050328
0.051106
0.053672
0.051979
0.051517
0.052584
0.053993
0.054012
0.054141
0.055001
0.055249
0.055075
0.055474
0.055305
0.055760
0.055016
0.055017
0.055117
0.055863
0.056453
0.055813
0.055981
0.056481
0.056496
0.056518
0.056088
0.056533
0.056102
0.057027
0.056113
0.056829
0.056701
0.057862
0.056560
0.056464
0.056187
0.056862
0.057393
0.057490
0.058140
0.058740
0.058522
0.056857
0.056773
0.056749
0.056946
0.057175
0.057281
0.057495
0.055813
0.056467
0.055242
0.056280
0.056590
0.055476
0.055111
0.056967
0.055595
0.056830
0.056708
0.057228
0.057006
0.057523
0.057575
0.057464
0.057144
0.057041
0.059480
0.060339
0.059754
0.060297
0.060051
0.060517
0.061056
0.063741
0.060298
0.059227
0.055796
0.054569
0.051542
0.059731
0.064135
0.064041
0.066774
0.068572
0.068213
0.068933
0.068470
0.070750
0.070081
0.073070
0.073456
0.073648
0.073643
0.073880
0.073986
0.073300
0.072295
0.071598
0.072264
0.072065
0.072017
0.071919
0.071069
0.070859
0.071063
0.070137
0.070660
0.070171
0.070064
0.070321
0.070428
0.072916
0.072447
0.072720
0.072633
0.072558
0.072561
0.072653
0.072492
0.072113
0.073056
0.070598
0.070813
0.071080
0.071297
0.071001
0.067784
0.067884
0.068007
0.068813
0.069024
0.068053
0.068819
0.069126
0.069225
0.069655
0.069638
0.069104
0.068332
0.066507
0.068399
0.066810
0.066875
0.068201
0.065994
0.067046
0.067056
0.066939
0.066280
0.064662
0.065647
0.063888
0.064607
0.063762
0.062950
0.064804
0.065965
0.066386
0.066897
0.066106
0.066701
0.063934
0.066678
0.065166
0.067531
0.067852
0.066245
0.066000
0.066025
0.065578
0.065467
0.065029
0.066776
0.069652
0.072523
0.073644
0.071944
0.070871
0.071788
0.072037
0.069372
0.069374
0.083274
0.084249
0.085690
0.089401
0.117789
0.114165
0.101324
0.095150
0.087300
0.081816
0.075811
0.070956
0.058182
0.052894
0.049478
0.046352
0.043646
0.042198
0.040529
0.039660
0.039449
0.039114
0.038644
0.038402
0.038493
0.038233
0.037436
0.036666
0.035892
0.035198
0.034363
0.033930
0.033669
0.033571
0.032901
0.033046
0.033014
0.033153
0.033160
0.033186
0.031823
0.032799
0.032925
0.032961
0.033210
0.033064
0.033203
0.033504
0.033449
0.033298
0.033165
0.033352
0.033609
0.033694
0.034361
0.034957
0.034949
0.035126
0.034873
0.035101
0.035514
0.036192
0.036413
0.036575
0.036691
0.036548
0.036621
0.036732
0.037047
0.036888
0.037476
0.037250
0.037272
0.037425
0.037140
0.036652
0.036331
0.036159
0.036161
0.035910
0.035236
0.035244
0.035862
0.036187
0.036356
0.036561
0.035863
0.036215
0.036616
0.036835
0.036927
0.037130
0.037255
0.037044
0.037027
0.036913
0.036726
0.036888
0.036692
0.036787
0.036949
0.037580
0.037495
0.037527
0.037220
0.037310
0.036867
0.036934
0.036821
0.037100
0.037111
0.037344
0.037631
0.037542
0.037421
0.037567
0.037631
0.037951
0.038036
0.037981
0.038048
0.038070
0.037966
0.037841
0.037820
0.037632
0.037870
0.038070
0.038116
0.037857
0.037937
0.037750
0.038002
0.037774
0.037994
0.037864
0.037636
0.037999
0.037385
0.037124
0.037316
0.036968
0.037662
0.038179
0.038197
0.037055
0.037273
0.037467
0.037737
0.037650
0.037105
0.037276
0.037319
0.037193
0.037195
0.037541
0.037692
0.037727
0.037887
0.037798
0.037909
0.038278
0.038157
0.038473
0.038573
0.038571
0.038622
0.038301
0.037826
0.037438
0.036907
0.036693
0.036252
0.036516
0.036701
0.036646
0.036147
0.036625
0.036694
0.036580
0.036968
0.037638
0.036996
0.037146
0.036891
0.036765
0.036862
0.036757
0.036775
0.036378
0.036599
0.036652
0.036822
0.036926
0.037096
0.037256
0.037159
0.037284
0.037322
0.037050
0.036978
0.037159
0.037381
0.037236
0.037089
0.036751
0.036651
0.036452
0.036572
0.036389
0.035710
0.035326
0.035338
0.035743
0.035917
0.035876
0.036312
0.036386
0.036618
0.036716
0.036849
0.036624
0.036432
0.036464
0.036835
0.036671
0.036618
0.036525
0.036476
0.036449
0.036400
0.036371
0.036468
0.036447
0.036311
0.036340
0.036276
0.036235
0.036227
0.036078
0.036224
0.036248
0.036331
0.036374
0.036122
0.036081
0.036093
0.036068
0.035952
0.036215
0.036080
0.036143
0.036291
0.036282
0.036388
0.036382
0.036213
0.036164
0.036486
0.036392
0.036499
0.036150
0.036073
0.035689
0.035838
0.035619
0.035585
0.035227
0.034973
0.035242
0.035723
0.035774
0.035729
0.035732
0.036158
0.036667
0.036833
0.037234
0.037556
0.037323
0.037319
0.037278
0.037413
0.037141
0.036961
0.036975
0.037037
0.037127
0.037240
0.037347
0.037353
0.037542
0.037608
0.037438
0.037261
0.037254
0.037345
0.037058
0.036916
0.036743
0.036819
0.036934
0.036862
0.036733
0.036680
0.036792
0.036796
0.036527
0.036325
0.036741
0.036693
0.036672
0.036619
0.036557
0.036577
0.036879
0.036212
0.036464
0.036798
0.036452
0.036721
0.036837
0.036871
0.036901
0.036618
0.036567
0.036559
0.036404
0.038343
0.038012
0.038461
0.038463
0.038279
0.038226
0.038143
0.038202
0.038355
0.038379
0.037986
0.038121
0.038047
0.038425
0.038168
0.038693
0.038596
0.038270
0.038281
0.038518
0.038316
0.038635
0.038918
0.038677
0.039012
0.039031
0.038704
0.038838
0.038422
0.038594
0.038628
0.038176
0.037888
0.038085
0.037765
0.037705
0.037701
0.037727
0.037717
0.037745
0.037840
0.037889
0.038098
0.038339
0.038148
0.037552
0.037692
0.037905
0.038085
0.038069
0.038200
0.038101
0.038155
0.038048
0.037857
0.038191
0.038348
0.038481
0.038526
0.038632
0.038615
0.038304
0.038035
0.038320
0.038165
0.038117
0.038173
0.038109
0.038114
0.037907
0.037776
0.037818
0.038108
0.038043
0.038311
0.038244
0.035753
0.034878
0.043278
0.060469
0.088436
0.124973
0.171504
0.228098
0.294796
0.369501
