0.206742
0.201054
0.193001
0.189898
0.184401
0.188866
0.167720
0.173232
0.170047
0.172529
0.150099
0.112442
0.095784
0.075530
0.173934
0.188209
0.190580
0.206283
0.318068
0.203206
0.274997
0.192150
0.136582
0.129537
0.130970
0.133754
0.137059
0.140410
0.136812
0.147605
0.146890
0.140737
0.127962
0.132330
0.123412
0.122684
0.130462
0.139094
0.144130
0.141493
0.148684
0.139462
0.139587
0.137135
0.135163
0.131723
0.131570
0.126459
0.132585
0.131942
0.132266
0.134806
0.131463
0.127331
0.129058
0.130158
0.126695
0.125799
0.136612
0.134182
0.137197
0.139135
0.137270
0.140601
0.142855
0.140930
0.150242
0.151796
0.144440
0.145497
0.140512
0.140043
0.138208
0.136835
0.138302
0.138850
0.139240
0.136974
0.138430
0.139978
0.141527
0.141029
0.151016
0.177845
0.204290
0.318827
0.389250
0.232369
0.128425
0.066602
0.117253
0.075009
0.065242
0.063417
0.061230
0.063342
0.072879
0.073348
0.074316
0.075570
0.076652
0.076383
0.075622
0.077548
0.075688
0.077238
0.076442
0.075650
0.075620
0.075484
0.075769
0.081634
0.082734
0.081202
0.081232
0.083607
0.082427
0.082022
0.082720
0.088553
0.078854
0.078895
0.079031
0.078877
0.080999
0.078861
0.078952
0.079842
0.079479
0.079765
0.080191
0.079749
0.079608
0.080488
0.080009
0.080539
0.079697
0.080109
0.079967
0.079303
0.083191
0.082981
0.083629
0.084558
0.084612
0.082236
0.083075
0.084169
0.085672
0.084129
0.084434
0.078199
0.089092
0.088620
0.086542
0.085782
0.085776
0.080939
0.079872
0.078830
0.080141
0.079598
0.079832
0.085286
0.082953
0.081907
0.082352
0.082399
0.082275
0.082862
0.080774
0.077776
0.080678
0.077030
0.076239
0.076928
0.080707
0.078068
0.080830
0.079067
0.080994
0.080140
0.080192
0.079370
0.079083
0.083852
0.083903
0.084654
0.084224
0.083515
0.082827
0.072089
0.072254
0.083803
0.085344
0.084748
0.086481
0.077312
0.077332
0.076978
0.075662
0.076766
0.074412
0.068393
0.068399
0.078322
0.078668
0.077339
0.078515
0.076374
0.076472
0.080941
0.081841
0.080566
0.083331
0.083600
0.082883
0.081713
0.083292
0.083721
0.082713
0.080679
0.080590
0.081370
0.079995
0.079875
0.080044
0.075908
0.075504
0.390129
0.390129
0.067280
0.067273
0.067125
0.066889
0.067077
0.067352
0.066578
0.066494
0.066931
0.066533
0.066228
0.066553
0.066937
0.066966
0.067202
0.066494
0.066815
0.066872
0.066562
0.067148
0.065262
0.065844
0.066613
0.065290
0.066423
0.065804
0.065703
0.065711
0.066080
0.066107
0.065546
0.065348
0.065264
0.065522
0.065820
0.065674
0.065828
0.065804
0.066266
0.065959
0.065985
0.066160
0.066987
0.066988
0.066862
0.066217
0.066183
0.066917
0.066417
0.066261
0.066813
0.066389
0.067684
0.067353
0.067478
0.066628
0.067447
0.067037
0.068096
0.067781
0.066945
0.067278
0.067415
0.067046
0.066983
0.067250
0.067135
0.067137
0.067747
0.067220
0.066808
0.067097
0.067381
0.066955
0.066969
0.066548
0.066720
0.066861
0.066488
0.068429
0.069050
0.067007
0.066090
0.066199
0.067559
0.066884
0.067505
0.066761
0.066708
0.063923
0.063690
0.062797
0.058119
0.072216
0.084576
0.089145
0.104414
0.101714
0.099198
0.136022
0.111604
0.112282
0.116199
0.112047
0.121205
0.114409
0.118159
0.124426
0.123929
0.115113
0.122903
0.115626
0.116903
0.128267
0.110124
0.117532
0.125761
0.118633
0.133729
0.106168
0.102859
0.104613
0.107912
0.135771
0.106740
0.108800
0.109781
0.113022
0.102026
0.096016
0.125065
0.115252
0.100578
0.096437
0.100178
0.111266
0.100080
0.094461
0.090419
0.128049
0.097657
0.101717
0.124393
0.096980
0.099556
0.098489
0.095281
0.124380
0.105309
0.087508
0.089055
0.098382
0.094118
0.087737
0.091793
0.101208
0.101088
0.096139
0.135778
0.097570
0.085805
0.086820
0.390129
0.390129
0.068388
0.067915
0.068317
0.068067
0.071443
0.073150
0.073369
0.072712
0.071541
0.072339
0.071447
0.074086
0.072170
0.070651
0.074855
0.074699
0.073689
0.075441
0.075643
0.072875
0.075243
0.074836
0.073403
0.074350
0.074127
0.075044
0.075216
0.074840
0.071236
0.074932
0.073832
0.073397
0.069484
0.070263
0.071096
0.075925
0.072596
0.072577
0.072303
0.072304
0.071066
0.072335
0.071324
0.070880
0.067566
0.073262
0.069012
0.066030
0.067499
0.066171
0.068683
0.070766
0.069519
0.068491
0.069463
0.064065
0.066558
0.065376
0.067121
0.067110
0.067214
0.066523
0.066160
0.066237
0.066171
0.070345
0.067562
0.068087
0.067569
0.065137
0.066847
0.067421
0.067681
0.067617
0.067580
0.066731
0.066317
0.066896
0.063464
0.061900
0.055450
0.070716
0.063085
0.061406
0.058972
0.069296
0.068535
0.067278
0.068637
0.068189
0.063100
0.063266
0.064168
0.065748
0.061492
0.060909
0.060960
0.060786
0.062363
0.060982
0.064630
0.058563
0.060741
0.061866
0.059032
0.057571
0.060232
0.059862
0.057179
0.057111
0.057015
0.058713
0.058541
0.059296
0.060865
0.057889
0.060738
0.061411
0.058670
0.057497
0.057352
0.060700
0.060556
0.061215
0.061780
0.059786
0.059693
0.057499
0.059333
0.058181
0.058177
0.060147
0.059384
0.058710
0.057314
0.058123
0.057557
0.057906
0.058681
0.058781
0.058894
0.061556
0.060452
0.058128
0.057888
0.058102
0.062885
0.061961
0.059129
0.058715
0.059280
0.059917
0.061776
0.061123
0.058986
0.062351
0.059172
0.062172
0.061083
0.061007
0.062348
0.063014
0.061391
0.060892
0.061662
0.060610
0.062156
0.061407
0.060627
0.060338
0.061095
0.060996
0.061282
0.059557
0.061463
0.059784
0.058118
0.061406
0.061710
0.064574
0.061146
0.062281
0.060787
0.061533
0.061952
0.089994
0.117050
0.132108
0.109553
0.106384
0.109848
0.112032
0.116539
0.115343
0.114360
0.115064
0.115733
0.105664
0.121525
0.230073
0.119846
0.121995
0.139522
0.118943
0.240604
0.122507
0.297991
0.120129
0.185174
0.131077
0.252326
0.195514
0.210021
0.114418
0.108948
0.122458
0.175425
0.258180
0.143870
0.130477
0.125419
0.119393
0.167251
0.190398
0.269578
0.117496
0.195217
0.128677
0.122642
0.218351
0.129739
0.132914
0.133519
0.243140
0.164642
0.290261
0.138598
0.238114
0.135507
0.136511
0.196549
0.166710
0.239849
0.297973
0.123352
0.138946
0.137891
0.191596
0.118185
0.245289
0.214526
0.243454
0.109083
0.246143
0.237921
0.185967
0.097493
0.206988
0.098461
0.093410
0.197449
0.102398
0.087603
0.096026
0.100637
0.110380
0.180796
0.097858
0.107155
0.235921
0.100425
0.100938
0.202733
0.094142
0.090493
0.084702
0.082451
0.166991
0.121756
0.104268
0.097884
0.091970
0.090457
0.081239
0.077558
0.078597
0.078170
0.079776
0.078270
0.082019
0.081240
0.085120
0.080900
0.081880
0.081711
0.089093
0.089054
0.085845
0.085375
0.090545
0.086675
0.085302
0.085551
0.092168
0.087214
0.088490
0.086671
0.086971
0.086275
0.086914
0.087027
0.089101
0.089108
0.087946
0.087661
0.085972
0.087128
0.086563
0.095460
0.094954
0.094862
0.093825
0.097742
0.093934
0.095562
0.086173
0.086127
0.087180
0.087467
0.093347
0.097082
0.095069
0.095055
0.093746
0.095944
0.100342
0.100040
0.101949
0.101905
0.086628
0.102411
0.097035
0.095998
0.102768
0.102829
0.103281
0.101857
0.101139
0.104039
0.103323
0.103171
0.102505
0.101318
0.104046
0.093289
0.099569
0.099554
0.097822
0.096587
0.096526
0.102077
0.098031
0.097002
0.098155
0.097091
0.095625
0.095307
0.095317
0.095302
0.096959
0.096488
0.097052
0.096321
0.097135
0.097000
0.098393
0.097799
0.097797
0.096915
0.099853
0.099721
0.098311
0.098036
0.099476
0.100470
0.099135
0.099245
0.098421
0.099786
0.100471
0.099184
0.099726
0.099672
0.101752
0.101991
0.099201
0.099232
0.098923
0.099267
0.100172
0.099058
0.098286
0.099648
0.099693
0.099836
0.098765
0.098917
0.099181
0.102067
0.101730
0.101483
0.100860
0.101976
0.100170
0.099661
0.100959
0.100567
0.100729
0.099233
0.098821
0.098221
0.098154
0.097852
0.096483
0.099168
0.100133
0.100567
0.099183
0.099411
0.100116
0.097962
0.097311
0.100586
0.102388
0.102472
0.100857
0.103583
0.107558
0.110075
0.109844
0.109667
0.109997
0.110118
0.111533
0.112958
0.113194
0.113121
0.112306
0.113607
0.116807
0.106120
0.096890
0.116406
0.115181
0.115137
0.114569
0.117516
0.097723
0.116516
0.116678
0.115420
0.114997
0.110871
0.114041
0.390129
0.390129
0.000025
0.000016
0.000016
0.000015
0.000016
0.000009
0.000000
0.000004
0.000007
0.000019
0.000028
0.000037
0.000056
0.000087
0.000125
0.000172
0.000223
0.000288
0.000363
0.000461
0.000568
0.000700
0.000866
0.001010
0.001203
0.001391
0.001642
0.001850
0.002036
0.002040
0.002042
0.002115
0.002216
0.002137
0.002199
0.002173
0.002241
0.002291
0.002314
0.002467
0.002487
0.002575
0.002673
0.002813
0.002866
0.003067
0.003110
0.003194
0.003288
0.003308
0.003327
0.003306
0.003321
0.003492
0.004697
0.009032
0.008854
0.018366
0.023163
0.036966
0.057450
0.067564
0.075015
0.073964
0.074666
0.074684
0.072591
0.073484
0.075333
0.075670
0.077234
0.077045
0.074835
0.073464
0.074295
0.074573
0.075116
0.074993
0.074948
0.070848
0.070558
0.070385
0.065047
0.064788
0.064136
0.065808
0.065565
0.066818
0.066614
0.067270
0.068309
0.067892
0.068789
0.067699
0.068772
0.073343
0.073513
0.074887
0.077886
0.073885
0.074773
0.076418
0.078069
0.076762
0.077006
0.076097
0.073949
0.074193
0.073189
0.087620
0.085401
0.086846
0.083832
0.070030
0.052792
0.055432
0.055779
0.055658
0.056501
0.056088
0.054717
0.054706
0.055166
0.055706
0.056307
0.056267
0.056693
0.056856
0.057043
0.057149
0.055907
0.055336
0.055684
0.054770
0.056163
0.056368
0.057049
0.057165
0.057266
0.056995
0.056009
0.057264
0.055829
0.056026
0.055562
0.056140
0.055378
0.056401
0.056078
0.056421
0.056959
0.056028
0.056219
0.056498
0.058228
0.056458
0.056697
0.057234
0.058464
0.058158
0.058445
0.057979
0.063181
0.067334
0.066390
0.066742
0.066242
0.059674
0.059483
0.059689
0.059572
0.059379
0.059079
0.058932
0.060103
0.059108
0.059100
0.058605
0.059131
0.058425
0.058382
0.060947
0.060758
0.059528
0.057988
0.060398
0.059398
0.060077
0.056931
0.056615
0.057103
0.056968
0.056961
0.057826
0.054423
0.049010
0.061134
0.125860
0.160368
0.170552
0.143726
0.126562
0.127838
0.127793
0.127625
0.127935
0.123393
0.122346
0.127363
0.119224
0.120374
0.128496
0.128963
0.118120
0.119542
0.127322
0.121692
0.123840
0.128849
0.128811
0.130001
0.129558
0.130119
0.129678
0.130294
0.125139
0.122998
0.130234
0.129533
0.127404
0.120170
0.124147
0.128888
0.127577
0.129515
0.128682
0.129110
0.129270
0.127268
0.138672
0.137505
0.136644
0.137743
0.138916
0.128865
0.130320
0.124941
0.123509
0.124152
0.127250
0.125400
0.126819
0.126746
0.126131
0.127643
0.126970
0.125244
0.125491
0.126771
0.126648
0.126862
0.129650
0.130211
0.129690
0.129418
0.129344
0.129413
0.129973
0.127196
0.127980
0.131204
0.128910
0.130837
0.128416
0.134519
0.126365
0.132542
0.132293
0.128909
0.130761
0.129675
0.128797
0.130876
0.128277
0.131745
0.129955
0.129224
0.130532
0.130056
0.130714
0.129898
0.129901
0.130786
0.130289
0.130696
0.131137
0.129691
0.130187
0.129888
0.128289
0.132048
0.126467
0.128934
0.132743
0.133156
0.132409
0.136778
0.135588
0.135149
0.132324
0.133233
0.133305
0.134009
0.130085
0.130990
0.131833
0.132701
0.132547
0.135073
0.134023
0.135041
0.134960
0.129256
0.136133
0.135513
0.129148
0.134341
0.131958
0.134538
0.134338
0.136492
0.132294
0.132134
0.132949
0.143348
0.142224
0.142804
0.133416
0.133631
0.157637
0.134764
0.132881
0.134947
0.131727
0.131813
0.130713
0.132570
0.135464
0.131789
0.133592
0.133959
0.132251
0.134148
0.132968
0.133884
0.132310
0.131285
0.134852
0.132390
0.132306
0.131470
0.133043
0.134963
0.133466
0.133725
0.136075
0.133470
0.138219
0.132078
0.118853
0.121044
0.120617
0.120894
0.113479
0.119741
0.119856
0.119855
0.115620
0.119578
0.119350
0.118948
0.119878
0.119642
0.118100
0.118414
0.117032
0.120238
0.117706
0.119863
0.117652
0.117248
0.117211
0.117626
0.116801
0.118738
0.117958
0.115797
0.118607
0.114902
0.115492
0.113390
0.114101
0.113974
0.113707
0.114074
0.115200
0.114827
0.112898
0.114695
0.112898
0.113242
0.114329
0.113099
0.113694
0.105842
0.116306
0.116487
0.115992
0.116058
0.106869
0.117261
0.118468
0.117822
0.117150
0.068705
0.119112
0.119041
0.067047
0.119159
0.117458
0.108882
0.108242
0.073063
0.073370
0.103481
0.097039
0.074112
0.073663
0.074521
0.075200
0.076773
0.078450
0.069853
0.077782
0.077537
0.077550
0.075670
0.075820
0.075810
0.076019
0.074746
0.089354
0.088616
0.074290
0.109216
0.074989
0.106188
0.108675
0.078032
0.107834
0.084421
0.084665
0.100377
0.107329
0.107999
0.079856
0.080636
0.078063
0.078657
0.076948
0.077169
0.077427
0.077630
0.077246
0.080520
0.080707
0.081194
0.080608
0.080924
0.080845
0.080720
0.081673
0.079958
0.079664
0.080001
0.080439
0.078518
0.079338
0.080308
0.081471
0.081390
0.081373
0.079198
0.079309
0.077865
0.077705
0.078304
0.072747
0.086517
0.096049
0.100982
0.104077
0.108690
0.118621
0.109062
0.110367
0.110203
0.108399
0.109156
0.111933
0.112722
0.113991
0.112937
0.111948
0.096156
0.096866
0.109578
0.095264
0.111783
0.115401
0.114812
0.114974
0.115499
0.116955
0.117134
0.114429
0.111769
0.113626
0.115679
0.113583
0.113579
0.111643
0.114973
0.115674
0.115026
0.115047
0.115166
0.116435
0.117422
0.116878
0.114846
0.115083
0.115040
0.115896
0.114804
0.114287
0.113987
0.114821
0.115464
0.112200
0.105931
0.113751
0.097888
0.098048
0.098048
0.096562
0.097416
0.098598
0.101218
0.095277
0.096529
0.097389
0.095366
0.098969
0.092209
0.102223
0.102489
0.102279
0.099698
0.100057
0.099232
0.095639
0.095774
0.090147
0.100237
0.094235
0.094354
0.104222
0.098497
0.091338
0.096646
0.087013
0.083285
0.091752
0.091852
0.088843
0.089892
0.083523
0.087981
0.091695
0.089251
0.089282
0.092201
0.089647
0.071381
0.075083
0.075085
0.076658
0.072821
0.080748
0.390129
0.390129
0.099246
0.100358
0.100688
0.099246
0.099523
0.100776
0.100853
0.099948
0.100292
0.099697
0.099611
0.099576
0.099285
0.098769
0.098695
0.098382
0.099654
0.099603
0.099643
0.099722
0.099598
0.099935
0.099529
0.099313
0.099129
0.099158
0.097775
0.099732
0.099178
0.099464
0.099310
0.098956
0.099218
0.098976
0.098587
0.098079
0.101837
0.098864
0.098864
0.098776
0.097741
0.098293
0.101932
0.097194
0.098292
0.100068
0.100279
0.099541
0.099316
0.100124
0.102091
0.102517
0.101098
0.102278
0.100269
0.100662
0.102110
0.101219
0.100906
0.101269
0.100825
0.101027
0.100910
0.102203
0.100355
0.101351
0.101665
0.100975
0.100984
0.101634
0.100906
0.101064
0.100294
0.101514
0.101857
0.101307
0.100684
0.101100
0.099652
0.100480
0.100080
0.100057
0.099906
0.098520
0.100208
0.101677
0.100047
0.098802
0.099582
0.099832
0.100590
0.098416
0.099350
0.099442
0.098414
0.099236
0.098216
0.099198
0.099151
0.097983
0.098861
0.098382
0.098897
0.098211
0.097968
0.099162
0.097811
0.097217
0.099450
0.099129
0.098337
0.098129
0.097216
0.099238
0.098373
0.098884
0.099499
0.390129
0.390129
0.072320
0.072553
0.072277
0.071986
0.073481
0.068724
0.067477
0.070318
0.071606
0.068348
0.067457
0.070981
0.071476
0.071035
0.070363
0.071756
0.071427
0.071188
0.070234
0.070241
0.069541
0.070978
0.071530
0.069487
0.072807
0.072109
0.072727
0.073150
0.071891
0.071664
0.072204
0.072461
0.069000
0.068884
0.072498
0.072342
0.072481
0.070553
0.070710
0.069815
0.071145
0.071537
0.070451
0.069240
0.068813
0.066437
0.062152
0.064474
0.063743
0.065390
0.062740
0.064625
0.062847
0.069469
0.069630
0.062082
0.063958
0.069068
0.064166
0.064657
0.063179
0.065312
0.064289
0.064556
0.064418
0.064633
0.064341
0.063839
0.063740
0.062895
0.064231
0.062875
0.064064
0.070032
0.062293
0.066198
0.068743
0.066525
0.065532
0.067944
0.062991
0.065618
0.063093
0.064220
0.065451
0.063558
0.063617
0.067153
0.063406
0.061356
0.064285
0.066441
0.064430
0.068147
0.065711
0.053837
0.063585
0.071818
0.082585
0.100425
0.109841
0.118795
0.120932
0.114127
0.102411
0.092947
0.127884
0.121225
0.105529
0.113874
0.114726
0.109582
0.103461
0.117849
0.114029
0.102448
0.112290
0.115111
0.107055
0.119627
0.120027
0.122627
0.116581
0.114940
0.113445
0.125787
0.120548
0.101377
0.103723
0.115135
0.120737
0.120668
0.117566
0.120812
0.095022
0.114624
0.102789
0.099889
0.112673
0.095633
0.098896
0.106606
0.105937
0.118004
0.098265
0.104888
0.122184
0.105884
0.096879
0.120622
0.104587
0.102595
0.104057
0.106691
0.099791
0.100805
0.103109
0.111423
0.100923
0.107584
0.121142
0.095076
0.090529
0.094170
0.059210
0.057582
0.060837
0.065215
0.063986
0.064639
0.064462
0.065504
0.064173
0.064908
0.064680
0.064849
0.064858
0.064997
0.063140
0.064609
0.065785
0.064512
0.064013
0.063819
0.065115
0.064864
0.064468
0.064944
0.065580
0.064136
0.064305
0.064343
0.064613
0.064598
0.063906
0.064988
0.063729
0.062703
0.064348
0.063313
0.064833
0.064156
0.062901
0.065870
0.065702
0.065120
0.065714
0.064261
0.063200
0.065773
0.063947
0.064137
0.064391
0.063752
0.063872
0.062968
0.064797
0.065433
0.065094
0.064817
0.064881
0.065166
0.063461
0.064008
0.064194
0.065123
0.066163
0.067404
0.066929
0.067569
0.066591
0.066326
0.066265
0.066304
0.067744
0.068393
0.068165
0.067877
0.066865
0.066241
0.067497
0.067147
0.067499
0.067552
0.068369
0.068770
0.067972
0.067369
0.066903
0.066148
0.066753
0.065963
0.067356
0.068146
0.067477
0.067561
0.050151
0.045225
0.044380
0.045593
0.048481
0.051216
0.055243
0.061343
0.063972
0.068402
0.070907
0.077676
0.079291
0.081837
0.084517
0.068788
0.085426
0.063276
0.062856
0.065201
0.065931
0.086390
0.079601
0.086403
0.082735
0.080174
0.080288
0.081767
0.080594
0.079904
0.082730
0.074420
0.083826
0.075659
0.075025
0.077338
0.097486
0.082267
0.098084
0.099082
0.099565
0.097795
0.098030
0.099687
0.097600
0.097543
0.093947
0.098922
0.101467
0.100225
0.098789
0.100628
0.101137
0.097490
0.099460
0.097981
0.100271
0.100874
0.099694
0.096993
0.095794
0.097400
0.097261
0.100689
0.101865
0.079921
0.101050
0.092577
0.097612
0.095237
0.095918
0.096081
0.078941
0.076888
0.076926
0.095481
0.091921
0.076150
0.076994
0.094857
0.057684
0.052533
0.055090
0.057794
0.093681
0.132393
0.173672
0.174673
0.173881
0.146406
0.112561
0.091983
0.077101
0.163866
0.190812
0.204754
0.195850
0.310993
0.207336
0.307695
0.174068
0.133571
0.127720
0.134492
0.131558
0.137722
0.131156
0.146000
0.148014
0.125403
0.130630
0.130615
0.128202
0.124253
0.128955
0.139011
0.135401
0.139997
0.139603
0.142052
0.139185
0.138467
0.137649
0.137603
0.131558
0.118494
0.120519
0.117277
0.128338
0.130838
0.131229
0.131006
0.132373
0.130650
0.132337
0.132682
0.132783
0.130545
0.132237
0.133134
0.138321
0.135796
0.139529
0.139231
0.142028
0.145586
0.151228
0.142911
0.135217
0.140903
0.136427
0.137932
0.136988
0.137375
0.139213
0.138672
0.137469
0.139195
0.138336
0.143568
0.141548
0.122834
0.165840
0.208933
0.388166
0.388997
0.268505
0.122632
0.096236
0.139241
0.110560
0.127045
0.135649
0.146152
0.167825
0.181752
0.202032
0.211115
0.215455
0.216039
0.215684
0.214098
0.213428
0.216231
0.216095
0.216392
