0.106949
0.098849
0.104445
0.101402
0.100820
0.096154
0.093151
0.094335
0.090426
0.092232
0.103245
0.102767
0.097995
0.103110
0.103118
0.101545
0.104275
0.102372
0.100794
0.102334
0.100278
0.103671
0.098872
0.103712
0.103443
0.103650
0.103703
0.102469
0.101779
0.117208
0.113356
0.128057
0.127343
0.110910
0.108878
0.108600
0.109045
0.107244
0.104780
0.110589
0.096498
0.100933
0.106598
0.105390
0.107452
0.109255
0.112758
0.112218
0.112409
0.111313
0.110998
0.110680
0.110653
0.109486
0.111873
0.113059
0.114970
0.116826
0.115760
0.114797
0.112860
0.115159
0.112819
0.112821
0.112036
0.111537
0.110787
0.118638
0.110941
0.114134
0.109547
0.109374
0.110914
0.111762
0.085331
0.087602
0.089094
0.082517
0.083585
0.086101
0.096733
0.084522
0.087775
0.085311
0.085799
0.088508
0.087535
0.079649
0.081489
0.087148
0.080424
0.084443
0.085704
0.082978
0.089907
0.079660
0.085218
0.082977
0.088622
0.086776
0.088621
0.092173
0.089561
0.086519
0.094087
0.084824
0.086027
0.089568
0.094246
0.112229
0.111514
0.110859
0.112902
0.107519
0.111117
0.107540
0.109500
0.113037
0.113982
0.114112
0.108306
0.108207
0.116371
0.116275
0.116711
0.116629
0.116059
0.116283
0.116015
0.116098
0.114903
0.116603
0.117543
0.118017
0.117984
0.116650
0.120908
0.117653
0.113795
0.115277
0.117525
0.113409
0.107205
0.104870
0.104810
0.109786
0.106446
0.105590
0.101490
0.106773
0.100904
0.095839
0.093573
0.099949
0.103787
0.099924
0.098063
0.092445
0.093069
0.098615
0.096051
0.090795
0.089124
0.094666
0.099645
0.093845
0.089137
0.089785
0.096732
0.100068
0.089229
0.089882
0.086116
0.087686
0.086141
0.086674
0.087335
0.086481
0.090006
0.087324
0.088507
0.088452
0.088589
0.090144
0.090307
0.088939
0.089340
0.088924
0.089227
0.090727
0.089859
0.089074
0.088897
0.061899
0.062644
0.071109
0.072828
0.066697
0.041465
0.037779
0.031864
0.013838
0.008994
0.005699
0.006320
0.003157
0.002841
0.002197
0.001493
0.000915
0.000285
0.000183
0.000105
0.000085
0.000088
0.000087
0.000086
0.000090
0.000096
0.000104
0.000099
0.000097
0.000097
0.000097
0.000090
0.000088
0.000087
0.000085
0.000071
0.000062
0.000058
0.000052
0.000030
0.000022
0.000020
0.000019
0.000011
0.000009
0.000009
0.000008
0.000000
0.000141
0.000141
0.000141
0.000141
0.000142
0.000142
0.080928
0.080194
0.080093
0.079163
0.079363
0.080313
0.080463
0.080198
0.080681
0.080575
0.077922
0.079590
0.082749
0.083902
0.083447
0.083203
0.085564
0.083321
0.082367
0.085167
0.094623
0.082862
0.089824
0.088637
0.090685
0.093247
0.085274
0.085354
0.087468
0.086909
0.088897
0.088841
0.089733
0.080280
0.084238
0.080489
0.090354
0.090018
0.090583
0.090416
0.087596
0.087502
0.090484
0.089924
0.088121
0.086146
0.087127
0.089573
0.090261
0.087140
0.087336
0.087416
0.087011
0.087058
0.087128
0.088002
0.087085
0.090306
0.090306
0.090327
0.090317
0.087888
0.087801
0.087915
0.087679
0.088441
0.088325
0.086786
0.087933
0.089280
0.091530
0.090069
0.088296
0.086341
0.086370
0.086018
0.086427
0.088404
0.088507
0.088912
0.089821
0.083147
0.088224
0.089872
0.089774
0.087477
0.086411
0.087746
0.087257
0.090473
0.089871
0.088661
0.085397
0.086241
0.086415
0.085398
0.085055
0.085906
0.085884
0.085887
0.085909
0.085908
0.081169
0.084627
0.082468
0.077890
0.074975
0.078068
0.078227
0.087302
0.082362
0.086861
0.086580
0.079006
0.074727
0.087870
0.082335
0.087456
0.074408
0.076796
0.072570
0.073812
0.077561
0.076079
0.078860
0.082151
0.065385
0.083792
0.092515
0.075972
0.073919
0.076798
0.069100
0.065500
0.074479
0.068232
0.070403
0.059963
0.069814
0.071582
0.081787
0.083895
0.075687
0.069236
0.084462
0.087345
0.075223
0.075684
0.075761
0.065102
0.078877
0.080098
0.095789
0.076014
0.071811
0.084486
0.078469
0.079300
0.078677
0.080039
0.087565
0.096183
0.093398
0.097912
0.099939
0.098557
0.096320
0.107563
0.100864
0.095224
0.091843
0.094804
0.099162
0.096471
0.099373
0.097582
0.092241
0.098281
0.092767
0.095766
0.096829
0.097156
0.095399
0.094598
0.099498
0.093589
0.097537
0.094975
0.096749
0.094543
0.095934
0.102372
0.095053
0.100336
0.099376
0.105212
0.102978
0.103911
0.097507
0.101165
0.099837
0.101509
0.103651
0.103882
0.101137
0.106536
0.105267
0.108435
0.101458
0.103424
0.103256
0.105907
0.108477
0.076061
0.074546
0.075460
0.080997
0.073304
0.071632
0.073356
0.072739
0.075236
0.073382
0.077717
0.074474
0.079089
0.077720
0.071861
0.080783
0.079207
0.079973
0.079609
0.080204
0.080002
0.077958
0.077766
0.076259
0.081034
0.076319
0.080863
0.075611
0.075041
0.072905
0.073746
0.073699
0.079083
0.080635
0.078968
0.080516
0.077459
0.079658
0.081506
0.078637
0.079849
0.078867
0.075865
0.078285
0.076270
0.077457
0.077679
0.078324
0.074522
0.078775
0.085807
0.077064
0.079364
0.140325
0.141791
0.137940
0.137282
0.140088
0.112938
0.150390
0.142797
0.140795
0.140285
0.139885
0.137241
0.139662
0.137625
0.131645
0.124587
0.122747
0.123377
0.123274
0.120140
0.119002
0.102620
0.120021
0.109073
0.104224
0.107834
0.112565
0.112315
0.116214
0.111931
0.111119
0.111370
0.111674
0.112626
0.112909
0.110645
0.113617
0.114287
0.119124
0.115928
0.117635
0.118784
0.126551
0.123141
0.126071
0.122106
0.119453
0.114231
0.107744
0.111428
0.107763
0.100805
0.099210
0.100252
0.099499
0.099271
0.097989
0.097094
0.096583
0.095503
0.097606
0.096889
0.095136
0.093315
0.092856
0.092162
0.091980
0.092905
0.091668
0.090796
0.091485
0.090573
0.090442
0.090133
0.088979
0.089513
0.090641
0.096912
0.089555
0.089773
0.097707
0.090396
0.090522
0.090646
0.098918
0.097948
0.089859
0.088943
0.075400
0.075426
0.072992
0.073281
0.076426
0.090680
0.082004
0.085746
0.091503
0.091348
0.097366
0.096765
0.088610
0.086961
0.085262
0.085144
0.078494
0.077604
0.079248
0.078905
0.078817
0.075175
0.075565
0.075982
0.076059
0.082538
0.081395
0.082329
0.081131
0.076641
0.073111
0.080214
0.080219
0.080912
0.081868
0.082249
0.082422
0.082800
0.085156
0.084202
0.085144
0.085075
0.084849
0.120952
0.117972
0.124577
0.122338
0.123681
0.123823
0.114687
0.114959
0.120561
0.121093
0.125142
0.117195
0.112143
0.111788
0.115214
0.109060
0.112556
0.116447
0.100825
0.114693
0.098914
0.109965
0.098893
0.112483
0.110384
0.108062
0.114065
0.118031
0.113272
0.113246
0.118606
0.116769
0.128639
0.129201
0.128934
0.127177
0.131305
0.127035
0.128984
0.128166
0.129605
0.130749
0.128888
0.125460
0.125260
0.124729
0.124932
0.126330
0.126227
0.126542
0.129017
0.128900
0.128451
0.128301
0.126481
0.126605
0.127388
0.128814
0.124607
0.122782
0.122856
0.121406
0.119224
0.112357
0.111786
0.113400
0.087505
0.088014
0.083950
0.079691
0.079056
0.080607
0.078633
0.078183
0.079640
0.076475
0.078677
0.085390
0.085375
0.085765
0.083215
0.083071
0.083884
0.083140
0.082553
0.086171
0.081435
0.080448
0.081621
0.080821
0.081577
0.081147
0.083149
0.079448
0.079645
0.080218
0.079708
0.083015
0.083403
0.082754
0.084399
0.083046
0.083508
0.081253
0.081059
0.082745
0.081493
0.080350
0.081355
0.083748
0.083740
0.082940
0.083199
0.084208
0.081949
0.079818
0.082557
0.083069
0.081618
0.081743
0.082378
0.083407
0.087628
0.082204
0.084109
0.086111
0.082358
0.082904
0.082742
0.083715
0.084172
0.085488
0.083157
0.081194
0.084702
0.085288
0.086232
0.085849
0.085937
0.088020
0.087458
0.088089
0.086255
0.087620
0.087009
0.085841
0.083000
0.081858
0.085151
0.090327
0.116959
0.118283
0.118997
0.126745
0.126027
0.121783
0.123625
0.124820
0.123550
0.136276
0.129510
0.129373
0.128615
0.131702
0.130211
0.128407
0.127920
0.125577
0.130119
0.135634
0.128446
0.135151
0.128488
0.122932
0.128806
0.119341
0.115950
0.119427
0.121984
0.114252
0.120813
0.099988
0.121084
0.118033
0.105791
0.101378
0.101679
0.099620
0.097996
0.101990
0.109664
0.110899
0.114462
0.114249
0.112067
0.114541
0.125780
0.114779
0.114438
0.118755
0.119605
0.116747
0.115087
0.115609
0.112828
0.118709
0.117021
0.118497
0.121034
0.118372
0.140932
0.142338
0.125724
0.124092
0.115725
0.116892
0.109947
0.111903
0.105213
0.107030
0.099389
0.099868
0.090243
0.091610
0.091902
0.090113
0.092220
0.092046
0.090767
0.090845
0.088033
0.087643
0.089719
0.090854
0.090330
0.087326
0.098247
0.097249
0.092948
0.093575
0.095715
0.091749
0.094470
0.087887
0.098215
0.096329
0.091522
0.094038
0.095605
0.098339
0.099976
0.101224
0.104497
0.101217
0.104976
0.103678
0.104355
0.102698
0.101672
0.098336
0.097964
0.099170
0.098936
0.100002
0.099035
0.098002
0.094796
0.092177
0.091464
0.088775
0.092228
0.088088
0.094060
0.094356
0.092229
0.081433
0.081945
0.094052
0.088541
0.090391
0.084914
0.095183
0.096602
0.094849
0.102093
0.106334
0.097872
0.096092
0.095921
0.100928
0.105784
0.102038
0.093237
0.102924
0.091842
0.099187
0.095979
0.088705
0.089291
0.096448
0.097719
0.094034
0.095140
0.090160
0.092593
0.092003
0.087499
0.093099
0.092961
0.090665
0.086165
0.084465
0.089655
0.081700
0.082073
0.081577
0.079078
0.078057
0.077063
0.079747
0.076857
0.081588
0.078925
0.081628
0.085778
0.086473
0.084372
0.086837
0.083836
0.087243
0.086811
0.080130
0.078948
0.077523
0.074970
0.077134
0.077345
0.075937
0.081725
0.082864
0.084211
0.081023
0.074099
0.085032
0.083332
0.080623
0.078691
0.080649
0.079285
0.076859
0.077164
0.076783
0.084529
0.084319
0.087074
0.092817
0.092055
0.086605
0.089935
0.083962
0.085677
0.088231
0.081363
0.086829
0.085981
0.085297
0.085575
0.083534
0.088348
0.093453
0.093987
0.087240
0.086964
0.089083
0.083058
0.083922
0.087030
0.121964
0.121589
0.114680
0.116405
0.119419
0.117969
0.117672
0.119030
0.125828
0.124417
0.123593
0.119409
0.108208
0.122107
0.115598
0.103343
0.093564
0.112572
0.116071
0.103451
0.109087
0.106785
0.110549
0.116009
0.112367
0.111632
0.105941
0.113763
0.117601
0.118032
0.119059
0.117951
0.116242
0.111484
0.120497
0.106024
0.107844
0.087927
0.098012
0.110682
0.114034
0.107285
0.110323
0.107574
0.105833
0.104290
0.110348
0.106274
0.107937
0.110676
0.111106
0.110564
0.109091
0.112887
0.110445
0.115294
0.114898
0.113873
0.114544
0.111633
0.112184
0.109388
0.103479
0.101023
0.100763
0.101320
0.099292
0.099130
0.099240
0.104164
0.101320
0.100616
0.099715
0.100012
0.098307
0.097348
0.097407
0.096252
0.172054
0.165529
0.163800
0.165660
0.161320
0.160193
0.139147
0.140406
0.108997
0.151699
0.150447
0.095998
0.148729
0.150452
0.144139
0.144738
0.142161
0.139602
0.140500
0.141966
0.133729
0.133376
0.141750
0.147936
0.129724
0.145581
0.150437
0.154041
0.155816
0.155308
0.141384
0.144511
0.154725
0.150942
0.148819
0.148240
0.072716
0.073954
0.072718
0.072281
0.068466
0.068870
0.069479
0.071227
0.072669
0.072730
0.071866
0.073817
0.073440
0.072262
0.072399
0.072272
0.072560
0.080900
0.082300
0.080205
0.079671
0.081076
0.079293
0.079360
0.078270
0.075966
0.077263
0.075537
0.076823
0.072565
0.076173
0.076706
0.075195
0.076562
0.075215
0.073645
0.073740
0.073727
0.073015
0.071583
0.073859
0.095129
0.095232
0.096629
0.092259
0.092202
0.090400
0.091016
0.098395
0.097409
0.096278
0.095866
0.089152
0.089769
0.088490
0.089505
0.093917
0.093780
0.084840
0.087113
0.087379
0.090860
0.090361
0.088729
0.094094
0.092855
0.094650
0.094538
0.093172
0.092367
0.095311
0.097227
0.096892
0.089301
0.100697
0.097947
0.096049
0.096633
0.100130
0.096582
0.096885
0.098095
0.100134
0.098548
0.097789
0.101593
0.095708
0.093327
0.099511
0.103606
0.112228
0.114045
0.110564
0.111440
0.111757
0.110893
0.112042
0.112077
0.109737
0.078201
0.079493
0.079411
0.078180
0.077992
0.077652
0.073269
0.075795
0.088974
0.076678
0.100429
0.089203
0.074937
0.070986
0.072328
0.071234
0.100475
0.082720
0.098535
0.100171
0.114910
0.117762
0.106034
0.105120
0.101313
0.096788
0.095603
0.095038
0.096564
0.087288
0.082772
0.084186
0.085018
0.085058
0.086407
0.086231
0.086760
0.089576
0.087429
0.091178
0.087344
0.088667
0.087932
0.088095
0.086921
0.087566
0.087685
0.087912
0.087924
0.087696
0.089609
0.088229
0.089325
0.087825
0.089642
0.087503
0.089633
0.089702
0.089913
0.089219
0.088421
0.089645
0.087700
0.088584
0.088764
0.088165
0.088127
0.088327
0.087960
0.088067
0.088081
0.087634
0.087519
0.087793
0.087857
0.087810
0.087666
0.088035
0.087996
0.087958
0.087937
0.088018
0.088057
0.087707
0.087732
0.087581
0.087467
0.087830
0.087893
0.087440
0.087672
0.087761
0.087635
0.087672
0.087334
0.087650
0.086977
0.087540
0.087579
0.087763
0.087444
0.087510
0.087476
0.087475
0.087241
0.087423
0.088478
0.087216
0.087019
0.087241
0.087418
0.087482
0.087458
0.087844
0.087700
0.088936
0.087354
0.088047
0.089464
0.090185
0.088665
0.090023
0.089821
0.089925
0.089729
0.089948
0.089819
0.089862
0.090710
0.089802
0.089935
0.090044
0.090322
0.090659
0.089467
0.152027
0.150412
0.150649
0.150664
0.150375
0.150975
0.151845
0.151790
0.150818
0.151755
0.150157
0.149561
0.149207
0.151500
0.151200
0.151368
0.150851
0.150274
0.149647
0.149744
0.149430
0.148526
0.145381
0.145505
0.143229
0.148982
0.149161
0.147592
0.150427
0.149076
0.151001
0.142564
0.150168
0.147844
0.149125
0.149046
0.151435
0.150158
0.149888
0.151989
0.151177
0.150636
0.150644
0.151068
0.142663
0.151308
0.150630
0.148046
0.150138
0.150780
0.148608
0.148041
0.147566
0.148043
0.145308
0.146314
0.148379
0.148311
0.146870
0.146027
0.145087
0.145790
0.148686
0.146514
0.147081
0.148783
0.149624
0.151120
0.149718
0.147947
0.150473
0.149753
0.148615
0.148669
0.149371
0.148835
0.148997
0.149038
0.150113
0.150367
0.149063
0.149063
0.149469
0.149228
0.149259
0.148661
0.149083
0.148642
0.149323
0.147908
0.149578
0.149020
0.149660
0.147994
